ID
45
351
1037
1038
1299
1320
1321
1322
1590
1900
1935
2216
2494
2495
3851
4695
5315
5738
5859
6973
6974
6977
7109
7164
7538
7554
7604
7605
8434
8822
8823
8825
8960
9769
10075
10477
10562
10882
10981
11336
11488
12244
12294
12523
13899
13945
14034
14035
14304
14305
14306
14308
14678
14688
15358
15359
15431
15726
16147
16148
16765
16767
16770
17332
17525
17613
17688
17743
18015
18235
18606
18713
19298
19902
19903
20184
20185
20885
20955
21047
21331
21389
21457
21683
21973
22490
22805
22949
23565
23592
23789
23862
23889
24829
25109
27106
27353
27479
29391
29392
30889
31093
31325
31349
31686
31697
32316
32738
32869
33162
33590
33673
34339
34418
34669
34867
34869
35032
35549
35561
35659
36103
36563
37027
37029
37576
37584
37586
37760
37870
37896
38150
38208
38301
38312
38597
38598
39925
40081
40117
40483
40703
40841
41696
42000
42006
42012
42152
42153
42154
42155
43098
43162
43163
43427
43436
43828
44248
44347
44846
44957
45025
45191
45578
45580
45964
45966
46054
46833
46834
46835
47576
47933
48090
48091
48252
48758
48958
48959
48964
49878
50079
51334
51492
51814
