IncLevel1	IncLevel2	IncLevelDifference
0.0	0.019,NA,NA,NA	-0.019
0.387	1.0,0.174,1.0,NA	-0.338
0.0	1.0,NA,NA,NA	-1.0
0.021	NA,0.0,NA,NA	0.021
0.689	0.709,0.231,0.417,0.281	0.279
0.0	0.49,0.032,0.078,0.086	-0.171
0.0	0.043,0.0,0.164,0.089	-0.074
0.548	1.0,1.0,1.0,1.0	-0.452
0.003	0.007,0.005,0.012,0.004	-0.004
1.0	0.528,1.0,1.0,1.0	0.118
0.01	0.0,0.032,0.036,0.026	-0.013
0.649	NA,0.649,1.0,NA	-0.175
0.791	0.611,0.278,0.642,0.31	0.331
0.938	0.881,0.789,0.882,0.957	0.061
0.803	0.527,0.177,0.406,0.69	0.353
0.162	0.076,0.02,0.065,0.071	0.104
0.0	NA,NA,NA,1.0	-1.0
0.77	1.0,NA,NA,1.0	-0.23
0.789	1.0,NA,NA,1.0	-0.211
0.93	1.0,NA,1.0,1.0	-0.07
0.0	0.147,0.0,NA,0.0	-0.049
0.357	1.0,NA,NA,NA	-0.643
0.0	0.007,0.0,0.0,0.016	-0.006
0.117	0.779,0.343,0.042,0.51	-0.302
0.915	1.0,0.83,1.0,1.0	-0.042
0.086	0.07,0.191,0.386,0.248	-0.138
0.086	0.07,0.105,0.239,0.248	-0.079
1.0	0.932,1.0,1.0,NA	0.023
1.0	0.055,NA,NA,NA	0.945
0.967	1.0,1.0,1.0,1.0	-0.033
0.733	1.0,1.0,0.889,1.0	-0.239
0.151	0.244,0.203,0.139,0.125	-0.027
0.446	0.492,0.744,0.293,0.0	0.064
0.756	1.0,1.0,1.0,1.0	-0.244
0.0	0.044,0.0,NA,0.0	-0.015
1.0	1.0,1.0,NA,0.267	0.244
1.0	0.86,1.0,NA,1.0	0.047
0.213	0.669,NA,NA,1.0	-0.622
0.708	0.197,0.0,NA,0.0	0.642
0.0	0.587,NA,NA,NA	-0.587
0.0	0.29,0.0,1.0,1.0	-0.573
1.0	0.786,1.0,1.0,1.0	0.053
0.97	1.0,1.0,1.0,1.0	-0.03
0.545	0.444,NA,NA,NA	0.101
0.0	1.0,NA,NA,NA	-1.0
1.0	0.722,NA,NA,0.0	0.639
0.994	0.999,0.994,1.0,1.0	-0.004
0.985	0.974,0.82,1.0,1.0	0.036
0.291	0.042,0.028,0.19,0.302	0.15
0.0	0.023,0.0,0.0,0.0	-0.006
1.0	0.956,1.0,1.0,1.0	0.011
0.685	1.0,0.868,0.909,0.849	-0.222
1.0	0.713,1.0,1.0,1.0	0.072
0.0	0.013,0.0,0.0,NA	-0.004
0.001	0.004,0.001,0.002,0.0	-0.001
1.0	0.716,1.0,1.0,1.0	0.071
1.0	1.0,1.0,0.0,1.0	0.25
0.013	0.131,0.093,0.434,0.079	-0.171
0.0	0.036,0.188,NA,NA	-0.112
1.0	0.037,NA,NA,NA	0.963
1.0	1.0,0.0,NA,1.0	0.333
1.0	1.0,0.329,1.0,1.0	0.168
0.019	0.065,0.015,0.052,0.039	-0.024
0.0	0.146,NA,NA,NA	-0.146
1.0	0.928,1.0,NA,1.0	0.024
1.0	0.967,0.738,1.0,NA	0.098
0.0	0.011,0.087,0.0,0.0	-0.024
1.0	0.988,1.0,NA,1.0	0.004
1.0	1.0,0.949,1.0,1.0	0.013
1.0	0.974,0.951,1.0,1.0	0.019
0.268	0.0,0.0,NA,NA	0.268
1.0	0.0,NA,NA,NA	1.0
1.0	0.958,1.0,1.0,1.0	0.01
1.0	0.601,1.0,0.201,1.0	0.299
0.475	0.878,NA,NA,NA	-0.403
1.0	0.459,0.0,1.0,1.0	0.385
0.0	1.0,0.0,1.0,0.151	-0.538
0.0	0.11,0.0,0.103,0.043	-0.064
0.047	0.0,0.105,0.0,0.198	-0.029
1.0	0.621,0.247,NA,0.0	0.711
0.0	0.315,0.0,NA,NA	-0.158
1.0	0.911,0.864,0.637,0.594	0.249
0.313	0.186,0.663,1.0,0.45	-0.262
1.0	0.809,NA,NA,NA	0.191
1.0	0.943,1.0,1.0,1.0	0.014
1.0	NA,0.0,NA,1.0	0.5
0.699	0.665,NA,NA,NA	0.034
0.0	0.009,0.0,NA,NA	-0.004
0.104	0.352,NA,NA,1.0	-0.572
0.407	0.492,1.0,0.492,1.0	-0.339
1.0	0.427,0.486,1.0,1.0	0.272
0.0	0.005,0.051,0.0,0.097	-0.038
0.476	0.773,0.0,1.0,0.732	-0.15
0.0	0.098,0.081,0.0,0.0	-0.045
1.0	0.962,1.0,NA,1.0	0.013
1.0	0.284,1.0,NA,1.0	0.239
1.0	0.478,1.0,NA,1.0	0.174
0.0	0.024,0.0,NA,0.0	-0.008
0.0	0.054,0.0,0.0,0.0	-0.013
0.0	0.392,0.0,NA,0.0	-0.131
0.091	0.175,0.062,0.023,0.109	-0.001
0.451	1.0,0.767,1.0,1.0	-0.491
1.0	1.0,1.0,0.889,1.0	0.028
0.074	0.075,0.094,0.055,0.07	0.001
0.2	0.126,0.064,0.0,0.0	0.153
0.0	0.017,0.0,0.0,0.0	-0.004
1.0	0.709,NA,NA,NA	0.291
0.0	0.035,0.0,NA,NA	-0.018
0.157	0.082,0.133,0.078,0.191	0.036
1.0	0.684,NA,NA,NA	0.316
0.21	0.328,0.516,0.441,0.202	-0.162
0.0	0.765,0.297,0.0,0.411	-0.368
0.325	0.194,1.0,1.0,1.0	-0.473
1.0	0.377,NA,NA,NA	0.623
0.884	0.843,1.0,1.0,1.0	-0.077
0.021	0.011,0.01,0.039,0.016	0.002
0.307	NA,NA,NA,0.0	0.307
0.05	0.053,0.025,0.016,0.0	0.027
0.023	0.02,0.025,0.0,0.01	0.009
0.046	0.029,0.034,0.048,0.091	-0.005
0.88	1.0,0.722,1.0,1.0	-0.05
0.236	0.297,0.0,0.035,0.595	0.004
0.662	0.954,0.658,0.71,0.669	-0.086
0.112	0.095,0.485,0.0,0.0	-0.033
0.815	0.423,0.595,0.524,1.0	0.179
0.025	0.038,0.0,0.014,0.028	0.005
0.844	0.525,0.815,1.0,1.0	0.009
1.0	0.987,1.0,1.0,1.0	0.003
0.945	1.0,1.0,1.0,1.0	-0.055
0.093	0.045,0.03,0.334,0.072	-0.027
0.944	1.0,1.0,1.0,0.898	-0.031
1.0	0.942,1.0,1.0,1.0	0.014
0.998	1.0,0.992,0.992,1.0	0.002
0.153	0.0,0.266,0.0,NA	0.064
0.584	0.484,0.393,0.752,1.0	-0.073
0.078	0.09,0.083,0.161,0.14	-0.04
1.0	0.991,1.0,1.0,NA	0.003
0.397	0.594,0.414,0.514,0.297	-0.058
0.0	0.043,0.0,NA,0.0	-0.014
0.302	0.054,0.0,NA,0.067	0.262
0.49	0.253,0.49,NA,NA	0.118
1.0	1.0,0.999,0.994,1.0	0.002
0.005	0.008,0.006,0.003,0.008	-0.001
1.0	0.874,1.0,1.0,1.0	0.031
0.984	1.0,0.972,1.0,1.0	-0.009
1.0	0.178,1.0,0.661,1.0	0.29
1.0	0.551,0.729,1.0,1.0	0.18
0.964	0.993,0.966,0.958,1.0	-0.015
1.0	0.982,1.0,1.0,1.0	0.004
0.703	0.922,1.0,1.0,1.0	-0.278
0.0	0.041,0.0,NA,0.0	-0.014
0.024	0.0,0.0,NA,0.0	0.024
1.0	1.0,1.0,1.0,0.764	0.059
0.891	0.952,0.833,0.861,0.899	0.005
0.035	0.032,0.038,0.053,0.026	-0.002
0.907	0.787,0.952,1.0,1.0	-0.028
1.0	0.953,1.0,1.0,1.0	0.012
1.0	0.954,1.0,1.0,1.0	0.012
1.0	0.955,1.0,1.0,1.0	0.011
1.0	1.0,1.0,1.0,0.458	0.135
0.957	1.0,0.758,1.0,1.0	0.017
0.013	0.026,0.006,0.021,0.0	-0.0
1.0	0.974,0.948,1.0,1.0	0.02
1.0	0.993,0.99,1.0,1.0	0.004
0.003	0.002,0.002,0.0,0.0	0.002
0.0	0.008,0.005,0.0,0.0	-0.003
0.0	0.01,0.011,0.0,0.0	-0.005
0.344	0.022,0.133,0.174,0.174	0.218
0.183	0.021,0.075,0.183,0.183	0.067
0.0	0.003,0.0,0.201,0.0	-0.051
1.0	0.506,1.0,1.0,NA	0.165
1.0	0.394,1.0,1.0,1.0	0.151
0.0	0.712,1.0,NA,NA	-0.856
0.004	0.023,0.006,0.005,0.005	-0.006
0.019	0.014,0.0,0.0,0.0	0.015
1.0	0.718,1.0,0.531,1.0	0.188
0.0	0.008,0.0,0.0,0.0	-0.002
1.0	0.937,1.0,0.0,NA	0.354
0.189	0.324,0.134,0.351,0.299	-0.088
1.0	1.0,1.0,0.975,1.0	0.006
1.0	1.0,0.654,1.0,1.0	0.087
1.0	1.0,0.353,1.0,1.0	0.162
0.513	0.592,0.197,0.474,0.459	0.083
0.371	0.514,1.0,NA,0.0	-0.134
0.811	1.0,1.0,0.794,1.0	-0.137
0.096	0.074,0.028,0.2,0.181	-0.025
0.404	1.0,1.0,1.0,1.0	-0.596
1.0	0.691,1.0,1.0,1.0	0.077
0.2	0.2,0.0,0.272,NA	0.043
0.994	1.0,1.0,1.0,1.0	-0.006
0.086	0.0,0.0,0.0,0.0	0.086
0.787	0.798,1.0,1.0,1.0	-0.162
0.0	0.012,0.0,NA,NA	-0.006
0.757	1.0,1.0,1.0,1.0	-0.243
1.0	0.0,NA,NA,NA	1.0
1.0	0.0,NA,NA,NA	1.0
0.022	0.041,0.008,0.0,0.009	0.007
1.0	NA,0.796,1.0,1.0	0.068
1.0	0.915,1.0,1.0,1.0	0.021
0.09	0.028,0.039,0.0,0.0	0.073
0.91	1.0,0.91,NA,1.0	-0.06
1.0	0.906,1.0,1.0,0.809	0.071
0.0	0.012,0.0,0.0,0.0	-0.003
1.0	NA,0.0,NA,1.0	0.5
0.247	0.845,0.305,0.397,0.305	-0.216
1.0	1.0,0.0,1.0,NA	0.333
0.092	0.0,0.092,0.0,0.0	0.069
0.188	0.261,0.0,0.0,0.128	0.091
1.0	0.162,0.589,1.0,0.928	0.33
0.963	1.0,0.951,1.0,1.0	-0.025
0.304	0.259,1.0,NA,0.0	-0.116
0.235	0.17,0.133,0.86,0.413	-0.159
0.803	0.877,1.0,1.0,0.884	-0.137
0.047	0.017,0.03,0.0,0.0	0.035
0.215	NA,1.0,NA,NA	-0.785
0.39	1.0,1.0,1.0,1.0	-0.61
0.69	1.0,1.0,1.0,1.0	-0.31
1.0	0.71,1.0,1.0,1.0	0.073
0.423	0.568,0.481,0.337,0.126	0.045
0.0	0.044,0.0,NA,0.0	-0.015
1.0	0.923,1.0,1.0,NA	0.026
0.76	0.786,1.0,0.836,0.876	-0.114
1.0	0.409,0.0,NA,NA	0.795
0.949	1.0,1.0,1.0,1.0	-0.051
1.0	0.962,1.0,1.0,1.0	0.01
0.042	0.179,0.0,0.106,0.052	-0.042
1.0	0.974,1.0,1.0,1.0	0.006
1.0	0.251,NA,NA,NA	0.749
0.973	1.0,0.984,1.0,1.0	-0.023
0.0	0.624,0.0,NA,NA	-0.312
0.909	1.0,1.0,0.83,0.646	0.04
1.0	1.0,NA,NA,0.417	0.291
1.0	1.0,0.697,NA,NA	0.151
0.0	0.04,NA,NA,NA	-0.04
1.0	0.651,1.0,1.0,1.0	0.087
0.274	0.0,NA,NA,0.0	0.274
0.0	0.198,0.0,0.0,0.372	-0.143
0.481	0.0,0.0,NA,0.0	0.481
1.0	0.917,0.954,1.0,0.886	0.061
1.0	0.85,NA,NA,NA	0.15
0.0	0.06,NA,NA,NA	-0.06
0.0	0.127,0.0,0.0,0.0	-0.032
0.995	1.0,0.998,1.0,1.0	-0.005
0.0	0.022,0.0,0.0,0.063	-0.021
1.0	0.463,1.0,1.0,NA	0.179
0.791	0.583,0.452,0.354,0.121	0.414
1.0	0.919,1.0,NA,1.0	0.027
1.0	0.926,1.0,1.0,1.0	0.018
1.0	1.0,1.0,1.0,0.363	0.159
1.0	0.181,1.0,1.0,1.0	0.205
0.0	0.161,0.045,0.0,0.0	-0.052
0.0	0.077,0.0,0.0,0.049	-0.032
1.0	0.943,NA,NA,NA	0.057
0.0	0.028,0.0,NA,0.0	-0.009
0.799	0.837,0.939,0.945,0.904	-0.107
0.0	0.008,0.0,0.0,0.0	-0.002
0.78	0.727,NA,0.307,0.0	0.435
0.012	0.015,0.0,0.0,0.0	0.008
0.207	0.388,0.106,0.191,0.358	-0.054
0.066	0.052,0.037,0.0,0.035	0.035
0.0	0.035,0.245,0.0,NA	-0.093
0.802	1.0,1.0,0.743,1.0	-0.134
0.949	1.0,1.0,1.0,1.0	-0.051
0.0	0.04,0.0,0.0,0.0	-0.01
0.0	0.088,0.0,0.0,0.0	-0.022
0.729	1.0,1.0,1.0,1.0	-0.271
0.0	0.055,0.0,NA,0.127	-0.061
0.284	0.549,0.63,0.656,0.57	-0.317
0.984	0.935,1.0,0.893,1.0	0.027
0.006	0.0,0.0,0.008,0.0	0.004
0.999	1.0,1.0,1.0,1.0	-0.001
0.494	0.051,0.229,0.075,0.196	0.356
0.015	0.0,0.005,0.016,0.0	0.01
0.466	1.0,1.0,NA,NA	-0.534
0.969	0.963,0.991,1.0,1.0	-0.019
0.0	0.097,0.147,0.034,0.111	-0.097
0.473	0.0,0.31,NA,1.0	0.036
0.887	0.928,0.836,0.936,0.904	-0.014
0.05	0.0,1.0,1.0,1.0	-0.7
0.136	NA,0.0,NA,0.0	0.136
1.0	0.988,1.0,1.0,1.0	0.003
0.0	0.015,0.0,NA,NA	-0.007
0.0	0.005,0.0,0.0,0.0	-0.001
1.0	0.0,NA,NA,NA	1.0
1.0	0.525,NA,NA,NA	0.475
0.0	0.812,NA,1.0,NA	-0.906
0.933	1.0,NA,NA,1.0	-0.067
0.0	0.098,0.0,0.0,0.0	-0.025
1.0	NA,0.0,NA,1.0	0.5
1.0	0.967,1.0,1.0,1.0	0.008
0.0	0.346,0.0,NA,NA	-0.173
0.018	0.022,0.002,0.019,0.025	0.001
1.0	0.938,0.969,0.974,1.0	0.03
1.0	0.577,0.112,NA,0.0	0.77
0.0	0.057,0.0,0.0,0.0	-0.014
0.973	1.0,1.0,1.0,1.0	-0.027
0.0	0.027,0.0,0.0,0.122	-0.037
0.0	0.038,0.0,NA,NA	-0.019
0.942	0.945,0.929,1.0,0.877	0.004
1.0	0.113,NA,NA,NA	0.887
0.0	0.0,0.257,NA,0.0	-0.086
0.687	0.637,1.0,1.0,NA	-0.192
0.892	0.845,1.0,1.0,1.0	-0.069
0.954	0.736,0.941,1.0,0.682	0.114
0.135	0.0,NA,NA,NA	0.135
1.0	0.0,NA,NA,NA	1.0
1.0	0.536,NA,NA,NA	0.464
1.0	0.898,NA,NA,1.0	0.051
0.988	0.98,0.987,0.94,1.0	0.011
0.0	0.0,0.015,0.0,0.0	-0.004
0.155	0.329,NA,NA,NA	-0.174
0.0	0.044,0.0,NA,NA	-0.022
0.0	0.055,NA,NA,NA	-0.055
0.847	0.565,0.955,1.0,0.819	0.012
0.0	0.153,0.0,0.0,NA	-0.051
0.159	0.194,0.292,0.081,0.419	-0.087
0.0	0.016,0.0,0.0,0.0	-0.004
0.985	1.0,1.0,1.0,1.0	-0.015
0.0	0.18,NA,NA,NA	-0.18
1.0	0.487,1.0,1.0,1.0	0.128
1.0	0.775,NA,NA,1.0	0.113
0.84	1.0,1.0,1.0,1.0	-0.16
0.858	0.255,0.695,1.0,0.835	0.162
1.0	0.269,0.293,NA,0.0	0.813
0.276	0.12,0.0,1.0,1.0	-0.254
0.079	0.0,0.0,0.0,0.0	0.079
0.139	0.642,0.35,0.0,0.0	-0.109
0.642	0.0,1.0,NA,0.0	0.309
0.363	0.391,NA,0.0,0.0	0.233
1.0	0.936,1.0,1.0,0.961	0.026
1.0	1.0,0.959,1.0,1.0	0.01
0.078	0.06,0.017,0.0,0.033	0.051
1.0	0.9,1.0,NA,1.0	0.033
0.243	0.633,0.445,0.0,1.0	-0.277
0.0	0.268,1.0,NA,NA	-0.634
0.327	0.549,1.0,NA,1.0	-0.523
0.951	0.979,1.0,1.0,0.903	-0.02
1.0	0.951,0.699,0.902,1.0	0.112
0.992	1.0,1.0,0.99,1.0	-0.006
0.033	0.022,0.06,0.071,0.081	-0.025
0.994	0.99,0.968,0.993,0.958	0.017
0.104	0.142,0.079,0.081,0.24	-0.032
1.0	1.0,0.493,0.493,1.0	0.254
0.0	0.001,0.0,0.0,0.0	-0.0
0.0	0.0,0.002,0.0,0.0	-0.001
0.014	0.012,0.031,0.031,0.016	-0.008
0.3	1.0,NA,1.0,1.0	-0.7
1.0	1.0,0.0,NA,1.0	0.333
0.501	1.0,NA,NA,1.0	-0.499
0.0	1.0,1.0,NA,NA	-1.0
0.947	1.0,1.0,1.0,1.0	-0.053
0.0	0.245,0.103,0.045,0.039	-0.108
1.0	0.99,1.0,1.0,1.0	0.002
0.978	0.988,0.878,0.903,0.926	0.054
0.546	0.286,0.0,1.0,NA	0.117
0.958	0.915,1.0,0.91,1.0	0.002
0.994	0.985,0.984,1.0,1.0	0.002
0.016	0.017,0.006,0.015,0.02	0.002
0.009	0.014,0.013,0.012,0.019	-0.005
0.072	0.115,0.091,0.119,0.153	-0.048
0.943	1.0,1.0,1.0,1.0	-0.057
0.556	0.424,0.448,0.699,1.0	-0.087
0.024	0.0,0.0,0.0,0.0	0.024
0.4	0.662,0.343,0.471,0.415	-0.073
0.814	1.0,1.0,1.0,0.46	-0.051
0.314	0.064,0.178,0.16,0.281	0.143
1.0	0.981,1.0,1.0,NA	0.006
0.04	0.0,0.0,0.154,0.0	0.002
0.0	0.123,0.0,0.0,0.0	-0.031
0.0	0.1,NA,1.0,0.0	-0.367
0.0	0.044,0.0,0.0,0.0	-0.011
0.984	1.0,1.0,1.0,1.0	-0.016
0.116	0.188,0.114,0.246,0.125	-0.052
0.777	0.801,0.58,0.696,0.834	0.049
0.122	0.0,0.0,0.0,0.0	0.122
0.073	0.108,0.021,0.072,0.15	-0.015
0.187	0.187,0.0,NA,NA	0.093
1.0	1.0,1.0,1.0,0.937	0.016
0.981	1.0,1.0,0.972,0.92	0.008
0.98	1.0,1.0,0.972,0.922	0.006
0.974	1.0,0.91,0.964,1.0	0.005
1.0	0.293,NA,NA,1.0	0.354
0.0	0.0,0.0,0.473,0.0	-0.118
1.0	0.106,NA,0.0,NA	0.947
0.416	0.451,0.398,0.573,0.606	-0.091
0.694	0.402,0.193,0.773,0.581	0.207
0.059	0.242,0.121,0.405,0.342	-0.219
0.344	0.325,0.476,0.63,0.893	-0.237
0.789	0.921,0.677,0.754,0.603	0.05
1.0	1.0,0.239,0.44,1.0	0.33
1.0	NA,0.215,1.0,0.597	0.396
1.0	0.503,NA,1.0,NA	0.248
1.0	1.0,1.0,0.881,1.0	0.03
1.0	1.0,1.0,0.881,NA	0.04
0.987	1.0,0.992,0.974,1.0	-0.005
0.012	0.0,0.056,0.176,0.0	-0.046
1.0	0.661,1.0,1.0,NA	0.113
0.223	0.195,0.162,0.137,0.128	0.068
0.337	0.121,0.529,1.0,1.0	-0.325
0.001	0.003,0.001,0.001,0.001	-0.001
1.0	0.0,0.69,NA,NA	0.655
1.0	0.985,1.0,0.937,0.888	0.048
0.221	0.501,0.0,0.274,0.0	0.027
0.506	0.209,0.354,0.38,0.35	0.183
1.0	0.905,1.0,1.0,1.0	0.024
0.988	0.985,1.0,1.0,1.0	-0.008
0.227	0.535,0.055,1.0,1.0	-0.42
0.039	0.086,0.0,0.099,0.08	-0.027
0.0	0.011,0.066,0.0,0.0	-0.019
0.775	0.777,1.0,1.0,1.0	-0.169
0.999	1.0,1.0,1.0,1.0	-0.001
0.0	0.135,0.0,0.0,NA	-0.045
0.999	1.0,1.0,1.0,1.0	-0.001
0.966	0.873,0.921,0.93,0.888	0.063
0.031	0.0,0.0,0.0,0.0	0.031
0.433	0.419,0.433,0.316,1.0	-0.109
0.983	0.985,1.0,1.0,1.0	-0.013
0.006	0.0,0.0,0.008,0.0	0.004
0.022	0.117,0.0,0.057,0.054	-0.035
0.122	0.316,NA,1.0,1.0	-0.65
0.0	0.096,NA,NA,NA	-0.096
0.0	1.0,NA,NA,NA	-1.0
0.023	0.115,0.022,0.026,0.012	-0.021
0.031	0.024,0.01,1.0,0.0	-0.228
0.042	0.02,0.018,1.0,0.0	-0.217
0.032	0.044,0.0,NA,0.0	0.017
0.027	0.0,0.0,0.0,0.0	0.027
0.026	0.0,0.0,0.14,0.0	-0.009
0.961	0.932,0.972,0.99,0.98	-0.008
0.978	0.992,1.0,1.0,1.0	-0.02
0.993	0.962,0.961,0.883,1.0	0.041
0.606	0.717,0.411,0.748,0.848	-0.075
0.944	1.0,0.66,1.0,0.772	0.086
0.133	0.035,0.02,0.015,0.044	0.105
0.002	0.002,0.005,0.0,0.0	0.0
0.575	0.392,0.547,0.463,0.156	0.185
0.993	0.993,0.986,1.0,0.978	0.004
0.073	0.026,0.049,0.195,0.0	0.005
0.985	0.987,0.967,0.973,0.986	0.007
0.073	0.026,0.081,0.077,0.025	0.021
0.87	0.682,0.695,0.841,0.709	0.138
0.989	0.991,1.0,0.976,0.921	0.017
0.997	0.989,0.985,0.977,0.966	0.018
0.992	0.951,0.943,0.957,0.934	0.046
0.859	0.788,0.684,0.903,0.931	0.032
0.032	0.0,0.037,0.132,0.036	-0.019
0.072	NA,0.0,0.219,0.0	-0.001
0.103	0.07,0.026,0.034,0.055	0.057
0.897	0.859,1.0,1.0,1.0	-0.068
1.0	0.919,1.0,1.0,1.0	0.02
1.0	0.245,1.0,NA,NA	0.377
1.0	0.255,1.0,NA,NA	0.373
0.255	0.132,0.406,NA,0.0	0.076
1.0	0.658,0.518,1.0,NA	0.275
0.981	1.0,1.0,1.0,1.0	-0.019
1.0	0.969,1.0,1.0,1.0	0.008
0.036	0.011,0.019,0.024,0.0	0.022
0.973	1.0,1.0,1.0,1.0	-0.027
0.093	0.049,0.0,NA,0.0	0.077
0.921	1.0,1.0,1.0,1.0	-0.079
1.0	0.935,1.0,1.0,1.0	0.016
0.792	0.81,0.776,NA,1.0	-0.07
1.0	0.722,1.0,NA,NA	0.139
0.099	0.445,0.737,0.0,1.0	-0.447
0.0	0.036,0.0,0.0,0.0	-0.009
1.0	0.933,1.0,0.823,1.0	0.061
0.64	1.0,1.0,0.704,1.0	-0.286
1.0	1.0,1.0,0.45,NA	0.183
0.178	0.145,0.197,0.183,0.171	0.004
0.0	0.041,0.0,0.0,0.0	-0.01
0.0	0.009,0.0,0.0,0.0	-0.002
0.386	0.053,NA,NA,NA	0.333
0.398	0.056,NA,NA,NA	0.342
1.0	0.768,1.0,NA,NA	0.116
1.0	0.864,1.0,NA,NA	0.068
0.0	0.036,0.0,NA,NA	-0.018
0.027	0.0,0.0,0.0,0.0	0.027
0.0	0.0,0.0,0.0,0.127	-0.032
0.394	0.226,0.0,NA,0.0	0.319
0.027	0.039,0.066,0.029,0.123	-0.037
0.85	0.808,0.606,1.0,1.0	-0.004
1.0	0.976,1.0,1.0,1.0	0.006
0.406	0.062,0.103,0.23,0.309	0.23
0.019	0.006,0.007,0.011,0.045	0.002
0.972	1.0,1.0,0.976,1.0	-0.022
0.044	0.089,0.016,0.041,0.019	0.003
1.0	0.747,0.45,NA,1.0	0.268
0.008	0.014,0.002,0.001,0.002	0.003
0.959	0.977,0.986,0.928,0.977	-0.008
0.993	0.991,1.0,1.0,0.966	0.004
0.935	1.0,0.856,0.856,0.68	0.087
0.619	0.651,0.796,0.577,0.485	-0.008
0.01	0.143,0.122,0.083,0.0	-0.077
1.0	NA,0.18,1.0,1.0	0.273
0.012	0.007,0.011,0.0,0.0	0.008
0.186	1.0,0.0,0.327,0.0	-0.146
0.757	0.836,0.405,1.0,0.645	0.035
0.517	0.361,0.394,0.234,0.445	0.159
0.432	0.234,0.486,0.043,0.506	0.115
0.815	0.85,0.81,1.0,0.845	-0.061
0.789	NA,1.0,NA,0.0	0.289
0.158	0.0,0.0,0.0,0.319	0.078
0.995	0.95,1.0,1.0,0.97	0.015
0.0	0.068,NA,NA,NA	-0.068
1.0	1.0,0.0,NA,NA	0.5
0.212	0.118,0.096,0.05,0.071	0.128
1.0	1.0,1.0,1.0,0.661	0.085
0.935	0.963,0.86,1.0,1.0	-0.021
0.35	0.278,1.0,0.255,0.146	-0.07
0.854	1.0,1.0,1.0,1.0	-0.146
0.83	1.0,1.0,1.0,1.0	-0.17
0.0	0.011,0.0,0.0,0.0	-0.003
0.0	0.027,0.0,NA,NA	-0.013
0.0	0.114,0.0,0.0,0.231	-0.086
1.0	0.843,NA,NA,NA	0.157
1.0	1.0,1.0,0.963,1.0	0.009
0.412	0.305,0.353,0.214,0.159	0.154
0.076	0.116,0.09,0.15,0.112	-0.041
0.948	0.96,0.844,0.917,0.879	0.048
0.594	0.536,0.571,0.399,0.448	0.105
0.07	0.049,0.0,0.054,0.178	-0.0
0.045	0.044,0.025,0.144,0.262	-0.074
0.859	0.785,1.0,1.0,1.0	-0.087
0.0	0.388,0.383,1.0,NA	-0.59
0.011	0.019,0.013,0.015,0.01	-0.003
0.018	0.028,0.012,0.017,0.004	0.003
1.0	0.0,NA,NA,0.0	1.0
1.0	0.974,1.0,1.0,1.0	0.006
0.073	0.091,0.029,0.071,0.155	-0.013
0.038	0.063,0.0,0.0,0.0	0.022
0.321	0.224,0.46,0.424,0.344	-0.042
0.287	1.0,NA,NA,1.0	-0.713
0.738	1.0,1.0,1.0,1.0	-0.262
0.11	0.063,0.028,0.096,0.105	0.037
1.0	0.071,0.0,0.0,NA	0.976
1.0	0.868,1.0,NA,NA	0.066
0.056	0.011,0.031,0.0,0.0	0.045
1.0	0.0,NA,NA,1.0	0.5
0.755	0.795,1.0,1.0,1.0	-0.194
1.0	0.351,1.0,NA,NA	0.325
0.054	0.077,0.077,0.107,0.145	-0.048
1.0	0.442,0.51,NA,1.0	0.349
0.723	0.758,1.0,NA,1.0	-0.196
0.71	0.803,1.0,NA,1.0	-0.224
1.0	1.0,0.812,1.0,1.0	0.047
1.0	1.0,1.0,0.987,0.992	0.005
1.0	NA,0.0,0.0,NA	1.0
0.995	0.989,0.996,0.996,0.998	0.0
0.352	0.543,1.0,NA,NA	-0.42
0.0	0.062,0.0,0.0,0.0	-0.015
0.047	0.213,0.0,0.0,0.11	-0.034
0.883	0.887,1.0,NA,1.0	-0.079
0.221	0.069,0.217,0.0,0.053	0.136
0.614	NA,1.0,1.0,1.0	-0.386
0.11	0.172,0.095,0.197,0.092	-0.029
0.003	0.018,0.0,0.0,0.007	-0.003
1.0	0.978,1.0,1.0,1.0	0.006
0.034	0.054,0.0,0.0,0.016	0.017
0.578	0.531,0.4,0.423,0.356	0.15
0.969	1.0,1.0,1.0,1.0	-0.031
1.0	1.0,1.0,1.0,0.945	0.014
0.185	0.362,0.0,1.0,0.362	-0.246
0.557	0.503,0.654,0.485,0.834	-0.062
0.0	0.007,0.007,0.0,0.0	-0.004
0.162	0.043,0.0,0.0,NA	0.148
0.007	0.003,0.0,0.0,0.006	0.005
0.0	1.0,NA,NA,NA	-1.0
0.0	0.054,0.025,1.0,0.0	-0.27
0.244	0.0,0.0,NA,NA	0.244
1.0	1.0,0.0,1.0,0.397	0.401
0.187	0.235,NA,NA,NA	-0.048
0.093	0.098,0.179,0.052,0.087	-0.011
0.065	0.0,0.088,0.48,0.146	-0.113
0.0	0.012,NA,NA,NA	-0.012
0.005	0.06,0.0,0.076,0.0	-0.029
0.98	1.0,0.981,1.0,0.957	-0.004
0.039	0.0,0.0,1.0,0.22	-0.266
1.0	1.0,1.0,1.0,0.955	0.011
0.05	0.048,0.0,0.0,0.0	0.038
0.095	0.2,0.035,0.252,0.111	-0.054
0.0	0.123,0.0,0.029,0.02	-0.043
0.916	0.916,0.771,0.716,1.0	0.065
0.022	0.0,0.071,0.15,0.0	-0.033
0.007	0.024,0.026,0.038,0.0	-0.015
0.081	0.061,0.0,NA,NA	0.051
1.0	0.991,0.993,1.0,1.0	0.004
0.011	0.0,0.028,0.0,0.0	0.004
0.256	1.0,1.0,0.408,NA	-0.547
0.866	0.898,0.83,0.875,0.947	-0.021
0.998	0.996,1.0,1.0,0.997	-0.0
0.98	0.959,0.996,1.0,0.963	0.0
0.003	0.007,0.002,0.003,0.002	-0.001
1.0	1.0,0.586,1.0,1.0	0.104
0.05	0.036,0.0,NA,0.0	0.038
0.501	0.463,0.0,NA,0.838	0.067
0.247	0.151,0.273,0.253,0.094	0.054
0.496	1.0,NA,NA,1.0	-0.504
0.779	0.848,0.8,0.724,0.875	-0.033
0.213	0.09,0.0,0.107,0.137	0.13
1.0	0.52,0.0,0.351,1.0	0.532
0.826	0.877,0.748,0.854,0.727	0.024
1.0	1.0,1.0,0.965,0.965	0.018
0.076	0.112,0.045,0.018,0.065	0.016
1.0	1.0,0.922,1.0,1.0	0.019
1.0	NA,0.955,1.0,1.0	0.015
0.123	0.125,0.386,0.095,0.144	-0.065
0.912	0.965,1.0,1.0,1.0	-0.079
0.048	0.054,0.0,0.0,0.0	0.035
1.0	0.92,1.0,1.0,1.0	0.02
0.995	0.92,0.966,0.992,1.0	0.025
0.0	0.057,0.0,0.0,0.0	-0.014
0.05	0.0,0.0,0.0,0.0	0.05
1.0	0.979,1.0,1.0,1.0	0.005
0.0	0.022,0.0,0.0,0.0	-0.005
0.925	0.797,0.694,0.796,0.792	0.155
0.369	0.193,0.144,0.203,0.298	0.159
1.0	0.51,1.0,1.0,1.0	0.123
1.0	0.565,1.0,1.0,1.0	0.109
0.452	0.945,1.0,1.0,NA	-0.53
0.0	0.037,0.0,0.052,0.0	-0.022
0.061	0.0,0.0,0.0,0.0	0.061
0.425	1.0,1.0,1.0,1.0	-0.575
0.522	0.222,0.108,0.3,0.447	0.253
0.451	0.116,0.12,0.489,0.17	0.227
0.0	0.02,0.042,0.0,0.0	-0.015
0.0	0.171,0.0,1.0,0.0	-0.293
0.0	0.188,0.0,NA,0.0	-0.063
0.07	0.05,0.255,0.0,0.485	-0.128
1.0	0.48,0.293,1.0,1.0	0.307
1.0	0.0,NA,NA,NA	1.0
0.04	0.106,0.047,0.036,0.029	-0.014
0.937	1.0,1.0,1.0,1.0	-0.063
0.0	0.157,0.0,NA,0.0	-0.052
0.908	1.0,1.0,1.0,1.0	-0.092
0.026	0.006,0.002,0.03,0.077	-0.003
0.998	1.0,1.0,1.0,1.0	-0.002
0.931	0.966,0.962,1.0,1.0	-0.051
0.0	0.162,0.0,0.363,0.0	-0.131
0.016	0.0,0.135,0.013,0.125	-0.052
0.565	0.649,0.594,0.382,0.71	-0.019
1.0	1.0,0.924,1.0,0.943	0.033
0.883	0.895,0.791,0.879,1.0	-0.008
0.744	1.0,1.0,1.0,1.0	-0.256
1.0	1.0,1.0,1.0,0.555	0.111
0.046	0.087,0.434,1.0,0.39	-0.432
0.95	0.873,1.0,1.0,1.0	-0.018
1.0	0.797,0.914,1.0,1.0	0.072
0.021	0.051,0.0,0.0,0.054	-0.005
0.052	0.05,0.009,0.067,0.072	0.002
1.0	0.747,1.0,1.0,1.0	0.063
1.0	1.0,1.0,0.434,1.0	0.141
0.375	1.0,0.68,0.603,0.711	-0.374
0.144	1.0,NA,NA,NA	-0.856
0.0	0.019,0.019,0.054,0.0	-0.023
0.055	0.0,0.04,0.016,0.033	0.033
1.0	NA,1.0,0.932,1.0	0.023
0.281	0.254,0.189,0.174,0.179	0.082
0.98	1.0,0.974,1.0,1.0	-0.014
0.37	0.577,0.261,0.471,0.548	-0.094
0.905	0.864,0.543,0.905,1.0	0.077
0.938	1.0,1.0,0.974,0.977	-0.05
0.616	0.706,0.639,0.595,0.433	0.023
1.0	0.984,1.0,1.0,1.0	0.004
0.999	0.999,0.999,0.999,0.998	0.0
0.0	1.0,NA,NA,NA	-1.0
1.0	0.98,1.0,1.0,1.0	0.005
1.0	0.963,1.0,1.0,1.0	0.009
1.0	0.882,1.0,1.0,1.0	0.029
0.045	0.0,0.0,0.0,0.0	0.045
1.0	1.0,1.0,0.0,NA	0.333
0.971	0.967,0.881,0.98,0.981	0.019
0.983	1.0,0.969,0.952,0.969	0.011
1.0	0.446,0.0,0.0,NA	0.851
0.185	0.116,0.153,0.0,0.0	0.118
1.0	0.979,1.0,0.983,1.0	0.009
0.0	0.0,0.0,0.009,0.023	-0.008
0.047	0.0,0.0,0.0,0.0	0.047
0.0	0.0,0.0,0.0,0.291	-0.073
0.078	0.024,NA,NA,0.0	0.066
0.043	0.041,0.026,0.085,0.0	0.005
0.705	1.0,0.0,0.8,0.8	0.055
1.0	0.977,1.0,1.0,1.0	0.006
1.0	1.0,0.314,1.0,1.0	0.171
0.0	0.638,1.0,NA,NA	-0.819
1.0	0.829,1.0,1.0,1.0	0.043
0.0	0.149,0.0,0.0,NA	-0.05
0.043	0.052,0.031,0.086,0.076	-0.018
0.99	1.0,1.0,1.0,0.898	0.015
0.995	1.0,1.0,1.0,0.947	0.008
0.872	0.784,0.862,0.781,0.908	0.038
0.013	0.012,0.023,0.013,0.013	-0.002
0.992	0.99,0.988,0.997,0.998	-0.001
0.978	0.987,0.974,0.977,0.976	-0.0
0.998	0.998,0.997,1.0,0.999	-0.001
0.995	1.0,1.0,0.996,0.998	-0.003
0.486	1.0,1.0,0.0,0.654	-0.177
0.483	NA,0.483,1.0,1.0	-0.345
1.0	0.948,1.0,NA,1.0	0.017
0.0	0.053,0.0,NA,NA	-0.026
0.941	1.0,0.962,0.933,1.0	-0.033
0.481	0.313,0.392,0.63,0.579	0.003
0.014	0.014,0.0,0.0,0.019	0.006
0.996	0.997,0.989,0.996,0.992	0.002
0.111	0.092,0.086,0.076,0.044	0.037
0.527	0.078,0.308,0.0,0.245	0.369
0.971	1.0,0.93,0.962,1.0	-0.002
0.008	0.004,0.002,0.012,0.007	0.002
0.424	0.55,0.29,0.473,0.775	-0.098
0.887	0.968,0.947,0.91,0.978	-0.064
0.975	0.978,0.985,0.991,0.974	-0.007
0.887	0.659,0.798,0.94,0.81	0.085
0.151	0.12,0.013,0.0,0.101	0.092
0.776	0.565,0.573,NA,1.0	0.063
0.185	0.132,0.016,0.0,0.126	0.116
0.815	0.59,0.631,NA,1.0	0.075
0.95	0.904,0.99,1.0,1.0	-0.024
0.935	0.909,1.0,1.0,1.0	-0.042
0.062	0.111,0.022,0.077,0.06	-0.006
0.052	0.0,0.123,0.0,0.0	0.021
0.035	0.048,0.033,0.038,0.083	-0.015
0.953	0.657,1.0,0.731,0.712	0.178
0.35	0.476,0.298,0.068,0.185	0.093
0.335	0.787,0.275,0.251,0.327	-0.075
0.996	0.989,0.995,0.984,1.0	0.004
0.0	0.131,NA,NA,NA	-0.131
0.872	1.0,1.0,1.0,1.0	-0.128
0.953	1.0,0.883,1.0,1.0	-0.018
0.697	0.601,0.688,1.0,1.0	-0.125
0.154	0.0,0.063,0.105,0.067	0.095
1.0	1.0,0.944,NA,1.0	0.019
0.439	0.0,0.712,0.712,0.0	0.083
1.0	0.995,1.0,1.0,1.0	0.001
0.629	0.0,0.119,0.404,0.0	0.498
0.007	0.019,0.0,0.0,0.0	0.002
0.382	0.353,0.225,0.168,0.11	0.168
0.0	0.011,0.0,NA,0.0	-0.004
0.989	0.982,1.0,0.922,0.874	0.044
0.019	0.023,0.021,0.027,0.021	-0.004
0.717	1.0,1.0,1.0,0.503	-0.159
0.843	1.0,1.0,NA,0.703	-0.058
1.0	0.946,1.0,0.0,1.0	0.264
0.072	0.105,0.042,0.117,0.209	-0.046
0.062	0.109,0.0,0.099,0.249	-0.052
1.0	0.0,NA,NA,NA	1.0
0.794	0.325,0.0,0.0,NA	0.686
0.223	0.183,0.349,0.275,0.14	-0.014
0.992	0.978,0.99,1.0,0.986	0.004
1.0	0.947,1.0,1.0,1.0	0.013
1.0	0.926,0.972,1.0,1.0	0.025
0.0	0.045,0.065,0.0,0.0	-0.028
1.0	1.0,0.379,1.0,1.0	0.155
0.869	0.798,0.879,0.902,0.949	-0.013
0.713	NA,1.0,NA,1.0	-0.287
0.908	0.793,1.0,1.0,1.0	-0.04
0.733	1.0,0.668,0.746,0.551	-0.008
1.0	1.0,0.998,1.0,1.0	0.0
1.0	0.207,0.0,NA,0.0	0.931
1.0	0.522,1.0,1.0,1.0	0.119
0.899	1.0,1.0,1.0,1.0	-0.101
0.015	0.01,0.008,0.015,0.019	0.002
1.0	1.0,0.602,1.0,1.0	0.1
0.0	1.0,1.0,NA,NA	-1.0
0.043	1.0,0.421,0.0,0.0	-0.312
0.195	0.311,0.117,0.441,0.415	-0.126
1.0	1.0,0.296,1.0,1.0	0.176
0.984	1.0,0.992,1.0,1.0	-0.014
0.984	1.0,0.986,1.0,0.986	-0.009
1.0	1.0,0.984,1.0,1.0	0.004
0.0	0.12,0.0,NA,0.0	-0.04
0.053	0.023,0.0,0.02,0.074	0.024
0.532	0.532,0.0,1.0,NA	0.021
1.0	NA,0.0,NA,NA	1.0
0.0	0.162,0.0,0.026,0.191	-0.095
0.89	1.0,0.801,0.88,1.0	-0.03
0.413	1.0,NA,1.0,NA	-0.587
0.625	1.0,1.0,1.0,1.0	-0.375
0.44	1.0,NA,1.0,NA	-0.56
0.647	1.0,1.0,1.0,1.0	-0.353
0.678	1.0,1.0,0.703,1.0	-0.248
1.0	0.556,NA,NA,NA	0.444
1.0	0.516,NA,1.0,NA	0.242
1.0	0.899,1.0,1.0,1.0	0.025
0.37	NA,NA,1.0,NA	-0.63
0.564	1.0,1.0,1.0,1.0	-0.436
1.0	0.899,1.0,1.0,1.0	0.025
1.0	0.964,1.0,1.0,1.0	0.009
0.561	0.434,0.63,NA,1.0	-0.127
1.0	0.823,1.0,1.0,1.0	0.044
1.0	0.946,1.0,1.0,1.0	0.014
0.294	0.322,0.714,0.0,0.675	-0.134
1.0	0.689,1.0,1.0,0.714	0.149
1.0	0.237,0.287,NA,1.0	0.492
0.0	0.279,NA,NA,NA	-0.279
0.225	0.162,1.0,NA,NA	-0.356
1.0	0.952,1.0,NA,NA	0.024
0.184	0.18,0.256,0.167,0.114	0.005
0.0	0.037,0.007,0.0,0.0	-0.011
0.004	0.004,0.006,0.007,0.007	-0.002
0.0	0.0,0.0,0.0,0.18	-0.045
1.0	0.973,0.939,1.0,0.786	0.076
0.048	0.063,0.031,0.051,0.047	0.0
0.036	0.0,0.0,0.0,0.015	0.032
0.234	0.0,NA,NA,0.0	0.234
0.0	0.022,0.0,0.0,0.0	-0.005
0.0	0.325,0.243,NA,NA	-0.284
1.0	0.964,1.0,0.834,1.0	0.05
0.623	0.577,1.0,NA,1.0	-0.236
0.584	1.0,1.0,1.0,1.0	-0.416
0.0	0.576,1.0,NA,1.0	-0.859
1.0	0.791,1.0,NA,NA	0.105
0.486	0.57,1.0,NA,1.0	-0.371
1.0	0.851,NA,NA,NA	0.149
0.304	0.754,0.0,NA,NA	-0.073
0.425	0.747,0.526,1.0,1.0	-0.393
1.0	0.701,1.0,1.0,1.0	0.075
0.0	0.198,NA,0.0,0.0	-0.066
1.0	1.0,1.0,0.961,1.0	0.01
0.0	NA,1.0,NA,NA	-1.0
1.0	0.973,1.0,1.0,1.0	0.007
0.0	0.035,0.0,0.0,0.0	-0.009
0.0	0.0,0.051,0.0,0.0	-0.013
0.034	0.066,0.069,0.0,0.0	0.0
0.0	0.006,0.013,0.0,0.0	-0.005
0.0	0.006,0.0,0.0,0.0	-0.002
0.078	0.255,0.062,0.094,0.267	-0.092
0.592	1.0,0.421,1.0,1.0	-0.263
0.993	0.99,0.985,1.0,1.0	-0.001
0.992	1.0,1.0,0.988,0.985	-0.001
0.947	0.961,0.983,0.965,0.967	-0.022
0.823	0.882,0.889,0.877,0.906	-0.066
1.0	0.98,1.0,0.912,0.939	0.042
1.0	1.0,1.0,1.0,0.981	0.005
0.993	0.947,0.95,1.0,0.994	0.02
0.96	1.0,0.98,0.981,0.973	-0.023
0.053	0.0,0.0,0.0,0.0	0.053
1.0	0.929,0.913,1.0,0.667	0.123
1.0	1.0,1.0,1.0,0.904	0.024
0.0	0.116,0.0,NA,NA	-0.058
0.973	1.0,1.0,1.0,1.0	-0.027
0.641	0.498,0.203,0.0,0.641	0.305
0.835	0.713,0.808,0.898,1.0	-0.02
0.373	0.407,0.346,0.176,0.107	0.114
0.811	0.748,0.944,0.872,0.836	-0.039
0.569	0.194,0.382,NA,NA	0.281
0.029	0.0,0.0,0.083,0.0	0.008
0.0	0.07,0.062,0.0,0.0	-0.033
0.046	0.012,0.0,0.031,0.019	0.03
0.0	0.016,0.0,NA,NA	-0.008
0.073	0.075,0.184,0.0,0.0	0.008
0.575	NA,0.73,NA,NA	-0.155
0.058	0.0,0.046,0.044,0.085	0.014
0.0	0.0,0.058,0.0,NA	-0.019
0.022	0.0,0.0,0.011,0.0	0.019
1.0	0.654,NA,NA,NA	0.346
0.038	0.018,0.013,0.0,0.0	0.03
0.0	0.006,0.0,0.0,0.0	-0.002
0.161	0.198,0.175,0.186,0.148	-0.016
1.0	0.584,1.0,1.0,1.0	0.104
0.382	0.382,1.0,0.31,0.053	-0.054
0.271	0.648,0.046,0.0,0.0	0.098
0.997	1.0,1.0,1.0,1.0	-0.003
1.0	0.866,1.0,NA,NA	0.067
0.721	0.918,0.623,0.787,0.831	-0.069
0.907	0.957,0.935,0.949,1.0	-0.053
0.954	0.969,0.976,0.969,1.0	-0.024
0.088	0.125,0.042,0.113,0.249	-0.044
0.485	0.728,NA,NA,NA	-0.243
0.886	1.0,1.0,1.0,1.0	-0.114
0.0	1.0,NA,0.0,0.492	-0.497
0.169	0.049,0.15,0.028,0.122	0.082
0.171	1.0,1.0,1.0,1.0	-0.829
0.735	0.0,0.331,0.409,0.0	0.55
0.408	0.458,0.267,0.237,0.36	0.077
0.982	1.0,0.947,0.935,1.0	0.011
0.041	0.019,0.006,0.0,0.0	0.035
1.0	0.954,0.984,1.0,0.97	0.023
0.621	0.389,0.584,0.467,0.612	0.108
0.0	0.063,0.042,0.0,0.047	-0.038
0.017	0.0,0.035,0.061,0.025	-0.013
0.203	0.121,0.103,0.0,0.0	0.147
1.0	0.516,NA,NA,NA	0.484
0.994	1.0,1.0,1.0,1.0	-0.006
0.0	0.012,0.031,0.0,0.0	-0.011
0.0	1.0,1.0,NA,NA	-1.0
0.007	0.019,0.038,0.043,0.036	-0.027
1.0	0.967,NA,NA,1.0	0.016
0.905	0.77,0.879,1.0,0.862	0.027
0.984	0.916,0.846,1.0,0.915	0.065
0.179	0.156,0.073,0.079,0.161	0.062
0.001	0.005,0.003,0.0,0.0	-0.001
1.0	1.0,1.0,1.0,0.999	0.0
0.606	0.374,NA,1.0,0.672	-0.076
0.996	0.996,1.0,1.0,1.0	-0.003
1.0	0.991,1.0,0.994,1.0	0.004
1.0	0.88,1.0,0.634,1.0	0.122
0.003	0.013,0.006,0.0,0.048	-0.014
0.176	0.207,0.595,1.0,0.329	-0.357
0.972	1.0,1.0,1.0,1.0	-0.028
0.88	1.0,0.817,0.608,0.463	0.158
0.989	0.977,1.0,1.0,0.986	-0.002
0.932	0.958,0.872,1.0,0.841	0.014
0.0	0.189,0.149,0.0,0.0	-0.084
0.009	0.027,0.043,0.0,0.0	-0.008
1.0	1.0,0.616,1.0,0.828	0.139
0.96	0.886,1.0,0.836,0.872	0.061
0.971	1.0,1.0,0.827,1.0	0.014
0.997	0.984,1.0,0.983,0.99	0.008
0.129	0.027,0.036,0.116,0.094	0.061
0.017	0.003,0.012,0.003,0.0	0.013
0.031	0.043,0.008,0.031,0.067	-0.006
0.959	1.0,1.0,0.987,1.0	-0.038
0.0	1.0,NA,NA,NA	-1.0
0.26	0.379,0.201,0.167,0.111	0.045
0.429	1.0,NA,1.0,NA	-0.571
0.953	0.921,1.0,1.0,0.968	-0.019
0.165	0.743,0.0,0.071,0.345	-0.125
0.538	NA,0.0,NA,NA	0.538
1.0	1.0,1.0,0.779,0.289	0.233
0.662	1.0,NA,1.0,1.0	-0.338
0.416	0.117,0.27,1.0,1.0	-0.181
0.21	0.394,0.496,0.216,0.0	-0.067
0.75	1.0,1.0,1.0,NA	-0.25
0.995	1.0,1.0,0.958,1.0	0.005
0.692	1.0,1.0,1.0,1.0	-0.308
0.971	0.918,0.809,0.813,0.931	0.103
0.0	0.0,NA,0.084,0.0	-0.028
1.0	1.0,1.0,1.0,1.0	0.0
1.0	1.0,1.0,1.0,1.0	0.0
0.0	0.049,0.0,0.0,0.0	-0.012
0.019	0.021,0.025,0.011,0.0	0.005
0.085	0.173,0.028,0.13,0.116	-0.027
0.043	0.082,0.021,0.142,0.055	-0.032
0.575	0.816,0.572,0.627,0.681	-0.099
0.015	0.015,0.0,0.0,0.0	0.011
0.988	1.0,0.989,1.0,1.0	-0.009
0.093	0.066,0.138,0.125,0.228	-0.046
0.666	1.0,0.776,0.639,0.922	-0.168
1.0	0.971,1.0,1.0,1.0	0.007
0.0	0.05,0.119,NA,0.0	-0.056
1.0	0.95,1.0,1.0,1.0	0.012
0.106	0.415,0.108,0.0,0.271	-0.093
0.035	0.211,0.311,0.0,0.0	-0.096
0.6	0.586,0.787,1.0,1.0	-0.243
0.006	0.069,0.0,0.0,0.0	-0.011
1.0	0.949,1.0,1.0,1.0	0.013
1.0	1.0,1.0,0.975,1.0	0.006
1.0	0.0,NA,NA,0.0	1.0
1.0	0.988,1.0,1.0,1.0	0.003
0.0	0.038,0.045,NA,0.0	-0.028
0.008	0.014,0.009,0.057,0.0	-0.012
0.957	1.0,1.0,1.0,1.0	-0.043
0.012	0.015,0.0,0.0,0.0	0.008
1.0	0.922,1.0,1.0,1.0	0.019
1.0	0.948,1.0,1.0,1.0	0.013
0.0	0.072,0.0,0.0,0.0	-0.018
1.0	1.0,NA,1.0,0.0	0.333
0.0	0.048,0.0,NA,0.0	-0.016
0.937	0.974,0.981,0.955,0.943	-0.026
1.0	0.946,1.0,1.0,1.0	0.014
0.934	0.864,0.769,0.972,1.0	0.033
1.0	0.907,1.0,1.0,1.0	0.023
0.899	0.791,0.679,0.927,1.0	0.05
0.524	0.634,0.128,0.423,NA	0.129
1.0	0.932,1.0,1.0,0.914	0.038
1.0	1.0,1.0,1.0,0.776	0.056
1.0	0.947,1.0,1.0,1.0	0.013
0.0	0.021,0.0,NA,0.0	-0.007
0.956	0.979,1.0,1.0,1.0	-0.039
0.373	0.324,0.316,0.341,0.228	0.071
0.709	0.686,0.721,0.737,0.511	0.045
0.0	0.135,0.0,0.0,0.0	-0.034
1.0	0.951,1.0,NA,1.0	0.016
0.671	1.0,1.0,0.405,NA	-0.131
0.905	1.0,1.0,1.0,1.0	-0.095
0.099	0.18,0.0,0.0,1.0	-0.196
0.011	0.026,0.015,0.022,0.027	-0.011
0.0	0.316,0.0,NA,NA	-0.158
0.074	0.107,0.052,0.072,0.098	-0.008
0.0	0.0,0.006,0.0,0.0	-0.002
1.0	0.829,0.708,1.0,0.708	0.189
0.257	0.16,0.209,0.284,0.519	-0.036
0.875	0.787,0.723,1.0,0.536	0.114
0.358	0.48,0.0,NA,NA	0.118
1.0	0.746,1.0,NA,NA	0.127
0.779	1.0,NA,NA,1.0	-0.221
0.01	0.034,0.013,0.014,0.0	-0.005
0.0	NA,NA,1.0,NA	-1.0
0.03	0.093,0.14,0.21,0.0	-0.081
0.012	0.028,0.014,0.005,0.0	0.0
0.015	0.033,0.038,0.066,0.025	-0.026
0.168	1.0,1.0,NA,NA	-0.832
0.687	1.0,1.0,1.0,1.0	-0.313
1.0	1.0,1.0,0.986,0.974	0.01
0.981	0.97,0.951,0.971,0.966	0.017
0.057	0.0,0.0,0.0,0.0	0.057
0.857	1.0,1.0,1.0,1.0	-0.143
0.0	0.0,0.009,0.0,0.0	-0.002
0.0	0.0,0.209,0.0,0.442	-0.163
1.0	0.771,1.0,1.0,1.0	0.057
0.0	0.032,0.0,0.0,0.0	-0.008
0.0	0.049,0.0,0.0,0.0	-0.012
1.0	1.0,1.0,0.931,1.0	0.017
1.0	1.0,0.661,1.0,1.0	0.085
1.0	1.0,0.795,1.0,1.0	0.051
0.0	0.03,0.0,0.0,0.0	-0.007
0.75	0.781,0.733,0.936,0.855	-0.076
0.364	0.479,0.014,0.451,0.293	0.055
0.0	0.009,0.058,0.0,0.0	-0.017
0.967	1.0,1.0,1.0,1.0	-0.033
0.0	0.0,0.049,0.0,0.0	-0.012
0.132	0.154,0.154,0.353,0.0	-0.033
0.748	0.889,0.756,0.195,0.559	0.148
0.0	0.722,0.342,0.0,0.0	-0.266
0.732	0.171,0.578,0.423,0.71	0.262
0.729	0.907,0.952,0.867,0.959	-0.192
0.0	0.167,NA,0.0,NA	-0.084
0.012	0.0,0.0,0.0,0.0	0.012
0.009	0.014,0.005,0.0,0.0	0.004
0.974	1.0,1.0,0.722,0.91	0.066
1.0	1.0,1.0,1.0,0.914	0.021
0.998	1.0,1.0,1.0,1.0	-0.002
0.963	1.0,1.0,1.0,1.0	-0.037
0.031	0.007,0.057,0.034,0.104	-0.02
0.004	0.008,0.01,0.012,0.009	-0.006
0.57	0.686,0.611,1.0,0.692	-0.177
1.0	0.813,1.0,1.0,1.0	0.047
1.0	0.813,1.0,1.0,1.0	0.047
0.978	0.928,0.977,0.974,0.949	0.021
0.0	0.0,0.015,0.0,0.029	-0.011
0.696	1.0,0.525,0.624,0.0	0.159
0.174	NA,1.0,NA,NA	-0.826
0.0	0.0,0.476,NA,NA	-0.238
0.241	NA,NA,NA,1.0	-0.759
0.144	0.151,0.058,0.095,0.034	0.059
1.0	0.634,1.0,NA,NA	0.183
0.679	1.0,NA,NA,NA	-0.321
0.954	1.0,1.0,1.0,1.0	-0.046
0.051	0.048,0.0,0.171,0.277	-0.073
0.023	0.024,0.0,0.0,0.0	0.017
0.247	1.0,1.0,NA,1.0	-0.753
0.963	0.991,0.979,0.992,0.996	-0.026
0.78	0.527,0.587,1.0,0.415	0.148
0.919	1.0,1.0,1.0,0.966	-0.073
1.0	0.238,0.203,1.0,1.0	0.39
0.0	0.024,0.0,0.0,0.0	-0.006
0.25	0.036,0.0,0.624,0.399	-0.015
0.467	0.099,0.447,0.539,1.0	-0.054
0.511	1.0,1.0,1.0,1.0	-0.489
1.0	0.984,NA,1.0,1.0	0.005
0.061	0.022,0.052,0.067,0.066	0.009
1.0	1.0,1.0,1.0,0.982	0.004
0.899	0.873,0.933,0.896,0.941	-0.012
0.063	0.092,0.052,0.071,0.076	-0.01
1.0	NA,0.075,NA,NA	0.925
0.0	1.0,NA,NA,NA	-1.0
0.009	0.032,0.0,0.0,0.0	0.001
0.534	0.648,0.443,0.495,0.395	0.039
1.0	NA,0.661,1.0,1.0	0.113
0.644	0.562,0.831,0.693,0.634	-0.036
0.0	0.018,0.0,0.0,0.0	-0.004
0.064	0.113,0.061,0.069,0.089	-0.019
0.748	0.747,0.486,1.0,0.806	-0.012
1.0	0.998,0.995,1.0,1.0	0.002
1.0	1.0,1.0,0.985,0.987	0.007
0.993	0.993,0.996,1.0,1.0	-0.004
0.843	1.0,1.0,1.0,1.0	-0.157
0.994	1.0,1.0,1.0,0.957	0.005
0.994	1.0,1.0,1.0,0.988	-0.003
0.676	0.428,0.706,1.0,1.0	-0.107
1.0	0.885,0.771,NA,1.0	0.115
0.0	0.283,NA,NA,NA	-0.283
0.059	1.0,0.224,0.0,1.0	-0.497
1.0	0.423,NA,NA,NA	0.577
1.0	1.0,0.806,NA,1.0	0.065
0.0	0.156,0.0,0.0,0.0	-0.039
0.822	0.851,0.942,1.0,0.954	-0.115
0.441	0.219,0.487,0.321,0.489	0.062
0.021	0.016,0.011,0.0,0.0	0.014
0.914	0.955,0.939,0.988,0.959	-0.046
0.0	0.072,0.182,0.401,NA	-0.218
0.429	1.0,1.0,0.738,0.53	-0.388
0.0	0.0,0.0,0.0,0.035	-0.009
0.036	0.06,0.045,0.0,0.0	0.01
0.017	0.087,0.0,0.098,0.246	-0.091
0.974	0.883,0.928,0.857,0.954	0.069
0.079	0.0,0.423,0.197,0.423	-0.182
0.605	0.65,0.247,0.568,1.0	-0.011
0.0	0.006,0.0,1.0,0.0	-0.252
0.805	1.0,0.925,0.704,0.661	-0.017
0.0	0.022,0.0,NA,NA	-0.011
0.96	1.0,1.0,1.0,1.0	-0.04
0.993	1.0,1.0,1.0,1.0	-0.007
0.901	0.686,1.0,1.0,1.0	-0.02
0.0	0.0,0.0,0.117,0.0	-0.029
0.986	1.0,1.0,1.0,1.0	-0.014
0.856	0.971,1.0,1.0,0.556	-0.026
0.0	0.0,0.0,0.275,NA	-0.092
0.919	0.89,1.0,1.0,1.0	-0.053
0.106	0.237,0.155,0.256,0.15	-0.094
0.984	1.0,1.0,1.0,0.983	-0.012
0.1	0.186,0.033,0.077,0.083	0.005
0.699	0.815,0.887,0.792,0.777	-0.119
0.02	0.0,0.0,0.067,0.0	0.003
0.602	0.862,0.854,0.843,1.0	-0.288
1.0	1.0,0.971,1.0,1.0	0.007
1.0	1.0,1.0,NA,0.608	0.131
0.0	0.0,0.183,0.23,0.0	-0.103
0.741	0.788,1.0,1.0,1.0	-0.206
0.024	0.03,0.024,0.032,0.035	-0.006
0.045	0.077,0.054,0.068,0.104	-0.031
0.79	0.892,0.794,1.0,0.204	0.068
0.91	1.0,1.0,NA,1.0	-0.09
1.0	0.474,NA,NA,NA	0.526
0.361	0.0,0.0,NA,0.0	0.361
1.0	0.921,1.0,1.0,1.0	0.02
0.721	0.562,0.771,1.0,1.0	-0.112
0.0	0.008,0.0,0.0,0.0	-0.002
0.964	1.0,1.0,1.0,1.0	-0.036
1.0	1.0,1.0,1.0,0.85	0.037
0.457	0.716,0.391,0.622,0.558	-0.115
0.177	0.516,0.0,0.086,0.286	-0.045
1.0	0.953,NA,NA,NA	0.047
1.0	1.0,NA,NA,0.0	0.5
0.025	0.037,0.004,0.03,0.036	-0.002
0.098	0.081,0.031,0.022,0.022	0.059
0.0	0.001,0.0,0.0,0.0	-0.0
0.948	0.963,0.967,0.84,1.0	0.005
0.622	0.817,0.638,0.533,0.486	0.003
0.444	0.705,1.0,NA,0.374	-0.249
0.424	0.568,0.598,0.626,0.962	-0.264
0.027	0.011,0.014,0.016,0.019	0.012
0.0	0.024,0.021,0.0,0.0	-0.011
0.971	0.981,1.0,1.0,1.0	-0.024
0.012	0.0,0.0,0.0,0.0	0.012
0.875	1.0,1.0,1.0,1.0	-0.125
0.967	1.0,1.0,1.0,1.0	-0.033
0.992	1.0,1.0,1.0,1.0	-0.008
0.104	0.0,0.057,0.034,0.052	0.068
0.099	0.496,0.0,0.187,0.0	-0.072
0.606	1.0,1.0,NA,1.0	-0.394
1.0	0.0,0.0,0.0,NA	1.0
0.508	0.795,0.787,0.84,0.447	-0.209
0.214	0.214,0.154,0.0,0.179	0.077
0.853	0.932,0.977,0.809,1.0	-0.077
0.085	0.293,0.08,0.08,0.096	-0.052
1.0	0.806,0.606,NA,1.0	0.196
1.0	1.0,1.0,1.0,0.722	0.07
1.0	0.987,1.0,1.0,1.0	0.003
0.319	0.442,0.25,0.323,0.297	-0.009
1.0	1.0,0.859,1.0,1.0	0.035
1.0	1.0,0.855,1.0,1.0	0.036
0.258	0.303,1.0,0.466,0.545	-0.321
0.199	1.0,1.0,NA,NA	-0.801
0.032	0.0,0.0,0.0,0.0	0.032
0.01	0.06,0.0,0.0,0.014	-0.008
0.116	0.133,0.095,0.139,0.22	-0.031
0.0	0.038,0.0,0.0,0.0	-0.009
0.0	0.039,0.0,0.0,0.0	-0.01
1.0	0.948,1.0,1.0,1.0	0.013
0.015	0.009,0.004,0.021,0.113	-0.022
0.023	0.033,0.007,0.015,0.012	0.006
0.076	NA,1.0,NA,0.359	-0.604
0.71	0.4,0.229,0.572,0.308	0.333
0.033	0.184,0.038,0.292,0.054	-0.109
1.0	0.808,0.743,1.0,1.0	0.112
0.0	NA,0.0,0.0,0.665	-0.222
0.817	1.0,1.0,1.0,1.0	-0.183
1.0	0.453,NA,0.0,NA	0.773
1.0	0.721,1.0,0.223,1.0	0.264
0.0	0.114,0.0,NA,0.0	-0.038
0.046	0.025,0.011,0.014,0.008	0.032
0.005	0.025,0.006,0.0,0.007	-0.004
1.0	0.705,NA,NA,NA	0.295
0.078	0.07,0.08,0.035,0.082	0.011
0.519	0.207,0.624,1.0,1.0	-0.189
0.246	0.296,0.131,0.395,0.211	-0.012
0.0	0.031,NA,NA,NA	-0.031
0.617	0.879,1.0,1.0,0.771	-0.295
0.875	0.823,1.0,1.0,1.0	-0.081
1.0	1.0,1.0,0.861,1.0	0.035
0.795	0.751,1.0,1.0,0.858	-0.107
0.86	0.809,1.0,1.0,1.0	-0.092
1.0	1.0,1.0,0.522,1.0	0.119
0.808	0.72,1.0,1.0,0.584	-0.018
1.0	1.0,NA,0.0,NA	0.5
0.69	0.373,NA,NA,0.0	0.503
0.0	0.0,NA,1.0,0.0	-0.333
0.0	NA,0.247,0.0,1.0	-0.416
0.235	NA,NA,0.0,NA	0.235
0.013	0.021,0.011,0.011,0.012	-0.001
0.998	0.994,0.998,1.0,1.0	0.0
0.227	1.0,0.0,0.37,0.306	-0.192
1.0	0.325,0.0,0.194,0.194	0.822
1.0	0.0,0.508,0.279,0.34	0.718
0.195	1.0,1.0,NA,NA	-0.805
0.0	0.356,0.216,1.0,0.0	-0.393
0.0	0.493,NA,NA,0.0	-0.246
0.945	0.937,0.866,0.962,0.856	0.04
0.015	0.079,0.084,0.024,0.049	-0.044
0.0	0.645,0.0,NA,NA	-0.323
0.0	0.038,NA,NA,NA	-0.038
0.898	0.864,0.848,0.933,1.0	-0.013
0.996	0.981,1.0,1.0,1.0	0.001
0.874	0.339,1.0,0.822,0.776	0.14
1.0	1.0,1.0,0.925,0.908	0.042
0.0	0.188,0.0,0.0,0.0	-0.047
0.0	1.0,NA,NA,NA	-1.0
0.996	0.983,0.976,0.998,0.995	0.008
0.967	0.861,0.813,0.926,1.0	0.067
0.429	0.37,0.221,0.077,0.368	0.17
1.0	1.0,0.941,1.0,1.0	0.015
0.896	1.0,0.586,0.38,0.797	0.205
0.782	0.918,0.95,0.935,0.956	-0.158
0.939	0.953,1.0,1.0,1.0	-0.049
0.0	0.023,0.0,0.0,0.0	-0.006
0.06	0.016,0.0,0.0,0.0	0.056
1.0	0.745,1.0,NA,1.0	0.085
0.609	0.208,NA,NA,NA	0.401
0.493	1.0,1.0,NA,NA	-0.507
0.002	0.015,0.0,0.0,0.0	-0.002
1.0	1.0,0.839,1.0,1.0	0.04
1.0	0.925,1.0,1.0,1.0	0.019
0.0	0.089,0.0,NA,NA	-0.044
0.0	0.157,0.0,NA,NA	-0.079
1.0	0.772,NA,1.0,NA	0.114
1.0	0.958,0.859,0.864,0.917	0.101
0.172	0.271,0.138,0.0,0.0	0.07
0.493	NA,NA,NA,0.0	0.493
0.341	0.755,0.0,NA,NA	-0.036
0.0	0.316,0.382,0.062,0.0	-0.19
0.774	1.0,1.0,NA,NA	-0.226
0.228	0.805,1.0,NA,NA	-0.675
0.082	0.051,0.087,0.177,0.178	-0.041
0.238	0.118,0.059,0.0,0.369	0.101
0.853	0.632,0.557,0.775,0.757	0.173
1.0	0.952,1.0,1.0,1.0	0.012
0.821	0.646,0.482,0.761,0.74	0.164
1.0	0.96,1.0,0.959,0.936	0.036
0.532	0.016,0.098,0.164,0.057	0.448
0.0	1.0,NA,NA,1.0	-1.0
0.362	0.274,0.447,0.221,0.086	0.105
0.174	0.174,0.747,0.457,0.0	-0.171
0.041	0.081,0.105,NA,NA	-0.052
0.102	0.0,0.135,0.0,0.123	0.037
0.045	0.0,0.0,0.176,0.0	0.001
0.851	0.927,1.0,0.974,0.965	-0.115
0.38	0.137,0.326,0.0,0.549	0.127
0.925	1.0,1.0,0.877,1.0	-0.044
1.0	0.94,0.922,1.0,1.0	0.034
0.0	0.058,NA,NA,NA	-0.058
1.0	0.344,NA,NA,NA	0.656
0.362	0.046,0.359,1.0,0.077	-0.009
0.0	0.0,NA,1.0,NA	-0.5
0.0	0.008,0.0,0.055,0.0	-0.016
0.049	0.043,0.0,0.0,0.0	0.038
1.0	0.966,1.0,1.0,1.0	0.008
1.0	0.916,NA,NA,NA	0.084
1.0	0.93,1.0,1.0,1.0	0.017
1.0	0.469,NA,NA,NA	0.531
1.0	0.859,0.264,1.0,NA	0.292
0.086	0.205,0.205,0.086,0.0	-0.038
0.014	0.062,0.006,0.013,0.024	-0.012
0.018	0.072,0.0,0.047,0.0	-0.012
0.156	0.052,0.356,NA,NA	-0.048
0.171	0.47,0.073,0.27,0.172	-0.075
0.636	1.0,NA,NA,NA	-0.364
0.086	0.041,0.0,0.0,0.0	0.076
0.091	0.074,0.114,0.105,0.027	0.011
0.044	0.06,0.024,0.053,0.071	-0.008
0.22	0.111,0.089,0.717,0.133	-0.043
1.0	0.864,NA,NA,1.0	0.068
0.0	0.044,0.0,0.0,0.0	-0.011
1.0	1.0,1.0,1.0,0.949	0.013
1.0	0.861,NA,NA,NA	0.139
0.541	1.0,1.0,1.0,1.0	-0.459
1.0	1.0,0.0,1.0,1.0	0.25
0.778	1.0,1.0,0.951,0.829	-0.167
0.0	0.057,0.0,NA,NA	-0.029
0.014	0.003,0.004,0.007,0.004	0.009
0.0	0.022,0.0,0.0,NA	-0.007
0.046	0.204,0.0,0.106,0.102	-0.057
0.967	1.0,0.953,1.0,1.0	-0.021
0.248	0.185,NA,NA,1.0	-0.345
1.0	0.906,1.0,1.0,NA	0.031
0.868	0.825,1.0,1.0,0.79	-0.036
1.0	0.803,1.0,NA,NA	0.099
0.208	0.213,0.083,0.134,0.185	0.054
0.021	0.0,0.0,NA,0.292	-0.076
0.876	1.0,1.0,1.0,1.0	-0.124
1.0	0.955,1.0,1.0,1.0	0.011
0.023	0.121,0.014,0.034,0.045	-0.031
1.0	0.916,1.0,NA,NA	0.042
0.134	0.076,0.0,0.0,0.0	0.115
0.029	0.061,0.041,0.0,0.0	0.003
0.099	0.13,0.091,0.0,0.0	0.044
0.087	0.073,0.037,0.025,0.028	0.046
0.625	0.464,0.339,1.0,1.0	-0.076
0.0	0.036,0.0,0.0,NA	-0.012
0.887	0.812,0.7,1.0,1.0	0.009
0.857	0.971,0.925,0.861,0.772	-0.025
0.018	0.036,0.036,0.004,0.004	-0.002
0.035	0.024,0.051,0.0,0.0	0.016
0.022	0.111,0.058,0.112,0.051	-0.061
0.037	0.128,0.044,0.071,0.039	-0.033
1.0	0.916,0.392,0.0,NA	0.564
0.086	0.158,0.07,0.115,0.127	-0.032
1.0	0.706,NA,NA,NA	0.294
0.518	0.194,0.325,0.088,0.278	0.297
0.979	0.732,0.811,0.94,0.88	0.138
0.013	0.0,0.0,0.0,0.0	0.013
0.383	0.674,NA,NA,NA	-0.291
0.0	0.036,0.0,0.0,0.0	-0.009
0.523	0.663,0.507,0.227,0.647	0.012
0.807	0.969,1.0,0.966,1.0	-0.177
1.0	0.836,1.0,1.0,1.0	0.041
0.481	0.436,0.322,0.436,0.436	0.074
0.956	1.0,1.0,0.962,0.978	-0.029
1.0	NA,NA,NA,0.0	1.0
0.0	0.014,0.0,NA,0.0	-0.005
0.004	0.066,0.0,0.0,0.0	-0.013
0.102	0.147,0.017,0.042,0.113	0.022
1.0	0.95,1.0,1.0,1.0	0.012
0.0	1.0,1.0,NA,NA	-1.0
1.0	0.852,0.604,1.0,1.0	0.136
0.0	0.026,0.0,0.0,0.0	-0.006
0.434	1.0,0.718,0.506,1.0	-0.372
1.0	0.938,1.0,1.0,1.0	0.016
1.0	1.0,1.0,0.998,0.991	0.003
0.024	0.024,0.021,0.051,0.014	-0.003
1.0	0.974,1.0,1.0,1.0	0.006
0.478	0.519,0.557,0.458,0.262	0.029
0.0	0.819,NA,NA,NA	-0.819
0.0	0.175,0.118,0.446,0.0	-0.185
0.6	0.0,0.272,NA,1.0	0.176
1.0	0.247,1.0,1.0,1.0	0.188
1.0	1.0,0.986,1.0,0.996	0.005
1.0	0.701,1.0,NA,1.0	0.1
0.136	0.069,0.0,0.057,0.04	0.095
0.067	0.222,0.057,0.155,0.152	-0.08
0.977	0.869,1.0,0.958,0.817	0.066
0.167	0.184,0.259,0.14,0.34	-0.064
0.996	0.992,0.998,0.999,0.997	-0.0
0.385	0.0,NA,0.0,NA	0.385
0.687	0.918,1.0,0.694,1.0	-0.216
0.0	0.0,0.014,0.1,0.296	-0.102
1.0	0.992,1.0,1.0,1.0	0.002
0.0	0.016,0.0,0.0,0.0	-0.004
1.0	0.909,1.0,0.606,1.0	0.121
0.0	0.0,1.0,1.0,0.0	-0.5
0.356	NA,0.0,1.0,1.0	-0.311
0.947	1.0,NA,0.499,NA	0.197
0.065	0.088,0.0,0.147,0.0	0.006
0.07	0.219,0.138,0.0,0.0	-0.019
0.0	0.124,0.0,0.0,0.081	-0.051
0.0	0.717,1.0,0.281,NA	-0.666
0.754	0.482,0.564,0.685,0.763	0.131
0.165	0.22,0.252,0.0,0.0	0.047
1.0	0.064,1.0,1.0,1.0	0.234
1.0	0.862,0.092,1.0,1.0	0.262
0.05	0.178,0.0,0.133,0.0	-0.028
0.037	0.181,0.0,0.158,0.0	-0.048
0.0	0.0,0.0,0.0,0.018	-0.004
0.0	0.554,NA,NA,NA	-0.554
0.0	0.299,0.0,0.0,0.0	-0.075
0.866	1.0,1.0,1.0,0.25	0.053
0.979	1.0,1.0,1.0,1.0	-0.021
0.882	0.701,1.0,0.519,0.953	0.089
0.791	0.642,1.0,1.0,1.0	-0.119
0.924	0.768,1.0,1.0,1.0	-0.018
0.0	0.0,0.039,0.006,0.0	-0.011
0.0	0.0,0.0,0.195,0.0	-0.049
0.067	0.021,0.0,NA,0.0	0.06
0.0	0.124,NA,NA,NA	-0.124
0.0	0.611,0.863,0.662,1.0	-0.784
0.0	0.0,0.026,0.091,0.0	-0.029
0.311	0.348,0.241,0.453,0.362	-0.04
0.031	0.01,0.04,0.0,0.0	0.018
0.972	1.0,1.0,1.0,1.0	-0.028
0.483	1.0,0.0,0.599,1.0	-0.167
0.149	0.728,1.0,1.0,1.0	-0.783
0.017	0.0,0.0,0.0,0.0	0.017
0.061	0.0,0.0,0.072,0.049	0.031
0.961	0.949,0.95,1.0,1.0	-0.014
1.0	0.98,1.0,NA,NA	0.01
1.0	0.995,1.0,NA,NA	0.002
0.726	0.117,0.117,1.0,0.347	0.331
1.0	0.0,0.38,1.0,1.0	0.405
0.03	0.0,0.0,0.0,0.0	0.03
0.029	0.036,0.0,NA,0.0	0.017
0.0	0.343,0.0,0.0,NA	-0.114
1.0	1.0,1.0,1.0,0.0	0.25
0.769	0.757,1.0,0.51,0.789	0.005
0.98	0.708,0.658,0.724,0.938	0.223
0.395	0.0,0.0,0.0,0.204	0.344
0.037	0.242,0.0,0.0,0.0	-0.024
1.0	1.0,0.98,0.956,1.0	0.016
0.003	0.004,0.002,0.0,0.002	0.001
0.739	1.0,1.0,0.904,0.79	-0.184
1.0	0.944,1.0,1.0,1.0	0.014
1.0	0.945,1.0,NA,1.0	0.018
0.834	NA,1.0,NA,NA	-0.166
0.909	NA,1.0,NA,1.0	-0.091
0.729	NA,1.0,NA,1.0	-0.271
0.896	NA,1.0,NA,NA	-0.104
0.265	NA,0.21,0.0,0.499	0.029
0.07	NA,0.152,0.0,0.574	-0.172
1.0	0.163,NA,NA,NA	0.837
1.0	0.16,NA,NA,NA	0.84
0.0	0.096,0.0,NA,NA	-0.048
1.0	1.0,0.893,1.0,1.0	0.027
0.632	1.0,1.0,1.0,1.0	-0.368
0.89	1.0,1.0,1.0,1.0	-0.11
1.0	0.191,1.0,1.0,1.0	0.202
0.256	0.317,0.209,0.136,0.476	-0.028
0.146	0.169,0.162,0.11,0.093	0.012
0.013	0.101,0.009,0.029,0.109	-0.049
0.933	1.0,0.925,0.98,0.985	-0.039
0.178	0.292,0.105,0.29,0.272	-0.062
0.98	0.982,0.956,0.972,1.0	0.002
0.14	0.185,0.202,0.098,1.0	-0.231
0.123	0.0,0.0,0.0,1.0	-0.127
1.0	0.482,NA,NA,0.318	0.6
0.0	0.037,NA,0.0,NA	-0.018
0.0	0.044,0.0,NA,0.0	-0.015
0.574	NA,0.599,1.0,0.698	-0.192
0.846	0.612,0.902,1.0,1.0	-0.033
0.997	0.989,0.975,0.983,1.0	0.01
0.968	1.0,0.829,1.0,1.0	0.011
0.449	0.741,1.0,NA,1.0	-0.465
0.01	0.006,0.005,0.0,0.0	0.007
0.0	0.014,0.0,0.0,NA	-0.005
0.07	0.155,0.057,0.575,0.186	-0.173
0.59	0.391,1.0,0.49,1.0	-0.13
0.0	0.238,0.789,0.319,0.428	-0.444
0.118	0.0,0.0,0.0,0.059	0.103
0.088	0.142,0.147,0.052,0.057	-0.011
1.0	0.173,NA,0.0,0.0	0.942
0.0	0.064,0.0,0.0,0.0	-0.016
0.197	0.578,NA,NA,1.0	-0.592
1.0	0.69,NA,NA,NA	0.31
0.484	0.0,0.0,NA,NA	0.484
1.0	0.159,1.0,1.0,1.0	0.21
1.0	0.746,NA,1.0,NA	0.127
0.784	0.766,0.849,0.867,0.79	-0.034
1.0	0.839,1.0,1.0,1.0	0.04
0.605	1.0,1.0,1.0,1.0	-0.395
0.053	0.0,0.0,0.0,0.0	0.053
0.989	1.0,0.981,0.958,0.983	0.008
0.941	0.987,1.0,1.0,1.0	-0.056
0.548	0.839,0.609,0.726,0.752	-0.183
0.084	0.072,0.015,0.009,0.086	0.039
0.0	0.0,0.0,0.0,0.0	0.0
0.106	0.033,0.072,0.16,0.116	0.011
0.062	0.078,0.0,0.0,0.0	0.042
0.421	0.774,NA,NA,NA	-0.353
0.0	0.262,0.023,0.0,1.0	-0.321
0.848	0.737,1.0,0.827,1.0	-0.043
0.0	0.014,0.0,0.0,0.0	-0.004
0.621	0.279,0.489,0.628,0.439	0.162
0.538	0.36,0.258,0.395,0.429	0.178
0.072	0.066,0.143,0.07,0.0	0.002
1.0	0.993,1.0,1.0,1.0	0.002
1.0	0.98,0.972,1.0,1.0	0.012
1.0	0.808,0.493,NA,1.0	0.233
0.251	0.499,0.496,0.34,0.447	-0.195
0.447	0.808,NA,NA,1.0	-0.457
0.021	0.142,0.0,0.0,0.04	-0.024
0.0	0.05,0.0,NA,0.098	-0.049
0.0	0.038,0.0,NA,0.12	-0.053
0.065	0.392,0.039,0.16,0.114	-0.111
0.049	0.353,0.043,0.129,0.053	-0.095
1.0	0.307,0.0,NA,1.0	0.564
0.842	0.902,0.947,1.0,0.672	-0.038
0.857	1.0,1.0,1.0,1.0	-0.143
0.0	0.521,0.246,0.0,NA	-0.256
0.058	0.136,0.055,0.096,0.104	-0.04
0.524	NA,NA,0.155,1.0	-0.053
1.0	0.878,0.931,0.687,0.443	0.265
0.843	0.918,0.828,0.711,0.919	-0.001
0.483	0.479,0.29,0.804,1.0	-0.16
1.0	0.791,0.848,0.895,1.0	0.117
0.938	0.858,0.782,0.853,1.0	0.065
1.0	0.898,1.0,1.0,1.0	0.025
0.007	0.001,0.001,0.0,0.003	0.006
0.051	0.071,0.057,0.037,0.042	-0.001
0.927	0.928,1.0,1.0,1.0	-0.055
0.319	0.153,0.11,0.134,0.236	0.161
0.023	0.021,0.066,0.03,0.005	-0.008
0.0	0.029,0.0,0.0,0.0	-0.007
0.469	0.382,0.564,0.0,0.564	0.092
0.066	0.032,0.0,0.0,0.0	0.058
0.046	0.0,0.0,0.035,0.0	0.037
0.945	1.0,1.0,0.627,0.419	0.183
1.0	0.413,1.0,NA,NA	0.293
0.896	0.658,1.0,NA,NA	0.067
0.338	0.349,0.082,0.0,0.204	0.179
0.0	0.072,0.0,0.051,0.0	-0.031
0.32	0.436,0.194,0.335,0.501	-0.047
1.0	0.596,NA,0.0,1.0	0.468
0.175	0.041,0.0,0.082,0.173	0.101
0.0	0.0,0.175,0.145,0.0	-0.08
0.079	0.05,0.0,0.0,0.0	0.067
0.0	0.007,0.0,0.0,0.0	-0.002
0.989	1.0,1.0,1.0,1.0	-0.011
0.993	0.996,0.985,0.976,1.0	0.004
0.027	0.023,0.0,0.106,0.04	-0.015
0.983	0.995,0.985,1.0,0.964	-0.003
0.412	0.704,1.0,1.0,NA	-0.489
0.0	0.0,0.058,0.0,0.0	-0.015
0.12	0.479,0.361,0.356,0.193	-0.227
0.0	0.025,0.0,0.0,0.0	-0.006
0.236	0.0,0.0,0.0,NA	0.236
1.0	1.0,1.0,1.0,0.799	0.05
0.661	1.0,1.0,1.0,0.922	-0.32
0.369	1.0,NA,1.0,0.811	-0.568
1.0	1.0,0.0,0.609,1.0	0.348
0.322	0.448,0.186,0.304,0.471	-0.03
1.0	1.0,0.906,1.0,1.0	0.023
0.268	0.129,0.228,0.432,0.104	0.045
0.0	0.0,1.0,NA,NA	-0.5
0.982	0.945,0.958,1.0,0.966	0.015
0.51	1.0,1.0,1.0,1.0	-0.49
0.013	0.225,0.082,0.017,0.024	-0.074
0.057	0.008,0.024,0.093,0.198	-0.024
0.012	0.021,0.004,0.0,0.0	0.006
1.0	1.0,0.689,1.0,1.0	0.078
0.118	0.119,0.0,0.0,0.0	0.088
0.506	1.0,0.0,NA,NA	0.006
0.058	0.213,0.0,NA,0.0	-0.013
0.165	1.0,1.0,1.0,0.0	-0.585
0.073	0.047,0.104,0.281,0.245	-0.096
0.01	0.022,0.014,0.044,0.028	-0.017
1.0	0.0,NA,NA,NA	1.0
0.0	0.034,0.0,NA,NA	-0.017
0.0	0.015,0.264,NA,0.0	-0.093
1.0	0.982,1.0,1.0,1.0	0.004
0.074	0.074,0.027,0.04,0.066	0.022
1.0	1.0,0.0,0.598,NA	0.467
0.027	0.057,0.008,0.135,0.0	-0.023
0.0	0.109,0.0,NA,0.0	-0.036
1.0	0.98,1.0,1.0,1.0	0.005
1.0	1.0,0.944,1.0,1.0	0.014
0.947	1.0,1.0,0.396,1.0	0.098
1.0	0.907,1.0,1.0,1.0	0.023
1.0	0.96,1.0,NA,1.0	0.013
0.997	1.0,1.0,1.0,0.995	-0.002
0.42	0.263,1.0,1.0,0.599	-0.296
0.173	0.0,0.0,0.0,0.0	0.173
0.273	0.281,0.367,0.379,0.238	-0.043
1.0	0.985,1.0,0.995,1.0	0.005
0.664	0.0,0.814,0.637,0.467	0.184
0.025	0.089,0.03,0.035,0.07	-0.031
0.49	0.0,0.0,0.49,1.0	0.117
1.0	0.428,1.0,NA,NA	0.286
0.945	0.925,0.986,0.936,0.972	-0.01
0.047	0.213,0.03,0.046,0.0	-0.025
0.0	0.004,0.0,NA,NA	-0.002
0.136	0.239,1.0,1.0,NA	-0.61
0.231	0.362,1.0,1.0,NA	-0.556
1.0	0.807,1.0,1.0,NA	0.064
1.0	1.0,1.0,NA,0.676	0.108
1.0	0.819,1.0,NA,0.676	0.168
0.652	0.825,1.0,0.625,NA	-0.165
1.0	1.0,1.0,0.981,1.0	0.005
0.781	0.947,0.898,0.79,0.798	-0.077
0.308	0.0,1.0,0.0,0.308	-0.019
0.99	0.959,1.0,0.976,0.882	0.036
0.0	0.24,1.0,NA,NA	-0.62
0.73	1.0,1.0,1.0,1.0	-0.27
0.759	0.743,0.735,1.0,NA	-0.067
0.327	NA,NA,1.0,1.0	-0.673
1.0	0.888,1.0,NA,NA	0.056
0.0	0.006,0.0,0.0,0.0	-0.002
0.59	1.0,NA,1.0,NA	-0.41
0.014	0.014,0.0,0.021,0.0	0.005
0.536	0.683,1.0,NA,1.0	-0.358
1.0	0.94,0.899,0.714,NA	0.149
1.0	0.942,0.904,0.839,1.0	0.079
1.0	0.941,0.903,0.837,1.0	0.08
1.0	0.778,0.778,1.0,1.0	0.111
1.0	0.775,0.775,1.0,1.0	0.113
1.0	1.0,NA,NA,0.0	0.5
1.0	1.0,NA,NA,0.0	0.5
1.0	1.0,NA,NA,0.0	0.5
0.183	0.619,0.178,0.0,0.0	-0.016
1.0	0.196,NA,NA,NA	0.804
0.975	1.0,0.949,1.0,1.0	-0.012
0.0	0.0,0.0,0.033,0.0	-0.008
1.0	0.314,0.0,NA,1.0	0.562
0.394	0.0,NA,NA,0.0	0.394
1.0	0.941,1.0,1.0,1.0	0.015
0.446	0.79,NA,NA,1.0	-0.449
0.046	0.122,0.044,0.014,0.467	-0.116
0.915	1.0,1.0,1.0,1.0	-0.085
0.939	0.929,1.0,1.0,0.973	-0.037
1.0	0.639,1.0,1.0,1.0	0.09
0.065	0.128,0.035,0.049,0.123	-0.019
0.0	0.061,NA,NA,0.0	-0.03
0.021	0.002,0.011,0.0,0.0	0.018
1.0	0.2,0.097,0.0,0.0	0.926
0.938	0.834,0.909,0.937,0.903	0.042
1.0	0.959,0.893,1.0,0.882	0.067
0.104	0.065,0.037,0.027,0.013	0.068
0.09	0.061,0.0,0.0,0.038	0.065
0.528	0.705,0.563,0.636,0.556	-0.087
0.67	0.796,0.732,0.753,0.0	0.1
0.169	0.0,NA,NA,NA	0.169
0.113	0.875,1.0,NA,NA	-0.825
1.0	1.0,NA,0.306,0.0	0.565
0.079	0.08,0.0,0.0,0.0	0.059
0.188	1.0,NA,0.0,NA	-0.312
0.813	0.951,0.91,0.931,0.935	-0.119
0.141	0.072,0.112,0.39,0.211	-0.055
0.0	1.0,NA,NA,1.0	-1.0
0.151	0.0,0.434,0.633,0.315	-0.194
0.93	1.0,1.0,1.0,1.0	-0.07
1.0	1.0,1.0,1.0,0.856	0.036
0.246	0.401,0.472,0.308,0.448	-0.161
0.196	0.0,0.0,NA,0.0	0.196
1.0	0.046,1.0,1.0,0.606	0.337
0.091	0.218,0.117,0.0,0.0	0.007
1.0	0.68,1.0,1.0,1.0	0.08
0.0	0.061,NA,NA,NA	-0.061
0.147	1.0,0.0,NA,NA	-0.353
0.593	0.823,0.586,0.773,0.66	-0.118
0.073	0.065,0.0,0.118,0.0	0.027
1.0	0.0,NA,NA,NA	1.0
1.0	0.934,1.0,1.0,1.0	0.016
0.056	0.044,0.02,0.0,0.0	0.04
1.0	1.0,1.0,0.92,1.0	0.02
0.0	0.24,0.149,0.0,0.0	-0.097
0.016	0.069,0.0,0.053,0.051	-0.027
0.222	0.0,0.092,0.075,0.062	0.165
0.999	0.994,0.996,0.996,1.0	0.003
1.0	0.256,NA,NA,NA	0.744
0.407	0.0,NA,NA,NA	0.407
0.0	1.0,0.126,NA,NA	-0.563
0.918	1.0,1.0,0.875,1.0	-0.051
0.956	0.633,1.0,0.944,0.797	0.112
0.222	0.368,0.158,0.153,0.554	-0.086
0.109	0.056,0.0,0.0,NA	0.09
1.0	0.974,1.0,1.0,NA	0.009
0.557	0.954,1.0,NA,1.0	-0.428
0.037	0.0,0.308,0.0,0.0	-0.04
0.716	1.0,1.0,1.0,1.0	-0.284
1.0	0.988,0.915,1.0,1.0	0.024
1.0	0.903,0.933,1.0,1.0	0.041
0.985	1.0,1.0,1.0,1.0	-0.015
0.996	0.988,1.0,1.0,1.0	-0.001
0.0	0.467,0.0,NA,NA	-0.234
0.938	1.0,1.0,1.0,0.908	-0.039
0.493	NA,NA,NA,0.0	0.493
0.0	1.0,NA,1.0,0.503	-0.834
0.0	1.0,NA,1.0,1.0	-1.0
0.111	0.237,0.209,0.166,0.305	-0.118
1.0	1.0,0.955,1.0,1.0	0.011
1.0	0.689,NA,NA,NA	0.311
1.0	0.944,1.0,NA,1.0	0.019
0.07	0.034,0.023,0.051,0.011	0.04
0.0	0.0,0.005,0.042,0.011	-0.014
0.063	0.0,0.0,0.0,0.487	-0.059
1.0	0.769,0.0,0.0,0.294	0.734
0.055	0.039,0.054,0.077,0.222	-0.043
1.0	0.943,0.648,1.0,1.0	0.102
1.0	1.0,1.0,1.0,0.986	0.004
0.351	0.899,0.631,0.057,0.289	-0.118
0.425	0.901,0.557,0.056,0.35	-0.041
1.0	0.662,0.219,NA,1.0	0.373
0.336	0.139,0.13,1.0,0.239	-0.041
0.083	0.177,0.0,0.0,0.13	0.006
0.921	1.0,1.0,1.0,1.0	-0.079
1.0	0.918,0.814,0.876,1.0	0.098
0.485	0.0,NA,NA,NA	0.485
0.494	0.278,0.185,0.417,0.431	0.166
1.0	1.0,0.353,NA,1.0	0.216
0.934	0.944,1.0,1.0,1.0	-0.052
1.0	1.0,0.973,1.0,1.0	0.007
0.0	0.01,0.015,0.004,0.005	-0.009
1.0	1.0,1.0,1.0,0.945	0.014
0.996	1.0,0.995,1.0,1.0	-0.003
0.666	0.259,0.777,0.788,NA	0.058
1.0	1.0,0.96,1.0,1.0	0.01
1.0	1.0,0.953,1.0,1.0	0.012
0.174	0.165,0.115,0.194,0.339	-0.029
0.939	0.986,0.99,0.93,1.0	-0.038
1.0	0.587,1.0,1.0,1.0	0.103
0.319	0.166,0.264,0.0,0.519	0.082
0.141	0.346,0.163,0.0,0.0	0.014
1.0	0.896,NA,NA,NA	0.104
0.955	0.917,0.94,1.0,0.859	0.026
0.78	1.0,1.0,NA,1.0	-0.22
0.681	1.0,NA,NA,NA	-0.319
1.0	0.871,1.0,NA,1.0	0.043
0.007	0.006,0.005,0.009,0.009	-0.0
0.002	0.001,0.002,0.0,0.001	0.001
0.929	0.944,0.947,0.925,0.941	-0.01
0.0	0.035,0.0,0.0,0.019	-0.014
0.972	1.0,1.0,1.0,1.0	-0.028
0.878	0.978,0.932,1.0,1.0	-0.1
0.962	0.989,0.981,1.0,1.0	-0.03
1.0	0.974,1.0,0.806,1.0	0.055
0.107	0.012,0.0,0.094,0.0	0.081
0.905	1.0,1.0,1.0,1.0	-0.095
0.228	0.0,0.0,NA,0.0	0.228
0.17	0.0,0.0,NA,0.0	0.17
0.509	0.198,0.26,1.0,0.659	-0.02
0.992	1.0,NA,NA,1.0	-0.008
1.0	0.957,1.0,1.0,NA	0.014
0.0	1.0,NA,NA,NA	-1.0
1.0	0.866,NA,NA,1.0	0.067
0.0	0.597,NA,NA,0.0	-0.298
1.0	0.65,0.0,NA,NA	0.675
0.414	0.043,0.0,0.246,0.363	0.251
0.027	0.031,0.125,0.0,0.0	-0.012
0.099	0.161,0.066,0.093,0.074	0.001
0.022	0.027,0.0,0.0,0.103	-0.011
1.0	0.706,0.706,NA,NA	0.294
0.299	0.384,0.267,0.286,0.638	-0.095
0.13	0.156,0.064,0.231,0.121	-0.013
0.21	0.629,0.347,0.0,0.042	-0.045
0.0	0.036,0.0,0.0,0.0	-0.009
0.0	0.0,0.0,0.0,0.106	-0.026
0.081	0.068,0.021,0.046,0.0	0.047
0.0	0.001,0.0,0.0,0.0	-0.0
0.0	0.001,0.0,0.0,0.0	-0.0
1.0	1.0,0.999,1.0,1.0	0.0
1.0	1.0,1.0,1.0,1.0	0.0
1.0	1.0,1.0,1.0,1.0	0.0
0.211	0.169,NA,NA,NA	0.042
0.936	1.0,1.0,1.0,0.94	-0.049
0.008	0.0,0.024,0.006,0.007	-0.001
1.0	0.48,1.0,1.0,1.0	0.13
1.0	0.923,1.0,1.0,0.545	0.133
1.0	0.853,1.0,1.0,0.642	0.126
0.872	0.82,0.944,0.624,0.599	0.125
0.455	0.332,0.186,0.228,0.287	0.197
0.309	0.311,0.267,0.271,0.226	0.04
0.984	0.786,0.785,1.0,0.733	0.158
1.0	0.951,1.0,1.0,1.0	0.012
0.918	1.0,1.0,1.0,1.0	-0.082
0.986	1.0,1.0,1.0,1.0	-0.014
0.0	0.0,0.0,0.0,0.0	0.0
0.111	0.18,0.066,0.248,0.22	-0.067
1.0	0.0,NA,NA,NA	1.0
0.779	0.612,0.725,1.0,0.855	-0.019
0.057	0.045,0.032,0.178,0.113	-0.035
0.796	0.605,0.718,0.548,1.0	0.078
0.021	0.022,0.074,0.0,NA	-0.011
0.0	1.0,NA,NA,NA	-1.0
1.0	0.98,1.0,NA,1.0	0.007
1.0	0.955,1.0,1.0,0.974	0.018
0.002	0.006,0.006,0.0,0.0	-0.001
0.0	1.0,0.0,NA,NA	-0.5
0.0	0.39,NA,NA,NA	-0.39
0.76	1.0,1.0,NA,NA	-0.24
0.024	0.076,0.0,1.0,0.0	-0.245
0.0	0.0,0.218,0.0,0.0	-0.054
0.0	0.492,0.0,0.0,NA	-0.164
0.981	1.0,0.964,0.848,0.972	0.035
0.18	0.119,0.0,0.0,0.0	0.15
0.0	0.134,NA,NA,0.0	-0.067
0.903	1.0,0.577,1.0,1.0	0.009
0.175	0.073,0.06,0.108,0.0	0.115
0.024	0.021,0.0,0.0,0.0	0.019
1.0	0.956,1.0,1.0,1.0	0.011
0.037	0.049,0.316,0.0,0.093	-0.077
0.112	0.055,0.055,0.071,0.13	0.034
0.162	0.043,0.256,0.115,0.0	0.059
0.661	0.493,NA,NA,NA	0.168
0.034	0.043,0.07,0.0,0.0	0.006
0.051	0.0,0.053,0.0,0.0	0.038
0.165	1.0,0.0,0.126,0.165	-0.158
1.0	1.0,0.916,0.877,1.0	0.052
0.328	0.815,0.109,1.0,0.394	-0.252
0.479	0.697,0.103,1.0,0.434	-0.08
0.0	0.75,0.097,1.0,0.223	-0.517
0.639	0.0,NA,0.0,0.571	0.449
0.0	0.281,NA,0.438,0.0	-0.24
0.0	1.0,NA,1.0,0.0	-0.667
0.328	1.0,1.0,1.0,1.0	-0.672
0.0	1.0,1.0,1.0,1.0	-1.0
0.0	1.0,1.0,1.0,1.0	-1.0
0.0	NA,NA,1.0,0.0	-0.5
0.357	0.108,0.2,0.0,NA	0.254
0.251	0.157,0.193,0.456,0.358	-0.04
1.0	1.0,0.921,NA,1.0	0.026
1.0	0.192,0.487,NA,NA	0.66
0.075	0.059,0.127,0.0,0.0	0.028
0.0	0.207,0.131,0.0,0.0	-0.084
0.0	0.013,0.111,NA,0.0	-0.041
0.0	0.265,0.0,NA,0.0	-0.088
0.133	0.323,0.072,0.065,0.121	-0.012
1.0	1.0,0.993,0.976,0.994	0.009
1.0	1.0,1.0,0.99,1.0	0.002
0.022	0.027,0.009,0.027,0.006	0.005
0.983	0.988,1.0,1.0,1.0	-0.014
1.0	0.972,1.0,1.0,1.0	0.007
0.0	0.002,0.0,0.0,0.0	-0.001
1.0	1.0,0.481,NA,1.0	0.173
0.0	0.017,0.0,NA,0.0	-0.006
0.852	0.947,0.936,0.956,0.942	-0.093
0.141	0.156,0.27,0.0,0.0	0.034
1.0	0.611,NA,NA,NA	0.389
0.982	1.0,1.0,1.0,1.0	-0.018
0.263	1.0,1.0,0.0,NA	-0.404
0.049	0.074,0.169,0.308,0.0	-0.089
0.0	1.0,NA,NA,NA	-1.0
0.0	0.027,0.0,0.0,NA	-0.009
0.969	1.0,1.0,0.989,1.0	-0.028
1.0	1.0,0.721,1.0,1.0	0.07
0.02	0.186,0.058,0.103,0.084	-0.088
0.0	0.025,0.14,0.0,0.0	-0.041
0.134	0.476,0.132,0.165,0.232	-0.117
1.0	0.727,0.604,0.753,1.0	0.229
0.011	0.0,0.0,0.023,0.01	0.003
0.315	0.058,0.0,0.0,0.0	0.3
0.159	0.107,0.1,0.455,0.0	-0.007
0.457	0.393,0.146,0.241,0.329	0.18
0.0	0.022,NA,NA,NA	-0.022
0.769	0.772,0.74,0.617,0.796	0.038
0.263	0.0,0.0,NA,NA	0.263
0.0	0.229,0.113,0.0,NA	-0.114
1.0	1.0,1.0,0.73,1.0	0.068
0.943	0.976,0.961,1.0,1.0	-0.041
0.0	0.0,0.0,0.076,0.123	-0.05
0.207	NA,NA,0.0,NA	0.207
1.0	1.0,1.0,0.0,NA	0.333
1.0	1.0,0.967,1.0,0.937	0.024
0.021	0.008,0.0,0.0,0.0	0.019
0.009	0.0,0.01,0.0,0.0	0.006
0.0	0.023,0.0,0.0,0.0	-0.006
0.407	0.293,0.061,0.71,0.62	-0.014
0.601	0.682,0.638,0.545,0.503	0.009
0.0	0.041,0.045,0.0,0.0	-0.021
0.376	0.298,0.464,0.39,0.537	-0.046
0.953	1.0,1.0,1.0,1.0	-0.047
1.0	NA,0.525,1.0,1.0	0.158
0.837	0.555,0.952,1.0,0.868	-0.007
0.149	NA,NA,0.0,1.0	-0.351
1.0	1.0,1.0,0.962,1.0	0.01
1.0	1.0,0.966,1.0,1.0	0.008
0.0	0.0,0.0,0.447,0.0	-0.112
1.0	0.996,1.0,1.0,1.0	0.001
0.0	0.126,0.0,0.166,0.053	-0.086
0.271	0.0,1.0,0.0,0.621	-0.134
0.717	1.0,0.682,1.0,0.93	-0.186
0.096	0.096,0.0,0.209,NA	-0.006
1.0	0.0,0.0,0.0,0.618	0.846
0.999	1.0,1.0,1.0,1.0	-0.001
0.293	0.0,0.0,NA,NA	0.293
0.982	0.958,0.983,0.982,0.992	0.003
0.947	0.948,0.819,0.946,0.895	0.045
1.0	1.0,0.929,1.0,1.0	0.018
0.071	0.174,0.075,0.075,0.193	-0.058
0.568	0.715,0.601,1.0,0.429	-0.118
1.0	1.0,1.0,0.929,1.0	0.018
0.0	0.003,0.0,0.0,0.034	-0.009
0.244	0.0,NA,1.0,NA	-0.256
1.0	1.0,1.0,0.965,1.0	0.009
0.98	0.981,1.0,0.985,1.0	-0.011
0.675	0.289,1.0,0.0,0.609	0.201
0.207	0.319,0.09,0.158,0.0	0.065
0.246	0.415,0.102,0.482,0.278	-0.073
0.0	0.11,0.0,0.0,0.0	-0.028
0.439	1.0,1.0,NA,0.496	-0.393
0.017	0.0,0.006,0.012,0.027	0.006
0.0	0.052,0.0,0.0,0.138	-0.048
0.984	1.0,0.927,1.0,0.622	0.097
1.0	0.606,1.0,1.0,1.0	0.099
0.467	0.574,0.415,0.0,1.0	-0.03
0.559	0.173,0.419,0.386,0.545	0.178
1.0	0.927,1.0,1.0,1.0	0.018
0.649	0.316,NA,0.0,1.0	0.21
0.0	0.306,NA,NA,0.0	-0.153
0.0	0.295,NA,NA,0.0	-0.147
0.0	0.29,NA,NA,0.0	-0.145
0.0	0.846,0.451,1.0,NA	-0.766
0.961	0.957,0.892,0.952,0.956	0.022
0.031	0.0,0.0,0.0,0.0	0.031
0.019	0.036,0.033,0.0,0.236	-0.057
0.972	1.0,1.0,1.0,0.962	-0.018
0.0	0.778,0.467,0.925,0.362	-0.633
0.03	0.014,0.026,0.0,0.05	0.007
0.002	0.012,0.001,0.0,0.0	-0.001
0.0	0.016,NA,NA,NA	-0.016
1.0	0.718,NA,1.0,NA	0.141
1.0	0.948,NA,1.0,NA	0.026
0.034	0.054,0.008,0.005,0.004	0.016
1.0	NA,1.0,1.0,0.536	0.155
0.0	1.0,1.0,NA,NA	-1.0
0.527	0.426,NA,1.0,1.0	-0.282
0.662	0.395,NA,1.0,1.0	-0.136
0.164	0.164,0.0,0.191,1.0	-0.175
0.267	0.063,0.0,0.0,0.0	0.251
1.0	0.704,0.687,0.0,1.0	0.402
0.101	0.583,0.0,0.0,1.0	-0.295
0.417	0.758,0.309,0.0,1.0	-0.1
0.847	0.734,1.0,NA,0.58	0.076
0.132	0.378,0.0,0.233,0.076	-0.04
0.054	0.051,0.017,0.035,0.019	0.023
0.946	0.968,0.9,0.803,0.872	0.06
0.962	0.994,0.966,0.938,0.975	-0.006
1.0	0.861,NA,NA,1.0	0.07
0.933	0.981,0.953,0.985,0.979	-0.041
0.43	0.636,0.191,0.485,1.0	-0.148
0.986	0.974,0.955,0.919,1.0	0.024
1.0	0.127,0.285,1.0,1.0	0.397
0.032	0.027,0.0,0.0,0.0	0.025
0.0	0.046,0.0,0.0,0.0	-0.011
0.0	0.797,NA,NA,NA	-0.797
0.0	0.0,0.021,0.0,0.0	-0.005
1.0	1.0,NA,NA,0.0	0.5
1.0	1.0,1.0,1.0,0.0	0.25
0.0	NA,0.0,NA,1.0	-0.5
0.957	1.0,0.828,1.0,1.0	0.0
0.722	1.0,1.0,1.0,1.0	-0.278
0.245	1.0,1.0,NA,NA	-0.755
0.191	0.0,0.0,NA,NA	0.191
0.454	0.311,0.089,0.0,0.0	0.354
0.093	0.096,0.061,0.157,0.129	-0.018
1.0	0.925,1.0,1.0,1.0	0.019
0.0	0.014,0.0,0.025,0.0	-0.01
1.0	0.973,1.0,1.0,1.0	0.007
1.0	0.989,1.0,1.0,1.0	0.003
1.0	0.969,1.0,1.0,1.0	0.008
1.0	0.993,1.0,1.0,1.0	0.002
0.025	0.017,0.0,0.0,0.0	0.021
0.113	0.004,0.027,0.0,0.0	0.105
0.254	0.198,0.0,0.0,NA	0.188
1.0	1.0,0.761,1.0,1.0	0.06
0.092	0.02,0.051,0.247,0.138	-0.022
0.123	0.023,0.063,0.602,0.404	-0.15
0.011	0.031,0.0,0.0,0.064	-0.013
0.709	0.828,1.0,1.0,1.0	-0.248
0.0	0.197,NA,NA,NA	-0.197
0.163	0.294,0.099,0.268,0.481	-0.122
0.862	1.0,1.0,NA,NA	-0.138
1.0	0.957,1.0,0.986,1.0	0.014
0.987	0.987,1.0,1.0,1.0	-0.01
1.0	0.847,1.0,1.0,1.0	0.038
1.0	0.968,1.0,1.0,1.0	0.008
0.404	0.645,0.569,0.674,0.789	-0.265
0.039	0.034,0.024,0.025,0.058	0.004
1.0	1.0,1.0,1.0,0.934	0.016
0.057	0.0,0.0,0.0,0.0	0.057
0.393	0.235,0.478,0.326,0.15	0.096
0.018	0.015,0.0,0.0,0.0	0.014
0.098	0.026,0.202,0.044,0.143	-0.006
0.706	1.0,NA,NA,NA	-0.294
0.205	0.481,NA,0.279,1.0	-0.382
0.615	0.67,1.0,0.771,1.0	-0.245
0.841	0.347,NA,NA,NA	0.494
0.861	0.608,NA,NA,1.0	0.057
0.756	0.437,NA,NA,1.0	0.037
0.0	0.177,NA,NA,NA	-0.177
1.0	0.0,0.0,NA,NA	1.0
1.0	0.94,0.953,1.0,1.0	0.027
1.0	1.0,1.0,0.982,1.0	0.004
1.0	0.862,1.0,1.0,1.0	0.034
1.0	1.0,1.0,1.0,0.987	0.003
0.947	0.964,1.0,1.0,1.0	-0.044
1.0	1.0,1.0,0.968,0.892	0.035
0.056	0.0,NA,0.0,NA	0.056
1.0	1.0,0.0,NA,1.0	0.333
0.133	0.0,0.0,0.0,0.235	0.074
1.0	NA,0.0,NA,1.0	0.5
0.085	0.029,0.066,0.065,0.091	0.022
0.027	0.044,0.0,0.0,0.0	0.016
0.332	0.272,0.165,0.809,0.516	-0.108
0.048	0.021,0.135,0.111,0.0	-0.019
0.0	0.046,0.0,0.0,0.0	-0.011
0.0	NA,1.0,NA,NA	-1.0
0.049	0.225,0.193,0.0,0.107	-0.082
1.0	1.0,0.752,1.0,1.0	0.062
0.401	0.352,0.262,NA,0.655	-0.022
0.0	1.0,NA,NA,NA	-1.0
0.003	0.002,0.006,0.0,0.0	0.001
0.019	0.027,0.054,0.221,0.262	-0.122
0.044	0.065,0.0,0.0,0.0	0.028
0.751	1.0,1.0,1.0,1.0	-0.249
0.415	0.348,0.349,0.486,0.441	0.009
1.0	1.0,1.0,1.0,0.934	0.016
1.0	0.773,NA,NA,NA	0.227
0.006	0.007,0.0,NA,NA	0.003
0.652	NA,NA,1.0,1.0	-0.348
0.0	0.0,0.116,0.0,0.0	-0.029
1.0	0.771,1.0,NA,NA	0.115
0.946	0.836,0.741,1.0,1.0	0.052
0.011	0.014,0.004,0.01,0.015	0.0
0.0	0.0,0.0,0.282,NA	-0.094
0.908	0.938,1.0,NA,1.0	-0.071
0.943	1.0,0.774,0.795,0.804	0.1
0.991	1.0,1.0,1.0,1.0	-0.009
0.041	0.043,0.142,0.206,0.163	-0.098
1.0	1.0,0.383,1.0,1.0	0.154
0.0	0.0,0.014,0.0,0.0	-0.004
0.61	0.605,0.623,0.799,0.462	-0.012
0.019	0.047,0.0,0.0,0.075	-0.011
0.888	1.0,1.0,0.824,0.924	-0.049
1.0	1.0,0.844,1.0,1.0	0.039
0.024	0.009,0.0,0.0,0.0	0.022
1.0	NA,0.592,1.0,0.0	0.469
1.0	0.218,NA,NA,0.0	0.891
0.001	0.003,0.001,0.001,0.002	-0.001
0.761	0.72,1.0,1.0,1.0	-0.169
0.0	0.0,0.0,0.066,0.256	-0.081
0.402	1.0,NA,NA,NA	-0.598
0.93	0.849,0.966,1.0,0.922	-0.004
1.0	1.0,1.0,0.936,1.0	0.016
0.746	1.0,1.0,NA,1.0	-0.254
1.0	1.0,1.0,1.0,0.997	0.001
0.996	1.0,1.0,0.995,1.0	-0.003
0.993	0.994,1.0,1.0,1.0	-0.005
0.993	0.994,1.0,1.0,1.0	-0.005
0.982	0.943,0.934,1.0,0.993	0.015
0.104	0.085,0.098,0.155,0.066	0.003
1.0	0.831,1.0,1.0,1.0	0.042
0.892	1.0,1.0,1.0,1.0	-0.108
0.969	1.0,1.0,1.0,1.0	-0.031
0.361	0.504,0.514,0.597,0.664	-0.209
0.125	0.0,0.0,0.0,0.0	0.125
0.203	0.28,0.0,0.0,0.065	0.117
0.911	0.703,0.953,0.814,0.946	0.057
0.0	0.029,0.0,0.0,0.0	-0.007
0.56	0.775,0.908,0.97,0.865	-0.319
0.698	0.412,1.0,1.0,1.0	-0.155
0.546	0.459,0.423,0.465,0.605	0.058
0.527	0.27,0.357,0.426,1.0	0.014
0.0	0.035,0.0,0.0,NA	-0.012
0.057	0.119,0.082,0.06,0.026	-0.015
0.258	1.0,1.0,NA,1.0	-0.742
0.0	0.111,0.0,0.0,0.0	-0.028
0.03	0.018,0.038,0.062,0.006	-0.001
1.0	0.991,1.0,1.0,1.0	0.002
0.85	1.0,1.0,1.0,NA	-0.15
0.0	0.124,0.253,NA,0.175	-0.184
0.0	0.048,1.0,0.0,0.285	-0.333
0.137	0.154,1.0,0.0,0.637	-0.311
0.104	0.0,0.0,0.0,0.0	0.104
0.487	NA,NA,NA,0.0	0.487
1.0	1.0,0.181,0.768,0.43	0.405
1.0	0.588,0.752,1.0,1.0	0.165
1.0	0.989,1.0,1.0,NA	0.004
1.0	0.981,1.0,1.0,1.0	0.005
0.054	0.0,0.0,0.0,0.0	0.054
0.163	0.0,0.0,0.0,0.0	0.163
0.053	0.253,0.131,NA,0.0	-0.075
0.059	0.131,0.156,0.0,0.083	-0.034
0.225	0.032,0.379,0.0,NA	0.088
0.0	0.016,0.0,0.0,0.0	-0.004
0.0	0.014,0.0,0.0,0.0	-0.004
0.0	0.011,0.0,0.0,0.0	-0.003
0.343	0.259,0.382,0.41,0.293	0.007
0.0	0.0,NA,1.0,NA	-0.5
0.339	0.52,0.311,0.112,0.116	0.074
0.111	0.181,0.058,0.077,0.212	-0.021
0.773	1.0,1.0,0.493,NA	-0.058
0.964	0.475,1.0,1.0,0.775	0.151
1.0	1.0,0.983,1.0,0.96	0.014
1.0	0.945,1.0,0.966,1.0	0.022
1.0	1.0,1.0,0.945,1.0	0.014
0.752	1.0,1.0,1.0,1.0	-0.248
0.757	0.797,0.653,0.748,0.838	-0.002
1.0	1.0,1.0,0.463,1.0	0.134
0.988	1.0,1.0,1.0,1.0	-0.012
0.963	1.0,0.874,1.0,1.0	-0.006
0.085	0.047,0.041,0.121,0.022	0.027
0.979	0.976,0.974,0.978,0.979	0.002
0.074	0.161,0.043,0.113,0.111	-0.033
0.083	0.222,0.058,0.146,0.164	-0.065
0.0	0.048,0.0,0.034,0.08	-0.041
0.007	0.0,0.018,0.0,0.0	0.003
0.806	0.776,0.912,0.762,0.607	0.042
0.0	0.123,0.0,NA,0.0	-0.041
1.0	1.0,1.0,1.0,0.978	0.006
0.144	0.234,0.21,0.196,0.141	-0.051
0.143	1.0,NA,NA,NA	-0.857
0.407	1.0,NA,NA,NA	-0.593
0.286	0.517,0.303,1.0,1.0	-0.419
0.0	0.767,NA,NA,NA	-0.767
0.0	0.0,0.011,0.0,0.022	-0.008
1.0	0.721,0.432,1.0,0.233	0.403
0.406	0.049,NA,0.0,NA	0.382
0.137	0.089,0.107,0.0,0.314	0.01
1.0	1.0,0.986,1.0,1.0	0.004
0.85	0.428,0.777,1.0,0.0	0.299
1.0	0.279,NA,NA,NA	0.721
0.058	0.036,0.02,0.042,0.045	0.022
1.0	0.868,1.0,1.0,1.0	0.033
0.04	0.005,0.0,0.0,0.0	0.039
0.027	0.021,0.046,0.021,0.04	-0.005
0.475	0.69,0.263,0.625,1.0	-0.169
0.024	0.082,0.005,0.014,0.022	-0.007
0.004	0.006,0.012,0.0,0.0	-0.001
0.052	0.037,0.0,0.0,0.104	0.017
0.0	0.024,0.114,0.0,0.0	-0.035
0.583	0.563,0.773,0.491,0.145	0.09
0.048	0.042,0.017,0.022,0.042	0.017
1.0	0.961,1.0,0.997,1.0	0.011
0.992	1.0,1.0,1.0,1.0	-0.008
0.993	1.0,1.0,1.0,1.0	-0.007
0.997	1.0,0.996,1.0,0.991	0.0
0.999	1.0,0.999,0.999,1.0	-0.001
1.0	1.0,1.0,0.953,1.0	0.012
0.375	0.142,0.384,0.414,0.066	0.123
0.347	0.285,NA,0.614,NA	-0.103
1.0	1.0,1.0,1.0,0.839	0.04
0.59	1.0,NA,1.0,1.0	-0.41
0.674	0.453,0.0,0.0,NA	0.523
0.936	0.712,0.679,0.851,1.0	0.126
0.894	1.0,1.0,0.87,0.925	-0.055
1.0	1.0,1.0,0.817,1.0	0.046
0.672	0.489,0.0,0.406,1.0	0.198
1.0	1.0,NA,0.301,1.0	0.233
1.0	1.0,1.0,0.35,NA	0.217
1.0	0.545,NA,NA,NA	0.455
1.0	0.183,1.0,1.0,1.0	0.204
0.9	0.914,0.548,0.869,1.0	0.067
0.052	0.213,0.0,0.0,0.023	-0.007
0.0	0.0,0.0,0.199,0.0	-0.05
0.0	0.025,0.015,0.133,0.0	-0.043
0.957	0.924,0.935,1.0,0.927	0.01
1.0	0.994,1.0,1.0,1.0	0.002
0.46	0.653,0.885,0.598,0.885	-0.295
1.0	0.829,1.0,1.0,0.793	0.095
0.273	1.0,1.0,NA,NA	-0.727
0.76	0.814,0.907,1.0,1.0	-0.17
0.295	0.0,0.0,0.137,0.074	0.242
0.044	0.0,0.034,0.147,0.0	-0.001
0.0	0.0,0.034,0.015,0.017	-0.017
0.464	NA,0.634,1.0,0.0	-0.081
0.0	0.105,0.0,NA,NA	-0.052
1.0	1.0,0.92,0.905,1.0	0.044
1.0	0.972,1.0,1.0,1.0	0.007
0.0	0.309,0.498,1.0,0.691	-0.624
0.962	0.972,1.0,1.0,1.0	-0.031
1.0	1.0,1.0,1.0,0.969	0.008
0.987	1.0,1.0,0.973,1.0	-0.006
0.0	0.023,0.0,0.0,NA	-0.008
1.0	0.966,0.719,0.918,0.915	0.12
1.0	1.0,0.968,1.0,1.0	0.008
0.918	0.772,1.0,1.0,0.944	-0.011
1.0	0.831,1.0,1.0,1.0	0.042
1.0	1.0,0.97,1.0,1.0	0.008
0.922	0.83,1.0,1.0,0.945	-0.022
1.0	1.0,0.97,1.0,1.0	0.008
0.926	0.792,1.0,1.0,0.95	-0.009
0.705	0.602,1.0,1.0,0.927	-0.177
0.0	0.069,0.0,NA,NA	-0.035
0.154	0.14,0.092,0.22,0.19	-0.007
0.012	0.0,0.0,0.0,0.098	-0.013
0.144	0.095,0.024,0.183,0.108	0.041
0.0	0.119,NA,NA,NA	-0.119
1.0	1.0,0.993,1.0,1.0	0.002
0.898	1.0,1.0,1.0,1.0	-0.102
0.016	0.012,0.008,0.012,0.026	0.002
1.0	0.962,1.0,1.0,1.0	0.01
0.0	0.0,0.553,0.0,0.0	-0.138
0.0	0.0,0.038,1.0,NA	-0.346
0.0	0.0,0.039,NA,NA	-0.019
0.639	0.571,1.0,NA,NA	-0.146
0.351	0.493,0.618,1.0,0.737	-0.361
1.0	0.688,NA,NA,1.0	0.156
0.138	0.155,0.161,0.088,0.198	-0.013
0.0	0.079,0.032,0.0,0.041	-0.038
0.121	0.138,0.221,0.796,0.757	-0.357
0.963	1.0,1.0,1.0,1.0	-0.037
0.006	0.035,0.043,0.0,0.024	-0.02
0.0	0.064,0.0,0.0,0.0	-0.016
0.977	0.997,1.0,1.0,1.0	-0.022
0.963	0.973,0.954,0.944,0.937	0.011
0.969	1.0,1.0,1.0,1.0	-0.031
1.0	0.995,1.0,1.0,1.0	0.001
0.992	0.995,0.988,1.0,0.986	-0.0
0.94	0.982,0.953,1.0,0.927	-0.026
0.563	0.653,0.603,0.658,0.683	-0.086
0.997	1.0,1.0,1.0,1.0	-0.003
0.836	0.912,NA,1.0,NA	-0.12
0.715	1.0,NA,NA,NA	-0.285
0.507	0.838,NA,0.438,NA	-0.131
1.0	0.645,0.0,NA,1.0	0.452
0.905	0.775,1.0,NA,NA	0.018
0.0	0.518,0.528,NA,1.0	-0.682
0.03	0.0,0.141,0.0,0.0	-0.005
0.277	0.885,0.0,NA,NA	-0.165
0.873	0.978,0.965,0.795,1.0	-0.061
0.92	1.0,1.0,1.0,1.0	-0.08
0.335	0.355,0.0,0.58,0.557	-0.038
1.0	0.784,1.0,1.0,0.924	0.073
1.0	1.0,0.466,1.0,0.813	0.18
0.0	NA,0.658,NA,1.0	-0.829
0.979	1.0,0.921,0.987,0.909	0.025
0.984	1.0,1.0,1.0,1.0	-0.016
0.837	0.795,0.834,0.838,0.889	-0.002
0.994	1.0,1.0,1.0,1.0	-0.006
1.0	0.991,1.0,1.0,1.0	0.002
0.989	1.0,0.956,0.974,0.991	0.009
0.969	1.0,0.831,0.883,0.97	0.048
0.599	1.0,0.499,0.481,0.258	0.039
0.687	0.465,0.607,0.867,0.593	0.054
0.934	0.906,0.882,0.903,0.817	0.057
0.212	1.0,NA,1.0,NA	-0.788
0.922	0.917,1.0,1.0,1.0	-0.057
0.672	0.672,1.0,1.0,1.0	-0.246
0.0	0.047,0.23,0.0,0.0	-0.069
1.0	0.558,1.0,1.0,1.0	0.111
0.608	0.532,0.387,0.281,0.387	0.211
1.0	0.773,1.0,1.0,1.0	0.057
0.335	0.145,1.0,0.561,0.458	-0.206
0.895	0.934,0.924,0.861,0.817	0.011
1.0	0.797,0.415,1.0,1.0	0.197
1.0	1.0,1.0,0.916,1.0	0.021
1.0	NA,NA,0.0,NA	1.0
1.0	1.0,0.935,1.0,1.0	0.016
0.877	1.0,1.0,1.0,0.213	0.074
0.0	NA,1.0,NA,0.0	-0.5
1.0	1.0,0.967,0.734,1.0	0.075
0.561	0.0,1.0,NA,NA	0.061
0.1	0.149,0.119,0.113,0.069	-0.012
0.157	0.2,0.101,0.155,0.081	0.023
1.0	0.796,0.709,NA,0.0	0.498
1.0	1.0,1.0,1.0,0.993	0.002
0.068	0.144,0.038,0.137,0.159	-0.051
0.887	1.0,1.0,1.0,1.0	-0.113
0.0	0.042,0.0,0.0,0.0	-0.011
0.0	0.074,0.031,0.0,0.0	-0.026
1.0	0.963,NA,1.0,NA	0.018
0.883	0.631,0.925,NA,1.0	0.031
0.0	0.12,0.086,0.102,0.199	-0.127
0.014	0.021,0.0,0.011,0.01	0.003
0.995	0.998,0.971,1.0,1.0	0.003
0.154	0.726,1.0,1.0,1.0	-0.777
1.0	0.87,1.0,1.0,1.0	0.032
1.0	1.0,0.747,1.0,1.0	0.063
1.0	1.0,0.855,1.0,1.0	0.036
0.813	0.775,0.873,1.0,1.0	-0.099
0.801	0.677,0.888,0.893,0.907	-0.04
0.866	0.753,0.847,NA,NA	0.066
0.56	0.522,0.389,NA,NA	0.105
0.554	0.516,0.383,NA,1.0	-0.079
0.0	0.207,0.0,NA,NA	-0.103
0.0	0.203,0.0,NA,1.0	-0.401
0.918	0.899,1.0,1.0,1.0	-0.057
0.978	0.979,1.0,1.0,1.0	-0.017
0.918	0.923,1.0,1.0,1.0	-0.063
0.99	1.0,0.983,1.0,1.0	-0.006
0.811	1.0,0.562,1.0,1.0	-0.08
0.043	0.025,0.014,0.04,0.015	0.019
0.916	1.0,1.0,0.893,0.933	-0.04
0.912	1.0,1.0,0.895,0.923	-0.042
0.637	0.0,NA,1.0,0.0	0.304
0.925	0.677,1.0,1.0,1.0	0.006
0.0	0.0,0.008,0.0,0.0	-0.002
1.0	0.79,NA,1.0,NA	0.105
1.0	0.886,1.0,0.889,1.0	0.056
0.662	0.759,0.31,0.557,1.0	0.006
0.356	0.027,0.0,NA,1.0	0.014
1.0	1.0,0.896,1.0,0.946	0.04
0.978	1.0,0.896,1.0,1.0	0.004
0.0	0.004,0.0,0.0,0.0	-0.001
0.004	0.017,0.02,0.016,0.013	-0.013
0.0	NA,0.617,NA,1.0	-0.808
1.0	0.923,1.0,1.0,1.0	0.019
0.844	0.878,0.735,1.0,0.637	0.031
1.0	1.0,1.0,NA,0.355	0.215
0.067	0.019,0.019,0.106,0.104	0.005
0.261	0.207,0.171,0.334,0.386	-0.013
1.0	1.0,1.0,0.933,1.0	0.017
1.0	1.0,1.0,0.964,1.0	0.009
0.41	0.085,0.0,0.0,0.0	0.389
0.0	1.0,NA,NA,NA	-1.0
0.076	0.159,0.042,0.099,0.066	-0.016
0.086	0.0,0.0,0.0,0.077	0.067
0.397	0.178,0.0,0.15,0.594	0.167
0.127	0.201,0.214,0.0,0.214	-0.03
0.965	0.98,0.988,1.0,0.974	-0.021
0.862	0.939,0.959,1.0,0.94	-0.097
0.005	0.019,0.033,0.012,0.091	-0.034
0.0	0.1,0.0,0.0,0.0	-0.025
0.995	0.997,1.0,1.0,1.0	-0.004
0.214	0.164,0.066,0.127,0.138	0.09
0.026	0.027,0.016,0.03,0.012	0.005
0.972	0.97,1.0,1.0,1.0	-0.02
0.008	0.024,0.001,0.007,0.003	-0.001
0.23	0.188,0.099,1.0,1.0	-0.342
0.33	0.568,0.18,0.304,0.724	-0.114
0.36	0.31,0.168,0.373,0.512	0.019
0.011	0.0,0.0,0.0,0.0	0.011
0.305	0.19,0.177,0.568,0.288	-0.001
0.304	0.411,0.453,0.407,0.405	-0.115
0.082	0.085,0.126,0.142,0.108	-0.033
1.0	0.829,0.744,1.0,1.0	0.107
0.0	0.02,0.0,NA,NA	-0.01
0.186	0.0,0.0,0.045,0.045	0.164
0.972	1.0,0.942,1.0,1.0	-0.014
0.178	0.327,0.472,0.337,0.15	-0.143
0.484	0.67,0.463,0.33,0.708	-0.059
1.0	1.0,NA,0.288,0.0	0.571
0.0	0.209,0.0,0.0,0.0	-0.052
1.0	0.479,1.0,NA,NA	0.26
0.0	0.0,0.245,NA,NA	-0.122
0.0	0.015,0.0,0.0,0.0	-0.004
1.0	0.982,1.0,1.0,1.0	0.004
1.0	0.979,1.0,1.0,1.0	0.005
0.012	0.067,0.0,0.0,0.07	-0.022
0.109	0.067,0.035,0.203,0.384	-0.063
0.0	0.543,NA,0.0,1.0	-0.514
0.065	0.0,0.0,0.0,0.0	0.065
0.0	0.105,0.028,0.0,0.0	-0.033
0.294	1.0,0.203,0.0,NA	-0.107
1.0	NA,0.0,NA,NA	1.0
1.0	1.0,0.204,1.0,NA	0.265
0.606	0.541,0.85,0.68,0.749	-0.099
1.0	0.932,1.0,1.0,1.0	0.017
0.97	1.0,1.0,0.692,1.0	0.047
0.0	0.589,0.0,0.0,0.0	-0.147
0.082	0.308,0.042,0.13,0.0	-0.038
0.0	0.519,NA,NA,NA	-0.519
0.366	NA,0.0,1.0,1.0	-0.301
0.986	0.983,0.991,0.982,1.0	-0.003
1.0	0.883,0.815,1.0,0.688	0.153
0.06	0.09,0.053,0.084,0.097	-0.021
1.0	1.0,0.982,1.0,0.988	0.007
0.996	1.0,1.0,1.0,1.0	-0.004
1.0	1.0,0.997,0.997,0.997	0.002
0.067	0.0,0.0,0.0,0.0	0.067
0.209	1.0,0.244,0.034,0.081	-0.131
0.0	1.0,0.102,0.0,0.0	-0.276
0.0	1.0,0.145,0.0,0.0	-0.286
0.0	1.0,0.069,0.0,0.0	-0.267
0.0	0.238,NA,NA,NA	-0.238
0.705	0.939,0.886,0.547,0.707	-0.065
1.0	NA,NA,1.0,0.131	0.434
1.0	NA,NA,0.562,0.562	0.438
0.087	0.0,0.09,0.013,0.08	0.041
0.906	1.0,1.0,0.937,0.972	-0.071
0.285	0.683,0.666,1.0,0.0	-0.302
1.0	0.956,1.0,0.935,1.0	0.027
1.0	0.96,1.0,0.882,1.0	0.039
0.0	0.007,0.01,0.0,0.0	-0.004
1.0	0.427,1.0,1.0,NA	0.191
0.0	0.074,0.0,NA,NA	-0.037
0.976	0.99,0.989,0.982,0.993	-0.013
1.0	1.0,0.227,NA,1.0	0.258
0.24	0.052,0.406,0.61,0.321	-0.107
0.0	1.0,NA,NA,NA	-1.0
0.405	0.377,0.312,0.621,0.232	0.02
0.946	1.0,1.0,1.0,1.0	-0.054
0.987	1.0,1.0,1.0,1.0	-0.013
0.989	0.983,1.0,0.989,0.989	-0.001
0.0	0.0,0.0,0.0,0.017	-0.004
0.921	1.0,1.0,1.0,1.0	-0.079
0.719	1.0,0.781,1.0,1.0	-0.226
0.565	1.0,1.0,1.0,1.0	-0.435
0.0	0.037,0.163,0.342,0.0	-0.136
0.007	0.004,0.0,0.0,0.0	0.006
0.098	0.125,0.046,0.061,0.056	0.026
0.206	0.0,0.0,0.0,0.0	0.206
1.0	1.0,1.0,1.0,0.658	0.086
0.0	0.157,0.035,0.0,0.0	-0.048
1.0	NA,1.0,0.0,1.0	0.333
0.506	0.661,0.312,0.268,0.493	0.073
0.631	0.594,0.517,1.0,0.222	0.048
0.0	0.131,0.0,NA,NA	-0.066
0.0	0.134,0.134,NA,NA	-0.134
0.617	0.734,1.0,NA,NA	-0.25
0.584	0.894,0.26,NA,1.0	-0.134
0.0	0.0,0.0,0.109,0.034	-0.036
0.172	0.054,0.046,0.054,0.062	0.118
0.475	1.0,1.0,1.0,1.0	-0.525
0.0	0.052,0.0,0.464,NA	-0.172
0.868	1.0,1.0,1.0,1.0	-0.132
0.024	0.0,0.003,0.017,0.024	0.013
1.0	1.0,0.893,1.0,1.0	0.027
0.096	0.148,0.0,0.099,0.043	0.024
0.497	1.0,NA,NA,NA	-0.503
0.98	1.0,1.0,0.986,1.0	-0.016
0.893	1.0,0.869,0.949,0.859	-0.026
0.914	0.955,1.0,1.0,0.471	0.057
0.0	NA,0.05,0.0,0.075	-0.042
1.0	1.0,1.0,0.989,1.0	0.003
0.984	0.979,1.0,1.0,0.994	-0.009
0.993	0.988,0.996,0.992,1.0	-0.001
0.108	0.052,0.054,0.297,0.246	-0.054
1.0	1.0,1.0,0.68,1.0	0.08
0.367	0.512,0.0,NA,1.0	-0.137
0.136	0.0,NA,NA,0.0	0.136
0.532	0.815,0.683,0.583,0.774	-0.182
0.991	0.999,0.996,0.997,1.0	-0.007
0.775	1.0,1.0,1.0,1.0	-0.225
0.998	0.999,1.0,1.0,1.0	-0.002
0.997	0.999,0.999,1.0,0.997	-0.002
0.04	0.293,0.142,0.356,0.216	-0.212
0.014	0.005,0.0,0.02,0.022	0.002
0.568	1.0,0.0,NA,1.0	-0.099
1.0	0.744,1.0,0.727,1.0	0.132
0.387	NA,0.791,0.85,0.815	-0.432
0.965	1.0,1.0,1.0,1.0	-0.035
0.284	0.665,1.0,1.0,1.0	-0.632
0.493	0.594,0.661,0.196,NA	0.009
0.178	0.236,0.277,0.283,0.268	-0.088
0.0	0.045,0.0,0.0,0.0	-0.011
1.0	0.992,0.969,1.0,1.0	0.01
1.0	1.0,0.0,NA,NA	0.5
1.0	0.135,NA,NA,NA	0.865
1.0	1.0,1.0,0.635,1.0	0.091
0.034	0.037,0.0,0.027,0.0	0.018
0.019	0.0,0.0,0.0,0.023	0.013
0.579	0.52,0.49,0.171,0.646	0.122
1.0	0.904,1.0,1.0,1.0	0.024
0.063	0.086,0.0,0.0,0.0	0.042
0.041	0.0,0.0,0.054,0.0	0.028
0.456	0.661,1.0,1.0,NA	-0.431
0.4	0.71,1.0,1.0,NA	-0.503
0.455	0.829,1.0,1.0,NA	-0.488
1.0	0.572,1.0,NA,NA	0.214
0.0	0.072,0.073,NA,1.0	-0.382
0.069	0.073,0.118,1.0,0.0	-0.229
0.925	0.898,0.937,0.911,1.0	-0.011
0.0	0.019,0.0,0.0,1.0	-0.255
0.0	NA,0.436,0.0,0.375	-0.27
0.253	0.361,0.809,NA,NA	-0.332
0.907	0.986,1.0,0.916,0.96	-0.058
0.037	0.079,0.028,0.041,0.0	0.0
0.006	0.023,0.016,0.066,0.0	-0.02
0.0	0.0,0.044,0.0,0.0	-0.011
1.0	1.0,1.0,NA,0.0	0.333
0.051	0.016,0.011,0.11,0.069	-0.001
0.0	0.209,0.0,0.241,0.0	-0.112
0.701	0.853,0.529,0.822,0.389	0.053
0.779	0.274,0.183,0.0,0.0	0.665
0.298	0.0,NA,0.485,0.739	-0.11
0.436	1.0,1.0,NA,1.0	-0.564
1.0	0.941,1.0,NA,NA	0.03
0.275	0.262,NA,0.322,0.416	-0.058
1.0	0.524,1.0,NA,NA	0.238
0.488	0.588,1.0,0.222,0.363	-0.055
0.822	0.481,0.636,0.671,0.933	0.142
0.906	1.0,1.0,1.0,1.0	-0.094
0.822	1.0,0.0,1.0,1.0	0.072
0.079	0.055,0.01,0.122,0.048	0.02
0.0	0.0,0.0,0.0,0.087	-0.022
0.026	0.0,0.109,0.0,0.0	-0.001
1.0	NA,1.0,NA,0.0	0.5
0.997	0.999,1.0,1.0,1.0	-0.003
0.173	0.342,0.577,0.539,0.438	-0.301
0.014	0.035,0.0,0.0,0.042	-0.005
1.0	NA,0.0,1.0,NA	0.5
1.0	0.568,1.0,1.0,1.0	0.108
1.0	0.949,1.0,NA,NA	0.026
1.0	0.894,1.0,NA,1.0	0.035
0.791	0.901,0.791,0.917,0.873	-0.08
1.0	0.325,NA,NA,NA	0.675
0.941	1.0,1.0,1.0,1.0	-0.059
1.0	0.949,0.844,1.0,NA	0.069
0.631	0.577,0.51,0.901,0.697	-0.04
0.0	0.096,0.0,0.0,0.0	-0.024
0.874	0.8,0.886,1.0,1.0	-0.047
0.581	0.673,0.793,1.0,1.0	-0.286
0.165	0.336,0.327,0.048,0.202	-0.063
0.779	1.0,1.0,1.0,1.0	-0.221
0.004	0.009,0.003,0.0,0.0	0.001
0.049	0.018,0.0,0.0,0.0	0.045
0.937	0.995,1.0,1.0,1.0	-0.062
0.257	0.0,0.0,1.0,0.0	0.007
1.0	1.0,0.755,1.0,1.0	0.061
0.392	0.0,NA,NA,NA	0.392
1.0	1.0,0.963,1.0,1.0	0.009
1.0	1.0,1.0,0.889,1.0	0.028
0.457	0.678,0.107,0.457,0.0	0.147
0.526	0.75,0.087,0.399,0.0	0.217
0.695	1.0,NA,NA,NA	-0.305
0.627	1.0,1.0,1.0,NA	-0.373
0.47	0.666,0.454,0.377,0.64	-0.064
0.0	0.058,0.0,0.0,0.0	-0.015
0.053	0.047,0.013,0.053,0.0	0.025
0.05	0.049,0.0,0.012,0.05	0.022
1.0	0.691,1.0,1.0,1.0	0.077
1.0	0.83,0.493,NA,1.0	0.226
0.616	0.623,0.32,0.337,0.611	0.143
0.752	0.79,0.765,0.465,0.76	0.057
1.0	1.0,1.0,0.236,1.0	0.191
1.0	0.935,NA,NA,NA	0.065
0.019	0.029,0.006,0.015,0.011	0.004
0.0	0.0,0.0,0.0,1.0	-0.25
0.134	0.176,0.216,0.0,0.0	0.036
0.098	0.035,0.043,NA,0.521	-0.102
0.21	1.0,0.347,NA,0.515	-0.411
0.698	1.0,0.917,NA,0.481	-0.101
0.9	0.932,0.934,1.0,0.913	-0.045
0.073	0.067,0.064,0.13,0.128	-0.024
0.004	0.003,0.003,0.004,0.001	0.001
0.0	0.0,0.0,0.251,0.0	-0.063
0.723	0.763,0.734,0.738,0.609	0.012
1.0	0.952,0.89,1.0,1.0	0.039
0.823	0.983,1.0,1.0,0.823	-0.129
0.071	0.051,0.084,0.0,0.075	0.018
0.983	0.979,0.974,0.994,0.971	0.003
1.0	0.068,NA,NA,NA	0.932
0.054	0.0,0.0,0.0,0.0	0.054
0.852	0.956,1.0,1.0,1.0	-0.137
0.775	NA,NA,NA,1.0	-0.225
0.0	0.768,0.243,0.0,0.42	-0.358
0.468	0.089,0.268,0.328,0.661	0.132
0.807	0.854,0.938,0.898,1.0	-0.115
1.0	0.568,1.0,1.0,1.0	0.108
0.0	0.019,0.0,0.0,0.0	-0.005
1.0	0.981,1.0,1.0,1.0	0.005
0.96	1.0,1.0,0.982,0.775	0.021
0.178	0.0,0.0,NA,1.0	-0.155
0.0	0.115,NA,NA,NA	-0.115
0.0	0.088,0.0,NA,NA	-0.044
0.0	0.089,0.0,0.0,0.0	-0.022
0.0	0.021,0.0,0.0,0.0	-0.005
1.0	1.0,1.0,0.959,1.0	0.01
0.757	1.0,1.0,1.0,1.0	-0.243
0.0	0.147,0.0,0.0,0.0	-0.037
1.0	0.764,1.0,1.0,1.0	0.059
0.143	0.543,1.0,NA,NA	-0.629
0.0	0.091,0.0,NA,0.504	-0.198
0.0	0.037,0.0,0.0,0.0	-0.009
1.0	0.898,NA,NA,NA	0.102
1.0	0.978,1.0,NA,NA	0.011
1.0	0.948,NA,NA,NA	0.052
0.033	0.0,0.039,0.0,0.129	-0.009
0.0	0.061,NA,NA,NA	-0.061
0.0	0.673,NA,NA,NA	-0.673
1.0	1.0,1.0,1.0,0.925	0.019
0.903	1.0,0.78,1.0,1.0	-0.042
1.0	1.0,0.983,1.0,1.0	0.004
0.044	0.14,0.026,0.091,0.2	-0.07
0.088	0.102,0.051,0.031,0.097	0.018
0.312	0.263,0.268,0.174,0.208	0.084
0.247	0.312,0.128,0.153,0.104	0.073
0.832	0.928,1.0,1.0,0.498	-0.025
1.0	0.963,1.0,1.0,1.0	0.009
0.033	0.028,0.036,0.0,0.056	0.003
1.0	0.951,1.0,NA,1.0	0.016
1.0	0.992,1.0,1.0,1.0	0.002
0.595	0.583,0.463,0.476,0.594	0.066
1.0	1.0,1.0,0.959,1.0	0.01
1.0	0.781,1.0,0.766,1.0	0.113
1.0	1.0,0.808,1.0,1.0	0.048
0.327	0.317,NA,1.0,NA	-0.331
0.105	0.0,0.0,0.402,0.037	-0.005
0.975	1.0,1.0,1.0,1.0	-0.025
0.555	0.206,0.438,0.0,1.0	0.144
0.79	1.0,0.869,1.0,1.0	-0.177
0.801	1.0,0.345,1.0,1.0	-0.035
0.0	0.0,0.28,NA,1.0	-0.427
0.0	1.0,NA,0.0,NA	-0.5
0.641	1.0,1.0,NA,1.0	-0.359
1.0	0.46,1.0,NA,0.0	0.513
0.654	NA,NA,1.0,NA	-0.346
1.0	0.0,NA,1.0,1.0	0.333
1.0	0.942,1.0,NA,NA	0.029
0.048	0.051,0.019,0.043,0.054	0.006
0.914	1.0,1.0,1.0,1.0	-0.086
1.0	0.823,1.0,NA,NA	0.089
0.0	0.654,1.0,NA,NA	-0.827
0.618	0.847,NA,NA,1.0	-0.305
1.0	0.831,0.0,NA,1.0	0.39
1.0	0.985,1.0,1.0,1.0	0.004
0.721	0.463,0.575,0.301,NA	0.275
1.0	0.905,1.0,1.0,0.301	0.198
0.351	0.18,0.179,0.193,0.231	0.155
0.192	0.103,0.093,0.225,0.225	0.03
0.783	0.163,0.303,0.593,0.492	0.395
1.0	0.839,1.0,1.0,1.0	0.04
0.061	0.174,0.088,0.093,0.157	-0.067
0.436	0.363,0.326,0.402,0.418	0.059
0.957	0.817,1.0,1.0,1.0	0.003
0.843	0.649,0.627,1.0,0.834	0.066
0.624	0.768,0.311,1.0,1.0	-0.146
0.0	0.0,0.0,0.0,0.395	-0.099
0.028	0.012,0.0,0.022,0.074	0.001
0.967	1.0,1.0,1.0,1.0	-0.033
0.12	0.034,0.065,0.093,0.147	0.035
0.0	0.065,0.0,NA,NA	-0.033
1.0	0.97,1.0,1.0,1.0	0.008
0.095	0.0,0.0,0.0,0.0	0.095
1.0	1.0,1.0,1.0,0.871	0.032
0.0	1.0,NA,NA,NA	-1.0
1.0	0.397,NA,NA,NA	0.603
0.031	0.015,0.059,0.0,0.0	0.013
1.0	1.0,0.96,1.0,1.0	0.01
0.036	0.052,0.029,0.0,0.032	0.008
0.068	0.11,0.054,0.113,0.218	-0.056
0.0	0.0,0.01,0.0,0.014	-0.006
0.209	0.168,0.036,0.029,0.081	0.131
1.0	0.314,1.0,1.0,NA	0.229
1.0	1.0,0.147,1.0,1.0	0.213
0.534	0.0,NA,NA,0.0	0.534
0.981	1.0,1.0,0.95,1.0	-0.007
0.0	0.093,0.0,0.0,0.0	-0.023
1.0	0.57,NA,NA,NA	0.43
1.0	0.929,1.0,1.0,1.0	0.018
1.0	0.998,1.0,0.991,1.0	0.003
0.839	1.0,1.0,1.0,1.0	-0.161
0.865	0.482,0.771,0.649,1.0	0.139
0.227	0.123,0.116,0.0,0.197	0.118
0.271	0.179,0.183,0.348,0.308	0.017
0.823	1.0,1.0,1.0,1.0	-0.177
0.0	0.042,NA,NA,0.0	-0.021
0.998	0.999,0.996,0.996,1.0	0.0
1.0	0.98,1.0,1.0,1.0	0.005
1.0	1.0,0.922,1.0,1.0	0.019
0.065	0.0,0.029,0.073,0.113	0.011
1.0	1.0,0.25,NA,1.0	0.25
0.988	1.0,1.0,1.0,0.955	-0.001
0.029	0.054,0.025,0.027,0.044	-0.008
0.838	0.894,1.0,1.0,1.0	-0.136
1.0	0.887,1.0,NA,1.0	0.038
0.975	0.98,1.0,0.949,0.989	-0.004
0.947	1.0,0.932,0.952,0.952	-0.012
0.0	0.236,NA,NA,NA	-0.236
0.489	1.0,1.0,1.0,1.0	-0.511
0.014	0.009,0.01,0.01,0.024	0.001
0.015	0.047,0.011,0.011,0.027	-0.009
0.048	0.044,0.064,0.0,0.121	-0.009
0.104	0.051,0.069,0.0,0.0	0.074
0.031	0.0,0.0,0.0,0.0	0.031
0.0	0.0,0.0,0.472,0.058	-0.133
1.0	1.0,1.0,1.0,0.974	0.006
0.002	0.002,0.0,0.0,0.0	0.002
1.0	0.994,1.0,1.0,1.0	0.002
0.045	0.004,0.042,0.0,0.0	0.034
1.0	1.0,0.987,0.971,0.917	0.031
0.843	0.874,0.847,0.991,1.0	-0.085
0.017	0.065,0.05,0.072,0.067	-0.046
0.06	0.0,0.217,0.0,0.0	0.006
0.983	1.0,1.0,1.0,1.0	-0.017
0.457	0.741,1.0,NA,NA	-0.414
1.0	0.915,1.0,NA,NA	0.042
1.0	0.72,1.0,0.0,NA	0.427
1.0	0.749,0.499,NA,NA	0.376
1.0	1.0,1.0,1.0,0.977	0.006
0.988	0.99,1.0,0.971,1.0	-0.002
0.094	0.183,0.018,0.054,0.055	0.017
0.829	1.0,1.0,1.0,1.0	-0.171
0.405	0.602,1.0,1.0,1.0	-0.495
0.492	0.548,0.212,0.377,1.0	-0.042
0.163	0.0,0.0,0.0,NA	0.163
0.858	1.0,1.0,1.0,1.0	-0.142
0.942	1.0,1.0,1.0,1.0	-0.058
0.17	0.515,0.368,0.0,0.0	-0.051
1.0	0.967,1.0,1.0,1.0	0.008
0.0	0.0,0.005,0.0,0.0	-0.001
0.931	1.0,1.0,1.0,1.0	-0.069
0.027	0.027,0.0,0.066,0.035	-0.005
0.909	0.885,1.0,1.0,1.0	-0.062
0.977	0.976,1.0,1.0,1.0	-0.017
0.094	0.03,0.0,0.0,0.0	0.086
1.0	1.0,1.0,0.962,1.0	0.01
0.986	1.0,0.976,1.0,1.0	-0.008
1.0	0.088,1.0,1.0,1.0	0.228
1.0	0.03,NA,NA,NA	0.97
0.981	0.995,0.949,1.0,0.971	0.002
0.748	0.875,1.0,0.284,1.0	-0.042
1.0	0.0,0.0,0.025,0.054	0.98
0.188	0.288,0.352,NA,0.0	-0.025
0.123	0.059,0.278,0.256,0.0	-0.025
1.0	0.818,0.63,0.78,0.818	0.239
1.0	0.812,1.0,NA,NA	0.094
0.113	0.179,0.0,0.0,NA	0.053
0.454	0.048,0.364,0.379,0.548	0.119
0.38	0.245,0.564,0.795,0.776	-0.215
0.413	0.765,0.679,0.856,0.732	-0.345
0.604	0.656,0.555,0.639,0.711	-0.036
1.0	0.984,0.97,1.0,0.973	0.018
1.0	1.0,0.275,NA,NA	0.363
0.0	0.527,1.0,0.0,0.0	-0.382
1.0	0.779,0.0,0.449,1.0	0.443
0.84	1.0,0.814,1.0,1.0	-0.114
0.122	0.014,0.0,0.0,0.044	0.107
0.278	0.424,0.276,0.538,0.542	-0.167
1.0	0.921,1.0,1.0,1.0	0.02
1.0	1.0,1.0,0.997,1.0	0.001
0.001	0.0,0.0,0.0,0.001	0.001
0.003	0.0,0.0,0.0,0.001	0.003
1.0	1.0,0.745,0.953,0.849	0.113
1.0	0.761,0.367,0.823,1.0	0.262
1.0	1.0,1.0,0.662,0.0	0.335
0.91	0.873,0.788,0.74,0.733	0.127
0.809	0.814,1.0,0.935,0.916	-0.107
0.708	0.716,1.0,0.895,0.891	-0.167
0.229	0.393,0.283,0.407,0.191	-0.089
0.159	0.586,0.32,0.0,0.485	-0.189
0.271	0.427,0.157,0.157,0.034	0.077
0.0	0.074,0.0,0.0,0.0	-0.018
0.226	0.358,0.369,0.0,0.0	0.044
0.278	0.299,0.381,0.664,0.438	-0.167
0.309	1.0,1.0,NA,NA	-0.691
0.0	0.1,0.0,NA,0.0	-0.033
0.055	0.045,0.085,NA,0.0	0.012
1.0	0.271,1.0,NA,NA	0.365
0.966	0.96,1.0,0.976,0.899	0.007
1.0	0.163,NA,NA,1.0	0.418
1.0	0.756,0.0,NA,NA	0.622
1.0	0.89,NA,NA,NA	0.11
1.0	0.97,1.0,NA,NA	0.015
0.0	0.191,0.047,0.0,0.0	-0.059
0.816	0.118,0.27,0.885,0.837	0.288
0.974	0.942,1.0,1.0,NA	-0.007
0.048	0.0,0.0,0.022,0.017	0.038
0.0	0.118,0.0,0.0,0.0	-0.029
0.144	0.0,0.0,0.0,0.0	0.144
0.017	0.0,0.0,0.0,NA	0.017
0.478	0.55,0.66,0.513,0.535	-0.087
0.55	0.024,0.0,NA,NA	0.538
0.246	0.068,0.115,0.195,0.534	0.018
0.057	0.092,0.0,0.0,0.035	0.025
0.369	0.63,0.366,0.868,0.556	-0.236
0.398	0.621,0.307,0.843,0.534	-0.178
0.581	0.594,0.508,0.357,0.534	0.083
0.628	1.0,1.0,1.0,0.537	-0.256
0.318	NA,0.0,NA,NA	0.318
0.813	0.857,0.835,0.818,0.866	-0.031
0.0	0.235,0.0,NA,0.315	-0.183
0.0	0.206,0.154,0.539,0.0	-0.225
1.0	1.0,0.359,1.0,1.0	0.16
0.799	1.0,1.0,1.0,1.0	-0.201
0.935	0.79,0.877,0.909,0.864	0.075
1.0	0.686,NA,NA,NA	0.314
1.0	0.445,NA,NA,NA	0.555
0.633	0.683,NA,NA,NA	-0.05
1.0	0.972,1.0,1.0,1.0	0.007
1.0	0.876,1.0,1.0,1.0	0.031
1.0	0.938,1.0,1.0,1.0	0.016
1.0	0.972,1.0,1.0,1.0	0.007
0.0	0.009,0.056,0.127,0.0	-0.048
0.0	0.134,0.0,NA,NA	-0.067
0.392	0.343,1.0,1.0,0.436	-0.303
0.365	0.418,0.39,0.299,0.523	-0.042
1.0	0.97,1.0,NA,NA	0.015
0.022	0.139,0.183,0.0,0.072	-0.077
0.841	0.983,1.0,1.0,1.0	-0.155
0.13	0.114,0.0,0.374,0.285	-0.063
0.0	0.448,0.094,0.268,0.0	-0.203
0.0	0.0,0.099,0.0,0.0	-0.025
0.0	1.0,NA,NA,1.0	-1.0
0.0	0.323,NA,NA,1.0	-0.661
0.0	0.193,0.0,0.389,0.241	-0.206
0.0	1.0,NA,0.0,NA	-0.5
1.0	0.844,1.0,1.0,0.627	0.132
1.0	0.648,1.0,1.0,1.0	0.088
0.193	0.0,0.0,NA,0.071	0.169
0.288	0.0,0.0,0.143,0.06	0.237
0.993	0.984,0.99,0.994,0.995	0.002
0.37	0.499,0.0,0.416,0.458	0.027
0.674	NA,0.0,NA,1.0	0.174
0.716	0.466,0.5,0.576,0.581	0.185
0.901	1.0,1.0,1.0,1.0	-0.099
0.963	NA,0.858,1.0,0.968	0.021
0.0	0.027,0.021,0.087,0.039	-0.044
0.899	1.0,1.0,0.917,1.0	-0.08
0.008	0.032,0.0,0.153,0.0	-0.038
1.0	0.513,1.0,1.0,1.0	0.122
0.0	0.0,0.0,0.425,0.0	-0.106
0.21	0.351,0.0,0.0,0.275	0.053
0.145	0.068,0.015,0.0,0.055	0.11
0.58	0.779,1.0,1.0,0.833	-0.323
0.151	0.045,0.0,NA,0.335	0.024
1.0	0.983,1.0,1.0,1.0	0.004
0.0	0.0,0.0,0.0,0.015	-0.004
0.0	0.013,0.0,0.0,0.0	-0.003
0.02	0.044,0.082,0.0,0.0	-0.011
0.108	0.0,0.045,0.033,0.0	0.088
0.0	0.04,0.0,NA,NA	-0.02
0.048	0.04,0.049,0.032,0.018	0.013
0.679	1.0,1.0,0.974,0.774	-0.258
1.0	1.0,0.934,1.0,1.0	0.016
1.0	0.965,1.0,1.0,1.0	0.009
0.832	0.276,0.135,0.211,0.227	0.62
0.936	NA,1.0,1.0,0.895	-0.029
1.0	1.0,0.992,1.0,1.0	0.002
1.0	0.787,1.0,1.0,1.0	0.053
0.934	1.0,1.0,1.0,1.0	-0.066
0.936	0.89,1.0,1.0,0.795	0.015
0.978	0.932,0.944,1.0,0.985	0.013
0.0	0.096,NA,NA,NA	-0.096
1.0	0.967,1.0,1.0,NA	0.011
0.062	0.179,0.038,0.069,0.149	-0.047
0.013	0.032,0.0,0.0,0.0	0.005
0.544	1.0,0.492,0.492,0.492	-0.075
0.168	0.084,0.0,0.0,0.0	0.147
0.777	0.87,0.368,0.724,0.636	0.128
0.0	0.335,0.0,0.0,0.0	-0.084
0.067	0.05,0.0,0.111,0.081	0.007
0.81	0.895,1.0,1.0,1.0	-0.164
0.67	1.0,1.0,0.337,1.0	-0.164
0.08	0.115,0.076,0.1,0.111	-0.021
0.976	1.0,1.0,1.0,1.0	-0.024
0.095	0.076,0.038,0.041,0.089	0.034
0.35	0.779,0.217,0.384,0.665	-0.161
0.386	0.296,0.0,0.0,NA	0.287
0.992	1.0,1.0,1.0,1.0	-0.008
1.0	1.0,1.0,1.0,0.977	0.006
0.26	0.401,0.45,0.45,0.929	-0.297
0.205	1.0,NA,1.0,NA	-0.795
0.0	0.08,0.0,NA,0.0	-0.027
0.017	0.008,0.007,0.011,0.0	0.011
0.03	0.035,0.019,0.047,0.015	0.001
0.827	0.919,1.0,1.0,1.0	-0.153
0.382	0.128,0.188,0.0,0.481	0.183
0.003	0.007,0.013,0.006,0.007	-0.005
0.32	0.0,0.105,0.19,NA	0.222
0.987	1.0,1.0,1.0,1.0	-0.013
1.0	1.0,0.506,1.0,1.0	0.123
0.691	1.0,1.0,1.0,1.0	-0.309
1.0	1.0,1.0,0.415,1.0	0.146
0.395	0.35,0.531,0.876,0.464	-0.16
0.112	NA,1.0,NA,1.0	-0.888
0.869	0.948,0.667,0.884,0.728	0.062
1.0	0.994,1.0,0.999,0.999	0.002
0.0	0.0,0.0,0.0,0.009	-0.002
0.552	0.291,NA,NA,0.0	0.407
0.059	0.036,0.058,0.054,0.049	0.01
1.0	0.836,1.0,0.638,1.0	0.132
1.0	1.0,0.578,1.0,1.0	0.106
1.0	1.0,1.0,0.948,1.0	0.013
0.003	0.012,0.0,0.024,0.0	-0.006
0.0	0.031,0.0,0.054,0.03	-0.029
0.515	1.0,1.0,1.0,1.0	-0.485
0.492	NA,1.0,0.0,1.0	-0.175
1.0	1.0,1.0,0.934,1.0	0.016
1.0	0.242,1.0,NA,NA	0.379
1.0	0.99,1.0,1.0,1.0	0.002
1.0	1.0,0.987,1.0,1.0	0.003
1.0	0.959,1.0,1.0,0.922	0.03
1.0	NA,NA,1.0,0.712	0.144
0.128	0.042,0.151,0.063,0.034	0.055
0.986	0.97,0.946,0.958,0.95	0.03
0.012	0.026,0.006,0.005,0.032	-0.005
0.053	0.054,0.014,0.056,0.079	0.002
1.0	0.866,1.0,1.0,1.0	0.033
1.0	1.0,1.0,0.382,1.0	0.154
0.0	0.0,0.234,0.0,0.0	-0.059
0.407	0.257,0.46,0.477,0.442	-0.002
0.492	0.166,0.161,0.127,0.232	0.321
1.0	0.924,1.0,1.0,0.953	0.031
0.548	0.312,1.0,0.797,0.645	-0.14
0.0	0.061,NA,1.0,NA	-0.53
0.83	0.919,0.901,1.0,1.0	-0.125
0.693	0.814,0.798,1.0,1.0	-0.21
0.066	0.153,0.074,0.148,0.06	-0.043
1.0	0.994,1.0,1.0,1.0	0.002
0.012	0.01,0.012,0.008,0.006	0.003
0.719	0.747,0.753,0.782,0.713	-0.03
0.206	0.757,NA,NA,NA	-0.551
0.74	0.983,1.0,1.0,1.0	-0.256
0.0	0.051,0.0,NA,NA	-0.025
1.0	1.0,1.0,1.0,0.992	0.002
0.993	1.0,1.0,1.0,1.0	-0.007
1.0	0.814,0.695,1.0,1.0	0.123
0.012	0.0,0.014,0.0,0.036	-0.0
0.199	0.029,0.129,0.0,0.182	0.114
1.0	1.0,0.733,1.0,NA	0.089
0.426	0.0,1.0,0.69,0.509	-0.124
0.835	0.896,0.86,0.905,0.955	-0.069
1.0	0.999,1.0,1.0,1.0	0.0
1.0	0.996,1.0,1.0,1.0	0.001
0.001	0.006,0.002,0.001,0.003	-0.002
0.984	0.993,1.0,1.0,1.0	-0.014
1.0	0.891,1.0,1.0,1.0	0.027
0.192	0.035,0.204,0.152,0.103	0.069
0.008	0.0,0.0,0.0,0.0	0.008
0.532	0.734,NA,NA,NA	-0.202
1.0	1.0,0.973,1.0,1.0	0.007
0.39	0.414,0.537,0.445,0.521	-0.089
0.0	0.28,0.0,0.0,0.0	-0.07
1.0	0.6,NA,NA,1.0	0.2
0.608	1.0,NA,1.0,NA	-0.392
0.063	0.17,0.0,0.166,0.107	-0.048
