ID
5
7
9
10
13
14
15
16
17
18
19
20
21
22
23
24
29
38
39
40
57
59
67
75
76
79
80
83
85
87
88
89
90
95
112
113
120
122
123
131
142
144
145
149
150
151
165
166
167
170
176
184
185
186
196
198
199
201
207
214
219
220
221
225
226
227
232
233
234
237
246
253
254
260
263
267
272
273
274
278
282
283
291
292
304
305
307
324
337
338
342
349
351
357
363
366
367
370
392
397
399
400
401
402
403
405
411
412
413
414
416
418
426
431
436
437
443
445
447
448
449
450
464
467
475
487
492
493
494
495
501
503
505
514
515
517
519
521
522
523
525
528
529
533
539
542
544
546
550
556
559
568
569
572
573
576
578
579
580
583
584
595
596
597
598
603
605
607
608
609
611
634
643
644
648
654
656
664
665
667
668
670
671
677
687
688
691
694
697
713
716
717
718
724
728
730
735
746
752
755
756
757
758
761
768
775
777
779
782
783
792
796
805
809
810
811
812
813
814
820
823
824
825
830
835
837
838
842
844
845
849
855
857
871
872
873
875
878
879
885
894
896
899
901
909
910
911
913
918
927
931
932
938
940
941
943
959
960
962
968
969
976
979
980
986
987
997
998
1003
1004
1027
1029
1032
1033
1034
1050
1051
1059
1070
1071
1072
1076
1078
1079
1089
1093
1094
1095
1097
1105
1109
1111
1119
1120
1121
1122
1125
1128
1134
1136
1138
1142
1143
1144
1148
1149
1150
1151
1171
1180
1183
1188
1201
1206
1208
1210
1211
1213
1224
1225
1229
1237
1238
1242
1244
1246
1247
1248
1254
1258
1260
1261
1264
1265
1266
1267
1271
1272
1278
1279
1280
1282
1283
1288
1289
1290
1291
1294
1295
1296
1299
1300
1301
1304
1305
1307
1308
1311
1312
1313
1315
1316
1317
1318
1320
1322
1325
1331
1340
1341
1344
1346
1356
1357
1359
1361
1366
1367
1368
1369
1370
1373
1374
1377
1385
1386
1387
1388
1389
1390
1394
1396
1406
1407
1414
1425
1429
1442
1443
1444
1445
1446
1447
1452
1455
1461
1463
1467
1469
1470
1474
1475
1477
1478
1479
1481
1487
1488
1490
1499
1500
1501
1503
1509
1511
1512
1513
1514
1516
1518
1520
1522
1523
1524
1525
1527
1531
1532
1533
1534
1537
1539
1540
1541
1542
1544
1545
1546
1547
1548
1551
1552
1553
1560
1563
1564
1565
1566
1567
1571
1572
1574
1575
1582
1583
1590
1592
1593
1595
1600
1601
1603
1604
1607
1608
1610
1613
1631
1633
1634
1638
1641
1642
1644
1645
1646
1653
1654
1655
1656
1657
1668
1669
1675
1678
1685
1686
1687
1688
1689
1690
1691
1692
1694
1695
1696
1702
1704
1712
1714
1716
1717
1718
1723
1724
1726
1736
1745
1746
1748
1749
1756
1757
1758
1759
1760
1764
1765
1766
1767
1773
1777
1792
1793
1795
1797
1798
1809
1810
1813
1817
1819
1820
1821
1837
1839
1840
1842
1844
1845
1847
1850
1851
1852
1853
1855
1861
1864
1865
1867
1868
1871
1873
1876
1895
1898
1901
1904
1907
1908
1912
1918
1921
1922
1923
1924
1925
1930
1931
1936
1937
1938
1939
1940
1943
1944
1947
1948
1949
1950
1951
1952
1954
1955
1956
1957
1959
1962
1966
1967
1969
1973
1974
1977
1978
1981
1983
1984
1985
1986
1990
1997
1998
2000
2004
2005
2006
2007
2012
2013
2014
2016
2018
2021
2022
2024
2025
2027
2028
2029
2030
2032
2033
2039
2042
2045
2048
2049
2050
2051
2053
2057
2060
2069
2071
2073
2088
2090
2091
2092
2093
2094
2095
2096
2102
2107
2110
2111
2112
2115
2116
2119
2120
2121
2122
2123
2127
2128
2129
2133
2134
2135
2139
2140
2141
2145
2153
2154
2155
2156
2160
2162
2163
2164
2165
2168
2170
2172
2173
2174
2181
2182
2183
2184
2185
2186
2188
2189
2190
2192
2193
2194
2195
2196
2197
2199
2200
2201
2202
2203
2204
2206
2207
2208
2209
2210
2211
2214
2215
2217
2220
2221
2222
2223
2224
2225
2226
2227
2229
2230
2232
2233
2238
2239
2240
2241
2245
2248
2251
2252
2253
2257
2258
2263
2264
2265
2273
2274
2275
2278
2280
2281
2283
2284
2286
2288
2292
2297
2299
2300
2304
2305
2306
2307
2308
2310
2311
2312
2316
2318
2334
2336
2338
2339
2342
2343
2344
2345
2346
2347
2348
2349
2350
2351
2354
2356
2359
2361
2366
2367
2368
2370
2376
2378
2379
2381
2382
2383
2384
2385
2386
2387
2388
2392
2395
2400
2403
2404
2405
2406
2407
2408
2409
2410
2411
2412
2414
2417
2426
2427
2428
2431
2437
2439
2445
2446
2448
2450
2451
2452
2466
2467
2468
2471
2474
2476
2487
2488
2495
2496
2497
2499
2500
2501
2502
2504
2507
2508
2514
2515
2516
2517
2518
2520
2521
2523
2524
2525
2527
2528
2530
2535
2536
2538
2539
2540
2541
2543
2544
2545
2546
2547
2551
2552
2554
2556
2557
2558
2559
2561
2562
2565
2570
2571
2572
2573
2582
2583
2588
2590
2591
2592
2593
2594
2595
2596
2598
2600
2601
2607
2608
2611
2614
2617
2620
2625
2630
2631
2633
2638
2639
2640
2642
2643
2647
2648
2650
2656
2657
2658
2659
2660
2662
2665
2667
2669
2670
2671
2672
2674
2679
2680
2682
2683
2684
2690
2691
2692
2693
2697
2702
2706
2709
2716
2719
2720
2723
2727
2728
2732
2733
2734
2735
2739
2740
2745
2749
2754
2755
2756
2757
2758
2759
2760
2766
2769
2770
2771
2772
2773
2774
2775
2779
2783
2784
2786
2787
2790
2791
2796
2803
2805
2810
2815
2825
2826
2828
2830
2833
2835
2837
2838
2842
2843
2845
2846
2849
2850
2851
2852
2853
2855
2860
2861
2863
2868
2869
2877
2878
2882
2884
2885
2889
2892
2894
2895
2902
2903
2904
2905
2906
2907
2908
2909
2910
2915
2916
2917
2918
2919
2922
2924
2925
2930
2935
2938
2939
2940
2943
2944
2949
2950
2954
2956
2957
2965
2966
2971
2972
2973
2974
2975
2976
2980
2982
2983
2984
2985
2990
2992
2994
2999
3000
3001
3002
3003
3004
3006
3007
3017
3018
3019
3020
3021
3023
3028
3029
3030
3036
3041
3049
3051
3058
3059
3063
3070
3071
3073
3076
3082
3085
3087
3088
3089
3092
3093
3095
3102
3103
3104
3105
3106
3109
3110
3112
3113
3115
3117
3118
3119
3123
3125
3127
3132
3134
3136
3141
3147
3149
3150
3151
3152
3155
3159
3160
3161
3163
3165
3175
3179
3181
3182
3183
3185
3188
3192
3194
3195
3196
3198
3199
3200
3202
3205
3206
3207
3208
3212
3213
3214
3215
3216
3217
3221
3222
3224
3225
3226
3228
3230
3231
3232
3233
3234
3237
3238
3239
3240
3241
3248
3251
3253
3269
3275
3276
3297
3305
3309
3310
3311
3312
3313
3314
3315
3316
3317
3318
3319
3320
3321
3322
3325
3326
3327
3329
3339
3340
3346
3347
3348
3354
3355
3358
3360
3361
3364
3368
3369
3370
3372
3374
3376
3377
3380
3381
3382
3385
3386
3393
3397
3400
3401
3402
3403
3407
3409
3413
3419
3421
3423
3427
3428
3434
3436
3437
3438
3439
3440
3441
3445
3448
3449
3451
3452
3453
3457
3459
3462
3463
3468
3469
3470
3473
3474
3475
3479
3480
3481
3482
3483
3485
3488
3500
3501
3504
3505
3508
3513
3534
3535
3537
3548
3549
3552
3555
3556
3561
3562
3566
3570
3571
3572
3575
3578
3579
3580
3581
3582
3586
3592
3593
3598
3605
3607
3614
3615
3618
3620
3621
3622
3623
3625
3626
3627
3628
3629
3630
3632
3633
3634
3636
3637
3638
3639
3641
3642
3643
3644
3645
3647
3648
3649
3650
3655
3656
3658
3659
3660
3661
3662
3663
3665
3668
3671
3675
3683
3686
3688
3692
3693
3694
3698
3699
3707
3728
3729
3730
3731
3734
3735
3744
3745
3748
3750
3751
3757
3761
3762
3763
3765
3766
3767
3768
3769
3778
3779
3780
3781
3782
3784
3785
3788
3791
3796
3801
3803
3804
3806
3807
3809
3812
3813
3816
3817
3818
3820
3824
3826
3830
3831
3836
3837
3838
3839
3842
3846
3854
3855
3857
3859
3864
3865
3866
3867
3868
3869
3872
3873
3878
3881
3885
3886
3887
3888
3889
3895
3896
3900
3909
3911
3912
3914
3917
3918
3927
3928
3931
3932
3936
3940
3941
3942
3947
3949
3951
3955
3957
3958
3964
3974
3976
3978
3979
3982
3984
3985
3986
3993
3997
4002
4003
4010
4011
4013
4014
4016
4017
4020
4022
4028
4032
4035
4036
4037
4038
4042
4045
4047
4048
4050
4051
4055
4064
4065
4068
4069
4074
4077
4080
4085
4088
4089
4092
4093
4094
4099
4100
4102
4109
4124
4125
4127
4134
4135
4136
4142
4143
4145
4149
4155
4156
4157
4158
4160
4162
4167
4168
4169
4171
4172
4174
4178
4179
4180
4181
4182
4183
4184
4186
4187
4188
4196
4197
4201
4212
4213
4217
4218
4220
4229
4230
4231
4232
4233
4234
4237
4239
4240
4241
4242
4243
4244
4246
4250
4251
4252
4254
4256
4257
4261
4267
4268
4269
4277
4285
4288
4292
4295
4296
4297
4300
4301
4304
4309
4310
4311
4320
4324
4325
4326
4327
4331
4334
4337
4339
4340
4345
4346
4347
4348
4349
4354
4355
4356
4361
4362
4366
4368
4370
4371
4373
4375
4377
4380
4381
4382
4384
4387
4392
4394
4396
4399
4400
4401
4408
4411
4419
4420
4423
4425
4426
4427
4431
4432
4433
4434
4435
4438
4439
4443
4451
4458
4459
4460
4463
4469
4471
4473
4474
4475
4477
4479
4480
4481
4482
4484
4490
4496
4497
4498
4502
4503
4504
4505
4507
4508
4509
4510
4511
4512
4513
4515
4516
4517
4518
4520
4525
4529
4536
4538
4559
4561
4562
4563
4568
4569
4570
4571
4573
4580
4581
4586
4589
4590
4591
4594
4596
4597
4598
4599
4604
4605
4606
4607
4608
4613
4615
4617
4622
4626
4637
4638
4640
4645
4646
4647
4651
4652
4656
4657
4658
4659
4660
4662
4663
4665
4668
4669
4670
4671
4676
4677
4679
4680
4682
4683
4684
4685
4688
4697
4698
4699
4701
4704
4705
4706
4707
4709
4713
4719
4721
4722
4725
4726
4727
4728
4729
4730
4731
4732
4739
4742
4748
4749
4757
4758
4759
4762
4765
4771
4772
4774
4783
4784
4785
4787
4792
4794
4797
4798
4802
4806
4807
4809
4810
4811
4818
4820
4822
4823
4825
4830
4831
4833
4834
4835
4836
4837
4838
4839
4840
4841
4843
4846
4847
4851
4852
4854
4857
4864
4865
4868
4869
4870
4877
4880
4881
4884
4885
4887
4888
4889
4891
4892
4893
4894
4901
4903
4905
4912
4915
4916
4918
4921
4924
4925
4928
4931
4932
4933
4938
4939
4941
4942
4944
4947
4950
4951
4952
4957
4959
4967
4973
4974
4975
4976
4977
4978
5001
5002
5003
5006
5007
5010
5011
5012
5017
5023
5028
5040
5041
5042
5043
5046
5049
5050
5052
5053
5056
5057
5060
5062
5063
5064
5067
5069
5070
5074
5075
5076
5078
5079
5081
5085
5086
5087
5091
5092
5097
5098
5099
5102
5105
5106
5107
5108
5109
5110
5113
5116
5117
5118
5123
5125
5128
5134
5135
5136
5138
5139
5145
5146
5147
5148
5149
5150
5159
5164
5165
5166
5167
5172
5173
5182
5183
5184
5185
5186
5187
5190
5192
5193
5195
5197
5198
5199
5200
5202
5204
5206
5209
5210
5211
5217
5219
5235
5246
5247
5251
5253
5254
5255
5256
5257
5262
5266
5268
5269
5270
5272
5273
5277
5278
5279
5280
5286
5288
5289
5290
5297
5298
5299
5300
5303
5304
5305
5311
5328
5329
5331
5332
5336
5337
5340
5341
5342
5347
5350
5352
5363
5365
5366
5367
5368
5372
5378
5383
5387
5390
5392
5394
5395
5396
5398
5404
5405
5411
5414
5417
5422
5432
5437
5440
5447
5448
5449
5456
5457
5458
5460
5461
5462
5463
5464
5467
5470
5475
5476
5478
5479
5480
5483
5488
5492
5493
5497
5501
5502
5507
5508
5509
5520
5531
5532
5534
5535
5536
5537
5539
5542
5544
5545
5549
5553
5559
5560
5563
5565
5566
5570
5571
5572
5578
5579
5600
5603
5604
5612
5613
5614
5615
5619
5620
5621
5622
5623
5624
5626
5627
5628
5629
5630
5631
5634
5635
5636
5637
5638
5645
5647
5648
5658
5659
5660
5661
5662
5663
5665
5666
5668
5669
5670
5671
5672
5674
5680
5683
5684
5685
5686
5687
5688
5689
5690
5692
5694
5695
5707
5709
5711
5712
5714
5715
5717
5719
5721
5722
5728
5732
5733
5734
5735
5736
5741
5742
5745
5752
5753
5756
5758
5761
5762
5766
5767
5770
5771
5772
5773
5777
5778
5781
5782
5783
5784
5785
5786
5787
5788
5791
5794
5796
5797
5799
5803
5804
5805
5806
5807
5809
5810
5819
5822
5828
5829
5834
5835
5838
5841
5842
5847
5848
5849
5850
5851
5852
5853
5854
5857
5858
5859
5860
5862
5867
5868
5872
5873
5874
5875
5876
5877
5878
5881
5882
5883
5884
5885
5886
5887
5888
5889
5890
5891
5892
5893
5894
5897
5898
5899
5901
5902
5904
5906
5919
5924
5925
5926
5927
5928
5929
5930
5935
5946
5948
5950
5951
5952
5954
5955
5956
5963
5964
5965
5967
5968
5969
5980
5981
5985
5986
5987
5988
5989
5992
5993
5994
5995
5996
5997
5998
5999
6000
6011
6016
6019
6020
6041
6043
6045
6046
6047
6048
6054
6062
6064
6065
6066
6067
6068
6069
6077
6078
6083
6086
6087
6096
6097
6098
6099
6101
6108
6111
6117
6121
6123
6129
6130
6131
6132
6139
6140
6141
6146
6149
6151
6158
6166
6169
6181
6189
6196
6197
6199
6203
6204
6207
6212
6220
6232
6233
6236
6237
6239
6243
6244
6245
6247
6248
6253
6270
6271
6273
6274
6275
6276
6277
6278
6281
6282
6283
6284
6291
6292
6293
6294
6295
6296
6302
6307
6308
6318
6320
6324
6326
6329
6331
6332
6334
6337
6339
6340
6344
6346
6347
6348
6355
6357
6358
6361
6364
6365
6366
6367
6369
6372
6373
6378
6379
6385
6386
6388
6389
6393
6394
6395
6398
6399
6401
6402
6403
6405
6406
6407
6408
6411
6412
6415
6418
6419
6420
6421
6422
6423
6426
6427
6428
6432
6433
6434
6435
6437
6438
6439
6441
6442
6454
6462
6464
6465
6466
6468
6480
6492
6495
6496
6497
6501
6502
6512
6514
6521
6522
6523
6524
6526
6527
6530
6537
6539
6543
6544
6546
6550
6553
6567
6568
6569
6579
6580
6583
6584
6587
6590
6591
6592
6597
6598
6600
6602
6603
6604
6605
6607
6611
6612
6613
6615
6617
6619
6620
6621
6622
6623
6629
6632
6633
6634
6649
6651
6653
6654
6655
6656
6657
6665
6670
6671
6672
6673
6674
6676
6677
6678
6679
6680
6681
6683
6684
6685
6686
6687
6689
6692
6695
6696
6697
6698
6699
6700
6707
6709
6711
6715
6716
6718
6719
6722
6723
6724
6726
6727
6728
6729
6731
6732
6733
6735
6737
6738
6739
6745
6751
6765
6771
6772
6775
6781
6786
6787
6789
6791
6792
6793
6794
6798
6801
6803
6805
6810
6811
6817
6818
6819
6821
6823
6825
6827
6828
6835
6836
6840
6846
6850
6860
6862
6864
6867
6868
6883
6886
6887
6888
6889
6891
6897
6898
6900
6901
6902
6903
6904
6905
6906
6907
6908
6909
6910
6912
6920
6927
6930
6934
6936
6937
6938
6946
6951
6955
6959
6960
6962
6970
6978
6980
6986
6992
6994
7001
7005
7008
7009
7010
7011
7012
7013
7018
7019
7020
7024
7027
7029
7031
7033
7036
7037
7038
7045
7047
7050
7051
7056
7059
7060
7064
7070
7071
7072
7077
7081
7082
7085
7098
7099
7103
7107
7111
7112
7113
7120
7121
7123
7124
7126
7127
7128
7131
7136
7145
7146
7147
7150
7151
7152
7153
7154
7156
7159
7160
7161
7164
7167
7169
7173
7175
7178
7182
7183
7184
7185
7186
7188
7189
7190
7192
7193
7196
7199
7200
7201
7203
7204
7205
7206
7207
7208
7209
7210
7211
7212
7213
7215
7218
7221
7223
7224
7225
7226
7228
7229
7230
7231
7232
7233
7237
7241
7245
7247
7252
7253
7254
7255
7257
7258
7259
7260
7261
7262
7266
7267
7269
7275
7276
7282
7289
7309
7312
7314
7317
7320
7322
7326
7335
7340
7343
7356
7363
7364
7368
7371
7372
7373
7377
7381
7383
7384
7385
7388
7393
7394
7399
7401
7402
7403
7404
7405
7414
7415
7421
7423
7424
7427
7428
7430
7434
7435
7438
7439
7441
7451
7456
7460
7462
7463
7464
7465
7470
7471
7472
7473
7474
7475
7480
7481
7484
7485
7490
7505
7507
7508
7510
7511
7512
7516
7520
7521
7522
7523
7525
7527
7529
7530
7535
7538
7539
7540
7542
7544
7552
7555
7557
7561
7566
7568
7572
7574
7575
7577
7580
7581
7582
7584
7590
7591
7594
7595
7600
7601
7602
7608
7609
7612
7613
7616
7617
7619
7620
7622
7623
7632
7633
7644
7645
7646
7648
7649
7650
7652
7655
7656
7657
7668
7669
7678
7680
7681
7684
7686
7689
7691
7693
7694
7695
7696
7697
7699
7701
7711
7712
7713
7725
7727
7731
7739
7740
7741
