IJC_SAMPLE_1	SJC_SAMPLE_1	IJC_SAMPLE_2	SJC_SAMPLE_2	IncFormLen	SkipFormLen
0	3	2,0,0,0	78,0,0,0	199	149
6	4	4,1,3,0	0,2,0,0	354	149
0	2	13,0,0,0	0,0,0,0	273	149
2	42	0,0,0,0	0,3,0,0	332	149
13	1	100,401,222,183	7,228,53,80	874	149
0	1	9,10,6,10	7,228,53,80	199	149
0	72	16,0,2,1	207,18,6,6	254	149
16	2	14,4,13,1	0,0,0,0	982	149
13	610	26,12,14,4	530,341,166,154	1041	149
11	0	5,8,2,7	1,0,0,0	665	149
2	184	0,4,2,1	96,118,52,37	153	149
8	4	0,2,1,0	0,1,0,0	161	149
38	9	28,3,4,2	16,7,2,4	166	149
32	2	63,123,103,94	8,31,13,4	158	149
11	2	12,9,12,12	8,31,13,4	201	149
7	28	6,3,9,9	57,117,100,91	192	149
0	2	0,0,0,4	0,0,0,0	159	149
5	1	6,0,0,4	0,0,0,0	222	149
6	1	6,0,0,4	0,0,0,0	239	149
37	1	8,0,9,4	0,0,0,0	418	149
0	10	4,0,0,0	17,4,0,1	204	149
2	3	1,0,0,0	0,0,0,0	179	149
0	696	4,0,0,2	403,333,124,85	220	149
17	50	9,4,2,8	1,3,18,3	381	149
22	2	17,10,2,6	0,2,0,0	153	149
7	35	8,4,8,7	50,8,6,10	316	149
7	35	8,2,4,7	50,8,6,10	317	149
17	0	21,6,2,0	1,0,0,0	230	149
1	0	1,0,0,0	13,0,0,0	196	149
2300	4	1441,420,959,1070	0,0,0,0	2962	149
15	4	27,21,11,9	0,0,1,0	204	149
9	49	3,5,2,4	9,19,12,27	154	149
5	6	4,3,3,0	4,1,7,6	154	149
26	1	30,14,3,4	0,0,0,0	1248	149
0	14	1,0,0,0	20,10,0,8	160	149
16	0	2,5,0,1	0,0,0,2	205	149
8	0	66,5,0,2	2,0,0,0	799	149
1	3	5,0,0,2	2,0,0,0	184	149
6	2	10,0,0,0	33,7,0,4	184	149
0	2	4,0,0,0	2,0,0,0	210	149
0	3	1,0,1,1	1,4,0,0	365	149
45	0	12,32,17,27	2,0,0,0	243	149
52	1	10,32,15,27	0,0,0,0	243	149
12	4	10,0,0,0	5,0,0,0	373	149
0	1	3,0,0,0	0,0,0,0	153	149
3	0	7,0,0,0	2,0,0,2	201	149
164	1	1587,327,20,25	2,2,0,0	159	149
143	1	165,20,10,23	2,2,0,0	327	149
143	164	147,20,10,23	1569,327,20,25	317	149
0	11	20,0,0,0	718,1,1,6	173	149
159	0	456,47,32,27	2,0,0,0	1563	149
581	19	721,186,280,316	0,2,2,4	2099	149
76	0	96,5,14,21	5,0,0,0	1152	149
0	5	4,0,0,0	196,10,1,0	232	149
44	25939	38,2,2,1	8757,1489,700,3911	183	149
34	0	101,49,12,30	21,0,0,0	284	149
3	0	2,5,0,4	0,0,2,0	161	149
1	20	10,2,6,2	17,5,2,6	583	149
0	4	2,1,0,0	49,4,0,0	161	149
2	0	1,0,0,0	9,0,0,0	431	149
3	0	2,0,0,2	0,2,0,0	341	149
10	0	14,3,6,2	0,1,0,0	911	149
12	99	14,3,6,2	33,32,18,8	911	149
0	23	2,0,0,0	11,0,0,0	159	149
12	0	74,8,0,2	2,0,0,0	426	149
7	0	84,4,1,0	2,1,0,0	212	149
0	56	1,4,0,0	68,32,15,16	196	149
5	0	344,18,0,1	3,0,0,0	200	149
51	0	29,19,4,7	0,1,0,0	153	149
38	0	367,41,2,12	9,2,0,0	159	149
1	2	0,0,0,0	21,2,0,0	204	149
1	0	0,0,0,0	11,0,0,0	321	149
54	0	113,52,13,12	2,0,0,0	370	149
6	0	8,12,2,5	2,0,3,0	396	149
2	2	8,0,0,0	1,0,0,0	165	149
10	0	3,0,2,6	2,2,0,0	263	149
0	1	3,0,4,2	0,3,0,8	209	149
0	18	3,0,4,2	16,23,23,29	226	149
1	18	0,3,0,8	16,23,23,29	166	149
9	0	5,1,0,0	2,2,0,6	227	149
0	8	15,0,0,0	16,3,0,0	304	149
15	0	21,13,9,9	2,2,5,6	153	149
5	9	17,12,7,2	61,5,0,2	182	149
1	0	43,0,0,0	2,0,0,0	755	149
17	0	19,6,2,2	1,0,0,0	172	149
2	0	0,0,0,3	0,2,0,0	224	149
7	2	18,0,0,0	6,0,0,0	225	149
0	4	1,0,0,0	64,3,0,0	260	149
6	7	4,0,0,1	1,0,0,0	1095	149
27	19	6,2,6,10	3,0,3,0	308	149
20	0	32,9,5,5	9,2,0,0	710	149
0	25	1,2,0,2	119,24,13,12	231	149
4	4	30,0,4,6	8,3,0,2	164	149
0	10	4,1,0,0	36,11,2,8	153	149
4	0	103,1,0,3	4,0,0,0	151	149
2	0	8,1,0,2	2,0,0,0	1504	149
6	0	37,15,0,3	4,0,0,0	1504	149
0	2	1,0,0,0	41,2,0,4	151	149
0	17	5,0,0,0	70,27,4,6	187	149
0	4	3,0,0,0	4,4,0,6	173	149
49	215	40,14,7,35	83,94,133,126	338	149
4	2	7,8,15,15	0,1,0,0	363	149
2	0	4,10,15,11	0,0,1,0	280	149
10	109	17,18,2,2	184,151,30,23	171	149
8	22	4,1,0,0	19,10,6,6	217	149
0	17	4,0,0,0	222,16,4,2	156	149
3	0	38,0,0,0	13,0,0,0	179	149
0	6	1,0,0,0	18,1,0,0	228	149
8	22	4,6,1,6	23,20,6,13	292	149
4	0	9,0,0,0	1,0,0,0	619	149
12	42	11,24,33,16	21,21,39,59	160	149
0	4	7,5,0,6	2,11,1,8	160	149
2	1	9,1,3,4	9,0,0,0	619	149
3	0	18,0,0,0	7,0,0,0	633	149
72	2	101,47,57,52	4,0,0,0	701	149
6	239	4,4,7,2	290,325,147,106	177	149
9	19	0,0,0,0	0,0,0,4	159	149
20	293	5,3,2,0	68,90,92,94	195	149
6	154	7,7,0,1	205,165,80,57	247	149
22	154	18,17,12,17	205,165,80,57	442	149
17	1	11,12,12,16	0,2,0,0	344	149
8	19	15,0,2,8	26,7,40,4	203	149
16	6	28,21,10,11	1,8,3,4	203	149
2	5	5,6,0,0	15,2,4,2	474	149
6	1	3,2,3,4	3,1,2,0	203	149
13	230	16,0,3,4	186,149,96,64	323	149
49	5	76,16,1,4	38,2,0,0	270	149
20	0	99,18,2,4	1,0,0,0	187	149
89	2	165,35,11,14	0,0,0,0	389	149
3	27	2,1,13,2	39,30,24,24	161	149
49	2	85,30,49,51	0,0,0,4	215	149
2814	0	1166,267,243,325	2,0,0,0	5323	149
1446	2	584,717,870,478	0,4,5,0	222	149
1	4	0,1,0,0	3,2,1,0	206	149
26	4	13,6,14,20	3,2,1,0	689	149
11	97	2,5,15,13	15,41,58,59	201	149
2	0	130,7,2,0	1,0,0,0	173	149
21	27	19,5,5,6	11,6,4,12	176	149
0	2	2,0,0,0	33,2,0,2	203	149
6	2	13,0,0,1	33,2,0,2	1032	149
2	2	6,1,0,0	17,1,0,0	155	149
1081	0	1400,1095,512,323	0,1,2,0	215	149
11	1554	12,9,5,10	950,1052,1220,857	222	149
17	0	83,14,2,3	3,0,0,0	592	149
178	2	94,99,62,111	0,2,0,0	215	149
15	0	1,16,6,4	3,0,2,0	229	149
12	0	82,20,14,8	9,1,0,0	1106	149
635	12	268,337,358,283	1,6,8,0	292	149
16	0	135,36,4,5	2,0,0,0	189	149
33	2	166,6,3,10	2,0,0,0	1039	149
0	2	7,0,0,0	105,3,0,4	230	149
1	21	0,0,0,0	27,3,0,2	283	149
5	0	14,16,6,7	0,0,0,1	323	149
350	41	62,83,116,93	3,16,18,10	155	149
67	1722	22,34,53,20	612,798,863,690	162	149
116	6	66,78,63,49	9,2,0,0	296	149
47	0	35,11,14,18	1,0,0,0	260	149
77	0	56,21,30,31	1,0,0,0	405	149
131	0	99,25,49,34	1,0,0,0	696	149
54	0	43,4,19,5	0,0,0,2	440	149
34	1	15,19,13,12	0,4,0,0	226	149
1	47	46,2,1,0	1009,209,28,25	250	149
20	0	564,78,6,2	7,2,0,0	316	149
66	0	1527,285,33,27	7,2,0,0	215	149
3	662	5,3,0,0	1646,1212,457,428	202	149
0	57	25,2,0,0	530,71,19,30	835	149
0	57	14,2,0,0	530,71,19,30	395	149
5	2	34,8,2,2	311,11,2,2	709	149
2	2	30,4,2,2	311,11,2,2	665	149
0	2	4,0,2,0	311,11,2,2	591	149
3	0	9,3,2,0	4,0,0,0	327	149
15	0	21,2,7,4	5,0,0,0	963	149
0	2	8,2,0,0	1,0,0,0	483	149
1	228	3,1,1,1	122,169,189,188	153	149
2	76	2,0,0,0	100,59,31,28	208	149
4	0	9,4,4,10	2,0,2,0	263	149
0	56	1,0,0,0	106,76,43,57	185	149
2	0	21,13,0,0	1,0,2,0	211	149
43	167	25,7,24,25	47,41,40,53	165	149
287	0	65,139,169,121	0,0,1,0	646	149
2	0	5,4,2,5	0,2,0,0	158	149
135	0	206,42,79,87	0,6,0,0	1913	149
135	10	205,41,81,87	11,13,7,8	1913	149
7	11	8,11,0,0	7,0,0,2	161	149
29	4	19,26,13,6	0,0,2,0	252	149
21	29	6,5,22,9	11,26,13,6	1011	149
7	2	14,1,2,4	0,0,0,0	769	149
11	0	45,8,8,9	2,0,0,0	1496	149
2	6	3,0,1,0	9,13,2,0	199	149
555	2	178,243,168,121	0,0,0,0	233	149
2	18	0,0,0,0	7,5,1,8	175	149
52	2	194,5,4,5	7,0,0,0	1046	149
0	45	2,0,0,0	159,3,0,0	153	149
4	1	3,2,4,4	0,0,0,0	191	149
2	0	0,0,0,0	7,0,0,0	560	149
2	0	0,0,0,0	2,0,0,0	512	149
9	151	11,1,0,1	98,46,40,40	392	149
13	0	0,8,4,6	0,2,0,0	153	149
226	0	166,100,106,97	2,0,0,0	1153	149
6	48	4,2,0,0	111,39,15,10	188	149
24	2	6,12,0,17	0,1,0,0	176	149
62	0	34,34,27,20	3,0,0,4	176	149
0	6	1,0,0,0	66,22,2,2	188	149
5	0	0,0,0,2	0,2,0,0	429	149
9	12	162,2,3,2	13,2,2,2	340	149
6	0	7,0,2,0	0,1,0,0	614	149
6	21	0,4,0,0	20,14,5,11	420	149
5	19	4,0,0,2	10,18,12,12	169	149
89	0	31,28,70,84	49,6,0,2	486	149
99	2	98,74,39,53	0,2,0,0	284	149
11	11	8,2,0,0	10,0,0,6	341	149
5	10	4,2,10,8	12,8,1,7	242	149
181	42	83,39,49,81	11,0,0,10	158	149
2	21	4,2,0,0	119,34,11,2	285	149
1	3	0,3,0,0	0,0,0,0	181	149
3	3	7,7,4,2	0,0,0,0	233	149
3	1	7,4,4,2	0,0,0,0	201	149
109	0	80,17,30,50	3,0,0,0	1619	149
61	80	26,27,27,6	19,28,51,40	155	149
0	1	3,0,0,0	35,4,0,2	276	149
23	0	14,5,5,0	1,0,0,0	173	149
215	17	161,95,142,113	11,0,7,4	595	149
1	0	3,0,0,0	2,2,0,0	323	149
256	9	57,169,138,53	0,0,0,0	229	149
882	0	796,476,369,416	2,0,0,0	2334	149
3	54	6,0,4,2	22,23,27,29	187	149
45	0	124,20,6,12	2,0,0,0	243	149
2	0	8,0,0,0	12,0,0,0	297	149
138	2	111,116,43,53	0,1,0,0	287	149
0	4	28,0,0,0	5,2,0,0	503	149
46	3	10,23,15,14	0,0,2,5	229	149
2	0	1,0,0,4	0,0,0,2	417	149
2	0	12,9,0,0	0,2,0,0	291	149
0	5	25,0,0,0	547,0,0,0	164	149
34	0	475,6,3,2	184,0,0,0	206	149
2	5	0,0,0,0	15,0,0,2	158	149
0	3	5,0,0,2	18,13,4,3	168	149
2	2	0,0,0,0	5,2,0,2	161	149
63	0	108,51,13,19	4,1,0,1	366	149
4	0	78,0,0,0	5,0,0,0	409	149
0	1	3,0,0,0	44,0,0,0	159	149
0	21	6,0,0,0	27,6,8,4	228	149
870	4	497,502,334,285	0,1,0,0	177	149
0	68	3,0,0,2	89,22,9,20	222	149
4	0	12,2,5,0	12,0,0,0	173	149
23	5	17,2,4,1	10,2,6,6	181	149
5	0	51,2,0,2	4,0,0,0	167	149
53	0	103,28,10,20	6,0,0,0	204	149
16	0	31,7,1,4	0,0,0,1	1044	149
27	0	94,24,15,28	38,0,0,0	1671	149
0	7	9,1,0,0	42,19,13,17	167	149
0	7	4,0,0,1	42,19,13,17	171	149
8	0	20,0,0,0	1,0,0,0	180	149
0	7	3,0,0,0	30,4,0,2	523	149
96	13	57,57,32,35	6,2,1,2	276	149
0	37	2,0,0,0	99,48,61,66	359	149
4	1	6,0,2,0	2,0,4,4	168	149
2	161	3,0,0,0	191,82,87,94	153	149
187	82	105,37,113,141	19,36,55,29	1298	149
3	23	6,2,0,1	59,28,30,15	275	149
0	8	9,3,0,0	185,7,1,0	197	149
28	4	17,19,10,4	0,0,2,0	258	149
142	2	253,47,28,68	0,0,0,0	568	149
0	106	6,0,0,0	100,40,31,32	216	149
0	7	14,0,0,0	124,6,6,5	175	149
7	2	132,6,6,12	0,0,0,0	194	149
0	3	2,0,0,1	10,3,0,2	513	149
24	50	50,35,30,24	34,17,13,15	180	149
741	9	285,11,22,10	15,0,2,0	197	149
1	152	0,0,1,0	66,81,123,133	158	149
1425	1	544,310,338,350	0,0,0,0	306	149
14	7	10,17,1,1	90,28,6,2	305	149
2	109	0,1,3,0	96,179,158,133	175	149
2	1	60,2,0,0	0,0,0,0	342	149
148	4	92,130,236,216	3,1,0,0	177	149
0	49	5,3,1,3	43,16,26,22	162	149
2	2	0,1,0,3	23,2,0,0	166	149
18	2	59,87,67,54	4,15,4,5	170	149
2	2	0,2,9,2	2,0,0,0	2832	149
4	12	0,0,0,0	0,3,0,2	315	149
104	0	180,45,16,31	2,0,0,0	162	149
0	5	1,0,0,0	37,2,0,0	265	149
0	12	3,0,0,0	548,37,8,5	161	149
2	0	0,0,0,0	4,0,0,0	151	149
2	0	12,0,0,0	8,0,0,0	202	149
0	2	52,0,1,0	8,0,0,0	224	149
40	2	20,0,0,2	0,0,0,0	213	149
0	45	3,0,0,0	27,30,20,46	153	149
4	0	0,0,0,1	0,1,0,0	189	149
123	0	102,51,68,110	2,0,0,0	259	149
0	1	59,0,0,0	90,4,0,0	185	149
17	88	16,1,7,8	69,44,36,30	1537	149
139	0	128,90,106,115	6,2,2,0	211	149
2	0	18,1,0,0	10,6,0,1	197	149
0	19	2,0,0,0	27,4,2,10	182	149
142	2	223,68,66,103	0,0,0,0	288	149
0	19	2,0,0,2	71,17,13,14	153	149
0	1	2,0,0,0	39,2,0,0	192	149
55	2	58,44,38,24	2,2,0,2	251	149
4	0	3,0,0,0	17,0,0,0	206	149
0	2	0,1,0,0	3,2,0,1	215	149
6	2	12,2,2,0	5,0,0,0	204	149
20	2	33,4,3,5	5,0,0,0	181	149
144	3	143,37,8,10	22,1,0,2	347	149
2	6	0,0,0,0	4,0,0,0	317	149
2	0	0,0,0,0	3,0,0,0	340	149
6	0	4,0,0,0	3,0,0,0	172	149
2	0	12,0,0,2	1,0,0,0	203	149
308	3	417,188,114,122	7,2,6,0	182	149
0	184	0,1,0,0	98,65,71,70	153	149
1	4	2,0,0,0	3,0,0,0	203	149
0	2	1,0,0,0	13,2,0,0	252	149
0	8	5,0,0,0	69,0,0,0	186	149
88	8	57,42,39,18	22,1,0,2	297	149
0	17	2,0,0,0	3,19,7,0	550	149
22	24	14,8,3,7	12,4,7,2	724	149
0	2	3,0,0,0	100,2,2,2	283	149
271	2	235,68,73,66	0,0,0,0	301	149
0	2	2,0,0,0	7,0,0,0	194	149
2	0	23,6,2,5	8,0,0,0	451	149
2	0	66,0,0,2	6,0,0,0	476	149
53	2	47,20,35,51	0,0,0,0	751	149
61	2	57,23,35,51	33,2,0,2	751	149
2	0	8,2,0,0	9,2,0,2	360	149
4	10	2,0,2,7	14,21,0,0	156	149
3	34	0,0,0,0	15,7,17,7	154	149
7	39	4,3,0,0	2,5,2,8	166	149
6	3	0,2,0,0	2,0,0,1	166	149
4	3	18,0,0,0	12,0,1,3	348	149
55	0	30,27,19,51	2,0,0,2	154	149
56	0	75,54,48,29	0,2,0,0	173	149
3	25	2,1,0,1	22,40,16,21	211	149
9	0	132,9,0,4	5,0,0,0	436	149
1	3	43,5,0,1	24,6,2,0	155	149
0	2	3,1,0,0	8,0,0,0	153	149
1	2	5,6,0,2	4,0,0,0	153	149
205	6	334,119,137,99	4,0,0,6	263	149
266	0	264,126,124,137	1,4,1,0	2017	149
130	1	58,73,109,42	0,0,1,0	156	149
16	322	3,11,11,9	92,120,99,71	215	149
573	2	337,215,245,161	2,4,1,4	261	149
8	38	3,5,4,8	10,32,25,14	270	149
4	0	3,1,2,1	0,1,2,0	153	149
0	509	1,0,0,0	746,501,192,149	153	149
0	930	0,1,0,0	772,532,386,290	156	149
5	334	9,9,4,2	695,262,118,114	159	149
1	2	2,0,1,1	0,0,0,0	174	149
5	0	13,0,0,2	0,2,0,0	278	149
5	2	17,0,0,2	0,0,0,0	371	149
0	2	4,2,0,0	0,0,0,0	242	149
30	1	36,27,44,35	0,0,0,0	251	149
0	49	6,4,2,1	18,34,41,24	153	149
763	0	373,402,403,452	2,0,0,0	268	149
403	5	145,157,203,136	1,12,12,6	270	149
6	2	3,0,1,0	3,3,0,0	372	149
104	4	61,43,23,26	5,0,2,0	169	149
257	1	108,101,111,112	1,1,0,0	244	149
36	730	18,6,19,15	334,346,400,241	466	149
7	730	5,5,5,5	334,346,400,241	158	149
17	134	23,12,20,16	108,73,90,54	244	149
21	1	11,10,14,2	0,0,0,0	189	149
17	7	57,11,9,3	40,7,2,0	289	149
3	117	0,0,0,0	72,78,63,35	153	149
48	58	34,22,21,15	14,34,19,17	185	149
18	2	49,5,12,7	0,0,0,4	306	149
27	49	4,7,11,8	49,27,48,17	179	149
125	0	154,1,9,0	2,0,0,0	223	149
3	68	0,0,4,0	52,37,21,22	156	149
0	29	4,0,0,0	20,18,9,6	212	149
0	2	3,0,2,0	14,0,0,5	288	149
0	10	6,0,0,0	82,4,2,1	236	149
595	2	581,419,486,393	0,0,0,0	743	149
13	87	36,5,16,7	136,34,43,43	170	149
138	36	217,44,53,72	49,29,21,13	164	149
3	18	0,0,0,0	22,10,8,16	178	149
26	216	19,2,6,13	102,60,50,48	229	149
1	4	2,0,0,0	8,5,0,0	162	149
269	0	245,135,165,139	0,0,0,2	693	149
623	2	455,341,420,283	0,0,2,4	912	149
970	2	748,526,668,463	0,0,2,4	1456	149
349	2	293,189,250,180	0,4,2,0	693	149
4	0	1,0,0,2	2,0,0,0	180	149
0	9	0,0,1,0	5,3,1,4	166	149
2	0	6,0,0,0	18,0,2,0	420	149
498	48	479,250,450,381	40,26,23,17	2170	149
9	3	8,6,9,11	9,19,2,6	197	149
5	60	8,6,9,11	19,33,10,16	197	149
9	13	7,6,9,11	11,5,4,1	197	149
27	7	12,13,19,11	1,6,6,7	154	149
7	0	5,2,5,14	0,4,4,0	237	149
13	0	0,2,11,13	0,5,0,6	218	149
3	0	6,0,1,0	3,0,0,0	294	149
6	0	15,4,8,2	0,0,1,0	161	149
2	0	15,4,8,0	0,0,1,0	161	149
79	1	111,128,77,79	0,1,2,0	153	149
1	83	0,2,11,0	41,33,50,70	153	149
6	0	4,4,3,0	2,0,0,0	153	149
67	74	59,11,11,13	77,18,22,28	470	149
19	12	9,7,2,2	21,2,0,0	464	149
231	68306	206,262,73,136	28707,74669,45629,41284	369	149
2	0	0,5,0,0	3,2,0,0	167	149
67	0	66,51,46,73	1,0,3,9	153	149
3	4	8,0,2,0	3,11,2,2	395	149
119	92	30,27,48,53	90,39,62,78	188	149
22	0	157,37,14,15	15,0,0,0	164	149
366	4	354,336,207,164	5,0,0,0	165	149
10	8	49,1,1,3	10,4,0,0	634	149
5	98	7,0,3,4	60,42,22,37	185	149
0	13	1,1,0,0	76,12,4,2	175	149
67	3	45,33,32,50	2,0,0,0	964	149
713	1	137,210,131,150	0,0,0,0	158	149
0	5	3,0,0,0	14,2,1,0	205	149
933	1	418,157,212,209	0,0,0,0	188	149
65	2	56,27,31,46	7,2,2,5	173	149
2	37	0,0,0,0	25,2,4,13	251	149
19	23	14,14,2,7	18,17,4,0	161	149
222	3	170,127,53,50	2,0,0,0	188	149
2	301	0,0,1,0	138,153,119,148	153	149
1	40	6,0,2,2	41,47,30,32	164	149
6	10	10,0,2,2	5,0,0,0	644	149
0	10	1,0,0,0	5,0,0,0	280	149
0	2	8,0,0,0	0,0,0,0	473	149
21	78	25,7,4,3	17,27,13,22	1687	149
24	44	9,3,2,0	21,17,0,2	2544	149
18	44	4,3,2,0	21,17,0,2	1396	149
3	44	2,0,0,0	21,17,0,2	312	149
4	42	0,0,0,0	5,13,7,5	502	149
2	42	0,0,2,0	5,13,7,5	262	149
1075	6	503,502,704,707	5,2,1,2	1090	149
417	5	230,392,267,257	1,0,0,0	286	149
306	1	105,51,63,105	2,1,4,0	311	149
89	44	20,22,43,66	6,24,11,9	196	149
66	3	19,23,34,67	0,9,0,15	196	149
24	130	4,2,1,4	92,83,54,72	180	149
1	261	1,2,0,0	171,176,81,57	374	149
55	35	3,7,10,3	4,5,10,14	173	149
542	2	281,269,248,164	1,2,0,2	280	149
6	60	1,3,4,0	29,46,13,30	189	149
773	7	273,255,313,240	2,5,5,2	259	149
26	301	6,12,14,4	203,123,153,141	164	149
1511	22	418,374,433,425	19,16,8,17	1526	149
1378	8	220,289,318,273	1,0,4,12	292	149
1807	2	253,347,468,384	1,2,4,5	403	149
437	2	34,58,154,123	1,2,4,5	260	149
70	11	93,27,29,28	24,12,3,2	155	149
4	85	0,2,8,2	25,37,37,38	212	149
1	9	0,0,2,0	0,2,5,2	212	149
518	348	154,71,174,212	157,207,385,278	1939	149
264	2	185,145,129,172	2,0,0,0	2266	149
855	0	356,257,447,554	2,0,0,0	2329	149
2	0	2,4,0,0	4,0,0,0	229	149
2	0	2,4,0,0	4,0,0,0	218	149
2	4	2,4,0,0	9,4,0,1	218	149
1	0	43,6,2,0	16,4,0,0	208	149
106	2	95,103,35,45	0,0,0,0	154	149
143	0	154,132,82,64	3,0,0,0	248	149
19	338	5,9,4,0	297,307,107,139	223	149
98	2	30,21,31,23	0,0,0,0	203	149
2	19	2,0,0,0	38,13,0,2	153	149
45	3	50,21,5,14	0,0,0,0	193	149
102	0	93,24,13,53	1,0,0,0	970	149
22	5	54,8,0,2	11,2,0,0	172	149
2	0	6,1,0,0	2,0,0,0	172	149
4	17	12,6,0,1	7,1,5,0	319	149
0	50	9,0,0,0	233,65,12,24	156	149
35	0	45,11,15,2	2,0,2,0	240	149
6	2	2,7,4,2	0,0,1,0	251	149
2	0	4,1,2,0	0,0,2,0	182	149
151	552	163,153,60,54	760,495,212,208	188	149
0	486	5,0,0,0	100,25,20,6	174	149
0	323	1,0,0,0	76,20,13,7	219	149
6	7	1,0,0,0	13,0,0,0	203	149
6	7	1,0,0,0	13,0,0,0	193	149
4	0	28,4,0,0	6,0,0,0	210	149
4	0	55,12,0,0	6,0,0,0	215	149
0	4	2,0,0,0	36,7,0,0	219	149
1	33	0,0,0,0	14,24,4,7	161	149
0	8	0,0,0,2	94,39,7,8	256	149
2	3	3,0,0,0	10,1,0,4	153	149
54	274	4,17,3,21	14,34,14,21	1060	149
167	4	31,34,21,20	1,3,0,0	1098	149
115	0	108,59,45,80	1,0,0,0	389	149
19	16	4,6,13,21	35,30,25,27	259	149
3	139	1,1,1,4	147,133,85,77	165	149
260	6	237,197,104,115	0,0,2,0	188	149
17	252	25,4,10,2	174,167,160,72	219	149
48	0	47,5,0,2	13,5,0,0	182	149
55	5640	50,6,2,3	2877,2995,1361,1410	182	149
630	16	515,349,352,287	7,3,16,4	254	149
340	2	407,213,209,232	3,0,0,7	175	149
34	2	13,14,14,5	0,2,2,2	175	149
54	24	49,27,34,39	19,5,18,30	206	149
1	68	4,5,3,0	16,24,22,27	224	149
5	0	0,1,3,2	0,2,0,0	340	149
4	197	3,4,0,0	239,212,92,91	251	149
4	17	4,0,1,0	0,7,2,4	153	149
55	6	30,14,24,16	2,7,0,3	438	149
78	18	39,29,26,39	17,11,21,12	604	149
29	18	11,22,2,26	17,11,21,12	315	149
28	3	12,18,3,23	1,2,0,2	315	149
4	1	0,1,0,0	0,0,0,1	159	149
1	5	0,0,0,1	2,4,6,2	159	149
218	1	88,220,288,152	4,0,0,4	174	149
0	2	3,0,0,0	32,0,0,0	191	149
3	0	5,0,0,0	0,3,0,0	172	149
16	41	13,6,1,2	67,39,13,18	216	149
17	0	4,6,9,2	0,0,0,1	153	149
428	2	384,183,386,309	1,2,0,0	2223	149
26	11	64,8,3,3	38,0,2,4	653	149
16	2	14,16,2,3	0,0,0,0	203	149
10	2	29,13,9,17	0,0,0,0	153	149
0	669	1,0,0,0	79,129,105,134	166	149
0	9	5,0,0,0	137,2,0,0	196	149
0	13	3,0,0,1	21,9,4,3	165	149
2	0	7,0,0,0	1,0,0,0	194	149
913	0	210,227,423,369	0,0,2,0	1220	149
12	14	15,6,3,3	28,9,9,13	182	149
143	852	41,28,36,28	153,138,100,109	305	149
289	7	109,61,25,33	2,5,1,2	337	149
198	90	66,40,17,22	38,20,17,18	224	149
7	90	2,0,1,4	38,20,17,18	153	149
35	222	30,11,35,68	197,129,63,58	493	149
50	3	40,17,13,50	4,0,0,0	407	149
0	3	97,5,3,0	114,6,0,0	200	149
13	1102	11,15,10,5	524,1071,604,457	163	149
31	1307	24,18,23,5	669,1217,1055,1002	188	149
3	0	0,0,0,0	1,0,0,2	162	149
109	0	51,33,41,47	1,0,0,0	205	149
8	78	3,1,4,10	23,26,40,42	194	149
4	97	3,0,0,0	43,27,31,26	154	149
150	108	324,168,39,20	382,67,18,13	438	149
2	2	9,0,0,6	0,0,0,0	371	149
20	3	8,10,10,8	0,0,0,0	353	149
37	35	50,7,19,17	87,28,21,17	1270	149
1	0	6,0,0,0	48,4,2,0	245	149
2	0	27,4,0,0	4,0,0,0	153	149
2	33	28,4,0,0	2485,122,4,5	153	149
2	0	0,0,0,2	1,0,0,0	153	149
310	11	212,216,246,292	6,0,0,0	1361	149
2	0	16,1,0,0	12,0,0,0	368	149
29	244	25,20,25,29	144,115,100,82	310	149
4	0	4,7,0,3	3,4,0,0	251	149
10	2	6,7,0,5	1,0,0,0	285	149
6	2	5,4,0,2	1,0,0,0	183	149
30	0	27,10,4,3	0,2,0,0	172	149
155	0	227,200,187,155	0,0,2,1	179	149
3	0	0,0,0,0	0,1,1,0	157	149
5254	16	2367,2483,2715,2278	15,6,6,2	257	149
4	2	35,2,0,0	8,0,0,0	548	149
0	19	4,0,0,0	49,14,6,4	183	149
3	42	16,0,0,5	41,14,20,28	215	149
23	3	16,4,0,6	2,0,0,0	152	149
30	82	7,10,0,1	73,28,18,14	192	149
5	2	0,10,3,8	0,0,0,0	234	149
23	182	15,8,27,10	71,75,108,97	152	149
1	322	3,0,0,2	143,210,317,268	167	149
24	0	50,9,1,2	1,0,0,0	167	149
6	114	7,0,0,1	81,61,69,42	225	149
84	59	33,25,16,19	28,36,21,33	155	149
101	2	29,55,18,10	0,0,0,0	244	149
54	0	53,15,10,42	0,0,0,2	181	149
2	5	1,0,5,4	1,1,0,4	263	149
8	4	29,15,3,8	18,5,2,1	237	149
0	26	2,1,0,0	159,73,7,5	277	149
2	6	1,0,0,0	13,2,2,0	256	149
5	338	2,0,0,2	282,196,245,167	318	149
0	2	2,0,0,0	0,0,0,0	159	149
0	8	6,2,3,0	19,14,0,4	821	149
2	6	0,0,0,0	8,9,0,0	154	149
16	0	2,0,3,2	0,2,0,2	226	149
2	2	20,0,0,0	15,0,0,0	647	149
12	104	6,11,5,8	49,45,81,75	167	149
1	11	0,2,6,2	2,16,5,9	194	149
0	2	1,0,0,0	43,0,0,0	291	149
1	154	3,0,5,0	36,59,47,47	193	149
172	3	41,61,64,80	0,1,0,3	178	149
2	45	0,0,1,4	6,9,0,13	163	149
152	0	72,71,86,106	0,0,0,2	376	149
2	21	1,0,0,0	11,3,12,22	267	149
16	111	10,3,13,10	29,60,28,58	205	149
0	109	4,0,2,2	22,52,52,77	194	149
133	9	74,23,24,13	5,5,7,0	203	149
1	39	0,2,2,0	22,23,10,8	169	149
2	253	5,5,4,0	181,165,90,140	169	149
1	5	4,0,0,0	27,3,0,0	337	149
933	0	232,292,212,102	2,2,0,0	158	149
1	85	0,1,0,0	37,32,33,38	162	149
2	4	7,3,2,0	0,0,2,0	216	149
1445	147	1543,945,509,514	115,128,48,19	226	149
6901	10	2471,3521,4039,3186	8,1,0,7	203	149
1969	10	726,872,885,724	8,1,0,7	585	149
61	4993	47,16,29,20	1792,2665,3183,2482	531	149
43	0	4,7,8,23	0,2,0,0	368	149
16	152	7,0,0,0	95,10,0,1	296	149
7	6	2,0,0,6	2,11,0,1	173	149
15	31	5,10,4,2	19,18,8,13	220	149
3	2	2,0,0,2	0,0,0,0	227	149
125	30	99,33,34,33	15,7,11,4	176	149
12	24	4,0,2,5	22,10,9,17	275	149
11	0	4,0,2,5	2,1,2,0	275	149
451	88	185,151,373,256	24,47,59,89	161	149
39	0	27,33,46,91	0,0,1,2	245	149
13	102	9,9,2,6	46,123,72,56	231	149
48	0	45,30,30,18	0,1,0,0	378	149
17	0	0,28,34,44	0,1,0,0	195	149
7	47	5,4,8,8	33,6,72,45	158	149
69	4	46,46,50,69	1,0,0,0	249	149
2	39	1,0,0,0	17,23,20,21	153	149
427	0	152,190,285,175	6,0,0,0	328	149
427	1	152,190,285,176	6,3,1,0	328	149
0	4	2,0,0,0	6,2,8,2	819	149
2	28	0,0,0,0	4,2,3,6	202	149
32	0	49,20,36,40	1,0,0,0	153	149
0	61	10,0,0,0	236,57,14,13	283	149
54	4	26,10,30,46	6,4,7,11	164	149
11	18	14,6,4,4	56,34,15,9	156	149
37	0	46,16,9,37	6,0,0,0	1098	149
21	0	3,5,10,6	2,0,0,0	172	149
2	2	21,8,3,0	1,0,0,0	181	149
0	58	2,0,2,0	47,37,33,9	165	149
1	15	0,0,0,0	25,9,5,11	154	149
93	6	61,64,89,154	0,0,0,0	3119	149
130	17	4,22,18,17	2,26,6,3	1044	149
18	3	73,8,14,12	76,8,2,8	1088	149
0	29	2,1,0,0	91,21,11,12	160	149
0	6	6,0,1,0	27,2,0,1	161	149
0	6	7,0,0,0	28,8,0,1	161	149
2	25	3,4,0,2	54,11,1,2	158	149
71	0	107,11,14,14	35,8,0,0	494	149
2	0	0,0,0,0	1,0,0,0	417	149
11	255	19,10,9,6	154,196,229,192	155	149
97	4	92,45,42,43	0,0,0,0	241	149
0	2	1,0,0,0	5,2,0,2	160	149
48	2	3,7,2,20	0,0,0,0	361	149
3	57	1,1,6,19	88,211,99,115	297	149
1134	2	1971,1243,655,767	0,0,0,0	151	149
35	2	73,65,15,14	2,2,0,0	193	149
0	9	12,0,2,0	53,12,3,4	174	149
2	81	0,6,1,7	35,25,50,32	229	149
73	52	10,90,22,74	5,57,33,28	161	149
199	0	155,83,122,112	0,2,0,2	506	149
12	1	54,12,23,8	4,2,2,0	236	149
18	4	2,2,10,3	0,0,0,0	231	149
20	0	5,6,6,9	0,0,0,6	179	149
1	8	2,4,2,5	8,2,0,3	389	149
99	4	18,56,80,66	2,0,0,0	195	149
46	0	32,29,27,10	3,1,0,0	405	149
3	100	5,0,0,3	67,63,41,38	205	149
28	100	18,3,15,15	67,63,41,38	762	149
25	0	14,3,15,12	1,0,0,0	706	149
4	0	9,5,4,2	0,0,2,0	389	149
11	15	5,13,13,12	0,5,7,4	182	149
3	11	5,0,0,0	0,0,0,0	242	149
0	109	7,1,2,0	349,51,34,37	155	149
6	99	0,3,1,2	61,70,60,56	154	149
18	0	0,12,28,19	0,0,2,0	153	149
200	277	194,128,149,172	309,297,383,426	275	149
178	2	127,70,127,154	0,1,0,0	275	149
21	27	18,7,20,16	10,15,17,10	197	149
12	1	8,3,12,19	1,2,1,0	188	149
1053	3	890,717,888,982	0,0,1,1	3481	149
73	43	122,90,53,30	48,48,34,37	158	149
36	0	83,22,13,26	1,0,0,0	203	149
239087	50	72503,497640,678026,399316	13,178,279,200	522	149
0	1	3,0,0,0	0,0,0,0	205	149
8	0	200,14,8,3	4,0,0,0	153	149
49	0	33,91,45,57	1,0,0,0	187	149
12	0	10,8,3,3	1,0,0,0	199	149
2	39	0,0,0,0	23,83,42,54	161	149
7	0	4,4,0,0	0,0,2,0	282	149
243	6	72,91,121,127	2,10,2,2	183	149
133	2	164,218,142,149	0,6,6,4	176	149
11	0	5,0,0,0	3,5,1,0	309	149
10	24	16,4,0,0	66,12,4,8	274	149
104	0	57,52,69,65	1,0,1,0	179	149
0	187	0,0,1,3	47,57,89,109	176	149
3	35	0,0,0,0	9,11,7,2	261	149
0	83	0,0,0,8	25,16,25,19	153	149
4	4	6,0,0,0	21,0,0,2	1760	149
4	33	4,1,2,0	35,14,8,5	400	149
18	5	6,0,6,12	0,4,1,2	224	149
53	0	1081,121,36,40	12,0,0,0	309	149
1	0	3,2,4,5	0,4,0,0	163	149
0	4	2,8,0,0	1,0,0,0	169	149
19	0	59,32,21,30	2,0,0,0	905	149
0	20	6,0,0,0	32,8,5,0	159	149
5	94	5,2,2,4	76,52,18,41	177	149
151	1	38,121,148,77	0,0,0,6	218	149
467	1	79,312,384,233	0,0,0,6	321	149
346	30	49,211,283,166	8,20,47,10	252	149
38	2515	67,44,22,40	4924,1687,1527,2670	166	149
1839	4	2796,1339,1128,1614	7,4,1,1	584	149
1022	22	2346,929,547,1019	29,23,12,24	158	149
1619	2	2987,1100,1041,1579	4,2,0,1	245	149
1622	4	3108,1105,1041,1583	0,0,2,2	293	149
5	4	125,7,0,5	0,0,2,2	197	149
6	2	0,6,10,3	0,2,0,0	479	149
6	0	56,8,0,2	3,0,0,0	154	149
0	2	1,0,0,0	16,2,0,0	165	149
824	6	365,439,479,417	0,2,4,0	1280	149
509	88	179,241,276,189	63,60,26,22	930	149
1	47	1,0,0,1	49,24,21,35	221	149
881	3	719,553,290,279	2,5,1,2	176	149
25	144	14,12,11,4	100,92,96,62	207	149
5	4	2,2,0,4	21,4,8,11	167	149
228	4	178,205,261,352	0,9,6,0	257	149
6	765	4,2,4,3	955,1013,327,421	153	149
80	52	41,24,32,36	16,28,17,5	312	149
842	52	992,1036,355,454	16,28,17,5	308	149
912	7	1005,1050,369,485	7,5,1,4	490	149
122	7	30,44,35,38	7,5,1,4	331	149
31	59	31,4,0,2	77,103,17,6	440	149
31	3	31,4,0,2	8,1,0,0	444	149
31	59	27,4,0,2	77,103,17,6	345	149
31	3	27,4,0,2	8,1,0,0	349	149
59	3	77,103,17,6	8,1,0,0	153	149
50	2	35,16,4,20	2,0,0,0	261	149
34	503	17,5,31,23	133,216,362,356	152	149
1	18	0,1,0,0	20,7,13,8	152	149
14	378	7,4,3,8	135,115,73,86	153	149
64	1	12,21,17,31	2,0,2,4	467	149
19	32	2,14,2,5	2,30,25,20	164	149
176	147	836,102,31,52	95,113,39,45	354	149
1597	3	826,841,558,316	4,2,4,0	335	149
0	6	4,0,0,0	25,0,0,0	158	149
111	3	64,82,85,64	0,0,0,0	812	149
110	1	63,82,85,62	0,2,0,0	812	149
138	11	74,96,97,69	9,8,0,0	812	149
6	31	0,1,5,2	16,14,40,26	159	149
6	0	20,21,0,4	0,1,0,0	187	149
19	12	0,5,5,0	1,1,1,2	302	149
9506	0	2004,1729,1264,1373	3,0,0,0	518	149
5	2	0,1,2,0	3,5,2,8	220	149
8	781	5,0,0,0	163,335,294,220	230	149
31	31	15,8,15,6	17,17,46,30	241	149
0	3	4,0,0,0	231,6,0,7	234	149
133	1	249,83,35,72	3,0,2,7	221	149
3	120	11,3,1,1	366,107,28,37	192	149
15	3	109,6,1,2	0,0,0,1	294	149
34	3	128,12,0,5	0,0,0,1	315	149
19	0	20,6,0,3	1,0,1,0	170	149
22	50	18,5,12,6	27,20,16,4	847	149
15	50	15,0,8,6	27,20,16,4	675	149
2	0	0,0,0,0	3,0,0,0	155	149
4	1	1,0,0,0	2,3,2,0	155	149
14	37	10,12,9,6	34,17,18,28	196	149
188	1	126,144,177,208	2,1,0,2	214	149
78	0	51,77,61,67	2,0,0,0	214	149
390	0	239,168,379,462	4,1,0,0	713	149
0	11	5,2,0,0	92,25,22,7	171	149
195	0	74,71,79,99	0,4,0,0	4332	149
88	11	57,35,44,45	12,4,4,2	179	149
6	2	0,6,0,2	0,0,0,0	180	149
31	2	12,29,13,24	2,0,0,0	233	149
151	27	45,41,42,65	0,10,7,26	304	149
531	0	304,1132,1129,656	0,1,0,0	286	149
3	0	4,0,0,0	3,8,0,1	760	149
2	0	11,3,14,4	9,0,0,0	167	149
521	2	506,126,147,202	0,0,0,0	4346	149
10	217	8,2,2,3	247,77,43,50	458	149
23	0	8,9,2,7	0,2,0,0	443	149
0	3	12,4,0,0	0,0,0,0	820	149
1	4	12,4,0,0	0,1,3,2	820	149
10	26	5,4,5,9	7,19,4,8	236	149
13	0	5,2,4,5	0,3,0,0	236	149
361	1	420,745,497,380	0,1,0,0	884	149
316	5	263,349,518,355	0,5,0,5	153	149
3114	0	2265,6223,6955,4814	0,5,0,0	3025	149
0	16	13,0,0,0	24,4,0,2	593	149
3	32	2,0,1,2	50,27,30,15	249	149
6	4	9,0,2,0	6,2,0,0	197	149
2	0	0,0,0,0	0,2,0,0	422	149
0	27	38,0,1,2	139,48,27,6	210	149
11	1	4,11,10,23	0,2,1,0	203	149
3	2	2,0,2,0	0,0,0,0	318	149
8	2	19,10,6,13	0,0,0,0	358	149
3	2	2,0,2,0	0,0,0,0	285	149
8	2	19,10,6,13	0,0,0,0	325	149
8	3	17,10,6,13	0,0,2,0	189	149
4	0	2,0,0,0	1,0,0,0	238	149
3	0	2,0,2,0	1,0,0,0	279	149
8	0	19,10,6,13	1,0,0,0	319	149
3	4	0,0,2,0	0,0,0,0	190	149
8	4	17,10,6,13	0,0,0,0	230	149
64	0	167,27,14,21	9,0,0,0	309	149
207	0	95,85,80,58	2,0,0,0	263	149
24	8	9,12,0,2	5,3,0,0	350	149
4	0	60,20,4,2	4,0,0,0	481	149
10	0	69,42,11,19	3,0,0,0	197	149
1	2	4,3,0,5	7,1,6,2	179	149
11	0	8,9,2,6	3,0,0,2	179	149
2	0	5,1,0,2	13,2,0,0	185	149
0	1	19,0,0,0	12,0,0,0	610	149
3	4	5,2,0,0	10,0,0,0	385	149
2	0	23,3,0,0	1,0,0,0	173	149
4	16	8,8,2,3	33,21,9,21	165	149
0	236	20,3,0,0	343,279,21,33	227	149
22	5144	10,22,12,10	2150,3075,1472,1307	166	149
0	11	0,0,0,1	16,8,2,4	170	149
56	0	56,24,25,23	1,1,0,4	233	149
14	96	9,3,5,5	46,32,32,35	433	149
5	129	0,0,0,1	37,53,74,61	156	149
4	7	0,0,0,0	5,0,0,2	278	149
0	36	2,0,0,0	85,7,17,11	159	149
0	5	15,2,0,0	20,4,0,0	232	149
33	0	32,30,12,14	1,0,2,0	178	149
7	2	52,3,0,2	18,0,0,0	316	149
4	2	17,4,2,4	0,0,0,0	212	149
0	2	44,2,0,2	18,0,0,0	268	149
7	0	10,1,0,0	2,0,0,0	197	149
5	2	63,2,0,2	18,0,0,0	394	149
5	0	21,0,0,0	2,0,0,0	275	149
4	6	14,0,0,0	3,1,0,0	227	149
8	6	16,2,2,2	3,1,0,0	269	149
4	0	3,2,2,2	1,0,0,0	191	149
0	2	4,0,0,0	14,0,4,1	172	149
112	0	31,37,38,62	0,0,1,0	229	149
0	2	0,4,0,0	0,0,0,0	153	149
24	0	90,3,3,5	2,0,0,0	185	149
0	19	2,0,0,0	53,11,9,7	153	149
0	67	0,1,0,0	31,18,25,17	155	149
3	79	3,3,0,0	39,37,47,55	162	149
0	55	5,2,0,0	181,34,4,5	645	149
0	14	1,0,0,0	157,8,4,8	155	149
13	111	8,6,4,12	17,66,28,24	205	149
8	4	4,2,4,14	0,2,0,0	205	149
523	2	203,261,502,368	1,2,0,0	291	149
407	3	119,203,173,138	0,0,2,2	154	149
541	22	169,235,228,200	5,3,6,5	204	149
137	22	50,32,57,64	5,3,6,5	199	149
24	0	79,58,33,49	1,0,2,2	236	149
1265	0	82,825,1146,1206	0,0,0,2	1771	149
861	5	1066,365,304,199	47,15,0,1	191	149
514	11	139,94,200,139	0,1,2,2	287	149
3	49	0,0,0,0	9,9,4,5	164	149
22	0	78,21,5,8	3,1,0,2	297	149
377	0	223,175,392,323	0,0,0,2	2549	149
0	11	2,0,0,0	10,2,0,0	226	149
88	2	158,118,138,81	0,0,0,0	181	149
12	4	15,3,0,6	9,7,4,2	250	149
26	5	28,13,18,15	11,3,2,0	153	149
3	3	15,8,5,2	13,9,14,10	250	149
97	22	70,86,112,68	23,5,16,13	153	149
10	7	6,2,0,0	23,3,0,0	161	149
2	64	0,0,5,0	30,29,53,26	155	149
0	15	5,1,0,0	39,9,4,7	252	149
8	94	1,0,3,3	48,53,53,88	266	149
0	2	1,0,0,0	25,3,0,0	361	149
5	62	7,6,0,0	85,26,8,9	152	149
2	1	0,4,0,0	0,1,0,0	220	149
10	155	0,3,3,3	30,60,63,31	155	149
0	29	0,1,0,0	37,16,3,0	151	149
5	164	0,0,1,0	69,75,69,59	200	149
1	0	4,0,0,0	2,0,0,0	158	149
3	39	2,2,0,0	55,80,4,15	291	149
0	6	5,0,0,0	207,23,2,8	598	149
90	441	19,47,51,42	72,207,209,227	159	149
11	0	3,5,5,5	2,0,0,0	159	149
11	4	11,4,4,3	4,0,2,12	662	149
10	9	11,1,0,0	2,7,2,7	445	149
1078	1	61,280,351,325	0,0,0,0	438	149
1	0	31,5,0,0	2,0,0,0	357	149
92	25	48,40,42,77	3,17,8,11	212	149
325	22	169,259,226,141	5,12,8,0	225	149
645	8	490,320,364,401	4,2,3,0	575	149
57	122	18,7,24,37	26,33,39,23	723	149
2	2	17,0,0,0	6,0,0,0	158	149
193	2	117,76,86,97	0,0,0,0	1855	149
0	4	4,0,0,2	0,0,6,2	154	149
27	92	4,12,2,4	54,47,48,20	215	149
2	8	4,1,2,2	0,0,0,0	180	149
16	4	0,5,4,0	2,7,4,5	215	149
61	79	35,31,33,41	37,76,95,65	167	149
86	1	37,57,23,18	0,2,1,0	237	149
8	90	9,1,0,0	223,86,32,25	309	149
204	0	70,71,21,36	3,1,0,1	167	149
204	109	74,72,21,36	102,45,21,20	170	149
0	109	7,2,0,1	102,45,21,20	152	149
2	113	0,2,2,1	15,54,30,38	153	149
5	9	12,4,0,0	40,16,4,5	326	149
2	0	9,0,0,0	4,0,0,0	314	149
311	1	364,104,38,90	0,0,0,0	290	149
0	41	1,2,0,0	72,56,45,35	165	149
0	6	1,2,0,0	0,0,0,0	165	149
2	165	2,7,14,9	58,97,170,131	272	149
14	0	38,0,0,2	1,0,0,0	191	149
359	9	183,122,169,131	13,4,0,5	626	149
147	1	103,39,149,102	4,3,0,4	352	149
290	140	128,94,108,295	73,125,132,162	1414	149
7	5073	32,9,0,0	4979,2555,760,1191	174	149
13908	0	6212,5565,2659,2981	1,0,1,2	150	149
6	2	7,0,6,8	6,0,0,2	291	149
658	2	290,573,503,594	1,0,0,0	188	149
665	0	306,589,507,599	2,0,2,0	211	149
9	0	17,16,4,5	2,0,2,0	172	149
1	97	3,2,0,10	72,101,41,62	477	149
5	23	4,6,2,1	15,4,0,2	152	149
91	2	2,14,5,10	0,0,0,0	197	149
52	5	12,19,11,11	0,3,5,9	211	149
706	4	84,190,129,138	1,0,0,1	293	149
60	2	50,30,20,35	1,2,0,3	328	149
0	16	5,1,0,0	15,4,10,3	213	149
1	103	7,3,0,0	243,63,52,42	157	149
7	0	13,4,4,6	0,2,0,1	186	149
57	2	146,42,12,16	16,0,2,2	175	149
46	1	3,20,13,14	0,0,2,0	203	149
711	1	383,339,341,385	3,0,3,2	301	149
204	166	42,43,75,71	183,138,69,83	1232	149
13	501	1,5,2,0	212,282,475,444	218	149
19	524	7,2,7,15	139,212,191,184	168	149
574	5	459,227,366,395	0,0,1,0	726	149
0	2	2,0,0,0	0,0,0,0	173	149
28	60	13,14,8,6	16,42,30,36	198	149
2	2	3,0,2,0	0,0,0,0	198	149
268	8	58,120,108,51	3,0,0,1	248	149
6	8	22,0,7,22	2,3,24,11	567	149
4	2	0,0,0,0	0,1,0,0	256	149
6	0	6,4,13,2	0,0,3,4	183	149
2	1	1,0,7,4	0,0,0,0	152	149
10	13	1,2,3,2	7,5,0,0	161	149
27	42	11,19,2,0	7,8,3,6	360	149
29	4	11,16,2,0	0,0,0,0	360	149
747	1	187,143,178,166	0,0,2,0	580	149
73	4	258,6,19,34	0,0,0,0	1210	149
70	2	69,35,18,14	6,8,4,1	154	149
0	2	0,0,2,0	5,0,6,1	545	149
48137	2	33992,39073,15905,14497	2,0,0,0	695	149
33572	3	31674,32238,9624,9876	0,2,0,0	158	149
0	48	2,0,0,0	27,27,16,13	212	149
4	198	1,3,1,0	44,109,82,122	159	149
11	111	8,3,12,11	36,97,76,79	158	149
3	65	6,1,6,2	65,45,35,33	154	149
41	18	82,27,17,18	11,12,6,5	251	149
1	51	5,0,0,0	267,55,15,10	187	149
286	3	141,102,115,91	0,1,0,0	176	149
10	94	4,7,4,4	54,42,27,13	155	149
72	32	19,39,36,40	0,10,18,3	168	149
184	0	137,62,78,68	2,0,0,0	309	149
0	11	3,2,0,0	27,7,0,3	314	149
18	0	66,6,4,2	2,0,0,0	260	149
17	122	5,5,0,31	6,35,38,71	175	149
2	22	2,9,0,0	3,8,4,5	372	149
11	6	19,9,7,7	11,2,0,0	182	149
2	150	13,0,0,0	81,76,33,25	321	149
189	0	95,117,144,82	2,0,0,0	377	149
151	0	71,92,97,67	0,0,1,0	377	149
2	0	0,0,0,0	2,0,0,2	173	149
40	0	208,45,7,12	2,0,0,0	182	149
0	7	5,1,0,0	84,14,0,4	224	149
1	90	6,1,2,0	307,82,25,19	198	149
100	2	319,89,26,26	0,0,0,0	332	149
2	138	7,0,0,0	370,142,49,62	185	149
34	0	39,13,5,2	3,0,0,0	164	149
629	0	238,324,321,253	2,0,0,0	976	149
0	29	3,0,0,0	23,21,29,15	250	149
10	0	12,0,2,0	0,0,0,2	194	149
0	2	2,0,0,0	22,4,0,1	266	149
104	2	259,180,150,117	2,1,2,2	523	149
151	0	356,268,184,148	4,0,0,0	753	149
154	2	378,271,185,148	11,15,1,0	807	149
49	0	99,89,36,33	4,0,0,0	379	149
52	2	121,92,37,33	11,15,1,0	433	149
3	2	26,3,1,0	11,15,1,0	203	149
50	0	119,93,35,31	3,0,0,1	433	149
17	0	20,6,11,6	0,0,0,1	258	149
89	0	57,42,32,22	3,0,0,0	158	149
0	46	1,0,0,0	44,8,0,12	156	149
561	4	299,287,182,184	1,0,0,0	972	149
45	70	30,15,14,15	58,30,25,47	161	149
199	69	80,67,73,68	31,22,22,55	176	149
0	3	1,0,0,0	3,9,4,3	317	149
6	0	23,2,0,4	1,0,0,0	176	149
18	3	61,4,2,0	0,0,1,0	438	149
246	2	395,151,145,106	0,0,0,0	1919	149
2	4	6,0,0,2	6,1,2,0	677	149
2	103	7,2,1,2	148,77,26,42	260	149
0	4	4,0,0,0	7,6,0,0	184	149
9	103	5,7,6,9	38,115,70,75	164	149
0	187	0,1,0,0	55,164,102,158	161	149
18	0	7,7,7,14	1,2,0,4	215	149
64	128	104,53,4,14	378,139,7,9	215	149
73	10	23,19,19,12	6,7,0,10	155	149
5	8	30,0,0,0	29,6,0,0	167	149
12	0	9,2,0,0	3,0,0,0	152	149
12	3	3,0,0,1	0,0,0,0	169	149
2	85	5,3,2,0	61,98,60,67	348	149
0	1	0,0,1,0	0,0,0,0	153	149
2	62	2,4,3,0	19,24,11,22	153	149
7	315	12,3,1,0	229,115,101,81	269	149
4	254	4,2,7,2	115,49,97,76	153	149
1	3	6,3,0,0	0,0,0,0	246	149
13	3	9,6,4,4	0,0,0,0	294	149
155	0	899,444,168,183	0,0,1,2	361	149
3541	3	11581,5567,9083,9379	16,13,12,15	3316	149
6	53	0,0,0,0	13,26,22,16	279	149
22	2	11,12,6,8	0,0,0,0	273	149
0	96	0,1,0,0	121,89,34,37	185	149
0	6	0,1,0,2	1,3,1,2	188	149
78	0	146,44,25,35	2,0,0,0	3231	149
0	36	3,0,0,0	76,21,2,7	180	149
0	36	5,0,0,0	76,21,2,7	191	149
273	0	158,170,147,214	0,0,1,0	1622	149
11	0	67,21,24,41	0,2,0,0	802	149
11	0	67,21,24,41	0,1,0,0	806	149
0	5	1,0,0,0	32,21,5,18	153	149
55	18	40,28,15,12	11,10,1,2	152	149
63	19	32,1,19,12	6,12,4,5	863	149
0	36	2,2,0,0	139,21,15,20	231	149
84	2	106,54,15,23	0,0,0,0	215	149
0	12	0,1,0,0	99,19,3,4	153	149
2	12	2,2,3,0	10,10,5,18	164	149
7	2	19,11,2,3	2,3,7,2	176	149
0	1	10,2,0,0	3,3,6,2	191	149
28	5	8,14,3,5	19,5,2,1	305	149
80	15	58,39,26,46	3,1,2,1	296	149
0	2	2,0,0,0	6,0,2,0	247	149
1	76	0,0,0,0	23,1,13,10	156	149
11	1127	2,1,0,0	137,203,170,91	153	149
1492	7	169,229,224,116	0,0,15,2	855	149
1448	0	206,204,246,149	0,0,0,1	2098	149
1185	2	132,161,171,84	0,0,0,0	151	149
54	2	1,11,9,10	0,0,0,0	155	149
38	1169	1,10,6,10	132,160,168,84	153	149
13	1090	8,5,6,4	309,156,146,136	494	149
33	17	16,23,18,23	5,10,0,7	218	149
17	0	10,5,3,17	1,0,0,0	343	149
17	0	10,5,3,17	1,0,0,0	343	149
255	5	58,95,85,63	4,2,2,3	167	149
0	207	0,2,0,2	74,117,107,61	162	149
31	10	2,3,9,0	0,2,4,12	202	149
1	4	0,4,0,0	0,0,0,0	177	149
0	10	0,2,0,0	6,2,0,0	164	149
1	2	0,0,0,2	0,0,0,0	235	149
11	31	3,3,4,2	8,23,18,27	314	149
21	0	14,1,0,0	4,0,0,0	301	149
11	2	2,0,0,0	0,0,0,0	387	149
52	2	65,18,16,2	0,0,0,0	188	149
2	23	6,0,6,13	73,5,18,21	241	149
5	134	5,0,0,0	128,43,49,68	232	149
2	4	1,24,0,11	0,0,0,0	227	149
211	8	211,138,235,264	2,3,2,1	150	149
10	2	11,6,4,1	7,3,0,1	210	149
514	4	642,169,241,321	0,0,0,1	1697	149
5	0	32,2,2,4	13,1,0,0	1173	149
0	6	1,0,0,0	21,3,2,4	290	149
1	2	1,0,5,1	18,3,2,1	224	149
2	2	2,12,4,1	16,13,3,0	170	149
11	1	4,2,42,48	0,0,0,0	1566	149
5	0	95,0,1,2	1,0,0,0	230	149
11	67	5,6,4,9	88,43,22,50	377	149
157	0	151,54,70,120	0,0,0,1	325	149
117	10	36,110,113,105	4,6,10,5	195	149
19	129	4,8,12,15	18,67,72,83	327	149
6	0	0,1,0,0	0,4,0,0	460	149
0	4	2,0,0,0	0,0,0,0	238	149
3	296	3,0,0,0	79,130,132,99	169	149
98	84	47,39,16,16	25,48,16,24	152	149
5	0	0,2,2,2	0,1,0,0	153	149
343	41	83,91,146,112	14,4,14,14	689	149
0	292	5,0,0,0	248,151,35,54	167	149
28	88	29,16,10,14	49,53,29,31	693	149
55	14	39,5,15,22	10,4,0,4	197	149
9440	0	4633,4086,4867,5057	1,2,0,0	1610	149
341	0	154,145,190,225	0,0,2,2	219	149
3312	4	1739,1559,1866,1892	2,1,0,0	898	149
11	2	14,18,8,24	0,0,0,0	153	149
368	2	244,279,283,226	0,0,0,10	153	149
196	1	73,104,90,95	0,0,0,1	179	149
39	6	28,15,20,5	12,2,0,0	465	149
13	0	149,13,0,3	10,2,0,0	288	149
0	2	2,0,0,0	4,0,0,0	189	149
2	11	1,5,0,5	0,6,4,0	429	149
1	0	1,0,0,0	1,0,0,0	203	149
42	0	37,9,0,3	0,1,0,0	323	149
0	16	5,0,0,0	20,12,1,4	201	149
51	10	157,18,17,46	25,1,0,2	164	149
39	45	30,23,13,20	97,22,25,19	164	149
17	549	11,15,0,0	486,935,478,298	212	149
431	18	189,523,367,312	4,15,2,6	335	149
0	2	3,1,2,0	26,3,2,0	223	149
12	9	11,5,5,4	0,0,1,2	264	149
0	61	0,0,0,2	43,15,15,27	306	149
4	84	3,2,0,0	37,34,35,41	188	149
1	48	4,0,2,2	34,8,15,5	183	149
102	1	83,142,181,230	4,4,11,4	410	149
2	17	0,1,1,8	4,1,3,8	203	149
14	6	17,1,2,3	6,2,1,0	227	149
0	10	2,0,1,0	241,18,0,7	208	149
68	12	6,34,13,40	0,2,4,15	204	149
0	9	5,0,0,0	119,18,0,0	280	149
571	2	72,188,290,312	0,0,0,0	1775	149
155	1	46,56,48,59	0,0,0,0	163	149
138	11	6,2,16,31	2,0,0,0	205	149
0	11	0,0,1,0	3,3,7,3	160	149
370	2	21,107,48,28	0,0,0,0	385	149
52	3	198,48,31,22	2,0,0,6	436	149
0	13	0,0,2,0	15,5,4,0	196	149
205	2	73,82,143,113	1,0,0,0	1347	149
12	83	11,13,21,8	29,58,50,37	182	149
877	5	988,631,361,336	0,0,0,2	421	149
79	300	116,26,40,46	213,317,203,213	354	149
56	21	76,54,35,16	15,6,8,4	171	149
1	46	0,0,1,0	35,12,13,24	160	149
31	20	32,12,11,30	5,2,2,0	153	149
80	0	50,94,54,85	0,1,0,0	415	149
9	0	9,2,0,4	0,0,0,1	384	149
0	14	0,2,4,0	3,4,6,2	333	149
20	4	52,26,1,17	8,0,0,0	260	149
7	274	3,2,4,3	94,78,119,80	153	149
116	274	71,40,78,84	94,78,119,80	1348	149
44	1	97,45,11,18	1,1,0,6	1741	149
32	2	25,6,0,8	0,0,0,0	235	149
2	0	17,0,0,0	16,0,0,0	176	149
2	3	0,0,0,0	2,6,0,2	176	149
15	0	66,15,3,5	2,0,0,0	420	149
36	1	107,47,96,72	6,1,0,0	2075	149
0	21	2,0,0,0	140,12,3,4	262	149
194	4	67,147,88,153	0,0,0,0	268	149
33	0	9,21,29,27	0,0,0,2	354	149
46	23	12,29,43,33	2,19,11,11	354	149
15	56	4,0,4,4	3,16,34,8	186	149
3	0	21,0,0,0	1,0,0,0	154	149
2	0	2,0,0,0	0,0,0,2	287	149
96	329	68,5,9,29	154,104,25,68	1708	149
31	120	21,4,2,2	100,53,38,38	353	149
0	128	1,0,0,0	682,358,61,68	153	149
123	4	89,98,89,121	2,2,10,0	253	149
143	51	259,90,72,74	34,30,37,46	254	149
4	3	8,1,0,2	2,0,0,2	249	149
227	93	327,345,122,84	75,70,22,1	494	149
22	264	30,11,4,6	864,252,79,102	452	149
0	38	47,2,0,0	733,36,18,9	383	149
87	2	66,21,5,3	1,0,0,0	194	149
1	53	0,0,0,0	12,21,10,5	226	149
80	4	2,13,21,27	0,0,0,0	426	149
96	2	153,38,21,8	0,0,0,0	241	149
445	2	173,192,314,240	0,0,0,0	282	149
22	111	0,8,3,7	84,77,50,75	254	149
3	22	11,0,2,0	9,17,7,12	185	149
13	5	3,4,0,2	0,0,0,0	252	149
1	0	0,0,0,0	14,4,1,0	153	149
58	52	21,16,17,7	5,4,3,8	161	149
12	24	3,2,0,2	6,6,16,5	273	149
53	7	248,56,11,9	14,1,2,0	194	149
87	114	342,56,26,29	100,78,36,33	1230	149
1	0	27,4,0,2	5,2,0,0	194	149
26	0	51,40,24,11	0,0,0,2	316	149
405	0	269,165,101,134	2,0,0,0	254	149
32	12	9,19,19,12	2,10,7,5	848	149
140	0	38,51,52,49	0,1,0,0	1243	149
138	0	38,57,53,56	0,1,0,0	1436	149
8	10	6,6,2,11	6,0,1,4	342	149
3	11	2,5,0,0	0,0,0,0	164	149
2	54	0,0,0,0	44,25,2,3	165	149
3	206	7,0,0,1	77,101,66,49	211	149
7	20	36,7,3,6	88,25,7,8	396	149
0	20	7,0,0,0	88,25,7,8	298	149
0	20	8,0,0,0	88,25,7,8	333	149
7	0	30,7,3,6	1,0,0,0	247	149
6	264	3,1,4,16	207,186,120,82	228	149
31	1019	18,5,14,8	408,534,699,509	194	149
1	12	0,3,0,4	0,0,0,7	152	149
22	4	3,4,6,12	2,6,2,12	335	149
6	87	6,2,11,2	13,25,13,17	305	149
4	0	197,6,2,2	45,2,0,0	155	149
0	8	0,0,0,4	0,2,4,2	150	149
18	4	1,1,11,7	0,0,0,0	150	149
6	0	2,0,0,0	2,0,4,0	180	149
13	0	9,6,2,8	2,0,4,0	260	149
0	1	2,0,0,0	14,4,0,2	165	149
6	118	2,1,2,1	74,83,130,115	156	149
4	694	13,1,0,1	492,150,158,140	156	149
1	0	10,0,0,0	3,0,0,0	208	149
19	129	3,5,3,5	23,33,48,32	259	149
198	8	42,76,135,124	7,2,0,0	3418	149
4	12	6,2,2,3	14,13,3,11	152	149
0	2	2,0,0,0	37,0,0,0	254	149
46	8	26,22,46,48	1,0,0,4	531	149
54	2	36,26,49,48	2,0,0,0	576	149
62	0	36,26,49,48	0,0,2,0	587	149
62	4	36,26,49,48	3,0,0,2	594	149
16	2	11,4,3,4	2,0,0,0	194	149
24	0	11,4,3,4	0,0,2,0	205	149
24	4	11,4,3,4	3,0,0,2	212	149
10	0	2,0,0,0	0,0,2,0	160	149
10	4	2,0,0,0	3,0,0,2	167	149
0	4	0,0,2,0	3,0,0,2	156	149
0	5	0,1,0,8	0,2,3,0	227	149
2	4	0,0,0,0	0,0,2,0	242	149
205	9040	247,115,50,51	6455,6036,2602,2413	265	149
10857	6	7957,6784,3059,2892	13,4,0,0	553	149
1	3	4,0,2,2	0,4,3,4	169	149
1	0	4,0,2,2	4,2,4,4	309	149
3	0	0,4,3,4	4,2,4,4	289	149
1	4	27,8,0,0	0,0,0,0	154	149
0	6	4,3,5,0	4,6,0,4	270	149
0	2	1,0,0,0	1,0,0,4	153	149
149	5	51,100,219,102	2,9,5,10	256	149
3	55	10,14,12,16	32,42,131,84	545	149
0	8	2,0,0,0	1,5,0,0	164	149
0	4	2,0,0,0	32,0,0,0	236	149
109	3	105,46,57,42	4,2,1,0	614	149
400	1	311,120,89,81	4,0,0,0	220	149
27	3	2,10,12,9	3,0,2,2	194	149
107	0	67,62,49,13	0,0,3,1	196	149
0	1	2,0,0,0	8,1,2,5	161	149
0	1	1,0,0,0	0,0,0,0	154	149
1490	4	486,566,585,497	6,10,1,2	203	149
77	2	49,23,33,33	6,4,2,0	197	149
92	11	59,19,14,65	9,6,15,10	1662	149
29	0	22,17,9,8	0,1,0,0	160	149
53	3	26,26,15,40	0,9,12,5	304	149
378	14	505,426,866,815	6,3,8,5	1122	149
41	2	54,13,2,30	2,0,0,0	197	149
0	20	2,0,0,0	53,2,2,1	236	149
3	20	2,0,0,0	53,2,2,1	349	149
6	0	17,2,0,2	5,0,0,0	173	149
16	9	3,0,0,0	10,0,0,0	170	149
1	1	6,2,0,0	0,0,0,0	153	149
3	674	9,0,0,0	325,508,69,102	279	149
94	0	136,48,57,26	0,2,0,0	688	149
9	0	26,12,16,18	2,0,0,0	158	149
0	3	2,0,0,0	8,6,0,0	383	149
0	3	2,0,0,0	8,6,0,0	200	149
8	0	16,0,1,0	4,0,0,0	176	149
62	0	34,64,19,33	1,7,2,2	223	149
10	25	5,4,0,0	7,13,3,4	286	149
2	2	0,0,0,0	0,0,0,4	153	149
5	7	17,0,0,0	4,1,0,0	206	149
0	21	1,2,1,0	2,3,14,19	161	149
14	4	17,4,0,0	0,0,0,0	152	149
2	4	7,2,0,0	1,0,0,0	252	149
48	317	11,22,26,31	121,135,71,84	254	149
2	6	4,1,0,5	28,15,16,8	159	149
78	5	60,61,65,67	13,18,7,8	401	149
67	0	91,45,76,77	1,0,0,0	691	149
145	5	150,106,141,144	13,18,7,8	943	149
8	0	112,16,54,34	4,0,2,2	173	149
3	2	2,4,13,4	92,28,50,50	197	149
0	3	3,0,0,2	0,0,0,0	265	149
5	5	4,10,2,2	6,7,4,12	263	149
1	4	2,7,2,0	8,2,2,4	177	149
2	11	9,3,0,0	24,6,0,0	638	149
4	32	0,6,0,4	52,35,27,26	164	149
1	16	0,0,2,0	11,11,7,7	199	149
192	20	107,54,62,93	5,0,1,2	251	149
21	29	3,8,0,23	16,14,11,16	176	149
78	5	46,26,18,36	0,0,2,0	188	149
223	0	213,120,79,113	4,3,0,0	506	149
0	4	4,0,0,0	34,0,0,0	283	149
4	0	3,0,0,0	2,0,0,0	427	149
27	16	1,5,1,1	7,3,0,4	444	149
0	3	0,0,2,0	8,0,0,0	215	149
0	55	3,0,2,0	233,43,23,42	224	149
3	55	11,0,0,0	233,43,23,42	158	149
16	0	35,13,14,16	1,0,0,0	182	149
2	0	31,0,0,0	2,0,0,0	213	149
22	0	120,5,4,4	4,0,0,0	338	149
6	0	9,0,0,0	3,0,0,0	507	149
4	0	51,1,1,0	6,2,0,0	208	149
2	15	4,4,2,0	11,11,15,6	210	149
8	350	8,2,5,7	74,194,236,172	245	149
1	26	1,0,2,0	6,8,19,16	321	149
2	6	2,2,0,0	20,2,0,0	269	149
13	35	8,2,2,3	5,14,3,8	269	149
8	2	3,0,0,0	0,0,0,0	341	149
4	20	2,0,0,0	22,8,4,2	316	149
11	65	12,9,2,2	89,41,10,43	253	149
123	117	108,34,74,104	73,61,57,59	3424	149
5	15	8,3,3,2	54,26,1,11	176	149
2	0	50,0,0,2	4,0,0,0	293	149
0	62	5,0,0,0	101,46,28,47	161	149
119	0	62,63,145,100	0,0,0,4	199	149
2	0	7,0,0,0	1,0,0,0	168	149
10	2	114,13,1,3	0,0,0,0	633	149
9	0	10,0,2,9	0,1,0,0	267	149
122	8	133,63,85,63	0,0,1,3	647	149
0	6	1,0,0,0	16,4,0,0	153	149
9	383	3,3,7,4	595,510,612,565	247	149
0	12	1,0,0,0	44,4,8,0	153	149
5	61	16,0,3,5	37,9,15,26	252	149
83	2	62,29,26,21	0,1,0,0	211	149
4	11	1,0,0,2	4,0,0,0	164	149
33	0	35,14,5,0	1,0,0,0	540	149
14	2	15,14,8,8	3,0,0,2	158	149
19	0	13,13,0,0	3,0,0,0	158	149
232	144	111,27,50,75	67,49,53,54	912	149
2	19	0,0,0,2	7,9,0,1	724	149
19	2	5,13,9,27	0,0,0,0	200	149
9	0	82,5,2,8	2,0,0,0	290	149
9	170	8,2,7,6	26,65,88,57	334	149
4	0	21,4,0,0	1,0,0,0	287	149
14	66	5,0,0,0	44,83,48,46	205	149
2	41	4,2,0,0	38,29,10,10	242	149
8	44	38,5,0,0	153,30,9,13	247	149
7	37	14,4,2,2	90,52,40,35	295	149
13	3	9,4,3,1	4,3,0,0	387	149
0	10	6,0,0,0	153,15,2,0	157	149
40	5	128,38,7,13	29,16,0,0	152	149
276	39	234,160,88,72	6,11,12,18	176	149
15	445	13,12,1,1	194,180,146,138	269	149
2	53	3,2,0,0	117,35,57,51	157	149
4	102	29,6,10,4	135,57,46,43	257	149
9	102	45,6,8,4	135,57,46,43	339	149
5	0	17,2,0,0	1,2,2,0	231	149
31	98	67,16,13,18	107,64,30,37	498	149
3	0	5,0,0,0	2,0,0,0	155	149
19	17	2,3,1,6	8,6,10,15	155	149
131	2	23,30,44,31	6,5,2,3	209	149
2	152	0,0,0,0	63,138,75,53	153	149
9	4	30,0,0,0	4,0,0,0	540	149
0	19	4,0,0,0	33,27,1,4	486	149
46	37	29,35,4,25	13,30,12,12	169	149
44	9	37,22,33,22	1,0,1,0	174	149
2	0	13,4,5,4	2,0,0,0	190	149
24	20	2,8,6,2	2,13,6,2	193	149
181	4	66,70,106,188	0,0,2,2	310	149
3	0	0,0,0,0	0,0,0,1	197	149
0	4	1,0,0,0	52,4,0,2	195	149
1	104	5,0,0,0	30,54,40,40	350	149
25	73	52,2,5,5	100,38,38,13	451	149
27	0	126,27,8,6	3,0,0,0	328	149
0	2	27,7,0,0	0,0,0,0	164	149
234	0	91,60,119,188	2,5,0,0	1174	149
0	57	5,0,0,0	54,20,24,32	516	149
6	6	20,43,4,6	0,13,3,0	194	149
28	0	98,44,19,7	5,0,0,0	194	149
1254	0	596,1256,1149,777	0,0,1,4	277	149
8	230	2,4,18,4	59,137,242,204	207	149
80	0	95,43,34,36	2,0,0,0	191	149
39	23	70,14,47,23	35,6,30,35	276	149
0	1	19,0,0,0	3,0,0,0	209	149
0	2	5,1,1,0	19,6,1,5	185	149
4	2	0,2,0,1	1,4,0,0	199	149
21	0	11,23,24,35	2,0,0,0	2495	149
703	0	430,710,852,766	0,6,0,2	246	149
5	0	38,4,0,10	15,0,0,0	161	149
18	45	3,0,2,2	16,18,13,19	379	149
67	185	75,42,102,106	52,137,110,117	755	149
53	1	65,54,28,22	8,0,1,4	183	149
10	49	6,5,3,10	26,14,18,19	152	149
10559	16	1196,2464,3224,2797	4,2,2,4	359	149
4	6	0,0,0,0	1,0,2,0	159	149
9	4	23,15,7,2	2,0,3,0	153	149
0	35	0,1,2,13	4,42,11,19	243	149
105	0	1038,109,16,30	5,0,0,0	254	149
0	20	2,0,0,0	82,45,8,9	222	149
30	0	13,16,4,15	1,0,2,0	194	149
0	1	0,1,4,0	2,0,0,2	179	149
2	2	0,0,1,3	0,2,0,0	269	149
90	4	2,0,5,0	0,0,4,0	187	149
161	1853	4,0,11,0	33,20,51,19	187	149
2	15	4,2,0,0	8,7,1,1	265	149
0	25	14,0,0,2	87,16,15,20	170	149
0	1	26,1,1,0	8,0,2,0	191	149
2763	75	683,762,914,1006	61,49,35,26	1790	149
3	14	7,4,0,0	23,11,2,1	161	149
39	0	29,17,3,16	21,0,0,0	3007	149
18	0	46,3,9,5	1,4,0,0	1101	149
5	29	12,0,4,0	17,9,8,7	485	149
3	29	10,0,4,0	17,9,8,7	397	149
0	107	0,0,0,1	87,80,23,52	160	149
0	2	4,0,0,0	2,0,0,0	240	149
0	5	5,0,0,0	6,3,2,1	291	149
116	6	28,7,4,2	0,0,0,2	446	149
385	1	59,20,26,48	0,0,0,0	1207	149
321	31	13,9,6,28	4,0,4,1	207	149
93	17	13,3,4,10	5,0,0,0	216	149
323	17	26,8,33,37	5,0,0,0	234	149
0	163	0,3,1,0	65,71,150,199	154	149
0	34	0,0,1,0	4,1,4,10	154	149
3	38	6,0,0,0	251,15,0,7	163	149
0	10	4,0,0,0	16,0,0,0	262	149
0	4	4,8,5,2	2,1,2,0	190	149
0	121	0,1,4,0	64,37,39,33	153	149
171	200	104,45,80,72	103,75,51,67	282	149
5	151	1,2,0,0	98,46,79,71	155	149
193	3	688,92,13,14	0,0,0,0	275	149
5	2	1,0,4,3	0,2,1,0	399	149
11	3	56,23,10,33	1,0,0,0	3119	149
4	127	0,0,0,0	101,78,63,79	271	149
3	43	0,0,2,1	15,27,24,18	161	149
250	6	94,127,150,172	3,4,0,0	250	149
32	0	385,1,0,0	5,0,0,0	236	149
32	0	391,1,0,0	1,0,0,0	287	149
10	2	1,1,3,2	4,4,0,2	281	149
5	0	0,1,12,2	2,1,0,0	243	149
4	127	0,0,0,0	67,61,96,155	153	149
1	26	2,0,0,0	41,15,0,9	192	149
0	53	8,0,0,0	10,17,4,0	228	149
9	0	2,3,9,0	0,0,0,2	158	149
20	5	15,13,5,9	4,0,4,2	179	149
281	3	83,33,15,29	18,9,3,1	284	149
8	11	0,0,0,2	11,17,4,7	166	149
2	48	7,0,0,0	20,31,43,42	163	149
37	0	18,53,70,52	0,1,3,0	161	149
2	534	2,1,0,1	365,346,403,478	194	149
12	4	12,2,10,8	0,0,1,2	158	149
87	0	50,2,8,2	2,0,0,0	220	149
14	0	35,29,0,6	2,0,0,0	152	149
14	2	0,1,0,0	0,0,0,0	207	149
15	1	0,2,0,3	0,0,0,0	224	149
3	1	0,1,0,3	0,0,0,0	166	149
12	1	0,1,0,0	0,0,0,0	207	149
13	24	0,2,0,3	0,5,3,2	224	149
2	24	0,1,0,3	0,5,3,2	166	149
4	0	1,0,0,0	2,0,0,0	382	149
4	0	1,0,0,0	2,0,0,0	390	149
0	4	5,0,0,0	36,4,0,0	194	149
251	0	180,204,172,143	0,2,0,0	1820	149
20	2	5,12,15,13	0,0,0,0	869	149
94	1	12,63,72,64	0,0,0,0	1732	149
1	0	1,2,5,5	1,0,0,0	631	149
22	58	22,7,4,19	43,24,23,19	164	149
47	232	14,19,10,8	58,83,68,66	177	149
2	130	4,1,4,10	30,93,114,69	177	149
129	9	43,76,100,131	0,6,2,2	153	149
50	37	49,11,23,28	19,15,9,12	930	149
51	1	55,68,36,34	1,3,1,0	154	149
9	6	25,7,3,6	12,3,3,0	1370	149
1	6	0,0,0,1	12,3,3,0	177	149
2	0	1,0,0,1	1,0,0,2	160	149
0	2	3,0,0,0	63,0,2,0	184	149
0	15	4,0,0,0	46,1,0,2	281	149
3	2	0,10,4,18	0,6,0,7	166	149
18	2	49,15,4,8	19,1,0,0	244	149
764	2	89,161,235,201	1,4,4,0	154	149
31	1	3,10,4,4	0,2,0,0	154	149
4	2	14,4,0,5	2,0,0,0	365	149
3	153	5,2,0,0	411,197,37,35	287	149
0	15	1,0,0,0	58,2,5,0	179	149
5	40	7,1,9,8	23,10,4,21	248	149
6	4	4,4,2,2	6,0,2,0	155	149
0	6	2,4,2,4	6,1,4,5	159	149
2	14	0,0,0,2	21,26,58,30	159	149
59	422	65,35,3,6	273,141,38,69	215	149
1	0	5,0,0,0	12,0,2,4	296	149
0	6	4,0,0,0	36,12,1,7	242	149
2	4	14,0,0,2	5,0,0,0	304	149
2	0	3,0,0,0	1,0,0,0	201	149
2	2	0,0,0,0	3,2,0,0	159	149
7	0	19,3,1,2	25,0,0,0	598	149
2	0	9,0,6,0	1,0,0,0	456	149
582	16	196,169,260,225	6,3,4,6	1489	149
5	0	17,5,2,6	2,0,0,0	243	149
5	2	17,4,1,4	0,0,0,0	243	149
2	22	0,0,0,0	65,30,6,3	244	149
198	2	73,114,102,127	0,2,4,2	167	149
1931	12	2292,474,561,1012	3,0,0,0	1492	149
36	27	23,12,32,20	4,7,11,6	164	149
34	192	13,2,2,19	86,66,115,104	289	149
0	523	2,0,0,0	5784,1665,152,168	279	149
68	487	261,134,68,71	6412,1456,303,457	176	149
2	28	1,0,0,0	11,15,2,8	161	149
27	17	15,0,0,0	2,0,0,0	326	149
0	13	47,1,0,2	60,19,2,0	329	149
14	1	7,3,12,4	1,0,1,0	373	149
0	132	4,0,0,0	267,130,63,69	153	149
259	85	41,119,135,77	57,67,43,53	277	149
7047	537	2011,1550,2391,2424	317,395,324,286	1681	149
5	36	12,3,5,0	95,10,37,12	268	149
71	0	210,104,17,53	1,0,0,0	222	149
78	0	222,106,17,57	3,2,0,0	226	149
7	0	13,2,0,4	3,2,0,0	153	149
25	69	28,17,10,21	26,16,18,24	161	149
5	4	13,0,0,3	2,0,0,0	230	149
4	118	13,0,0,3	51,78,13,47	230	149
0	16	5,0,0,1	72,9,0,7	196	149
0	16	3,0,0,1	72,9,0,7	156	149
23	113	66,7,15,18	35,59,27,48	435	149
13	113	43,6,9,6	35,59,27,48	336	149
2	0	5,0,0,2	7,1,0,0	240	149
13	2	168,22,8,5	15,1,0,2	182	149
74	3	12,3,7,10	0,0,0,0	615	149
0	8	4,4,0,0	3,10,4,0	183	149
12	50	17,21,18,18	28,94,44,40	576	149
6	2	0,0,2,1	0,0,4,0	406	149
11	0	9,17,11,4	1,1,4,4	187	149
48	6	67,43,33,34	4,6,9,2	222	149
8	7	9,1,5,11	8,2,1,0	182	149
35	0	39,43,22,17	4,3,1,0	384	149
164	2	131,78,63,58	4,4,2,0	808	149
8	0	117,8,4,10	6,0,0,0	331	149
9	1109	1,1,0,1	736,895,471,289	173	149
48	664	60,43,16,13	578,529,303,218	202	149
40	1	122,6,15,16	3,0,0,0	470	149
47	31	42,4,3,3	72,10,6,3	483	149
8	327	4,8,6,1	184,110,192,183	153	149
0	22	4,0,0,0	67,19,3,5	297	149
21	22	26,7,0,7	39,5,1,5	161	149
2	27	1,0,0,0	29,12,10,12	155	149
4	75	0,0,1,0	41,46,25,26	163	149
18	1	2,7,7,3	0,0,4,4	155	149
12	0	6,4,0,0	4,0,0,0	318	149
9	1	4,7,0,0	2,0,0,0	155	149
16	4	21,7,0,4	5,10,7,2	1166	149
0	16	4,0,1,0	22,12,8,9	348	149
30	40	16,13,12,24	13,34,15,15	237	149
3	0	21,0,0,1	12,0,1,0	177	149
25	111	3,0,2,4	67,30,21,18	158	149
0	29	0,4,2,0	35,8,5,6	352	149
6	38	9,0,0,0	93,26,14,9	273	149
0	36	1,0,0,0	114,27,9,12	179	149
3908	2	2719,1798,2475,1936	0,0,0,0	3132	149
3128	4	2687,1688,2145,1713	2,5,10,0	786	149
2	48	15,0,4,2	412,29,22,31	228	149
655	4	530,586,341,308	1,3,0,4	432	149
2	2	17,6,1,0	5,0,0,0	213	149
0	55	0,1,0,0	55,15,14,25	161	149
4	27	7,8,6,7	7,13,10,27	162	149
0	10	1,0,0,0	38,5,1,2	153	149
3	8	0,0,0,0	2,1,3,0	181	149
146	0	277,183,215,226	0,0,0,6	1411	149
152	8	293,183,217,231	0,0,0,2	1453	149
6	8	16,0,2,11	0,0,0,2	191	149
6	0	16,0,2,6	0,1,1,0	191	149
29	14	39,12,21,35	11,12,11,9	650	149
292	0	246,193,290,430	0,1,0,0	2986	149
12	29	1,6,12,3	6,18,14,23	168	149
0	2	0,1,0,0	2,0,0,0	189	149
236	4	183,48,59,61	10,2,0,2	158	149
11	2	1,1,13,5	0,0,0,0	786	149
8	508	7,4,1,2	20,37,49,67	180	149
38	101	16,6,9,34	304,39,14,22	932	149
2	59	88,1,0,0	1496,104,8,19	407	149
1	0	3,7,11,8	0,1,0,0	470	149
4	23	3,0,0,0	17,6,6,6	194	149
4	3	3,0,0,0	0,4,0,0	194	149
1	11	4,0,0,0	10,13,0,5	220	149
2	9	1,2,5,0	0,0,0,1	167	149
3	34	1,3,7,4	18,23,16,11	167	149
3	246	3,2,6,3	114,122,112,90	174	149
1	0	0,0,0,0	9,0,0,0	169	149
0	4	2,0,0,0	42,12,0,0	200	149
0	4	2,2,0,0	48,2,0,3	415	149
40	0	209,20,15,6	1,0,0,0	580	149
140	130	36,30,65,97	33,81,114,102	2020	149
11	0	8,0,4,0	0,2,2,0	200	149
2	54	12,1,9,0	147,98,43,34	200	149
0	2	2,0,0,0	13,8,0,2	188	149
108	0	352,176,24,37	5,0,0,0	213	149
177	0	331,232,59,68	0,4,0,0	512	149
68	2	15,8,5,2	0,0,4,0	284	149
27	0	48,1,7,9	2,0,0,0	368	149
2	0	51,2,0,6	2,0,0,0	158	149
508	1	253,310,245,274	0,0,0,1	195	149
8	3	21,11,2,11	16,0,0,2	548	149
2	9	0,0,0,0	41,4,2,6	158	149
65	149	29,33,34,20	64,49,48,55	173	149
280	0	134,129,195,180	2,0,1,0	153	149
27	12	0,10,4,2	4,2,2,2	170	149
10	237	14,7,9,9	88,137,155,74	242	149
2	2	0,0,1,4	1,1,1,0	155	149
4	0	2,3,0,0	2,0,0,0	199	149
70	4	87,141,149,106	7,2,10,3	151	149
4	79	5,1,1,0	18,31,20,17	153	149
0	8	1,0,0,0	120,6,0,0	288	149
5	11	19,2,2,0	21,0,0,0	429	149
5	11	18,2,2,0	21,0,0,0	225	149
6	0	19,2,2,0	3,0,0,0	225	149
8	0	12,7,0,6	0,0,0,2	214	149
10	0	13,7,0,6	2,0,0,2	214	149
9	4	17,18,4,0	3,0,2,0	179	149
29	0	164,1009,104,120	0,0,2,0	153	149
33	9	164,1010,116,122	9,112,30,30	153	149
2	4	0,1,0,1	7,0,4,2	167	149
291	2	73,122,252,46	2,0,4,4	230	149
0	4	2,4,0,0	5,0,0,0	189	149
14	1	40,13,5,11	0,0,0,0	773	149
18	5	56,19,2,0	17,6,0,0	170	149
3	4	0,0,6,4	0,0,0,0	230	149
3	0	16,2,0,0	1,0,0,0	302	149
0	1356	6,0,0,0	1015,552,627,868	153	149
4	2	1,0,1,0	0,0,0,0	207	149
4	206	1,0,3,0	51,149,99,38	207	149
5	4	21,3,0,4	9,0,0,0	161	149
17	0	75,32,6,0	4,3,2,0	179	149
32	0	87,38,14,2	4,3,2,0	200	149
30	0	87,38,14,2	4,3,2,0	203	149
15	0	16,8,8,2	4,2,0,0	170	149
13	0	16,8,8,2	4,2,0,0	173	149
3	0	10,0,0,0	0,0,0,2	242	149
3	0	10,0,0,0	0,0,0,2	245	149
3	0	10,0,0,0	0,0,0,2	251	149
6	26	10,2,0,0	6,9,3,8	153	149
5	0	1,0,0,0	4,0,0,0	153	149
176	2	164,84,32,33	0,2,0,0	339	149
0	8	0,0,1,0	33,29,28,19	158	149
2	0	39,0,0,1	44,1,0,0	288	149
4	6	0,0,0,0	3,0,0,2	153	149
12	0	169,24,1,8	9,0,0,0	176	149
2	2	14,0,0,2	3,0,0,0	185	149
4	24	9,3,1,12	19,19,20,4	510	149
42	2	67,26,28,22	0,0,0,0	292	149
121	4	129,99,88,71	5,0,0,1	292	149
11	0	4,4,9,8	1,0,0,0	337	149
17	58	24,4,6,13	39,26,28,22	625	149
0	2	3,0,0,0	19,0,0,4	364	149
4	172	2,3,0,0	1077,253,14,30	164	149
2	0	2,1,0,0	6,7,5,6	199	149
76	4	19,63,56,47	3,5,3,4	188	149
100	0	51,64,28,41	2,7,0,5	164	149
9	50	4,6,3,1	37,101,69,51	230	149
7	69	2,0,0,2	30,71,62,49	153	149
228	155	126,78,85,61	40,46,37,37	196	149
10	3	77,18,10,0	12,4,2,9	245	149
7	32	0,0,0,0	2,0,0,0	160	149
6	30	11,1,0,0	1,0,0,0	235	149
4	0	1,0,1,0	0,0,1,1	338	149
5	33	6,0,0,0	39,6,15,13	262	149
3	11	2,0,0,0	0,0,2,0	175	149
348	44	141,166,366,341	4,9,15,13	271	149
114	39	36,27,57,81	26,12,5,17	2656	149
0	2	1,0,0,2	0,0,0,0	192	149
9	29	0,4,9,4	6,3,3,5	259	149
791	4	339,415,433,558	0,0,0,0	2206	149
10	0	10,13,20,12	0,0,0,2	150	149
19	52	24,11,13,20	32,11,26,22	167	149
4	13	0,0,0,0	17,4,0,2	188	149
27	0	1,1,5,16	2,0,0,1	1549	149
15	126	2,3,0,0	6,19,13,24	178	149
5	0	3,2,3,2	1,0,0,0	210	149
0	2	1,0,0,0	8,0,0,0	289	149
2	6	2,0,0,0	0,1,0,0	289	149
18	7	82,30,18,24	10,12,3,7	263	149
5	62	2,0,4,0	28,45,29,31	153	149
4	0	0,0,0,0	1,0,0,0	274	149
364	0	344,126,90,150	2,0,0,0	1808	149
13	162	11,2,0,0	176,74,86,65	202	149
746	0	285,263,291,217	0,0,2,0	1896	149
0	13	2,2,0,0	5,9,1,4	189	149
1	55	1,0,1,2	12,9,16,33	167	149
9	23	0,4,1,1	2,29,9,11	204	149
3143	3	4887,1865,681,909	22,6,2,0	209	149
2	0	5,0,0,0	4,0,0,0	541	149
2	2	0,0,0,0	1,0,0,0	217	149
0	5	1,1,0,0	0,6,0,0	172	149
41	3	32,29,17,30	0,0,2,0	181	149
134	3	21,57,68,64	6,0,2,8	303	149
49	9	111,25,31,71	10,7,9,3	2837	149
1	8	2,0,0,0	33,6,2,0	153	149
9	0	44,13,2,0	1,0,0,0	175	149
7	2	58,10,0,1	1,0,0,0	415	149
1	23	0,2,0,0	16,4,5,6	167	149
39	2	30,16,31,13	0,0,0,0	1152	149
74	0	98,26,22,9	1,2,0,0	179	149
70	0	113,28,13,18	6,1,0,0	301	149
211	3	115,62,86,21	0,0,0,0	158	149
1716	2	1093,458,659,733	4,0,0,0	499	149
0	4	29,0,0,0	26,2,0,0	190	149
40	2	16,21,16,13	0,0,0,1	197	149
2	2	0,0,0,0	0,0,0,2	153	149
0	2	2,0,4,4	0,0,0,2	295	149
0	2	2,0,4,4	0,0,0,0	291	149
24	107	20,17,15,26	36,36,42,33	267	149
283	0	111,165,140,92	0,2,0,0	585	149
2	0	7,0,0,0	3,0,0,0	157	149
7	0	42,9,0,1	2,0,0,0	187	149
16	184	10,7,8,2	244,256,129,151	173	149
0	114	0,1,3,1	243,196,61,77	167	149
1	14	0,0,0,1	5,7,6,1	157	149
6	0	20,0,0,1	5,2,2,2	179	149
114	1858	12,2,5,6	277,33,57,20	157	149
5	0	18,2,1,3	1,1,0,0	162	149
2320	0	543,1372,1583,1164	0,0,0,2	1256	149
16	8	66,19,2,6	2,3,9,4	551	149
22	8	68,14,2,8	2,3,9,4	554	149
6	0	4,2,0,2	2,7,0,0	152	149
15	14	22,7,2,2	64,22,0,3	316	149
3	31	3,0,0,4	13,14,18,25	160	149
118	1	81,39,41,92	0,0,0,0	1516	149
97	0	65,76,82,69	1,3,2,0	861	149
2	2	0,0,0,0	26,0,0,0	158	149
29	27	11,6,11,15	26,24,14,18	164	149
10	0	6,3,0,10	0,5,0,0	164	149
148	6	118,78,125,137	4,0,0,0	260	149
66	0	99,129,53,77	0,1,0,0	541	149
0	695	4,8,3,3	356,502,670,584	161	149
615	0	216,177,244,262	0,0,0,1	2288	149
490	2	428,600,605,514	0,3,0,0	152	149
15	7	3,15,4,0	8,4,1,0	160	149
148	0	65,61,105,82	0,1,0,0	382	149
140	0	70,50,102,82	0,1,0,0	371	149
202	76	97,62,118,194	39,38,39,30	1876	149
221	14	141,97,176,193	2,1,13,0	153	149
9	0	127,27,4,2	20,0,0,0	667	149
12	23	4,2,0,6	18,5,7,5	166	149
6	25	65,10,0,0	84,35,3,2	218	149
2	0	63,0,0,0	5,0,0,0	218	149
148	4	76,54,42,42	4,2,0,4	257	149
19	2	11,2,0,2	0,0,0,0	399	149
9	2	5,0,0,0	0,0,0,0	314	149
3	0	21,2,0,4	2,0,0,0	232	149
27	1708	21,24,18,16	1583,1936,916,753	334	149
5	2541	2,5,0,2	2099,2330,1941,1827	153	149
3916	52	3824,3639,4317,3914	39,35,60,42	864	149
0	60	2,0,0,1	50,30,52,47	166	149
99	1	85,43,47,59	0,0,0,0	426	149
18	2	56,17,10,5	1,1,0,0	186	149
133	2	235,134,28,44	1,1,0,0	396	149
115	0	181,117,20,39	2,0,2,0	359	149
8	28	4,0,1,0	142,41,4,13	357	149
138	4	189,100,32,54	0,0,0,0	541	149
2	6	0,0,0,0	7,2,0,2	168	149
3	13	0,0,0,0	34,2,0,3	168	149
51	38	8,5,2,10	25,11,0,4	193	149
604	2	34,0,0,6	0,0,0,0	355	149
4	0	70,2,2,0	1,0,0,0	473	149
0	2	4,0,0,0	0,0,0,0	161	149
6	0	15,0,0,11	1,0,0,0	347	149
0	6	3,0,0,0	1,0,0,2	302	149
1	0	27,0,0,0	14,2,0,0	155	149
13	3	3,0,4,7	11,2,2,2	915	149
2	56	2,2,0,0	49,11,10,10	189	149
249	463	101,55,108,79	108,159,217,202	727	149
1	44	1,0,0,2	35,12,15,17	153	149
1	0	12,3,0,0	4,1,0,0	186	149
17	32	21,10,9,11	27,22,18,5	186	149
17	77	11,8,20,9	40,79,45,44	221	149
6	12	16,3,0,1	5,3,4,12	281	149
0	13	3,0,0,0	42,9,5,5	286	149
0	172	0,0,0,4	50,94,57,33	153	149
19	151	13,2,2,0	126,66,29,34	212	149
0	5254	7,1,0,0	2834,4975,1720,1405	322	149
0	5254	5,1,0,0	2834,4975,1720,1405	271	149
5202	1	3026,5183,2943,2865	0,2,0,0	222	149
15273	1	7509,15052,7967,7367	0,2,0,0	299	149
14102	0	5747,13117,7874,7141	0,1,0,1	187	149
2	4	14,0,0,0	37,0,0,0	278	149
146	5	96,52,77,62	0,0,0,2	296	149
4	425	0,6,2,2	108,206,292,228	177	149
47	0	26,11,8,7	4,0,0,0	1048	149
25	0	40,10,5,4	2,0,0,2	249	149
315	0	312,103,165,193	4,0,0,8	2003	149
57	5	61,28,25,20	8,1,9,8	249	149
117	18	93,25,23,44	24,14,10,14	1161	149
281	31	293,118,113,160	32,16,15,27	3018	149
63	1	49,30,37,31	13,8,0,11	153	149
14	0	51,5,3,4	2,0,0,0	194	149
293	1	355,109,286,332	0,0,0,0	3911	149
316	4	138,178,89,108	0,0,0,0	171	149
0	136	1,0,0,0	828,260,30,16	476	149
44	45	181,16,57,51	105,29,22,23	1168	149
1	0	0,0,0,0	2,0,0,0	218	149
123	22	25,46,13,28	10,11,0,3	236	149
17	69	30,17,24,26	154,124,27,50	610	149
53	11	34,22,9,17	18,7,6,0	184	149
35	1040	45,2,0,0	1291,16,6,0	234	149
0	2	2,0,0,0	0,0,0,0	219	149
6	0	456,6,0,2	2,0,0,0	678	149
87	0	66,66,51,59	2,0,0,1	233	149
1	486	2,2,0,0	285,251,201,199	187	149
0	9	3,0,0,0	0,2,0,0	154	149
0	1	8,0,0,0	7,0,0,0	266	149
8	2	1,1,0,0	0,0,0,0	188	149
4	47	2,0,3,0	7,1,0,6	519	149
0	28	0,2,0,0	5,7,9,10	153	149
0	1	2,0,0,0	2,2,2,0	154	149
120	1	75,62,78,81	0,1,6,1	348	149
10	35	3,0,0,0	17,24,15,13	194	149
0	8	1,0,0,0	5,0,0,4	193	149
105	2	108,46,41,61	0,6,0,0	837	149
11	10	15,3,5,0	37,9,8,3	772	149
3	81	1,0,0,0	30,18,20,31	227	149
54	0	143,54,22,20	2,0,0,0	494	149
2	48	1,5,0,2	18,10,24,18	161	149
42	304	17,22,17,29	265,344,202,177	163	149
6	8	4,4,1,0	23,3,2,2	576	149
2	1	2,0,0,0	2,0,0,0	153	149
7	192	2,5,0,0	43,65,63,76	153	149
5	87	0,4,0,0	19,67,36,24	158	149
2	8	2,0,2,1	0,2,11,4	188	149
16	0	1,26,34,37	0,2,4,0	177	149
1	1	9,1,4,4	1,4,0,3	305	149
2	1	5,1,2,5	1,4,0,3	324	149
0	1	7,1,4,2	1,4,0,3	347	149
2	1	0,0,0,3	4,0,2,2	168	149
0	1	2,0,2,0	4,0,2,2	191	149
0	2	2,0,2,0	0,0,0,3	172	149
2	2	5,1,2,4	0,0,0,0	305	149
0	2	5,1,2,2	0,0,0,0	324	149
0	2	5,1,4,2	0,0,0,0	347	149
0	2	0,0,2,0	0,0,0,2	191	149
5	3	28,3,0,0	77,4,1,0	448	149
2	5	2,2,2,2	9,7,2,3	178	149
11	0	61,25,0,11	0,2,0,0	159	149
2	0	2,4,0,0	6,3,0,0	209	149
2	17	2,4,0,0	22,19,16,10	216	149
0	17	6,3,0,0	22,19,16,10	156	149
0	11	2,3,0,0	90,14,0,2	256	149
0	4	12,0,0,0	18,2,0,2	275	149
74	45	41,15,40,99	8,18,54,67	1597	149
86	0	143,209,241,232	0,1,4,1	218	149
40	0	82,108,143,159	0,0,1,0	218	149
9	243	8,2,6,1	170,128,128,103	250	149
168	2	119,106,167,158	1,0,0,0	219	149
124	0	196,104,220,256	4,0,0,0	209	149
0	170	2,0,0,0	804,129,40,38	198	149
6	0	37,2,0,6	0,2,0,0	161	149
0	6	1,0,0,0	31,2,0,6	285	149
190	21	84,93,103,127	3,4,3,5	235	149
4	18	3,4,0,0	12,8,6,13	201	149
2	0	19,0,0,0	4,0,0,0	450	149
120	2	82,85,34,40	0,0,0,0	164	149
2	5	1,4,0,0	0,0,2,0	167	149
4	70	5,5,2,0	56,22,4,10	167	149
0	3	2,0,0,0	0,0,0,0	180	149
0	3	1,0,0,0	33,1,2,0	162	149
292	5	121,225,173,148	0,0,1,0	275	149
17	0	4,6,12,5	0,2,0,0	173	149
2	46	16,2,9,3	32,15,36,15	325	149
0	35	1,2,0,0	38,12,10,24	153	149
8	47	4,4,5,7	4,24,23,21	164	149
11	0	35,10,20,16	2,1,1,0	977	149
2	96	0,0,2,1	25,31,44,49	289	149
2	4	1,0,0,0	15,7,4,4	162	149
6	31	9,4,6,0	73,35,7,10	153	149
169	64	61,37,59,74	30,69,59,48	468	149
0	2	1,0,0,0	26,0,0,0	251	149
209	58	205,86,68,101	56,28,39,24	161	149
4	8	0,0,0,0	5,2,0,0	209	149
0	14	7,1,0,0	12,4,10,0	292	149
97	0	150,79,45,51	0,0,2,0	1243	149
69	3	115,70,16,37	2,2,0,0	209	149
0	3	0,0,1,2	2,3,6,7	303	149
2	7	0,0,0,0	0,0,2,0	163	149
3	0	2,1,0,0	0,0,1,0	153	149
76	0	53,63,39,32	0,2,0,2	161	149
2	70	6,0,0,0	538,91,25,19	199	149
2	186	0,1,0,0	80,87,114,109	178	149
0	65	4,0,0,0	78,46,28,25	321	149
40	19	14,1,15,5	11,5,2,1	457	149
177	111	41,56,47,59	18,30,37,55	158	149
0	24	1,1,0,0	18,16,6,1	196	149
43	54	50,32,22,49	89,28,26,32	197	149
27	1	10,12,7,17	0,0,0,0	197	149
2	0	0,4,4,2	0,2,0,0	270	149
47	6	131,30,7,20	69,1,0,2	227	149
2	1	0,0,0,4	0,0,2,0	1703	149
112	0	116,128,54,48	0,0,2,0	157	149
21	0	13,30,13,8	0,1,0,0	157	149
0	23	0,0,2,0	67,25,2,25	184	149
909	0	802,42,7,6	2,0,0,0	266	149
0	74	5,0,4,2	31,15,18,32	166	149
5	11	0,1,0,2	4,0,4,1	182	149
64	6	25,54,58,56	0,6,0,1	626	149
2	15	2,0,1,0	15,12,3,0	188	149
2	0	0,0,0,2	13,2,2,1	184	149
9416	10	1985,4009,2588,2570	0,1,0,0	154	149
2	3	0,0,0,0	13,2,0,0	240	149
827	11	489,233,218,173	16,3,3,1	202	149
271	10	56,104,133,78	2,15,5,6	228	149
94	0	19,20,53,28	0,1,0,0	228	149
7	69	7,4,3,7	25,37,28,22	198	149
7	4	10,4,5,2	3,2,0,2	198	149
201	0	75,71,48,69	0,0,2,0	273	149
0	51	8,0,0,1	1179,159,14,14	305	149
2	6	0,0,6,0	1,0,0,0	154	149
479	0	303,242,343,368	0,0,1,0	1843	149
200	4	210,131,67,50	4,0,1,0	152	149
8	3	12,4,0,4	23,0,2,2	191	149
5	18	6,2,2,0	12,19,10,8	159	149
61	18	96,20,29,36	13,17,3,9	1551	149
0	38	3,0,0,0	22,13,6,11	165	149
39	14	278,10,0,7	0,0,0,2	530	149
3	171	0,1,2,4	84,173,160,142	153	149
0	8	2,0,0,2	35,19,18,12	155	149
70	1	12,29,30,17	0,2,0,9	171	149
9	0	11,8,2,3	2,0,0,0	532	149
26	12	10,7,0,2	3,4,3,0	368	149
80	33	14,29,18,39	35,21,15,17	285	149
32	0	37,5,9,9	2,0,0,0	216	149
4	2	1,0,0,2	2,0,4,0	161	149
0	2	7,0,0,0	10,0,0,2	236	149
0	2	7,0,0,0	10,0,0,2	249	149
0	2	7,0,0,0	10,0,0,2	255	149
0	3	10,3,2,0	1,2,0,0	272	149
230	8	53,88,93,230	2,9,4,9	176	149
10	309	0,0,0,0	12,11,4,13	153	149
16	340	1,1,0,6	11,12,13,8	362	149
1163	2	608,526,398,421	0,0,0,1	2469	149
0	2	31,17,241,8	5,11,11,8	263	149
10	311	1,1,0,3	71,37,65,55	153	149
2	521	9,1,0,0	305,476,138,161	354	149
0	4	1,0,0,0	58,0,0,0	160	149
7	0	10,0,1,0	3,0,0,0	195	149
11	0	67,0,1,0	3,0,0,0	184	149
2	10	19,12,3,3	59,277,96,125	847	149
3	0	0,11,1,13	0,0,0,6	279	149
0	2	14,2,0,0	0,0,0,0	178	149
3	2	2,0,2,2	2,0,0,0	201	149
6	2	2,0,4,2	2,0,0,0	228	149
2	6	7,0,2,1	21,1,5,0	253	149
2	5	2,0,0,0	27,3,3,9	164	149
17	0	13,3,0,3	4,1,1,0	204	149
2	10	5,0,0,1	2,1,2,0	266	149
16	10	14,1,0,2	2,1,2,0	333	149
16	2	12,1,0,2	3,0,0,1	216	149
2	13	8,0,4,2	13,29,13,24	151	149
21	296	12,4,9,5	177,182,199,204	187	149
415	3	1670,281,64,107	7,4,2,2	1168	149
479	11	2705,489,105,137	10,10,4,2	257	149
3	0	19,0,0,2	2,0,0,0	229	149
116	4	635,671,264,196	6,16,2,2	309	149
4	5	37,3,2,3	20,12,2,0	158	149
164	2	88,25,27,16	2,1,2,0	177	149
43	0	29,7,26,26	34,3,0,0	874	149
2	47	4,0,0,0	111,27,6,6	192	149
0	47	7,0,0,0	111,27,6,6	195	149
0	2	4,0,0,0	1,0,0,0	152	149
0	99	0,1,0,0	124,46,30,38	153	149
5	0	1,0,0,0	0,0,0,2	196	149
12	0	21,2,4,0	0,0,0,2	415	149
0	5	0,0,0,2	0,4,0,0	162	149
23	1	22,5,9,5	0,1,0,0	155	149
25	9	23,6,9,5	0,0,0,0	159	149
3	9	1,2,0,0	0,0,0,0	153	149
3	11	0,0,0,0	15,1,0,0	172	149
2	2	19,2,0,0	35,17,4,2	179	149
422	239	301,96,293,244	165,86,92,96	2556	149
451	0	441,116,303,256	2,0,0,0	2658	149
0	239	3,0,3,0	165,86,92,96	193	149
29	0	143,20,13,12	2,0,0,0	295	149
268	0	305,106,102,108	2,0,0,0	251	149
24	0	93,18,9,12	2,0,0,0	221	149
32	0	148,30,13,18	1,0,0,0	151	149
1	32	3,0,0,0	146,29,13,18	178	149
4	18	1,1,0,0	147,21,5,3	259	149
5	10	4,0,0,0	11,1,6,0	219	149
300	0	139,121,140,144	0,4,0,0	1412	149
10	71	3,3,5,2	107,40,11,9	207	149
25	114	7,7,19,17	187,66,8,16	234	149
3	154	7,0,0,5	123,56,36,41	267	149
33	13	10,2,2,2	2,0,0,0	155	149
0	2	2,0,0,0	6,0,0,0	203	149
32	103	10,10,41,43	15,57,70,29	238	149
74	8	10,2,0,0	0,0,0,0	221	149
203	0	119,88,189,160	2,0,1,0	403	149
1399	2	1450,724,1298,1239	2,0,0,0	1415	149
12	0	63,48,28,29	4,0,0,0	425	149
54	0	182,32,9,35	2,0,0,0	444	149
51	47	67,53,73,90	23,25,22,15	239	149
7	108	9,7,6,11	160,183,149,112	236	149
140	0	12,55,101,100	0,0,0,2	524	149
1	15	0,0,0,0	81,32,12,8	164	149
66	53	49,30,28,17	83,17,30,50	287	149
1	42	3,0,0,0	147,54,6,5	195	149
9	76	3,11,1,2	102,40,20,11	162	149
9	2	3,0,0,0	0,0,0,0	279	149
3	9	6,0,1,7	5,0,2,0	193	149
164	9	116,105,77,108	5,0,2,0	1700	149
10	1	15,0,0,0	15,0,0,0	281	149
14	2	7,0,0,2	4,0,0,0	168	149
8	2	4,0,0,2	4,0,0,0	192	149
0	6	1,0,0,0	4,0,0,0	173	149
2	0	0,0,0,0	3,2,0,0	315	149
303	0	59,76,63,69	1,1,0,0	557	149
356	0	181,173,165,151	0,0,2,0	222	149
10	0	80,16,5,9	6,0,0,0	317	149
608	0	119,527,425,392	0,0,0,2	377	149
191	4	72,30,26,20	1,0,0,0	398	149
195	0	120,91,156,170	0,0,1,4	767	149
2	18	0,0,0,0	15,0,2,0	278	149
1	0	1,0,0,2	0,3,0,0	162	149
1	6	0,0,0,4	13,10,16,12	162	149
1	0	0,0,0,2	0,4,0,0	162	149
109	615	192,76,10,16	3337,564,75,84	285	149
3	67	2,0,0,0	27,21,4,7	239	149
497	40	140,74,106,160	15,15,1,6	3725	149
2	10	3,5,4,0	35,8,8,16	596	149
0	10	2,0,0,0	35,8,8,16	178	149
0	2	0,1,0,0	0,0,0,0	185	149
3	56	7,2,0,1	23,8,11,8	156	149
46	0	19,11,1,15	0,2,0,0	270	149
12	17	4,3,0,2	7,8,0,1	157	149
0	4	2,0,0,0	0,0,0,0	155	149
3	1098	1,3,0,0	612,513,406,483	155	149
2	86	1,2,4,5	31,30,12,12	175	149
8	115	2,0,0,0	19,40,36,21	227	149
29	2	1,17,9,20	0,0,0,0	715	149
261	289	92,126,151,147	135,184,125,146	190	149
91	0	66,62,52,36	0,0,0,2	190	149
1	0	8,0,0,0	2,0,0,0	175	149
96	12481	9,0,0,0	959,3,0,0	200	149
2	1	0,0,1,3	0,0,0,0	159	149
0	30	0,2,0,0	14,6,3,2	379	149
5	0	20,1,0,0	2,0,0,0	443	149
268	2	352,88,114,121	9,4,0,0	1144	149
45	3607	20,4,10,16	1295,826,939,968	164	149
0	4	0,0,2,0	4,2,4,0	190	149
11	1	34,14,0,13	2,0,0,0	166	149
24	1	24,15,17,12	0,3,3,2	218	149
116	1	36,47,54,50	0,0,0,0	155	149
6	75	2,4,14,21	24,13,29,58	277	149
59	0	57,48,29,46	0,5,0,0	2308	149
0	44	0,1,0,0	3,46,1,5	233	149
98	32	45,68,39,32	15,21,5,19	292	149
2	90	9,0,0,2	155,65,22,21	175	149
33	3	35,30,13,17	0,0,2,1	207	149
4	0	23,11,9,4	0,2,0,0	152	149
2	51	5,0,0,0	355,44,9,9	233	149
4	0	0,3,2,0	0,2,0,2	154	149
2	0	2,0,0,0	7,0,0,1	153	149
9	6890	11,9,4,4	2430,5738,2632,1673	202	149
34	10	11,32,21,15	4,0,0,0	159	149
0	15	0,0,1,3	12,5,13,8	162	149
4	3	4,0,0,0	0,0,0,0	295	149
81	6	23,29,17,12	4,1,0,1	152	149
17	0	8,1,15,11	0,0,1,0	154	149
8	2	2,1,0,2	0,0,0,0	203	149
6001	0	5369,1904,4258,6361	0,0,0,2	1651	149
5912	2	5313,1881,4216,6325	0,0,2,0	1588	149
6140	4	5481,1936,4344,6496	3,0,0,0	1651	149
5927	4	5325,1888,4228,6327	3,0,0,0	1588	149
674	4	466,270,403,436	9,6,0,1	470	149
29	188	21,20,16,6	171,140,66,64	197	149
24	0	25,40,18,29	2,0,0,0	378	149
296	2	31,37,57,72	0,0,0,0	2677	149
33	1	6,5,7,7	0,0,0,0	159	149
42	63	6,5,7,7	5,4,4,3	176	149
10	63	0,0,0,0	5,4,4,3	166	149
13	48	14,0,0,2	34,11,8,27	158	149
569	20	178,227,268,243	27,4,22,5	415	149
0	25	2,0,0,0	63,14,12,16	161	149
35	17	50,64,52,83	9,4,1,8	241	149
11	2	5,9,1,2	3,0,0,0	355	149
381	293	97,61,91,119	106,77,97,72	161	149
10	5	20,22,4,4	30,22,3,0	268	149
0	3	4,0,0,0	90,9,2,0	180	149
6	93	25,7,4,2	173,73,58,69	160	149
3	2	2,1,0,1	0,0,0,0	642	149
0	13	4,0,0,0	23,10,5,4	207	149
7	217	12,12,13,2	602,284,186,307	158	149
6	0	560,23,6,2	3,0,0,0	246	149
164	15	6,1,4,0	0,0,0,0	288	149
0	2	1,4,0,2	3,5,0,4	352	149
0	11	3,4,0,2	24,0,4,2	373	149
2	11	5,5,0,4	24,0,4,2	170	149
2	12	0,0,0,0	7,2,10,4	213	149
7	7	0,0,0,0	0,0,0,2	157	149
4	0	3,4,30,24	0,8,4,14	338	149
4	0	4,17,52,48	1,2,0,0	418	149
5	0	185,6,4,0	2,0,0,0	153	149
82	0	178,22,18,8	2,0,0,0	256	149
1	17	0,0,0,0	2,7,3,2	153	149
3	11	0,0,0,0	2,4,6,4	208	149
2	16	3,2,0,0	4,6,0,1	330	149
11	109	20,9,0,6	82,30,24,41	242	149
19	10	13,4,0,0	60,1,1,0	976	149
0	21	2,0,0,0	76,29,8,8	246	149
0	21	2,0,0,0	76,29,8,8	268	149
0	21	2,0,0,0	76,29,8,8	345	149
449	32	94,50,75,179	10,3,4,16	4013	149
0	2	0,0,4,0	28,0,0,0	423	149
22	31	9,20,7,12	6,32,40,66	206	149
349	108	46,8,24,35	8,5,11,5	3872	149
42	12	2,15,11,0	0,0,11,0	153	149
73	1	60,21,20,19	24,0,0,2	411	149
119	0	60,65,78,55	0,1,0,2	172	149
91	0	54,75,88,108	2,0,2,0	232	149
87	0	41,42,54,69	0,0,2,0	232	149
4	1	8,1,8,8	0,0,0,0	197	149
203	56	41,81,69,36	9,37,20,6	173	149
16	0	2,4,2,3	0,0,2,0	173	149
1107	3	285,520,450,327	0,0,0,0	650	149
80	3	47,50,34,28	0,7,0,0	154	149
12	104	3,3,8,2	49,57,47,72	184	149
1916	30	1605,2017,2586,2421	29,39,42,39	202	149
64	544	116,36,85,70	410,543,456,381	219	149
6	65	7,2,4,5	24,32,23,25	152	149
0	139	1,0,1,3	19,36,27,33	155	149
1	128	0,1,0,0	20,47,39,62	170	149
70	13	9,27,29,36	2,2,7,18	193	149
0	2	2,0,0,0	8,3,0,2	265	149
227	0	186,173,145,122	0,0,0,1	406	149
21	111	134,66,18,9	391,222,66,49	167	149
4	22	2,0,0,0	0,0,0,0	162	149
21	22	8,0,0,0	0,0,0,0	207	149
5	7	105,7,5,2	55,9,0,0	266	149
0	2	9,0,0,0	2,0,0,0	204	149
0	34	0,1,0,1	11,65,9,32	208	149
6	0	34,10,1,4	2,2,0,2	981	149
2	2	3,0,0,0	40,0,2,0	218	149
4	23	3,3,0,3	28,23,11,6	163	149
436	0	1086,384,222,170	0,5,0,0	163	149
13	2	6,8,2,0	7,2,0,2	171	149
4	0	4,0,0,0	2,0,0,0	770	149
54	343	11,15,27,36	114,283,241,298	381	149
45	0	23,13,21,36	2,0,0,0	261	149
7	46	1,0,0,0	50,44,15,16	544	149
10	354	3,10,3,4	137,201,133,94	153	149
76	15	25,8,28,8	2,4,3,0	836	149
77	568	23,8,27,8	46,310,350,63	836	149
1	142	11,7,0,0	1097,368,30,14	237	149
5	64	2,0,0,2	36,21,11,12	213	149
0	19	1,2,0,0	37,14,13,6	165	149
58	30	32,33,8,4	18,7,6,17	206	149
305	2276	28,159,74,122	238,3390,1228,1048	396	149
7117	0	731,6870,5591,5157	2,0,1,0	2226	149
7946	4	802,7989,6445,5813	0,0,0,0	2287	149
829	4	73,1119,855,656	0,0,0,0	210	149
829	2	71,1120,854,656	0,3,0,4	210	149
5084	4	289,5612,5363,4140	0,3,2,0	210	149
176	0	102,92,229,186	0,0,2,0	840	149
17	20	4,15,10,1	17,17,10,10	211	149
2	3	1,0,2,0	2,0,1,0	187	149
36	0	25,15,26,43	0,0,0,2	616	149
4	2	5,0,1,2	0,0,0,0	207	149
5	2	1,0,0,0	1,2,2,0	180	149
45	1	38,13,35,32	5,2,2,0	457	149
44	2	31,13,35,32	0,0,2,1	388	149
45	0	45,13,35,32	0,0,2,0	585	149
3	1	7,0,2,1	5,2,2,0	218	149
3	0	14,0,2,1	0,0,2,0	346	149
1	0	12,2,2,0	0,0,2,0	277	149
1	0	7,0,0,0	4,0,0,0	218	149
4	0	3,2,3,4	3,0,0,0	666	149
911	61	157,4,22,7	9,2,2,0	246	149
3	33	4,0,0,1	9,2,11,26	245	149
0	19	0,0,2,0	4,6,5,20	240	149
0	42	20,1,1,0	236,20,2,13	486	149
46	1	504,208,100,132	20,7,0,5	309	149
15	0	322,77,12,25	1,0,0,0	309	149
8	4	53,18,7,18	12,1,2,1	350	149
8	0	57,17,7,18	5,0,0,2	350	149
1	2	3,2,0,0	0,0,0,0	198	149
13	4	18,10,17,23	4,1,0,0	153	149
21	36	0,0,2,1	15,10,9,9	208	149
7	104	0,2,10,0	22,39,40,44	217	149
0	131	0,6,2,2	86,153,121,104	165	149
2	2	0,2,2,0	0,1,0,2	172	149
0	2	1,0,0,0	8,4,0,0	158	149
22	0	38,24,20,23	0,2,2,0	156	149
15	0	116,18,4,4	2,0,0,0	248	149
0	2	3,4,2,6	5,3,0,2	200	149
184	7	72,101,111,69	2,0,0,0	153	149
120	0	38,28,64,90	0,0,0,2	214	149
224	2	80,92,158,191	0,0,3,0	214	149
0	28	1,0,0,0	31,4,7,0	207	149
63	0	106,32,14,27	3,10,1,2	186	149
75	0	66,68,39,52	0,1,0,0	335	149
84	3	85,82,58,84	10,0,0,2	373	149
4	0	43,8,1,1	7,0,0,0	186	149
79	0	102,72,39,53	0,1,0,0	331	149
88	3	121,86,58,85	10,0,0,2	369	149
75	0	66,64,38,52	0,1,0,0	294	149
84	3	85,78,57,84	10,0,0,2	332	149
9	3	19,15,19,32	10,0,0,2	187	149
0	31	4,0,0,0	52,3,0,0	154	149
36	57	63,31,36,39	112,89,37,48	515	149
1	79	0,0,0,7	62,30,38,61	158	149
20	32	14,6,15,13	36,65,18,29	553	149
0	4	3,0,0,0	20,0,0,0	166	149
1224	0	4042,1852,607,1315	0,1,0,0	1889	149
498	2	5260,774,195,392	0,0,0,0	4211	149
30	368	151,27,10,33	2410,648,168,244	744	149
19	0	664,23,5,9	11,0,0,0	353	149
0	4	0,2,0,0	1,1,6,12	241	149
0	16	0,2,3,0	40,16,0,0	467	149
0	16	0,2,0,0	40,16,0,0	463	149
2	1	3,1,0,0	2,0,0,0	168	149
15	18	9,5,6,13	6,2,0,3	230	149
18	0	9,0,0,4	3,0,0,0	203	149
154	885	186,23,7,34	933,110,67,127	162	149
0	22	2,2,0,1	13,34,17,13	268	149
3	17	9,4,10,8	44,11,2,2	191	149
61	2	16,47,63,52	0,0,0,0	174	149
1	116	2,3,0,2	36,43,62,52	229	149
0	16	3,0,0,0	40,23,12,5	163	149
437	4	825,488,374,325	1,0,0,0	376	149
954	16	901,797,462,405	11,17,12,12	340	149
79	2	137,131,45,64	0,0,0,0	188	149
1284	0	1007,1111,742,750	2,0,0,0	391	149
1363	4	1144,1240,787,814	2,5,0,4	430	149
79	4	139,129,45,64	2,5,0,4	188	149
559	344	628,729,343,402	265,381,141,148	188	149
1006	1	1230,867,413,427	0,0,0,0	382	149
180	11	33,0,5,0	1,0,0,0	477	149
11	4	3,0,0,0	0,0,0,0	163	149
178	54	33,0,5,0	2,0,2,0	477	149
3	0	2,0,0,1	1,1,0,0	164	149
33	2	12,12,0,0	2,0,0,0	259	149
0	2	13,3,0,2	9,2,0,0	200	149
2	60	0,3,0,0	34,17,35,30	160	149
1	2	60,0,0,0	6,2,0,0	194	149
57	7	160,66,32,28	3,2,7,0	176	149
24	2	3,5,17,11	0,0,0,0	155	149
12	15	14,0,11,12	16,4,5,6	237	149
258	0	337,166,285,284	4,0,0,1	3458	149
22	0	13,1,10,10	0,1,0,2	171	149
0	3	0,2,0,4	0,1,0,0	155	149
517	3	174,294,269,216	0,7,1,6	538	149
161	2	39,28,46,38	0,0,0,0	199	149
685	100	83,181,166,161	16,27,24,15	199	149
5420	4	929,1126,1605,1792	0,0,0,0	1313	149
5673	0	989,1178,1661,1864	1,0,0,0	1313	149
6001	7	1035,1222,1717,1959	0,6,5,2	1386	149
328	7	47,44,56,95	0,6,5,2	222	149
75	35	13,10,8,2	0,7,6,4	214	149
365	116	40,62,75,65	32,28,8,31	214	149
381	13	40,62,77,65	2,4,4,7	309	149
4	11	4,0,2,0	0,0,0,0	201	149
40	3	37,6,7,7	3,0,0,0	167	149
9	3	9,3,2,4	3,0,0,0	218	149
0	31	2,2,0,0	30,5,5,3	200	149
16	0	4,3,7,4	2,0,0,0	236	149
27	11	9,9,13,13	5,9,21,13	236	149
1	0	9,1,4,1	2,0,0,0	197	149
20	37	2,15,11,10	11,0,8,11	160	149
411	45	212,299,146,110	14,23,22,23	160	149
9	0	23,5,3,5	5,6,0,0	175	149
69	0	95,54,24,41	0,0,2,0	163	149
1	0	0,0,0,0	0,0,1,0	408	149
44	0	1,88,66,5	0,1,0,0	916	149
44	1	1,88,66,5	0,0,0,3	920	149
0	1	0,1,0,0	0,0,0,3	153	149
12	0	5,30,17,10	0,1,6,0	153	149
4	2	0,4,0,0	2,0,0,0	233	149
12	49	5,8,9,6	13,27,32,37	328	149
42	49	15,14,27,15	13,27,32,37	686	149
1	0	8,5,0,0	2,2,0,1	153	149
614	0	74,478,346,400	0,0,0,2	212	149
9	73	8,5,7,9	28,74,26,28	253	149
21	2	21,10,9,20	0,0,0,0	199	149
0	104	4,0,0,0	53,19,12,6	257	149
0	24	2,1,0,0	8,10,2,11	468	149
10	0	99,0,4,0	2,0,0,0	282	149
24	3	29,13,0,1	16,1,0,0	158	149
0	69	9,3,1,3	60,29,8,11	164	149
9	361	12,0,2,2	318,47,99,116	259	149
248	1	646,283,199,269	1,7,0,0	183	149
3	6	29,7,5,5	4,0,0,0	408	149
28	0	125,4,5,1	4,0,0,0	698	149
59	0	132,45,14,38	0,2,0,0	1135	149
59	0	136,45,14,38	0,1,0,0	1139	149
91	4	72,36,29,28	4,1,0,0	780	149
117	4	183,116,244,142	12,2,4,2	1085	149
7	1	23,12,0,0	7,2,0,0	161	149
2	1	12,2,0,0	7,2,0,0	234	149
2	1	12,2,0,1	7,2,0,0	240	149
0	5	7,0,0,0	18,10,0,0	222	149
0	5	7,0,0,1	18,10,0,0	228	149
63	4	25,23,22,30	2,0,0,0	210	149
255	4	136,143,191,153	2,0,0,0	214	149
71	4	38,24,32,40	2,0,0,0	235	149
194	2	111,122,169,123	0,2,0,0	153	149
10	2	13,3,10,10	0,2,0,0	174	149
10	194	3,2,8,2	101,121,167,115	170	149
63	4	39,22,24,40	0,0,2,2	214	149
65	4	35,22,27,38	0,0,2,2	235	149
4	2	0,0,3,0	4,0,0,2	170	149
82	2	14,19,32,55	2,0,0,0	497	149
0	164	0,1,0,0	301,119,68,104	164	149
2	0	8,0,1,0	2,0,0,0	158	149
33	0	33,3,17,12	4,0,2,0	158	149
24	11	14,1,14,6	4,2,10,0	166	149
1	1	1,0,0,4	20,12,0,0	269	149
68	0	15,17,28,35	0,1,0,1	295	149
87	1	29,17,43,51	0,1,0,0	295	149
0	35	2,0,0,0	265,49,4,7	282	149
2	406	18,10,3,2	942,448,167,132	165	149
0	16	0,4,0,2	0,2,0,0	185	149
31	0	107,13,5,2	3,0,0,0	445	149
37	3	82,19,16,24	5,3,0,6	340	149
6	0	20,8,0,2	0,0,0,1	542	149
3	29	2,2,6,3	71,72,35,18	215	149
48	37	67,70,94,104	70,92,51,45	548	149
58	0	85,91,110,130	0,0,2,0	584	149
47	0	88,113,67,71	0,0,2,0	185	149
6	8	1,0,0,0	10,10,2,2	161	149
0	2	2,0,0,0	0,0,0,0	324	149
8	89	11,2,7,4	53,42,58,52	163	149
3	20	0,0,0,2	13,19,13,15	239	149
21	31	4,0,2,12	18,21,11,8	153	149
4	15	12,4,0,1	26,8,3,2	274	149
228	6	140,116,120,105	2,1,0,2	208	149
54	6	44,34,40,45	2,1,0,2	214	149
1	175	2,3,1,7	98,85,81,67	155	149
0	8	1,0,0,0	7,14,12,6	191	149
463	2	824,220,61,99	2,0,0,0	166	149
189	52	68,32,66,96	26,34,34,45	1985	149
6	134	8,7,10,3	166,257,191,147	254	149
1620	4	380,554,746,745	1,0,0,0	1767	149
13	806	12,1,4,2	231,427,279,294	314	149
5	11	6,2,4,8	17,12,0,0	227	149
3	4	4,2,4,8	2,6,6,2	227	149
131	51	80,37,57,67	39,40,21,14	681	149
2	172	0,0,0,0	53,88,151,117	153	149
116	67	76,39,78,48	82,46,15,30	589	149
19	36	16,23,44,28	19,23,53,34	180	149
22	204	25,23,69,43	222,132,344,293	180	149
11	0	5,6,10,14	1,2,0,0	154	149
0	5	5,0,0,0	80,2,0,0	445	149
7	30	0,0,1,1	15,22,21,21	152	149
91	2	37,42,42,58	0,2,0,0	194	149
14	63	9,11,12,2	18,12,23,11	153	149
48	40	39,32,12,28	15,29,19,9	191	149
4	0	3,0,4,0	0,0,4,2	368	149
0	2	11,0,0,0	34,4,1,3	182	149
3	0	2,2,0,0	2,0,0,0	162	149
0	19	0,2,0,0	2,6,0,0	153	149
0	35	4,0,0,0	193,4,3,2	200	149
24	0	142,25,16,14	1,0,0,0	394	149
49	0	156,31,21,12	3,0,0,0	167	149
1	79	4,0,0,3	53,50,32,38	156	149
41	19	69,19,27,22	54,30,6,2	2632	149
0	2	4,0,0,2	3,0,1,0	167	149
2	20	0,0,0,0	8,7,6,9	215	149
0	64	6,2,0,0	40,54,51,41	191	149
9	11	9,2,0,0	0,4,1,0	293	149
2	0	0,0,0,0	0,2,0,0	217	149
2	0	2,2,5,0	0,2,0,0	580	149
44	27	20,30,18,38	16,5,8,12	158	149
803	0	289,120,304,340	2,0,0,0	1566	149
61	1	15,7,17,7	0,0,4,0	282	149
0	4	21,0,0,0	12,2,4,2	182	149
5	46	44,2,2,0	81,37,11,11	182	149
0	1	4,0,0,0	3,0,0,0	184	149
5	5	0,0,2,1	0,3,0,0	258	149
359	4	150,290,214,175	2,2,3,0	193	149
19	0	144,14,3,7	12,2,0,2	236	149
41	531	15,82,113,126	126,1222,1017,967	180	149
1469	0	367,2093,2929,3184	0,2,0,2	2912	149
602	2	180,1437,1490,1402	0,0,0,0	179	149
496	0	112,951,842,764	0,2,2,2	180	149
1	9	0,0,0,0	23,24,2,1	231	149
9	6	27,31,2,1	0,17,10,2	844	149
0	6	4,7,0,0	0,17,10,2	538	149
0	6	4,7,0,0	0,17,10,2	363	149
0	6	4,2,0,0	0,17,10,2	238	149
0	2	2,0,0,0	6,0,0,0	159	149
25	9	18,27,7,14	1,3,5,5	173	149
1	0	0,0,1,2	0,0,0,10	198	149
3	0	0,0,2,2	0,0,1,1	232	149
6	35	0,5,1,6	17,28,42,38	269	149
308	4	56,166,239,275	0,0,2,1	1191	149
6	6	65,15,3,0	12,3,0,2	374	149
138	0	140,60,46,39	2,0,1,0	479	149
136	0	155,60,48,39	2,0,2,0	479	149
0	73	4,2,0,0	541,196,275,199	158	149
5	0	21,1,2,0	5,0,0,0	839	149
0	3	2,0,0,0	16,2,0,0	232	149
545	7	574,518,645,790	3,3,6,3	290	149
18	0	9,1,0,6	0,2,0,0	254	149
12	26	2,6,16,9	25,6,7,13	218	149
0	4	1,0,0,0	0,0,0,0	186	149
9	12	4,6,9,2	6,12,5,6	164	149
36	2	30,17,13,11	0,0,0,0	152	149
162	2	36,36,69,34	0,0,0,0	165	149
477	5	130,247,301,199	2,0,3,2	165	149
0	12	0,0,0,1	15,55,40,55	155	149
12	1	33,41,39,57	0,0,0,0	153	149
31	2	52,65,113,176	0,3,0,0	904	149
7	4	18,41,11,19	0,0,0,0	201	149
0	14	2,4,4,0	41,16,6,4	191	149
2	150	14,0,0,0	1904,204,24,21	276	149
720	307	191,299,412,378	62,288,292,293	3226	149
4	12	0,0,0,0	19,12,13,13	191	149
29	0	19,12,7,6	0,0,0,2	232	149
0	20	4,2,0,0	19,48,11,12	169	149
1	0	0,1,0,7	0,0,1,0	153	149
21	20	8,7,3,9	4,15,8,9	153	149
6	3	29,10,2,1	17,8,0,3	174	149
0	1	2,0,0,0	12,6,0,0	165	149
0	1	2,1,0,0	12,6,0,0	161	149
6	2	36,4,0,0	7,0,0,0	277	149
8	2	48,4,0,2	2,4,0,0	425	149
0	35	0,0,2,1	29,21,16,28	153	149
20	61	6,8,6,4	67,104,67,38	236	149
8	5	21,6,1,8	0,0,0,0	263	149
0	6	3,0,2,0	47,2,2,0	172	149
262	7	95,85,72,87	0,0,0,0	846	149
14	68	0,1,6,8	34,38,42,39	1234	149
36	0	26,18,18,4	0,2,0,0	160	149
14	123	15,0,8,3	81,73,68,63	159	149
4	4	2,0,0,0	0,0,0,0	151	149
1318	16	63,278,246,335	0,0,2,0	253	149
843	49	75,191,77,113	0,14,2,9	307	149
72	2	144,61,31,18	2,0,0,6	503	149
0	12	0,2,0,3	0,37,25,36	153	149
1701	0	515,848,1015,989	0,0,2,0	855	149
1760	5	545,906,1029,1008	2,0,0,1	855	149
3869	3	1650,2203,2450,2703	2,1,2,0	1434	149
14	44	6,3,10,6	42,20,9,7	391	149
36	0	34,9,17,8	0,0,2,0	597	149
3	2	57,0,0,2	21,2,0,0	386	149
2	12	0,0,0,0	1,0,0,2	158	149
22	19	9,11,10,7	2,5,7,2	152	149
2107	19	1771,1184,808,745	2,4,2,0	156	149
7	2	19,11,1,5	0,0,0,0	151	149
1971	3	1556,1278,555,413	2,0,0,0	151	149
4200	8	2546,2160,1465,1206	1,1,0,2	236	149
1	20	2,4,4,4	4,20,6,12	180	149
5	307	1,0,4,4	190,147,169,154	170	149
3	2	1,0,0,1	0,3,0,0	170	149
4	0	18,6,11,11	6,0,4,0	154	149
1	1	0,30,18,14	0,5,2,2	236	149
28	1	75,56,37,48	0,0,0,0	153	149
3	5	6,6,7,11	2,0,0,0	225	149
4	4	3,2,1,0	2,1,4,0	153	149
34	104	36,40,44,26	77,69,74,47	225	149
0	83	5,0,0,0	65,70,24,17	246	149
229	0	217,115,169,150	1,2,0,0	271	149
2	0	7,0,0,0	0,1,0,0	161	149
2	0	2,0,0,0	8,0,0,0	238	149
24	0	28,1,4,3	0,0,1,0	342	149
5	97	5,0,2,0	89,35,49,39	218	149
1	45	0,0,0,1	70,52,31,38	168	149
20	14	18,7,3,19	16,7,14,10	155	149
2	0	384,207,755,646	3,0,0,0	2021	149
4	42	4,0,0,0	30,16,8,5	211	149
1	23	0,0,1,0	6,6,17,5	153	149
3	2	7,5,1,0	2,0,0,0	267	149
3	2	11,5,1,0	2,0,0,0	335	149
5	2	29,5,1,0	2,0,0,0	447	149
4	0	9,4,0,0	2,0,0,0	502	149
0	3	16,2,0,2	65,8,0,0	471	149
18	123	7,4,2,0	45,15,0,2	296	149
267	10	114,65,89,95	6,2,4,0	323	149
0	5	3,0,0,1	87,8,2,0	266	149
0	2	0,9,0,1	0,7,2,1	248	149
4	10	6,5,0,0	9,1,0,0	176	149
245	10	173,119,55,122	1,0,2,2	374	149
5	126	3,2,2,0	34,67,45,42	153	149
2	270	5,1,4,0	160,47,43,52	196	149
0	55	0,2,0,0	36,37,8,19	173	149
4	0	39,3,0,0	0,0,0,1	191	149
33	130	16,6,28,18	208,110,48,52	701	149
0	26	4,0,4,0	12,14,10,18	188	149
33	13	25,17,20,11	4,14,4,16	161	149
21	3	9,4,0,0	12,9,9,7	296	149
3	5	0,0,4,8	7,0,3,2	211	149
4	3	5,4,0,4	0,0,0,0	257	149
16	0	72,1,0,0	2,0,0,0	336	149
4	5	12,0,2,3	16,0,2,2	314	149
6	0	2,2,0,0	1,0,0,0	271	149
10	6	10,2,1,6	4,0,2,6	261	149
75	5	12,17,33,45	4,3,5,1	483	149
194	2	132,32,69,126	0,0,0,0	1503	149
12	2	3,0,4,1	0,1,0,0	194	149
6	39	12,1,2,2	115,55,8,22	269	149
0	58	0,0,0,2	29,32,31,20	156	149
2	58	0,5,0,0	29,32,31,20	190	149
2	0	0,5,0,0	0,0,0,2	183	149
1542	2	1472,1250,1108,1118	1,0,0,0	323	149
7	13	20,7,9,4	15,2,3,2	383	149
4	136	2,0,0,2	26,25,8,22	312	149
6	0	0,0,2,0	0,1,0,0	1330	149
6	0	49,4,2,7	6,0,0,0	924	149
3	0	41,8,0,0	2,0,0,0	164	149
3	0	102,7,0,4	11,0,0,0	164	149
22	4	132,33,32,20	10,6,2,2	217	149
1	0	22,0,0,0	38,0,0,0	179	149
42	2	132,63,25,32	0,0,0,0	197	149
15	0	41,6,5,0	2,1,0,0	165	149
1265	37	957,479,729,875	35,23,4,19	2984	149
0	9	4,0,0,0	21,13,7,9	268	149
157	22	37,24,10,6	9,3,0,0	153	149
61	22	37,23,1,3	9,3,0,0	298	149
61	157	33,23,1,3	33,24,10,6	294	149
21	4	12,3,2,1	0,0,0,0	222	149
14	1228	8,3,0,0	310,384,174,159	425	149
8	131	2,0,0,0	95,50,59,64	175	149
64	4	410,51,3,19	2,0,0,0	160	149
3	4	0,0,6,0	49,6,0,1	323	149
8	0	91,9,2,7	0,2,0,0	218	149
2	3	0,0,0,0	3,0,0,0	154	149
48	0	120,110,67,92	0,1,0,0	622	149
31	0	60,83,39,80	0,0,2,0	362	149
3	3	5,1,1,0	2,7,1,2	177	149
5	3	9,1,1,0	2,7,1,2	224	149
3	1	4,0,0,0	0,0,0,0	196	149
2	1	5,1,1,0	0,0,0,0	177	149
32	34	19,15,9,17	9,17,14,9	158	149
0	113	4,0,0,0	51,47,44,44	191	149
7	89	7,2,4,0	100,104,50,66	211	149
10	110	35,0,3,10	390,238,140,110	257	149
86	0	62,33,25,69	10,0,0,0	414	149
10	0	5,1,0,1	1,1,0,0	153	149
17	10	7,3,7,10	4,6,13,6	158	149
77	24	56,62,24,37	14,18,26,11	158	149
8	0	12,1,2,2	0,0,5,0	193	149
2	0	15,0,0,0	1,0,0,0	155	149
4	31	6,2,2,2	30,54,20,27	989	149
0	7	0,0,0,3	30,9,3,0	179	149
6	25	3,6,0,0	9,14,8,3	232	149
2	5	2,2,0,4	15,12,0,1	549	149
2	2	2,2,0,4	0,1,0,1	561	149
5	2	15,12,0,1	0,1,0,1	161	149
55	6	125,29,13,43	9,2,0,4	152	149
10	65	7,5,9,8	50,38,31,28	289	149
15	718	41,13,9,2	3067,757,427,508	772	149
0	2	0,0,2,0	2,5,5,2	178	149
78	21	119,51,32,31	26,13,8,14	212	149
38	0	56,23,12,22	2,2,0,0	212	149
30	5	75,12,12,12	1,0,0,2	192	149
3	29	4,1,0,1	55,8,14,9	203	149
359	4	222,238,278,210	3,4,1,4	233	149
2	0	5,0,0,0	34,0,0,0	301	149
2	32	0,0,0,0	36,21,8,3	163	149
40	6	51,13,12,15	2,0,0,0	173	149
17	4	0,0,0,3	0,0,0,0	184	149
0	2	32,4,0,4	7,9,2,4	206	149
27	15	6,9,2,4	30,12,2,1	305	149
10	2	14,36,21,32	2,2,2,0	178	149
11	0	14,6,4,8	2,0,0,0	792	149
0	46	2,0,0,0	92,20,15,10	167	149
152	0	54,77,80,119	1,0,0,0	153	149
302	8	46,55,87,54	0,0,1,10	233	149
2	3	0,0,0,4	18,1,0,0	458	149
0	2	3,0,0,0	16,0,0,0	215	149
0	5	2,0,0,0	20,2,0,0	154	149
0	18	7,0,0,0	40,9,2,2	268	149
0	18	1,0,0,0	40,9,2,2	175	149
475	0	530,294,300,294	0,0,1,0	1913	149
12	3	52,2,4,1	0,0,0,0	191	149
0	13	2,0,0,0	9,6,5,11	192	149
60	0	115,27,30,31	3,0,0,0	1763	149
1	5	17,2,0,0	12,0,0,0	178	149
0	2	11,0,0,3	37,2,0,1	440	149
0	21	5,0,0,0	52,13,2,8	371	149
2	0	9,0,0,0	1,0,0,0	153	149
5	0	119,1,0,0	2,0,0,0	201	149
6	0	49,0,0,0	2,0,0,0	201	149
2	52	0,1,0,1	35,22,16,6	167	149
0	2	2,0,0,0	24,0,0,0	191	149
0	1	5,0,0,0	2,0,0,0	181	149
30	0	2,2,11,14	0,0,0,1	168	149
21	2	20,16,3,17	0,4,0,0	168	149
313	0	277,183,179,158	0,1,0,0	458	149
3	39	9,1,2,5	33,22,12,12	249	149
17	87	22,6,3,11	96,55,46,51	300	149
53	87	46,27,13,18	96,55,46,51	200	149
116	91	37,16,28,18	21,28,40,40	578	149
35	4	182,14,12,7	8,0,0,4	263	149
47	0	70,16,2,3	2,0,0,0	200	149
53	782	25,3,0,2	431,40,33,17	298	149
6	0	193,7,0,4	3,0,0,0	495	149
21	0	328,28,6,9	2,0,0,0	202	149
725	137	459,317,157,295	91,102,48,56	537	149
1225	0	585,585,355,517	0,0,4,0	568	149
6	0	12,9,11,23	2,0,2,0	251	149
9	0	9,15,22,17	0,2,0,0	265	149
2	4	10,0,5,0	21,0,0,0	153	149
9	72	0,0,5,2	17,43,7,49	158	149
234	3	235,527,526,394	0,0,0,0	302	149
16	10	1,4,0,2	3,4,2,0	191	149
17	2	11,15,4,8	0,1,0,0	336	149
23	3	18,1,3,7	0,1,0,0	283	149
0	3	0,4,0,2	7,5,0,0	307	149
0	2	3,0,0,0	0,0,5,0	158	149
2	1	5,6,0,2	0,0,0,0	167	149
1	0	3,2,0,0	2,0,0,1	262	149
4	2	0,0,2,0	0,0,0,0	158	149
1	0	0,0,1,5	2,0,0,0	302	149
2	0	59,2,0,0	3,0,0,0	179	149
117	232	31,18,50,42	58,95,111,74	1493	149
25	2	59,13,7,2	0,0,0,0	176	149
2	0	26,2,0,0	3,0,0,0	278	149
0	4	4,1,0,0	2,0,0,0	158	149
7	4	12,0,0,2	2,0,0,0	161	149
7	0	10,0,0,2	2,1,0,0	152	149
79	0	190,54,17,12	2,0,0,0	212	149
3	1	2,11,2,0	2,7,4,0	173	149
8	0	11,4,2,2	1,0,0,4	173	149
67	83	16,12,15,17	49,37,42,38	222	149
3	11	5,2,2,3	38,17,6,9	171	149
59	11	11,11,13,13	38,17,6,9	222	149
56	0	7,9,11,10	1,0,0,0	200	149
6	80	8,2,2,3	33,18,17,14	171	149
92	80	28,13,17,15	33,18,17,14	222	149
89	3	24,11,15,12	4,0,0,0	200	149
56	7	11,10,13,15	4,4,0,2	222	149
11	2	22,12,2,2	2,8,0,0	494	149
0	3	0,0,0,4	21,13,2,3	304	149
12	122	2,0,6,16	49,103,79,58	514	149
128	2	48,80,38,71	0,0,0,0	323	149
26	107	23,17,10,12	367,137,55,39	265	149
0	8	2,0,0,0	11,5,0,0	389	149
60	0	221,35,17,23	4,0,0,0	254	149
2	16	0,0,0,0	53,16,4,4	178	149
32	0	21,7,19,21	0,0,0,2	231	149
0	1	2,0,0,0	0,0,0,0	154	149
1	0	2,0,0,0	2,0,0,0	226	149
1	11	3,2,0,0	70,11,2,13	429	149
193	0	163,129,94,68	0,2,0,0	398	149
8	57	58,8,0,2	279,71,32,16	565	149
19	117	8,5,14,35	29,39,49,56	334	149
0	211	0,1,0,1	80,88,64,63	167	149
78	273	7,16,9,29	32,392,283,305	161	149
4	0	17,6,2,0	3,0,0,0	1846	149
6	0	4,1,7,3	0,1,0,0	863	149
5	3	0,0,0,0	9,0,0,2	217	149
203	2	117,152,218,268	0,0,6,0	286	149
0	13	13,0,0,0	120,26,7,2	158	149
2	0	14,0,0,0	4,0,0,0	393	149
33	0	105,12,6,2	2,0,0,0	601	149
495	0	795,516,182,286	1,0,1,0	250	149
12	2	3,12,3,4	0,0,0,0	171	149
96	13	16,54,34,49	15,14,16,0	171	149
3	10	2,2,0,3	14,15,1,12	152	149
14	37	18,8,6,5	81,35,11,11	152	149
21	4	33,18,5,3	0,0,0,0	168	149
0	6	1,0,0,0	22,0,0,2	154	149
3322	4	1793,2388,636,557	2,7,2,0	196	149
612	0	380,381,129,149	7,0,0,0	169	149
89	0	544,68,11,14	0,1,0,0	862	149
26	80	0,5,12,10	12,36,33,17	691	149
12	0	1,2,0,2	0,4,0,0	224	149
176	2	140,146,128,110	0,0,0,5	153	149
14	74	32,5,6,6	89,31,35,21	933	149
11	2	9,16,5,1	1,0,0,0	159	149
15	0	11,2,0,11	1,0,0,0	208	149
596	9	167,245,284,293	2,0,9,2	252	149
285	14	134,205,138,159	0,13,6,7	171	149
0	2	2,0,0,0	2,0,0,0	482	149
32	4	5,1,2,4	0,0,0,0	1248	149
3	133	1,1,1,2	70,63,60,50	240	149
3	133	5,1,1,2	70,63,60,50	218	149
8	44	2,1,0,7	12,4,11,14	541	149
7	29	1,2,0,0	9,13,12,7	310	149
1	29	0,0,0,0	9,13,12,7	159	149
0	48	0,0,2,2	6,21,2,29	167	149
67	0	31,32,63,48	0,0,0,1	194	149
1	374	1,0,0,0	305,231,114,213	231	149
488	0	381,299,141,229	2,0,0,0	176	149
2	30	1,2,0,0	158,32,12,13	213	149
59	0	8,89,38,76	0,1,1,6	171	149
34	6	131,76,114,146	18,13,1,0	157	149
1	56	2,2,2,2	28,37,25,27	153	149
6	78	0,3,0,0	3,9,12,19	179	149
71	1	2,13,10,6	0,0,0,0	182	149
2	2	17,3,0,0	5,0,0,0	177	149
16	0	103,4,0,0	2,0,0,0	715	149
2	0	12,4,0,0	2,0,2,0	348	149
2	0	12,4,0,0	2,2,0,0	299	149
152	0	59,159,138,106	0,0,0,2	182	149
326	2	384,131,138,168	2,0,2,0	302	149
3	26	3,1,5,3	12,50,78,46	166	149
8	1	10,4,2,11	0,0,0,0	246	149
9	8	10,3,2,11	4,0,0,0	246	149
8	5	10,4,2,11	5,9,2,0	246	149
1	5	0,0,0,0	5,9,2,0	153	149
10	1	10,3,2,13	0,0,0,0	246	149
149	7	280,180,70,40	0,0,0,0	195	149
5	16	68,8,0,0	42,9,2,2	227	149
57	0	77,25,1,2	2,0,0,0	194	149
0	1043	0,2,0,0	363,351,179,126	164	149
66	2	25,13,4,7	0,0,0,0	366	149
2	72	2,0,3,2	72,89,42,54	151	149
22	2	17,11,17,11	2,0,0,0	164	149
92	2	87,100,56,63	2,0,0,0	162	149
2	19	2,0,0,0	63,32,8,14	152	149
248	0	171,196,221,224	0,0,2,0	654	149
92	1	150,105,50,33	0,2,0,0	191	149
8	0	10,2,4,4	14,0,0,0	1105	149
2	0	2,0,0,0	14,0,0,0	684	149
527	1	4048,1302,1218,1354	2,7,0,4	1499	149
15	3	47,10,2,15	4,0,3,0	251	149
2	0	0,0,1,3	5,15,9,12	652	149
2	8	48,10,0,0	110,17,0,2	161	149
30	206	17,10,5,0	262,25,14,13	155	149
127	0	145,55,82,104	7,7,5,5	689	149
18	0	29,7,0,0	2,0,0,0	500	149
2	7	34,0,0,0	70,2,2,0	333	149
15	15	2,11,11,16	33,16,15,11	179	149
17	18	4,12,12,16	8,6,2,3	230	149
17	18	35,17,16,11	8,6,2,3	200	149
251	39	129,100,127,166	16,19,17,16	629	149
153	0	369,167,48,75	6,5,0,2	153	149
4	0	3,1,0,0	0,2,0,0	196	149
0	3	10,1,0,0	6,0,1,4	223	149
3	0	13,0,1,4	3,4,1,0	183	149
27	5	7,18,12,17	0,4,0,0	153	149
9	34	1,0,0,4	38,19,30,46	283	149
47	61	25,16,14,26	17,21,6,11	298	149
419	0	233,165,233,248	2,0,0,0	1482	149
4407	0	1437,3190,4974,4238	0,0,1,0	2161	149
2	1965	0,0,0,1	660,1990,1894,1278	158	149
6	1965	0,0,0,1	660,1990,1894,1278	153	149
102	0	16,33,76,53	0,6,2,5	280	149
2	0	11,5,8,1	2,5,1,0	257	149
46	0	8,2,2,0	0,0,1,3	152	149
62	6	42,38,29,28	6,10,10,10	152	149
129	19	84,67,46,70	12,0,2,4	239	149
73	19	48,39,27,52	12,0,2,4	236	149
24	76	22,13,8,5	32,31,11,20	158	149
5	25	3,2,0,2	2,4,2,2	158	149
11	11	18,1,5,3	9,2,10,32	400	149
0	7	3,0,0,0	29,14,1,7	193	149
3	10	8,3,0,0	14,5,3,7	153	149
53	132	31,34,35,34	70,53,17,42	155	149
5	3	8,2,0,0	0,0,0,0	556	149
0	16	2,0,0,0	10,10,0,3	268	149
2	16	1,2,0,0	10,10,0,3	319	149
2	0	1,2,0,0	2,0,0,0	200	149
217	6	249,82,52,80	8,0,1,7	192	149
6	0	4,0,0,2	13,0,0,0	236	149
3	0	90,0,0,0	22,1,0,0	197	149
3	0	32,0,0,0	3,0,0,0	197	149
9	0	107,10,0,0	3,0,0,0	164	149
0	27	43,2,0,0	95,21,11,6	286	149
17	1	31,37,59,79	60,26,2,4	573	149
140	3	20,1,2,0	1,0,0,0	185	149
10	169	0,0,2,2	156,66,75,99	173	149
0	5	5,0,0,0	36,11,3,25	154	149
4	22	0,0,0,0	2,20,2,4	161	149
2	111	0,0,0,0	24,4,5,0	152	149
34	32	27,27,11,16	19,12,9,12	173	149
3	2	1,0,0,0	33,2,0,0	183	149
512	78	149,97,68,92	102,37,14,4	2994	149
6	82	5,0,0,2	41,48,36,46	180	149
69	37	76,35,21,36	14,19,1,9	476	149
168	37	158,58,37,71	14,19,1,9	1025	149
117	18	96,29,26,43	14,6,10,8	698	149
235	6	184,63,119,162	0,0,0,6	3462	149
2	4	0,0,0,0	0,1,0,0	160	149
85	19	37,26,46,53	6,5,10,8	153	149
0	2	2,0,0,1	6,7,0,2	162	149
0	10	2,2,9,0	7,10,7,7	164	149
92	0	60,35,65,93	0,3,0,0	3108	149
158	8	43,57,81,55	0,0,0,0	741	149
60	4	246,259,114,106	63,35,11,16	155	149
2	0	12,0,0,0	5,0,0,0	164	149
2	0	5,0,0,0	6,0,0,0	155	149
2	1	5,0,0,0	2,0,0,0	173	149
16	0	127,28,5,13	3,0,0,0	185	149
29	0	125,28,20,17	3,0,0,0	881	149
5	0	104,7,2,5	4,0,0,0	254	149
5	0	77,12,3,11	2,0,0,0	165	149
0	21	1,1,2,0	73,11,9,24	227	149
0	2	3,0,0,0	16,1,0,0	181	149
6	4	17,1,7,9	14,0,0,5	347	149
69	117	14,19,21,27	19,29,48,24	153	149
24	0	81,4,0,0	1,0,0,0	368	149
2	45	9,8,0,2	28,18,6,13	296	149
19	2	101,6,3,3	1,0,0,0	267	149
1	2	6,0,4,4	14,3,2,3	498	149
0	7	10,1,2,0	9,7,4,7	204	149
0	4	0,1,0,0	11,6,4,9	227	149
0	2	2,0,0,1	0,0,0,0	232	149
0	2	1,0,0,2	2,0,0,0	156	149
0	16	1,0,2,3	4,11,3,9	156	149
0	1	1,0,0,0	0,0,3,0	156	149
20	0	15,11,25,7	2,0,0,3	207	149
10	0	26,7,6,8	3,0,0,0	701	149
2	7	0,0,0,1	15,19,0,11	178	149
16	33	0,0,2,1	3,9,10,13	179	149
4666	20	5908,4673,2451,2985	60,31,10,9	234	149
46	52	6,0,15,28	4,5,14,22	224	149
10	4	0,0,0,4	0,1,0,0	180	149
605	27	31,98,133,111	4,11,11,9	1325	149
128	2	8,94,212,359	0,0,0,0	1042	149
71	1	0,65,101,165	0,4,0,2	402	149
0	206	4,2,12,7	142,91,123,167	153	149
249	14	279,153,154,276	0,0,7,0	298	149
1	33	4,0,4,0	33,21,6,7	548	149
12	0	5,1,7,1	4,0,0,0	177	149
0	12	0,0,2,0	2,3,2,5	202	149
5	17	3,0,0,8	5,4,11,19	165	149
21	112	3,1,0,4	37,60,57,62	165	149
73	31	12,15,13,17	2,0,0,2	254	149
4	17	3,0,0,2	48,8,0,3	197	149
121	0	342,76,162,117	3,0,0,0	298	149
0	77	0,0,0,1	209,45,30,62	153	149
0	77	4,0,0,0	209,45,30,62	215	149
1	36	9,5,0,0	146,42,41,35	199	149
7	40	0,2,1,0	9,29,20,12	216	149
0	4	2,0,0,0	37,3,0,0	191	149
14	223	4,6,3,3	78,94,73,135	184	149
37	12	93,30,54,15	0,0,1,3	217	149
2695	0	2932,878,1330,1279	0,3,0,0	3062	149
868	0	978,290,481,512	4,0,0,0	1310	149
587	12	218,37,87,133	58,24,33,46	1469	149
79	4	0,8,14,23	0,0,0,2	201	149
298	0	123,163,255,174	0,1,0,0	198	149
11	0	14,1,4,8	2,0,0,0	282	149
73	2	17,16,15,19	0,0,0,0	385	149
75	2	21,14,17,20	1,0,0,2	385	149
911	3	381,468,832,934	4,4,0,2	1030	149
0	4	6,0,0,0	32,0,0,0	263	149
5	0	91,3,1,0	3,0,0,0	155	149
7	58	10,3,7,10	25,41,51,31	274	149
2	90	4,0,0,0	68,34,31,19	261	149
16	13	2,4,2,4	0,4,2,4	154	149
4	10	4,0,0,0	22,12,2,4	295	149
12	2	23,3,9,3	2,3,2,1	256	149
0	2	2,0,0,0	2,3,2,1	296	149
6	66	2,0,3,2	30,35,19,18	188	149
255	17	90,36,32,27	3,0,0,0	523	149
18	1	58,18,9,42	0,0,2,0	1319	149
119	1240	132,85,43,53	919,936,351,387	164	149
946	2	427,455,512,493	0,0,0,0	1710	149
330	437	101,63,105,199	171,219,336,282	1077	149
331	85	102,64,108,201	4,32,24,14	1077	149
6	5	12,0,0,0	15,2,2,0	284	149
768	2	520,496,192,232	0,0,0,0	483	149
1542	0	636,873,506,611	0,0,0,1	2132	149
6	14	9,4,4,16	11,4,4,1	182	149
1	3	1,0,1,0	0,0,0,0	193	149
0	14	6,0,0,0	66,9,0,1	156	149
8	383	6,3,1,0	608,332,75,71	179	149
22	383	42,12,7,2	608,332,75,71	280	149
16	2	38,9,6,2	2,0,0,0	250	149
6	9	7,2,0,2	44,8,6,2	161	149
11	747	18,18,14,16	553,274,489,503	721	149
2	2	0,2,1,0	2,8,2,0	317	149
218	2	113,65,112,114	0,0,0,0	218	149
6	0	20,5,2,6	0,2,0,0	363	149
63	8	21,11,18,53	0,0,0,0	524	149
17	0	30,8,9,18	0,0,2,0	946	149
18	26	4,12,15,11	7,10,2,12	158	149
1	6	0,8,0,2	0,0,0,0	196	149
55	8	19,29,55,36	1,14,7,13	154	149
570	0	381,1243,2206,2117	2,0,2,2	164	149
0	236	0,0,0,1	56,128,126,101	160	149
2	1	2,0,0,0	3,0,0,2	242	149
92	1296	7,28,37,23	165,398,566,391	170	149
23	0	26,18,9,18	2,0,2,0	381	149
10	0	15,14,4,10	0,4,0,0	381	149
442	0	186,238,273,300	0,0,1,0	2213	149
1	251	2,0,4,0	134,105,133,108	180	149
0	61	1,0,5,1	19,22,54,20	243	149
5	3	2,3,4,6	0,0,0,0	234	149
4	4	0,4,0,4	0,0,4,0	154	149
455	0	136,250,165,244	0,0,4,0	434	149
5	0	2,5,0,0	5,0,0,0	187	149
32	0	553,430,212,430	5,0,0,0	166	149
3257	0	1362,1599,1816,1741	0,2,0,0	1592	149
142	0	40,27,35,40	1,0,0,2	253	149
2	0	0,0,2,8	0,0,0,3	161	149
15	94	2,11,7,4	42,57,95,104	162	149
149	2	67,90,47,39	2,5,2,2	154	149
46	2098	12,15,10,21	242,1276,1036,350	274	149
192	1276	152,29,68,118	981,765,420,509	403	149
48	0	33,18,20,24	2,0,0,0	381	149
22	0	35,8,4,3	0,0,2,0	482	149
0	30	0,2,0,0	22,6,15,18	163	149
50	70	14,23,19,14	39,26,20,17	155	149
2	2	24,17,3,10	117,86,20,32	154	149
42	0	75,37,6,21	6,0,0,1	153	149
4	3	5,2,13,10	10,0,3,5	164	149
0	4	2,0,1,0	5,0,0,0	920	149
28	2	65,26,9,9	2,1,0,0	426	149
16	2	31,14,7,2	2,1,0,0	528	149
13	70	44,8,10,5	93,38,22,30	390	149
4	0	398,16,1,3	2,0,0,0	190	149
19	1499	36,19,5,4	3330,1449,576,597	160	149
327	110	96,280,175,118	28,79,42,41	173	149
1	2	12,0,0,0	2,0,0,0	287	149
40	9	93,15,15,38	1,0,0,0	233	149
0	2	2,0,0,0	24,2,0,0	229	149
498	0	511,511,236,256	0,0,0,2	157	149
458	2	136,226,249,166	0,0,0,0	239	149
9	0	23,6,4,5	4,2,0,0	196	149
1	75	0,1,0,2	46,64,30,49	163	149
10	9	4,4,0,4	30,6,2,4	668	149
2	0	7,9,6,0	0,2,0,0	244	149
11	11	0,2,3,7	6,0,1,5	201	149
226	33	363,274,155,145	31,33,12,5	202	149
3230	0	2848,4046,3138,2696	2,0,0,0	197	149
636	0	690,780,577,588	2,0,0,0	207	149
4	2598	14,7,2,6	2172,3273,2563,2114	159	149
1476	4	1669,1738,1453,1126	2,0,0,0	909	149
47	0	100,66,50,43	2,0,0,0	909	149
27	58	1,13,7,9	14,26,20,40	291	149
1	117	0,0,0,0	39,67,80,46	154	149
26	21	3,0,0,0	1,0,0,0	162	149
480	0	207,211,241,217	0,1,0,0	861	149
42	62	15,32,40,53	20,26,47,46	158	149
0	4	6,0,0,0	12,1,4,3	192	149
2	0	4,0,0,3	2,0,0,0	199	149
5	3	1,0,4,0	0,0,0,0	160	149
12	167	9,0,6,4	41,26,28,31	160	149
