IJC_SAMPLE_1	SJC_SAMPLE_1	IJC_SAMPLE_2	SJC_SAMPLE_2	IncFormLen	SkipFormLen
2	0	42	1	182	149
0	2	3	70	263	149
8	0	0	2	298	149
0	6	55	0	273	149
13	56	0	13	298	149
0	8	2	4	280	149
46	9	28	12	298	149
6	9	7	12	199	149
0	42	21	214	254	149
0	885	1	355	298	149
3	148	0	61	153	149
15	17	12	2	166	149
15	0	63	3	158	149
6	0	4	3	201	149
0	9	2	61	192	149
0	9	10	30	204	149
0	2	11	67	267	149
9	697	2	464	220	149
3	32	2	18	298	149
5	16	6	51	298	149
1	16	5	51	298	149
1	0	43	1	230	149
43	0	47	1	298	149
9	52	7	20	154	149
6	9	6	2	154	149
0	1	1	0	185	149
1	6	4	2	240	149
0	7	2	16	160	149
1	0	249	3	298	149
1	1	2	0	184	149
1	8	7	42	184	149
25	2	2	0	243	149
9	0	5	6	298	149
130	0	3483	25	159	149
0	130	52	3469	298	149
0	2	26	2712	173	149
3	0	44	7	298	149
3	0	38	1	298	149
79	1	23	1	298	149
0	2	1	124	232	149
50	46225	56	14155	183	149
26	0	118	13	284	149
4	3	0	1	161	149
10	5	2	0	298	149
14	171	2	16	298	149
3	137	0	5	159	149
0	34	1	43	196	149
12	0	391	12	159	149
0	2	1	10	204	149
32	0	121	2	298	149
9	1	1	0	298	149
3	4	1	0	263	149
0	1	1	0	209	149
1	7	1	16	226	149
2	7	0	16	166	149
2	1	7	0	227	149
3	2	7	8	298	149
7	1	10	8	153	149
7	2	22	77	182	149
11	0	63	6	225	149
4	0	68	4	298	149
2	0	90	2	170	149
2	10	0	6	155	149
5	6	8	4	298	149
0	12	2	89	231	149
4	0	14	11	164	149
1	8	2	20	153	149
7	0	269	3	151	149
0	16	7	83	187	149
0	12	4	6	173	149
21	171	13	100	298	149
7	4	5	0	298	149
9	2	9	0	280	149
1	23	22	244	171	149
1	14	0	10	217	149
0	10	6	185	156	149
8	29	7	16	160	149
1	5	1	2	160	149
0	3	4	7	298	149
2	0	2	3	154	149
8	1	39	1	298	149
7	297	14	624	177	149
0	2	1	13	220	149
41	33	4	17	159	149
33	415	3	140	195	149
14	1	3	4	195	149
4	74	5	224	247	149
7	74	5	224	298	149
11	0	13	1	298	149
1	24	9	19	203	149
24	3	16	1	203	149
1	7	2	39	298	149
37	1	102	5	152	149
3	0	9	7	203	149
2	219	3	262	298	149
28	6	130	51	270	149
2	9	1	54	161	149
2955	2	1055	2	298	149
1316	8	560	4	222	149
12	42	2	31	201	149
11	8	18	26	176	149
0	2	4	25	203	149
0	2	3	25	298	149
1	0	1	5	155	149
10	1404	15	699	222	149
7	1	108	0	298	149
0	2	1	2	231	149
766	21	173	2	292	149
1	0	101	2	298	149
356	50	49	7	155	149
73	2288	21	402	162	149
40	5	10	0	162	149
56	0	17	2	296	149
76	2	62	3	298	149
6	0	6	1	298	149
87	22	18	12	226	149
0	87	10	2009	158	149
0	35	54	1466	250	149
17	0	592	13	298	149
52	0	2008	13	215	149
0	25	9	1374	298	149
0	25	9	1374	298	149
0	25	2	1374	151	149
2	0	19	4	298	149
6	229	4	118	153	149
0	3	17	765	298	149
5	2	3	0	259	149
1	0	635	10	298	149
31	196	32	64	165	149
132	1	84	0	298	149
0	5	1	111	198	149
0	2	14	9	161	149
3	3	11	0	298	149
16	0	31	6	252	149
1	16	0	23	298	149
28	2	30	0	154	149
3	0	9	2	298	149
0	8	2	8	175	149
49	0	267	4	298	149
0	49	2	266	153	149
1	0	3	3	230	149
135	0	142	2	298	149
0	11	1	48	192	149
3	1	9	2	176	149
0	2	3	65	298	149
5	2	43	5	298	149
9	13	1	22	298	149
3	6	0	11	169	149
3	6	16	43	298	149
16	1	11	0	298	149
2	8	11	7	298	149
7	14	0	4	242	149
119	16	59	11	158	149
1	31	0	118	285	149
4	0	6	2	233	149
4	0	5	1	201	149
72	80	31	19	155	149
62	1	60	0	298	149
491	3	142	0	229	149
2	0	0	16	166	149
3	36	1	21	187	149
2	0	19	4	298	149
33	1	13	1	229	149
8	2	7	0	217	149
1	21	0	37	230	149
0	2	149	51	206	149
12	2	590	225	206	149
2	0	1	2	168	149
47	2	59	0	153	149
0	2	2	2	161	149
92	0	63	1	298	149
339	0	203	2	298	149
0	1	3	156	159	149
0	74	3	45	272	149
0	20	3	15	228	149
2	88	8	76	222	149
6	0	13	1	173	149
8	0	35	7	167	149
0	23	3	49	167	149
0	8	2	7	209	149
70	10	35	7	276	149
1	161	0	92	153	149
9	1	11	0	298	149
10	47	0	16	298	149
0	34	5	77	275	149
0	65	2	140	216	149
0	2	7	198	175	149
10	0	258	1	194	149
0	5	1	26	298	149
36	17	28	24	180	149
442	12	443	19	197	149
0	108	1	42	158	149
75	2	77	0	298	149
75	2	77	0	298	149
2	165	1	341	180	149
7	12	62	510	298	149
14	0	61	4	178	149
2	92	0	81	175	149
0	2	8	0	298	149
0	2	4	0	194	149
2	59	3	32	162	149
2	18	0	28	298	149
0	10	1	33	298	149
9	0	79	1	280	149
15	2	15	0	213	149
0	1	149	10	216	149
908	2	394	0	171	149
0	2	34	177	185	149
6	80	3	63	298	149
166	1	77	0	298	149
11	8	0	1	298	149
101	5	54	1	211	149
0	2	11	8	197	149
0	25	3	20	182	149
6	0	33	3	298	149
0	3	2	66	192	149
196	5	31	1	251	149
0	4	4	11	206	149
1	3	0	1	215	149
1	0	69	3	181	149
44	0	144	49	298	149
3	0	14	3	298	149
4	0	273	2	200	149
266	0	530	8	182	149
0	1	1	6	203	149
0	1	1	16	252	149
44	3	34	6	297	149
0	7	2	6	298	149
10	34	13	39	298	149
0	2	3	161	283	149
304	3	248	2	298	149
171	4	135	0	298	149
7	2	0	1	298	149
2	0	2	3	298	149
3	4	7	26	298	149
5	9	7	18	156	149
6	32	2	0	166	149
0	4	6	23	298	149
2	35	2	33	211	149
8	0	107	14	298	149
2	1	2	2	153	149
223	5	161	2	263	149
159	0	205	1	298	149
176	1	22	0	156	149
32	447	8	111	215	149
813	2	214	1	261	149
9	32	2	17	270	149
1	580	1	786	156	149
4	253	4	837	159	149
1	0	1	1	174	149
1	44	0	4	153	149
169	2	49	0	270	149
0	1	1	7	298	149
62	3	26	2	169	149
205	0	18	1	244	149
15	598	2	203	298	149
13	598	2	203	158	149
47	181	9	21	244	149
8	0	25	6	189	149
11	7	25	29	289	149
4	122	2	33	153	149
87	85	12	13	185	149
6	31	5	7	179	149
11	2	9	1	298	149
172	2	207	2	223	149
0	13	1	58	298	149
0	10	2	26	212	149
5	2	6	20	288	149
1	6	0	39	226	149
0	8	2	135	236	149
7	83	6	103	170	149
89	19	87	32	164	149
0	15	1	14	178	149
24	228	1	49	229	149
7	3	10	4	162	149
55	2	27	0	298	149
117	2	48	0	298	149
155	1	56	0	298	149
168	61	37	15	298	149
13	43	4	5	197	149
30	11	9	3	154	149
9	0	2	1	237	149
0	2	1	12	161	149
4	0	10	1	153	149
117	4	76	2	153	149
40	2	18	0	152	149
24	1	15	0	153	149
39	74	20	55	298	149
23	2	19	45	298	149
294	70521	124	23161	298	149
2	0	0	1	167	149
54	1	32	0	153	149
1	4	6	14	298	149
56	87	14	35	188	149
35	5	51	4	164	149
538	4	387	2	165	149
0	11	54	6	298	149
2	52	3	21	185	149
34	11	2	0	298	149
6	10	0	77	175	149
10	0	19	2	191	149
0	1	1	9	205	149
1297	0	583	1	188	149
37	13	10	0	173	149
0	8	2	17	251	149
31	33	7	15	161	149
0	3	40	20	194	149
261	3	143	1	188	149
4	66	0	15	164	149
2	133	0	112	298	149
0	63	5	114	298	149
0	63	5	114	298	149
0	63	5	114	298	149
2	32	1	89	298	149
0	32	4	89	262	149
168	0	35	2	298	149
221	3	16	0	298	149
124	35	34	10	196	149
87	3	26	0	196	149
8	142	1	57	180	149
0	304	2	136	298	149
39	37	7	2	173	149
2	42	0	15	189	149
1473	3	183	1	259	149
21	85	3	6	164	149
68	619	11	121	164	149
93	17	29	10	298	149
1458	3	629	0	287	149
2885	29	101	4	292	149
2269	11	101	3	298	149
760	11	41	3	260	149
57	20	81	38	155	149
6	36	2	32	212	149
0	6	2	3	212	149
18	356	8	100	298	149
232	2	94	0	298	149
399	1	131	0	298	149
6	0	40	1	153	149
0	1	7	40	208	149
7	0	8	1	156	149
84	0	98	1	161	149
77	0	92	2	154	149
6	383	4	332	223	149
0	23	1	52	153	149
17	0	57	4	193	149
15	0	40	1	298	149
23	8	123	14	172	149
0	3	19	5	172	149
0	1	1	167	298	149
0	1	3	234	160	149
4	1	4	8	298	149
0	65	12	275	156	149
2	2	2	3	155	149
29	1	42	2	240	149
10	0	35	6	298	149
94	587	74	664	188	149
2	631	0	48	174	149
4	426	0	47	219	149
2	0	0	23	203	149
2	0	1	23	193	149
1	0	22	5	210	149
6	0	99	5	215	149
5	0	79	2	154	149
0	2	1	80	219	149
14	0	174	1	278	149
3	14	1	109	256	149
0	4	1	4	153	149
1	89	0	7	298	149
36	5	0	5	298	149
20	40	0	23	259	149
3	0	6	1	244	149
1	127	1	105	165	149
213	1	181	0	188	149
5	165	9	125	219	149
904	2	98	0	176	149
22	4712	9	3550	182	149
580	5	292	7	254	149
390	13	233	6	175	149
24	20	8	9	206	149
2	33	3	17	224	149
0	1	2	0	298	149
4	228	5	310	251	149
2	6	5	2	153	149
10	2	20	0	298	149
10	6	11	13	298	149
10	6	6	13	298	149
10	4	6	4	298	149
207	3	14	0	174	149
8	64	12	49	216	149
1	7	0	42	298	149
16	1	8	0	203	149
0	9	1	443	177	149
22	0	226	11	292	149
0	59	1	128	153	149
12	2	11	0	286	149
286	2	44	0	298	149
2	3	6	15	182	149
87	704	22	172	298	149
103	4	34	2	298	149
178	3	43	0	220	149
182	81	48	25	224	149
7	81	5	25	153	149
8	216	2	161	298	149
16	0	13	4	298	149
0	1	45	84	200	149
6	789	6	513	163	149
20	856	18	527	188	149
2	36	2	11	194	149
2	33	0	19	154	149
42	104	130	660	298	149
1	0	4	2	298	149
0	47	5	88	298	149
0	1	25	3915	153	149
308	0	2304	1	265	149
309	0	6197	1	261	149
61	2	60	0	298	149
2	0	11	86	298	149
0	1	4	425	174	149
24	144	0	13	298	149
1	11	0	3	159	149
172	0	167	2	179	149
0	2	2	1	157	149
0	76	1	128	157	149
8003	15	3419	2	257	149
10	37	35	16	215	149
35	100	20	36	192	149
87	0	112	1	298	149
17	0	8	7	234	149
31	183	19	80	152	149
2	398	0	96	167	149
2	90	2	20	225	149
36	37	21	29	155	149
8	0	19	3	244	149
6	6	8	9	237	149
0	90	11	261	298	149
0	90	11	261	277	149
0	240	6	696	298	149
0	1	4	14	298	149
0	10	1	3	154	149
1	0	3	2	226	149
3	42	4	23	167	149
89	2	26	0	178	149
2	4	0	2	163	149
8	0	50	1	186	149
0	21	10	23	267	149
7	0	2	1	205	149
285	21	215	23	203	149
2	35	4	23	169	149
6	269	4	227	169	149
1	5	9	455	298	149
948	4	774	1	158	149
1	78	0	46	162	149
7	2	10	0	216	149
1708	157	3356	216	226	149
7177	21	3723	12	203	149
1776	21	1097	12	298	149
11	5409	9	2635	298	149
50	65	2	31	296	149
8	25	6	13	220	149
84	24	57	15	176	149
3	7	5	13	275	149
1	0	6	1	275	149
329	56	116	29	161	149
20	2	24	3	245	149
8	101	0	43	231	149
35	1	25	0	153	149
0	9	3	2	158	149
12	62	0	11	158	149
1	20	0	13	153	149
2	45	2	137	283	149
17	2	16	1	164	149
9	30	6	25	156	149
16	2	25	2	172	149
0	42	1	64	165	149
7	27	1	2	298	149
3	5	3	44	298	149
0	1	5	5	161	149
1	5	4	7	161	149
0	7	3	31	158	149
48	2	75	13	298	149
9	161	9	57	155	149
1	2	4	25	161	149
0	2	11	235	297	149
3	2	4	0	203	149
35	2	27	0	193	149
0	5	2	34	174	149
2	60	1	30	229	149
41	35	19	20	161	149
0	5	10	198	298	149
1	4	2	0	173	149
0	7	2	21	298	149
90	2	7	0	195	149
30	4	30	2	298	149
2	133	2	41	205	149
8	133	2	41	298	149
10	8	7	6	182	149
0	130	7	386	155	149
0	118	5	34	154	149
159	286	52	135	275	149
25	32	4	17	197	149
7	2	7	3	188	149
41	7	28	1	298	149
129	105	42	31	158	149
69	2	184	8	203	149
299504	146	27662	8	298	149
3	0	0	2	282	149
192	6	40	6	183	149
191	3	109	0	176	149
2	12	84	144	274	149
2	107	0	38	176	149
7	23	0	23	261	149
2	86	0	28	153	149
0	22	4	30	298	149
70	0	2035	8	298	149
2	1	6	0	298	149
0	13	2	27	159	149
396	2	67	0	298	149
9	170	0	77	177	149
120	0	57	2	218	149
358	0	117	2	298	149
313	3	83	1	252	149
0	2	2	0	226	149
20	1237	19	801	166	149
618	8	482	3	158	149
589	2	444	0	245	149
9	0	51	1	154	149
1	0	0	32	165	149
244	9	531	8	298	149
20	166	103	297	298	149
1502	7	1058	0	176	149
2	97	11	132	207	149
8	14	4	9	167	149
128	1	81	2	257	149
14	781	6	879	153	149
56	14	20	18	298	149
824	14	893	18	298	149
806	4	884	1	298	149
39	4	23	1	298	149
824	0	721	1	298	149
2	60	3	93	298	149
1	5	3	1	298	149
2	60	3	93	298	149
1	5	3	1	298	149
60	5	93	1	153	149
27	304	5	95	152	149
1	34	0	21	152	149
7	287	0	56	153	149
30	6	15	9	298	149
0	12	11	11	164	149
90	70	1599	18	298	149
1186	2	545	12	298	149
0	1	5	5	158	149
10	0	4	1	298	149
31	3	4	3	298	149
1	25	0	13	159	149
18	4	4	5	298	149
13	1	37	0	256	149
7	8	0	4	220	149
9	784	10	356	230	149
14	29	2	13	241	149
210	4	262	4	221	149
435	0	357	3	298	149
0	195	6	381	192	149
3	0	242	2	294	149
10	3	30	0	170	149
0	35	2	24	298	149
0	35	2	24	298	149
0	4	3	2	155	149
5	2	1	1	155	149
9	23	7	17	196	149
145	2	76	1	214	149
117	0	91	2	298	149
0	71	15	269	171	149
38	2	28	4	179	149
2	2	1	0	160	149
14	2	11	0	233	149
173	10	47	3	298	149
0	13	2	17	298	149
14	3	12	3	167	149
11	367	2	216	298	149
9	29	4	34	236	149
570	3	851	9	298	149
452	6	449	12	153	149
2	2	1	27	298	149
1	67	5	113	249	149
0	3	3	287	224	149
1	13	4	20	158	149
3	0	11	24	197	149
4	109	76	192	210	149
6	0	8	2	298	149
18	4	98	9	298	149
202	13	62	0	263	149
22	5	5	8	298	149
4	0	7805	6	298	149
0	2	4	2	179	149
0	1	3	0	179	149
2	0	23	15	298	149
4	0	2	14	298	149
3	14	9	19	165	149
2	147	36	508	227	149
4	3638	15	2356	166	149
51	0	34	1	233	149
8	93	5	19	298	149
2	115	3	36	156	149
0	4	3	5	278	149
0	1	9	2	267	149
4	1	12	42	232	149
4	0	10	1	227	149
7	0	15	1	269	149
5	0	6	1	191	149
66	0	12	2	229	149
6	0	66	9	185	149
0	9	4	97	153	149
1	81	0	23	162	149
0	35	2	128	298	149
18	100	2	34	205	149
15	3	4	0	205	149
454	2	113	0	291	149
472	4	215	5	154	149
592	13	290	4	204	149
124	13	80	4	199	149
2	0	2	2	213	149
6	0	38	4	236	149
158	2	4	0	298	149
3894	4	926	8	191	149
436	4	45	0	287	149
4	13	0	6	164	149
0	3	3	13	226	149
1	0	18	1	239	149
1	1	0	2	282	149
3	8	1	0	250	149
20	2	6	0	153	149
1	22	3	2	250	149
124	14	27	2	153	149
7	4	6	28	161	149
3	75	6	29	155	149
0	28	1	34	252	149
6	83	0	34	266	149
1	22	6	53	152	149
4	61	1	62	155	149
2	24	1	74	151	149
2	0	18	7	158	149
0	14	4	110	291	149
125	588	26	160	159	149
22	4	1	0	159	149
0	10	1	17	298	149
7	6	35	8	298	149
92	7	10	5	212	149
464	8	293	0	225	149
446	1	218	1	298	149
10	111	8	47	298	149
2	2	21	5	158	149
42	3	12	0	298	149
6	2	1	0	180	149
14	91	5	39	215	149
6	4	5	2	215	149
61	96	29	50	167	149
0	29	1	11	158	149
2	42	6	114	298	149
5	0	24	3	170	149
183	18	136	12	167	149
183	134	142	158	170	149
18	134	18	158	152	149
2	82	0	66	153	149
7	6	15	36	298	149
2	0	2	5	298	149
1	48	0	34	165	149
3	96	3	30	272	149
10	0	76	2	191	149
2	0	70	2	265	149
59	3	44	11	298	149
26	1	19	1	298	149
30	189	12	104	298	149
6	5052	12	3132	174	149
2	7	2	9	291	149
0	48	4	190	298	149
8	19	3	5	152	149
73	3	22	0	197	149
38	4	21	2	211	149
743	5	110	0	293	149
25	0	31	2	298	149
4	4	1	14	213	149
3	127	3	214	157	149
6	1	2	0	186	149
36	3	159	20	175	149
22	6	2	0	203	149
427	3	354	6	298	149
47	215	14	130	298	149
1	437	0	138	218	149
39	1020	8	309	168	149
297	2	332	0	298	149
25	34	6	9	198	149
75	0	42	4	298	149
187	0	166	2	248	149
3	2	12	3	298	149
0	2	11	0	272	149
8	9	4	4	161	149
16	43	5	0	298	149
288	2	136	0	298	149
0	1	5	0	272	149
66	2	42	2	154	149
30142	0	31513	3	298	149
34232	1	35723	0	158	149
0	27	2	40	212	149
5	123	0	40	159	149
16	0	11	1	298	149
23	153	3	21	158	149
19	85	6	85	154	149
28	27	66	10	251	149
0	34	2	214	187	149
294	1	126	0	176	149
8	59	4	19	155	149
65	29	19	4	168	149
2	0	275	2	298	149
2	62	2	5	175	149
4	3	12	9	298	149
15	2	48	10	182	149
5	140	12	244	298	149
166	4	82	0	298	149
1	0	0	1	298	149
2	37	3	344	198	149
37	0	344	11	298	149
0	60	3	357	185	149
12	0	34	8	164	149
0	24	1	31	250	149
2	6	1	8	266	149
82	6	265	53	298	149
54	2	251	70	298	149
16	2	221	70	298	149
0	2	85	70	203	149
6	3	10	0	258	149
77	0	64	2	158	149
30	68	20	49	161	149
124	104	56	28	176	149
26	4	31	3	298	149
356	0	277	3	298	149
2	1	2	0	298	149
5	123	5	184	260	149
2	5	4	0	215	149
201	2	107	0	284	149
50	62	145	566	215	149
21	4	16	6	155	149
10	6	13	12	167	149
2	2	6	4	152	149
1	45	0	15	153	149
0	148	4	99	269	149
0	11	2	45	287	149
2	260	1	122	153	149
0	10	3	23	153	149
4	3	4	0	246	149
18	3	8	0	294	149
126	1	677	0	298	149
1086	2	1488	3	298	149
1	51	0	15	279	149
13	2	2	0	273	149
0	88	2	94	185	149
82	1	141	4	298	149
2	42	0	81	180	149
2	42	0	81	191	149
47	13	54	7	152	149
15	21	6	0	298	149
1	33	1	49	231	149
19	0	44	1	215	149
2	13	1	249	153	149
4	0	3	4	176	149
0	6	6	6	191	149
9	0	6	23	298	149
1888	0	6680	1	298	149
83	2	51	0	296	149
5	1499	3	438	153	149
1627	9	403	4	298	149
1724	0	401	1	151	149
74	0	11	1	155	149
53	1703	8	398	153	149
6	1494	2	497	298	149
38	8	47	9	218	149
134	6	92	0	167	149
1	237	0	217	162	149
2	32	0	22	298	149
40	2	20	0	298	149
11	29	3	28	241	149
5	83	3	44	232	149
144	7	54	5	150	149
28	10	38	29	210	149
855	5	894	7	298	149
0	2	1	9	232	149
0	2	1	0	165	149
1	65	0	36	298	149
46	2	29	0	298	149
69	9	20	10	195	149
4	53	2	24	298	149
3	262	1	65	169	149
80	81	32	28	152	149
1	2	0	2	250	149
85	9	46	11	298	149
0	24	2	53	167	149
4	0	69	1	166	149
8	44	8	55	298	149
26	2	8	8	197	149
1180	0	889	4	298	149
225	0	176	2	219	149
254	3	179	5	298	149
751	10	207	0	153	149
0	2	9	8	298	149
17	0	169	7	288	149
0	7	1	0	189	149
2	27	1	12	298	149
2	21	0	17	201	149
40	10	39	10	164	149
24	38	15	28	164	149
19	628	15	632	212	149
1027	23	119	0	298	149
0	4	7	11	223	149
0	109	2	62	298	149
1	58	2	33	188	149
4	39	6	24	183	149
4	0	0	5	156	149
35	4	28	8	298	149
1	9	3	3	203	149
8	3	57	13	227	149
1	8	4	229	208	149
183	11	15	3	204	149
0	10	2	104	280	149
250	2	41	0	163	149
1	20	0	5	160	149
0	29	7	54	153	149
175	4	13	0	298	149
60	2	274	3	298	149
0	12	1	37	196	149
12	0	323	1	192	149
9	0	248	4	298	149
2	0	214	5	298	149
146	1	25	2	298	149
29	90	6	26	182	149
42	381	12	99	298	149
50	12	64	13	171	149
16	2	6	2	153	149
2	8	4	12	298	149
35	1	19	6	260	149
7	255	0	72	153	149
9	255	2	72	298	149
0	3	10	3	298	149
0	9	1	205	262	149
0	41	16	46	221	149
101	1	54	0	268	149
31	13	16	0	298	149
3	130	0	5	186	149
575	1	8	0	298	149
0	107	7	138	298	149
35	185	9	80	298	149
125	4	45	0	253	149
85	17	105	14	254	149
547	4	258	0	298	149
23	17	15	4	249	149
232	141	458	79	298	149
22	311	19	887	298	149
0	25	28	894	298	149
183	3	44	0	194	149
7	72	7	31	254	149
1	28	2	2	185	149
17	16	11	4	161	149
13	0	231	1	298	149
66	2	396	26	194	149
29	136	250	92	298	149
22	0	243	6	298	149
2	0	6	1	222	149
4	0	0	4	298	149
2281	0	1210	1	298	149
1	54	1	41	165	149
0	184	1	88	211	149
22	47	20	127	298	149
0	47	9	127	298	149
0	47	5	127	298	149
22	0	26	5	247	149
22	0	26	1	212	149
10	425	4	189	228	149
0	2	2	2	152	149
7	2	2	11	298	149
14	58	9	21	298	149
2	0	448	104	155	149
1	4	2	6	150	149
9	3	9	1	150	149
8	118	0	40	156	149
8	886	11	440	156	149
4	94	8	79	259	149
0	3	7	48	298	149
0	2	1	15	205	149
1	0	3	1	298	149
1	0	4	1	298	149
0	1	5	2	298	149
0	1	3	2	212	149
0	1	3	2	167	149
0	1	2	2	156	149
176	7809	93	4225	265	149
7809	1	4235	0	298	149
4	4	4	4	169	149
4	2	5	2	298	149
4	2	5	2	289	149
2	1	50	3	154	149
0	43	1	225	298	149
0	7	1	3	270	149
5	34	1	10	298	149
23	4	33	1	298	149
0	1	2	0	153	149
21	4	10	3	194	149
0	1	4	33	173	149
2	1	9	33	161	149
2479	12	801	6	203	149
55	8	28	5	197	149
13	9	10	5	298	149
53	21	7	0	298	149
274	1	168	0	298	149
97	48	53	19	298	149
25	1	32	0	197	149
0	16	1	19	236	149
7	18	3	0	170	149
1	31	0	4	170	149
0	875	12	386	279	149
54	2	47	2	298	149
2	0	12	11	176	149
26	2	15	0	223	149
1	12	0	18	239	149
2	24	5	30	286	149
6	2	13	0	298	149
4	5	113	48	206	149
4	2	6	0	152	149
1	9	0	23	170	149
191	295	69	45	254	149
6	13	4	36	159	149
36	16	32	43	298	149
11	0	11	2	298	149
36	16	30	43	298	149
2	2	0	9	197	149
0	4	2	7	265	149
48	0	287	7	298	149
7	10	2	0	177	149
3	45	0	28	164	149
2	42	0	2	199	149
0	12	2	2	154	149
2	5	0	12	295	149
110	3	48	5	251	149
47	5	54	4	188	149
54	3	68	8	298	149
11	8	0	26	298	149
26	2	255	2	298	149
4	0	1	8	215	149
4	39	1	217	224	149
0	39	8	217	158	149
1	0	20	4	298	149
3	6	0	7	210	149
2	360	5	107	245	149
13	0	66	3	174	149
1	3	0	2	215	149
0	9	1	9	298	149
0	2	4	13	269	149
15	25	35	7	269	149
1	7	0	27	298	149
10	64	2	137	253	149
7	91	2	37	298	149
8	29	1	28	176	149
2	9	0	12	161	149
19	0	16	2	249	149
28	3	68	8	298	149
0	4	1	27	153	149
0	5	2	1199	298	149
4	425	4	583	247	149
2	0	0	2	155	149
4	65	3	13	252	149
102	2	30	0	211	149
4	7	3	0	164	149
16	4	19	4	158	149
11	0	14	2	158	149
19	143	12	40	298	149
0	10	1	28	298	149
15	132	2	19	298	149
1	61	8	48	205	149
6	13	10	93	247	149
1	27	4	52	295	149
4	1	9	1	298	149
0	8	3	156	157	149
29	4	172	36	152	149
368	42	207	1	176	149
20	468	21	181	269	149
4	180	12	135	157	149
46	188	70	155	257	149
43	188	80	155	298	149
23	11	58	5	231	149
58	159	68	134	298	149
8	12	2	0	155	149
97	2	19	0	209	149
0	7	4	52	298	149
56	36	70	39	169	149
5	8	0	1	193	149
20	153	13	102	298	149
11	0	57	2	298	149
30	6	56	3	194	149
7	183	0	29	207	149
74	0	34	1	191	149
15	20	19	14	276	149
1	2	2	17	185	149
4	9	0	3	199	149
979	1	439	0	246	149
2	0	61	23	161	149
3	25	4	11	298	149
14	0	59	2	298	149
32	384	2	49	298	149
57	2	24	0	183	149
12	42	2	22	152	149
5235	2	559	0	298	149
10133	6	1204	8	298	149
21	0	23	1	153	149
12	21	0	12	243	149
40	0	1091	6	254	149
0	24	2	161	222	149
22	9	19	0	194	149
105	6	2	0	187	149
380	9261	7	121	187	149
0	18	8	52	170	149
0	2	17	0	191	149
121	128	40	58	298	149
9	16	9	30	161	149
0	27	4	14	298	149
0	27	4	14	298	149
3	60	0	83	160	149
2	5	0	24	291	149
0	16	1	11	278	149
303	2	12	0	161	149
101	7	2	0	298	149
629	61	8	0	207	149
231	41	9	0	216	149
723	41	15	0	234	149
1	148	0	39	154	149
0	15	11	327	163	149
0	7	3	17	262	149
2	0	82	7	213	149
37	73	57	52	282	149
1	102	8	61	155	149
34	1	943	0	275	149
4	1	2	4	298	149
38	1	9	0	217	149
0	4	6	0	298	149
433	3	195	0	209	149
243	12	32	0	250	149
10	0	443	2	236	149
10	0	519	5	287	149
0	24	1	26	192	149
3	62	2	20	228	149
1	0	0	2	158	149
7	10	18	5	179	149
3	9	12	26	284	149
0	20	3	15	166	149
47	0	91	1	161	149
15	4	8	0	158	149
43	109	0	3	224	149
9	109	0	3	166	149
168	1	78	0	298	149
19	42	31	38	164	149
33	135	18	66	177	149
4	109	0	15	177	149
78	2	19	0	153	149
58	42	1	16	298	149
3	0	3	2	260	149
77	2	55	4	154	149
0	14	8	134	281	149
6	0	63	27	244	149
465	10	65	0	154	149
25	4	2	2	154	149
0	58	11	444	287	149
1	8	0	32	179	149
2	35	3	10	248	149
2	4	3	2	155	149
1	72	0	26	159	149
40	175	63	485	215	149
0	5	2	25	242	149
0	4	33	21	298	149
4	2	3	1	298	149
41	7	15	2	298	149
0	15	3	123	244	149
200	6	62	4	167	149
754	12	4976	9	298	149
47	6	8	4	164	149
8	166	6	51	289	149
0	460	11	7456	279	149
68	435	200	6715	176	149
0	2	3	0	163	149
0	9	39	56	298	149
11	0	3	1	298	149
0	119	1	249	153	149
138	125	100	37	277	149
304	628	57	228	298	149
2	27	9	64	268	149
29	56	15	9	161	149
7	2	11	0	230	149
5	0	11	2	230	149
3	0	11	1	230	149
3	82	13	27	230	149
0	5	1	41	196	149
22	100	25	31	298	149
22	100	25	31	298	149
135	8	3	0	151	149
9	0	95	14	182	149
106	41	3	7	298	149
13	0	15	1	152	149
1	8	7	16	183	149
4	70	3	66	298	149
158	0	48	2	215	149
4	0	0	2	298	149
1	0	1	2	298	149
22	2	10	2	187	149
46	6	23	0	222	149
10	5	2	0	182	149
14	2	12	3	298	149
85	0	61	1	298	149
0	2	1	4	159	149
8	1568	21	1372	173	149
65	789	94	988	202	149
85	1	9	2	298	149
2	0	198	4	298	149
0	9	14	23	298	149
0	197	4	99	153	149
15	8	9	16	161	149
0	16	2	8	155	149
3	84	2	27	163	149
11	3	5	0	155	149
2	0	0	2	298	149
2	5	0	19	298	149
67	58	16	13	237	149
10	142	3	54	158	149
5	30	5	40	273	149
6	21	0	133	179	149
2586	1	1604	2	298	149
2729	5	1477	1	298	149
1	25	5	266	228	149
514	1	436	1	298	149
2	22	3	24	161	149
25	46	3	12	162	149
2	0	62	2	298	149
0	5	1	35	153	149
13	14	2	1	298	149
10	31	1	5	168	149
219	12	92	0	158	149
0	3	6	14	161	149
8	922	2	7	180	149
3	0	245	1	215	149
0	59	2	230	298	149
0	20	63	2087	298	149
2	12	0	5	194	149
0	11	1	8	220	149
1	2	6	5	167	149
3	41	0	17	167	149
4	285	2	96	174	149
1	0	4	74	298	149
7	0	49	1	298	149
2	86	0	19	298	149
22	137	6	181	200	149
0	2	1	15	188	149
194	0	419	2	298	149
639	6	169	0	195	149
2	0	3	2	298	149
13	86	6	49	173	149
284	4	48	0	153	149
6	210	8	113	242	149
90	7	71	0	151	149
4	32	2	14	153	149
6	2	8	27	298	149
6	2	13	27	225	149
6	2	12	4	179	149
208	1	176	0	153	149
220	29	174	12	153	149
0	6	4	13	167	149
0	2	9	170	298	149
202	3	90	0	230	149
0	6	2	39	189	149
26	5	34	0	298	149
4	5	54	11	170	149
0	625	1	290	153	149
3	0	66	1	152	149
0	2	4	1	207	149
0	76	4	84	207	149
15	3	25	0	179	149
24	3	38	0	200	149
22	3	39	0	203	149
11	2	19	6	170	149
9	2	20	6	173	149
0	2	1	0	152	149
0	23	6	15	153	149
2	0	6	8	288	149
13	1	100	6	176	149
1	0	0	5	298	149
151	7	86	4	292	149
3	48	2	12	298	149
4	84	2	1438	164	149
0	5	1	3	199	149
114	10	25	0	188	149
2	1	2	3	161	149
90	3	16	0	164	149
2	50	4	31	230	149
0	46	3	34	153	149
354	208	34	13	196	149
12	2	43	9	245	149
6	63	3	3	160	149
13	39	0	9	235	149
1	11	1	7	262	149
2	25	1	4	175	149
420	12	84	8	271	149
3	3	2	1	259	149
200	0	128	3	298	149
24	35	14	20	167	149
2	2	0	1	200	149
6	84	0	5	178	149
46	10	38	7	263	149
1	72	0	9	153	149
115	0	133	1	298	149
2	225	2	170	202	149
402	2	191	0	298	149
6	9	7	4	204	149
1482	0	5711	9	209	149
1	0	0	18	298	149
24	1	31	0	298	149
58	2	48	0	181	149
101	3	60	4	298	149
1	6	4	5	298	149
0	7	3	35	153	149
46	0	134	2	179	149
23	0	135	7	298	149
148	1	71	0	158	149
369	7	265	2	298	149
21	72	8	27	267	149
0	1	1	0	263	149
277	4	231	2	298	149
279	4	232	2	298	149
6	4	3	2	151	149
2	113	3	84	173	149
1	79	0	106	167	149
197	4	73	1	298	149
4	0	19	2	179	149
170	5318	3	382	157	149
41	65	0	1	157	149
46	40	0	4	157	149
7	0	51	8	162	149
7	0	15	4	298	149
5	0	16	4	298	149
0	2	1	0	152	149
0	14	8	62	298	149
46	2	6	0	298	149
145	0	67	2	298	149
127	1	77	0	292	149
2	0	4	16	158	149
22	38	8	16	164	149
91	2	35	3	260	149
10	473	1	287	161	149
160	1	57	0	298	149
338	1	374	2	152	149
2	0	0	2	298	149
7	97	7	49	298	149
286	8	72	4	153	149
20	14	7	5	166	149
0	38	61	115	218	149
4	0	1	2	298	149
149	4	40	2	257	149
12	1528	13	2192	298	149
6	1876	1	1909	153	149
3144	48	2547	32	298	149
1	33	0	43	166	149
116	2	283	0	186	149
105	2	245	1	298	149
12	0	62	2	186	149
116	0	305	2	298	149
2	18	2	198	298	149
95	3	205	0	298	149
1	12	5	83	168	149
33	34	22	26	193	149
2	44	6	46	189	149
35	531	9	111	298	149
2	40	0	21	153	149
28	49	12	9	186	149
37	109	2	10	221	149
4	0	46	3	199	149
3	10	2	12	281	149
0	13	4	43	286	149
0	68	4	42	153	149
8	286	4	158	212	149
2	3277	9	3183	298	149
0	3277	9	3183	271	149
4129	0	2404	2	222	149
11296	0	8416	2	298	149
9878	3	6414	2	187	149
96	2	25	0	296	149
7	322	2	112	177	149
0	2	25	1	249	149
9	0	27	4	249	149
3	3	6	8	298	149
3	10	6	26	298	149
20	5	24	12	153	149
8	0	78	2	215	149
0	93	2	703	298	149
4	0	236	1	190	149
25	86	42	98	298	149
78	11	24	4	236	149
8	115	2	153	298	149
49	11	78	32	184	149
49	3244	70	4253	234	149
0	2	2	247	298	149
9	646	2	362	187	149
20	2	50	0	298	149
8	0	7	1	154	149
8	87	0	4	298	149
2	0	5	5	298	149
60	8	20	0	298	149
7	68	0	18	194	149
2	7	2	0	193	149
17	2	15	2	298	149
1	11	2	28	298	149
0	30	2	32	227	149
93	1	155	0	298	149
2	28	0	13	161	149
12	0	40	1	153	149
19	329	4	148	163	149
2	3	0	34	298	149
2	6	0	3	298	149
6	167	2	51	153	149
1	57	0	28	158	149
5	1	1	2	298	149
5	1	1	2	298	149
0	4	1	19	298	149
0	1	1	19	178	149
1	29	2	32	216	149
1	29	10	32	156	149
91	0	136	1	298	149
7	47	2	11	298	149
139	6	71	0	218	149
8	214	6	158	250	149
1	0	1	1	298	149
99	4	58	0	209	149
0	114	2	999	198	149
6	0	8	2	161	149
120	5	43	0	235	149
4	12	2	4	201	149
2	0	6	2	267	149
2	33	1	54	167	149
0	5	1	62	162	149
276	4	166	0	275	149
9	25	14	45	298	149
0	16	1	59	153	149
5	23	3	5	164	149
0	53	2	21	289	149
2	7	0	2	162	149
0	46	13	97	153	149
114	53	12	25	298	149
177	53	71	33	161	149
0	5	1	2	209	149
4	13	0	9	292	149
61	0	112	2	298	149
2	3	2	0	153	149
0	51	7	398	199	149
1	89	0	38	178	149
1	43	0	96	298	149
53	0	16	4	298	149
76	52	19	26	158	149
44	35	32	23	197	149
14	0	135	45	227	149
0	23	3	114	184	149
757	0	966	1	266	149
19	2	9	0	298	149
1	1	2	4	268	149
0	18	1	13	188	149
8352	2	4932	1	154	149
1	86	0	6	167	149
599	13	121	1	202	149
265	4	52	0	228	149
75	1	17	0	228	149
14	67	3	24	198	149
11	8	2	4	198	149
0	18	4	1225	298	149
295	4	138	0	298	149
187	5	126	1	152	149
2	8	10	8	191	149
6	24	3	15	159	149
3	28	2	19	298	149
15	2	154	0	298	149
0	127	1	65	153	149
37	2	11	3	171	149
2	0	2	1	298	149
6	10	15	11	298	149
3261	1	1073	0	251	149
18	38	14	28	285	149
0	2	1	33	161	149
247	16	76	5	176	149
6	222	0	2	153	149
3	285	2	3	298	149
2	3	0	4	263	149
1	0	12	1	298	149
21	822	5	205	153	149
0	569	3	316	298	149
1	4	0	33	160	149
3	0	6	2	195	149
6	0	39	2	184	149
221	0	367	1	248	149
1	13	1	11	253	149
1	3	1	36	164	149
2	0	29	1	204	149
7	1	12	0	266	149
7	1	6	0	298	149
7	7	7	12	216	149
10	291	7	133	187	149
62	0	310	3	298	149
245	2	1844	14	298	149
369	6	3615	30	257	149
27	0	242	2	298	149
2	0	8	1	158	149
0	2	1	0	158	149
421	18	227	6	177	149
5	2	18	19	298	149
2	33	2	120	192	149
0	33	2	120	195	149
2	88	2	121	153	149
2	0	0	1	298	149
4	0	2	2	240	149
21	0	15	1	155	149
22	5	15	3	159	149
1	5	1	3	153	149
2	13	2	13	172	149
5	4	6	31	179	149
7	208	11	141	298	149
21	0	149	2	298	149
1	208	1	141	193	149
21	0	149	2	295	149
229	0	289	2	251	149
16	0	91	2	221	149
31	0	183	2	151	149
0	14	3	180	259	149
2	0	3	6	219	149
2	3	0	1	164	149
8	40	1	94	207	149
17	85	5	133	234	149
0	174	5	166	267	149
0	2	3	0	155	149
45	9	10	0	155	149
24	119	9	47	238	149
45	4	16	1	221	149
255	2	230	0	298	149
37	15	37	12	239	149
7	170	6	83	236	149
32	35	9	22	287	149
1	85	2	135	230	149
3	36	1	135	195	149
2	53	8	67	162	149
1	2	6	1	193	149
89	2	61	1	298	149
6	0	21	10	281	149
443	2	95	0	298	149
35	2	8	0	298	149
33	0	14	1	298	149
0	27	2	18	278	149
2	1	0	3	162	149
83	447	161	2484	285	149
3	121	2	16	239	149
30	78	10	18	298	149
0	5	25	56	298	149
1	16	2	10	156	149
6	14	9	12	157	149
0	2	1	13	231	149
170	4	316	3	197	149
2	70	3	19	175	149
6	54	0	4	227	149
0	2	4	5	298	149
251	388	82	142	190	149
2	4	0	6	175	149
131	16215	12	1399	200	149
79	3	35	6	298	149
34	2788	6	937	164	149
5	0	0	1	218	149
10	59	8	29	277	149
2	0	7	1	298	149
77	16	57	32	292	149
0	81	2	48	175	149
21	2	26	0	207	149
12	0	15	2	152	149
20	0	21	1	298	149
0	5	5	523	233	149
6	0	18	1	298	149
2	0	12	1	298	149
1	0	0	4	155	149
1	0	7	3	274	149
11	4146	6	2950	202	149
11	3	17	1	159	149
5	18	5	7	162	149
80	2	64	2	291	149
26	0	16	5	152	149
181	6	59	0	298	149
54	6	25	0	298	149
396	2	181	0	298	149
414	1	216	0	298	149
40	267	24	325	197	149
1	1	2	0	298	149
9	12	0	2	176	149
2	12	0	2	166	149
1	13	6	11	158	149
348	26	47	7	298	149
34	7	12	0	241	149
5	0	25	6	298	149
305	218	89	70	161	149
4	6	15	37	268	149
0	2	3	47	180	149
7	88	11	111	160	149
1	8	0	9	196	149
31	3	14	0	261	149
3	207	4	278	158	149
1	0	5	29	160	149
528	70	5	0	288	149
0	4	5	43	298	149
4	4	30	43	170	149
0	8	5	35	187	149
2	0	548	8	153	149
1	1	5	23	298	149
0	58	15	55	242	149
0	1	1	38	298	149
1	28	2	98	246	149
0	28	2	98	268	149
0	28	2	98	298	149
2	25	2	5	298	149
0	2	2	97	166	149
0	2	4	97	172	149
63	6	100	47	298	149
87	0	36	4	172	149
88	2	26	0	232	149
4	1	7	0	197	149
370	2	24	0	298	149
195	77	46	12	173	149
110	0	27	4	154	149
7	96	2	24	184	149
1573	21	1137	17	202	149
56	430	72	360	219	149
6	70	16	27	152	149
1	75	2	33	155	149
0	90	2	20	170	149
79	12	18	2	193	149
237	0	367	1	298	149
11	181	86	350	167	149
79	94	2	0	207	149
59	7	2	0	194	149
10	2	116	0	172	149
2	5	149	38	266	149
0	25	1	65	208	149
2	2	8	43	218	149
2	13	1	11	163	149
357	0	1725	1	163	149
16	2	4	0	171	149
0	2	4	11	298	149
37	370	17	146	298	149
41	1	27	3	261	149
17	284	12	101	153	149
11	10	4	8	298	149
8	269	4	83	298	149
1	76	5	1350	237	149
0	4	1	44	298	149
6	45	1	42	213	149
2	32	4	34	165	149
54	13	63	26	206	149
276	8744	11	486	298	149
16906	2	579	0	298	149
3194	5	178	0	210	149
14978	4	561	0	210	149
4	9	7	17	211	149
13	6	12	3	298	149
0	6	5	3	218	149
2159	167	131	4	246	149
1	148	1	368	298	149
0	5	1	126	298	149
60	0	357	21	298	149
13	0	117	1	298	149
19	0	2	2	153	149
6	31	0	4	208	149
8	93	1	11	217	149
1	145	0	41	165	149
258	0	37	1	153	149
0	33	11	874	207	149
34	1	18	0	186	149
0	1	2	17	153	149
66	2	53	0	298	149
1	0	26	2	186	149
67	2	70	0	298	149
66	2	55	0	298	149
15	2	12	0	187	149
9	35	7	48	298	149
3	92	0	20	158	149
0	46	3	31	298	149
0	65	1	40	153	149
435	1	2420	0	298	149
1	0	54	2	298	149
3	175	64	2960	298	149
2	0	682	7	298	149
1	16	0	4	241	149
1	10	0	60	298	149
9	4	4	4	230	149
119	836	197	1177	162	149
0	20	5	22	268	149
0	1	19	36	191	149
7	37	0	52	229	149
0	10	1	58	163	149
172	0	434	2	298	149
281	4	522	3	298	149
53	1	45	0	298	149
326	1	529	3	298	149
353	2	610	0	298	149
44	2	97	0	188	149
197	121	423	184	188	149
14	17	1	0	163	149
64	31	7	2	298	149
2	10	2	0	164	149
16	0	11	2	259	149
0	4	61	12	194	149
54	2	95	0	176	149
6	6	3	11	237	149
3	0	0	2	171	149
284	2	112	3	298	149
423	1	194	0	298	149
621	95	146	24	199	149
641	1	277	2	298	149
591	8	289	4	298	149
197	8	122	4	222	149
85	34	54	22	214	149
234	93	117	69	214	149
182	9	85	10	298	149
19	8	24	0	167	149
9	8	1	0	218	149
13	0	139	1	184	149
6	2	3	0	236	149
20	2	9	4	160	149
21	5	1	0	175	149
82	3	41	0	163	149
4	2	5	0	233	149
0	38	2	10	298	149
0	38	2	10	298	149
11	2	2	2	213	149
607	2	90	0	212	149
10	63	15	52	253	149
0	74	6	66	257	149
23	0	34	15	158	149
2	39	4	44	164	149
24	620	4	611	259	149
649	5	329	1	183	149
1	0	9	17	298	149
12	2	23	0	298	149
6	0	6	6	161	149
3	0	6	6	234	149
5	0	5	6	240	149
0	3	5	5	222	149
2	3	4	5	228	149
2	0	0	1	155	149
57	2	32	2	210	149
236	2	139	2	214	149
72	2	37	2	235	149
8	172	3	105	170	149
18	0	2	4	267	149
0	1	6	2	185	149
0	112	1	243	164	149
157	0	977	3	298	149
6	8	4	6	166	149
4	0	0	8	193	149
70	10	49	2	295	149
0	2	4	177	282	149
2	306	10	646	165	149
2	13	0	1	185	149
2	0	96	4	298	149
37	0	20	2	298	149
3	44	1	133	215	149
14	38	19	140	298	149
0	75	1	85	159	149
14	83	12	80	163	149
1	22	2	2	239	149
19	37	4	12	153	149
10	10	30	28	274	149
216	5	94	2	208	149
48	5	11	2	214	149
2	170	0	83	155	149
47	0	79	4	298	149
259	0	749	1	166	149
2	1	23	0	195	149
4	58	0	23	298	149
11	155	8	214	254	149
817	4	179	0	298	149
5	948	11	174	298	149
2	7	4	10	227	149
1	0	4	2	227	149
12	29	13	18	298	149
1	99	0	32	153	149
13	82	17	36	298	149
25	78	13	28	180	149
22	234	30	208	180	149
19	3	2	1	154	149
492	1	132	0	298	149
0	1	2	181	298	149
5	16	0	10	152	149
1	2	9	0	187	149
8	20	5	19	153	149
99	28	40	9	191	149
494	1	47	0	154	149
2	0	1	76	257	149
50	1	26	1	187	149
27	0	124	1	298	149
36	0	125	3	167	149
4	52	1	67	156	149
0	3	3	76	298	149
2	13	1	7	162	149
8	5	26	1	293	149
46	21	26	9	158	149
14	6	9	0	282	149
0	6	39	25	182	149
2	46	61	114	182	149
0	2	4	0	261	149
0	2	16	10	184	149
6	9	1	4	258	149
229	7	116	2	193	149
1	0	502	15	236	149
46	715	8	168	180	149
807	2	163	0	298	149
449	1	187	1	180	149
4	6	113	11	298	149
2	6	2	11	298	149
0	6	2	11	298	149
0	6	2	11	238	149
18	6	10	9	173	149
67	69	6	7	232	149
40	328	5	35	269	149
7	10	30	8	298	149
37	0	34	5	298	149
0	40	2	198	158	149
616	2	304	3	290	149
12	1	15	2	182	149
6	0	2	3	254	149
16	22	5	2	218	149
11	32	22	46	164	149
403	0	98	3	165	149
1	92	10	2552	276	149
43	297	27	91	298	149
1	24	3	69	169	149
0	1	3	2	153	149
11	5	7	5	153	149
7	5	13	13	174	149
2	5	0	12	165	149
2	5	0	12	161	149
4	0	17	5	298	149
1	77	2	37	236	149
0	3	14	88	172	149
0	91	2	58	211	149
80	0	55	2	298	149
1	78	0	12	298	149
23	0	20	2	160	149
1	86	4	22	159	149
1014	9	16	0	253	149
697	21	22	0	298	149
63	0	80	1	298	149
781	0	262	3	298	149
1	26	2	35	298	149
9	8	1	0	152	149
1699	1	901	1	156	149
1907	1	1314	0	151	149
2	232	2	128	170	149
78	0	22	2	153	149
53	87	17	66	225	149
0	70	2	65	246	149
2	107	0	39	218	149
0	20	2	21	168	149
25	14	8	14	155	149
2	0	708	1	206	149
0	46	2	50	211	149
0	2	4	3	267	149
0	2	4	3	298	149
0	2	4	3	298	149
2	0	9	98	298	149
29	48	0	34	296	149
146	4	100	0	298	149
3	0	10	10	176	149
63	6	96	5	298	149
6	2	11	1	273	149
8	117	0	22	153	149
2	462	5	276	196	149
4	79	2	46	173	149
1	125	16	286	298	149
2	15	2	22	188	149
12	8	30	5	161	149
2	12	0	4	296	149
2	10	0	1	211	149
2	0	28	2	177	149
0	6	3	92	162	149
4	0	122	6	298	149
5	5	21	18	298	149
0	2	1	3	271	149
4	2	6	6	261	149
46	0	14	2	298	149
4	4	1	2	194	149
1	50	8	131	269	149
2	40	2	18	156	149
1	40	2	18	190	149
0	1	2	2	183	149
104	0	638	1	203	149
1128	0	1305	1	298	149
8	0	8	5	298	149
0	60	1	2	298	149
3	0	27	10	298	149
2	0	75	10	164	149
38	4	124	18	217	149
7	0	4	1	188	149
12	0	38	3	194	149
320	45	189	27	298	149
0	1	41	0	204	149
195	10	63	9	153	149
88	10	125	9	298	149
88	195	122	60	294	149
25	1	4	0	222	149
30	1516	9	297	298	149
1	119	0	55	175	149
29	0	270	2	160	149
0	7	1	16	298	149
2	0	42	3	183	149
71	1	141	1	298	149
0	3	7	0	177	149
1	3	12	0	224	149
0	4	7	0	177	149
17	34	3	5	158	149
0	61	2	48	191	149
6	127	4	71	211	149
13	218	20	317	257	149
30	4	18	6	298	149
0	2	4	101	298	149
3	2	8	4	158	149
44	14	42	20	158	149
1	0	4	3	193	149
0	4	1	6	298	149
0	4	1	34	179	149
2	5	2	20	232	149
0	5	1	4	298	149
5	0	5	1	161	149
21	6	69	10	152	149
1	43	2	45	289	149
2	583	30	2559	298	149
49	10	36	7	212	149
20	2	16	0	212	149
11	0	49	1	192	149
0	18	2	24	203	149
0	2	1	6	154	149
2	27	0	25	163	149
3	0	31	1	173	149
4	2	14	10	206	149
26	5	4	14	298	149
25	2	11	0	178	149
1	0	6	29	298	149
0	31	3	71	167	149
41	1	48	0	153	149
439	7	30	0	233	149
0	3	1	20	154	149
2	12	1	31	268	149
0	2	4	10	192	149
4	0	3	3	178	149
2	9	2	87	298	149
4	0	204	2	298	149
0	39	3	34	167	149
13	0	13	2	168	149
22	41	2	6	249	149
42	132	9	49	298	149
67	132	13	49	200	149
33	50	14	26	298	149
17	0	132	7	263	149
35	1058	17	652	298	149
420	130	273	46	298	149
4	0	8	1	251	149
3	1	0	6	153	149
5	9	0	2	191	149
22	3	3	0	283	149
9	3	6	0	172	149
20	6	13	4	158	149
5	0	5	1	167	149
8	291	2	66	298	149
9	0	74	4	176	149
0	2	10	56	185	149
2	0	13	2	278	149
0	4	4	6	161	149
48	2	281	0	212	149
0	2	2	98	153	149
1	0	14	3	253	149
6	3	3	5	173	149
8	7	3	1	173	149
6	59	3	21	171	149
44	59	13	21	222	149
39	1	10	0	200	149
36	12	16	26	222	149
11	104	6	56	171	149
59	104	37	56	222	149
54	6	34	3	200	149
36	15	11	9	222	149
0	4	3	50	298	149
1	126	2	33	298	149
12	172	7	182	265	149
0	3	9	3	298	149
0	8	3	43	215	149
40	0	125	3	254	149
2	17	1	30	178	149
55	0	188	1	153	149
0	14	10	100	298	149
15	0	574	1	186	149
14	0	226	1	298	149
11	8	56	393	298	149
2	25	0	3	298	149
1	181	0	25	167	149
189	219	13	66	161	149
0	2	2	3	298	149
2	0	0	2	189	149
0	2	13	245	158	149
52	2	72	5	238	149
9	2	3	1	171	149
86	11	12	2	171	149
4	10	2	4	152	149
6	41	9	46	152	149
11	1	13	0	168	149
0	2	3	29	161	149
2191	4	2683	0	196	149
449	0	463	10	169	149
9	0	1102	4	298	149
4	28	0	12	298	149
0	2	1	11	298	149
254	1	175	2	153	149
14	0	3	1	159	149
1	0	8	2	156	149
453	4	90	1	252	149
280	13	224	9	171	149
5	90	1	42	240	149
6	90	1	42	218	149
1	12	0	9	298	149
1	12	0	9	159	149
74	2	26	0	194	149
667	0	168	2	298	149
1	425	2	111	231	149
1	9	0	7	153	149
2	20	3	67	213	149
14	2	2	0	157	149
2	39	0	31	153	149
3	0	51	13	219	149
40	0	155	1	153	149
897	2	1182	0	270	149
2	0	85	3	298	149
88	1	61	0	182	149
226	5	107	0	298	149
10	2	7	4	246	149
0	2	1	4	153	149
9	0	7	2	246	149
159	0	205	2	195	149
2	2	66	19	227	149
2	1008	0	542	164	149
21	1	11	0	298	149
0	6	2	35	152	149
1218	25	4853	28	298	149
30	0	41	2	298	149
0	13	23	66	161	149
69	398	14	233	155	149
50	2	29	2	298	149
0	12	1	27	166	149
2	15	2	7	179	149
3	6	2	5	230	149
16	6	7	5	200	149
60	20	26	3	298	149
212	0	481	5	153	149
0	6	3	7	257	149
0	6	3	7	183	149
13	7	8	2	153	149
0	20	2	24	283	149
32	39	9	5	298	149
6	1116	1	384	158	149
1	1116	0	384	153	149
55	5	16	1	280	149
44	7	15	1	152	149
75	30	41	13	239	149
38	30	27	13	236	149
10	61	11	35	158	149
4	4	3	3	158	149
1	6	2	5	298	149
3927	4	2859	0	151	149
2502	0	2527	1	158	149
4	4	3	10	153	149
0	57	4	36	160	149
57	108	22	48	155	149
4	6	2	8	268	149
1	6	5	8	298	149
1	4	7	0	200	149
138	1	143	4	192	149
3	0	5	75	236	149
2	0	84	6	164	149
2	32	8	83	286	149
0	5	23	87	298	149
26	1	51	0	185	149
2	138	0	122	173	149
0	15	1	10	154	149
6	3	1	0	161	149
2	18	0	7	152	149
1469	1	104	0	153	149
23	17	12	12	173	149
13	42	2	31	298	149
2	42	0	29	180	149
36	9	25	2	298	149
28	9	23	2	298	149
16	17	15	8	298	149
15	4	12	0	298	149
54	11	37	6	153	149
2	10	2	19	162	149
46	4	30	1	298	149
45	1	62	0	156	149
25	8	132	31	155	149
0	3	1	33	294	149
1	3	2	0	217	149
1	3	2	0	271	149
6	0	57	1	185	149
2	0	0	10	227	149
4	2	7	15	298	149
40	75	3	27	153	149
15	79	7	32	296	149
3	12	1	5	204	149
2	15	0	5	227	149
5	5	4	0	232	149
174	3	39	0	164	149
2	0	8	1	174	149
7	1	3	0	207	149
2	0	2	2	298	149
2	0	1	2	172	149
4	6	4	3	224	149
68	30	1	0	298	149
5	194	6	112	153	149
207	1	167	0	298	149
0	2	1	254	153	149
0	18	3	50	298	149
2	8	0	4	165	149
5	74	1	12	165	149
158	284	8	1	254	149
0	15	3	22	197	149
3	66	3	70	199	149
5	74	0	19	216	149
10	186	1	87	184	149
37	2	36	4	217	149
85	3	59	0	298	149
61	35	5	39	298	149
37	2	40	0	298	149
88	1	39	2	298	149
3	33	0	15	274	149
2	94	0	44	261	149
2	15	0	12	165	149
2	5	0	3	170	149
15	5	12	3	154	149
0	7	4	13	295	149
3	0	64	2	256	149
0	3	8	57	189	149
5	47	4	34	188	149
102	9	5	0	298	149
0	3	2	0	298	149
15	0	13	2	175	149
41	746	74	1017	164	149
28	331	14	146	298	149
29	59	16	8	298	149
692	1	671	3	298	149
1	0	16	4	233	149
9	0	57	2	170	149
2	3	2	4	182	149
0	4	5	57	156	149
2	222	14	702	179	149
3	222	60	702	280	149
3	0	60	10	250	149
3	19	17	36	161	149
11	583	2	236	298	149
173	1	64	2	218	149
5	0	8	5	298	149
27	9	6	2	298	149
3	1	0	1	298	149
3	4	0	8	153	149
17	30	19	36	158	149
0	30	1	36	162	149
21	40	0	15	196	149
42	11	33	2	154	149
653	3	332	0	164	149
1	204	1	66	160	149
2	0	90	1	186	149
18	322	4	92	170	149
14	0	22	1	298	149
2	2	7	0	298	149
257	1	57	0	298	149
0	2	4	2	234	149
291	1	71	0	298	149
3	0	1	7	187	149
1	0	38	1	191	149
0	2	2	0	256	149
593	8	203	0	166	149
520	2	202	0	298	149
26	63	1	18	162	149
127	2	98	2	154	149
39	1225	9	440	274	149
174	1126	57	956	298	149
8	0	15	2	298	149
49	40	19	13	155	149
5	0	4	6	164	149
20	0	79	1	298	149
4	0	11	1	298	149
0	16	5	68	251	149
6	68	25	59	298	149
0	2	1	1	181	149
7	2	1194	8	190	149
12	896	46	4538	160	149
267	107	121	37	173	149
0	3	22	207	193	149
2	0	11	3	287	149
32	2	71	1	233	149
2	0	8	44	229	149
516	1	95	0	239	149
5	0	17	2	196	149
2	112	0	32	163	149
2	82	0	28	153	149
0	4	1	84	298	149
19	1307	9	572	153	149
6	14	1	0	201	149
125	31	922	80	202	149
11	2153	7	2964	159	149
1218	2	2251	0	298	149
9	62	4	43	291	149
24	2	81	0	229	149
49	57	10	19	158	149
0	1	3	0	168	149
6	2	0	2	160	149
13	138	10	66	160	149
0	2	2	31	298	149
