ID
8
9
10
11
12
13
14
20
21
22
23
24
25
26
30
34
35
36
37
43
44
45
46
48
49
50
60
61
62
63
65
66
69
70
71
72
73
74
75
76
79
80
81
83
84
86
94
104
105
106
107
108
109
113
125
126
127
128
129
130
135
137
140
141
144
147
148
149
159
160
166
167
168
172
173
174
175
178
179
181
191
192
196
197
204
205
206
207
214
215
216
217
219
224
226
227
240
241
242
243
244
249
251
252
253
257
266
267
268
269
272
273
274
275
276
278
279
281
282
283
284
285
286
287
288
289
290
291
292
304
305
307
317
318
322
330
336
340
341
343
344
345
347
348
349
350
351
353
354
355
356
357
358
364
365
366
367
369
370
371
372
373
374
381
382
383
384
385
387
388
389
390
391
392
393
396
397
398
399
400
401
402
403
404
405
406
407
411
412
413
414
415
416
417
418
419
421
422
423
424
428
429
432
433
437
442
443
444
445
446
447
448
449
451
452
453
455
456
458
460
461
462
463
464
465
466
467
468
469
470
472
475
476
477
482
485
486
487
488
490
491
493
494
497
498
500
501
502
505
506
507
508
509
510
511
512
513
514
515
516
517
518
520
522
525
526
527
534
535
536
537
538
539
540
541
542
544
547
548
549
551
552
553
555
557
558
559
560
564
565
566
572
573
574
575
576
577
578
579
583
584
585
586
588
598
599
601
608
609
610
612
614
615
616
617
619
620
630
632
633
634
635
637
638
639
640
641
644
645
648
650
651
654
655
656
657
658
659
660
665
666
667
668
670
672
673
677
678
682
683
686
688
689
690
691
692
693
696
697
699
704
707
708
709
710
711
712
713
714
717
719
720
721
722
723
724
725
726
727
728
730
733
734
736
737
744
745
746
747
748
749
750
751
752
753
755
757
758
759
760
762
763
764
765
766
767
768
769
770
771
772
773
774
775
776
777
778
780
782
783
784
785
786
787
788
789
790
791
794
795
796
797
798
801
802
805
806
807
808
809
810
811
812
813
814
815
816
818
819
820
821
822
824
825
826
828
829
830
833
835
839
840
841
846
852
853
854
859
860
861
862
864
865
866
868
869
870
872
873
874
875
876
877
878
881
882
883
884
885
887
888
889
893
894
895
896
897
898
899
900
901
902
903
904
905
906
908
909
910
911
913
916
917
918
919
921
923
924
929
930
931
935
936
937
938
939
942
945
946
947
948
949
952
953
954
955
958
959
963
964
965
967
968
969
970
971
972
973
974
975
976
977
978
979
980
981
982
983
986
990
991
995
996
1000
1003
1006
1010
1014
1015
1016
1017
1018
1019
1020
1021
1022
1023
1024
1025
1026
1027
1028
1029
1030
1031
1033
1034
1035
1040
1041
1043
1044
1045
1046
1047
1048
1049
1054
1068
1069
1070
1071
1072
1073
1074
1075
1076
1077
1078
1079
1080
1082
1084
1085
1086
1087
1088
1089
1092
1093
1094
1096
1097
1100
1104
1105
1106
1114
1116
1117
1118
1121
1122
1132
1136
1137
1139
1140
1141
1142
1143
1168
1169
1170
1171
1173
1174
1175
1176
1178
1179
1185
1186
1189
1190
1191
1192
1193
1198
1200
1201
1202
1203
1205
1207
1211
1212
1213
1214
1217
1218
1219
1220
1221
1222
1223
1224
1225
1233
1236
1237
1238
1239
1240
1241
1242
1243
1244
1245
1246
1247
1248
1249
1251
1252
1254
1255
1259
1264
1265
1267
1268
1269
1272
1273
1274
1275
1277
1278
1279
1280
1282
1283
1284
1285
1286
1287
1288
1289
1290
1291
1292
1295
1303
1304
1305
1307
1312
1313
1314
1315
1316
1317
1318
1319
1320
1321
1322
1329
1330
1332
1333
1334
1335
1336
1337
1339
1340
1341
1342
1343
1347
1349
1350
1351
1352
1353
1354
1355
1356
1357
1360
1362
1363
1364
1365
1368
1369
1373
1374
1375
1377
1378
1379
1380
1381
1382
1383
1384
1385
1386
1388
1389
1390
1391
1392
1393
1394
1395
1396
1397
1400
1402
1403
1404
1405
1407
1410
1411
1412
1417
1420
1421
1422
1423
1431
1432
1433
1434
1435
1436
1437
1438
1440
1441
1442
1443
1445
1449
1451
1452
1454
1455
1456
1457
1458
1461
1462
1464
1465
1466
1468
1470
1471
1472
1473
1474
1475
1482
1483
1484
1485
1486
1487
1488
1489
1493
1494
1495
1497
1498
1499
1508
1509
1510
1511
1512
1513
1515
1518
1519
1520
1521
1522
1523
1524
1525
1526
1527
1528
1531
1532
1533
1534
1535
1536
1537
1539
1540
1541
1542
1546
1547
1548
1549
1553
1554
1555
1556
1557
1558
1559
1560
1561
1563
1564
1565
1566
1567
1568
1569
1570
1572
1573
1574
1575
1576
1577
1578
1579
1580
1581
1582
1584
1585
1586
1587
1589
1595
1596
1597
1598
1599
1600
1601
1602
1604
1606
1607
1608
1609
1610
1611
1612
1613
1618
1619
1620
1621
1622
1623
1624
1628
1631
1640
1641
1642
1643
1644
1645
1646
1647
1651
1652
1653
1654
1655
1656
1660
1662
1663
1664
1666
1669
1670
1673
1674
1675
1676
1677
1678
1680
1682
1683
1684
1685
1686
1687
1688
1689
1690
1691
1692
1693
1694
1700
1708
1709
1710
1711
1712
1713
1714
1715
1716
1717
1718
1719
1720
1725
1726
1727
1728
1729
1730
1732
1733
1734
1737
1738
1739
1741
1745
1746
1747
1748
1749
1752
1753
1754
1755
1756
1757
1758
1759
1760
1761
1772
1773
1775
1776
1783
1784
1786
1787
1789
1790
1791
1792
1793
1795
1796
1797
1798
1799
1800
1801
1802
1805
1806
1807
1808
1809
1837
1841
1843
1844
1846
1847
1848
1849
1850
1851
1852
1853
1854
1858
1859
1860
1861
1862
1863
1870
1871
1874
1875
1876
1877
1879
1881
1885
1887
1888
1889
1890
1891
1892
1893
1894
1895
1896
1897
1898
1899
1900
1901
1902
1903
1904
1906
1907
1908
1909
1910
1911
1914
1915
1916
1917
1919
1921
1922
1923
1924
1925
1926
1928
1930
1931
1932
1935
1937
1939
1940
1951
1952
1953
1954
1957
1958
1959
1960
1967
1968
1969
1970
1971
1972
1973
1974
1975
1979
1980
1981
1982
1983
1984
1985
1986
1987
1993
1994
1995
1996
1997
1998
1999
2000
2001
2002
2004
2005
2006
2007
2008
2009
2010
2011
2012
2013
2016
2017
2019
2020
2021
2022
2023
2024
2025
2026
2028
2029
2030
2032
2033
2034
2035
2036
2037
2038
2039
2040
2041
2042
2043
2044
2046
2047
2048
2049
2051
2052
2055
2056
2058
2060
2061
2062
2063
2065
2066
2067
2069
2071
2073
2074
2075
2080
2081
2082
2083
2084
2085
2086
2087
2088
2090
2091
2092
2093
2094
2095
2098
2099
2100
2101
2102
2103
2104
2105
2106
2107
2111
2112
2113
2114
2115
2116
2117
2118
2119
2120
2121
2122
2124
2125
2126
2127
2128
2129
2130
2131
2132
2133
2137
2140
2141
2143
2144
2146
2147
2149
2150
2151
2152
2153
2156
2157
2158
2161
2163
2164
2165
2166
2167
2173
2174
2175
2176
2178
2179
2180
2181
2182
2183
2184
2185
2186
2191
2194
2195
2196
2197
2203
2206
2207
2208
2209
2210
2211
2230
2231
2232
2233
2317
2318
2319
2320
2321
2322
2323
2324
2325
2326
2327
2328
2329
2330
2331
2332
2333
2334
2335
2337
2338
2339
2340
2341
2343
2344
2345
2346
2347
2348
2349
2350
2352
2353
2354
2355
2357
2359
2361
2362
2364
2365
2366
2367
2368
2369
2371
2372
2373
2375
2377
2378
2379
2381
2382
2383
2384
2385
2386
2388
2391
2392
2393
2394
2395
2397
2398
2399
2400
2401
2402
2403
2404
2407
2410
2411
2412
2413
2414
2416
2417
2419
2422
2423
2425
2426
2427
2428
2429
2430
2431
2433
2435
2438
2439
2440
2441
2443
2444
2448
2449
2450
2451
2452
2453
2454
2455
2456
2457
2458
2460
2463
2464
2465
2466
2467
2468
2473
2474
2475
2477
2478
2480
2481
2495
2504
2505
2506
2507
2508
2509
2510
2511
2512
2513
2514
2515
2516
2517
2518
2519
2520
2521
2522
2523
2525
2528
2529
2530
2537
2538
2539
2540
2542
2545
2546
2547
2548
2549
2550
2551
2552
2553
2554
2556
2557
2559
2560
2561
2562
2563
2564
2565
2566
2567
2568
2571
2572
2573
2574
2575
2578
2581
2582
2583
2584
2585
2586
2587
2588
2589
2590
2593
2595
2596
2600
2601
2614
2615
2616
2619
2620
2621
2622
2625
2626
2628
2629
2631
2632
2634
2637
2639
2640
2641
2642
2643
2644
2646
2647
2648
2649
2650
2655
2656
2657
2659
2660
2661
2662
2665
2667
2668
2669
2670
2671
2673
2674
2675
2676
2677
2678
2680
2684
2685
2686
2687
2689
2690
2691
2692
2693
2694
2695
2696
2697
2698
2699
2700
2701
2703
2705
2706
2707
2709
2710
2711
2713
2714
2716
2717
2718
2719
2720
2725
2728
2729
2730
2731
2732
2733
2736
2742
2744
2745
2749
2751
2753
2757
2758
2760
2761
2762
2763
2764
2765
2766
2770
2771
2773
2776
2787
2788
2790
2791
2794
2795
2797
2803
2804
2805
2806
2807
2808
2809
2810
2812
2813
2814
2815
2816
2817
2818
2819
2820
2821
2822
2823
2824
2826
2827
2828
2829
2830
2831
2833
2834
2836
2837
2838
2839
2840
2841
2842
2843
2844
2845
2846
2848
2849
2850
2851
2852
2853
2855
2856
2857
2858
2859
2860
2861
2862
2863
2867
2868
2869
2870
2871
2872
2873
2876
2878
2879
2880
2881
2889
2892
2894
2895
2896
2897
2898
2899
2900
2903
2904
2905
2906
2908
2909
2910
2911
2916
2917
2918
2919
2920
2921
2922
2923
2924
2925
2926
2927
2928
2929
2930
2934
2935
2936
2937
2938
2939
2940
2941
2942
2951
2952
2953
2954
2955
2956
2957
2958
2959
2960
2961
2962
2963
2964
2965
2966
2968
2969
2970
2971
2972
2973
2974
2975
2976
2977
2978
2979
2980
2981
2984
2986
2987
2989
2990
2991
2992
2993
2994
2996
2997
2998
2999
3000
3001
3002
3005
3006
3009
3010
3011
3012
3013
3014
3016
3017
3018
3019
3020
3021
3022
3023
3025
3026
3029
3030
3031
3033
3034
3035
3037
3038
3039
3040
3049
3052
3053
3054
3056
3058
3060
3065
3066
3067
3068
3069
3070
3071
3074
3081
3082
3083
3084
3086
3087
3089
3090
3092
3098
3099
3100
3106
3107
3108
3109
3110
3111
3113
3114
3116
3117
3118
3119
3120
3121
3122
3123
3124
3125
3128
3129
3142
3143
3146
3147
3148
3149
3151
3153
3154
3155
3156
3158
3159
3160
3162
3163
3164
3165
3166
3167
3168
3169
3170
3171
3172
3173
3174
3175
3176
3177
3178
3179
3180
3181
3183
3184
3185
3186
3187
3188
3189
3190
3195
3197
3198
3199
3200
3201
3202
3203
3204
3205
3206
3207
3208
3216
3217
3218
3219
3220
3221
3222
3223
3226
3232
3233
3234
3236
3239
3240
3241
3242
3243
3244
3245
3246
3247
3249
3252
3253
3254
3255
3256
3257
3258
3259
3261
3262
3263
3264
3265
3267
3268
3269
3271
3272
3276
3278
3279
3282
3307
3308
3309
3310
3311
3312
3313
3314
3315
3316
3317
3318
3319
3320
3321
3323
3324
3325
3326
3327
3328
3330
3331
3332
3333
3334
3335
3336
3337
3338
3339
3340
3341
3342
3343
3344
3345
3346
3347
3349
3357
3358
3359
3360
3362
3363
3364
3366
3379
3387
3388
3390
3391
3392
3393
3394
3395
3397
3398
3401
3403
3405
3406
3407
3408
3410
3411
3412
3413
3415
3416
3417
3418
3419
3420
3421
3422
3424
3425
3430
3431
3434
3435
3436
3437
3438
3439
3440
3441
3446
3447
3448
3450
3451
3456
3457
3458
3459
3460
3462
3467
3468
3471
3472
3473
3474
3475
3482
3483
3484
3485
3486
3487
3488
3489
3490
3491
3492
3493
3494
3495
3496
3498
3499
3500
3501
3503
3505
3506
3507
3509
3510
3511
3515
3519
3520
3524
3527
3530
3531
3532
3533
3534
3535
3536
3537
3540
3541
3542
3546
3547
3548
3549
3550
3553
3554
3557
3558
3559
3560
3561
3562
3563
3564
3567
3568
3570
3572
3575
3580
3584
3585
3586
3587
3588
3589
3590
3591
3592
3595
3597
3598
3599
3600
3602
3603
3604
3605
3606
3607
3608
3609
3610
3611
3612
3613
3614
3615
3616
3617
3618
3619
3620
3621
3622
3623
3624
3625
3626
3630
3631
3632
3636
3637
3651
3652
3653
3654
3656
3657
3659
3660
3661
3662
3663
3664
3665
3666
3673
3674
3675
3676
3678
3679
3680
3681
3682
3683
3686
3687
3688
3690
3691
3692
3693
3694
3695
3696
3698
3699
3700
3701
3702
3704
3705
3707
3708
3712
3713
3714
3718
3744
3747
3748
3749
3750
3751
3752
3753
3754
3756
3757
3758
3759
3760
3761
3762
3763
3765
3766
3767
3768
3769
3770
3782
3783
3784
3785
3786
3787
3788
3790
3791
3792
3793
3794
3795
3796
3797
3799
3800
3802
3803
3804
3805
3806
3807
3808
3809
3810
3811
3812
3813
3814
3815
3816
3817
3818
3819
3820
3822
3823
3825
3826
3827
3828
3829
3830
3831
3832
3833
3834
3837
3838
3840
3841
3842
3844
3845
3846
3847
3848
3849
3850
3851
3852
3853
3854
3855
3857
3858
3859
3860
3861
3862
3863
3864
3865
3866
3867
3868
3869
3872
3873
3874
3875
3876
3877
3878
3879
3880
3881
3884
3885
3886
3887
3888
3889
3891
3892
3898
3899
3900
3902
3908
3909
3911
3912
3914
3915
3916
3917
3918
3919
3920
3923
3924
3925
3926
3927
3928
3929
3932
3933
3934
3935
3936
3938
3942
3943
3944
3945
3946
3947
3948
3949
3950
3952
3953
3954
3955
3956
3957
3958
3959
3960
3961
3962
3963
3964
3966
3968
3972
3974
3975
3976
3977
3978
3979
3980
3982
3984
3985
3986
3987
3988
3989
3990
3993
3994
3998
3999
4007
4008
4010
4011
4012
4013
4014
4015
4016
4017
4018
4019
4020
4021
4022
4023
4024
4025
4026
4027
4028
4029
4030
4031
4032
4033
4034
4035
4036
4039
4040
4041
4042
4043
4045
4046
4047
4048
4049
4050
4051
4052
4054
4055
4056
4058
4060
4066
4067
4068
4070
4071
4074
4075
4076
4078
4079
4091
4093
4094
4095
4096
4097
4100
4101
4102
4103
4105
4107
4108
4112
4113
4114
4115
4117
4118
4119
4120
4121
4122
4126
4133
4134
4135
4136
4137
4138
4139
4140
4141
4142
4145
4146
4147
4148
4149
4150
4152
4153
4155
4156
4157
4158
4159
4160
4161
4162
4163
4164
4165
4166
4167
4168
4169
4171
4173
4174
4175
4176
4177
4178
4179
4180
4181
4182
4183
4184
4185
4186
4188
4189
4190
4191
4192
4193
4194
4195
4196
4197
4198
4199
4200
4201
4202
4204
4205
4206
4208
4210
4211
4212
4215
4216
4217
4218
4219
4220
4221
4222
4223
4224
4225
4226
4227
4228
4229
4234
4235
4236
4239
4240
4256
4257
4258
4259
4260
4261
4262
4263
4266
4267
4268
4271
4272
4273
4274
4275
4278
4280
4281
4286
4287
4289
4290
4291
4292
4293
4294
4295
4296
4297
4298
4299
4300
4301
4303
4304
4305
4306
4307
4308
4309
4350
4352
4353
4356
4357
4358
4359
4372
4373
4374
4375
4376
4377
4378
4379
4380
4381
4382
4385
4386
4387
4388
4389
4390
4391
4394
4395
4396
4397
4401
4405
4406
4407
4408
4409
4410
4412
4415
4416
4417
4418
4419
4420
4421
4423
4424
4425
4426
4433
4434
4436
4438
4450
4451
4453
4454
4456
4458
4462
4463
4464
4467
4474
4476
4477
4478
4481
4484
4485
4486
4487
4488
4489
4490
4491
4492
4493
4494
4495
4496
4497
4498
4500
4506
4507
4508
4510
4511
4512
4513
4514
4515
4516
4517
4518
4519
4522
4529
4530
4531
4532
4533
4534
4535
4536
4537
4542
4543
4544
4546
4547
4548
4549
4550
4551
4552
4553
4554
4555
4558
4559
4560
4581
4583
4584
4585
4590
4591
4592
4593
4594
4595
4596
4597
4598
4599
4600
4601
4602
4603
4604
4605
4607
4608
4610
4613
4615
4616
4617
4618
4619
4620
4621
4622
4623
4624
4625
4629
4636
4637
4638
4639
4640
4641
4642
4643
4644
4646
4647
4648
4649
4650
4651
4654
4655
4656
4657
4658
4659
4660
4666
4667
4668
4669
4670
4671
4673
4674
4675
4676
4684
4685
4686
4687
4688
4691
4694
4696
4701
4702
4703
4704
4709
4712
4713
4714
4715
4719
4720
4721
4722
4723
4724
4725
4726
4727
4728
4731
4732
4733
4734
4736
4737
4738
4739
4740
4741
4742
4743
4744
4745
4746
4747
4748
4749
4750
4751
4752
4753
4754
4755
4756
4757
4758
4759
4760
4761
4762
4764
4765
4767
4769
4770
4771
4772
4773
4774
4775
4777
4778
4779
4781
4782
4783
4784
4785
4786
4787
4788
4789
4790
4791
4793
4795
4796
4797
4798
4799
4800
4801
4802
4803
4804
4823
4826
4827
4828
4829
4836
4837
4838
4839
4840
4841
4842
4843
4845
4846
4847
4848
4849
4853
4855
4863
4869
4871
4872
4873
4876
4880
4881
4882
4883
4884
4885
4886
4889
4890
4891
4892
4896
4899
4901
4902
4903
4904
4905
4906
4907
4908
4912
4913
4914
4920
4921
4925
4928
4929
4930
4931
4932
4933
4934
4935
4936
4937
4938
4940
4943
4944
4948
4951
4952
4953
4959
4960
4964
4966
4967
4968
4969
4970
4976
4977
4979
4980
4981
4984
4985
4986
4987
4988
4989
4991
4993
4994
4995
4998
4999
5000
5001
5002
5003
5004
5008
5011
5012
5016
5019
5020
5021
5023
5024
5027
5028
5029
5030
5031
5032
5033
5034
5035
5036
5037
5038
5039
5040
5045
5046
5048
5049
5050
5051
5052
5053
5054
5055
5059
5060
5061
5065
5066
5067
5068
5071
5072
5073
5074
5075
5077
5078
5079
5081
5082
5087
5088
5089
5090
5091
5092
5093
5094
5096
5098
5099
5100
5101
5102
5103
5107
5108
5109
5110
5111
5112
5113
5117
5118
5119
5120
5121
5123
5124
5125
5126
5127
5128
5129
5130
5131
5133
5134
5135
5136
5137
5140
5141
5142
5148
5150
5151
5153
5154
5155
5156
5157
5159
5160
5162
5168
5169
5170
5171
5172
5173
5176
5177
5178
5179
5181
5182
5183
5184
5186
5187
5188
5189
5190
5191
5192
5197
5201
5216
5217
5218
5225
5226
5227
5231
5232
5233
5234
5237
5239
5241
5242
5243
5245
5246
5247
5251
5252
5253
5254
5255
5256
5257
5258
5267
5268
5272
5273
5276
5277
5278
5279
5280
5287
5288
5289
5291
5292
5293
5294
5295
5296
5297
5298
5299
5300
5301
5302
5303
5304
5305
5306
5307
5310
5311
5313
5314
5315
5316
5317
5319
5320
5321
5322
5323
5324
5325
5326
5327
5328
5331
5337
5338
5339
5340
5342
5345
5347
5348
5349
5354
5356
5357
5358
5359
5360
5361
5362
5363
5364
5365
5366
5368
5370
5371
5372
5374
5375
5377
5378
5379
5380
5381
5382
5383
5384
5385
5387
5388
5390
5391
5392
5393
5397
5398
5399
5400
5401
5402
5403
5404
5405
5407
5409
5411
5412
5419
5420
5421
5422
5423
5426
5427
5428
5429
5430
5431
5432
5433
5434
5435
5436
5437
5438
5439
5440
5445
5450
5451
5452
5454
5455
5456
5457
5458
5459
5462
5463
5464
5465
5466
5481
5482
5483
5491
5494
5502
5503
5504
5505
5506
5507
5513
5514
5516
5517
5524
5527
5528
5530
5531
5532
5533
5534
5535
5536
5537
5538
5539
5540
5541
5542
5543
5544
5551
5553
5555
5556
5557
5561
5562
5565
5566
5567
5568
5576
5577
5578
5579
5580
5581
5582
5583
5584
5585
5586
5587
5588
5589
5590
5591
5592
5593
5596
5599
5600
5601
5602
5604
5605
5606
5607
5608
5609
5610
5611
5622
5623
5624
5625
5626
5627
5628
5629
5630
5631
5644
5645
5646
5648
5649
5650
5651
5652
5653
5654
5655
5656
5660
5662
5665
5667
5668
5669
5670
5671
5672
5673
5674
5675
5676
5677
5678
5679
5680
5681
5682
5683
5684
5685
5686
5687
5688
5692
5693
5695
5696
5697
5698
5699
5700
5701
5702
5703
5704
5705
5707
5709
5711
5712
5713
5714
5716
5719
5723
5725
5726
5731
5732
5733
5734
5735
5736
5737
5738
5741
5742
5743
5744
5745
5747
5748
5749
5750
5751
5752
5753
5754
5755
5756
5761
5764
5768
5769
5770
5771
5773
5775
5776
5777
5778
5779
5780
5785
5786
5788
5791
5795
5796
5797
5798
5799
5800
5801
5802
5814
5815
5816
5820
5821
5825
5826
5827
5828
5829
5832
5834
5835
5836
5837
5838
5839
5840
5841
5842
5843
5844
5845
5846
5851
5852
5853
5854
5857
5858
5860
5861
5862
5863
5864
5865
5866
5869
5870
5871
5873
5874
5875
5876
5877
5878
5879
5883
5884
5885
5886
5888
5890
5892
5893
5894
5895
5896
5898
5899
5900
5901
5902
5903
5904
5905
5906
5907
5908
5910
5911
5912
5913
5914
5915
5916
5917
5919
5920
5921
5922
5923
5924
5925
5926
5927
5936
5937
5938
5939
5940
5941
5942
5943
5945
5948
5949
5950
5951
5952
5953
5958
5959
5967
5973
5974
5975
5976
5977
5978
5979
5980
5981
5982
5983
5984
5985
5986
5987
5988
5990
5991
5992
5993
5995
5996
5997
5998
5999
6000
6006
6009
6010
6011
6012
6013
6014
6015
6020
6021
6022
6026
6027
6029
6030
6034
6035
6036
6037
6038
6039
6040
6041
6042
6044
6045
6047
6048
6049
6050
6051
6053
6054
6055
6057
6059
6060
6061
6062
6063
6064
6067
6071
6072
6073
6074
6075
6076
6077
6078
6079
6081
6082
6083
6084
6085
6086
6087
6088
6092
6093
6094
6096
6097
6099
6100
6101
6102
6103
6108
6109
6110
6111
6112
6113
6114
6115
6116
6117
6118
6119
6120
6121
6122
6123
6124
6125
6126
6127
6128
6129
6130
6131
6132
6133
6138
6139
6140
6141
6142
6144
6145
6146
6147
6148
6149
6150
6151
6152
6153
6154
6155
6156
6157
6159
6164
6165
6167
6168
6169
6170
6172
6173
6176
6178
6181
6182
6183
6185
6187
6208
6216
6217
6218
6219
6220
6221
6222
6223
6225
6226
6227
6228
6229
6230
6231
6234
6235
6236
6237
6238
6241
6242
6243
6244
6245
6246
6249
6250
6256
6257
6258
6260
6261
6262
6263
6264
6265
6266
6267
6268
6270
6271
6272
6274
6275
6277
6278
6279
6280
6281
6285
6287
6290
6291
6292
6293
6294
6295
6296
6297
6298
6300
6301
6303
6304
6305
6306
6307
6308
6309
6310
6311
6312
6313
6314
6315
6317
6318
6319
6320
6322
6323
6324
6326
6327
6329
6330
6332
6333
6334
6335
6336
6337
6338
6339
6340
6341
6344
6345
6346
6347
6348
6349
6351
6353
6354
6355
6356
6358
6359
6360
6361
6362
6363
6364
6365
6366
6367
6368
6369
6370
6371
6372
6373
6374
6375
6376
6377
6378
6379
6380
6381
6382
6383
6384
6385
6386
6387
6388
6389
6390
6391
6392
6393
6394
6395
6397
6398
6400
6403
6404
6412
6413
6414
6415
6417
6419
6421
6422
6423
6424
6425
6426
6427
6428
6430
6431
6435
6436
6441
6442
6443
6444
6445
6446
6447
6448
6449
6451
6452
6453
6454
6455
6456
6457
6458
6459
6460
6464
6465
6466
6468
6469
6470
6471
6472
6473
6474
6477
6478
6479
6481
6482
6485
6486
6487
6488
6489
6490
6491
6492
6493
6494
6495
6496
6497
6498
6505
6506
6507
6508
6509
6510
6511
6512
6513
6515
6518
6519
6520
6521
6522
6523
6524
6525
6526
6529
6530
6531
6532
6534
6535
6536
6537
6538
6539
6541
6543
6544
6549
6550
6552
6553
6554
6555
6556
6557
6558
6559
