IncLevel1	IncLevel2	IncLevelDifference
0.657	0.728,0.429	0.079
0.0	0.165,1.0	-0.583
0.0	0.179,NA	-0.179
0.79	0.844,1.0	-0.132
0.137	0.175,NA	-0.038
0.639	0.761,0.0	0.259
0.157	0.0,NA	0.157
0.978	1.0,NA	-0.022
0.755	0.935,1.0	-0.213
0.322	0.0,NA	0.322
0.315	0.0,NA	0.315
0.315	0.0,NA	0.315
0.064	0.0,NA	0.064
1.0	0.0,1.0	0.5
0.96	0.856,0.52	0.272
0.059	0.235,0.0	-0.058
0.0	0.195,0.0	-0.098
0.573	0.514,0.607	0.012
0.0	NA,0.498	-0.498
0.0	0.0,1.0	-0.5
1.0	1.0,0.846	0.077
1.0	1.0,0.83	0.085
0.333	1.0,1.0	-0.667
0.012	0.0,0.0	0.012
0.957	1.0,1.0	-0.043
0.91	1.0,1.0	-0.09
0.933	1.0,1.0	-0.067
0.571	0.652,0.453	0.018
0.816	0.526,0.689	0.209
0.438	0.4,0.448	0.014
0.565	0.533,0.661	-0.032
0.538	0.652,0.785	-0.18
0.632	0.677,0.932	-0.172
0.416	0.35,0.264	0.109
0.341	0.199,0.199	0.142
0.854	0.849,0.907	-0.024
0.398	0.0,0.289	0.254
0.452	NA,0.275	0.177
0.447	1.0,0.669	-0.388
1.0	0.0,1.0	0.5
0.526	0.0,0.262	0.395
0.8	1.0,NA	-0.2
0.969	1.0,1.0	-0.031
0.885	0.74,1.0	0.015
1.0	NA,0.0	1.0
0.333	0.364,0.538	-0.118
0.351	0.382,0.558	-0.119
0.434	0.365,NA	0.069
1.0	0.867,1.0	0.067
0.318	0.473,0.259	-0.048
1.0	1.0,0.0	0.5
0.706	0.678,0.62	0.057
1.0	0.537,0.744	0.359
0.311	0.422,0.0	0.1
0.914	0.786,0.74	0.151
0.534	0.197,0.087	0.392
0.0	0.176,0.0	-0.088
0.0	0.286,0.0	-0.143
0.0	0.306,0.0	-0.153
0.0	1.0,1.0	-1.0
0.488	0.518,0.558	-0.05
0.996	1.0,0.947	0.022
0.185	0.089,0.0	0.141
0.737	0.848,0.0	0.313
0.494	0.328,0.43	0.115
0.739	0.723,0.506	0.124
0.438	0.45,0.535	-0.055
0.0	1.0,0.0	-0.5
0.72	0.632,1.0	-0.096
0.87	0.887,0.93	-0.039
0.527	0.712,0.331	0.006
0.4	0.591,0.143	0.033
0.286	0.44,0.6	-0.234
1.0	0.96,1.0	0.02
0.052	0.037,0.063	0.002
0.114	0.095,0.145	-0.006
0.352	0.656,0.625	-0.289
0.185	0.211,0.314	-0.078
0.57	0.648,0.544	-0.026
0.305	0.448,0.397	-0.117
0.333	0.175,0.05	0.221
0.456	0.301,0.308	0.152
1.0	0.915,1.0	0.042
0.392	0.0,0.349	0.218
0.269	0.205,0.149	0.092
0.6	1.0,0.6	-0.2
0.366	0.306,0.375	0.025
0.414	0.253,0.167	0.204
0.875	0.508,0.373	0.434
0.228	0.383,0.412	-0.169
0.767	0.576,0.674	0.142
0.388	0.759,0.651	-0.317
0.417	0.413,0.195	0.113
0.143	0.344,0.46	-0.259
0.697	0.0,0.0	0.697
0.242	0.391,0.332	-0.12
0.441	0.873,0.972	-0.481
0.308	0.387,0.373	-0.072
0.396	0.415,0.406	-0.014
0.424	0.282,0.296	0.135
0.0	0.52,0.563	-0.541
0.88	0.915,0.659	0.093
0.868	0.906,0.634	0.098
0.86	0.9,0.619	0.1
0.617	0.322,0.58	0.166
0.467	0.28,0.209	0.223
0.105	0.078,0.053	0.039
0.486	0.337,0.266	0.184
0.955	1.0,1.0	-0.045
0.341	0.372,0.539	-0.114
0.57	0.507,0.491	0.071
0.0	0.0,0.036	-0.018
0.202	0.076,0.246	0.041
0.787	0.837,0.806	-0.034
0.478	0.387,0.471	0.049
0.808	0.593,0.484	0.27
0.913	0.677,0.583	0.283
0.825	0.714,0.861	0.037
0.343	0.407,0.386	-0.053
0.515	0.67,0.635	-0.138
0.323	0.321,0.37	-0.023
0.596	0.55,0.548	0.047
0.382	0.265,0.219	0.14
0.6	0.564,0.421	0.108
0.368	0.0,0.274	0.231
0.564	0.0,0.639	0.244
0.612	0.57,0.609	0.023
0.578	0.537,0.425	0.097
0.511	0.395,0.453	0.087
0.609	1.0,0.493	-0.137
0.16	0.184,0.203	-0.034
0.273	0.17,0.36	0.008
0.256	0.261,0.365	-0.057
0.863	1.0,0.699	0.014
0.249	0.166,0.249	0.041
0.231	0.397,0.354	-0.144
0.43	0.772,0.393	-0.153
0.378	0.503,0.065	0.094
1.0	NA,0.0	1.0
0.256	0.341,0.508	-0.168
0.301	1.0,1.0	-0.699
0.795	0.915,1.0	-0.162
0.596	0.609,0.665	-0.041
0.373	0.347,0.543	-0.072
0.534	0.616,0.491	-0.019
0.428	0.72,0.581	-0.222
0.577	0.394,0.458	0.151
0.828	0.772,0.681	0.101
0.302	0.355,0.251	-0.001
0.18	0.226,0.0	0.067
0.066	0.0,0.0	0.066
0.0	0.0,0.629	-0.315
0.066	0.297,0.0	-0.082
0.211	0.0,0.0	0.211
0.429	0.273,0.429	0.078
0.559	1.0,0.674	-0.278
1.0	0.898,0.889	0.107
0.999	0.996,0.999	0.001
0.737	0.737,0.583	0.077
0.622	0.683,0.49	0.035
0.406	0.401,0.455	-0.022
0.569	0.647,0.5	-0.005
0.616	0.763,0.673	-0.102
0.502	0.475,0.201	0.164
0.583	0.545,0.29	0.165
0.383	0.407,0.152	0.104
0.571	0.53,0.721	-0.054
0.714	0.63,0.594	0.102
0.631	0.0,0.0	0.631
0.094	0.05,0.173	-0.017
0.173	0.151,0.315	-0.06
0.0	0.0,1.0	-0.5
0.104	0.028,0.0	0.09
0.484	0.377,0.583	0.004
0.414	0.448,0.619	-0.119
0.211	0.145,0.07	0.103
0.49	0.526,0.671	-0.109
0.502	0.638,0.317	0.024
1.0	0.944,1.0	0.028
0.115	0.0,0.169	0.03
0.566	0.521,1.0	-0.195
0.187	0.156,0.093	0.062
1.0	0.792,NA	0.208
0.609	0.607,0.728	-0.058
0.378	0.496,0.578	-0.159
0.529	0.558,0.336	0.082
0.861	1.0,0.756	-0.017
1.0	0.75,1.0	0.125
1.0	0.429,1.0	0.285
0.0	0.0,0.3	-0.15
0.0	0.0,0.3	-0.15
0.0	0.0,0.3	-0.15
0.494	0.453,0.533	0.001
0.533	0.65,0.8	-0.192
0.458	0.0,0.0	0.458
0.0	0.478,0.274	-0.376
0.0	0.34,0.167	-0.254
0.0	0.426,0.0	-0.213
0.0	0.306,0.0	-0.153
0.371	0.424,0.269	0.024
1.0	0.415,0.429	0.578
0.414	0.641,0.655	-0.234
0.56	0.504,0.687	-0.035
1.0	0.98,1.0	0.01
0.47	0.37,0.438	0.066
0.032	0.037,0.108	-0.04
0.203	0.383,0.546	-0.262
0.974	1.0,1.0	-0.026
0.0	0.025,0.021	-0.023
0.281	0.243,0.274	0.023
0.501	0.0,1.0	0.001
0.518	0.0,1.0	0.018
1.0	0.0,NA	1.0
0.694	0.743,0.536	0.054
0.777	0.647,0.752	0.078
0.243	0.516,0.0	-0.015
0.914	0.519,0.886	0.212
0.258	0.312,0.477	-0.136
0.901	0.214,1.0	0.294
0.468	0.375,0.465	0.048
0.51	0.369,0.418	0.117
0.42	0.429,0.445	-0.017
0.748	0.457,0.441	0.299
0.468	0.511,0.582	-0.078
0.411	0.524,0.552	-0.127
0.525	0.495,0.449	0.053
0.537	0.491,0.427	0.078
0.933	0.95,0.884	0.016
0.023	0.113,0.0	-0.034
0.448	0.0,0.145	0.376
0.547	0.833,0.93	-0.334
0.421	0.481,0.195	0.083
0.626	0.827,0.918	-0.247
0.0	0.25,0.2	-0.225
0.0	0.213,0.0	-0.106
0.705	0.623,0.85	-0.031
0.625	0.736,0.544	-0.015
0.526	0.329,0.898	-0.088
0.0	0.0,0.021	-0.011
0.109	0.125,0.214	-0.06
0.138	0.266,0.358	-0.174
0.0	NA,0.695	-0.695
0.68	0.627,0.545	0.094
0.171	0.334,0.502	-0.247
0.574	0.143,0.632	0.186
0.925	0.919,0.891	0.02
0.314	0.229,0.131	0.134
1.0	0.0,NA	1.0
0.638	0.0,NA	0.638
0.617	0.654,0.688	-0.054
0.695	0.645,0.476	0.134
0.695	0.645,0.313	0.216
1.0	0.792,0.743	0.232
0.0	0.337,0.0	-0.169
0.201	0.216,0.42	-0.117
0.786	0.744,0.873	-0.022
0.338	0.121,0.089	0.233
0.524	0.619,0.714	-0.142
0.022	0.021,0.022	0.001
0.471	0.423,0.376	0.072
0.015	0.006,0.0	0.012
0.0	0.003,0.0	-0.002
0.708	0.583,0.57	0.131
0.747	0.723,0.721	0.025
0.0	0.0,0.065	-0.033
0.573	0.635,0.74	-0.115
0.467	0.502,0.166	0.133
1.0	0.974,0.985	0.02
0.343	0.282,0.372	0.016
0.322	0.367,0.217	0.03
0.337	0.789,0.836	-0.475
0.544	0.502,0.575	0.006
0.014	0.018,0.0	0.005
1.0	1.0,0.941	0.03
1.0	0.928,1.0	0.036
0.652	0.342,0.557	0.203
0.969	0.958,0.962	0.009
0.459	0.548,0.692	-0.161
0.021	0.0,0.0	0.021
0.953	0.735,0.634	0.268
0.596	0.635,0.579	-0.011
0.759	0.9,0.899	-0.14
0.015	0.024,0.07	-0.032
0.374	0.338,0.458	-0.024
0.927	1.0,0.86	-0.003
0.333	0.26,0.241	0.083
0.419	0.404,0.485	-0.026
0.376	0.332,0.281	0.07
0.707	0.694,0.561	0.08
0.352	0.38,0.445	-0.06
0.957	0.957,1.0	-0.021
1.0	0.759,0.796	0.222
0.616	0.721,0.719	-0.104
0.523	0.41,0.67	-0.017
0.845	0.859,0.685	0.073
0.193	0.434,0.16	-0.104
0.058	0.137,0.149	-0.085
0.502	0.189,0.046	0.385
0.548	0.13,0.526	0.22
0.052	0.189,0.23	-0.158
0.552	0.552,0.124	0.214
0.317	0.416,0.235	-0.009
0.517	0.81,0.681	-0.229
0.783	0.737,0.802	0.013
0.477	0.45,0.469	0.017
0.47	0.442,0.456	0.021
0.798	0.701,0.728	0.084
0.575	0.439,0.617	0.047
0.59	0.58,0.464	0.068
0.575	0.594,0.567	-0.006
0.0	0.044,0.0	-0.022
0.355	0.373,0.291	0.023
0.738	0.621,0.831	0.012
0.0	0.0,0.034	-0.017
0.902	0.398,0.779	0.314
0.752	0.309,0.69	0.253
0.679	0.608,0.638	0.056
1.0	0.0,1.0	0.5
0.535	0.506,0.742	-0.089
0.627	0.655,0.174	0.213
1.0	0.637,NA	0.363
0.384	0.505,0.714	-0.225
1.0	0.984,0.961	0.028
1.0	1.0,0.886	0.057
0.517	0.599,0.76	-0.162
0.548	0.489,0.261	0.173
0.0	1.0,0.0	-0.5
1.0	0.0,1.0	0.5
0.007	0.0,0.0	0.007
0.0	0.0,0.289	-0.144
0.457	0.525,0.259	0.065
0.0	0.0,0.146	-0.073
0.479	0.57,0.561	-0.087
0.0	0.632,0.0	-0.316
0.624	0.971,0.825	-0.274
0.447	0.162,0.188	0.272
0.178	0.265,0.178	-0.044
1.0	1.0,0.713	0.143
0.125	NA,0.0	0.125
0.024	0.017,0.009	0.011
0.002	0.001,0.0	0.002
0.0	0.0,0.0	0.0
0.0	0.0,0.0	0.0
0.0	0.0,0.0	0.0
0.38	0.399,0.279	0.041
0.627	0.509,0.415	0.165
0.353	0.499,0.299	-0.046
1.0	NA,0.674	0.326
0.747	0.723,0.711	0.03
0.817	0.838,0.826	-0.015
0.451	0.683,0.509	-0.145
0.875	0.977,0.944	-0.085
0.942	0.971,0.933	-0.01
0.662	0.694,0.549	0.041
0.91	0.827,1.0	-0.003
0.0	0.0,0.023	-0.011
0.499	0.454,0.57	-0.013
0.566	0.373,0.436	0.161
0.072	0.047,0.129	-0.016
0.319	0.546,0.165	-0.037
0.0	0.035,0.0	-0.018
0.56	0.685,0.801	-0.183
0.52	0.611,0.55	-0.06
0.54	0.437,0.623	0.01
0.002	0.0,0.0	0.002
1.0	0.225,0.288	0.744
0.667	0.623,0.65	0.03
0.933	1.0,1.0	-0.067
0.542	0.208,0.703	0.087
0.435	0.365,0.587	-0.041
0.76	0.651,0.513	0.178
0.937	1.0,1.0	-0.063
0.687	0.777,0.791	-0.097
0.304	0.218,0.376	0.007
0.489	0.428,0.478	0.036
0.344	0.358,0.593	-0.132
0.329	1.0,0.0	-0.171
0.674	0.529,0.5	0.16
0.554	0.504,0.299	0.153
0.64	0.4,0.0	0.44
0.0	0.154,0.441	-0.297
0.273	0.488,0.5	-0.221
0.444	0.556,0.0	0.166
0.505	1.0,NA	-0.495
0.652	0.613,0.573	0.059
0.0	0.144,0.0	-0.072
0.474	0.441,0.429	0.039
0.141	0.049,0.0	0.116
0.0	0.151,0.0	-0.075
0.399	0.46,0.359	-0.01
0.476	0.457,0.61	-0.057
0.492	0.446,0.59	-0.026
0.591	0.532,0.669	-0.01
0.619	0.504,0.602	0.066
0.344	0.355,0.227	0.053
0.008	0.034,0.0	-0.009
0.932	1.0,1.0	-0.068
0.0	NA,0.3	-0.3
0.0	NA,0.32	-0.32
1.0	0.758,1.0	0.121
1.0	0.64,1.0	0.18
0.761	0.362,0.166	0.497
0.505	0.556,0.268	0.093
0.494	0.389,0.319	0.14
0.32	0.298,0.446	-0.052
0.693	0.162,0.844	0.19
0.739	0.722,0.591	0.083
0.067	0.061,0.052	0.011
0.559	0.745,0.285	0.044
0.094	0.286,0.128	-0.113
0.743	0.931,0.871	-0.158
0.536	0.498,0.852	-0.139
0.292	0.508,0.861	-0.393
0.418	0.507,0.533	-0.102
0.375	0.713,0.533	-0.248
0.0	0.028,0.0	-0.014
0.643	0.574,0.606	0.053
0.84	1.0,1.0	-0.16
0.332	0.352,0.582	-0.135
0.676	0.688,0.693	-0.014
0.941	1.0,1.0	-0.059
0.309	0.228,0.585	-0.097
0.491	0.499,0.381	0.051
0.937	0.923,1.0	-0.024
0.061	0.077,0.0	0.022
0.333	0.475,0.55	-0.179
0.0	0.645,0.424	-0.534
0.515	0.203,0.484	0.171
1.0	0.957,1.0	0.022
0.499	0.666,0.307	0.012
0.0	1.0,NA	-1.0
0.391	0.396,0.231	0.078
0.466	0.452,0.43	0.025
0.533	0.677,0.55	-0.081
0.0	0.799,0.38	-0.59
0.545	0.456,0.506	0.064
0.509	1.0,NA	-0.491
1.0	1.0,0.857	0.072
0.045	0.016,0.039	0.017
1.0	1.0,0.976	0.012
0.872	0.81,0.893	0.02
0.102	0.201,0.034	-0.016
0.07	0.154,0.029	-0.021
0.0	0.027,0.0	-0.013
0.833	0.78,0.886	0.0
0.01	0.014,0.0	0.003
0.636	0.574,0.57	0.064
0.223	0.212,0.102	0.066
1.0	0.456,0.641	0.452
0.633	0.88,1.0	-0.307
0.626	0.598,0.731	-0.038
0.5	0.432,0.103	0.232
0.187	0.349,0.501	-0.238
0.0	NA,0.501	-0.501
0.0	NA,0.497	-0.497
0.349	0.319,0.265	0.057
0.984	0.931,1.0	0.018
0.0	1.0,NA	-1.0
0.176	0.367,0.0	-0.008
0.889	0.833,0.735	0.105
1.0	0.695,1.0	0.153
0.826	0.893,1.0	-0.121
0.704	0.497,0.504	0.204
0.649	0.536,0.581	0.091
0.63	0.6,0.455	0.103
0.442	0.627,0.63	-0.187
0.692	1.0,0.0	0.192
1.0	0.884,0.573	0.272
0.18	0.23,0.204	-0.037
0.638	0.569,0.603	0.052
0.439	0.344,0.252	0.141
0.615	0.579,0.688	-0.018
0.554	0.262,0.0	0.423
0.904	0.85,0.848	0.055
0.0	0.341,0.823	-0.582
0.554	0.59,0.501	0.009
0.767	0.767,0.832	-0.032
0.993	0.993,0.996	-0.001
0.0	1.0,NA	-1.0
0.259	0.7,0.57	-0.376
0.5	0.548,0.508	-0.028
0.502	0.502,0.466	0.018
0.489	0.477,0.387	0.057
0.0	0.008,0.028	-0.018
0.565	0.504,0.529	0.048
0.831	0.719,0.709	0.117
0.128	0.338,0.29	-0.186
0.0	0.053,0.0	-0.026
1.0	NA,0.0	1.0
1.0	1.0,0.0	0.5
1.0	1.0,0.0	0.5
1.0	1.0,0.0	0.5
0.735	1.0,1.0	-0.265
0.601	0.434,0.814	-0.023
0.086	0.0,0.061	0.055
0.1	0.0,0.0	0.1
0.057	0.0,0.0	0.057
0.075	0.0,0.0	0.075
0.382	0.262,0.392	0.055
0.415	0.678,0.575	-0.212
0.456	0.589,0.512	-0.094
0.263	0.261,0.429	-0.082
0.029	0.036,0.061	-0.019
0.132	0.02,0.145	0.05
0.425	0.468,0.416	-0.017
0.307	0.34,0.152	0.061
0.0	0.143,0.0	-0.071
0.617	0.92,1.0	-0.343
1.0	0.974,1.0	0.013
0.629	0.712,0.714	-0.084
0.389	0.59,0.693	-0.252
0.437	0.449,0.287	0.069
0.33	0.082,0.0	0.289
0.125	0.081,0.067	0.051
0.196	0.307,0.299	-0.107
0.426	0.478,0.482	-0.054
0.891	0.888,0.816	0.039
0.451	0.0,0.0	0.451
0.0	0.077,NA	-0.077
0.0	0.077,NA	-0.077
0.636	0.64,0.508	0.062
0.474	0.383,0.223	0.171
1.0	1.0,0.954	0.023
0.578	0.581,0.53	0.022
0.942	1.0,1.0	-0.058
0.319	0.378,0.288	-0.014
0.848	1.0,0.897	-0.101
1.0	0.595,1.0	0.203
0.787	0.225,0.699	0.325
0.0	0.164,0.0	-0.082
0.522	0.552,0.509	-0.008
0.053	0.031,0.039	0.018
0.021	0.576,0.744	-0.639
0.0	1.0,0.0	-0.5
0.531	1.0,0.201	-0.07
1.0	0.38,0.214	0.703
0.449	0.551,0.52	-0.087
0.457	0.363,0.317	0.117
0.391	0.513,0.592	-0.161
0.97	0.883,0.848	0.105
0.408	0.607,0.512	-0.152
0.368	0.381,0.37	-0.008
0.053	0.0,0.0	0.053
0.0	0.005,0.0	-0.003
0.393	0.387,0.409	-0.005
0.711	0.724,1.0	-0.151
0.0	0.083,0.0	-0.042
0.288	0.236,0.312	0.014
0.486	0.476,0.224	0.136
0.263	0.085,1.0	-0.279
0.525	0.305,0.373	0.186
0.514	0.557,0.525	-0.027
0.601	0.692,0.716	-0.103
0.667	0.343,0.542	0.225
0.085	0.0,0.0	0.085
0.0	0.058,0.269	-0.164
0.0	1.0,1.0	-1.0
0.389	0.553,0.41	-0.093
0.545	0.678,0.496	-0.042
0.067	0.058,0.024	0.026
0.403	0.222,0.169	0.208
0.389	0.35,0.421	0.004
0.476	0.368,0.587	-0.002
1.0	0.953,0.861	0.093
0.0	0.059,0.0	-0.029
0.511	0.641,0.638	-0.128
0.395	0.308,0.362	0.06
0.345	0.303,0.29	0.048
0.596	0.615,0.342	0.117
1.0	0.553,0.34	0.553
0.228	0.158,0.0	0.149
1.0	0.985,1.0	0.008
0.887	0.822,0.886	0.033
0.0	0.003,0.0	-0.002
0.494	0.398,0.378	0.106
0.503	0.374,0.063	0.284
0.891	0.882,0.624	0.138
0.0	0.196,0.0	-0.098
0.307	0.419,0.477	-0.141
0.301	0.406,0.417	-0.11
0.486	0.516,0.51	-0.027
0.363	0.558,0.612	-0.222
0.687	0.493,0.591	0.145
0.42	0.353,0.259	0.114
0.236	0.693,0.68	-0.451
0.488	0.606,0.748	-0.189
0.494	0.614,0.701	-0.163
0.4	0.24,0.296	0.132
0.439	0.423,0.256	0.099
0.479	0.413,0.346	0.1
0.792	0.844,0.846	-0.053
1.0	0.896,1.0	0.052
1.0	0.913,1.0	0.043
0.518	0.362,0.726	-0.026
1.0	0.837,0.663	0.25
1.0	0.766,1.0	0.117
0.029	0.013,0.0	0.023
0.513	0.504,0.314	0.104
0.321	NA,0.0	0.321
0.528	0.771,1.0	-0.357
0.568	0.667,0.889	-0.21
0.342	0.315,0.453	-0.042
1.0	0.459,0.549	0.496
0.0	0.0,0.456	-0.228
1.0	1.0,0.956	0.022
0.442	0.551,0.622	-0.145
0.522	0.439,0.364	0.121
0.599	0.613,0.25	0.167
0.811	0.93,0.52	0.086
0.658	0.669,0.771	-0.062
0.696	0.545,0.442	0.202
0.532	0.671,0.747	-0.177
0.633	0.745,0.732	-0.105
0.503	0.502,0.419	0.042
0.001	0.0,0.0	0.001
0.422	0.417,0.309	0.059
0.652	1.0,0.0	0.152
0.628	1.0,NA	-0.372
0.708	1.0,1.0	-0.292
0.59	0.519,1.0	-0.17
0.592	0.471,0.571	0.071
0.155	0.16,0.0	0.075
0.279	0.516,0.502	-0.23
0.456	0.463,0.356	0.047
0.796	0.893,0.663	0.018
0.006	0.007,0.0	0.003
1.0	0.794,1.0	0.103
0.512	0.448,0.504	0.036
0.384	0.264,0.379	0.062
0.4	0.326,0.354	0.06
0.018	0.019,0.02	-0.002
1.0	0.254,0.0	0.873
0.517	0.671,0.628	-0.132
0.603	0.623,0.68	-0.048
0.612	0.492,0.395	0.168
0.514	0.469,0.525	0.017
0.43	0.345,0.368	0.074
0.867	0.593,0.696	0.223
0.106	0.122,0.277	-0.094
0.167	0.08,NA	0.087
0.529	1.0,0.36	-0.151
0.519	0.661,0.0	0.189
0.737	0.737,0.0	0.368
1.0	0.986,1.0	0.007
0.905	1.0,0.768	0.021
0.543	0.552,0.509	0.013
1.0	NA,0.498	0.502
0.0	0.561,0.0	-0.281
0.164	0.153,0.187	-0.006
0.479	0.0,NA	0.479
0.308	0.6,0.575	-0.279
0.11	0.097,0.04	0.041
0.9	0.808,0.817	0.088
0.852	0.758,0.71	0.118
0.559	0.413,0.368	0.169
0.0	0.113,0.157	-0.135
0.16	0.0,0.0	0.16
0.577	0.463,0.747	-0.028
0.588	1.0,NA	-0.412
0.571	0.563,0.548	0.015
0.632	0.0,0.505	0.38
0.0	0.0,0.006	-0.003
0.0	0.0,0.012	-0.006
0.8	0.806,0.7	0.047
0.667	0.601,0.526	0.104
0.963	0.936,0.964	0.013
1.0	0.91,0.972	0.059
0.506	0.409,0.422	0.091
0.534	0.509,0.431	0.064
0.56	0.486,0.522	0.056
0.845	1.0,1.0	-0.155
0.374	0.326,0.24	0.091
0.099	0.0,0.0	0.099
0.416	0.301,0.286	0.122
0.174	0.0,0.0	0.174
0.889	1.0,1.0	-0.111
0.15	0.352,0.214	-0.133
0.44	0.46,0.601	-0.09
0.488	0.512,0.643	-0.09
0.979	0.986,1.0	-0.014
0.996	1.0,1.0	-0.004
0.036	0.034,0.029	0.004
0.3	0.254,0.285	0.031
0.781	0.533,0.44	0.294
0.33	0.471,0.425	-0.118
0.511	0.434,0.31	0.139
0.48	0.475,0.573	-0.044
0.837	0.896,0.939	-0.081
0.0	0.506,1.0	-0.753
0.02	0.007,0.009	0.012
0.233	0.074,0.057	0.168
0.75	0.757,0.617	0.063
0.376	0.0,NA	0.376
0.529	0.512,0.6	-0.027
0.0	1.0,1.0	-1.0
0.547	0.742,0.655	-0.151
1.0	0.886,0.816	0.149
0.724	0.364,0.368	0.358
0.0	0.069,0.116	-0.092
0.759	0.319,0.597	0.301
0.223	0.175,0.242	0.015
1.0	0.991,1.0	0.004
0.422	0.327,0.295	0.111
0.529	0.631,0.571	-0.072
0.456	0.439,0.562	-0.045
0.618	0.638,0.614	-0.008
0.583	0.573,0.662	-0.034
0.343	0.437,0.383	-0.067
0.455	0.37,0.385	0.078
0.517	0.846,0.687	-0.249
0.0	0.061,0.0	-0.03
1.0	0.761,1.0	0.119
0.619	0.676,0.383	0.089
0.758	0.731,0.595	0.095
0.918	1.0,0.606	0.115
0.433	0.469,0.475	-0.039
0.493	1.0,1.0	-0.507
0.599	0.605,0.494	0.049
0.298	0.583,0.588	-0.287
1.0	1.0,0.848	0.076
0.986	0.949,0.86	0.082
0.676	0.529,0.555	0.134
0.188	0.151,0.133	0.046
1.0	0.976,0.92	0.052
0.952	0.994,1.0	-0.045
0.728	0.664,0.665	0.063
0.364	0.58,0.545	-0.199
0.671	0.602,0.854	-0.057
0.127	0.165,0.509	-0.21
0.422	0.516,0.73	-0.201
0.6	0.517,0.748	-0.033
0.097	0.13,0.343	-0.14
0.35	0.447,0.577	-0.162
0.834	0.844,0.723	0.05
0.279	0.359,0.359	-0.08
0.571	0.414,0.469	0.129
0.349	0.504,0.0	0.097
0.528	0.651,0.402	0.002
0.615	0.889,1.0	-0.33
0.381	0.144,0.175	0.222
0.509	0.226,0.31	0.241
0.959	0.84,0.974	0.052
0.993	0.942,1.0	0.022
0.418	0.391,0.679	-0.117
0.604	0.497,0.273	0.219
0.156	0.176,0.274	-0.069
0.514	0.349,0.655	0.012
0.488	0.496,0.555	-0.038
0.0	0.084,0.0	-0.042
0.0	0.041,0.0	-0.021
0.862	1.0,1.0	-0.138
0.466	0.259,0.18	0.247
0.594	0.357,0.41	0.211
0.047	0.0,0.0	0.047
0.368	0.236,0.138	0.181
0.189	0.08,0.144	0.077
0.429	0.411,0.487	-0.02
0.419	0.371,0.41	0.029
0.385	0.491,0.449	-0.085
0.044	0.033,0.0	0.027
0.056	0.022,0.062	0.014
0.613	0.589,0.819	-0.091
0.491	0.551,0.664	-0.117
0.369	0.59,0.735	-0.293
0.0	0.007,0.0	-0.004
0.494	0.686,0.559	-0.129
0.151	0.317,0.148	-0.081
0.458	0.321,0.292	0.152
0.216	0.133,0.095	0.102
0.51	0.373,0.354	0.147
0.561	0.492,0.443	0.094
0.971	1.0,0.875	0.033
0.51	0.43,0.159	0.216
0.488	0.517,0.125	0.167
0.625	0.513,0.603	0.067
0.745	0.827,0.868	-0.102
0.659	0.567,0.533	0.109
0.804	0.74,0.61	0.129
0.408	0.235,0.138	0.221
0.0	0.114,0.0	-0.057
0.166	0.725,0.166	-0.279
0.21	0.717,0.347	-0.322
0.0	0.669,0.286	-0.478
0.514	0.368,0.562	0.049
0.602	0.409,0.298	0.248
0.319	0.215,0.396	0.014
0.373	0.505,0.364	-0.061
0.498	0.575,0.562	-0.071
0.495	0.0,0.0	0.495
1.0	0.0,0.0	1.0
0.852	0.832,0.918	-0.023
0.674	0.613,0.701	0.017
0.993	0.98,1.0	0.003
0.52	0.595,0.521	-0.038
0.0	0.0,0.007	-0.004
0.448	0.452,0.6	-0.078
0.319	0.316,0.365	-0.022
0.044	0.0,0.058	0.015
0.71	NA,0.666	0.044
0.919	0.489,0.553	0.398
0.27	0.301,0.564	-0.162
0.0	0.035,0.079	-0.057
0.556	0.637,1.0	-0.262
0.549	0.543,0.492	0.031
0.503	0.498,0.487	0.011
0.623	0.543,0.54	0.081
0.357	0.382,0.228	0.052
0.491	0.634,0.509	-0.081
0.795	0.557,0.633	0.2
0.0	0.722,0.611	-0.666
0.611	0.432,0.594	0.098
0.268	0.24,0.0	0.148
0.518	0.8,0.625	-0.195
1.0	0.214,0.357	0.715
1.0	0.714,0.0	0.643
0.539	0.411,0.366	0.151
0.664	0.735,0.619	-0.013
0.521	0.525,0.389	0.064
0.371	0.5,0.345	-0.051
0.76	0.929,0.862	-0.135
1.0	1.0,0.986	0.007
1.0	1.0,0.963	0.018
0.452	0.405,0.541	-0.021
0.619	0.483,0.679	0.038
0.518	0.431,0.585	0.01
0.869	0.888,1.0	-0.075
0.839	0.685,0.723	0.135
0.024	0.014,0.0	0.017
0.004	0.0,0.0	0.004
0.506	0.9,0.53	-0.209
0.569	0.622,0.354	0.081
0.762	0.778,0.643	0.051
0.57	0.743,1.0	-0.301
0.846	0.882,1.0	-0.095
0.242	0.204,0.113	0.083
0.055	0.033,0.0	0.038
0.081	0.059,0.346	-0.121
0.028	0.0,0.032	0.012
0.792	0.237,0.685	0.331
0.675	0.642,0.398	0.155
0.5	0.0,NA	0.5
0.49	0.385,0.596	-0.001
0.504	0.598,0.621	-0.105
0.512	0.608,0.638	-0.111
0.033	0.0,0.0	0.033
0.04	0.0,0.0	0.04
0.352	0.0,0.161	0.271
0.554	0.0,0.18	0.464
0.451	0.447,0.337	0.059
0.0	0.389,NA	-0.389
0.0	0.0,1.0	-0.5
0.062	0.154,0.332	-0.181
0.421	0.34,0.525	-0.012
0.245	0.077,0.039	0.187
0.0	0.295,0.334	-0.315
0.0	0.0,0.045	-0.022
0.25	0.452,0.361	-0.156
0.528	1.0,NA	-0.472
1.0	1.0,0.435	0.282
0.056	0.032,0.087	-0.003
0.262	0.322,0.222	-0.01
0.783	0.717,0.596	0.127
0.64	0.54,0.513	0.114
0.406	0.55,0.558	-0.148
0.627	0.525,0.577	0.076
0.096	0.0,0.0	0.096
0.555	0.56,0.496	0.027
0.642	0.456,0.498	0.165
0.461	0.486,0.535	-0.049
0.512	0.581,0.638	-0.097
0.0	1.0,1.0	-1.0
0.363	0.478,0.78	-0.266
0.0	0.247,0.133	-0.19
0.03	0.0,0.0	0.03
0.562	0.478,0.428	0.109
0.71	0.796,0.635	-0.006
0.271	0.489,0.784	-0.366
0.484	0.665,0.686	-0.192
0.0	0.084,0.072	-0.078
0.059	0.121,0.305	-0.154
1.0	0.0,NA	1.0
0.581	0.399,0.46	0.151
0.335	0.243,0.275	0.076
0.668	0.695,0.574	0.034
0.183	0.0,0.0	0.183
0.831	0.894,0.767	0.0
0.491	0.678,0.678	-0.187
0.326	0.239,0.417	-0.002
0.318	0.295,0.4	-0.03
0.451	0.372,0.473	0.029
0.385	0.53,0.702	-0.231
0.44	0.303,0.702	-0.062
0.0	0.277,0.124	-0.201
0.693	0.4,0.684	0.151
0.432	0.55,0.663	-0.175
0.872	1.0,1.0	-0.128
0.29	0.561,0.46	-0.221
0.609	1.0,1.0	-0.391
0.442	0.241,0.488	0.078
0.074	0.0,0.036	0.056
0.546	0.857,0.375	-0.07
1.0	0.901,1.0	0.049
0.774	0.502,0.516	0.265
0.473	0.808,0.66	-0.261
1.0	0.48,0.515	0.502
0.56	1.0,NA	-0.44
0.0	0.014,0.0	-0.007
0.421	0.411,0.35	0.041
0.454	0.535,0.473	-0.05
0.365	0.425,0.549	-0.122
0.502	0.411,0.408	0.093
0.733	0.647,0.846	-0.013
0.0	0.182,0.0	-0.091
0.0	0.167,0.0	-0.084
0.445	0.415,0.281	0.097
0.284	0.134,0.0	0.217
0.191	0.38,0.268	-0.133
0.28	0.565,0.448	-0.226
0.309	0.561,0.445	-0.194
0.505	0.505,0.671	-0.083
0.261	0.24,0.126	0.078
0.25	0.424,0.067	0.005
0.665	0.654,0.644	0.016
1.0	0.565,0.493	0.471
0.305	0.513,1.0	-0.451
0.613	0.552,0.503	0.085
0.437	0.421,0.515	-0.031
0.436	0.419,0.394	0.03
0.362	0.0,NA	0.362
1.0	0.4,0.333	0.633
0.0	0.077,0.143	-0.11
0.437	0.288,0.377	0.104
0.932	0.873,0.839	0.076
0.558	0.308,0.258	0.275
0.957	0.943,0.914	0.028
0.542	0.623,0.71	-0.124
0.492	0.5,0.708	-0.112
0.964	1.0,0.886	0.021
0.65	0.626,0.405	0.134
0.101	0.157,0.135	-0.045
0.68	0.243,0.23	0.444
0.285	0.122,0.185	0.131
0.467	0.448,0.444	0.021
0.574	0.371,0.264	0.256
1.0	NA,0.0	1.0
0.165	0.134,0.096	0.05
0.549	0.324,0.667	0.053
1.0	0.867,0.937	0.098
0.326	0.613,0.744	-0.352
0.42	0.628,0.53	-0.159
0.037	0.061,0.061	-0.024
0.085	0.08,0.103	-0.006
0.271	0.244,0.249	0.025
0.111	0.1,0.051	0.036
0.182	0.073,0.107	0.092
0.037	0.0,0.0	0.037
0.44	0.47,0.364	0.023
0.202	0.242,0.0	0.081
0.954	1.0,1.0	-0.046
0.073	0.065,0.0	0.04
0.867	0.927,0.856	-0.024
0.691	0.757,0.318	0.153
0.0	NA,0.488	-0.488
0.453	0.533,0.557	-0.092
0.559	0.46,0.642	0.008
0.625	0.583,0.4	0.134
0.534	0.364,0.0	0.352
0.888	0.958,0.885	-0.033
0.389	0.479,0.4	-0.05
0.942	0.935,0.935	0.007
0.684	0.686,0.485	0.099
0.444	0.356,0.573	-0.02
0.0	1.0,0.759	-0.879
0.474	0.589,0.439	-0.04
0.09	0.134,0.0	0.023
0.205	0.637,0.673	-0.45
0.138	0.0,0.0	0.138
0.0	0.0,1.0	-0.5
0.773	0.814,0.83	-0.049
1.0	1.0,0.993	0.004
0.0	1.0,NA	-1.0
0.934	0.97,0.824	0.037
0.912	0.947,0.815	0.031
0.32	0.527,0.586	-0.236
0.434	0.545,0.844	-0.261
1.0	0.904,1.0	0.048
0.02	0.0,0.0	0.02
0.957	1.0,0.881	0.016
1.0	0.667,1.0	0.166
0.364	0.364,0.467	-0.051
1.0	0.63,1.0	0.185
0.394	0.328,0.363	0.048
0.0	0.222,0.0	-0.111
0.437	0.137,0.193	0.272
0.547	0.388,0.413	0.147
0.0	0.172,0.0	-0.086
0.955	0.829,1.0	0.04
0.909	0.55,1.0	0.134
0.0	0.806,0.509	-0.657
0.0	0.678,0.678	-0.678
0.551	0.459,0.126	0.259
0.0	0.209,0.287	-0.248
0.0	0.26,0.425	-0.343
0.0	0.237,0.287	-0.262
0.0	0.293,0.425	-0.359
0.551	0.501,0.126	0.238
1.0	0.707,0.163	0.565
1.0	0.663,0.637	0.35
1.0	0.658,0.38	0.481
0.938	0.954,0.798	0.062
0.125	0.106,0.0	0.072
1.0	0.5,NA	0.5
0.455	0.347,0.3	0.132
0.2	0.158,0.263	-0.011
0.527	0.262,0.236	0.278
0.284	0.39,0.23	-0.026
0.0	0.0,0.161	-0.081
1.0	1.0,0.761	0.119
0.732	0.699,0.725	0.02
0.466	0.341,0.341	0.125
0.539	0.383,0.309	0.193
0.369	0.539,0.543	-0.172
0.719	0.773,0.867	-0.101
0.381	0.551,0.397	-0.093
0.809	0.835,1.0	-0.108
0.71	0.577,0.463	0.19
0.137	0.154,0.0	0.06
0.565	0.305,0.301	0.262
0.246	0.63,0.267	-0.203
0.447	0.325,0.609	-0.02
0.549	0.797,0.666	-0.182
0.082	0.073,0.069	0.011
0.37	0.551,0.182	0.003
0.8	0.778,1.0	-0.089
0.429	0.525,0.505	-0.086
0.46	0.626,0.482	-0.094
0.675	0.446,0.505	0.2
0.367	0.333,0.303	0.049
0.33	0.273,0.312	0.038
0.685	0.521,0.0	0.425
0.303	0.358,0.205	0.022
0.06	0.0,0.133	-0.007
0.966	1.0,0.949	-0.008
0.513	0.305,0.292	0.215
0.583	0.505,0.585	0.038
0.519	0.523,0.65	-0.068
0.465	0.425,0.793	-0.144
0.375	0.301,0.443	0.003
1.0	1.0,0.911	0.044
0.546	0.0,NA	0.546
0.569	0.591,0.567	-0.01
0.97	0.856,0.893	0.095
0.694	0.327,1.0	0.03
0.54	0.841,1.0	-0.38
0.314	0.4,0.452	-0.112
0.588	0.33,0.324	0.261
0.351	0.351,0.234	0.058
0.388	0.648,0.47	-0.171
1.0	1.0,0.462	0.269
0.358	0.392,0.627	-0.152
0.057	0.0,0.0	0.057
0.255	0.313,0.649	-0.226
0.0	0.0,0.221	-0.111
0.679	0.61,0.662	0.043
0.36	0.359,0.564	-0.101
0.3	0.383,0.403	-0.093
0.008	0.0,NA	0.008
0.0	0.0,0.064	-0.032
0.221	0.419,0.377	-0.177
0.513	0.64,0.499	-0.056
0.751	0.317,0.424	0.381
0.701	0.519,0.174	0.354
0.934	0.872,0.678	0.159
1.0	1.0,0.678	0.161
1.0	1.0,0.5	0.25
1.0	0.783,0.84	0.189
0.956	0.939,1.0	-0.014
0.647	0.72,0.559	0.008
0.824	0.854,0.914	-0.06
0.08	0.233,0.304	-0.189
0.316	0.39,0.495	-0.127
0.371	0.399,0.277	0.033
0.0	0.073,0.0	-0.036
0.0	0.038,0.0	-0.019
0.38	0.457,0.382	-0.039
0.986	1.0,0.863	0.054
0.523	0.348,0.556	0.071
0.016	0.0,0.166	-0.067
0.73	0.362,0.418	0.34
0.399	0.405,0.429	-0.018
0.406	0.528,0.522	-0.119
0.211	0.0,0.0	0.211
0.538	0.641,0.689	-0.127
0.575	0.431,0.451	0.134
0.697	0.595,0.708	0.045
0.696	0.677,0.586	0.065
0.464	0.436,0.35	0.071
0.36	0.321,0.26	0.07
0.155	0.142,0.266	-0.049
1.0	0.0,0.0	1.0
0.343	0.0,NA	0.343
0.989	0.977,1.0	0.001
0.383	0.536,0.768	-0.269
0.673	0.679,0.684	-0.008
1.0	0.967,1.0	0.016
0.45	0.462,0.267	0.085
0.813	0.776,0.582	0.134
0.654	0.791,0.767	-0.125
0.953	1.0,1.0	-0.047
0.944	1.0,1.0	-0.056
0.452	0.167,0.1	0.319
0.599	0.601,0.371	0.113
1.0	0.858,0.843	0.149
0.845	0.745,0.855	0.045
0.091	1.0,0.0	-0.409
0.012	0.069,0.0	-0.023
0.171	0.207,0.4	-0.132
0.979	0.844,0.969	0.073
0.388	0.413,0.479	-0.058
0.449	0.438,0.35	0.055
0.015	0.0,0.051	-0.01
1.0	0.857,1.0	0.072
0.896	0.881,0.878	0.017
0.522	0.492,0.0	0.276
0.0	0.07,0.0	-0.035
0.565	0.63,0.708	-0.104
1.0	1.0,0.793	0.103
0.575	0.551,0.457	0.071
1.0	0.861,1.0	0.07
0.729	0.519,0.527	0.206
0.93	0.834,1.0	0.013
0.906	0.659,0.739	0.207
0.689	0.35,0.212	0.408
0.378	0.43,0.55	-0.112
0.699	0.578,0.638	0.091
0.221	0.0,0.0	0.221
0.854	0.823,0.794	0.045
0.652	0.636,0.481	0.094
0.0	0.0,0.137	-0.069
0.272	0.28,0.446	-0.091
0.296	0.458,0.429	-0.148
0.381	0.372,0.291	0.049
0.705	0.656,0.475	0.139
0.213	0.41,0.298	-0.141
0.468	0.65,0.455	-0.084
0.974	1.0,0.97	-0.011
0.479	0.541,0.508	-0.045
0.175	0.184,0.192	-0.013
0.322	0.309,0.655	-0.16
0.568	0.603,0.711	-0.089
0.619	0.601,0.535	0.051
0.432	0.466,0.578	-0.09
0.495	0.463,0.472	0.027
0.49	0.745,0.414	-0.09
0.606	0.612,0.76	-0.08
0.816	1.0,1.0	-0.184
0.703	0.776,0.463	0.083
0.001	0.0,0.0	0.001
0.0	0.115,0.108	-0.112
0.236	0.313,0.666	-0.254
0.0	0.0,0.472	-0.236
0.603	0.549,0.821	-0.082
0.765	0.684,1.0	-0.077
0.327	0.383,0.329	-0.029
0.752	0.619,0.825	0.03
0.424	0.353,0.309	0.093
0.3	1.0,0.562	-0.481
0.316	0.406,0.222	0.002
1.0	0.897,1.0	0.051
1.0	0.578,0.309	0.556
0.192	0.187,0.129	0.034
0.69	0.7,0.799	-0.06
0.031	0.0,0.0	0.031
0.493	0.512,0.466	0.004
0.475	0.354,0.353	0.121
0.0	0.057,0.139	-0.098
0.608	1.0,NA	-0.392
1.0	1.0,0.0	0.5
1.0	1.0,0.853	0.074
0.358	0.423,0.397	-0.052
0.083	0.02,0.0	0.073
0.881	0.643,0.703	0.208
0.879	0.967,0.956	-0.083
0.968	0.933,0.951	0.026
0.814	0.956,0.95	-0.139
0.581	0.595,0.737	-0.085
0.257	NA,0.0	0.257
0.541	0.553,0.456	0.036
0.494	0.45,0.491	0.023
0.013	0.0,0.049	-0.012
0.523	0.622,0.504	-0.04
0.276	0.235,0.786	-0.234
0.771	0.85,0.872	-0.09
0.637	0.709,0.63	-0.032
0.744	0.745,0.826	-0.041
0.328	0.504,0.488	-0.168
0.719	0.59,0.971	-0.061
0.516	0.519,0.509	0.002
0.023	0.007,0.038	0.001
0.434	0.318,0.266	0.142
0.586	0.607,0.517	0.024
0.575	0.611,0.553	-0.007
0.512	0.542,0.438	0.022
0.481	0.555,0.435	-0.014
0.607	0.36,0.698	0.078
0.727	0.388,0.325	0.37
0.696	0.591,0.302	0.249
0.0	0.205,0.0	-0.102
0.0	0.081,0.0	-0.041
0.698	0.568,0.634	0.097
0.46	0.474,0.555	-0.054
0.247	0.386,0.421	-0.156
0.655	0.646,0.668	-0.002
0.34	0.348,0.3	0.016
0.422	0.791,0.5	-0.223
0.398	0.372,0.442	-0.009
0.316	0.264,0.317	0.026
0.678	0.492,0.346	0.259
0.374	0.241,0.199	0.154
0.839	0.748,0.331	0.299
1.0	1.0,0.674	0.163
1.0	1.0,0.674	0.163
0.24	0.254,0.245	-0.01
0.57	0.383,0.409	0.174
0.288	0.405,0.695	-0.262
0.669	1.0,1.0	-0.331
0.0	0.381,0.0	-0.191
0.0	0.0,0.136	-0.068
0.0	0.0,0.25	-0.125
0.652	0.625,0.156	0.262
0.833	1.0,1.0	-0.167
0.125	0.065,0.055	0.065
0.72	0.881,0.764	-0.103
0.193	0.251,0.062	0.037
0.191	0.154,0.279	-0.026
0.632	0.614,0.784	-0.067
0.653	0.782,0.813	-0.144
0.16	0.306,0.328	-0.157
0.708	0.382,0.15	0.442
0.017	0.0,0.102	-0.034
0.527	0.553,0.64	-0.07
0.722	0.698,0.64	0.053
0.431	0.0,0.098	0.382
0.536	0.476,0.474	0.061
0.458	0.347,0.598	-0.014
0.663	0.812,0.702	-0.094
0.519	0.517,0.364	0.079
0.344	0.447,0.244	-0.002
0.58	0.633,0.627	-0.05
0.38	0.335,0.264	0.081
0.053	0.46,0.336	-0.345
0.0	0.437,0.0	-0.218
0.658	0.615,0.545	0.078
0.247	0.224,0.263	0.004
0.442	0.567,0.453	-0.068
0.503	0.577,0.714	-0.142
0.4	0.293,0.359	0.074
0.932	1.0,1.0	-0.068
0.979	0.952,1.0	0.003
0.963	0.919,1.0	0.003
0.034	0.0,0.0	0.034
0.451	0.372,0.392	0.069
0.0	0.205,0.0	-0.102
0.0	0.0,0.555	-0.278
0.667	0.894,1.0	-0.28
0.833	0.82,1.0	-0.077
0.714	0.35,0.782	0.148
0.195	0.547,0.131	-0.144
0.457	NA,0.0	0.457
0.427	0.032,0.013	0.404
0.465	0.537,0.638	-0.122
0.543	0.304,0.547	0.118
0.528	0.429,0.519	0.054
0.589	0.764,0.642	-0.114
0.406	0.275,0.468	0.034
0.4	0.464,0.274	0.031
0.489	0.319,0.356	0.151
0.379	0.551,0.585	-0.189
0.357	0.0,0.625	0.044
0.362	0.572,0.229	-0.038
0.374	0.379,0.319	0.025
0.113	0.118,0.0	0.054
0.0	0.0,0.618	-0.309
0.433	0.68,0.657	-0.236
0.359	0.475,0.552	-0.155
0.747	0.639,0.561	0.147
0.308	0.367,0.234	0.008
0.342	0.39,0.317	-0.012
0.99	0.939,0.918	0.061
0.911	0.892,0.909	0.01
1.0	0.388,0.832	0.39
0.576	0.52,0.661	-0.015
0.616	0.692,0.568	-0.014
0.671	0.585,0.58	0.089
0.524	0.564,0.571	-0.043
1.0	NA,0.0	1.0
1.0	NA,0.0	1.0
0.0	1.0,NA	-1.0
0.0	1.0,NA	-1.0
0.0	NA,1.0	-1.0
0.483	0.377,0.594	-0.003
0.93	1.0,1.0	-0.07
0.139	0.392,0.871	-0.492
0.196	0.524,0.631	-0.382
0.603	0.631,0.202	0.186
0.385	0.162,0.0	0.304
0.29	0.393,0.141	0.023
0.551	0.391,0.391	0.16
1.0	0.933,1.0	0.033
0.326	0.0,1.0	-0.174
0.442	0.417,0.576	-0.054
0.0	0.074,0.194	-0.134
0.32	0.32,0.208	0.056
0.328	0.428,0.281	-0.027
0.408	0.684,0.479	-0.174
0.0	0.036,0.149	-0.092
0.414	0.488,0.609	-0.135
0.0	0.038,0.149	-0.093
0.0	0.038,0.148	-0.093
0.449	0.667,0.667	-0.218
0.571	0.568,0.604	-0.015
0.529	0.688,0.24	0.065
0.487	0.362,0.388	0.112
0.352	0.436,0.37	-0.051
0.222	0.139,0.387	-0.041
0.317	0.398,0.265	-0.015
0.417	1.0,0.0	-0.083
0.276	0.432,1.0	-0.44
0.997	1.0,1.0	-0.003
0.048	0.0,0.0	0.048
0.155	0.0,0.0	0.155
0.286	0.511,0.511	-0.225
0.946	0.951,1.0	-0.03
0.542	0.53,0.399	0.078
0.629	0.479,0.727	0.026
0.379	0.252,0.187	0.16
0.601	0.452,0.266	0.242
0.515	0.529,0.474	0.013
0.379	0.147,0.431	0.09
0.526	0.4,0.376	0.138
0.462	0.433,0.548	-0.029
0.905	0.936,0.871	0.002
0.549	0.594,0.808	-0.152
0.486	0.409,0.365	0.099
0.0	0.061,0.04	-0.051
0.496	0.26,0.346	0.193
0.311	0.268,0.501	-0.074
0.222	0.14,0.053	0.126
0.483	0.467,0.711	-0.106
0.745	0.353,0.6	0.269
0.445	0.489,0.436	-0.018
0.636	0.477,0.458	0.168
0.033	0.062,0.053	-0.024
0.567	0.502,0.548	0.042
0.705	0.562,0.9	-0.026
0.008	0.0,0.0	0.008
0.359	0.13,0.341	0.123
0.028	0.031,0.025	0.0
0.0	1.0,0.0	-0.5
0.556	0.585,0.493	0.017
0.505	0.597,0.608	-0.098
0.006	0.026,0.026	-0.02
0.635	0.484,0.652	0.067
0.627	0.613,0.516	0.062
1.0	1.0,0.5	0.25
1.0	0.939,1.0	0.03
1.0	0.0,NA	1.0
0.413	0.39,0.462	-0.013
0.823	0.809,0.771	0.033
0.378	0.519,0.48	-0.121
0.582	0.731,0.863	-0.215
0.769	0.817,0.791	-0.035
0.76	0.494,0.308	0.359
0.703	0.832,0.936	-0.181
0.0	0.273,0.0	-0.137
0.551	0.594,0.715	-0.103
0.659	0.537,0.602	0.09
0.032	0.0,0.0	0.032
0.213	0.466,0.504	-0.272
0.014	0.0,0.0	0.014
0.0	0.062,0.15	-0.106
0.0	0.034,0.103	-0.069
0.586	0.598,0.571	0.001
0.238	0.477,0.261	-0.131
1.0	0.961,1.0	0.02
0.066	0.178,0.467	-0.257
0.673	0.586,0.712	0.024
0.276	0.515,0.405	-0.184
0.633	0.736,0.499	0.016
0.266	0.623,0.393	-0.242
0.252	0.276,0.265	-0.019
0.562	0.471,0.6	0.027
0.667	0.732,0.875	-0.136
0.331	0.578,0.779	-0.347
0.0	1.0,0.602	-0.801
1.0	0.783,0.0	0.609
0.693	0.641,0.609	0.068
0.021	0.265,0.066	-0.145
0.897	0.908,0.838	0.024
1.0	0.924,1.0	0.038
0.485	0.227,0.224	0.259
0.344	0.522,0.6	-0.217
0.58	0.694,0.652	-0.093
0.647	0.66,0.594	0.02
0.329	0.555,0.714	-0.306
0.479	0.657,0.785	-0.242
0.578	0.489,0.525	0.071
0.367	0.293,0.259	0.091
0.194	0.171,0.254	-0.019
0.401	0.228,0.349	0.113
0.342	0.348,0.385	-0.024
0.355	0.487,0.364	-0.071
1.0	1.0,0.872	0.064
0.383	0.302,0.486	-0.011
0.66	0.499,0.744	0.039
0.301	0.386,0.137	0.039
0.379	0.438,0.296	0.012
0.562	0.578,0.704	-0.079
0.09	0.22,0.198	-0.119
0.021	0.057,0.066	-0.04
0.0	0.0,0.035	-0.018
0.548	0.646,0.804	-0.177
0.477	0.569,0.629	-0.122
0.0	0.561,0.0	-0.281
0.956	0.919,0.854	0.069
1.0	0.0,0.0	1.0
0.668	0.786,0.643	-0.046
0.623	0.683,0.277	0.143
0.181	0.258,0.0	0.052
0.597	0.57,0.325	0.149
0.37	0.431,0.43	-0.06
0.578	0.599,0.705	-0.074
0.451	0.415,0.485	0.001
0.0	NA,0.303	-0.303
0.575	1.0,0.184	-0.017
1.0	1.0,0.6	0.2
0.667	NA,0.667	0.0
0.697	1.0,NA	-0.303
0.165	0.21,0.156	-0.018
0.437	0.578,0.415	-0.059
0.037	0.19,0.095	-0.106
0.523	0.595,0.506	-0.027
0.02	0.071,0.087	-0.059
0.379	0.532,0.597	-0.185
0.0	0.0,0.234	-0.117
0.716	0.424,0.0	0.504
0.0	0.213,0.0	-0.106
0.2	0.0,0.333	0.034
0.24	0.5,0.4	-0.21
0.45	0.42,0.534	-0.027
0.619	0.606,0.873	-0.121
0.946	0.967,1.0	-0.038
0.716	0.71,0.728	-0.003
0.256	0.577,0.353	-0.209
0.286	0.839,0.6	-0.434
0.475	0.667,0.543	-0.13
0.474	0.571,0.637	-0.13
0.0	0.132,NA	-0.132
0.474	0.426,0.432	0.045
0.267	0.106,0.127	0.151
1.0	0.568,0.684	0.374
0.241	0.356,0.241	-0.057
0.659	0.782,0.483	0.026
0.641	0.649,0.468	0.083
0.511	0.444,0.359	0.11
0.0	0.286,0.0	-0.143
0.686	0.585,0.804	-0.008
0.08	0.157,0.052	-0.024
0.128	0.118,0.067	0.036
0.629	0.418,0.569	0.136
0.798	1.0,0.198	0.199
0.0	0.404,1.0	-0.702
0.463	0.757,0.718	-0.275
0.603	0.746,0.578	-0.059
0.665	0.894,0.663	-0.113
0.458	0.585,0.463	-0.066
0.608	0.67,0.652	-0.053
0.158	0.292,0.0	0.012
0.533	0.557,0.38	0.065
0.479	0.465,0.432	0.03
0.564	0.653,0.764	-0.145
0.962	1.0,1.0	-0.038
0.467	0.619,0.708	-0.196
0.232	0.724,1.0	-0.63
0.266	0.305,0.378	-0.076
0.372	0.612,0.372	-0.12
0.374	0.353,0.463	-0.034
0.492	0.352,0.251	0.191
0.634	0.663,0.783	-0.089
1.0	0.87,0.785	0.172
0.404	0.318,0.249	0.121
0.169	0.169,0.284	-0.057
0.661	0.421,0.503	0.199
0.562	0.643,0.475	0.003
0.343	0.374,0.265	0.024
0.62	0.4,0.337	0.251
0.089	0.067,0.122	-0.006
0.546	0.546,0.355	0.096
0.0	0.0,0.253	-0.127
0.539	0.57,0.631	-0.061
0.652	0.732,0.595	-0.011
0.621	0.672,0.692	-0.061
0.708	0.627,0.615	0.087
0.428	0.149,0.423	0.142
0.0	0.094,0.294	-0.194
0.449	0.404,0.442	0.026
0.428	0.445,0.462	-0.026
0.768	0.912,0.876	-0.126
0.532	0.541,0.607	-0.042
0.522	0.425,0.521	0.049
0.64	1.0,0.711	-0.215
0.259	0.502,0.763	-0.374
1.0	0.881,1.0	0.059
0.273	0.693,0.53	-0.338
0.352	0.31,0.378	0.008
0.29	0.343,0.425	-0.094
0.003	0.0,0.0	0.003
0.646	0.617,0.727	-0.026
0.447	0.408,0.279	0.103
0.526	0.501,0.295	0.128
0.711	0.592,0.583	0.124
0.894	0.894,0.786	0.054
0.65	0.745,0.802	-0.124
0.106	0.441,0.308	-0.269
0.673	0.726,0.605	0.008
0.0	0.462,0.6	-0.531
0.0	0.067,0.4	-0.234
0.49	0.221,0.561	0.099
0.604	0.596,0.655	-0.021
0.387	0.254,0.185	0.168
0.642	0.63,0.535	0.059
0.0	0.032,0.05	-0.041
0.517	0.474,0.478	0.041
0.427	0.398,0.329	0.063
0.098	0.139,0.038	0.009
0.52	0.434,0.488	0.059
0.359	0.324,0.375	0.009
0.0	0.286,0.0	-0.143
0.382	0.514,0.351	-0.05
0.492	0.487,0.48	0.009
0.664	0.397,0.0	0.466
0.497	0.397,0.397	0.1
0.927	0.923,0.971	-0.02
0.697	0.768,0.505	0.06
0.309	0.427,0.498	-0.154
0.773	0.779,0.757	0.005
0.773	0.794,0.719	0.017
0.715	0.692,0.541	0.098
0.782	0.806,0.672	0.043
0.699	0.717,0.781	-0.05
0.443	0.522,0.542	-0.089
0.474	0.495,0.513	-0.03
0.325	0.258,0.208	0.092
0.355	0.234,0.222	0.127
0.357	0.263,0.186	0.132
0.963	0.967,0.876	0.041
0.47	0.285,0.395	0.13
1.0	1.0,0.967	0.016
0.558	0.56,0.538	0.009
0.988	1.0,0.97	0.003
0.05	0.0,0.0	0.05
0.37	0.566,0.381	-0.103
0.648	0.708,0.666	-0.039
0.635	0.815,0.718	-0.131
0.116	0.305,0.104	-0.088
0.846	0.898,0.524	0.135
0.545	0.852,0.418	-0.09
0.958	0.922,0.831	0.081
0.977	0.952,0.905	0.048
0.902	0.929,0.861	0.007
1.0	1.0,0.75	0.125
1.0	1.0,0.663	0.168
0.288	0.041,0.106	0.214
0.97	0.935,0.848	0.079
0.421	0.079,0.073	0.345
0.0	0.0,0.038	-0.019
0.0	0.0,0.057	-0.029
0.0	0.041,0.041	-0.041
0.417	0.511,0.69	-0.184
0.384	0.384,NA	0.0
0.957	0.767,0.649	0.249
1.0	0.744,0.909	0.173
1.0	1.0,0.849	0.076
0.525	0.559,0.6	-0.054
0.382	0.536,0.726	-0.249
0.818	0.913,0.981	-0.129
0.503	0.529,0.626	-0.075
0.184	0.097,0.031	0.12
0.521	0.581,0.605	-0.072
0.64	0.75,0.723	-0.096
0.527	0.562,0.414	0.039
0.643	0.701,0.585	0.0
0.042	0.046,0.0	0.019
0.537	0.656,0.62	-0.101
0.965	1.0,0.957	-0.013
0.331	0.342,0.419	-0.049
0.467	0.343,0.608	-0.009
0.479	0.191,0.0	0.383
0.722	0.84,0.81	-0.103
0.407	0.467,0.732	-0.193
0.478	0.709,0.323	-0.038
0.499	0.592,0.575	-0.084
0.503	0.462,0.347	0.099
0.401	0.366,0.469	-0.016
1.0	0.652,0.882	0.233
0.471	0.0,NA	0.471
0.441	0.279,0.308	0.148
0.0	0.34,0.755	-0.547
0.53	0.523,0.551	-0.007
0.0	0.155,0.0	-0.077
0.483	0.4,0.0	0.283
0.444	0.444,0.305	0.07
0.765	0.237,0.757	0.268
0.534	0.472,0.434	0.081
0.857	0.928,0.933	-0.074
0.667	0.5,0.5	0.167
0.41	0.631,0.582	-0.197
0.932	1.0,1.0	-0.068
1.0	0.904,1.0	0.048
1.0	0.301,0.301	0.699
0.558	0.503,0.0	0.307
0.459	0.342,0.361	0.107
0.573	0.063,0.668	0.207
0.6	0.636,0.0	0.282
0.427	0.329,0.0	0.262
0.0	0.379,0.289	-0.334
0.0	0.333,0.333	-0.333
0.0	1.0,0.0	-0.5
0.568	0.571,0.532	0.016
0.036	0.0,0.0	0.036
0.524	0.372,0.306	0.185
0.543	0.71,0.549	-0.086
0.87	0.865,1.0	-0.062
0.0	0.062,0.0	-0.031
0.3	0.0,0.0	0.3
0.964	1.0,1.0	-0.036
0.967	1.0,1.0	-0.033
0.962	1.0,1.0	-0.038
0.9	0.671,0.352	0.388
0.0	0.014,0.0	-0.007
0.537	0.579,0.574	-0.039
0.577	0.482,0.604	0.034
0.555	0.588,0.612	-0.045
1.0	0.522,0.609	0.434
0.266	0.377,0.367	-0.106
0.42	0.348,0.445	0.024
0.025	0.083,0.094	-0.064
0.171	0.158,0.24	-0.028
0.023	0.02,0.0	0.013
0.456	0.435,0.435	0.021
0.617	0.497,0.559	0.089
0.242	0.106,0.269	0.054
0.485	0.601,0.723	-0.177
0.727	0.504,0.641	0.154
0.16	0.093,0.108	0.059
0.701	0.0,NA	0.701
0.056	0.02,0.0	0.046
0.209	0.253,0.195	-0.015
1.0	0.973,1.0	0.014
0.525	0.407,0.343	0.15
0.0	0.516,0.486	-0.501
0.481	0.521,0.511	-0.035
0.401	0.0,0.229	0.287
0.477	0.42,0.361	0.087
0.478	0.632,0.16	0.082
0.389	1.0,NA	-0.611
0.121	0.0,0.0	0.121
0.416	0.459,0.519	-0.073
0.015	0.019,0.0	0.005
0.357	0.282,0.296	0.068
0.038	0.0,0.032	0.022
0.134	0.114,0.059	0.048
0.527	0.613,0.408	0.017
0.234	0.246,0.404	-0.091
0.931	0.897,0.934	0.016
0.261	0.222,0.307	-0.004
0.237	0.144,0.21	0.06
0.077	0.327,0.145	-0.159
0.105	0.404,0.209	-0.202
0.527	0.715,0.477	-0.069
0.625	0.587,0.682	-0.01
0.039	0.0,0.0	0.039
0.629	0.251,0.264	0.371
0.12	0.313,0.347	-0.21
0.246	0.0,0.175	0.159
0.0	0.246,0.604	-0.425
0.46	0.452,0.396	0.036
0.278	0.271,0.2	0.043
0.836	1.0,NA	-0.164
0.481	0.671,0.0	0.145
0.154	0.0,0.0	0.154
0.0	0.13,NA	-0.13
0.13	0.253,1.0	-0.497
0.0	0.051,0.0	-0.025
0.042	0.109,0.388	-0.206
0.292	0.214,0.237	0.067
0.502	0.451,0.345	0.104
0.324	0.577,0.379	-0.154
0.0	0.375,0.325	-0.35
0.783	1.0,0.445	0.06
0.117	0.077,0.025	0.066
0.037	0.02,0.0	0.027
0.197	0.09,0.361	-0.028
0.434	0.46,0.793	-0.193
0.093	0.254,0.0	-0.034
0.583	0.57,0.159	0.218
0.251	0.21,0.329	-0.019
0.54	0.436,0.536	0.054
0.531	0.579,0.643	-0.08
0.48	1.0,0.48	-0.26
1.0	1.0,0.503	0.248
0.112	0.168,0.0	0.028
0.096	0.129,0.0	0.032
0.543	1.0,0.543	-0.229
1.0	1.0,0.566	0.217
0.191	0.115,0.178	0.045
1.0	NA,0.523	0.477
0.457	0.424,0.131	0.18
0.624	0.694,0.617	-0.031
0.419	1.0,0.419	-0.291
0.483	1.0,0.483	-0.259
0.0	0.269,0.0	-0.135
0.418	0.297,0.335	0.102
0.518	0.546,0.519	-0.014
0.543	0.614,0.524	-0.026
0.498	0.584,0.522	-0.055
0.305	0.33,0.233	0.023
0.554	0.482,0.465	0.081
0.501	0.402,0.423	0.089
0.503	0.654,0.468	-0.058
0.436	0.668,0.406	-0.101
0.0	0.05,0.0	-0.025
0.507	0.529,0.597	-0.056
0.413	0.474,0.558	-0.103
0.051	0.062,0.156	-0.058
0.022	0.006,0.0	0.019
0.124	0.078,0.077	0.046
0.228	0.0,0.062	0.197
0.528	0.559,0.662	-0.083
0.617	0.567,0.634	0.016
0.524	0.582,0.623	-0.079
0.344	0.174,0.149	0.182
0.087	0.17,0.127	-0.062
0.537	0.446,0.597	0.016
0.449	0.491,0.442	-0.018
1.0	0.384,NA	0.616
1.0	0.0,0.0	1.0
0.416	0.388,0.383	0.03
0.393	0.273,0.476	0.019
0.614	0.392,0.696	0.07
0.0	0.137,0.029	-0.083
0.096	0.0,0.151	0.021
0.8	0.5,0.5	0.3
0.019	0.004,0.0	0.017
0.244	0.299,0.135	0.027
0.931	0.89,0.898	0.037
0.297	0.0,0.0	0.297
0.327	0.16,0.262	0.116
0.045	0.259,0.0	-0.085
0.309	0.145,0.0	0.236
0.332	0.226,0.387	0.026
0.616	0.441,0.522	0.134
0.547	0.567,0.498	0.015
0.485	0.372,0.489	0.054
0.415	0.407,0.54	-0.059
0.429	0.416,0.54	-0.049
0.75	0.693,0.82	-0.006
0.339	0.411,0.425	-0.079
0.172	0.259,0.194	-0.055
0.335	0.343,0.409	-0.041
0.6	0.769,0.391	0.02
1.0	0.556,1.0	0.222
0.111	0.065,0.212	-0.028
0.308	0.0,0.0	0.308
0.409	0.312,0.421	0.042
0.281	0.263,0.123	0.088
0.365	0.449,0.322	-0.021
0.212	0.106,0.267	0.025
0.212	0.092,0.267	0.033
0.205	0.206,0.268	-0.032
0.459	0.449,0.502	-0.017
0.377	0.449,0.469	-0.082
0.079	0.0,0.054	0.052
0.037	0.026,0.025	0.011
0.625	0.706,0.644	-0.05
0.43	0.352,0.362	0.073
0.0	1.0,NA	-1.0
1.0	0.0,NA	1.0
1.0	0.956,0.941	0.052
0.7	0.63,0.667	0.051
0.259	0.222,0.276	0.01
0.127	0.0,0.0	0.127
0.519	0.407,0.442	0.095
0.0	0.0,0.154	-0.077
0.577	0.503,0.589	0.031
0.414	0.472,0.511	-0.078
0.372	0.371,0.336	0.018
0.492	0.483,0.502	-0.001
0.463	0.506,0.543	-0.061
0.472	0.48,0.361	0.051
0.497	0.499,0.45	0.022
0.455	0.716,0.826	-0.316
0.383	0.402,0.41	-0.023
0.592	0.752,0.917	-0.243
0.5	0.942,1.0	-0.471
0.054	0.028,0.0	0.04
0.672	0.786,0.723	-0.082
0.766	0.742,0.627	0.082
0.593	0.591,0.555	0.02
0.018	0.11,0.0	-0.037
1.0	0.378,NA	0.622
0.349	0.416,0.517	-0.118
0.479	0.535,0.593	-0.085
0.0	0.659,0.743	-0.701
0.061	0.0,0.0	0.061
0.57	0.504,0.551	0.042
0.506	0.45,0.409	0.077
0.322	0.314,0.403	-0.037
0.447	0.351,0.516	0.014
0.501	0.734,1.0	-0.366
0.399	0.249,0.305	0.122
0.47	0.635,0.544	-0.12
0.32	0.493,0.435	-0.144
0.407	0.399,0.315	0.05
0.452	0.481,0.524	-0.05
0.477	0.473,0.541	-0.03
0.512	0.415,0.558	0.025
0.382	0.423,0.423	-0.041
0.637	0.648,0.493	0.067
0.2	0.75,0.25	-0.3
1.0	0.87,0.565	0.282
1.0	0.852,0.527	0.31
0.706	0.828,0.325	0.129
0.729	0.844,0.35	0.132
1.0	0.875,1.0	0.062
0.0	0.562,0.5	-0.531
0.144	0.432,0.425	-0.284
0.443	0.453,0.466	-0.017
0.725	0.661,0.709	0.04
0.565	0.509,0.508	0.056
0.616	0.533,0.202	0.248
0.751	0.564,0.751	0.094
0.309	0.0,0.0	0.309
0.2	0.167,0.2	0.017
0.0	0.211,0.182	-0.197
1.0	0.0,0.0	1.0
0.667	0.0,0.0	0.667
0.0	0.38,0.277	-0.329
0.681	1.0,0.0	0.181
0.641	0.477,0.415	0.195
0.304	0.0,NA	0.304
0.521	0.493,0.552	-0.001
0.5	0.606,0.578	-0.092
0.393	0.558,0.378	-0.075
0.0	0.207,0.281	-0.244
0.85	0.584,0.513	0.301
0.437	0.49,0.409	-0.013
0.516	0.559,0.498	-0.012
0.852	0.862,0.754	0.044
0.907	0.725,0.688	0.201
0.728	0.682,0.523	0.125
0.437	0.0,0.0	0.437
0.489	0.464,0.58	-0.033
0.847	0.926,1.0	-0.116
0.357	0.308,0.357	0.024
0.202	0.246,0.045	0.057
0.511	0.488,0.507	0.014
1.0	0.506,NA	0.494
0.126	0.0,0.0	0.126
0.193	0.0,0.161	0.113
0.144	0.037,0.191	0.03
0.717	0.793,0.833	-0.096
0.789	0.85,0.779	-0.025
0.406	0.0,0.443	0.185
0.347	0.0,1.0	-0.153
0.804	0.909,1.0	-0.15
0.885	1.0,0.865	-0.047
1.0	0.865,1.0	0.068
0.118	0.465,0.268	-0.249
0.119	0.0,0.0	0.119
0.598	0.705,0.672	-0.091
0.643	0.265,0.574	0.224
0.362	0.262,0.283	0.09
0.593	0.597,0.621	-0.016
1.0	0.949,0.683	0.184
0.5	0.286,0.424	0.145
0.286	0.47,0.494	-0.196
0.184	0.388,0.426	-0.223
0.893	0.396,0.724	0.333
0.0	1.0,NA	-1.0
0.253	0.263,0.298	-0.027
0.0	0.24,0.137	-0.189
0.455	0.31,0.428	0.086
0.145	0.261,0.143	-0.057
0.483	0.501,0.506	-0.021
0.403	0.385,0.265	0.078
0.247	0.175,0.509	-0.095
0.645	0.716,0.74	-0.083
0.498	0.323,0.302	0.185
0.045	0.116,0.0	-0.013
1.0	NA,0.0	1.0
0.511	0.0,NA	0.511
0.0	0.0,1.0	-0.5
0.539	0.534,0.509	0.017
0.509	0.495,0.582	-0.029
0.435	0.417,0.358	0.048
0.54	0.482,0.775	-0.089
0.585	0.49,0.377	0.151
0.37	0.343,0.293	0.052
0.337	0.553,0.49	-0.185
0.761	0.753,0.811	-0.021
0.479	0.737,0.667	-0.223
0.438	0.554,0.429	-0.054
0.415	0.282,0.606	-0.029
0.656	0.665,0.759	-0.056
0.399	0.45,0.196	0.076
0.41	0.59,0.773	-0.272
0.437	0.53,0.424	-0.04
0.528	0.439,0.178	0.22
0.453	0.336,0.155	0.208
0.564	0.631,0.0	0.248
0.844	1.0,NA	-0.156
0.394	NA,1.0	-0.606
0.119	0.0,0.0	0.119
0.548	0.558,0.42	0.059
0.2	0.264,0.275	-0.07
0.24	0.282,0.274	-0.038
0.509	0.326,0.454	0.119
1.0	0.93,1.0	0.035
1.0	0.809,1.0	0.095
0.007	0.009,0.0	0.003
0.222	0.199,0.208	0.018
0.999	1.0,1.0	-0.001
0.417	0.36,0.35	0.062
0.002	0.0,0.0	0.002
0.55	0.454,0.486	0.08
0.0	1.0,NA	-1.0
0.001	0.0,0.0	0.001
0.423	0.416,0.339	0.045
0.0	0.002,0.002	-0.002
1.0	0.75,1.0	0.125
1.0	0.0,1.0	0.5
0.69	0.667,0.0	0.356
0.593	0.798,0.597	-0.105
0.53	0.693,0.732	-0.182
0.0	0.359,NA	-0.359
0.793	0.793,1.0	-0.104
1.0	0.932,1.0	0.034
1.0	0.618,0.519	0.431
0.458	0.326,0.559	0.016
1.0	0.0,0.0	1.0
0.146	0.0,0.0	0.146
0.0	0.049,0.0	-0.025
0.552	0.262,0.182	0.33
0.288	0.362,1.0	-0.393
0.288	0.362,1.0	-0.393
0.0	0.0,1.0	-0.5
0.563	0.392,1.0	-0.133
0.208	0.0,NA	0.208
0.0	0.0,1.0	-0.5
0.588	0.455,1.0	-0.14
0.225	0.0,NA	0.225
1.0	0.761,1.0	0.119
1.0	0.857,1.0	0.072
1.0	0.889,1.0	0.055
0.347	1.0,0.0	-0.153
1.0	1.0,0.761	0.119
1.0	NA,0.0	1.0
1.0	0.761,1.0	0.119
1.0	0.857,1.0	0.072
1.0	0.889,1.0	0.055
0.21	1.0,0.0	-0.29
0.21	0.614,1.0	-0.597
0.727	0.875,1.0	-0.211
0.169	0.0,0.0	0.169
0.589	0.653,0.386	0.069
0.589	0.715,0.386	0.038
0.909	0.815,0.31	0.347
0.77	0.557,0.328	0.328
0.77	0.557,0.259	0.362
0.133	0.5,0.667	-0.451
0.444	0.791,0.755	-0.329
0.527	0.364,0.501	0.095
0.005	0.017,0.101	-0.054
0.016	0.033,0.036	-0.019
0.179	0.206,0.12	0.016
0.487	0.428,0.462	0.042
0.602	0.408,0.287	0.255
0.563	0.563,0.525	0.019
0.169	0.465,0.835	-0.481
0.22	0.053,0.098	0.145
0.75	0.495,0.791	0.107
0.731	0.809,0.786	-0.067
0.23	0.183,0.121	0.078
0.788	0.458,0.819	0.15
1.0	0.904,1.0	0.048
0.208	0.235,0.094	0.044
0.0	0.298,NA	-0.298
0.384	1.0,0.0	-0.116
0.759	0.417,0.396	0.353
1.0	0.75,0.0	0.625
0.985	0.929,0.843	0.099
0.752	0.732,0.554	0.109
0.045	0.173,0.188	-0.136
0.0	0.225,0.189	-0.207
1.0	0.264,NA	0.736
1.0	0.287,1.0	0.357
1.0	0.26,1.0	0.37
0.896	0.63,1.0	0.081
0.793	0.529,1.0	0.029
0.495	0.495,1.0	-0.253
0.204	0.466,0.421	-0.24
0.166	1.0,0.0	-0.334
0.399	0.353,0.472	-0.013
0.468	0.723,0.159	0.027
0.939	0.605,0.754	0.259
0.476	0.277,1.0	-0.163
0.076	0.436,1.0	-0.642
0.668	0.696,0.879	-0.119
0.512	0.693,0.904	-0.286
0.218	0.237,0.566	-0.183
0.53	0.671,0.565	-0.088
0.633	1.0,0.919	-0.327
0.482	0.396,0.377	0.095
0.525	0.471,0.27	0.155
0.048	0.036,0.05	0.005
0.932	0.923,0.84	0.051
0.074	0.176,0.215	-0.122
0.645	0.806,0.585	-0.05
0.23	0.0,0.0	0.23
0.869	NA,1.0	-0.131
0.662	0.0,1.0	0.162
0.473	0.0,1.0	-0.027
0.374	0.0,0.0	0.374
0.307	0.0,NA	0.307
0.228	0.0,NA	0.228
0.119	0.0,NA	0.119
0.395	1.0,NA	-0.605
0.587	1.0,NA	-0.413
0.6	1.0,NA	-0.4
0.326	1.0,0.0	-0.174
0.256	1.0,0.0	-0.244
0.516	0.0,1.0	0.016
0.638	0.0,0.0	0.638
0.162	0.043,0.098	0.091
0.699	0.586,0.453	0.179
0.706	0.505,0.851	0.028
0.671	0.473,0.675	0.097
0.0	0.737,1.0	-0.869
0.74	0.683,0.441	0.178
0.78	0.847,0.878	-0.083
0.682	0.758,0.684	-0.039
0.938	0.978,0.964	-0.033
0.246	0.094,0.0	0.199
0.0	0.408,0.0	-0.204
0.735	0.671,NA	0.064
0.833	1.0,0.667	-0.001
0.496	0.548,0.198	0.123
1.0	0.939,0.971	0.045
0.168	0.0,0.0	0.168
0.7	0.909,0.462	0.014
0.7	0.895,0.364	0.071
0.0	0.042,0.0	-0.021
0.31	0.382,0.0	0.119
0.224	0.645,0.0	-0.099
0.611	0.645,0.82	-0.121
0.061	0.078,0.136	-0.046
0.412	0.418,0.489	-0.042
0.48	0.47,0.54	-0.025
0.0	1.0,1.0	-1.0
1.0	0.708,0.0	0.646
0.296	0.33,0.429	-0.084
0.377	0.398,0.445	-0.044
0.41	0.356,0.45	0.007
0.175	0.0,0.0	0.175
0.5	0.0,0.0	0.5
0.768	0.94,0.829	-0.116
0.49	0.438,0.438	0.052
0.0	0.667,0.0	-0.334
0.0	0.705,0.896	-0.8
0.564	0.0,0.793	0.167
0.427	0.617,0.624	-0.194
1.0	0.473,0.265	0.631
1.0	0.0,0.0	1.0
0.34	0.031,0.166	0.242
1.0	1.0,0.0	0.5
0.502	0.6,0.511	-0.053
0.726	0.689,0.608	0.078
0.162	0.21,0.205	-0.045
0.544	0.561,0.573	-0.023
0.616	0.562,0.61	0.03
0.817	0.635,0.271	0.364
0.667	0.55,0.939	-0.077
0.533	0.579,0.31	0.089
0.895	0.836,0.898	0.028
0.156	0.084,0.13	0.049
1.0	0.0,NA	1.0
0.117	0.115,0.277	-0.079
0.065	0.0,0.0	0.065
0.037	0.244,0.238	-0.204
0.708	0.651,0.716	0.024
0.329	0.339,0.506	-0.093
0.377	0.401,0.417	-0.032
0.986	1.0,1.0	-0.014
0.986	1.0,1.0	-0.014
0.122	0.183,0.076	-0.008
1.0	0.9,1.0	0.05
0.549	0.619,1.0	-0.26
0.462	0.424,0.505	-0.003
0.479	0.428,0.507	0.011
0.913	0.723,0.676	0.214
0.887	0.875,0.929	-0.015
0.803	0.63,0.592	0.192
0.846	0.845,0.736	0.055
0.559	0.508,0.685	-0.037
0.647	0.733,0.431	0.065
0.549	0.361,0.415	0.161
0.757	0.593,0.569	0.176
0.045	0.0,0.0	0.045
0.654	0.55,0.888	-0.065
0.498	0.612,0.788	-0.202
0.515	NA,0.68	-0.165
0.422	NA,0.422	0.0
0.23	0.33,0.305	-0.087
0.885	0.866,0.85	0.027
0.959	0.986,1.0	-0.034
0.468	0.265,0.127	0.272
0.11	0.0,0.151	0.035
0.0	0.0,0.125	-0.062
0.0	0.0,0.1	-0.05
0.0	0.202,0.052	-0.127
0.136	0.046,0.265	-0.019
0.88	1.0,0.619	0.071
0.87	1.0,0.0	0.37
0.478	0.205,0.0	0.376
0.664	0.645,0.591	0.046
0.0	0.0,0.0	0.0
0.457	0.424,0.507	-0.009
1.0	1.0,1.0	0.0
0.6	0.617,0.648	-0.033
0.946	1.0,1.0	-0.054
0.12	0.286,0.0	-0.023
0.091	0.286,0.0	-0.052
0.57	0.603,0.814	-0.138
0.561	0.386,0.364	0.186
0.133	0.171,0.242	-0.074
0.131	0.169,0.234	-0.071
0.632	0.394,0.447	0.212
0.0	0.37,0.44	-0.405
0.846	0.414,0.468	0.405
0.0	0.623,0.569	-0.596
0.028	0.0,0.0	0.028
0.027	0.0,0.0	0.027
0.552	0.704,0.303	0.049
0.298	0.345,0.212	0.02
0.871	0.773,0.893	0.038
0.309	0.295,0.31	0.007
0.633	0.844,0.587	-0.083
0.033	0.028,0.0	0.019
0.142	0.294,0.436	-0.223
0.509	0.0,NA	0.509
0.39	0.44,0.403	-0.031
0.911	0.128,0.089	0.802
0.982	1.0,1.0	-0.018
0.138	0.2,0.147	-0.035
0.352	0.243,0.387	0.037
0.0	0.039,0.027	-0.033
0.606	0.324,0.439	0.224
0.608	0.568,0.678	-0.015
0.607	0.554,0.683	-0.012
0.592	0.555,0.503	0.063
0.12	0.168,0.28	-0.104
0.138	0.11,0.328	-0.081
0.068	0.12,0.11	-0.047
0.034	0.201,0.0	-0.067
0.112	0.107,0.039	0.039
0.145	0.183,0.154	-0.023
0.846	1.0,1.0	-0.154
1.0	1.0,0.949	0.026
0.761	0.751,0.543	0.114
0.415	0.669,0.176	-0.008
0.681	0.523,0.183	0.328
0.321	0.428,0.314	-0.05
0.017	0.077,0.144	-0.093
0.0	0.047,0.0	-0.024
1.0	1.0,0.887	0.056
0.034	0.073,0.0	-0.002
1.0	0.794,0.908	0.149
0.052	0.07,0.2	-0.083
0.235	0.556,0.25	-0.168
0.994	1.0,1.0	-0.006
0.394	0.53,0.47	-0.106
0.556	0.0,0.385	0.364
0.253	0.251,0.439	-0.092
0.391	0.37,0.605	-0.096
0.577	0.656,0.708	-0.105
0.953	0.95,0.938	0.009
0.552	0.378,0.588	0.069
0.481	0.511,0.518	-0.033
0.448	0.476,0.449	-0.015
0.775	0.672,0.789	0.044
0.479	0.559,0.41	-0.006
0.493	0.593,0.707	-0.157
0.965	1.0,1.0	-0.035
1.0	0.336,0.0	0.832
0.176	0.228,0.227	-0.052
0.663	0.689,0.616	0.011
0.183	0.128,0.194	0.022
0.645	0.475,0.332	0.242
0.208	0.255,0.356	-0.098
0.0	NA,1.0	-1.0
0.0	0.0,1.0	-0.5
0.0	0.0,0.257	-0.129
0.114	0.153,0.129	-0.027
0.587	0.547,0.571	0.028
0.315	1.0,NA	-0.685
0.315	0.479,NA	-0.164
1.0	0.586,NA	0.414
1.0	0.584,NA	0.416
1.0	0.342,1.0	0.329
0.429	0.35,0.469	0.02
1.0	0.889,0.0	0.555
0.129	0.064,0.065	0.065
0.512	0.519,0.63	-0.062
0.363	0.425,0.328	-0.014
0.433	0.415,0.535	-0.042
0.39	0.321,0.313	0.073
0.5	0.485,0.394	0.06
0.37	0.391,0.36	-0.006
0.614	0.658,0.542	0.014
0.054	0.038,0.0	0.035
1.0	1.0,0.0	0.5
0.326	0.231,0.348	0.037
0.443	0.326,0.496	0.032
0.124	0.145,0.176	-0.036
0.188	0.144,0.097	0.068
0.756	0.488,0.714	0.155
0.567	0.563,0.555	0.008
0.354	0.429,0.0	0.139
0.7	0.58,0.521	0.149
0.711	0.648,0.731	0.021
0.581	0.194,0.308	0.33
0.195	0.245,0.338	-0.096
1.0	0.0,1.0	0.5
1.0	0.0,1.0	0.5
0.8	0.952,0.879	-0.115
0.38	0.277,0.304	0.09
0.376	0.273,0.3	0.09
0.889	0.811,0.86	0.053
0.742	1.0,1.0	-0.258
0.687	1.0,1.0	-0.313
0.631	1.0,1.0	-0.369
0.859	1.0,1.0	-0.141
0.8	0.3,0.125	0.588
0.346	0.185,0.1	0.203
1.0	1.0,0.814	0.093
0.0	0.391,0.445	-0.418
0.006	0.0,0.0	0.006
0.113	0.109,0.312	-0.097
0.308	0.398,0.4	-0.091
0.384	0.34,0.416	0.006
0.946	0.979,1.0	-0.044
0.9	1.0,0.6	0.1
0.588	0.733,0.609	-0.083
0.816	0.581,0.645	0.203
0.371	0.233,0.232	0.138
1.0	0.917,0.91	0.087
0.898	0.951,0.986	-0.07
0.513	0.0,0.0	0.513
0.533	0.604,0.599	-0.068
0.616	0.548,0.546	0.069
0.445	0.419,0.662	-0.095
0.459	0.51,0.557	-0.075
0.356	0.394,0.387	-0.035
0.75	0.747,0.664	0.044
0.589	0.594,0.652	-0.034
0.576	0.459,0.371	0.161
0.667	0.556,NA	0.111
0.888	0.787,1.0	-0.005
0.798	0.747,1.0	-0.075
0.333	0.0,0.261	0.203
0.766	0.737,0.807	-0.006
0.146	0.179,0.057	0.028
0.268	0.0,0.169	0.183
0.0	0.017,0.003	-0.01
0.125	0.191,0.158	-0.049
1.0	0.98,1.0	0.01
0.61	0.58,0.665	-0.013
0.465	0.465,0.0	0.233
0.007	0.005,0.003	0.003
0.002	0.0,0.006	-0.001
0.493	0.606,0.486	-0.053
0.998	1.0,0.993	0.002
0.143	0.346,0.333	-0.197
0.577	0.549,0.174	0.215
0.187	0.126,0.223	0.013
0.653	0.825,0.919	-0.219
0.549	0.455,0.427	0.108
0.35	0.53,0.634	-0.232
0.216	1.0,0.898	-0.733
0.292	1.0,0.908	-0.662
0.562	0.586,0.692	-0.077
0.306	0.256,0.323	0.017
0.416	0.391,0.46	-0.01
0.991	0.955,0.96	0.033
0.417	0.514,0.364	-0.022
0.355	0.15,0.469	0.045
0.0	0.678,0.493	-0.586
0.122	0.12,0.125	-0.001
0.373	0.478,0.448	-0.09
1.0	0.76,1.0	0.12
0.637	0.598,0.655	0.01
1.0	1.0,0.328	0.336
0.584	0.646,0.672	-0.075
0.685	0.746,0.852	-0.114
0.566	0.596,0.525	0.005
1.0	0.954,1.0	0.023
0.474	0.45,0.42	0.039
0.707	0.721,0.717	-0.012
0.612	0.711,0.607	-0.047
0.505	0.445,0.587	-0.011
1.0	0.378,0.671	0.476
0.934	0.939,0.896	0.017
1.0	1.0,1.0	0.0
0.786	0.726,0.614	0.116
1.0	1.0,0.432	0.284
0.511	0.333,0.055	0.317
0.324	0.286,0.25	0.056
0.566	0.482,0.48	0.085
0.431	0.545,0.453	-0.068
0.038	0.052,0.074	-0.025
0.433	0.459,0.389	0.009
0.0	0.0,0.628	-0.314
1.0	0.597,NA	0.403
0.183	0.155,0.257	-0.023
0.497	0.48,0.484	0.015
0.543	0.585,0.603	-0.051
0.476	0.296,1.0	-0.172
1.0	0.0,0.5	0.75
0.454	0.413,0.462	0.017
0.274	0.546,0.636	-0.317
0.602	0.587,0.533	0.042
0.504	0.433,0.478	0.048
0.816	0.228,NA	0.588
1.0	0.869,0.624	0.254
0.391	0.536,0.299	-0.026
0.101	0.084,0.036	0.041
0.588	0.565,0.532	0.039
0.548	0.613,0.564	-0.04
0.45	0.327,0.259	0.157
0.974	0.966,0.964	0.009
0.268	0.388,0.309	-0.081
0.703	0.747,0.745	-0.043
0.245	0.0,0.0	0.245
0.428	0.687,0.673	-0.252
0.894	1.0,0.894	-0.053
0.569	0.482,0.325	0.165
0.476	0.419,0.386	0.074
0.0	1.0,NA	-1.0
1.0	1.0,0.0	0.5
0.45	1.0,1.0	-0.55
0.0	0.073,0.397	-0.235
0.072	0.016,0.0	0.064
0.008	0.057,0.131	-0.086
0.629	0.0,NA	0.629
0.433	0.318,0.31	0.119
0.261	0.399,0.167	-0.022
0.294	0.54,0.501	-0.226
0.828	0.768,0.276	0.306
0.456	0.481,0.534	-0.052
0.001	0.0,0.0	0.001
0.485	0.502,0.514	-0.023
0.505	0.483,0.363	0.082
0.491	0.538,0.475	-0.015
0.583	0.436,0.307	0.211
0.219	0.223,0.165	0.025
0.439	0.432,0.367	0.04
0.0	0.29,0.0	-0.145
0.288	0.0,0.519	0.028
0.0	0.208,0.0	-0.104
0.716	NA,0.0	0.716
0.0	0.075,0.0	-0.037
0.379	0.333,0.307	0.059
0.087	0.0,0.058	0.058
0.254	0.261,0.28	-0.017
0.27	0.349,0.303	-0.056
0.293	0.454,0.454	-0.161
0.742	0.74,0.94	-0.098
0.589	0.681,0.5	-0.002
0.568	0.625,0.646	-0.068
0.797	0.736,0.718	0.07
0.847	0.786,0.802	0.053
0.908	0.967,1.0	-0.076
0.908	1.0,1.0	-0.092
0.0	0.143,0.0	-0.071
1.0	1.0,0.932	0.034
0.483	0.339,0.292	0.167
0.608	0.494,0.532	0.095
0.625	0.504,0.526	0.11
0.614	0.62,0.583	0.013
1.0	0.961,1.0	0.02
0.0	0.94,1.0	-0.97
0.0	0.775,1.0	-0.887
0.713	0.909,1.0	-0.242
0.052	0.0,0.0	0.052
0.041	0.078,0.29	-0.143
0.458	0.274,0.337	0.153
0.456	0.286,0.914	-0.144
0.671	0.781,0.0	0.281
0.012	0.07,0.0	-0.023
0.341	0.187,0.19	0.153
0.664	0.553,0.697	0.039
0.308	0.332,0.384	-0.05
0.599	0.257,0.077	0.432
0.384	0.368,0.405	-0.003
0.329	0.88,0.86	-0.541
0.0	0.478,0.478	-0.478
0.71	0.71,0.786	-0.038
0.0	0.367,0.0	-0.183
0.691	0.627,0.691	0.032
0.251	0.271,0.271	-0.02
0.989	1.0,1.0	-0.011
0.438	0.578,0.574	-0.138
0.49	0.645,0.622	-0.143
0.957	0.967,0.947	0.0
0.494	0.372,0.5	0.058
0.467	0.5,0.469	-0.017
0.636	0.697,0.55	0.013
0.507	0.4,0.392	0.111
0.519	0.723,0.741	-0.213
0.691	0.0,0.0	0.691
1.0	1.0,0.976	0.012
0.491	0.483,0.498	0.001
0.475	0.497,0.5	-0.024
0.548	0.6,0.682	-0.093
0.392	0.464,0.469	-0.075
0.329	0.396,0.533	-0.136
0.692	0.436,0.396	0.276
0.528	0.33,0.489	0.119
0.51	0.0,0.258	0.381
0.555	0.562,0.636	-0.044
0.415	0.402,0.421	0.004
0.961	0.977,0.889	0.028
0.485	0.418,0.471	0.04
0.037	0.017,0.1	-0.022
0.579	0.5,0.4	0.129
0.322	0.352,0.417	-0.062
0.679	0.522,0.663	0.087
0.976	1.0,1.0	-0.024
0.428	0.479,0.46	-0.042
0.289	0.35,0.043	0.092
0.414	0.441,0.1	0.143
0.293	0.261,0.368	-0.022
0.457	0.493,0.494	-0.036
0.922	0.425,0.378	0.521
0.139	0.0,0.0	0.139
0.591	0.555,0.822	-0.098
0.462	0.379,0.32	0.112
0.445	0.0,0.0	0.445
0.618	0.0,NA	0.618
0.669	0.854,1.0	-0.258
0.892	0.643,1.0	0.071
1.0	0.841,1.0	0.08
0.614	0.544,0.377	0.153
0.623	0.609,0.716	-0.039
0.492	0.263,0.855	-0.067
0.704	0.731,0.897	-0.11
0.684	0.772,0.888	-0.146
0.254	0.283,0.217	0.004
0.575	0.471,0.732	-0.026
0.53	0.483,0.457	0.06
1.0	0.489,0.0	0.756
0.433	0.133,0.0	0.366
0.403	0.28,0.3	0.113
0.027	0.063,0.311	-0.16
0.803	0.0,NA	0.803
0.907	0.605,1.0	0.105
0.592	1.0,1.0	-0.408
0.177	0.106,0.208	0.02
0.722	0.653,0.671	0.06
0.528	0.751,0.0	0.153
0.449	0.318,NA	0.131
0.074	0.072,0.04	0.018
0.006	0.138,0.0	-0.063
0.103	0.183,0.0	0.011
0.376	0.497,0.452	-0.099
0.6	0.692,NA	-0.092
0.764	0.706,1.0	-0.089
0.187	0.3,0.143	-0.034
0.41	0.393,0.65	-0.112
1.0	1.0,0.97	0.015
0.449	0.704,0.75	-0.278
1.0	0.919,0.827	0.127
0.922	0.975,0.995	-0.063
0.822	0.884,0.947	-0.094
0.407	0.376,0.0	0.219
0.868	0.914,0.972	-0.075
0.254	0.198,0.0	0.155
0.129	0.073,0.0	0.092
0.049	0.023,0.0	0.038
0.046	0.0,0.0	0.046
0.651	0.551,0.551	0.1
0.813	0.764,0.693	0.085
0.913	0.945,0.965	-0.042
0.303	0.391,0.296	-0.041
0.283	0.335,0.101	0.065
0.398	0.579,0.478	-0.13
0.723	0.632,0.906	-0.046
0.605	0.652,0.814	-0.128
0.689	0.657,0.636	0.042
0.311	0.407,0.142	0.037
0.471	0.509,0.497	-0.032
0.0	0.057,0.0	-0.029
0.591	0.45,0.527	0.102
0.232	0.25,0.0	0.107
0.455	0.365,0.369	0.088
0.945	0.963,0.936	-0.005
0.553	0.426,0.567	0.057
0.851	0.756,0.811	0.067
0.119	0.067,0.0	0.085
0.534	0.35,0.375	0.172
0.442	0.638,0.521	-0.138
1.0	0.986,1.0	0.007
0.258	0.312,0.54	-0.168
0.462	0.454,0.343	0.064
0.449	0.516,0.481	-0.049
0.302	0.41,0.446	-0.126
0.546	0.655,0.687	-0.125
1.0	0.881,1.0	0.059
1.0	0.902,1.0	0.049
0.377	0.575,0.549	-0.185
0.461	0.561,NA	-0.1
1.0	NA,0.0	1.0
0.49	0.493,0.591	-0.052
1.0	0.0,0.369	0.816
0.0	NA,1.0	-1.0
0.0	0.0,0.355	-0.177
0.249	0.0,0.0	0.249
0.111	0.394,0.31	-0.241
0.115	0.185,0.113	-0.034
0.0	0.028,0.0	-0.014
0.342	0.292,0.288	0.052
1.0	0.953,0.53	0.258
0.977	1.0,1.0	-0.023
0.953	1.0,1.0	-0.047
0.0	0.245,0.327	-0.286
0.683	0.661,0.572	0.067
0.734	0.687,0.466	0.157
0.844	0.835,0.629	0.112
0.389	0.383,0.333	0.031
0.421	0.411,0.41	0.011
0.316	0.296,0.134	0.101
0.938	1.0,1.0	-0.062
0.637	0.654,0.688	-0.034
0.664	0.542,0.56	0.113
0.457	0.467,0.412	0.018
0.602	0.611,0.608	-0.007
0.633	0.0,0.421	0.422
0.574	0.587,0.63	-0.035
0.455	0.246,0.267	0.199
0.573	0.436,0.395	0.157
0.946	0.954,0.976	-0.019
0.461	0.352,0.189	0.191
0.506	0.509,0.388	0.057
0.509	0.414,0.428	0.088
1.0	0.977,1.0	0.012
1.0	0.873,0.761	0.183
0.072	0.321,0.178	-0.177
0.385	0.168,0.345	0.129
0.411	0.352,0.375	0.047
0.342	0.43,0.381	-0.063
0.671	0.291,0.798	0.127
0.486	0.417,0.208	0.173
0.566	0.387,0.25	0.247
0.093	0.0,0.0	0.093
0.542	0.73,1.0	-0.323
0.216	0.076,0.052	0.152
0.739	0.339,0.585	0.277
0.526	0.566,0.415	0.036
0.929	0.792,0.411	0.328
0.372	0.361,0.636	-0.127
1.0	0.0,1.0	0.5
0.553	0.736,0.613	-0.121
0.484	0.626,0.477	-0.068
0.362	0.434,0.491	-0.101
0.219	0.0,0.0	0.219
0.333	0.149,0.356	0.081
0.483	0.145,0.332	0.244
1.0	0.593,0.7	0.354
0.866	0.348,0.749	0.318
0.564	0.129,0.752	0.123
0.0	0.086,0.079	-0.082
0.0	0.155,0.126	-0.141
0.0	0.092,0.565	-0.328
0.167	0.217,0.504	-0.193
0.444	0.0,0.0	0.444
0.0	0.615,0.24	-0.427
0.53	0.382,0.448	0.115
1.0	1.0,0.989	0.006
1.0	1.0,0.993	0.004
1.0	1.0,0.985	0.008
1.0	1.0,0.996	0.002
1.0	1.0,0.995	0.002
0.111	0.133,0.0	0.044
0.333	0.396,0.392	-0.061
0.419	0.474,0.405	-0.021
0.646	0.572,0.902	-0.091
0.464	0.57,0.588	-0.115
1.0	0.959,0.932	0.054
0.453	0.403,0.049	0.227
0.49	0.438,0.554	-0.006
0.492	0.503,0.394	0.043
0.234	0.172,0.251	0.023
0.318	1.0,0.583	-0.473
1.0	0.169,NA	0.831
0.539	0.466,0.395	0.109
0.598	0.678,0.426	0.046
0.659	0.567,0.582	0.085
0.656	0.696,0.615	0.001
0.373	0.45,0.656	-0.18
0.225	0.234,0.21	0.003
0.488	0.395,0.32	0.13
0.373	0.265,0.228	0.127
0.929	0.846,0.845	0.084
0.454	0.534,0.616	-0.121
0.475	0.513,0.51	-0.037
0.296	0.408,0.422	-0.119
0.591	0.286,1.0	-0.052
0.392	0.166,0.217	0.201
0.929	0.571,0.667	0.31
0.9	0.769,0.0	0.516
0.953	0.87,0.878	0.079
0.403	1.0,NA	-0.597
0.438	1.0,NA	-0.562
0.598	0.442,0.561	0.096
0.038	0.0,0.018	0.029
0.264	0.118,0.126	0.142
0.951	0.842,1.0	0.03
0.812	0.775,0.832	0.009
0.399	0.527,0.239	0.016
0.078	0.026,0.015	0.058
0.788	0.606,0.498	0.236
0.25	0.167,0.105	0.114
0.0	0.0,0.83	-0.415
0.346	0.209,0.285	0.099
0.473	0.288,0.431	0.113
0.361	0.139,0.195	0.194
0.566	0.5,0.46	0.086
0.0	0.002,0.004	-0.003
0.0	0.5,0.846	-0.673
0.73	0.717,0.402	0.17
0.529	0.503,0.51	0.023
0.483	0.443,0.52	0.001
0.0	0.128,0.0	-0.064
0.403	1.0,0.603	-0.398
0.034	0.059,0.0	0.005
0.167	0.286,0.0	0.024
0.0	0.284,0.185	-0.234
0.0	0.443,0.0	-0.222
0.0	0.053,0.0	-0.026
0.556	0.678,0.231	0.102
0.692	0.664,0.664	0.028
0.0	0.0,0.26	-0.13
0.712	1.0,0.614	-0.095
0.437	0.371,0.552	-0.025
0.556	0.46,0.469	0.092
0.312	0.537,0.412	-0.163
0.484	0.387,0.423	0.079
0.132	0.0,0.0	0.132
0.018	0.0,0.0	0.018
0.077	0.08,0.063	0.005
0.745	0.761,0.732	-0.001
0.51	0.469,0.593	-0.021
0.896	0.894,0.863	0.017
0.593	0.602,0.598	-0.007
0.281	0.225,0.236	0.051
0.665	0.649,0.681	0.0
0.236	0.284,0.263	-0.037
0.268	0.382,0.472	-0.159
0.4	0.913,0.917	-0.515
0.612	0.367,0.292	0.282
0.466	0.469,0.443	0.01
0.414	0.33,0.39	0.054
0.0	0.012,0.033	-0.022
0.0	0.018,0.04	-0.029
0.83	0.827,1.0	-0.084
0.442	0.739,0.853	-0.354
0.491	0.471,0.525	-0.007
0.475	0.382,0.253	0.157
0.4	0.415,0.18	0.103
0.624	0.631,0.414	0.102
0.571	0.54,0.679	-0.039
0.29	0.262,0.225	0.046
0.74	0.647,0.845	-0.006
0.58	0.448,0.462	0.125
0.792	0.662,0.588	0.167
0.331	0.619,0.188	-0.072
0.019	0.119,0.055	-0.068
0.522	0.527,0.322	0.098
0.57	0.508,0.484	0.074
0.021	0.0,0.0	0.021
0.023	0.082,0.085	-0.061
