IJC_SAMPLE_1	SJC_SAMPLE_1	IJC_SAMPLE_2	SJC_SAMPLE_2	IncFormLen	SkipFormLen
14	8	22,11	9,16	203	222
0	11	2,2	10,0	298	295
0	11	2,0	10,0	271	295
22	7	9,4	2,0	245	294
3	20	4,0	20,0	209	221
15	9	6,0	2,2	198	210
2	13	0,0	5,0	247	298
62	2	31,0	0,0	210	298
54	22	23,2	2,0	210	264
2	6	0,0	2,0	185	264
2	7	0,0	2,0	185	298
2	7	0,0	2,0	185	298
2	42	0,0	14,0	185	264
2	0	0,4	2,0	183	228
22	1	11,2	2,2	275	298
2	44	6,0	27,29	216	298
0	5	2,0	8,1	298	289
262	180	102,94	89,56	229	211
0	4	0,2	0,2	298	296
0	12	0,2	2,0	298	298
10	0	2,11	0,2	298	298
22	0	4,9	0,2	275	298
1	2	6,4	0,0	298	298
1	125	0,0	58,31	203	298
22	1	17,7	0,0	297	298
16	1	6,9	0,0	297	187
22	1	17,7	0,0	297	187
18	14	49,8	27,10	241	249
4	1	1,4	1,2	269	298
18	22	28,17	40,20	298	284
32	27	26,32	25,18	272	298
18	13	20,13	9,3	284	239
18	11	20,13	10,1	284	298
18	34	6,4	15,15	184	248
5	12	3,1	15,5	196	243
24	4	23,30	4,3	260	254
3479	6426	0,4	5,12	244	298
4088	4382	0,3	0,7	276	244
4717	5404	2,24	0,11	298	276
2	0	0,2	1,0	242	298
5	4	0,6	12,15	249	221
4	1	2,0	0,0	242	242
38	1	7,12	0,0	298	242
38	4	7,12	2,0	298	242
1	0	0,0	0,2	223	298
7	14	4,7	7,6	298	298
7	14	4,7	7,6	275	298
4	6	3,0	6,0	181	208
10	0	12,3	2,0	265	288
2	3	9,2	7,4	298	208
4	0	2,0	0,2	238	210
57	26	75,79	39,53	272	298
2	0	2,5	2,2	257	298
7	17	4,0	6,4	272	298
32	3	66,94	18,33	288	288
7	7	9,1	42,12	241	276
0	2	2,0	8,2	248	212
0	1	2,0	6,2	248	298
0	1	2,0	4,2	248	219
0	2	2,3	0,0	265	298
108	101	52,17	43,12	245	218
242	1	118,38	0,2	245	230
17	105	4,0	57,21	175	245
16	8	4,0	1,4	175	245
55	55	31,24	62,31	253	247
64	24	74,27	30,28	264	280
49	67	60,27	78,25	280	298
0	2	4,0	0,6	256	258
3	1	4,6	2,0	298	256
110	20	116,132	18,12	245	298
3	2	10,2	3,3	298	221
2	3	13,2	9,12	298	298
40	134	41,57	70,51	222	298
40	0	41,57	2,0	222	258
20	395	10,19	281,305	260	279
20	178	10,19	109,128	260	298
4	7	12,7	6,4	292	278
35	187	26,26	118,69	240	291
112	67	65,92	28,61	298	236
1	2	12,6	13,8	272	239
6	14	2,1	11,22	205	239
217	218	44,18	86,34	279	235
3	0	13,2	2,0	180	298
2	5	0,2	3,6	180	290
35	76	34,23	105,105	298	238
3	2	5,3	0,2	298	298
103	189	28,21	67,37	263	278
36	51	47,18	139,90	298	298
14	2	211,57	204,96	298	298
15	60	20,19	38,32	195	230
83	18	59,26	31,9	273	195
19	30	44,28	14,15	232	232
5	7	33,8	47,33	298	298
2	12	33,29	63,34	298	298
4	2	0,0	2,2	240	276
10	31	11,9	17,18	248	246
8	13	16,27	3,1	225	289
18	51	16,16	32,34	225	284
211	341	164,86	245,133	243	257
21	32	7,6	20,16	219	246
0	9	21,18	18,13	298	277
41	6	20,18	2,10	277	298
41	6	20,18	2,10	277	267
41	6	20,18	2,10	277	250
20	16	14,15	38,14	214	276
17	18	13,4	31,14	298	276
3	26	2,2	24,36	276	280
28	30	12,10	24,28	276	280
23	1	5,2	0,0	239	218
12	19	13,10	18,7	298	244
619	408	333,156	283,141	259	226
0	24	0,2	154,90	176	298
8	44	6,15	102,64	182	254
708	204	1201,1840	249,472	254	271
76	83	41,24	65,27	298	298
434	103	143,104	98,111	298	298
10	1	6,4	3,3	271	284
16	3	17,21	6,3	298	263
231	470	44,35	68,59	227	241
356	283	65,33	27,16	269	227
15087	31589	85,107	180,182	298	298
20048	11206	108,103	73,70	298	246
4	5	7,4	15,11	298	230
3	2	22,8	17,11	298	298
41	93	0,4	33,14	226	298
48	41	0,8	25,5	226	250
172	92	173,100	110,54	285	240
203	140	177,124	144,158	298	281
120	94	114,96	143,95	281	230
8	5	5,3	0,3	216	210
48	212	68,49	253,161	298	250
1	3	2,4	11,8	247	278
77	293	10,11	37,25	228	298
9	1	19,20	0,6	298	208
2	6	2,2	10,6	201	200
25	114	26,28	54,70	203	278
9	9	9,6	2,7	293	221
11	24	13,1	17,19	221	293
2	0	0,0	0,2	237	298
2	6	2,12	4,12	245	253
2	4	2,12	0,0	245	211
13	4	9,6	1,0	204	244
85	48	105,93	56,39	262	218
10	17	10,20	19,17	288	291
16	14	40,25	25,26	269	270
10	13	45,30	17,21	278	270
24	27	14,16	33,29	180	276
60	14	114,95	38,50	247	278
16	46	15,7	34,26	239	298
2	12	4,0	18,12	193	254
1	24	0,0	6,2	176	298
0	24	0,2	6,2	176	298
1	24	2,0	8,2	176	298
2	7	0,0	4,6	188	176
12	12	1,2	2,2	234	176
15	7	14,7	0,2	298	176
2	0	56,17	6,2	245	231
1866	1	1107,876	4,1	263	247
15	5	18,6	6,4	238	222
12	7	9,2	4,2	222	213
29	39	24,30	33,33	287	264
57	36	66,24	30,20	280	233
26	18	29,26	10,14	245	272
12	18	15,3	25,18	196	296
47	36	47,21	42,55	246	263
39	70	32,9	52,56	236	263
133	79	74,49	52,15	298	236
38	14	61,43	33,27	298	274
12	5	0,0	2,4	298	212
9	103	2,6	45,34	252	298
2	11	2,4	13,10	197	227
0	2	0,1	1,0	231	212
10	135	2,0	108,64	191	298
31	27	23,24	31,14	261	213
37	51	20,30	24,18	298	290
10	51	3,1	24,18	213	290
36	51	22,24	27,16	213	290
58	52	45,19	23,37	298	269
29	0	51,61	3,0	235	235
2	22	0,2	12,14	157	224
4	2	5,11	3,0	241	157
9	32	7,2	31,16	295	241
16	0	8,0	2,0	199	189
8	5	27,22	17,8	251	244
9	19	13,16	17,15	228	293
6	6	9,9	8,20	236	265
6	1	17,9	0,3	289	298
4	0	6,19	2,0	298	298
4	0	6,19	8,0	298	298
0	3	0,3	9,7	298	298
0	3	0,3	9,7	298	298
0	3	0,3	15,7	298	298
33	28	10,11	10,8	298	247
16	14	13,12	7,3	298	298
2	2	0,0	2,2	276	233
0	4	17,4	21,12	263	298
0	10	17,4	33,20	263	263
0	6	10,0	14,6	253	263
0	6	6,0	14,6	256	263
4	5	5,2	5,4	266	196
2	0	35,16	44,19	298	266
16	23	79,43	45,23	240	244
39	26	54,44	45,17	256	217
47	0	110,97	2,0	212	189
32	33	45,35	70,41	298	272
6	170	9,12	219,92	229	213
4	17	23,10	40,9	209	226
64	2	38,27	0,0	259	298
0	23	2,1	88,52	263	298
347	889	52,17	162,45	251	251
2	2	0,2	2,0	294	295
2	2	0,2	2,0	275	295
1	0	0,0	1,0	284	298
72	27	143,68	42,50	285	242
74	21	89,120	48,39	298	294
1	5	4,0	6,6	186	298
13	1	21,19	16,2	298	245
11	26	27,20	49,18	298	245
10	1	3,7	10,0	224	203
15	19	93,57	173,73	209	233
17	19	86,45	171,73	200	233
20	23	113,54	125,56	251	209
10	4	70,63	99,95	223	265
34	38	104,85	98,60	298	293
25	28	103,63	73,40	293	229
583	432	563,147	471,148	298	244
40	40	114,36	137,56	207	240
46	3	127,67	6,8	298	270
2	68	5,0	32,31	298	242
1269	1588	0,1	6,6	293	298
2	2	29,33	7,3	247	298
8	11	13,8	14,33	298	298
7	4	20,35	4,3	287	275
0	2	3,2	9,8	298	298
0	6	2,0	10,9	220	298
45	16	68,40	35,6	227	193
8	4	10,10	3,7	218	182
6	5	9,19	17,2	252	233
0	130	0,2	83,74	278	226
9	76	10,14	72,53	241	249
3	17	8,8	20,13	230	208
0	4	0,5	0,2	298	271
30	16	52,38	35,36	263	298
7	30	25,24	44,21	279	246
17	20	2,13	19,12	188	298
73	5	27,58	2,6	209	176
63	95	45,21	105,96	298	206
4	0	0,0	2,0	228	165
4	2	0,0	2,0	228	201
85	54	98,54	53,25	281	287
5	2	6,2	3,2	298	271
5	2	6,1	3,2	298	271
4	0	6,16	2,7	235	298
0	10	2,0	5,26	185	235
4	23	4,4	21,8	185	268
45	13	99,97	36,15	203	215
18	40	5,6	41,70	233	264
372	359	336,310	220,132	218	232
7	267	4,2	159,77	251	218
524	615	389,290	553,503	249	260
6	433	2,0	367,241	232	249
0	433	1,0	365,239	232	249
45	15	52,23	30,14	290	234
49	12	54,25	15,7	290	210
0	11	0,2	24,23	252	201
50	50	48,110	37,52	222	298
4	5	12,2	13,11	245	268
255	0	86,76	2,1	295	258
114	280	38,42	124,91	230	295
119	164	31,22	35,52	298	195
2	4	11,10	3,2	272	277
87	64	149,100	130,65	298	262
2	171	6,0	392,462	208	244
13	0	40,29	0,2	230	254
13	0	40,29	4,0	230	298
21	13	13,13	29,12	252	292
570	18	46,51	2,2	298	298
1560	1909	7,41	6,19	276	287
1	56	0,0	82,28	250	298
29	1	44,10	11,4	268	186
68	40	58,19	29,12	281	244
203	71	245,145	30,18	271	298
2	164	4,9	193,144	218	264
37	62	23,22	45,26	298	298
25	2	50,12	0,2	202	206
135	355	96,70	358,289	227	298
112	140	70,69	93,66	252	227
89	181	58,31	143,97	206	252
147	56	111,57	45,41	224	206
11	26	20,5	42,8	232	298
40	2	40,22	2,0	211	237
7	0	7,13	2,3	294	264
29	15	28,34	9,11	298	247
46	35	35,17	42,7	298	249
35	7	45,8	8,4	219	238
8	43	25,4	42,27	219	282
2	46	8,16	71,129	211	298
49	48	21,6	89,124	221	218
5	4	2,16	13,14	266	258
1	17	5,9	20,28	298	277
6	5	12,4	10,29	290	298
11	19	24,13	27,34	292	234
3	3	8,4	2,2	248	265
41	9	46,46	13,9	262	208
97	94	39,29	42,29	246	217
97	98	39,29	44,31	246	220
127	37	47,28	23,12	214	246
127	108	47,28	69,20	214	246
117	66	46,32	27,30	250	203
197	134	89,57	56,40	298	274
0	49	2,0	43,48	298	298
36	73	49,18	92,49	233	260
85	24	74,74	36,12	251	200
0	70	0,2	133,64	266	298
72	8	9,24	14,7	214	220
72	33	9,24	28,15	214	298
36	17	59,60	38,34	298	298
2	0	0,12	3,0	243	200
6	6	8,10	9,4	190	219
2	1	9,1	4,4	298	251
2	0	2,0	1,0	270	237
30	32	43,15	28,4	298	198
98	0	154,41	3,2	203	243
34	0	49,13	0,2	203	243
34	31	49,13	32,4	203	198
32	28	47,9	52,27	203	215
0	1	2,0	0,2	298	298
1	0	0,2	3,0	298	243
1	98	0,0	137,37	298	198
0	31	0,2	32,4	243	198
24	31	55,10	54,31	198	215
0	40	0,2	37,12	215	220
36	40	48,15	37,12	215	220
0	4	14,0	9,6	176	194
11	5	45,50	1,8	298	225
7	10	1,1	6,5	205	237
2	10	2,1	6,5	219	237
6	0	11,4	0,2	240	298
39	273	0,0	0,4	298	298
112	4564	24,13	1416,1393	298	297
113	52668	24,13	21721,32612	298	298
5	67294	2,2	36197,64210	250	298
4	67294	2,5	36197,64210	253	298
4	67294	0,2	36195,64210	253	298
19	36	20,5	35,15	238	276
9	6	314,62	340,98	266	298
41	54	65,16	47,27	264	190
3	0	0,3	0,1	297	205
149	38	170,118	49,36	298	224
154	26	192,133	28,21	298	224
47	76	86,39	53,50	224	298
79	15	128,63	4,5	224	298
49	3	68,56	2,4	298	298
49	25	68,56	30,46	298	298
170	20	16,9	4,0	230	275
0	27	0,1	51,45	189	204
28	21	30,23	27,13	290	217
15	10	13,8	19,9	254	221
4	57	8,19	179,142	202	224
23	45	67,17	51,79	224	205
0	45	2,0	51,79	222	205
21	19	17,21	9,6	259	298
8	9	9,2	7,2	200	244
737	571	228,178	267,98	298	271
1	571	0,0	267,98	298	271
4	0	4,2	14,5	294	298
40	20	43,13	26,7	298	298
28	2	69,24	0,0	224	224
3	2	2,6	6,2	274	216
30	40	19,18	34,13	258	265
108	25	84,46	33,32	298	218
191	10	46,31	0,0	242	188
91	48	33,36	11,11	257	298
18	33	16,6	46,8	298	239
198	200	143,90	185,95	222	215
96	167	69,40	113,25	215	196
6	12	1,0	0,2	173	170
20	9	35,15	29,14	220	205
46	33	33,11	29,23	298	266
16	9	6,0	9,4	233	233
0	12	3,2	13,2	273	215
3	8	20,2	21,2	298	298
8	10	5,0	4,6	298	298
2	2	1,0	0,0	284	290
52	21	44,32	21,18	275	208
0	9	2,0	12,1	240	243
89	144	66,34	122,66	204	298
11	73	2,0	42,22	273	298
0	96	14,0	85,42	220	238
52	79	38,15	45,27	238	240
85	106	69,47	93,34	240	272
85	78	69,47	76,29	240	213
85	58	69,47	60,23	240	237
108	58	70,40	60,23	272	237
67	129	61,14	112,48	237	239
2	219	5,0	129,74	247	225
73	4	54,26	0,0	262	197
0	2	0,2	0,4	288	247
0	2	0,2	0,4	288	271
3	0	7,8	2,0	237	212
12	0	5,2	2,0	298	212
12	3	5,2	7,8	298	237
25	27	33,9	29,27	271	298
29	31	25,9	41,20	260	271
39	54	76,68	117,55	279	182
5	3	2,4	14,1	207	281
24	5	44,22	10,9	298	176
7	99	12,6	188,112	254	260
15	11	22,15	7,35	298	277
3	34	19,2	56,16	253	298
12	4	42,7	3,1	198	191
7	5	12,14	10,2	281	232
2	5	10,12	10,2	225	232
60	113	63,16	83,19	220	298
52	90	175,98	73,89	287	298
0	88	2,0	73,87	287	298
49	34	54,37	50,30	230	287
14	3	10,15	0,0	251	283
15	30	24,28	44,20	237	236
42	16	75,34	27,12	298	237
27	2	58,25	0,0	243	289
30	67	29,31	98,22	298	298
104	108	168,67	169,109	298	298
104	7	168,67	14,0	298	298
7	108	14,0	169,109	298	298
2	4	19,11	21,9	298	298
0	8	23,2	14,3	270	298
8	12	4,13	25,22	183	291
9	0	26,18	1,0	248	213
2	2	4,4	2,9	272	271
0	2	3,0	0,0	211	298
55	98	48,17	84,65	247	283
1357	1464	151,121	172,151	255	240
32	28	63,44	30,36	298	298
0	3	13,2	3,3	224	206
10	7	19,11	19,9	224	188
28	27	1,0	0,0	298	298
14	0	36,14	0,2	232	199
14	188	4,10	160,155	298	188
338	0	221,204	0,4	261	209
177	26	136,75	32,9	229	229
4	27	24,2	73,43	298	228
4	41	24,2	102,52	298	231
0	24	2,0	55,35	298	231
45	9	99,39	28,5	298	298
6	681	2,0	165,152	248	288
83	46	32,26	23,19	244	236
21	55	28,8	78,53	298	224
2	0	6,8	8,5	267	298
19	7	46,13	4,0	296	188
16	13	23,14	21,7	211	287
13	13	19,4	25,35	298	298
19	92	29,19	60,21	226	251
0	7	0,2	0,2	258	259
0	7	0,2	0,2	258	255
8	14	105,62	210,161	290	272
74	1	66,30	4,0	297	244
0	1	2,0	0,0	297	244
16	83	35,0	67,30	268	297
64	8	155,97	31,35	298	298
11	0	9,9	4,0	233	236
4	1	7,6	1,0	251	298
4	2	5,6	6,7	251	298
4	2	5,6	4,4	251	232
57	38	41,25	31,34	232	263
9	16	61,57	51,47	212	298
9	4	7,0	0,2	298	298
2	0	17,5	3,5	222	298
37	168	34,20	114,78	248	248
115	51	76,31	45,16	272	213
59	94	40,20	95,74	202	252
70	35	74,47	43,17	258	206
7	5	2,0	5,6	298	264
380	40	108,67	19,12	298	297
0	18	8,16	18,4	218	254
90	66	134,87	85,79	282	257
8	2	8,6	2,1	289	238
1105	9	1350,784	11,4	244	290
0	9	4,0	0,0	229	222
17	43	37,33	14,22	260	230
47	58	58,46	59,55	214	264
60	60	103,65	103,75	264	266
99	101	114,59	122,91	242	236
0	169	1,2	128,75	272	298
288	221	286,162	280,144	289	288
51	10	69,91	26,36	249	240
4	26	16,20	30,47	260	249
0	26	2,0	30,47	298	249
2	0	0,0	0,1	227	227
2	0	2,0	0,1	298	227
2	0	2,0	0,1	298	227
2	0	2,0	0,1	298	227
5	2	22,13	0,0	207	230
8	5	22,14	27,3	233	219
4	40	0,2	45,29	271	255
2	18	0,0	11,10	232	232
2	33	0,0	30,23	232	232
2	30	0,0	13,6	195	236
78	118	53,38	139,55	255	238
74	82	91,50	34,29	293	230
40	62	53,29	48,36	203	264
28	78	26,22	73,29	253	251
1	28	2,2	45,26	218	185
5	32	1,4	47,23	262	255
37	49	61,16	68,22	247	242
18	62	26,6	77,51	195	298
0	6	1,0	7,4	256	298
19	9	15,8	1,0	233	178
3	0	35,31	1,0	199	210
22	13	37,15	15,6	298	298
13	23	60,24	47,12	196	221
35	57	78,14	121,44	236	298
8	13	4,0	36,16	227	182
25	172	17,8	189,109	209	206
39	172	79,44	192,111	191	206
247	316	303,196	313,200	230	218
422	42	348,276	36,51	230	188
4	5	0,0	9,2	226	232
0	7	1,0	13,0	207	226
0	7	1,0	13,0	207	226
35	20	64,30	36,29	298	298
13	20	17,6	38,29	215	298
36	0	62,48	0,2	250	215
708	497	635,368	440,314	288	277
68	4	108,33	0,0	247	236
61	158	2,4	4,12	233	283
9	2	32,7	0,1	215	267
9	0	6,17	4,0	267	262
9	2	6,17	17,6	267	219
0	2	4,0	17,6	262	219
21	20	32,18	27,18	236	245
46	829	56,51	1738,1246	298	298
16	738	885,1198	644,409	289	286
0	1	3,0	0,3	207	191
3	2	4,2	0,6	242	183
10	0	3,4	3,9	298	183
55	52	83,45	52,32	261	201
29	43	31,13	68,35	201	251
32	66	31,23	39,21	225	298
29	1	27,10	4,2	201	225
36	51	87,44	55,41	254	248
36	60	87,46	137,76	254	246
2	28	0,0	40,9	246	194
0	526	3,0	616,326	213	222
12	18	13,10	20,14	298	289
15	6	8,2	3,0	212	209
0	25	3,0	39,26	253	298
15	37	13,10	42,22	298	298
9	11	11,3	14,12	230	266
5	13	1,9	10,0	293	272
25	27	7,4	19,8	203	242
58672	48894	67682,44306	47596,35413	298	263
47058	32688	50271,35438	23410,14671	263	275
14	7	24,13	46,11	298	298
2	29	0,0	21,7	188	254
0	29	1,2	21,7	197	254
0	2	1,2	0,0	197	188
14	21	31,8	24,11	279	267
21	15	37,15	15,13	267	228
2	28	146,42	2393,1737	298	298
16	24	9,4	32,20	294	298
1408	2188	50,58	92,79	294	291
2041	2192	56,96	94,66	298	291
24	0	52,16	2,2	274	213
0	31	2,0	46,62	206	298
17	14	56,37	27,18	298	256
109	164	68,74	150,128	254	249
41	93	20,13	55,38	249	298
5	5	13,6	12,17	202	298
5	0	8,6	5,9	261	202
2	7	2,0	11,9	193	199
89	0	197,75	4,0	219	288
54	7	59,46	13,6	269	274
0	768	1,0	416,483	198	282
334	351	153,193	237,326	282	289
15	15	10,1	17,15	294	298
108	11	117,34	13,17	247	205
0	8	2,0	8,6	298	291
34	108	41,31	80,48	200	282
71	174	72,34	111,50	282	297
7	9	14,6	16,7	245	298
20	31	30,25	21,14	298	263
31	15	22,15	24,11	263	279
7	11	12,4	25,13	243	276
6	15	41,11	14,4	276	213
96	83	56,18	30,5	235	194
37	37	31,36	19,15	298	291
15	23	13,21	42,51	267	273
36	58	36,15	62,55	236	298
80	87	78,27	111,51	298	298
990	154	275,298	30,32	298	176
24	0	43,26	5,0	298	298
24	0	43,26	3,0	298	217
18	19	8,28	16,12	263	298
12	0	13,5	2,2	260	205
4	0	7,2	2,0	272	254
3	95	2,0	150,125	298	284
105	95	160,60	150,125	298	284
7	13	0,0	0,4	251	220
4	4	6,3	2,0	200	224
36	22	20,10	8,1	278	223
27	43	25,24	45,24	298	247
3	0	13,12	14,9	298	272
0	1	0,2	1,2	203	170
54	0	48,35	0,2	221	276
140	192	293,204	260,135	253	275
160	114	214,122	213,166	298	232
17	12	21,6	14,19	233	246
17	5	21,6	2,7	233	295
8	4	21,21	10,6	242	233
22	9	23,11	18,13	258	242
49903	43903	58733,64206	28833,21742	298	298
65769	38197	75665,63066	25918,23145	298	298
47983	49908	56219,43904	58742,64220	283	298
33	49908	12,14	58742,64220	298	298
43714	60602	49977,26315	70600,59404	280	283
5	3	10,0	0,6	265	298
3	2	4,0	0,0	265	298
4	2	4,6	0,0	246	298
4	3	4,6	4,0	246	265
4	2	27,11	22,6	252	183
9	49	4,0	21,9	298	298
10	26	19,10	18,10	234	236
23	27	57,32	65,57	248	244
46	10	128,65	13,28	244	207
1	216	1,0	201,59	194	266
6	0	6,8	2,0	188	242
88	75	99,184	109,162	234	209
89	118	40,34	92,46	298	246
189	251	186,221	340,358	298	264
8	428	10,14	511,675	298	298
1	0	4,0	15,9	233	298
46	64	74,84	54,74	193	287
46	45	91,90	82,63	193	287
385	297	290,171	364,319	245	298
613	494	772,837	746,647	287	245
249	389	205,105	460,213	216	255
39	6	35,32	24,14	211	211
17	173	16,25	140,79	246	298
3	13	1,0	10,0	260	226
4	4	2,2	0,4	242	272
2	2	9,0	5,4	235	254
5	2	5,0	2,3	227	254
38	0	70,21	1,0	272	275
60	6	16,7	0,2	230	218
271	197	117,65	82,54	284	245
2	0	0,2	0,2	298	296
0	5	3,0	2,15	218	186
6	21	5,2	19,6	282	194
2	2	0,0	8,0	227	209
4	9	54,23	36,17	298	298
2	13	4,2	30,39	298	239
1217	127	201,352	45,74	200	188
1217	214	201,352	65,146	200	203
38	30	45,32	64,55	298	298
0	19	2,2	16,11	292	298
3	20	0,0	7,11	227	288
50	42	70,54	93,21	260	298
2	1	7,0	0,0	298	213
363	304	212,127	184,117	241	269
21	10	0,5	5,4	224	183
0	725	0,2	386,287	298	240
0	179	0,2	114,113	298	196
56	14	50,28	12,12	298	298
78	39	116,51	77,46	298	298
94	3	175,129	10,4	298	247
58	0	98,83	8,2	298	247
64	59	72,34	98,44	298	281
35	37	59,15	69,24	246	298
35	26	59,15	59,13	246	233
36	8	59,13	0,0	246	298
36	73	59,13	148,50	246	298
8	73	0,0	148,50	298	298
52	73	63,20	146,50	298	298
12	73	0,0	146,50	233	298
16	2	28,24	0,0	298	298
1	5	8,4	13,13	240	212
213	235	108,125	110,72	276	239
186	181	115,99	102,51	239	222
186	5	115,99	2,0	239	298
279	1	333,254	0,0	298	257
8	188	30,10	741,288	290	253
96	280	138,55	506,172	217	271
25	7	63,30	55,38	257	256
12	21	63,36	61,42	298	257
17	20	38,15	61,41	209	257
30	31	57,38	60,27	296	282
18	4	38,27	5,2	262	298
0	1	2,2	2,0	291	298
2	79	2,2	215,172	298	241
2	5	2,2	19,25	298	226
16	4	54,28	13,13	298	223
2	3	0,0	3,0	298	269
63	56	63,72	60,48	298	298
0	2	4,2	0,0	247	220
12	11	26,12	10,7	217	240
10	0	21,8	3,2	217	240
10	5	21,8	48,18	217	284
0	5	3,2	48,18	240	284
16	6	17,15	43,12	240	284
12	40	4,2	18,6	280	268
128	0	203,96	2,0	228	250
128	187	203,96	446,245	228	243
46	41	106,52	62,39	298	298
133	115	136,129	126,73	298	216
68	42	88,35	50,22	298	298
83	45	83,67	47,26	298	226
17	36	45,18	64,32	270	298
218	261	17,10	29,16	298	298
278	286	55,12	11,6	271	298
0	39	2,0	32,10	183	191
23	0	13,7	3,0	249	183
24	11	28,5	10,6	246	183
47	11	37,12	10,6	249	183
29	3	16,4	0,3	216	249
49	76	29,16	39,21	237	281
1	1	4,9	0,0	271	264
75	60	46,31	36,38	249	298
17	40	14,20	10,14	298	298
60	0	33,33	0,4	298	202
70	1	37,37	2,6	298	298
26	14	6,10	6,9	265	298
11	60	11,4	78,33	194	245
96	0	32,9	1,1	224	287
104	5	162,93	1,0	223	211
60	19	114,63	49,27	252	214
17	29	41,44	29,36	228	223
56	19	46,17	21,2	294	203
4	19	6,3	21,2	294	203
18	19	29,7	21,2	263	203
56	26	46,17	30,4	294	205
4	26	6,3	28,4	294	205
18	26	29,7	28,4	263	205
18	4	29,7	6,3	263	294
18	52	31,7	62,14	263	294
71	47	32,15	40,15	298	263
8	23	23,0	35,9	193	298
9	9	15,3	9,5	182	204
16	10	16,14	2,0	298	298
9	13	7,5	37,21	217	193
20	13	16,14	37,21	286	193
734	30	320,390	58,10	298	284
734	4	320,390	16,0	298	242
69	96	43,53	67,25	298	298
131	60	58,21	41,39	298	208
8	44	11,25	52,67	235	238
90	97	16,10	34,6	242	276
108	118	35,18	37,15	276	287
0	35	2,0	24,17	232	256
0	96	2,0	57,41	232	282
8	1	5,8	0,0	298	233
33	46	42,11	146,61	199	242
59	49	67,36	147,63	199	242
2	49	0,0	147,63	201	242
22	46	37,8	146,61	199	242
12	50	9,8	100,46	205	199
32	51	35,27	60,34	246	294
82	127	38,28	72,45	267	298
86	123	57,30	53,33	298	267
6	118	2,0	52,31	298	267
6	101	1,2	44,30	298	298
123	83	71,55	53,13	233	249
87	89	56,18	45,9	236	233
41	76	69,41	52,16	275	298
0	243	4,0	540,229	267	251
141	183	50,13	29,13	227	288
23	160	52,7	139,50	212	263
19	26	43,15	105,42	243	281
28	158	15,7	152,104	192	298
202	148	154,90	197,125	298	227
61	40	22,19	19,20	282	236
106	3	15,15	0,2	272	255
20	23	17,3	27,19	249	298
16	12	12,2	8,10	280	200
2	1	147,42	116,23	298	248
5	2	250,73	61,13	255	298
3	2	125,31	123,35	198	255
5	1	296,65	85,34	242	198
21	28	9,4	27,23	202	186
0	68	4,0	26,21	242	202
2	11	12,2	5,11	208	228
3	11	13,6	5,11	234	228
0	8	11,6	8,22	203	298
11	10	23,8	38,6	261	251
9	6	13,8	19,19	295	298
20	40	7,14	24,20	293	275
47	82	119,47	121,85	251	260
69	68	122,75	88,57	260	254
1	1	0,0	17,18	290	284
1	0	0,0	10,9	290	298
7447	1292	318,123	64,11	227	227
5603	1657	371,119	143,31	298	182
3455	25	195,64	4,0	251	249
157	110	164,96	85,67	267	203
0	386	0,1	375,185	219	267
13	16	19,6	23,4	259	259
44	94	81,85	175,148	298	298
2	56	0,1	58,21	232	298
96	39	0,2	0,1	243	242
11	1	64,18	69,15	278	287
2	7	23,7	69,7	215	278
0	11	2,3	55,35	298	298
8	7	8,4	5,0	226	248
124	102	95,117	80,121	298	298
69	84	54,44	67,57	207	255
91	41	56,30	35,19	297	221
65	151	68,33	142,144	231	298
79	75	89,26	47,23	298	273
9	2	16,10	11,5	285	246
0	3	49,21	24,17	234	298
15	10	8,7	11,5	285	298
9	33	4,0	17,6	222	298
59	55	32,15	8,9	298	298
1	0	2,7	7,12	251	239
9	0	5,0	2,3	298	298
99	105	153,104	272,224	240	298
206	84	351,295	102,146	298	240
99	118	168,78	197,159	230	298
26	44	17,10	17,19	298	298
57	18	39,25	3,4	298	298
107	0	153,129	0,2	255	278
35	0	61,50	0,2	265	278
39	54	46,32	77,31	255	291
39	19	46,32	39,12	255	202
17	12	14,13	14,7	298	226
15	2	18,5	2,0	298	263
16	4	25,8	15,4	228	298
16	643	11,0	772,431	298	298
2	643	0,0	772,431	238	298
10	11	16,6	2,6	194	219
352	292	12,11	8,22	239	262
16	5	21,9	6,5	200	200
15	12	30,11	11,0	200	212
11	2	15,5	2,0	200	200
11	36	15,5	61,41	200	209
2	36	2,0	61,41	200	209
1	12	1,2	17,4	200	212
1	36	0,1	71,32	200	209
14	4	2,12	7,6	202	220
16	8	19,7	11,11	271	281
2	2	0,0	2,0	298	298
39	40	28,21	44,14	245	241
36	37	30,22	21,14	235	245
42	38	54,41	33,22	248	235
2	70	0,0	26,31	214	254
2	48	0,0	16,27	214	214
17	30	0,3	8,15	254	244
16	17	0,2	3,12	223	294
29	39	52,18	71,39	224	247
0	2	2,0	4,0	234	298
0	2	0,2	4,0	206	298
3	51	9,12	55,27	267	298
28	38	23,19	44,17	235	232
11	34	4,3	48,74	235	236
0	17	7,2	21,5	200	251
0	22	0,1	38,23	274	298
91	265	11,18	13,31	261	254
4	3	1,0	0,0	242	203
12	0	6,2	0,2	271	209
1	17	1,2	30,21	298	298
1	2	2,2	3,5	298	212
11	3	18,12	7,8	260	256
55	20	29,26	16,16	298	193
37	74	34,12	38,13	218	298
37	16	41,15	27,8	271	197
4	52	0,0	60,13	184	253
127	71	184,110	101,78	298	208
68	40	70,16	88,17	273	288
48	57	53,34	57,30	243	247
90	87	153,132	112,76	224	227
0	2	4,2	0,0	212	245
13	19	11,17	10,4	298	248
0	19	4,2	14,15	198	227
1	38	0,0	58,21	250	298
8	8	10,14	14,24	201	258
13062	5339	581,554	149,319	298	298
6	18	6,13	7,4	208	232
2	2	17,14	8,6	298	279
0	5	2,1	27,16	204	252
2	39	8,18	71,50	240	293
2	0	0,0	4,0	236	298
13	8	21,21	27,21	232	198
17	32	24,14	71,35	275	261
100	32	113,44	32,21	298	192
7	32	0,0	32,21	188	192
77	12	132,90	12,21	254	195
114	108	90,30	39,13	298	272
91	185	270,165	845,227	194	191
90	187	246,167	571,243	194	188
23	31	30,13	56,16	208	230
2	3	6,5	5,2	269	253
26	39	7,10	19,5	194	229
0	16	6,2	21,19	198	266
13	5	10,15	13,6	256	222
25	35	23,24	20,13	280	298
49	7	6,2	0,0	282	275
49	102	6,2	4,2	282	240
51	31	10,5	0,0	298	282
97	117	5,2	15,2	264	252
2	30	0,1	42,32	247	298
2	2	10,1	2,2	214	257
1	0	24,7	2,0	298	226
24	9	95,74	121,89	232	298
2	3	50,23	16,16	221	298
7	0	222,27	236,25	291	286
6	5	2,0	0,0	237	251
0	302	2,0	127,97	280	258
208	321	54,48	87,100	258	290
404	411	151,118	111,111	290	245
217	460	62,74	102,74	245	298
176	191	133,100	209,159	188	206
6	2	4,12	2,2	274	251
0	2	2,0	10,16	200	222
0	2	2,0	10,16	222	222
29	49	23,38	44,132	220	298
8	22	12,0	85,28	273	298
4	13	8,10	10,21	266	204
4	10	8,10	6,12	266	259
4	10	8,10	7,14	266	298
1	1	4,8	4,4	287	293
7	20	15,1	48,7	295	298
6	18	36,1	49,14	298	298
21	10	40,48	20,25	266	251
7	0	4,7	3,7	264	257
1	2	6,2	5,0	298	262
119	70	173,78	131,72	256	239
84	93	104,89	123,72	298	256
305	353	275,127	341,175	298	267
10	12	0,0	1,0	287	195
5	0	2,2	3,4	298	298
0	13	1,2	17,17	159	226
31	40	55,63	136,104	298	298
109	8	178,193	26,37	298	298
227	182	33,21	75,61	290	293
222	10	33,21	2,2	290	293
171	147	60,53	37,22	293	298
179	182	75,59	74,24	298	294
159	4	46,23	0,2	273	185
121	61	41,16	23,22	273	256
8	61	5,4	23,22	298	256
17	6	3,4	7,10	298	223
83	266	21,19	193,107	209	267
25	32	37,10	51,14	192	215
28	23	16,11	30,34	197	218
1	0	0,0	0,1	296	298
11	56	4,2	26,19	225	226
39	32	12,18	25,9	245	245
25	0	21,12	4,1	240	297
4	8	18,21	11,7	249	241
3	4	7,7	4,6	198	191
2	52	6,2	93,31	298	298
94	838	70,66	661,474	298	246
194	588	72,30	252,102	241	272
6	67	5,2	63,52	173	241
21	120	6,6	97,64	210	267
2	67	0,0	54,44	210	267
44	67	40,21	54,44	223	267
5	19	2,0	6,3	273	262
44	2	40,21	0,0	223	210
5	49	2,0	22,13	273	210
97	14	81,38	6,6	223	210
12	5	10,3	3,6	225	210
0	1	0,2	0,2	221	211
205	248	169,97	148,77	298	298
38	29	37,26	42,14	293	283
10	6	21,10	15,15	298	298
2	2	2,0	4,1	235	269
87	9	84,28	3,3	298	245
53	96	51,15	64,26	258	298
84	4	74,37	4,2	258	199
67	31	48,16	22,17	258	258
50	67	17,10	33,8	209	224
0	2	5,9	0,2	252	176
52	70	45,20	38,31	246	298
1	9	4,0	23,16	276	245
1	4	41,20	24,10	209	215
2	12	0,0	6,4	239	229
0	1	0,2	4,0	265	235
51	15	175,122	40,25	298	298
56	0	201,144	0,1	298	298
0	1	2,0	0,0	233	284
73	4	83,24	2,4	298	232
47	4	41,20	2,4	264	232
18	42	57,31	56,24	272	298
33	43	12,27	10,5	218	218
59	0	22,15	2,0	298	256
2	88	0,0	9,6	298	271
272	14	23,13	0,2	262	298
4	0	4,7	2,0	298	298
4	7	4,7	7,8	298	298
4	0	3,4	2,0	262	298
4	7	3,4	7,8	262	298
0	7	2,0	7,8	298	298
19	23	14,15	83,59	281	264
64	53	47,62	74,88	298	298
0	12	3,0	16,6	210	232
21	1	34,20	7,0	298	298
20	2	11,8	9,0	298	298
0	1	8,2	2,2	215	223
0	3	8,2	4,1	215	226
2	2	9,2	13,17	243	298
0	2	3,6	13,17	261	298
0	2	4,11	13,17	261	298
0	2	3,6	11,17	261	298
0	2	4,11	11,17	261	298
2	2	9,2	11,17	243	298
2	0	9,2	4,11	243	261
2	0	18,12	8,6	298	261
2	0	11,2	7,4	243	298
218	14	128,53	6,13	238	230
11	77	8,0	68,39	254	255
1	0	2,0	2,0	298	298
296	454	149,88	359,263	233	298
2	8	3,5	16,14	222	222
30	25	13,8	34,24	206	191
25	78	28,8	54,33	191	236
0	4	0,2	2,12	228	263
4	0	2,12	0,4	263	279
6	3	17,27	10,14	218	298
29	32	29,14	54,26	298	287
39	31	26,13	39,27	287	267
22	42	44,17	42,16	267	298
118	63	189,81	76,17	218	298
11	19	30,13	26,21	280	298
15	3	6,11	1,0	298	252
17	7	38,18	28,21	296	298
2	16	2,0	14,15	204	260
14	11	28,16	65,38	241	246
3	9	40,13	23,35	246	241
7	12	17,27	49,24	215	298
38	32	84,37	22,19	235	241
1	10	3,1	34,12	241	215
20	34	43,6	35,27	265	265
8	2	7,2	2,0	223	223
3017	4148	48,257	45,261	288	298
33	39	171,61	103,66	296	298
48	23	132,40	163,39	298	296
209	414	195,118	447,312	245	281
115	234	117,77	311,170	245	245
4	2	2,0	2,2	274	298
19	58	16,7	38,36	225	298
9	122	0,8	19,45	277	239
131	6	71,57	0,4	227	298
20	25	17,10	51,32	226	298
35	22	22,16	19,10	258	227
35	34	22,16	21,9	258	270
20	23	34,46	46,12	298	298
31	65	12,24	35,38	228	287
37	0	54,26	0,3	204	240
49	57	0,0	3,0	213	298
18	14	45,28	32,22	287	295
48	2	97,37	22,6	216	291
8	4	6,6	14,0	263	298
6	6	9,3	2,0	239	281
48	105	66,47	99,57	298	298
22	16	9,6	19,13	282	293
42	84	64,24	128,85	275	298
3	6	16,7	11,10	235	298
3	0	4,4	0,4	264	227
25	54	22,28	41,20	213	256
6	85	0,0	56,44	298	256
28	93	16,26	40,16	256	291
0	93	0,4	40,16	256	291
36	19	81,28	58,16	246	275
79	163	43,57	89,51	208	241
888	2249	246,214	430,344	275	298
2	278	0,0	2,0	258	293
0	14	0,1	8,17	179	207
16	55	37,18	50,29	298	290
2247	1590	98,71	41,53	298	222
13	5	22,26	55,41	216	251
10	6	33,3	43,20	212	298
10	1	34,3	7,2	212	298
10	0	34,3	0,2	212	298
1	0	7,2	0,2	298	298
17	0	54,45	14,8	230	215
26	1	37,41	2,0	273	227
20	10	42,18	15,13	298	273
429	103	172,370	33,39	266	298
9	103	10,17	33,39	298	298
25	55	17,26	27,27	293	298
12	29	20,14	43,52	209	298
0	28	2,0	32,36	236	298
0	36	2,0	64,49	236	298
60	112	28,13	38,24	261	298
60	1	24,11	0,2	261	298
60	50	24,11	41,8	261	238
1	50	0,2	41,8	298	238
169	50	32,9	45,10	298	238
57	86	32,15	47,20	298	298
88	129	210,97	188,89	298	298
4	15	0,0	1,2	298	298
21	18	25,42	14,19	298	298
51	45	50,22	79,32	225	269
94	36	60,33	36,12	256	226
2982	1038	3155,1311	1204,740	298	238
1324	1777	1458,525	2183,1130	257	298
45	71	34,21	64,53	233	207
17	120	5,14	39,50	192	248
2	0	0,0	2,7	207	229
56	150	0,0	2,0	213	298
114	1	104,89	2,0	298	243
82	153	135,83	135,29	242	280
124	45	142,55	50,19	280	209
96	0	67,54	2,0	251	222
3	4	11,3	14,9	273	298
32	8	16,9	5,7	275	298
19	11	31,12	9,4	272	298
23	1	20,9	0,0	298	264
19	1	4,1	0,0	298	264
19	23	4,1	20,9	298	298
62	36	73,51	42,75	264	229
37	0	26,23	4,4	263	245
42	11	49,33	24,8	200	286
7	70	2,0	0,3	284	284
7	591	2,0	29,37	207	221
291	1795	21,53	102,101	221	281
251	7	17,49	4,2	221	281
1014	1217	62,76	67,63	281	214
1262	1716	149,86	212,177	252	279
2	124	0,2	68,36	290	283
12	0	14,12	2,0	237	203
83	13	44,32	8,6	203	273
2	2	8,0	9,4	273	298
0	63	2,0	28,42	242	254
117	102	304,159	202,74	244	276
2	0	10,13	0,2	298	176
53	47	99,42	97,60	248	298
14	0	26,22	3,0	282	201
46	21	29,20	33,22	243	298
30	2	51,26	9,0	298	265
13	1	26,19	10,5	265	197
19	10	12,3	26,13	242	282
9	17	25,16	38,15	218	250
60	22	53,31	33,15	298	254
3	8	0,0	12,10	254	192
62	8	74,51	12,10	254	192
20	11	34,18	20,20	206	212
0	3	0,2	10,14	191	212
10	25	15,25	36,29	298	278
14	30	30,30	32,36	278	251
53	130	40,42	102,154	193	291
59	21	76,35	34,33	271	231
8	36	16,8	28,23	211	257
68	84	104,59	61,77	274	298
68	2	104,59	0,2	274	298
58	56	45,29	34,25	253	225
18	118	21,7	129,41	178	247
3	6	8,8	17,4	234	222
203	139	284,282	168,103	266	239
193	128	298,171	213,160	277	298
93	136	189,222	240,180	245	272
98	110	185,96	236,118	223	245
122	146	38,16	15,26	213	245
63	41	41,19	26,6	298	298
45	12	34,9	0,0	224	265
441	226	94,66	33,93	239	290
2	2744	0,0	379,1092	158	298
0	9	4,2	28,15	289	262
8	31	13,10	34,6	242	289
0	26	0,3	29,4	242	289
43	23	42,17	28,3	298	242
9	3	14,7	7,0	228	247
13	35	19,9	40,24	228	298
6	2	16,14	10,3	225	228
29	33	32,40	49,75	257	215
2	6	2,2	0,2	232	298
14	27	52,23	68,72	298	266
14	0	52,23	6,0	298	298
7	0	11,4	9,10	266	298
58	331	43,21	254,193	194	263
46	17	37,29	13,6	286	235
6	183	0,0	85,41	262	256
64	84	32,13	39,19	181	231
148	211	54,22	127,52	231	298
0	43	4,9	65,55	298	294
3	2	2,0	0,0	235	243
3	0	1,0	0,4	240	272
46	0	56,20	0,3	298	260
117	175	95,75	108,95	251	209
8	108	1,0	60,42	241	295
117	19	91,49	61,25	188	227
286	33	422,310	12,12	224	188
143	4	150,162	9,7	224	188
49	14	70,106	4,7	239	298
47	38	38,30	29,12	266	298
16	34	0,0	0,2	267	196
36	31	39,19	32,23	260	264
28	34	29,13	42,16	251	298
1	68	0,2	71,35	274	246
41	38	21,15	13,15	293	298
9	29	6,6	24,2	239	293
52	15	35,14	6,2	281	273
38	23	16,8	7,5	264	281
69	32	180,113	83,32	221	298
12	29	130,92	151,114	215	254
36	12	32,39	19,1	247	211
1247	1381	464,236	507,268	251	296
28	1380	3,9	507,268	251	296
1311	1440	361,185	653,431	298	251
1664	1298	548,235	392,242	270	298
1759	1302	611,299	389,242	298	298
1680	1765	549,233	511,330	270	298
1781	1741	629,307	457,362	298	270
1	1	4,3	11,2	193	298
28	12	15,8	27,19	227	259
45	17	15,8	9,16	262	227
0	8	8,0	23,2	298	221
0	24	8,0	69,39	298	227
16	6	38,18	25,9	262	227
17	18	41,36	41,26	291	262
6	19	26,14	43,20	280	291
16	7	6857,3218	3116,1329	230	191
107	165	78,48	116,89	298	237
5	6	13,8	3,7	239	209
293	444	424,440	716,556	298	298
126	300	140,179	429,425	271	298
80	38	30,9	31,17	298	298
17	40	7,3	31,17	212	298
22	5	10,5	4,12	228	271
10	0	3,5	0,2	298	247
8	0	3,5	0,2	298	247
8	23	3,5	8,14	298	271
8	5	3,5	4,6	298	247
8	18	3,5	4,2	298	271
8	3	3,5	0,0	298	226
0	7	2,0	4,12	220	271
0	23	0,2	8,14	247	271
0	5	0,2	4,6	247	247
18	8	4,2	2,9	271	226
18	3	4,2	0,0	271	226
13	89	6,4	84,67	290	284
67	27	57,25	8,8	287	298
6	30	9,1	32,18	250	298
21	123	14,17	107,61	215	298
130	50	77,44	32,8	298	197
20	11	38,21	11,5	197	204
20	110	38,21	90,45	197	206
11	4	7,1	10,5	298	263
59	5393	0,3	28,41	188	291
134	127	62,32	53,19	246	260
74	31	34,18	16,11	222	241
2	4	0,1	12,14	197	298
44	35	152,51	154,52	263	242
40	47	23,21	43,14	247	245
20	15	50,16	17,10	182	268
59	51	47,27	41,44	298	278
96	199	38,22	51,74	269	292
360	261	88,69	51,41	298	298
160	233	57,29	101,72	260	232
7	140	25,9	33,20	241	271
0	4	3,0	4,2	272	281
8	5	4,4	3,4	210	252
26	105	10,7	46,26	225	298
91	151	74,29	74,46	218	286
144	104	153,106	82,31	298	218
212	324	71,33	174,60	293	298
60	5	88,46	0,0	261	298
183	4	119,118	6,0	294	294
105	4	69,67	6,0	298	294
2	65	0,0	44,34	260	298
93	113	67,65	113,101	298	298
0	12	2,0	10,14	223	288
0	14	0,2	8,2	239	298
9	4	19,4	2,0	273	243
22	4	10,14	2,0	267	243
22	9	10,14	19,4	267	273
3	15	4,1	4,8	230	278
11	16	0,0	0,4	230	281
72	109	2,1	68,87	264	298
63	88	44,29	46,20	239	290
25	21	17,35	39,29	298	298
82	104	26,16	49,21	197	279
28	24	37,19	14,13	243	298
21	43	22,17	81,27	213	298
32	39	49,20	46,43	298	242
324	339	140,160	299,289	298	298
28	49	47,29	41,22	234	250
6	12	0,6	20,4	268	298
7	11	12,4	8,12	295	263
20	34	21,6	35,13	293	298
2	20	2,0	19,15	187	238
0	10	0,4	4,2	298	241
50	50	64,30	23,12	298	228
24	42	59,78	64,62	298	292
43	14	72,36	39,27	247	237
19	42	30,18	51,58	251	247
25	48	32,19	50,41	298	298
280	3	181,185	12,17	222	228
184	20	546,308	73,34	269	298
14	0	17,20	20,3	279	208
74	53	20,10	18,5	230	224
86	49	108,59	44,41	224	205
19	9	16,10	11,7	216	209
66	60	57,16	44,12	263	263
2	0	0,0	0,2	298	268
2	0	0,0	0,2	224	268
0	2	2,0	0,0	169	298
0	2	2,0	0,0	169	224
0	2	0,2	0,0	215	209
82	77	86,50	125,30	247	217
15	1	63,38	0,0	249	219
1	7	4,6	7,1	221	249
2	7	9,2	7,1	291	249
2	1	9,2	4,6	291	221
2	4	2,0	13,1	238	298
6	20	10,4	21,33	184	250
23	24	79,56	158,112	231	296
5	0	20,14	1,0	263	182
18	44	0,1	9,0	178	210
14	16	15,6	19,4	234	212
0	2	1,2	15,10	169	203
15	35	18,6	42,25	216	237
14	35	27,8	44,25	194	237
21	28	33,11	14,11	235	216
0	24	1,2	33,14	191	235
14	24	26,18	33,14	194	235
0	21	1,2	31,14	191	235
0	21	1,2	31,14	194	235
31	29	21,21	8,8	283	216
104	61	69,41	41,21	279	218
9	8	11,6	5,19	298	298
9	7	10,6	13,7	298	220
10	18	15,6	19,10	298	292
2	7	5,12	31,19	178	178
6	10	18,22	21,47	298	230
5	6	1,0	0,4	298	256
1	2	4,2	4,0	256	195
1907	6	243,122	0,0	277	298
5	120	0,0	11,5	244	298
2	16	0,0	37,16	182	268
26	65	69,48	66,46	298	298
36	2	60,33	3,0	242	237
48	45	52,24	51,40	205	227
14	11	27,24	39,12	224	298
1947	3773	6,8	21,41	244	288
48	39	25,8	37,27	194	237
70	66	136,63	121,70	298	298
44	87	13,22	91,35	222	268
31	31	15,13	25,24	251	279
17	28	13,6	24,7	211	298
17	2	13,6	1,1	211	237
26	25	20,18	16,5	251	294
138	146	76,50	110,87	298	298
0	71	9,3	125,64	268	241
31	39	25,30	88,70	241	298
42	83	37,36	90,32	248	221
2	7	8,2	49,36	298	298
27	30	27,19	32,8	287	298
70	24	77,81	141,54	225	225
49	66	85,33	96,46	276	298
97	47	134,58	124,58	298	252
3	66	8,4	92,54	298	226
826	631	130,69	129,57	298	298
662	277	50,81	39,9	298	298
4	476	0,0	79,62	298	298
13	20	4,6	23,10	298	257
9	243	9,10	221,302	242	191
0	11	2,0	0,2	298	298
1856	1506	620,284	446,297	260	264
1322	1574	247,129	203,101	245	298
2	345	2,2	83,84	233	257
13	7	21,16	21,8	194	182
152	77	225,79	121,63	241	205
2	0	2,2	0,2	298	298
12	0	28,19	2,0	242	264
1	0	0,0	2,0	197	264
15	25	12,22	22,30	243	285
31	6	33,15	7,4	285	256
7	16	7,4	9,6	186	258
19	15	42,23	17,4	271	298
66	18	64,25	13,6	298	271
71	23	41,10	43,23	291	298
68	21	81,100	12,5	298	218
0	2	5,0	19,5	176	251
36	24	68,46	38,15	298	244
58	30	58,56	50,37	298	298
1	36	0,0	68,46	251	298
8	35	50,41	68,48	251	298
1	60	0,0	101,93	296	251
0	20	4,8	67,50	271	298
0	31	4,8	124,77	271	298
42	31	77,65	54,51	268	280
10	32	83,24	91,68	298	298
9	0	39,23	2,0	234	298
1	18	8,11	47,16	234	298
15	6	43,12	25,4	298	245
6	13	9,14	7,17	287	237
23	10	41,16	11,12	298	223
7	20	16,15	10,24	264	273
12	35	26,15	67,41	235	231
9	7	8,3	9,2	298	298
2	1	30,28	11,4	298	298
8	19	21,21	18,7	233	274
0	4	9,6	0,4	242	244
4	0	4,0	1,4	242	218
29	10	55,42	24,21	298	232
1	46	15,2	41,28	298	293
198	18	188,72	15,11	257	203
158	0	74,50	6,0	260	257
47	50	29,17	99,59	298	298
83	158	48,30	44,20	263	263
47	34	25,15	11,8	263	263
527	255	821,273	374,165	298	264
8	19	30,15	28,7	256	298
59	54	50,26	22,6	298	251
252	205	290,137	338,138	261	291
102	198	94,36	255,116	265	298
12	50	22,17	107,50	298	298
65	97	36,38	122,71	298	298
26	50	16,20	30,32	298	298
49	95	65,23	73,43	249	266
66	0	48,46	0,6	243	216
40	64	20,20	46,21	289	287
46	23	39,45	38,15	298	289
4	11	9,2	17,15	183	217
26	44	28,11	37,27	260	268
110	88	60,37	45,16	290	298
2	20	2,2	7,8	298	295
4	243	12,8	253,146	199	255
0	104	0,2	70,56	233	237
42	32	77,31	39,7	241	223
20	20	13,13	9,7	298	272
0	2	2,0	2,2	176	225
24	1	25,26	2,4	237	214
2	0	0,0	2,8	273	298
914	423	177,137	45,71	298	278
43	25	18,2	8,5	197	189
2	11	2,0	7,4	245	298
42	25	30,6	20,11	223	197
55	118	69,49	115,82	236	298
22	16	12,24	8,10	224	223
17	21	14,13	20,14	221	224
0	4	0,2	0,3	265	173
4	4	2,2	0,12	220	298
3	0	8,6	0,4	298	298
4	2	0,12	0,6	298	298
4	2	1,0	0,0	210	241
8	35	4,6	13,28	298	257
7	11	9,7	8,12	216	263
2	48	14,4	55,35	298	275
57	48	86,41	54,37	298	275
1	50	4,2	52,21	298	298
25	51	42,25	46,21	239	298
0	3	0,2	10,7	209	223
3	1	7,0	8,1	278	234
0	2	2,0	12,3	184	298
2	8	0,2	4,4	298	298
6	19	6,4	6,6	298	298
106	179	75,34	143,41	216	298
118	58	81,43	42,5	271	216
93	4	79,11	2,0	283	213
34	12	44,18	16,6	247	220
26	71	86,21	59,36	255	239
2	6	13,5	3,4	242	291
33	28	47,31	18,20	278	213
185	185	106,105	72,54	298	269
0	2	2,0	14,0	236	252
1212	1345	254,128	342,168	298	298
6	20	11,6	113,50	245	298
2	0	206,76	116,26	278	206
15	56	43,7	92,26	241	285
31	15	23,22	6,22	216	202
59	24	23,17	9,14	298	216
44	55	25,15	41,35	228	298
0	6	8,0	24,4	248	298
12	6	31,15	24,4	273	298
3	46	6,2	43,49	224	298
3	19	6,2	42,26	224	209
46	19	43,49	42,26	298	209
4	1	2,1	0,4	198	195
0	4	6,4	9,0	227	231
28	23	22,18	5,5	298	211
14	9	36,7	12,5	298	291
17	9	32,15	4,8	284	298
54	64	48,19	34,22	298	298
48	24	63,29	24,12	292	226
4	22	2,0	5,6	230	237
38	33	33,13	26,21	289	286
72	61	87,40	78,41	249	194
8	4	32,10	11,2	254	164
61	2	39,56	0,0	267	223
161	138	93,58	43,18	298	224
6	16	13,2	4,0	298	240
20	67	13,6	36,12	245	298
9	15	8,3	5,5	224	221
9	16	17,13	33,16	230	244
15	14	27,10	45,27	244	221
200	88	124,76	48,16	298	227
6	0	14,23	2,6	298	284
78	113	38,26	80,77	298	293
14	98	10,10	70,36	209	298
59	24	32,28	35,22	263	209
66	56	48,20	29,24	242	263
21	47	21,13	41,42	241	281
44	27	46,30	69,59	298	298
12	110	9,13	113,84	298	267
30	24	15,4	12,7	241	232
0	76	0,2	33,6	253	257
86	81	155,93	129,60	235	259
72	36	157,72	54,46	259	243
154	94	117,83	57,37	298	298
157	46	104,54	44,24	286	203
4	5	3,11	16,14	272	254
0	2	1,1	8,2	237	197
2756	4256	263,190	488,302	237	298
5047	5492	527,400	536,380	291	237
2048	379	187,104	11,9	289	177
138	111	208,125	161,74	298	272
191	192	242,147	359,148	272	298
13	8	18,9	0,4	234	256
7	17	25,19	21,5	270	229
8	0	12,9	2,0	218	270
6	12	9,3	3,2	298	224
321	663	186,131	466,242	227	255
111	340	120,79	288,134	181	227
1	340	0,0	288,134	201	227
28	12	35,17	17,5	298	233
24	23	24,14	27,28	298	231
40	37	40,20	41,49	290	298
70	24	129,83	75,50	298	251
21	2	42,32	4,7	298	239
51	25	106,93	33,21	272	248
1	10	8,6	12,16	195	231
27	11	19,22	6,12	233	195
0	2	6,3	7,2	298	298
0	8	1,2	14,3	298	298
3	4	2,2	9,2	233	298
75	49	86,59	58,31	274	273
142	270	138,48	486,254	248	298
95	42	116,48	54,33	298	236
0	172	4,2	146,46	184	224
133	97	127,55	110,47	298	233
82	140	70,50	135,130	234	298
12	140	17,4	134,130	234	298
91	83	73,53	94,55	237	234
31	68	32,21	82,43	193	237
0	4	4,0	10,8	298	298
59	88	102,58	89,99	272	251
71	82	120,43	141,52	239	267
6	2	2,0	2,4	298	196
3	2	2,2	2,2	298	196
193	10	144,50	8,1	281	186
94	50	62,20	23,24	186	228
55	167	56,19	102,26	186	252
208	61	208,109	59,35	252	252
197	57	208,109	53,42	252	248
168	66	123,48	54,40	252	248
70	16	61,25	12,10	248	203
39	24	39,25	22,10	203	290
51	76	47,17	51,17	207	245
140	205	459,386	619,485	224	296
50	110	27,29	82,117	262	277
65	110	27,36	82,117	298	277
102	220	51,17	171,89	224	268
233	8	134,88	4,11	298	263
44	58	15,19	44,34	236	276
132	0	128,59	0,2	222	222
27	19	43,34	30,26	298	265
150	2	101,58	0,2	268	298
7	135	0,0	29,37	241	243
107	202	40,15	34,27	252	279
170	80	42,23	15,10	247	214
15	11	38,18	11,9	234	298
5	42	8,2	20,19	271	298
5	1	8,2	1,2	271	298
5	3	8,2	1,2	271	195
35	1	18,15	1,2	298	195
42	1	20,19	1,2	298	298
42	3	20,19	1,2	298	195
10	0	2,6	0,2	298	298
10	0	2,6	0,2	298	195
10	18	2,6	34,37	298	217
49	1	22,17	1,2	298	195
17	17	4,4	34,37	298	217
0	18	0,2	34,37	298	217
0	18	0,2	34,37	195	217
0	49	2,2	52,52	195	217
51	87	88,73	103,40	240	293
1	2	2,0	4,0	239	298
18	1	16,3	6,2	189	233
5	0	7,24	2,2	298	248
4	0	8,21	0,4	279	298
201	187	53,51	43,35	290	298
87	119	123,119	90,38	298	252
85	16	124,122	10,2	298	252
85	76	124,122	100,66	298	270
16	76	10,2	100,66	252	270
75	75	42,31	33,22	259	282
92	54	69,40	24,16	248	259
107	80	57,34	37,40	298	248
46	21	40,12	14,7	196	161
4	109	2,0	49,46	250	298
140	130	193,112	109,74	277	298
118	4	150,94	0,4	294	277
118	225	150,94	272,123	294	277
172	239	76,60	177,47	245	298
310	399	1,0	5,6	213	252
41	15	121,112	22,25	266	253
29	37	22,28	22,9	298	261
26	25	72,20	26,37	245	216
305	327	348,236	256,186	279	298
313	310	312,151	364,285	278	279
168	268	132,102	244,123	241	257
7	0	8,8	4,1	293	275
2	2	0,0	2,0	248	221
15	19	160,196	413,440	269	269
0	2	2,4	3,1	298	230
68	57	43,35	37,27	218	206
0	22	2,0	12,2	271	298
12	11	7,0	9,5	298	255
69	76	89,34	98,68	248	218
7	2	2,10	6,3	266	248
524	475	160,163	186,221	258	268
524	91	161,161	13,12	258	268
2	1	3,2	3,2	178	178
4	4	32,6	13,3	256	178
26	2	12,2	0,0	265	281
8	0	15,2	2,0	237	298
1	0	1,2	2,4	281	242
12	11	14,0	16,7	258	298
29	33	28,14	52,24	298	288
4	4	1,6	20,4	222	298
9	7	3,0	2,2	210	245
9	11	7,0	13,6	264	240
0	11	6,4	10,10	260	264
0	2	2,2	4,4	298	298
0	3	1,0	0,2	170	251
32	20	47,36	29,26	251	206
1	20	0,0	29,26	277	206
2	2	7,8	13,20	269	296
47	39	102,47	41,38	194	191
65	6	31,39	3,0	298	184
0	23	2,0	34,23	265	298
2	4	0,0	2,4	298	256
56	2	69,70	0,0	252	239
56	2	69,70	0,0	252	263
54	2	67,68	0,0	252	239
11	1	5,6	2,9	298	243
0	79	1,0	96,85	222	298
401	306	199,119	128,78	286	253
282	304	83,53	131,51	203	298
417	304	124,111	79,64	298	271
5	0	7,4	5,2	298	232
22	49	76,59	101,82	298	240
106	133	122,88	208,100	277	252
2	93	4,3	52,34	207	242
9	40	9,10	44,29	226	207
1	40	1,0	46,21	218	207
34	42	55,29	74,39	218	226
52	31	71,37	69,28	218	209
9	27	8,10	65,26	218	209
33	35	83,47	55,18	298	298
48	18	63,50	62,28	298	298
20	100	7,8	65,63	269	257
2	1	0,0	3,0	211	247
3	56	1,0	54,22	203	224
25	125	37,22	144,120	224	296
25	0	39,19	1,0	212	193
64	58	35,23	51,44	298	298
0	1	97,54	91,57	254	254
72	83	110,43	108,44	279	298
2	4	0,2	9,9	223	298
157	172	158,48	218,85	298	298
28	35	36,3	24,18	260	298
7	11	18,0	0,0	241	241
5	35	0,0	32,8	278	268
18	30	20,10	28,11	192	228
1	75	2,0	117,51	224	253
19	41	16,7	49,20	225	270
4	101	0,2	73,60	221	221
6	36	6,4	43,59	298	276
164	147	49,40	31,58	275	275
2	5	6,8	14,9	298	227
126	7	117,38	10,2	224	167
14	29	16,23	41,38	298	218
804	4003	7,24	64,139	188	290
1	13	9,3	20,19	230	248
1	9	9,3	14,12	230	243
30	27	60,10	24,11	297	298
77	45	60,33	41,15	298	290
2	39	0,0	52,22	298	235
17	9	3,2	8,5	298	267
6	47	15,5	35,10	265	282
15	49	0,2	33,10	265	282
0	3	6,4	21,3	238	272
994	1217	110,51	139,81	244	254
100	260	16,8	43,32	236	236
10	2	2,0	0,0	292	298
10	11	2,0	1,2	292	298
2	11	0,0	1,2	298	298
0	5	2,0	11,0	231	190
1	5	5,4	11,0	255	190
0	22	2,0	39,6	231	243
1	22	5,4	39,6	255	243
289	858	63,43	283,170	239	293
604	480	126,48	123,73	298	239
4	7	13,8	8,11	296	248
0	6	4,2	8,5	248	298
6	2	7,2	0,3	248	298
7	45	8,1	82,33	298	255
2	45	2,0	82,33	298	255
18	81	7,21	78,41	194	214
15	15	10,10	9,2	254	195
2	15	4,0	9,2	254	195
23	14	14,2	9,9	298	254
39	156	17,19	86,52	202	271
106	67	47,39	45,25	298	221
124	144	90,63	86,46	227	298
2	2	4,2	0,2	268	247
2	0	4,2	0,2	268	271
2	16	2,0	10,3	268	270
2	21	2,0	15,22	268	298
2	2	8,2	0,2	208	247
2	0	8,2	0,2	208	271
2	11	2,1	20,6	208	270
2	0	0,2	0,2	247	271
16	21	10,3	15,22	270	298
11	6	35,16	14,9	298	270
3	4	6,3	0,4	239	230
3	4	6,3	0,4	239	298
0	6	1,0	3,12	209	231
2434	3164	389,204	861,379	260	243
2679	2556	642,283	547,268	254	260
2494	2121	529,201	337,185	251	254
2399	2353	656,253	455,225	258	251
1140	2973	261,64	608,241	225	258
312	214	201,172	184,169	298	254
4361	3900	8087,6312	10810,7754	298	268
2224	2314	4520,3532	2521,4227	227	239
1925	2312	5463,3116	2520,4239	257	239
0	17	2,0	35,37	298	272
37	30	31,16	23,9	298	248
19	20	90,29	74,17	296	219
2	37	4,7	61,38	298	298
7	294	3,0	446,352	274	257
30	294	27,21	446,352	185	257
5	19	0,1	2,17	194	218
1777	1681	18,63	15,34	263	278
204	127	30,19	23,11	297	298
3481	3163	121,43	87,26	298	298
2	4	2,2	10,12	240	252
2	22	8,9	41,65	240	252
186	169	152,117	199,83	283	298
124	177	120,91	145,134	243	283
1	0	2,0	2,0	298	186
2	0	0,0	2,1	231	186
31	44	22,16	35,26	215	217
37	58	17,34	46,38	217	220
54	32	24,39	35,16	220	207
0	20	2,1	8,21	283	179
4	45	0,4	23,27	179	215
4	1	3,2	3,2	298	298
3	242	1,0	362,322	175	270
41	161	35,11	104,89	194	246
432	26	230,152	23,14	246	199
3	11	0,0	6,21	166	257
13	35	9,13	62,48	204	267
1	16	6,0	13,18	275	208
15	32	5,0	28,10	257	245
194	390	12,36	41,57	298	298
437	266	17,38	21,34	298	291
77	54	48,27	31,23	298	252
46	50	29,30	50,32	266	272
34	45	27,20	37,16	298	280
36	45	28,20	37,16	298	280
248	63	190,402	64,67	277	211
51	119	74,37	127,60	249	298
308	1863	590,385	2111,2007	238	298
12	31	51,25	127,47	226	294
69	37	29,12	7,15	294	236
6	0	6,5	4,0	276	230
3	30	2,3	36,14	181	227
4	9	0,0	6,4	298	298
156	273	24,24	64,40	246	298
14	50	65,5	255,50	213	298
25	29	55,27	45,38	298	199
5	17	7,10	54,25	298	272
5	17	6,10	54,25	298	272
962	3046	1160,1033	3664,2308	298	244
2397	2944	3005,2434	3842,2511	244	254
128	246	33,35	47,46	222	258
16	246	0,2	47,46	196	258
5	168	2,2	98,103	201	260
448	284	191,89	84,52	251	265
58	77	102,77	188,136	298	298
0	1	2,0	0,0	261	298
2	0	0,0	3,0	252	263
2	0	43,16	2,1	209	209
7	3	17,4	10,2	298	298
1629	6031	15,72	68,244	224	290
19	138	0,0	34,26	245	260
172	146	27,19	36,22	260	238
0	12	0,2	30,11	298	298
101	68	119,67	108,43	298	274
1193	2083	208,171	288,202	233	288
835	1868	132,98	296,256	225	298
1648	1286	331,239	268,179	298	225
1186	1718	264,195	322,205	239	298
1726	1557	402,229	351,326	298	240
2280	1705	462,247	342,223	298	220
8	7	62,26	18,4	256	187
8	15	67,28	116,47	256	298
38	25	54,23	17,2	244	233
2	2	65,54	4,0	218	218
2	38	1,0	37,12	242	260
106	59	71,39	22,17	257	293
156	35	90,32	23,14	298	219
74	68	40,27	37,29	219	293
1	58	3,0	26,25	231	247
1	0	15,0	31,0	196	246
2	4	4,4	6,4	186	199
193	204	242,90	205,60	298	290
0	1	36,17	19,6	292	298
2	33	0,0	54,46	271	289
84	73	97,97	110,91	256	295
89	87	99,70	121,101	298	298
53	120	48,52	113,83	277	298
26	39	25,22	56,25	246	298
2	2	11,6	4,0	297	298
46	89	42,30	163,88	232	298
5	9	12,9	11,12	187	298
10	15	11,12	8,11	245	173
25	39	18,15	29,35	212	227
220	264	334,119	357,107	286	283
211	194	288,162	269,115	283	237
194	212	163,133	264,121	258	296
207	357	262,120	381,175	279	298
348	132	335,76	121,52	271	180
1	4	12,2	4,6	221	221
3	0	36,7	4,4	298	221
3	0	31,6	4,4	298	221
2	1	20,6	5,15	248	298
2	1	20,6	5,15	221	298
8	0	35,10	4,0	221	176
0	2	9,2	7,2	298	298
8	45	45,32	56,41	221	209
33	58	61,40	103,64	209	292
75	21	95,66	36,20	292	216
30	25	47,21	49,22	221	239
19	9	15,2	10,6	267	203
3	1	9,9	7,3	227	228
2	4	0,0	20,8	298	266
1	4	4,2	20,8	266	266
0	4	6,2	20,8	298	266
2	0	0,0	1,2	298	266
2	1	0,0	4,2	298	298
0	3	4,1	5,2	298	228
7	5	3,0	0,2	195	298
48	28	78,28	89,41	227	236
3	8	0,0	2,0	256	298
143	128	66,52	66,41	298	290
143	143	66,52	43,38	298	298
25	47	26,7	25,14	241	293
0	4	2,2	6,4	298	233
9	2	20,10	18,12	236	298
41	53	128,71	134,103	225	226
243	160	554,214	306,151	298	209
111	15	281,213	35,54	264	205
38	6	72,56	42,39	194	298
38	15	71,56	35,54	194	205
128	143	0,0	2,1	298	258
26	26	19,13	21,9	298	285
8	2	9,6	1,0	215	298
10	25	9,6	28,15	215	298
2	9	2,1	7,24	225	257
46	33	98,48	77,35	287	215
2	0	6,0	7,0	234	280
1	6	0,0	4,6	262	227
2	8	0,1	3,5	296	284
38	225	3,13	78,55	298	298
211	56	114,82	20,11	298	200
80	21	29,18	5,5	200	196
3	7	0,3	5,6	187	298
2	6	0,2	3,0	187	298
18	6	22,15	3,0	218	298
18	2	22,15	0,2	218	187
12	0	15,19	2,0	218	187
2	13	17,8	17,19	239	208
2	14	0,0	25,10	298	283
12	9	15,11	7,6	260	290
2	1	2,3	5,2	259	233
3	5	6,10	16,24	238	225
57	47	111,112	90,82	248	298
12	0	31,16	2,9	246	298
11	11	8,14	20,19	246	246
12	28	60,23	63,22	298	278
6	36	29,17	62,31	220	298
17	2	4,8	6,3	232	228
0	2	7,0	0,0	195	279
364	1224	488,467	1558,1253	262	298
0	6	2,1	8,8	192	243
22	27	62,30	141,41	266	272
8	47	12,6	34,36	298	298
35	33	32,14	28,12	273	240
66	141	33,15	76,60	207	298
21	48	15,18	53,13	298	223
58	39	31,7	15,3	241	294
58	54	31,7	60,15	241	223
2	70	5,0	63,18	181	298
1	0	0,0	0,2	195	221
1	1	0,0	2,0	195	204
0	1	0,2	2,0	221	204
8266	6039	3340,1128	2490,932	298	255
6604	6373	2975,1588	3038,1140	298	298
5833	7576	2678,861	3742,1544	298	298
60	63	99,56	131,20	242	298
76	46	90,27	80,38	298	254
39	78	45,12	101,34	254	298
44	81	90,41	68,40	298	279
52	15	30,28	9,6	253	232
23	25	28,6	10,3	298	298
244	284	48,34	35,41	292	265
1108	1561	44,43	112,28	298	298
1884	990	117,107	59,34	298	298
472	980	35,6	59,34	216	298
788	1421	69,49	60,18	238	298
916	1421	56,11	60,18	247	298
916	788	56,11	69,49	247	238
1582	1839	94,23	179,121	247	238
220	194	6,0	4,1	243	277
79	20	4,0	0,0	202	276
64	118	0,4	0,0	249	298
37	282	0,0	4,1	270	277
2099	1734	236,81	187,112	298	298
588	2473	476,326	1395,903	284	298
586	1946	476,326	1272,906	284	298
48	44	113,84	222,96	287	273
18	0	14,20	1,0	259	247
8	0	4,13	1,0	234	247
1	202	1,0	159,95	218	298
26	79	20,13	70,43	266	231
2760	4	348,309	0,0	269	298
2760	4155	348,309	666,619	269	290
6	3228	0,0	547,328	298	269
4365	3228	504,343	547,328	298	269
0	1	1,0	0,0	228	298
2	4475	0,0	638,560	244	278
2990	4475	413,261	638,560	253	278
2	4475	1,1	638,560	272	278
11	0	6,5	2,0	298	298
17	0	0,6	2,0	284	298
20	9	4,0	2,2	298	298
11	7	47,16	11,10	201	186
11	10	44,16	20,6	201	206
0	2	2,0	4,0	266	298
14	4	21,13	6,0	272	298
14	0	28,15	2,0	272	266
1	0	3,2	2,2	252	272
4	4	4,6	7,4	298	252
2	0	0,0	4,2	230	252
1	7	0,0	20,8	211	252
0	7	1,0	23,10	211	252
16	11	13,5	31,19	298	252
4	7	4,6	5,0	298	211
4	7	4,6	5,0	298	211
0	7	0,2	7,0	298	211
8	7	4,4	7,0	187	211
2	7	0,0	7,0	230	211
0	7	0,2	6,0	298	234
8	7	4,4	6,0	187	234
2	7	0,0	6,0	230	234
7	0	4,7	2,0	187	298
16	0	12,7	2,0	298	298
16	0	16,7	2,0	298	298
1	3	2,0	0,3	187	298
8	0	4,4	0,2	187	298
2	0	0,0	0,2	230	298
7	0	4,7	2,0	187	298
16	0	12,7	2,0	298	298
16	0	16,7	2,0	298	298
1	6	2,0	0,2	187	298
1	6	2,7	2,0	187	298
16	6	14,5	2,0	298	298
2	8	0,0	4,4	230	187
16	7	12,7	4,7	298	187
16	7	16,7	4,7	298	187
16	1	14,5	2,7	298	187
16	3	12,7	6,9	298	187
16	3	12,5	6,9	298	187
2	13	2,2	2,1	298	298
76	80	18,11	4,3	298	251
172	145	58,46	95,43	264	248
1	219	2,6	142,64	248	298
3	219	4,2	141,65	248	298
4	25	4,1	21,10	164	224
36	42	44,31	65,40	261	289
5	4	8,3	14,9	245	296
7	6	7,8	6,8	222	245
2	10	6,15	7,3	219	222
6	31	4,3	104,40	172	250
25	7	14,9	12,2	256	215
174	64	292,143	69,39	298	298
19	50	29,13	102,74	298	234
33	10	12,8	16,2	219	247
5	0	16,18	2,0	253	298
16	73	10,2	39,23	172	206
0	3	2,0	4,0	239	203
2	4	2,0	0,6	219	273
24	6	20,5	22,6	269	212
1	0	6,0	2,1	298	298
65	1	104,43	8,8	298	298
65	18	104,43	32,29	298	250
1	18	8,8	32,29	298	250
0	13	2,2	8,10	208	242
4	0	4,0	11,0	268	264
17	0	5,6	11,0	298	264
4	0	4,4	11,0	273	264
9	1	16,6	9,0	298	285
17	4	5,6	4,0	298	268
4	4	4,4	4,0	273	268
4	17	4,4	5,6	273	298
2	11	4,0	0,4	273	298
69	93	25,22	41,22	285	255
27	33	17,3	7,17	227	244
15	1	6,6	4,2	222	227
16	18	3,2	8,0	222	227
3	35	8,7	10,0	230	222
57	21	99,49	32,5	298	221
342	249	59,37	20,3	298	228
9	42	5,5	21,5	188	245
43	44	30,18	17,16	258	298
16	10	6,21	0,2	276	298
39	48	36,38	63,72	172	197
72	43	82,37	61,66	298	197
2	45	2,2	61,43	223	254
66	6	29,17	3,4	218	270
2	25	14,6	66,22	286	287
14	8	52,38	13,28	287	298
9	40	0,0	2,2	224	298
25	4	0,2	0,0	224	238
25	17	0,2	2,0	224	298
25	37	0,2	2,0	224	298
9	20	0,0	2,2	224	298
10	30	0,0	2,0	224	298
4	17	0,0	2,0	238	298
4	37	0,0	2,0	238	298
17	26	2,0	0,0	298	298
37	26	2,0	0,0	298	298
30	18	2,0	0,0	298	268
14	26	1,0	0,2	298	268
13	34	1,0	0,2	298	268
16	15	0,2	2,0	298	298
2	1	0,0	2,8	268	236
7	45	3,4	83,46	239	298
14	5	41,5	24,5	269	223
21	10	16,10	18,2	260	298
27	11	26,25	24,10	234	194
0	2	5,4	2,0	203	227
71	25	28,26	13,33	298	298
113	37	62,31	13,5	256	298
137	55	102,73	28,29	298	256
132	11	174,86	5,4	227	284
7	20	2,0	18,5	271	252
0	7	2,0	4,2	197	271
7	2	18,0	7,0	216	171
10	2	2,10	0,5	226	226
23	26	24,6	22,27	221	246
8	0	26,28	2,1	188	223
1	5	0,0	4,1	264	266
7	3	20,6	2,7	298	298
7	3	17,4	2,7	298	298
0	31	2,0	58,46	180	229
7	12	8,0	10,5	258	199
5	14	9,0	4,3	258	208
30	20	26,26	15,6	284	298
8	140	6,8	81,58	253	289
133	230	110,83	185,105	243	294
60	72	64,55	80,52	220	244
0	2	1,2	0,0	212	188
8	0	4,0	2,2	246	298
160	381	120,156	244,208	298	298
114	160	99,68	127,72	298	253
192	276	147,166	266,203	298	298
2	8	0,0	6,8	298	253
2	2	0,0	13,3	298	298
22	6	69,75	4,14	298	269
141	120	190,81	200,85	298	244
0	4	2,0	1,4	298	298
0	4	5,9	2,1	298	285
31	23	0,4	3,1	217	208
3620	4904	123,519	77,316	285	288
2	0	2,2	2,5	268	241
3	0	0,0	2,5	298	241
13	26	1,6	32,31	258	266
4	0	4,0	0,6	272	226
125	112	179,126	108,109	271	245
41	12	40,38	14,19	298	231
33	288	45,48	287,316	176	298
303	209	295,132	190,81	290	239
15	9	16,13	12,8	298	287
12	2	14,2	6,4	298	222
24	12	33,46	27,3	298	298
216	155	144,45	86,82	284	233
99	9	79,34	12,3	250	194
55	408	39,37	582,340	198	271
2	0	0,0	2,0	287	298
2	13	3,4	20,9	298	257
1	15	0,0	8,8	270	283
2	43	20,8	51,21	253	208
394	134	272,223	120,73	285	235
106	228	75,94	154,97	235	248
197	391	156,110	280,185	248	298
70	1	26,25	0,0	289	298
70	1	26,25	0,0	289	298
7	44	9,5	35,53	276	240
4	0	21,17	3,0	233	298
6	4	16,10	8,0	293	238
98	113	58,34	78,33	236	234
107	113	60,35	78,33	241	234
30	3	70,18	28,9	229	239
51	5	82,34	9,2	298	229
53	10	82,34	37,18	298	229
14	3	51,19	11,8	254	298
78	58	58,60	53,26	298	281
316	125	87,24	23,23	298	216
40	35	18,22	34,33	244	260
78	23	293,188	185,131	284	261
1	23	0,0	185,131	243	261
22	12	19,23	16,3	232	239
10	11	13,17	9,5	183	200
2	2	0,4	0,2	224	238
1	1	0,6	0,6	298	218
16	65	36,26	89,72	199	242
19	2	16,14	2,2	284	230
115	3	115,123	1,0	289	177
39	59	13,7	48,64	217	289
2	23	0,2	13,16	195	278
0	23	0,2	13,20	195	278
0	23	0,2	13,20	249	278
0	23	3,1	13,20	254	278
7	32	1,4	15,8	295	213
18	2	16,4	0,2	295	240
16	2	4,0	0,2	286	240
16	18	4,0	16,4	286	295
411314	197058	3309,7017	1723,4589	298	282
2	306654	0,0	2550,7231	282	279
193930	202697	1340,3993	1601,3409	247	217
378481	75	2943,6110	0,0	288	298
417165	202701	3547,8635	1601,3409	298	217
74	4	98,33	0,0	242	228
3	22	2,0	5,3	221	221
2	20	2,0	5,3	221	221
71	50	70,47	43,10	221	206
117	76	128,31	169,45	276	229
24	150	61,66	284,198	240	230
24	157	61,66	296,213	240	236
35	17	42,29	54,30	285	238
0	7	101,81	172,103	298	298
1117	204	120,225	170,256	298	298
0	2	5,2	4,2	224	296
2	69	0,0	3,2	298	298
2	73	0,0	3,2	298	298
16	15	39,6	19,16	249	288
1264	4880	535,79	1661,481	182	298
72	10	94,116	26,13	298	280
39	110	51,36	154,101	236	298
17	8	20,14	3,8	298	242
2	58	2,0	70,63	298	298
7	56	23,17	73,29	185	244
3	3	0,0	2,0	250	259
77	152	163,92	262,172	224	283
10	1	2,2	14,21	236	242
180	4	293,217	0,0	246	298
7	55	20,6	101,44	184	232
66	132	42,32	142,55	254	276
0	88	4,5	126,228	198	254
3	2	7,16	15,21	222	228
268	129	255,110	145,39	296	221
166	121	84,67	76,35	223	251
90	63	53,30	43,30	220	223
8	61	8,9	41,24	215	223
15	105	11,21	99,48	197	220
8	100	8,7	54,52	215	197
2	68	4,0	19,5	240	287
42	290	8,2	58,43	298	260
53	313	13,2	58,11	298	298
9	1	7,4	0,0	295	180
65	0	42,40	0,2	234	218
50	14	44,24	13,18	298	266
17	23	40,2	19,9	267	256
19	8	11,2	9,8	256	230
33	65	53,25	66,51	298	278
2	167	9,10	156,86	203	293
0	42	3,0	43,25	288	203
22	0	24,21	0,2	298	223
1	35	2,0	31,33	244	298
7	0	44,16	7,1	298	183
5	85	10,8	124,30	268	252
4	13	15,2	12,6	298	298
424	2	286,154	0,0	298	253
90	149	88,37	84,45	221	238
3	3	0,2	6,4	229	287
24	62	18,17	47,19	274	240
29	51	27,19	52,14	240	271
59	45	77,28	42,12	273	284
59	3	73,29	4,2	273	284
51	41	43,13	70,9	284	281
52	49	43,16	36,13	284	248
46	50	37,12	36,13	281	248
32	8	50,39	21,9	298	257
23	29	59,15	54,25	257	298
105	108	102,99	70,41	298	298
30	1	8,8	0,0	270	247
2	0	2,0	4,1	171	173
25	134	35,17	135,66	225	257
7	5	60,16	38,14	212	298
17	76	5,7	34,29	298	298
86	60	25,9	35,23	235	298
269	1025	12,85	35,154	298	298
0	2	0,1	0,0	298	294
0	2	0,1	1,0	298	298
0	9	0,4	10,12	260	270
13	120	9,3	59,24	252	298
110	70	76,50	57,34	298	270
1	2	2,0	0,0	260	239
1	2	2,0	2,0	260	239
2	0	3,0	2,0	278	262
2	0	3,0	2,0	278	260
9	0	1,7	2,0	221	230
9	12	14,15	26,17	298	298
2	0	7,0	1,2	261	298
9	76	4,2	74,36	203	255
32	27	39,25	32,13	298	264
46	91	40,19	61,44	264	298
138	184	30,26	43,23	236	240
12	15	26,12	44,21	298	238
59	59	97,43	103,66	298	298
27	59	53,28	106,64	232	298
104	48	97,29	37,18	298	219
4	74	3,0	80,22	282	298
4	0	3,0	0,2	282	298
64	139	31,29	108,57	244	256
87	130	24,29	59,35	230	273
14	106	10,4	63,20	215	230
9	39	14,3	83,28	298	298
13	4	39,34	39,13	278	265
14	12	31,20	27,18	266	298
7	17	22,0	39,32	190	253
26	11	14,11	10,10	256	253
141	50	95,78	45,25	298	260
18	13	6,4	25,9	298	298
10	35	8,6	21,10	253	215
2	0	0,2	2,0	298	298
2	0	0,2	3,0	298	279
8	2	40,29	2,4	225	225
4	5	4,4	8,7	298	228
4	5	4,4	8,7	298	224
26	4	28,10	8,2	243	298
7	2	15,14	0,0	298	245
4	2	1,2	0,0	272	298
4	2	1,2	0,0	272	233
5	1	5,2	0,0	237	289
4	1	6,2	14,14	260	260
2	4	3,2	14,19	225	238
1	0	3,14	0,4	217	271
0	3	8,4	15,6	228	274
4	644	0,0	68,28	298	298
287	2254	27,34	221,75	298	298
649	1455	68,28	103,42	298	298
23	32	16,18	27,22	298	259
61	4	82,54	2,0	259	298
12	1	10,4	0,2	295	221
110	77	22,14	8,9	298	298
4	1	15,23	12,14	269	298
26	64	27,38	129,183	177	257
22	0	36,91	4,11	177	216
22	4	36,91	3,2	177	284
6	6	0,0	6,6	283	298
226	198	341,178	224,119	298	298
281	197	283,171	262,160	265	298
20	36	22,19	44,14	183	264
816	1072	1037,1011	1111,898	267	298
816	1648	1037,1013	1782,1794	267	298
39	10	127,85	33,33	298	229
153	123	253,168	199,103	239	275
4306	2912	35,25	38,39	298	274
4	2	5,0	4,0	298	298
15	2	14,8	4,0	282	298
15	4	14,8	5,0	282	298
2	4	0,6	5,17	240	240
331	121	28,150	12,43	242	290
9	38	13,2	43,24	298	215
4	10	0,2	4,9	288	263
0	201	12,2	586,522	263	228
144	838	45,18	159,80	298	248
28	0	47,12	1,0	235	246
109	78	237,177	192,100	266	298
2	2	3,0	3,4	298	259
9	2060	6,2	1801,1112	171	274
1	1005	0,2	860,517	171	274
887	1005	1200,444	860,517	249	274
887	1	1200,444	0,2	249	171
2	12	9,7	17,14	298	298
87	69	81,7	72,36	275	298
10	49	12,14	94,55	257	290
4	2	10,12	2,1	206	194
7	6	8,5	10,7	241	251
6	13	31,52	32,35	236	275
2	4	2,16	0,1	298	164
3	4	2,18	0,1	298	164
670	361	580,2431	283,748	298	206
473	775	317,955	665,1443	298	215
205	326	225,127	397,169	263	298
205	2	225,127	12,6	263	298
10	14	19,8	18,14	298	298
5	8	3,8	15,8	296	261
0	14	7,21	4,26	248	298
2	17	3,4	26,33	253	298
13	21	41,11	43,13	298	286
11	0	13,8	3,0	298	218
191	94	255,191	148,87	257	222
5	0	5,1	0,2	298	291
262	187	235,174	129,85	298	298
462	212	396,294	135,51	298	298
231	124	103,52	49,33	298	209
34	0	36,29	2,0	236	272
2714	3712	1118,678	1681,1152	242	298
215	64	245,99	68,28	298	214
22	9	103,60	27,25	298	192
8	10	22,19	35,17	234	298
5	0	6,11	11,6	268	298
9171	647	636,481	41,56	298	298
8014	3	532,370	0,0	271	298
8014	2393	532,370	221,256	271	298
8	0	9,2	0,2	251	191
18	19	14,1	31,19	242	267
1295	2942	1320,633	3580,2066	253	275
182	113	84,41	73,36	295	239
98	107	52,19	36,19	297	246
7	175	3,2	54,25	298	297
134	175	46,16	54,25	298	297
0	4	0,2	3,1	282	238
4	0	2,0	2,0	190	282
29	126	33,26	175,73	298	290
131	150	313,86	384,104	263	298
204	172	559,120	397,79	298	298
2	2	6,8	13,0	298	271
2	0	0,4	9,4	298	298
40	47	64,44	89,50	269	263
17	59	44,44	48,33	227	298
46	32	62,52	46,48	283	298
20	18	25,16	30,16	249	228
5	1	1,0	3,0	246	218
3	0	16,4	2,2	298	247
28	43	34,16	29,37	298	294
17	213	12,4	183,150	212	298
144	101	262,177	202,156	298	298
55	49	192,140	131,117	276	298
66	76	67,33	130,89	225	212
265	7	311,161	11,6	225	225
5	13	14,8	21,17	241	229
15	5	30,26	8,7	296	233
4	15	0,0	22,14	207	252
10	11	16,5	6,2	275	226
34	3	67,34	0,3	278	206
34	31	38,14	49,35	248	298
30	33	39,22	54,35	298	298
0	2	2,0	0,0	183	278
16	0	6,0	0,2	298	264
3	4	11,1	0,0	230	251
0	7	1,3	14,5	203	223
6	77	1,0	62,30	298	298
1	188	3,6	72,58	191	279
10	5	0,0	2,0	222	188
46	62	43,24	95,55	200	206
14	49	42,11	78,68	238	294
19	63	23,8	27,11	216	298
48	10	43,16	13,42	298	298
6754	7811	465,522	486,441	298	289
6	7805	0,0	484,439	298	289
7750	8216	514,450	509,426	298	298
8724	8561	575,427	615,748	298	298
8288	8586	579,429	497,475	298	298
44	35	16,6	23,15	264	293
18	55	10,6	30,26	298	256
27	40	36,21	55,42	238	276
0	16	3,0	9,17	197	241
1	4	0,4	16,6	184	298
0	4	4,0	10,4	298	196
2	1	0,0	0,1	236	298
0	11	2,0	27,5	272	298
115	187	159,103	316,231	298	296
3	41	0,1	53,21	203	263
29	89	31,13	92,35	236	247
29	76	31,13	56,29	236	229
29	58	31,13	31,13	236	196
23	7	52,18	16,1	254	222
14	11	19,8	10,9	222	250
332	223	365,217	193,105	298	263
142	61	73,80	44,53	177	298
277	61	132,176	44,53	244	298
22	3	22,16	1,0	202	273
21	2	16,7	0,0	208	195
0	5	1,0	6,2	298	298
59	0	43,16	0,1	289	247
59	54	42,14	70,29	289	247
65	37	62,40	56,31	289	255
65	39	62,40	61,36	289	289
58	39	93,47	61,36	270	289
39	0	23,17	1,0	253	270
0	1	13,18	1,0	247	298
0	1	3,4	1,0	260	298
2	1	8,11	1,0	240	298
4	99	0,0	50,13	221	298
4	99	4,5	50,13	280	298
187	248	85,50	252,110	225	252
30	42	14,9	41,1	183	215
4	2	7,0	2,2	243	248
2	146	5,0	60,44	224	203
80	174	16,14	78,67	203	228
360	113	181,122	91,33	298	185
105	337	67,35	192,80	185	264
18	15	10,1	36,15	201	250
28	45	60,34	103,50	298	298
2	5	6,10	1,2	222	272
0	5	1,2	1,2	297	272
2	1	2,6	1,2	222	272
0	6	2,0	4,8	220	255
2	1	9,2	6,1	266	298
285	780	78,45	193,111	267	245
282	3	74,45	0,0	267	245
752	1070	240,126	195,104	225	250
1006	1070	347,168	195,104	245	250
89	4	175,72	6,4	298	298
89	91	87,81	147,81	298	298
70	80	116,45	116,51	298	298
59	32	73,31	30,24	298	282
55	44	69,33	85,42	298	245
26	20	22,31	7,9	285	237
4	2	0,0	11,6	242	271
72	0	55,74	0,2	187	210
128	127	242,115	248,111	278	266
135	123	217,103	181,85	296	244
159	139	289,236	204,117	279	296
176	294	377,202	469,247	269	290
78	123	159,111	187,75	290	224
16	7	22,8	28,12	298	293
134	120	29,23	59,24	298	298
2	2	0,2	1,6	286	298
30	18	24,14	14,6	210	157
175	239	43,33	62,44	269	261
176	7	43,33	1,4	269	261
176	181	43,33	58,36	269	261
7	181	1,4	58,36	261	261
250	182	57,24	57,36	261	261
12	22	15,14	24,17	298	259
38	15	21,33	16,14	282	235
89	2	58,72	0,0	296	268
599	790	474,313	509,362	298	294
11	33	11,1	25,27	244	298
11	19	11,1	17,11	244	298
119	335	40,21	132,42	256	298
37	46	41,28	44,30	220	230
12	1	3,8	4,13	221	218
2	11	0,0	10,8	253	225
188	100	52,30	32,5	298	229
149	136	59,24	76,40	297	233
2	3	0,0	26,9	248	298
2	1	0,0	3,0	248	201
3	1	26,9	3,0	298	201
23	3	5,5	3,0	182	197
6	0	4,8	1,0	197	260
90	51	143,53	108,79	298	269
33	20	95,48	61,19	298	298
63	64	12,18	33,3	298	293
33	11	24,22	7,2	298	236
30	11	30,20	7,2	298	236
41	153	54,21	174,96	211	268
70	40	45,46	39,13	298	230
73	68	118,68	133,85	210	221
2	0	2,0	2,2	233	223
16	24	2,0	15,8	260	298
12	19	4,4	11,10	273	292
2	66	5,4	67,8	273	247
8	2	0,0	4,0	292	298
19	2	12,6	8,0	292	298
21	9	17,8	0,0	298	185
18	114	4,6	46,31	184	250
102	29	61,33	24,12	250	185
10	9	6,0	2,5	184	185
3	4	3,0	7,0	185	201
14	174	5,2	64,48	298	298
1	174	10,0	64,48	292	298
5	39	2,0	8,11	251	225
495	800	438,241	431,284	298	290
4	3	2,0	1,0	258	290
27	8	10,13	4,0	243	233
4	26	2,1	7,9	199	298
35	51	16,11	25,6	233	236
29	0	30,38	0,1	280	242
10	10	108,81	37,22	298	243
12	0	94,79	7,14	298	252
20	2	165,185	5,1	252	298
269	58	46,18	6,1	293	292
33	58	3,0	6,1	242	292
402	61	64,35	6,1	293	292
14	61	1,0	6,1	197	292
33	269	3,0	46,18	242	293
14	402	1,0	64,35	197	293
6	184	0,0	26,19	197	293
44	29	8,2	8,2	197	242
96	13	99,50	18,13	279	164
54	5	106,57	6,2	286	277
54	110	106,57	146,120	286	253
23	69	43,8	101,84	242	286
39	69	119,66	101,84	245	286
67	25	74,79	42,8	261	254
37	26	110,61	63,15	216	232
52	17	111,53	42,22	298	216
14	36	29,2	49,14	241	280
259	386	98,76	125,102	225	298
0	97	6,0	99,26	298	298
52	40	28,15	38,15	268	298
9	38	12,0	46,17	233	298
18	23	56,11	104,20	275	293
226	15	46,26	2,2	220	249
596	482	103,55	139,42	220	220
14	2	38,21	10,4	298	243
13	107	5,0	78,44	253	282
122	108	43,45	81,76	294	298
88	111	67,49	38,45	298	298
173	0	65,52	1,0	152	167
10	30	10,18	23,16	223	233
89	98	94,27	107,49	261	247
80	86	90,37	74,35	298	261
17	43	40,14	63,19	212	232
56	34	57,18	22,6	298	218
19	0	16,9	2,0	233	215
6	0	10,6	1,0	233	215
39	60	141,85	97,65	277	258
6	9	4,0	4,0	214	274
1	0	0,0	0,1	298	298
40	36	27,10	24,6	291	252
2	0	0,2	2,4	220	257
0	1	0,2	0,0	243	202
0	4	0,2	6,4	243	268
1	4	0,0	6,4	202	268
1	8	13,9	20,20	298	298
6	46	12,9	53,71	298	298
0	26	2,0	57,40	290	238
7	15	13,8	35,22	231	257
16	0	18,4	1,4	264	298
41	1	47,37	0,0	280	284
21	1	22,25	0,0	295	284
0	2	4,4	12,8	286	278
42	22	31,26	18,22	239	270
38	9	57,24	17,18	278	182
71	8	83,50	10,18	298	182
37	58	49,24	79,48	278	278
631	1034	99,71	169,122	250	298
354	664	46,13	95,73	287	249
30	2	4,16	0,0	294	294
368	188	443,182	210,74	219	196
95	48	116,65	98,51	298	298
8993	9680	4979,5258	5154,6810	298	270
9007	4675	4984,5269	2494,2667	298	234
16	9	0,3	2,4	298	289
935	836	293,109	248,77	231	278
54	62	35,27	103,71	226	217
90	64	89,43	110,63	293	280
91	5	86,43	4,1	293	280
62	77	46,9	90,41	280	298
1712	1401	617,269	498,355	296	248
1350	1565	407,276	691,444	248	298
16	0	73,23	2,0	234	271
2	0	26,8	3,2	234	186
2	33	26,8	70,47	234	298
6	8	7,12	29,19	298	249
14	16	47,15	69,20	298	238
34	73	46,16	68,29	205	229
21	12	6,17	17,5	254	296
52	55	30,10	42,38	298	298
64	49	36,12	57,36	298	298
2	15	0,0	16,34	298	230
7	4	24,13	6,0	278	188
8	41	6,2	103,52	211	298
8	4	4,2	11,2	211	298
61	38	102,42	54,41	298	206
42	3	53,6	13,8	248	231
97	164	56,84	99,48	298	298
4	0	0,2	2,0	242	172
194	122	97,51	27,25	292	227
130	182	97,34	76,49	227	298
46	95	47,32	72,39	241	283
7	29	0,0	12,15	188	218
20	35	5,12	25,19	265	232
20	16	5,12	22,18	265	198
26	0	5,16	3,6	265	232
26	3	5,16	7,4	265	198
26	19	5,16	32,5	265	251
0	24	3,2	41,30	232	298
0	2	3,2	13,11	232	184
0	19	3,6	32,5	232	251
3	19	7,4	32,5	198	251
4	5	0,0	5,4	241	241
0	9	13,2	9,7	229	253
147	137	126,65	214,84	284	298
290	0	214,184	0,2	252	247
443	0	333,301	0,2	298	271
133	0	103,100	0,2	206	271
490	0	362,306	0,2	181	271
490	0	362,306	0,2	181	247
2	16	2,0	13,14	298	298
32	64	61,40	93,62	298	298
34	45	64,42	68,59	298	285
66	32	71,73	47,7	257	227
54	57	90,64	62,41	298	272
23	0	57,33	2,2	298	247
4	6	6,1	11,24	196	243
157	145	172,126	196,90	239	212
188	187	202,100	192,148	248	239
45	141	41,36	189,103	219	210
2	6	2,2	0,2	203	284
2	0	1,0	4,0	270	219
113	68	114,38	92,41	298	210
12	10	17,6	10,10	232	287
162	86	234,163	183,120	251	257
21	11	32,16	14,10	298	298
5	8	12,4	14,2	298	284
86	417	61,26	281,138	206	290
354	376	228,89	353,191	290	293
32	59	23,14	70,52	233	256
23	2	24,19	5,4	260	298
187	231	416,266	372,170	269	276
191	185	419,273	349,230	269	236
72	227	207,121	398,220	203	269
13	9	4,2	10,0	298	298
13	14	4,2	14,5	298	207
13	1	4,2	3,1	298	298
9	1	10,0	3,1	298	298
14	1	14,5	3,1	207	298
2	2	2,0	0,0	280	189
2	2	2,0	0,0	280	218
108	75	62,42	81,34	288	298
2	51	0,2	163,111	267	266
23	72	24,26	201,202	266	298
95	5	52,15	10,0	221	226
21	4	25,12	6,2	268	221
25	40	22,8	21,27	227	241
7	83	4,2	152,136	296	298
122	24	162,72	77,53	298	218
3	9	13,2	65,17	298	298
0	4	0,11	1,2	298	264
28	57	13,10	53,27	222	239
28	33	13,10	34,14	222	235
38	79	8,6	58,29	215	252
115	123	71,30	99,49	214	298
0	693	2,2	743,479	298	271
0	2	1,11	1,2	298	298
45	12	70,13	20,14	285	206
25	30	94,27	125,35	221	298
29	21	47,24	40,15	298	202
0	1	8,0	43,24	298	236
4	6	6,3	0,2	294	298
2	41	4,0	46,30	298	216
1	4	4,0	8,7	279	224
0	4	4,2	8,7	282	224
0	2	2,0	2,4	282	224
0	61	2,0	43,29	217	259
15	13	35,5	18,18	275	298
34	15	28,28	14,14	298	295
0	8	0,2	4,7	242	298
14	6	20,6	0,4	281	298
31	32	25,23	34,15	298	239
17	12	27,15	28,15	298	263
21	42	23,10	18,13	253	230
81	76	38,20	53,24	298	262
8	56	0,0	49,21	280	298
1	55	0,0	49,21	298	298
91	1099	64,58	739,869	296	298
278	95	398,224	125,82	298	298
32	31	42,39	48,27	248	250
1092	124	3576,3182	413,496	272	266
766	472	2540,2879	1506,1736	253	227
372	1007	1344,1789	4889,6124	239	253
139	70	111,49	60,23	255	255
11	33	9,5	21,13	298	276
27	91	31,26	62,36	174	215
2	3	21,22	2,2	298	298
196	120	12,6	20,14	226	218
439	469	726,533	766,626	223	208
502	917	830,657	2170,1327	231	298
0	86	20,13	1645,390	230	239
0	34	23,15	1270,376	230	239
20	4	39,30	8,0	293	287
35	35	50,22	14,3	274	217
135	140	132,96	148,87	298	298
92	96	49,24	75,67	235	222
22	29	21,5	26,20	257	226
35	21	43,17	25,24	215	214
62	46	44,45	37,21	239	236
20	78	16,14	72,77	187	298
33	10	36,19	17,3	213	184
90	76	67,67	96,91	237	276
16	6	22,17	16,17	209	298
25	57	72,8	50,39	222	250
1	57	6,2	50,39	222	250
52	43	53,10	43,19	246	222
475	341	232,125	214,127	274	261
4	271	0,0	178,68	208	298
4	271	10,4	178,68	188	298
