IJC_SAMPLE_1	SJC_SAMPLE_1	IJC_SAMPLE_2	SJC_SAMPLE_2	IncFormLen	SkipFormLen
16	0	15,20	2,0	2227	149
0	26	2,4	10,11	374	149
2	336	4,2	146,175	166	149
18	1	7,2	0,0	182	149
0	2	2,2	0,0	905	149
59	1	11,4	0,0	2396	149
1	13	4,0	14,16	200	149
1	2	1,4	3,6	191	149
5	2	0,0	4,0	233	149
0	2	0,4	0,0	235	149
0	2	3,0	0,5	266	149
0	15	2,0	15,13	168	149
1	3	3,6	0,0	271	149
1	3	6,8	0,0	244	149
4	8	1,3	23,16	166	149
5	41	3,0	34,16	152	149
5	2	6,5	7,0	152	149
0	9	4,0	8,6	258	149
15	4	9,14	3,10	257	149
3	31	0,0	7,5	152	149
85	2	176,149	0,0	2845	149
70	2	68,36	0,2	600	149
2	0	2,2	2,1	256	149
609	4	524,147	2,0	1300	149
81	0	107,30	2,0	289	149
15	3	20,18	1,2	215	149
0	19	3,2	10,4	164	149
4	0	5,13	0,2	184	149
1	0	3,5	4,0	152	149
4	2	2,2	0,0	463	149
40	9	29,38	4,5	994	149
0	5	0,1	3,1	172	149
4	10	1,2	6,0	152	149
2	0	0,0	0,2	316	149
0	2	8,2	0,2	845	149
0	2	10,6	0,2	1099	149
0	84	5,4	88,95	254	149
2	42	0,0	44,49	167	149
59	17	103,97	10,12	445	149
42	0	75,72	3,0	155	149
4	0	0,0	0,1	152	149
3	77	9,1	62,41	191	149
9	47	11,6	51,52	176	149
2	81	8,0	75,51	176	149
50	0	8,27	0,2	283	149
4	14	16,13	39,38	152	149
8	2	6,6	5,2	152	149
0	68	2,0	134,112	179	149
104	1	175,230	0,0	200	149
1	1	0,4	0,0	166	149
13	24	0,2	13,14	152	149
34	12	23,24	9,22	409	149
4	3	10,9	7,4	152	149
0	14	0,1	6,16	204	149
17	1	4,18	0,0	191	149
6	5	8,10	6,2	214	149
6	5	10,8	6,2	345	149
155	2	265,366	0,0	2740	149
2	2	4,4	4,2	152	149
100	2	41,52	0,2	169	149
1	1	4,2	0,0	190	149
4	46	0,2	7,21	211	149
0	8	0,2	17,14	201	149
23	2	32,19	0,0	196	149
1	1	0,4	0,0	755	149
6	7	12,13	18,1	227	149
0	1	0,1	7,7	182	149
2	3	0,0	2,0	152	149
4	12	2,0	4,4	284	149
5	12	4,2	4,4	287	149
2	1	2,2	0,0	152	149
19	5	15,7	5,6	152	149
2	101	0,3	40,39	171	149
71	9	109,129	0,2	230	149
50	27	56,76	21,55	152	149
0	8	0,1	7,15	152	149
0	2	7,4	5,1	249	149
3	1	6,0	0,0	171	149
12	141	9,0	76,24	171	149
1743	0	3152,1989	2,0	4704	149
8	62	6,12	47,44	167	149
63	17	55,62	13,20	152	149
26	1	79,112	1,7	158	149
2	0	0,4	2,0	210	149
8	39	9,11	52,47	658	149
54	0	82,64	1,2	158	149
11	2	9,22	10,13	161	149
7	24	18,22	45,27	152	149
0	8	2,2	0,4	223	149
7	3	2,2	0,0	276	149
2	4	0,0	10,7	186	149
25	190	27,13	121,113	196	149
0	100	0,2	83,69	167	149
19	83	2,9	65,43	170	149
241	0	114,85	3,2	214	149
89	4	58,36	0,0	214	149
3	1	13,15	0,0	152	149
3	2	2,0	0,0	179	149
5	0	2,3	0,4	167	149
5	0	4,3	4,0	167	149
0	40	2,0	72,82	213	149
0	6	10,2	6,2	276	149
1	39	0,2	30,26	319	149
0	2	2,2	1,2	152	149
1	54	0,0	34,14	157	149
1	19	5,1	13,11	169	149
6	2	10,10	1,0	153	149
81	0	99,125	0,2	464	149
34	0	31,14	2,0	189	149
18	12	11,17	13,13	468	149
4	2	6,7	2,0	300	149
34	2	59,35	9,2	204	149
30	0	52,27	0,2	204	149
3	77	10,13	139,70	266	149
4631	20	1182,1019	4,0	5318	149
93	0	25,14	0,2	217	149
1	41	0,0	24,0	177	149
17	73	3,6	30,22	214	149
20	4	20,16	8,1	243	149
20	0	87,40	1,1	218	149
192	12	2,0	0,0	213	149
8	120	4,7	33,18	188	149
2	2	2,5	2,0	152	149
11	93	10,2	80,49	165	149
5	8	10,6	16,10	435	149
87	1	44,28	0,0	183	149
169	4	98,79	2,0	158	149
0	45	1,0	23,13	164	149
1	42	0,5	23,18	229	149
3	11	0,0	6,2	169	149
470	3	580,258	2,0	2246	149
60	4	34,19	0,0	294	149
107	1	143,64	0,0	1646	149
0	24	4,0	18,7	153	149
6	2	3,2	3,8	152	149
78	10	28,6	0,0	249	149
105	3	53,12	0,0	249	149
31	2	36,27	7,0	183	149
8	0	11,11	2,2	157	149
3	128	0,0	2,20	163	149
0	125	1,5	144,220	222	149
725	7	863,1370	7,3	153	149
165	0	209,359	1,6	205	149
883	0	1065,1726	1,6	209	149
17	2	8,34	4,7	675	149
0	21	1,0	13,37	326	149
85	2	72,74	0,0	156	149
7	23	4,10	18,31	546	149
0	4	0,1	18,23	241	149
87	2	72,33	0,0	321	149
5	2	7,7	0,0	174	149
6	138	5,6	168,150	176	149
319	0	314,212	2,4	230	149
130	0	214,264	1,0	166	149
5	6	1,4	27,11	176	149
2	9	0,0	4,6	152	149
153	2	223,187	1,0	164	149
2807	4	992,745	2,2	1752	149
43	6	4,7	0,2	154	149
274	4	31,25	0,0	170	149
193	9	24,16	3,2	182	149
151	4	85,40	2,0	244	149
1	0	3,2	0,2	154	149
4	0	0,0	0,1	171	149
1	7	0,6	0,0	433	149
59	0	66,77	2,4	182	149
119	1	38,88	0,0	188	149
30	1	16,26	0,0	152	149
33	0	16,26	0,2	155	149
4	0	0,0	0,2	152	149
5	0	9,0	2,0	152	149
2	0	1,0	0,2	170	149
21	0	12,33	2,2	205	149
2640	30	1092,623	10,17	226	149
0	109	2,0	164,119	188	149
18	0	19,18	0,2	152	149
1	1	0,0	13,3	164	149
2	15	14,4	39,46	170	149
5	66	7,8	80,40	349	149
91	5	86,52	0,0	154	149
5	52	1,1	56,50	188	149
3	32	3,2	39,45	167	149
2	1	2,2	2,0	456	149
44	0	34,28	0,1	239	149
5	0	0,7	2,0	666	149
101	0	109,99	1,0	222	149
86	0	103,53	3,0	1105	149
25	0	35,36	1,4	152	149
4	0	30,48	2,0	211	149
0	9	0,1	9,4	173	149
79	0	55,76	2,2	741	149
69	2	48,94	4,0	203	149
97	2	59,42	0,0	225	149
159	2	312,138	0,2	242	149
845	36	2127,783	21,9	1505	149
28	3	23,49	4,0	153	149
12	0	37,20	0,2	180	149
6	0	4,3	0,2	167	149
66	3	89,56	0,0	1598	149
6	0	24,5	2,4	152	149
15	102	6,8	43,39	217	149
4	15	2,2	26,16	168	149
107	31	24,29	5,2	797	149
3	4	8,7	3,1	208	149
24	3	24,3	6,4	152	149
4	132	7,3	85,34	184	149
6	0	7,11	0,2	195	149
1	1	2,4	0,0	277	149
10	0	11,10	2,0	350	149
2	0	0,0	0,14	230	149
7	11	1,9	11,18	153	149
1	58	0,0	12,18	271	149
12	0	21,28	1,6	201	149
49	2	31,28	0,0	233	149
56	7	62,58	7,2	414	149
105	0	135,102	0,2	2249	149
0	75	2,0	28,29	197	149
48	2	47,84	1,8	184	149
0	2	0,2	5,0	152	149
40	0	69,52	2,0	245	149
0	7	0,2	4,2	180	149
5	36	7,2	53,25	216	149
4	4	10,16	2,19	672	149
0	1	12,11	5,14	652	149
10	55	26,64	46,77	994	149
67	0	97,143	4,0	1355	149
25	13	18,12	1,0	187	149
0	2	7,12	5,5	152	149
20	0	26,25	0,1	173	149
1	0	6,2	12,0	152	149
2	4	0,1	5,4	161	149
32	3	44,39	1,0	152	149
0	15	1,2	9,16	202	149
0	2	2,0	0,0	272	149
2	10	3,2	1,0	756	149
9077	5	1956,1274	0,6	152	149
263790	16	66825,76846	4,6	700	149
57	0	171,100	0,1	153	149
11	0	4,3	0,2	152	149
2	59	20,8	111,60	301	149
57	0	203,171	2,2	2530	149
0	8	2,2	42,17	176	149
0	26	4,0	91,34	220	149
60	0	229,94	2,0	233	149
6	7	29,8	50,24	231	149
0	32	9,4	81,31	200	149
26	5	59,72	30,11	152	149
0	5	2,0	3,10	176	149
3	62	4,5	151,78	185	149
94	0	141,66	2,0	193	149
0	57	3,0	122,67	200	149
13	1	51,35	0,4	244	149
63	3	117,69	23,6	188	149
3	1	9,4	0,0	200	149
0	12	4,0	56,27	174	149
501	23	293,349	12,20	152	149
8	4	0,8	0,0	152	149
2	17	29,21	84,38	277	149
2	74	2,1	149,75	184	149
6	0	35,10	7,1	232	149
58	2	54,26	2,0	290	149
937	7	722,296	24,4	219	149
291	0	685,293	3,0	205	149
227	6	465,174	11,5	212	149
4	52	2,2	36,61	236	149
2	2	0,6	0,0	323	149
15	6	42,60	28,25	152	149
0	15	1,0	97,76	152	149
4	2	0,2	3,0	152	149
22	2	8,31	0,0	591	149
1	1	0,4	2,12	208	149
13	2	21,29	0,0	797	149
1	0	7,6	1,0	253	149
8	2	30,17	12,3	253	149
0	2	4,0	0,6	167	149
35	0	30,33	2,0	218	149
0	63	0,1	54,41	171	149
33	3	35,8	8,0	154	149
5	0	6,8	2,4	152	149
0	1	2,2	2,2	389	149
54	2	57,28	0,0	183	149
7	8	3,3	12,2	197	149
2	26	0,2	47,55	179	149
0	1	0,1	0,1	220	149
4	5	0,2	0,0	324	149
7	4	1,5	2,10	152	149
3	0	8,6	4,7	172	149
7	0	29,19	2,0	1103	149
2	77	7,4	114,81	621	149
0	2	6,2	12,8	256	149
0	36	2,2	61,41	163	149
10	0	8,4	0,1	181	149
71	8	37,34	0,0	244	149
2	0	0,2	2,0	154	149
0	3	3,0	1,12	189	149
0	2	0,2	4,4	300	149
13	0	28,45	0,2	275	149
2	0	0,7	0,2	152	149
1	2	4,4	0,0	269	149
59	2	53,48	2,0	185	149
52	2	57,51	2,5	152	149
1	4	6,2	2,9	191	149
0	3	2,4	29,42	306	149
8	2	58,36	1,0	152	149
6	57	1,0	7,4	182	149
2	57	0,0	7,4	200	149
1	20	0,0	27,14	171	149
2	21	0,2	32,24	156	149
1	0	0,0	1,1	152	149
118	0	19,61	2,8	162	149
292	0	154,127	5,3	185	149
9	0	5,4	2,0	152	149
33	91	75,50	53,39	534	149
3	52	4,2	67,33	246	149
41	33	57,62	13,12	789	149
0	27	1,2	17,14	186	149
74	1	145,111	0,2	237	149
4	1	0,4	0,0	172	149
2	1	0,1	2,2	227	149
14	1	6,25	0,2	226	149
6	2	13,10	0,6	209	149
0	4	2,0	12,18	197	149
28	12	24,30	35,30	152	149
3	2	3,0	24,11	154	149
3	95	3,3	127,98	162	149
7	37	7,12	62,36	182	149
7	0	17,6	4,3	179	149
0	6	4,12	6,2	917	149
1	3	0,0	10,4	244	149
1290	4	744,838	0,0	442	149
16	14	10,8	0,11	152	149
898	4	1252,1228	2,0	153	149
64	25	41,41	25,5	309	149
6	0	14,19	2,0	153	149
246	0	296,245	2,0	620	149
28	11	53,16	10,8	156	149
30	11	31,25	11,13	152	149
54	2	32,13	2,0	152	149
0	98	0,3	69,76	166	149
52	68	60,33	102,41	170	149
3	140	5,2	200,141	201	149
3	16	0,2	4,1	188	149
8	0	12,17	0,2	168	149
67	9836	0,1	104,134	165	149
24	688	0,0	10,21	234	149
9	6	19,14	27,25	152	149
17	2	49,22	10,4	152	149
21	2	62,43	0,2	158	149
2	66	8,7	81,67	172	149
2	0	0,3	1,2	190	149
40	0	58,66	1,6	228	149
6	0	11,9	0,2	211	149
0	13	14,0	38,32	231	149
11	0	10,4	2,1	154	149
91	21	129,146	25,45	410	149
4	0	11,27	1,3	152	149
5	2	15,44	9,4	194	149
1	2	5,20	9,4	191	149
0	2	4,4	2,8	152	149
0	4	0,2	1,0	258	149
4	5	7,4	0,2	314	149
4	0	0,2	2,0	156	149
5	6	22,11	6,2	387	149
5	16	11,0	2,6	170	149
67	4	131,85	13,3	152	149
155	50	76,29	28,15	152	149
6	2	2,2	0,0	152	149
4	37	6,6	25,27	230	149
29	61	26,18	5,28	224	149
40	61	34,20	5,28	240	149
65	61	44,23	5,28	274	149
11	0	8,4	0,2	165	149
36	0	18,7	0,2	199	149
33	8	12,6	2,3	183	149
53	3	47,23	6,2	274	149
3	63	7,2	107,69	172	149
48	0	70,51	0,2	248	149
56	2	78,63	0,0	259	149
108	0	170,118	0,2	225	149
116	2	178,130	0,0	236	149
8	2	8,14	0,0	160	149
3	6	4,9	6,15	195	149
3	24	5,1	22,27	152	149
0	2	0,2	0,2	152	149
0	10	4,0	24,5	176	149
54	6	76,49	9,19	197	149
55	2	80,56	4,2	202	149
7	2	13,26	4,2	154	149
36	20	197,72	14,24	974	149
724	3	467,275	0,0	288	149
4	66	11,9	213,155	219	149
36	1	91,85	3,3	159	149
8	0	11,4	13,9	662	149
2	0	5,4	13,9	372	149
0	19	7,3	21,25	170	149
19	0	9,6	4,2	155	149
13	2	19,4	0,0	152	149
4	3	4,1	6,6	164	149
273	0	174,69	1,0	264	149
15	23	8,8	21,10	204	149
0	1	3,1	1,4	159	149
33	1	40,19	2,1	162	149
0	9	0,5	6,32	208	149
203	3	180,100	4,5	167	149
2	12	0,0	4,2	186	149
4	48	31,13	73,19	330	149
145	2	169,119	12,0	157	149
3	55	6,0	62,19	182	149
3	46	9,2	46,28	185	149
10	2	24,11	0,6	197	149
55	46	65,21	46,28	152	149
62	2	80,30	0,6	164	149
53	2	61,37	0,6	161	149
256	13	250,106	10,4	212	149
363	2	329,174	16,4	155	149
31	6	21,14	4,2	204	149
1	7	0,0	19,15	229	149
1	93	2,1	7,9	228	149
2	43	2,9	48,42	417	149
2	25	12,5	57,26	162	149
67	0	127,49	2,0	151	149
4	98	13,10	237,168	168	149
0	29	2,0	35,14	167	149
10	736	26,13	228,178	312	149
1	62	8,1	107,44	174	149
1	46	2,1	41,25	173	149
5	45	9,0	58,32	170	149
84	0	95,56	2,0	413	149
0	25	6,0	40,33	194	149
43	4	109,65	3,8	650	149
4	1	8,6	3,4	152	149
2	39	1,3	29,26	170	149
0	32	2,0	72,27	189	149
25	6	8,18	4,14	152	149
40	2	34,25	0,0	230	149
53	2	59,44	0,0	233	149
19	6	27,19	2,0	152	149
42	109	23,7	85,49	152	149
10	2	6,15	2,0	172	149
2	0	4,0	2,0	681	149
2	0	4,0	2,0	684	149
2	91	2,4	22,31	222	149
11	6	14,2	0,2	167	149
17	20	30,14	0,5	274	149
326	5	165,85	6,1	154	149
17	35	13,0	23,29	152	149
11	4	6,1	5,8	182	149
5	49	18,0	53,20	152	149
110	137	154,79	69,63	1452	149
4	0	2,0	0,2	152	149
0	1	2,5	9,0	152	149
3	0	4,6	1,0	889	149
4	4	0,0	2,0	171	149
1	28	6,2	56,7	170	149
115	1	47,74	0,0	278	149
4	232	0,2	246,89	167	149
123	21	94,49	31,15	152	149
138	41	63,66	10,14	290	149
0	133	2,0	102,60	166	149
9	125	6,5	78,42	167	149
10	161	11,8	151,68	171	149
187	0	174,77	2,0	156	149
92	1	123,52	2,0	152	149
10	2	0,0	0,4	155	149
0	65	4,8	59,69	178	149
39	65	22,8	43,24	273	149
69	4	24,17	2,2	204	149
374	11	34,26	3,0	481	149
2	2	2,11	4,2	211	149
9	5	19,24	4,11	185	149
8	1	14,21	4,3	152	149
24	7	57,65	2,20	1957	149
8	35	13,0	40,36	173	149
6	0	30,43	1,0	230	149
52	0	34,10	2,0	223	149
1	0	0,1	2,0	152	149
569	7	334,209	6,6	152	149
306	199	239,193	202,126	395	149
558	199	416,278	202,126	642	149
373	1	97,37	0,0	166	149
1	3	2,0	0,0	192	149
14	0	26,30	0,2	171	149
16	5	15,9	2,4	175	149
28	0	21,9	2,0	153	149
53	1	91,16	0,0	444	149
3	191	24,4	389,152	222	149
135	0	330,127	3,2	444	149
1	3	2,0	6,6	186	149
4	19	11,10	17,7	1001	149
4	1	5,1	0,0	153	149
27	0	40,35	0,2	198	149
9	1	11,4	3,3	162	149
56	1	77,23	4,0	152	149
171	2	131,78	0,3	153	149
4350	10	2182,1271	5,6	261	149
4	1	4,0	0,0	152	149
0	24	1,0	6,17	228	149
36	27	34,15	9,5	152	149
0	35	2,0	32,36	158	149
13	22	14,8	12,6	152	149
18	1	42,25	4,0	198	149
48	11	149,60	13,14	737	149
0	15	1,0	43,20	167	149
7	0	23,36	1,2	262	149
2	12	18,17	8,12	152	149
1	0	4,2	0,2	152	149
10	63	12,21	57,17	252	149
93	2	82,27	0,0	194	149
0	4	4,2	0,2	387	149
5667	5	807,875	0,1	309	149
0	4	0,4	4,4	962	149
2	0	0,2	10,15	238	149
2	0	0,0	2,0	392	149
1	16	1,2	11,11	179	149
2	99	2,3	172,106	179	149
13	4	30,22	15,9	158	149
6	35	5,10	23,22	164	149
25	0	71,37	0,1	178	149
136	7	0,2	0,0	323	149
57	22	0,0	1,0	195	149
2	80	0,0	2,2	152	149
2	8	0,3	29,33	164	149
8	158	6,7	78,83	176	149
72	10	137,41	35,3	217	149
9	0	32,5	4,8	152	149
17	3	51,21	24,8	152	149
0	2	6,4	2,0	152	149
375	2	655,411	0,0	3869	149
185	2	188,114	9,9	209	149
41	3	22,21	2,0	540	149
1	7	8,4	8,15	161	149
98	2	153,79	0,0	176	149
2	2	0,0	0,4	212	149
4	730	2,0	224,219	193	149
115	2	11,26	0,0	433	149
229	11	28,80	6,1	433	149
0	6	8,0	18,7	278	149
0	6	8,0	18,7	274	149
1	9	0,1	29,22	210	149
55	20	56,24	35,33	329	149
100	0	108,59	4,4	153	149
94	0	129,103	0,1	1049	149
0	2	0,2	23,12	167	149
58	22	17,2	14,7	152	149
3	0	8,6	2,0	332	149
2	11	0,0	3,12	218	149
21	1	13,30	4,0	152	149
0	109	0,2	71,33	189	149
117	159	154,115	55,37	1372	149
4	0	20,6	0,2	431	149
66	9	25,15	0,0	1325	149
2	15	0,0	29,17	153	149
8	2	7,8	4,2	185	149
0	3	5,2	8,1	201	149
96	2	211,176	6,0	282	149
17	18	33,41	55,35	608	149
29	5	17,9	3,4	202	149
74	2	32,40	2,2	281	149
22	5	13,7	3,4	198	149
67	2	28,38	2,2	277	149
50	2	18,35	2,2	228	149
288	78	193,176	37,52	753	149
15	78	9,9	37,52	223	149
17	29	9,11	25,19	223	149
303	41	164,158	12,19	443	149
11	314	5,2	170,119	160	149
2	4	1,0	0,2	152	149
2	20	0,1	17,10	152	149
0	3	0,2	11,6	194	149
8	0	7,6	2,0	337	149
2	1	2,0	2,0	172	149
4	20	5,0	16,8	181	149
0	12	2,3	6,16	178	149
7	48	2,4	25,29	152	149
4	36	0,6	43,36	229	149
0	11	3,4	66,30	166	149
29	188	61,69	116,105	426	149
3	0	2,10	2,1	161	149
119	0	207,75	2,0	926	149
119	5	207,75	6,6	926	149
3	0	16,10	2,0	168	149
3	2	0,0	1,2	162	149
10	0	0,1	0,2	162	149
2	13	3,0	9,16	176	149
12	1	13,6	0,4	152	149
90	2	79,46	2,0	190	149
4	0	6,10	2,0	218	149
18	0	28,10	0,2	291	149
9	179	24,13	174,77	229	149
0	65	4,0	143,122	298	149
73	0	76,41	7,10	269	149
7	119	7,7	131,58	168	149
288	0	312,183	0,4	152	149
11	73	47,24	69,66	576	149
8	2	63,27	4,0	191	149
81	117	37,33	49,28	203	149
22	0	33,27	1,0	244	149
114	1	97,70	2,0	161	149
0	21	5,0	8,42	167	149
0	7	3,0	14,19	388	149
749	12	234,160	2,3	249	149
362	0	469,302	2,1	293	149
4	139	7,6	155,79	196	149
1	14	3,0	9,10	191	149
0	6	0,1	21,11	152	149
30	12	69,38	8,9	805	149
78	281	69,21	460,272	293	149
4	5	14,20	10,9	152	149
9	5	9,12	10,9	325	149
9	4	9,12	14,20	322	149
5	22	3,2	13,5	177	149
35	8	84,50	4,0	269	149
3	0	44,33	4,2	235	149
0	12	0,2	16,41	189	149
0	5	5,16	8,9	1060	149
0	2	4,8	0,3	723	149
14	6	1,9	5,11	175	149
21	43	36,10	68,16	152	149
0	10	2,1	19,52	174	149
0	10	0,1	19,52	171	149
103	1	211,112	2,2	152	149
0	9	0,2	90,68	208	149
2	46	10,5	19,3	245	149
50	21	12,4	25,7	201	149
9	0	164,77	2,0	213	149
58	5	164,67	14,5	152	149
1	6	39,17	25,11	152	149
6	12	34,0	67,32	152	149
18	6	21,33	2,2	312	149
11	41	18,28	30,32	189	149
14	409	23,20	448,238	171	149
169	44	191,108	68,22	152	149
6	10	20,12	43,12	185	149
53	0	172,101	1,0	189	149
10	244	7,0	99,60	177	149
1483	0	1170,614	0,1	1867	149
872	15	826,395	10,11	156	149
7	8	0,0	2,19	173	149
48	5	97,43	11,1	187	149
10	41	33,14	85,52	239	149
10	1	8,10	2,2	225	149
14	0	9,11	2,0	153	149
1	0	0,0	0,2	186	149
42	39	46,20	46,22	161	149
0	7	0,2	4,0	205	149
27	200	3,7	82,53	184	149
171	3	82,59	0,0	154	149
21	3	8,4	0,0	172	149
9	159	2,3	76,58	167	149
27	1	47,33	14,11	200	149
0	15	0,3	31,15	222	149
18	3	4,9	1,6	161	149
7	1	9,9	0,1	152	149
0	2	4,10	0,0	202	149
9	2	15,10	0,0	203	149
5	7	10,6	12,4	161	149
6	25	3,9	8,2	152	149
65	0	65,22	1,0	210	149
152	4	224,130	3,0	1401	149
107	13815	39,20	2840,1839	314	149
5597	23738	668,770	26456,18255	771	149
11	0	10,2	4,0	157	149
60	35	64,27	30,27	225	149
291	12	85,49	2,0	153	149
0	39	1,3	29,9	164	149
0	12	2,0	6,11	295	149
6	62	10,7	73,27	198	149
1	66	3,0	60,17	178	149
276	0	328,129	3,0	153	149
0	2	2,0	2,2	181	149
3	21	3,0	19,17	182	149
9	101	4,0	174,55	188	149
27	101	20,17	174,55	155	149
3	24	19,7	16,23	299	149
6	7	20,8	18,17	412	149
3	24	1,1	54,16	180	149
22	1	53,20	12,9	203	149
12	3	27,9	10,0	152	149
38	0	110,45	5,0	278	149
129	0	252,144	2,0	2884	149
0	2	4,4	0,0	260	149
1	9	0,0	0,2	169	149
4	0	17,8	20,32	152	149
5	2	0,2	2,2	184	149
5	4	0,2	4,8	184	149
2	85	11,3	146,47	304	149
3	0	2,0	1,0	168	149
55	2	81,100	0,0	182	149
56	2	86,101	7,12	191	149
3	2	5,1	7,12	158	149
64	2	97,60	5,8	197	149
14	7	39,25	0,2	200	149
57	1	70,48	4,2	228	149
97	6	103,59	5,0	373	149
2	163	0,0	117,135	259	149
7	0	6,2	0,2	164	149
0	6	0,2	13,12	239	149
4	19	9,4	24,6	198	149
0	29	5,1	39,16	169	149
5	368	2,5	164,200	173	149
11	3	5,7	0,2	175	149
374	3	167,202	0,2	151	149
361	0	241,331	2,0	155	149
517	0	360,471	2,0	681	149
33	1104	12,14	813,932	194	149
648	4	496,496	4,4	256	149
1719	4	1297,1414	4,4	211	149
1	0	7,1	7,0	154	149
13	22	16,14	9,6	270	149
3	9	0,0	16,13	152	149
2	0	0,0	2,4	166	149
5	4	28,3	11,5	152	149
7	8	1,0	0,0	176	149
16	2	1,2	0,2	152	149
37	15	29,26	20,20	204	149
37	6	29,27	3,4	208	149
15	6	20,21	3,4	153	149
6	0	15,19	2,0	243	149
12	2	2,2	0,0	184	149
53	0	55,31	6,6	152	149
0	2	8,1	4,4	192	149
1	2	5,2	0,0	178	149
0	90	1,0	37,30	174	149
1	0	10,2	4,0	316	149
2	104	6,3	160,60	164	149
3	166	2,15	372,618	190	149
6	0	18,24	3,1	152	149
6	0	8,1	0,2	289	149
18671	45	3737,1081	2,2	2484	149
2	5	3,0	8,0	152	149
4	2	2,8	4,0	152	149
14	31	15,7	8,7	152	149
3	39	6,2	40,27	167	149
29	28	30,15	40,29	667	149
0	12	0,1	14,22	184	149
1125	52821	491,473	61054,47406	173	149
60980	45	58983,33586	2,0	583	149
67901	247	66525,47767	51,34	183	149
0	8	11,2	31,18	278	149
4	4	43,22	0,0	377	149
12	4	63,38	0,0	248	149
92	21	80,38	20,3	152	149
14	0	9,6	2,2	199	149
264	8	226,203	2,0	152	149
0	2	2,0	0,0	152	149
7	3	4,13	6,6	152	149
9	2	3,2	4,2	152	149
1069	190	1835,1324	84,38	1105	149
109	2	169,58	4,3	152	149
7	2	10,3	0,0	152	149
2	0	6,3	2,0	1315	149
242	0	220,91	0,2	729	149
76	3	72,41	4,2	273	149
40	1	313,151	5,7	2385	149
42	0	319,154	2,0	2448	149
3	0	11,10	2,0	212	149
367	1	475,233	1,0	5059	149
14	70	5,4	64,14	208	149
106	0	111,189	2,0	334	149
6	0	5,1	0,2	152	149
290	2	163,90	3,0	196	149
69	0	25,20	2,0	196	149
250	13	142,79	7,3	194	149
532	0	539,352	2,0	670	149
2	8	2,0	0,0	167	149
190	4	235,91	5,2	194	149
21	6	37,16	12,2	201	149
3	3	12,20	7,12	367	149
288	4	335,121	8,2	365	149
6	84	5,3	155,140	165	149
322	1	237,138	0,0	903	149
321	2	236,136	19,6	903	149
384	46	286,209	81,62	903	149
162	1	217,155	4,13	209	149
5	177	9,4	76,42	181	149
9	134	1,5	112,92	151	149
0	1	2,0	2,0	152	149
40	2	64,8	0,0	2752	149
1	4	0,2	10,4	152	149
4	0	6,0	3,0	205	149
9	0	23,18	2,0	151	149
5	11	4,2	4,2	152	149
31	4	24,27	4,0	152	149
5	159	0,0	102,102	173	149
237	1	121,72	0,0	833	149
184	18	92,49	3,4	532	149
95	2	39,25	0,1	156	149
8	2	5,11	0,1	180	149
4	91	3,2	37,16	173	149
203	5	98,61	1,0	689	149
517	6	178,182	5,2	476	149
13	126	19,17	196,105	161	149
13	54	30,25	34,14	869	149
1	23	12,8	19,22	233	149
2	6	5,5	0,4	237	149
4	43	1,4	61,59	160	149
257	1142	72,150	233,270	164	149
91	2	23,84	3,8	164	149
2343	2	424,663	3,8	347	149
2309	57	411,618	10,39	332	149
2188	8	523,891	2,0	185	149
96	111	16,7	22,9	152	149
3	7	3,2	13,10	180	149
7	17	12,28	16,12	218	149
26	3	13,1	0,0	153	149
1	23	7,9	23,31	191	149
56	5	78,41	6,2	152	149
15	13	32,39	21,9	167	149
6	2	13,14	2,2	913	149
2	3	5,2	2,0	179	149
4	197	2,3	91,77	215	149
503	14	317,193	2,7	158	149
4	0	44,131	6,9	270	149
7	413	4,1	712,523	188	149
182	32	106,66	3,6	180	149
482	0	287,187	6,0	1469	149
10	538	10,7	340,310	179	149
244	7	160,129	12,5	241	149
772	7	490,432	12,5	211	149
429	1	314,300	2,0	159	149
2	144	4,4	58,45	496	149
2	16	7,1	22,18	167	149
20	5	43,23	15,4	152	149
33	4	15,17	1,3	152	149
19	38	17,29	30,36	173	149
4	0	11,3	2,0	155	149
0	3	0,1	3,0	169	149
5	365	7,1	124,42	171	149
49	2	25,22	0,0	232	149
19	0	36,38	2,0	237	149
63	10	99,58	3,4	237	149
25	154	6,5	69,37	207	149
28	17	33,24	27,4	240	149
24	2	25,22	4,2	240	149
0	67	3,8	80,45	184	149
468	2	402,251	0,0	4363	149
60	2	1045,694	16,0	1462	149
2	20	21,9	84,55	173	149
343	2	1017,426	2,2	171	149
18	2	123,69	6,2	209	149
505	4	1164,464	9,6	213	149
211	4	592,247	9,6	273	149
18	312	127,72	699,289	209	149
33	331	88,48	1229,485	180	149
12	2	2,8	0,0	387	149
328	2	120,128	0,0	153	149
7	39	1,1	11,9	174	149
0	2	7,5	2,0	329	149
16	73	15,19	188,132	687	149
3	4	8,15	4,2	426	149
0	2	2,0	5,6	164	149
19	28	31,30	44,17	155	149
22	0	91,75	1,0	272	149
84	126	31,4	78,6	164	149
60	65	113,57	239,152	180	149
16	0	26,10	0,1	152	149
1	22	10,1	32,19	177	149
892	6	1388,848	4,0	353	149
37	0	36,19	2,0	152	149
81	2	113,70	2,0	224	149
23	0	103,113	2,0	352	149
3	58	5,0	57,35	198	149
4	2	8,10	2,0	152	149
0	11	1,3	34,31	169	149
37	2	79,64	2,1	152	149
0	3	12,17	2,0	1104	149
0	3	6,4	2,0	220	149
27	0	32,36	2,4	283	149
0	4	2,3	0,0	557	149
12	2	6,6	1,0	152	149
5	47	0,1	25,16	170	149
12	0	14,12	2,4	164	149
8	0	2,9	2,0	152	149
4	7	0,0	6,18	185	149
59	4	32,29	0,0	168	149
40	285	19,4	9,6	208	149
1	94	4,0	35,30	165	149
29	6	19,7	10,0	152	149
3	20	9,3	52,23	274	149
31	1	103,133	0,10	467	149
2	9	2,0	7,10	269	149
7	0	7,2	4,0	211	149
3	0	14,8	4,0	226	149
0	4	7,6	0,0	164	149
4	2	2,0	2,4	152	149
2	4	0,0	4,7	294	149
86	3	117,62	11,9	152	149
41	11	47,16	4,0	341	149
58	1	65,13	1,0	151	149
7	0	11,2	2,0	151	149
7	0	9,2	2,0	151	149
34	0	34,2	2,2	151	149
5	1	10,23	2,0	152	149
71	117	20,11	58,17	152	149
25	567	15,23	350,236	165	149
4819	2	33,30	0,0	2451	149
9	5	16,1	4,0	152	149
14	0	10,11	1,0	179	149
2	57	4,0	59,57	180	149
0	17	2,4	25,26	182	149
1	1	13,0	7,0	170	149
3	0	7,0	6,4	170	149
18	6	20,12	5,0	218	149
93	0	678,468	3,0	4640	149
1	20	1,2	175,145	165	149
2	2	9,0	0,0	152	149
8	4	27,5	6,2	152	149
1	15	0,0	8,9	173	149
21	14	58,37	44,41	152	149
89	129	23,10	104,37	216	149
42	6	42,11	3,2	152	149
309	4	333,449	0,0	563	149
4	20	2,3	22,34	179	149
8	4	2,1	1,6	195	149
1	88	0,0	69,25	170	149
152	36	416,217	70,54	218	149
28	2	85,40	0,1	153	149
206	0	124,87	1,0	153	149
35	2	43,44	2,4	174	149
4	2	26,10	0,0	1443	149
7	0	107,59	4,3	448	149
20	7	46,38	20,22	188	149
17	15	18,25	7,22	170	149
187	2	94,26	0,0	191	149
1	10	0,1	16,1	158	149
2	0	10,10	2,0	153	149
59	105	57,30	8,4	324	149
90	0	108,156	0,2	182	149
23	0	30,7	3,8	180	149
16	29	10,6	39,31	161	149
43	8	22,14	6,7	152	149
30	24	28,8	31,22	152	149
342	3	134,110	0,0	153	149
589	2	243,150	4,0	497	149
483	4	169,103	0,0	221	149
51	1	64,33	2,5	256	149
98	1	98,55	2,5	259	149
51	4	48,27	14,5	152	149
2	22	3,2	57,32	178	149
43	438	28,68	337,467	152	149
1286	1	1828,1286	2,0	2893	149
60	49	92,65	92,77	324	149
58	3	34,38	11,2	152	149
3	16	0,0	8,4	188	149
4	12	4,3	12,6	186	149
3	1	2,0	2,0	177	149
5	26	6,0	32,31	177	149
2	2	3,2	6,2	176	149
15	5	13,2	3,0	152	149
207	8	84,48	2,3	203	149
0	2	0,4	0,4	194	149
2	26	19,6	42,27	1196	149
0	25	12,3	40,20	193	149
12	40	20,2	21,10	187	149
2	0	16,27	4,20	194	149
31	165	50,16	136,37	455	149
88	227	22,25	70,75	152	149
8	227	3,4	70,75	155	149
6	86	1,4	20,25	152	149
220	6	90,62	6,3	179	149
31	1	12,9	0,0	214	149
1	17	2,0	18,9	185	149
0	1	6,0	7,9	229	149
40	2	72,16	2,0	152	149
21	1	54,14	0,0	153	149
4	20	0,0	4,0	175	149
2558	5	120,59	1,0	179	149
5	7	6,11	9,7	152	149
53	0	107,47	0,2	200	149
27	25	32,10	17,12	152	149
151	0	361,246	2,2	735	149
417	15716	60,117	3229,3259	188	149
724	1	142,162	1,4	170	149
99	14	110,56	11,0	270	149
82	21	114,52	10,12	263	149
57	2	86,39	2,0	263	149
25	53	31,23	33,46	275	149
182	0	87,106	2,0	1033	149
2	2	2,0	2,0	215	149
26	2	16,8	2,2	215	149
6	2	4,2	0,0	316	149
7	52	1,2	55,56	152	149
0	81	0,1	89,76	176	149
0	64	2,2	91,90	208	149
0	3	4,0	3,4	170	149
88	3	114,75	1,0	397	149
3	5	0,0	6,2	150	149
0	7	0,1	0,7	179	149
2	4	0,0	7,4	171	149
6	1	38,11	7,0	326	149
16	1	11,7	2,0	749	149
3	143	0,3	195,155	173	149
0	1	0,2	0,4	293	149
1251	2	638,304	0,0	745	149
1	46	1,2	31,18	173	149
2	93	2,3	2,4	229	149
244	3	20,24	0,0	338	149
18	8	3,0	5,2	152	149
2	0	2,0	6,0	262	149
2	2	2,3	10,0	152	149
75	9	88,65	4,4	1406	149
0	3	0,5	5,5	181	149
14	20	1,0	3,0	224	149
0	7	1,2	1,5	278	149
22	2	25,14	3,4	201	149
0	14	4,0	20,18	178	149
1	9	8,0	17,18	200	149
2	0	4,4	6,2	155	149
1	6	0,0	2,14	173	149
0	3	1,4	0,3	152	149
1	28	1,0	16,33	194	149
22363	0	17761,13087	2,0	437	149
18789	2	15078,11611	0,0	158	149
2	53	1,2	78,31	165	149
1	14	4,0	2,3	168	149
15	0	9,5	2,0	232	149
33	311	21,12	159,91	291	149
6	0	0,5	0,2	152	149
6	351	3,7	439,235	174	149
3	12	4,0	15,17	181	149
2	0	0,0	1,5	258	149
9	0	25,28	1,0	1306	149
2	6	1,2	0,6	521	149
103	0	65,65	4,0	224	149
67	7	72,32	21,2	152	149
0	7	0,1	10,6	218	149
1047	0	1617,1350	2,0	2087	149
63	1	4,15	0,2	160	149
1	22	0,0	0,4	176	149
4	4	1,5	6,7	208	149
6	1	19,15	0,0	265	149
23	0	116,47	1,0	221	149
70	1	159,58	0,0	214	149
8	453	3,3	271,181	181	149
700	0	299,257	1,1	286	149
1145	0	567,435	1,1	254	149
61	14	114,60	15,20	421	149
0	23	3,5	68,62	166	149
2	47	3,4	88,43	177	149
10	22	0,0	8,4	152	149
0	2	2,2	9,10	171	149
0	2	4,6	9,10	206	149
0	10	3,0	7,12	275	149
4	0	6,5	2,0	155	149
69	2	101,110	0,0	161	149
7	0	0,2	5,2	175	149
4	126	3,4	58,38	152	149
1	2	3,0	0,0	152	149
15	0	22,8	2,0	179	149
0	13	0,1	2,0	150	149
0	2	2,1	0,2	152	149
0	10	0,2	4,2	152	149
78	4	85,39	0,2	153	149
69	2	59,32	2,0	160	149
423	7	403,313	0,0	4740	149
501	1	40,55	0,0	321	149
409	7	45,31	0,0	244	149
63	1055	24,26	480,353	190	149
5	1	0,2	0,0	152	149
7	104	6,5	101,43	171	149
10	0	24,11	15,1	152	149
15	6	45,32	16,20	209	149
1256	0	1125,497	4,0	2340	149
13	145	4,2	80,50	174	149
21	38	16,8	38,24	152	149
0	8	0,3	12,10	152	149
28	2	42,34	2,6	1348	149
89	3	140,40	2,0	263	149
52	0	99,34	7,1	151	149
60	0	70,57	2,0	153	149
134	3	133,89	1,0	299	149
92	1	71,42	0,0	242	149
18	1	18,7	0,0	159	149
0	148	5,1	243,212	163	149
2	2	14,12	0,0	648	149
2	2	14,14	0,0	644	149
12	8	22,14	8,10	152	149
51	5	41,14	0,0	153	149
2	20	2,2	73,86	165	149
2	0	4,5	0,2	158	149
70	0	80,55	2,0	156	149
102	2	113,57	0,0	167	149
16	10	21,39	9,6	617	149
22	117	27,14	31,23	551	149
6	61	7,3	84,41	168	149
19	0	27,55	2,4	520	149
94	18	150,38	33,2	197	149
6	2	9,2	6,4	166	149
7	2546	3,1	1732,1097	166	149
4	0	6,6	0,2	535	149
76	4	112,114	7,0	239	149
27	7	23,27	9,8	152	149
2	0	0,0	0,6	188	149
7	0	81,28	29,21	191	149
0	30	2,0	5,17	220	149
1	0	0,2	2,0	573	149
2	0	2,0	0,6	167	149
8	0	13,2	0,2	1071	149
1	42	2,0	44,68	185	149
3	131	4,2	98,57	173	149
68	3	54,44	0,2	163	149
87	3	78,49	6,3	153	149
37	0	30,21	1,0	170	149
71	6	44,60	6,1	184	149
4	4	7,6	2,0	300	149
100	9	63,44	0,0	390	149
0	69	0,2	88,10	173	149
6	0	7,19	1,0	199	149
724	17	2239,789	34,8	186	149
48	5	40,34	1,0	226	149
53	0	46,36	2,0	396	149
10	0	7,2	2,0	319	149
22	5	18,10	7,12	152	149
6	2	2,4	4,0	152	149
67	1	30,25	2,0	153	149
2	40	5,6	17,16	334	149
80	0	31,5	0,2	215	149
182	2	204,97	0,0	231	149
4	2	12,10	2,0	184	149
2	21	1,0	31,12	182	149
10	5	6,8	4,2	227	149
17	1	22,12	0,0	209	149
0	4	1,0	1,0	172	149
27	10	72,45	25,4	1207	149
1	0	29,12	1,0	191	149
1	3	6,0	7,7	152	149
4	0	3,4	1,0	152	149
2	2	3,2	2,0	152	149
107	322	183,141	79,67	3787	149
2	2	2,1	3,4	164	149
17	0	15,7	2,0	295	149
2	41	0,0	24,36	167	149
8	3	6,0	13,6	232	149
84	0	168,157	3,0	1780	149
23	1	18,8	4,4	152	149
97	13	4,2	1,2	152	149
2	16	5,6	16,20	200	149
0	34	0,1	39,31	166	149
0	5	2,0	7,6	164	149
9	4	5,1	4,5	152	149
0	5	8,4	6,4	172	149
0	3	4,6	15,10	152	149
2	27	2,2	34,21	154	149
2	5	8,0	13,2	232	149
2	9	4,3	8,10	185	149
0	2	8,1	47,27	190	149
3	673	7,8	528,521	170	149
12	2	30,20	0,2	357	149
2	0	3,0	2,0	182	149
2	16	5,0	28,10	204	149
8	16	24,0	20,6	169	149
16	4	29,36	2,10	173	149
23	0	53,12	0,2	152	149
0	15	4,0	17,10	300	149
13	7	78,88	26,29	152	149
7	41	18,16	20,16	238	149
177	0	246,68	2,0	248	149
2	22	8,1	19,24	175	149
2	9	0,0	12,4	152	149
12	0	10,11	0,2	236	149
4	0	5,1	2,0	191	149
0	7	1,0	3,0	202	149
23	0	42,33	2,0	708	149
59	0	70,100	1,0	153	149
14	7	22,21	10,17	152	149
15	2	10,9	4,10	152	149
1	1	1,0	2,0	158	149
4	5	2,7	8,8	152	149
780	6	923,597	11,4	258	149
792	888	930,601	450,358	258	149
2076	888	2586,1854	450,358	519	149
5220	888	5928,5290	450,358	1267	149
1296	12	1665,1257	9,4	410	149
4440	12	5007,4693	9,4	1158	149
3144	0	3343,3438	1,0	897	149
14	94	6,14	71,66	187	149
10	286	8,3	239,65	206	149
266	22	264,83	26,2	152	149
16	2	12,7	0,2	152	149
0	1	1,0	4,1	168	149
9	19	4,0	9,0	167	149
8	0	10,3	2,2	152	149
0	28	1,0	24,11	173	149
22	0	8,14	2,2	230	149
2	729	3,4	270,174	164	149
0	25	2,0	7,13	203	149
514	8	268,115	5,1	154	149
0	2	0,1	4,0	170	149
5	2	13,0	0,0	176	149
77	12	30,9	4,0	168	149
16	1	20,19	0,2	206	149
60	14	89,48	14,10	155	149
10	47	0,1	122,116	154	149
2	18	1,5	8,9	211	149
0	2	2,1	8,4	213	149
58	14	71,41	15,15	152	149
7	3	7,2	4,6	222	149
26	0	29,23	0,1	445	149
22	0	26,27	0,1	372	149
2	22	21,0	12,22	307	149
2	0	24,17	4,9	155	149
218	6	180,56	12,2	276	149
27	0	58,57	3,0	1196	149
1	11	4,9	14,15	266	149
0	16	2,0	7,4	191	149
14	6	35,20	5,6	152	149
106	4	152,108	0,0	629	149
12	2	15,18	1,3	173	149
11	2	15,10	1,3	168	149
26	5	18,13	14,6	177	149
1	3	0,0	2,1	162	149
41	24	60,27	29,20	209	149
40	2	60,19	3,0	153	149
4	54	3,1	36,27	167	149
4	2	22,13	3,0	154	149
4	31	16,7	23,22	170	149
0	7	4,4	11,22	284	149
0	2	4,6	8,4	229	149
28	33	20,5	19,28	185	149
4	10	0,2	2,0	230	149
0	37	2,4	49,48	168	149
30	4	9,1	2,2	152	149
0	91	2,0	73,61	167	149
0	19	5,0	35,75	219	149
6	0	15,7	0,2	152	149
0	23	3,4	16,14	165	149
401	5	31,20	0,0	197	149
10	4	13,19	3,5	239	149
163	1	97,59	0,0	170	149
11	7	4,1	5,0	186	149
7	36	7,0	64,36	188	149
0	2	0,1	0,2	403	149
17	3	20,8	8,0	152	149
0	2	8,1	6,2	182	149
23	2	34,39	0,6	204	149
2	0	2,0	0,1	152	149
29	69	59,56	33,25	1348	149
1	69	1,0	33,25	205	149
9	0	8,16	2,0	211	149
26	31	33,11	48,17	152	149
4	0	12,18	4,0	199	149
259	2	468,178	0,0	249	149
5	336	42,42	270,656	640	149
3	1	9,8	2,0	192	149
24	109	51,60	195,224	2781	149
19	20	11,8	28,16	255	149
0	28	5,0	54,26	166	149
291	2	441,171	6,6	454	149
1	92	2,0	139,121	169	149
0	10	1,3	43,42	244	149
0	2	5,7	2,0	261	149
10	2	47,46	2,0	166	149
235	2	153,70	0,0	153	149
5	12	0,0	3,2	167	149
135	2	60,34	2,6	322	149
135	2	60,34	2,6	312	149
16	115	28,15	59,18	1100	149
0	16	0,1	8,14	152	149
31	9	69,21	26,7	197	149
1	35	1,4	40,49	183	149
15	0	0,4	2,0	153	149
9	13	26,19	45,16	155	149
613	8	1408,863	2,2	2700	149
33	5	46,23	10,6	152	149
2	6	4,4	7,31	389	149
0	6	0,2	7,31	206	149
48	8	126,110	5,6	152	149
0	34	2,0	89,62	167	149
16	0	51,29	3,3	152	149
165	1247	151,86	576,319	165	149
3	56	4,3	31,36	193	149
30	54	23,8	29,13	152	149
0	8	1,0	58,27	155	149
2	2	2,0	0,0	667	149
299	2	210,135	6,0	167	149
5	2	2,8	3,0	152	149
507	2	395,265	3,0	281	149
506	4	394,257	1,0	278	149
118	177	154,137	115,139	3099	149
0	9	1,2	6,20	163	149
3	5	4,2	1,4	188	149
62	78	25,23	23,24	206	149
38	42	63,24	53,26	279	149
0	7	6,0	5,3	152	149
5	4	6,10	7,3	152	149
2	0	2,6	2,0	191	149
25	32	12,15	42,22	152	149
11	2	18,0	2,2	152	149
19	2	48,19	4,0	152	149
63	25	103,57	11,22	152	149
63	2	109,70	6,3	185	149
48	0	114,61	4,0	152	149
6499	5	3035,2655	0,0	207	149
0	7	0,1	24,12	167	149
0	15	5,2	11,16	225	149
39	0	32,32	4,0	188	149
5	2	3,4	0,0	152	149
4	0	7,6	2,0	195	149
53	0	29,29	2,0	201	149
245	4	144,109	5,0	201	149
249	1	145,112	0,0	204	149
8	1	6,3	0,0	152	149
10	0	29,29	0,2	152	149
54	1	25,26	2,0	192	149
15	0	8,4	2,4	192	149
77	1	73,79	0,0	986	149
5	6	3,4	3,6	262	149
8	16	5,1	5,6	152	149
32	24	26,22	17,12	152	149
10	45	5,0	26,18	152	149
0	2	0,1	2,0	1296	149
0	2	0,9	2,0	1815	149
4696	67	2504,1727	35,20	206	149
5	4	6,1	2,1	206	149
5	1	8,1	0,4	206	149
13	2	2,2	0,0	241	149
2	19	2,2	36,11	165	149
5	18	1,2	11,21	260	149
1	51	4,6	18,35	217	149
0	1	0,2	8,11	178	149
4	0	14,8	1,2	276	149
7	2	14,8	5,4	276	149
5	17	1,0	5,2	169	149
22	3	60,35	1,5	194	149
5	0	14,5	2,0	210	149
16	1	13,20	0,0	224	149
2	7	5,4	22,7	167	149
2	0	0,6	0,2	182	149
8	60	3,6	28,16	165	149
0	2	0,2	13,12	233	149
4	1	0,1	2,2	152	149
51	2	51,26	0,4	272	149
3	0	9,12	0,2	165	149
12	7	35,21	22,12	152	149
3	7	9,8	14,1	152	149
2	2	0,1	0,0	168	149
16	8	38,37	6,0	205	149
24	3	25,7	12,9	152	149
477	2	645,584	4,3	740	149
489	35	638,579	55,8	740	149
1	40	5,7	103,59	170	149
4	0	28,24	0,2	154	149
16	7	17,9	4,0	152	149
8	0	11,6	1,2	152	149
0	10	2,2	17,2	155	149
4	13	1,12	22,12	152	149
31	4	14,15	5,2	164	149
148	2	114,126	0,0	155	149
2	0	2,9	0,2	448	149
4	2	28,34	0,0	701	149
0	3	0,2	2,0	207	149
52080	2	25690,38454	0,4	3489	149
111	0	57,36	0,2	181	149
35	8	28,10	32,13	264	149
35	0	30,10	2,0	264	149
64	0	72,26	2,0	547	149
29	0	44,16	2,0	432	149
21	5	30,10	17,8	154	149
4	31	12,7	83,29	224	149
76	0	34,26	0,1	181	149
4	30	0,1	30,34	203	149
0	54	0,1	70,23	168	149
6	2	15,21	0,0	1380	149
19	111	17,12	35,26	285	149
109	0	173,82	3,2	191	149
47	0	99,31	2,0	191	149
1	299	3,1	300,131	164	149
5	33	8,7	29,16	238	149
16	11	2,0	0,0	164	149
4	30	23,9	9,6	797	149
0	2	0,2	6,11	164	149
0	2	5,0	4,4	169	149
12	2	5,3	5,8	152	149
16	0	5,12	5,0	180	149
55	266	135,26	292,141	700	149
0	6	6,6	19,9	265	149
11	0	10,7	2,1	200	149
83	3	4,2	0,0	215	149
0	6	8,0	8,4	207	149
4	19	1,2	2,4	192	149
1	18	0,2	9,0	214	149
1	18	0,0	9,0	174	149
6	125	7,2	91,15	219	149
6	125	4,2	91,15	196	149
54	4	837,1781	4,18	189	149
7	60	0,13	59,33	284	149
13	2	15,9	0,0	152	149
49	0	38,87	10,7	197	149
17	14	15,8	7,15	152	149
2	29	4,0	42,50	174	149
2	42	0,4	32,36	168	149
45	24	31,30	12,8	214	149
85	24	63,62	12,8	195	149
101	19	121,96	53,36	152	149
79	0	2,132	0,2	325	149
11	13	27,31	12,18	507	149
0	2	2,0	8,2	175	149
5	1	4,4	0,0	175	149
33	26	44,31	42,32	181	149
14	0	8,4	0,2	176	149
107	38	144,109	32,19	2160	149
462	3	507,359	6,2	1951	149
3	13	11,8	8,6	335	149
16	3	11,36	0,7	152	149
1	0	4,1	0,1	155	149
1	11	6,2	23,3	184	149
6	2	7,6	3,0	152	149
14	0	5,2	0,2	186	149
38	0	18,13	4,2	310	149
48	4	97,105	2,0	207	149
2	2	4,4	0,0	161	149
0	3	4,2	10,7	200	149
58	0	32,59	1,1	260	149
2	30	2,0	9,24	171	149
4	3	2,3	0,4	257	149
93	0	54,40	2,0	201	149
13	1357	6,8	784,742	329	149
42	2	21,12	12,5	152	149
2	21	1,3	19,8	164	149
2	30	0,0	16,7	171	149
35	2	29,15	0,0	169	149
6	4	5,8	0,0	152	149
0	4	2,4	5,15	209	149
2	0	13,15	1,0	153	149
0	2	0,1	13,13	163	149
3	3	4,3	4,4	152	149
0	4	2,2	8,4	152	149
2	2	0,2	0,0	152	149
3	1	1,0	0,6	152	149
3	0	1,0	8,0	166	149
14	0	16,5	1,0	154	149
210	2	260,263	0,0	235	149
6	90	1,4	103,104	192	149
216	72	51,14	18,0	152	149
40	0	33,51	2,0	258	149
6	8	6,9	10,15	152	149
0	2	2,1	2,0	152	149
2	21	3,10	41,16	235	149
24	0	23,7	3,0	181	149
63	0	54,20	0,2	152	149
0	12	2,0	0,0	235	149
11	161	11,9	121,33	164	149
9	0	9,5	2,0	164	149
0	6	0,2	8,4	333	149
127	0	74,43	4,0	193	149
1	138	1,0	247,125	150	149
6	0	0,0	0,3	213	149
6	0	0,0	0,3	216	149
6	0	0,0	0,3	246	149
6	0	0,0	0,3	255	149
26	6	24,23	2,2	152	149
27	15	9,7	17,16	152	149
26	2	20,16	2,0	200	149
13	73	6,2	57,23	193	149
35	73	35,10	57,23	224	149
23	0	35,43	2,0	249	149
4	23	2,2	26,23	164	149
332	4	856,393	5,4	3423	149
2	0	0,0	8,12	172	149
31	0	42,28	4,0	232	149
84	0	198,134	0,2	201	149
25	35	16,18	19,23	187	149
167	35	114,111	19,23	199	149
142	0	98,94	0,1	161	149
179	0	184,246	0,1	170	149
10	317	9,8	202,249	164	149
13	2	2,7	0,2	152	149
26	2	12,17	0,2	171	149
22	9	12,15	2,5	168	149
147	2	94,68	0,0	177	149
144	4	69,29	0,4	156	149
11	10	12,1	0,0	174	149
0	6	2,0	4,4	160	149
6	34	42,71	50,41	1383	149
2	3	0,1	8,19	158	149
4	2	2,1	0,0	152	149
31	24	29,10	30,21	193	149
1	14	0,0	6,10	172	149
24	1	17,22	2,0	185	149
35	0	31,49	0,6	258	149
12	0	16,27	0,6	222	149
2	0	2,16	2,1	152	149
56	0	29,10	0,2	192	149
1	83	3,5	41,28	208	149
14	1	20,12	2,2	153	149
40	1	57,27	0,0	842	149
2	158	22,7	196,140	173	149
0	17	0,1	48,27	176	149
0	4	6,0	9,6	450	149
5	22	1,2	11,8	376	149
4	0	1,2	0,2	152	149
8	1	2,11	2,2	152	149
48	18	50,27	19,11	152	149
4	48	8,4	103,89	190	149
95	0	142,74	10,0	237	149
0	50	4,1	53,48	169	149
185	42	152,98	46,30	152	149
18	0	57,96	0,3	152	149
17	5	3,4	1,1	195	149
1	55	0,2	46,32	254	149
1	6	1,4	47,13	179	149
218	11	147,205	10,7	178	149
0	13	2,4	29,45	230	149
0	13	2,6	29,45	252	149
3	9	4,2	7,8	161	149
4	9	0,4	7,8	164	149
4	3	0,4	4,2	152	149
217	0	409,307	0,1	219	149
12	2	15,2	2,0	152	149
23	0	8,4	0,2	152	149
7	5	7,0	0,0	152	149
7	0	8,7	2,0	202	149
0	26	9,6	30,8	152	149
8	0	43,43	0,2	271	149
1	3	19,22	12,17	174	149
1	0	10,8	0,2	174	149
1	0	14,8	0,4	174	149
0	35	0,2	48,33	170	149
34	6	11,9	6,2	153	149
27	0	17,11	1,0	152	149
2	14	0,10	20,17	370	149
0	18	5,0	29,29	168	149
69	0	86,60	0,1	398	149
9	0	0,4	2,0	590	149
1	4	54,23	6,5	949	149
15	0	29,27	1,0	152	149
1	0	8,0	1,0	156	149
0	14	7,0	28,27	153	149
20	2	47,37	0,0	155	149
0	10	2,0	21,11	173	149
46	16	34,12	16,4	152	149
10	34	21,14	23,12	152	149
5	16	6,2	10,11	189	149
3	0	7,1	1,0	152	149
322	0	256,152	0,3	283	149
195	0	152,53	1,0	152	149
21	98	8,5	67,45	202	149
10	16	4,1	10,6	152	149
4	9	6,2	6,3	167	149
2324	6	2,10	0,0	483	149
0	4	0,4	0,0	152	149
0	2	2,4	4,4	239	149
123	24	70,29	15,29	152	149
157	36	187,20	37,8	152	149
177	0	296,228	0,4	376	149
0	15	1,0	43,25	172	149
4	0	0,10	12,6	501	149
9	121	7,2	135,40	184	149
6	4	6,4	8,0	758	149
420	4	310,207	0,3	172	149
235	12	123,78	4,0	154	149
71	2	82,137	0,4	493	149
4	30	2,2	6,10	170	149
2	48	0,4	38,58	169	149
2	1	0,4	2,0	173	149
48	1	38,58	2,0	153	149
1	49	4,2	39,58	238	149
5	23	1,2	41,34	154	149
26	23	98,57	41,34	1271	149
25	4	98,57	1,2	1266	149
0	29	4,2	39,24	159	149
3	28	6,2	38,26	169	149
2	6	2,14	8,4	833	149
4	11	0,4	2,0	152	149
13	9	72,28	101,25	224	149
82	17	123,71	23,14	152	149
40	2	61,32	0,0	180	149
207	4139	33,26	528,474	179	149
70	18	47,54	12,10	240	149
0	6	0,2	5,11	183	149
845	55	77,54	0,2	203	149
2	1	4,6	2,0	200	149
2	1	5,4	2,0	203	149
2	2	2,2	1,4	152	149
77	5	52,40	6,0	187	149
2	83	12,11	32,26	170	149
70	4	85,49	2,2	181	149
73	4	77,62	0,0	178	149
55	2	74,72	0,2	244	149
28	7	2,6	33,12	334	149
2	55	3,2	26,12	174	149
0	27	2,0	45,28	169	149
54	0	94,86	10,7	207	149
66	1	80,78	2,0	154	149
54	0	59,27	13,4	153	149
64	0	94,62	2,0	251	149
49	0	51,37	2,0	219	149
73	0	54,33	4,0	387	149
13	321	19,20	817,485	173	149
0	10	4,0	42,11	185	149
2158	6	821,675	6,2	183	149
117	23	124,62	14,5	2494	149
7	11	5,8	17,10	210	149
157	2	136,144	0,0	338	149
0	157	2,0	134,134	168	149
0	2	0,2	2,0	185	149
110	83	182,108	56,57	1644	149
4	33	10,8	28,27	175	149
31	20	25,25	15,2	164	149
6	6	26,18	4,10	176	149
12	0	38,32	3,0	154	149
2	2	0,3	0,0	170	149
2	0	0,3	1,0	170	149
6	2	10,20	6,2	152	149
130	1	73,47	2,0	332	149
19	2	9,2	0,0	154	149
2	3	0,0	1,0	169	149
34	86	0,2	0,0	255	149
0	18	10,7	61,56	152	149
724	2	600,439	9,2	242	149
2	3	2,12	4,4	176	149
14	36	20,14	34,21	173	149
90	41	41,28	59,45	827	149
1	157	1,0	185,189	153	149
8	19	5,0	46,27	188	149
3	31	22,1	71,52	273	149
165	6	126,92	5,4	3221	149
110	6	87,67	5,4	2723	149
35	6	39,13	7,24	152	149
11	0	19,12	0,4	153	149
0	8	0,1	24,12	202	149
42	15	82,91	18,15	1525	149
6	20	11,5	14,2	192	149
0	35	2,0	23,12	173	149
11	26	18,8	34,31	152	149
0	3	2,0	0,0	199	149
5	8	3,8	3,2	152	149
30	0	22,57	2,0	192	149
15	49	34,15	55,32	214	149
20	1	35,18	0,0	177	149
1	6	0,0	5,4	185	149
61	14	38,36	3,2	155	149
2	2	0,0	2,0	233	149
31	9	8,3	0,0	303	149
23	8	1,0	0,0	476	149
21	2	1,0	0,0	461	149
67	4	148,65	4,0	153	149
10	17	5,4	24,2	153	149
0	11	1,1	20,19	178	149
12	8	2,9	2,0	203	149
2	0	6,0	0,3	152	149
12	3	32,26	4,0	210	149
0	1	2,2	2,2	152	149
5	2	13,8	0,0	154	149
1	2	3,9	0,0	166	149
1	5	3,9	13,8	161	149
1	2	4,0	5,0	169	149
0	17	7,2	108,53	207	149
1	3	4,1	7,3	225	149
6	20	0,0	2,0	187	149
2	10	10,0	14,8	170	149
2	7	14,0	10,10	173	149
10	7	18,8	10,10	152	149
0	322	2,0	356,242	154	149
0	7	3,4	2,2	227	149
0	33	1,0	44,15	168	149
35	2	61,23	0,0	152	149
7	143	6,15	52,78	236	149
11	9	12,10	29,18	209	149
3	32	2,1	24,21	167	149
73	2	39,47	2,0	183	149
655	0	1239,1831	2,0	597	149
405	1	536,275	2,4	151	149
910	5	1162,489	7,8	838	149
68	0	41,23	1,0	158	149
4354	1	3774,3418	4,0	156	149
2	18	0,2	23,24	238	149
162	0	156,96	0,4	238	149
100	1	71,61	0,0	154	149
2	124	3,2	81,82	173	149
0	2	14,4	4,0	1597	149
0	6	0,1	2,4	226	149
1	467	1,1	389,310	158	149
0	19	1,0	35,47	177	149
1	2	2,6	0,2	196	149
75	16	125,70	24,34	161	149
37	0	87,110	0,1	153	149
3371	3	397,148	1,0	331	149
373	9	61,42	2,1	167	149
3715	2	468,298	0,0	288	149
7	0	22,10	5,4	224	149
2	2	3,5	0,0	152	149
4	0	7,0	2,2	152	149
82	2	79,40	2,2	152	149
1	13	6,2	44,32	229	149
18	0	30,18	2,2	152	149
337	24	22,0	0,0	191	149
160	0	130,52	1,0	213	149
9	81	13,8	56,38	211	149
72	0	101,77	5,2	158	149
7	0	3,0	2,4	331	149
2	0	0,1	4,2	152	149
11	35	21,16	35,42	207	149
0	48	5,5	55,58	224	149
10	23	8,3	46,26	235	149
539	1	323,276	0,0	347	149
61	141	61,31	69,38	1162	149
27	45	10,11	17,12	178	149
11	12	36,29	36,11	687	149
2	0	0,0	2,4	847	149
61	10	82,37	9,17	173	149
86	0	110,50	1,0	154	149
2	2	10,6	8,4	199	149
10	107	21,25	77,56	276	149
10	107	19,23	77,56	226	149
298	2	26,20	0,0	153	149
0	4	0,2	2,2	293	149
13	25	15,16	22,10	167	149
128	1	137,68	0,0	156	149
209	0	278,142	1,0	151	149
8	126	5,8	131,85	187	149
42	13	85,59	28,17	152	149
136	168	32,33	44,41	194	149
100	65	19,16	15,18	167	149
15	0	29,15	2,1	201	149
4	0	7,4	0,2	530	149
8	4	0,4	0,2	253	149
14	3	21,11	8,2	218	149
34	3	51,28	8,2	221	149
22	2	30,17	0,0	152	149
19	0	34,27	2,1	217	149
38	0	37,36	2,1	220	149
21	2	13,19	10,10	152	149
57	5	86,20	8,0	152	149
4	38	21,6	84,67	152	149
3	27	21,6	63,35	205	149
4	3	10,23	6,0	158	149
249	4	103,63	0,7	212	149
2	0	25,15	3,0	215	149
11	0	32,18	0,1	199	149
49	0	268,117	1,0	289	149
0	2	2,0	0,0	167	149
6	299	2,0	270,100	169	149
19	2	37,27	3,0	197	149
3	6	15,4	14,13	200	149
1	36	2,0	35,7	169	149
1	38	2,0	40,17	168	149
1	37	1,3	21,29	168	149
2	90	0,1	87,38	170	149
0	2	4,5	12,17	294	149
0	4	1,1	2,3	194	149
2	30	1,0	45,19	164	149
0	8	15,2	30,18	278	149
7	0	30,21	1,0	184	149
157	6	488,425	5,4	2408	149
0	12	2,0	31,20	173	149
37	0	131,96	2,1	185	149
2	0	4,20	2,0	154	149
152	0	77,89	1,0	322	149
0	11	5,0	17,17	172	149
7	23	8,1	16,11	237	149
1	10	0,5	19,13	151	149
143	4	114,76	0,3	275	149
164	2	134,116	1,0	298	149
25	2	20,43	1,0	172	149
7	25	1,5	12,10	174	149
84	15	7,12	0,1	153	149
491	4	35,9	0,0	199	149
19	0	333,236	4,0	1121	149
2	4	0,0	0,2	275	149
49	0	72,43	3,1	212	149
6	113	28,10	89,42	315	149
6	55	28,10	42,22	315	149
2	93	4,1	80,48	172	149
1	19	12,16	30,51	282	149
35	50	100,67	136,95	900	149
51	1	42,31	0,1	185	149
2	2	2,13	4,10	170	149
2	0	0,2	4,0	161	149
8	0	40,20	4,0	220	149
8	2	40,18	0,0	208	149
0	5	10,2	11,3	244	149
2	63	0,0	65,46	173	149
4	101	5,3	114,53	225	149
4	4	0,2	0,0	152	149
4	9	4,5	4,6	152	149
3	33	4,8	49,34	159	149
19	48	31,19	51,45	152	149
16	0	106,83	0,2	492	149
43	6	36,37	10,4	155	149
210	1	106,83	0,0	152	149
0	10	0,1	6,4	164	149
1	12	1,0	5,6	181	149
31	9	40,16	5,3	164	149
8	14	26,20	46,32	392	149
4	2	28,15	6,3	231	149
0	2	4,4	6,0	152	149
12	3	29,22	10,14	152	149
0	2	1,0	3,2	166	149
13	2	9,19	3,0	175	149
16	0	62,22	0,2	155	149
2	14	0,0	4,4	161	149
4	0	8,2	5,2	154	149
63	8	625,408	82,7	186	149
64	0	821,476	4,0	186	149
0	4	2,6	3,8	284	149
0	1	2,2	1,0	161	149
31	6	16,4	19,6	178	149
16	223	2,20	6,28	574	149
26	7	57,37	3,2	203	149
4	0	4,10	5,0	170	149
2	37	1,0	18,10	169	149
1868	0	1653,991	15,8	7322	149
14	176	12,10	223,445	182	149
4	435	0,3	925,786	187	149
6	30	7,6	17,16	182	149
4	30	2,5	17,16	169	149
0	84	1,3	76,53	167	149
47	54	59,35	58,39	185	149
6	59	3,0	57,36	157	149
43	1	47,38	0,0	519	149
3	0	3,9	0,1	335	149
64	4	30,39	2,2	152	149
39	2	26,15	0,0	153	149
0	6	1,0	45,24	169	149
8	0	4,4	2,0	152	149
10	18	10,0	25,4	152	149
9	0	18,7	4,0	290	149
4	0	1,0	5,9	152	149
5	1	5,6	2,0	326	149
5	1	5,6	9,9	326	149
63	2	87,60	0,0	153	149
0	27	2,0	29,24	152	149
0	6	2,2	3,4	197	149
6	0	3,14	6,0	152	149
35	33	101,57	62,13	152	149
60	35	68,23	50,24	158	149
89	1	216,143	0,0	205	149
10	0	22,9	2,0	215	149
20	0	38,19	0,2	251	149
24	1	35,12	0,0	251	149
12	3	1,4	0,3	152	149
0	11	1,0	37,7	167	149
0	8	2,0	34,10	177	149
5	55	7,5	23,22	180	149
128	0	120,98	0,1	304	149
0	5	2,0	2,2	195	149
15	0	10,16	2,2	190	149
40	1	6,2	1,0	153	149
2	4	0,0	0,2	164	149
3	34	17,13	38,30	243	149
52	11	46,42	18,12	167	149
0	4	0,2	2,0	188	149
7	1	12,10	5,4	203	149
104	20	21,32	4,5	152	149
64	2	34,37	0,0	1123	149
14	4	3,4	6,4	152	149
45	0	26,13	4,2	381	149
6	0	0,2	0,2	174	149
5	268	5,6	228,284	170	149
2	2	0,0	1,2	170	149
0	7	5,5	38,10	341	149
213	4	114,60	1,0	173	149
267	1	164,112	0,0	1577	149
369	2	242,117	0,0	1994	149
31	9	20,10	10,6	152	149
35	2	19,12	2,0	154	149
0	31	2,2	33,15	172	149
10	1	23,10	7,6	152	149
105	0	394,204	6,8	2479	149
9	0	19,2	2,0	188	149
10	4	16,24	1,0	420	149
5	3	35,15	11,13	242	149
14	4	52,17	7,16	281	149
12	4	28,15	7,16	188	149
1	27	3,0	42,75	175	149
5	44	0,0	49,43	210	149
0	16	2,0	16,18	247	149
2	0	0,0	7,4	162	149
0	12	0,2	18,16	200	149
4	0	12,6	2,2	154	149
16	0	17,23	2,0	167	149
31	3	49,42	5,1	152	149
46	2	46,24	0,0	153	149
8	2	18,8	2,3	249	149
8	2	17,8	0,0	249	149
5	17	22,11	17,7	223	149
267	2	449,218	0,0	3037	149
4	1	4,4	0,0	1503	149
19	4	34,22	2,2	152	149
65	0	191,120	2,0	2928	149
2	0	5,2	6,4	194	149
2	11	2,8	5,0	853	149
23	0	18,18	2,0	169	149
2	0	22,22	2,0	153	149
13520	3	1362,888	0,0	203	149
734	4	51,18	2,0	171	149
3	61	2,0	43,23	166	149
905	2	750,426	0,0	1228	149
2	2	7,11	4,0	174	149
2	562	9,2	409,242	169	149
2	0	9,7	2,0	396	149
94	2	94,56	2,1	216	149
407	8	583,327	0,1	2958	149
12	0	12,7	0,2	152	149
21	6	18,17	2,5	152	149
0	4	1,1	98,40	161	149
11	0	28,20	0,2	209	149
292	0	486,299	0,2	625	149
45	20	0,3	0,0	152	149
38	2	52,41	5,2	152	149
104	43	252,186	88,50	741	149
2	4	1,0	2,1	181	149
1	35	4,8	24,19	315	149
13	22	19,6	22,0	152	149
101	15	86,48	22,10	152	149
188	140	164,128	80,101	167	149
52	140	50,29	80,101	202	149
11	147	15,13	129,112	184	149
373	21	305,249	13,8	152	149
14	351	14,2	279,250	173	149
377	8	586,307	4,2	973	149
38	0	32,32	1,0	161	149
2	28	3,0	29,14	166	149
60	10	235,107	27,5	2667	149
256	2	533,303	3,6	1921	149
305	5	594,357	16,2	2160	149
51	5	64,60	16,2	388	149
164	1	119,81	0,0	516	149
45	3	38,16	0,0	153	149
12	24	8,2	27,10	244	149
34	10	17,8	20,12	174	149
6	19	4,11	5,12	365	149
4	0	0,2	2,0	361	149
475	467	390,316	602,329	1452	149
535	0	452,345	2,0	1471	149
527	0	664,358	2,0	168	149
29	2	13,8	0,0	152	149
69	0	36,53	0,2	381	149
26	0	11,7	0,2	232	149
0	4	0,2	0,2	248	149
112	19	86,48	29,9	152	149
40	0	30,28	1,0	191	149
6	0	1,8	1,0	175	149
18	2	2,0	0,0	152	149
0	21	2,2	17,31	179	149
143	11	39,10	2,0	152	149
2	20	12,16	86,146	161	149
16	61	6,3	11,30	154	149
13	2	19,8	1,0	256	149
0	115	0,1	100,63	163	149
34	0	23,26	0,2	176	149
3	11	10,6	14,13	194	149
18	1	29,44	2,0	161	149
16	11	8,17	0,6	173	149
262	50	361,179	43,23	1428	149
473	29	519,259	49,22	924	149
1	2	3,3	0,0	303	149
0	1	0,2	14,9	178	149
0	1	2,8	14,9	265	149
16	43	61,24	110,36	152	149
47	0	137,68	0,2	152	149
26	52	34,19	85,16	152	149
22	1	12,13	0,2	153	149
50	6	44,39	2,0	230	149
142	0	301,162	2,0	1681	149
3	2	2,2	1,1	189	149
2	5	2,1	6,14	178	149
4	0	32,20	3,0	241	149
26	16	71,68	26,33	2185	149
26	9	71,68	18,5	2185	149
17	0	58,59	2,0	349	149
0	7	5,4	13,42	182	149
8	0	38,30	6,6	152	149
0	12	0,1	13,4	153	149
20	2	5,13	2,5	152	149
122	6	78,56	0,0	152	149
0	2	4,5	6,4	152	149
283	2	399,163	0,4	1124	149
1	6	0,2	14,13	177	149
34	1	24,24	0,0	208	149
15	15	16,11	14,12	152	149
1148	10	7,9	0,0	221	149
9	6	0,2	2,4	189	149
7	0	4,11	6,0	269	149
7	0	4,11	1,0	274	149
5	2	5,3	0,0	152	149
7	2	22,13	2,0	229	149
11	15	23,44	32,33	217	149
2	2	1,2	2,6	248	149
119	2	180,105	7,0	168	149
23	20	20,6	21,17	152	149
35	0	63,32	0,1	152	149
19	20	5,0	0,0	308	149
17	2	9,18	0,0	211	149
6	2	9,8	4,0	154	149
0	22	0,5	310,422	182	149
2	2	19,26	38,41	393	149
5	8	0,2	0,1	520	149
1	2	0,0	0,1	152	149
13	0	10,23	0,2	221	149
42	2	38,43	0,2	188	149
1	0	1,1	2,0	164	149
12	81	9,14	28,4	553	149
0	7	3,2	7,15	255	149
546	0	157,142	2,0	502	149
2	45	4,3	78,38	215	149
56	0	101,76	0,1	200	149
127	2	48,54	1,3	377	149
0	2	0,2	0,2	169	149
18	0	30,14	2,0	151	149
3	0	15,7	2,2	241	149
3	0	17,9	2,2	224	149
5	0	18,9	2,0	224	149
393	0	387,207	4,0	1028	149
1	0	0,0	0,1	153	149
194	17	65,36	0,0	3095	149
9	34	4,4	63,47	333	149
2077	0	1289,928	1,0	861	149
7	0	20,20	2,0	1043	149
1	29	2,0	22,27	170	149
2	0	10,14	2,0	152	149
46	4	77,52	4,2	152	149
1	0	0,0	1,0	152	149
2	28	15,4	38,35	163	149
2	0	1,0	0,2	152	149
48	0	86,68	3,4	580	149
1	2	0,2	0,0	502	149
1	15	0,2	8,4	178	149
16	2	21,6	2,0	213	149
4	53	10,6	78,56	175	149
175	28	261,121	56,16	152	149
12	14	1,3	10,4	152	149
4	2	1,4	2,3	152	149
125	4	105,81	8,6	152	149
0	1	2,4	4,5	232	149
14	0	8,7	2,0	155	149
10	0	27,6	4,2	205	149
1	6	15,11	0,0	153	149
2	92	5,4	94,86	185	149
0	2	0,2	8,0	426	149
4	4	5,2	14,8	499	149
3	112	5,1	81,64	201	149
53	2	8,5	0,0	152	149
27	286	6,2	115,66	167	149
12	0	38,10	0,1	182	149
2	4	3,0	2,0	152	149
24	6	16,14	2,4	299	149
15	0	4,11	2,2	152	149
1	0	2,1	0,2	155	149
7	0	10,18	0,1	246	149
9	39	17,18	77,96	164	149
64	0	100,154	0,2	258	149
94	0	160,232	0,2	243	149
8	2	0,0	2,0	169	149
107	6	123,109	4,2	213	149
40	39	52,41	26,12	152	149
12	67	9,9	67,59	167	149
16	43	8,7	35,18	227	149
5	5	5,2	6,2	169	149
3	1	0,0	2,0	161	149
3	17	11,3	29,21	180	149
5	30	14,7	70,34	183	149
19	30	32,25	70,34	152	149
29	12	67,80	15,23	152	149
4	0	0,0	4,4	152	149
0	39	3,8	36,17	181	149
0	51	2,0	30,16	175	149
2	74	0,0	66,50	186	149
8	2	13,12	0,0	620	149
0	6	13,8	23,8	170	149
81	4	13,8	0,4	152	149
6	48	3,0	33,27	172	149
81	19	38,68	12,6	152	149
29	2	27,15	0,0	160	149
0	92	1,2	170,184	167	149
0	162	4,0	361,467	166	149
4	173	2,2	266,278	232	149
1	188	4,3	229,373	170	149
1	188	4,3	229,373	185	149
4	188	10,11	229,373	252	149
100	24	140,95	42,48	2765	149
85	24	131,87	42,48	2377	149
3	3	18,19	10,12	152	149
77	0	79,84	0,1	179	149
354	3	206,185	6,6	588	149
1	3	3,0	14,9	163	149
1	3	3,2	14,9	187	149
1	1	2,2	2,0	173	149
11	0	183,117	0,2	1561	149
2	0	5,6	0,2	163	149
0	2	7,6	0,4	167	149
0	2	21,10	0,4	222	149
0	11	5,0	20,18	170	149
0	13	6,2	34,21	171	149
64	0	149,52	6,1	167	149
11	11	28,10	28,11	214	149
12	24	26,10	92,36	214	149
25	12	35,6	26,12	202	149
3	0	5,10	6,4	233	149
18	2	50,38	1,0	254	149
110	32	117,44	24,8	3884	149
28	2	52,17	0,0	152	149
165	9	374,110	25,6	3985	149
0	4	5,4	4,6	152	149
10	10	24,14	35,18	152	149
25	0	30,21	0,3	231	149
1	40	1,0	56,35	203	149
79	2	104,89	14,8	152	149
3	65	8,1	105,84	179	149
63	4	98,51	5,0	194	149
31	8	28,11	17,10	154	149
0	22	1,0	20,6	191	149
38	3	48,24	0,2	220	149
5	49	1,1	47,24	168	149
1	17	2,0	19,13	181	149
1	69	0,1	67,28	175	149
1	115	1,0	115,54	171	149
126	2	164,90	1,0	182	149
236	3	213,114	2,0	1306	149
54	4	0,1	0,0	152	149
4184	996	65,142	18,45	152	149
18	2	14,3	0,0	154	149
22	2	34,19	0,0	555	149
0	4	2,0	11,10	310	149
19	46	21,7	30,25	152	149
2	9	2,4	32,6	167	149
3	29	8,0	6,16	211	149
148	0	258,132	2,0	3399	149
0	33	10,15	44,36	164	149
0	2	6,2	0,0	185	149
12	0	15,11	2,2	185	149
14	5	15,11	0,0	224	149
2	5	2,2	0,0	188	149
528	4	168,110	2,0	1973	149
14	244	6,3	54,12	231	149
16	1	3,3	0,0	159	149
95	44	20,7	21,11	159	149
1	2	0,0	2,7	150	149
19	2	15,4	0,0	175	149
14	0	15,7	2,1	175	149
89	1	70,30	2,1	200	149
2	2	2,2	6,2	209	149
2	36	3,6	18,22	204	149
5	0	5,14	1,0	476	149
27	1	3,1	0,0	152	149
578	7	1193,575	12,12	221	149
1	0	18,8	0,1	152	149
9	0	9,9	0,4	177	149
7	47	7,4	69,82	340	149
6	107	16,22	109,63	206	149
14	0	29,26	0,2	258	149
3	0	10,12	0,1	189	149
2	0	5,10	4,1	212	149
157	8	48,28	1,0	152	149
29	8	29,8	14,10	218	149
6	6	4,0	10,6	179	149
4	307	5,1	309,227	152	149
1	339	15,24	341,259	238	149
375	0	377,277	2,0	185	149
366	7	416,322	5,0	537	149
189	5	194,191	6,2	199	149
1	52	0,0	4,9	207	149
2	202	0,0	211,168	172	149
481	0	526,380	0,2	194	149
196	0	195,107	0,2	425	149
77	362	79,35	410,308	380	149
7242	12	162,60	0,0	310	149
235	3	364,368	3,0	1388	149
10	0	25,8	2,0	318	149
2	0	6,8	1,0	1106	149
0	1	2,0	0,2	179	149
2	76	3,5	36,57	182	149
14	2	10,7	0,0	153	149
2	5	17,10	14,3	164	149
25	16	21,31	20,18	152	149
8	111	8,6	203,112	175	149
14	199	8,7	255,258	165	149
0	1	0,2	0,0	152	149
8	2	15,9	13,3	152	149
0	7	0,2	15,21	173	149
0	36	12,3	47,12	194	149
39	31	42,35	42,38	152	149
5	7	17,5	1,4	171	149
6	32	17,4	27,14	171	149
14	1	9,4	7,3	202	149
36	0	14,8	2,0	280	149
23	0	12,7	2,0	227	149
0	8	0,2	1,2	246	149
4	7	14,7	39,26	264	149
4	2	21,45	0,0	226	149
32	78	36,47	43,39	331	149
9	44	14,14	53,29	198	149
31	1	69,23	2,0	159	149
17	0	23,5	0,1	217	149
16	0	28,19	0,2	156	149
2	13	24,8	17,18	378	149
20	35	30,5	78,20	211	149
0	4	0,6	0,0	192	149
138	2	153,100	2,4	1056	149
93	2	119,69	2,4	985	149
66	15	61,47	9,0	152	149
6	0	3,3	2,0	198	149
6	9	16,6	6,4	1682	149
1	2	0,0	6,1	195	149
28	3	21,18	14,8	182	149
91	30	321,215	6,13	1018	149
23	2112	35,17	2200,1603	173	149
290	43	86,73	2,2	175	149
0	57	4,0	62,51	178	149
49	0	34,67	0,2	179	149
2	26	0,2	40,22	169	149
2	9	7,1	15,7	192	149
1	0	6,6	6,2	193	149
39	2	13,1	2,0	152	149
8	2	4,3	2,0	171	149
7	38	4,2	13,0	168	149
3	90	9,4	137,50	170	149
18	33	38,18	8,11	390	149
1	29	6,0	40,28	176	149
1	22	0,2	34,24	168	149
7	8	0,7	0,6	270	149
2	9	4,2	4,0	196	149
0	4	2,0	9,6	196	149
35	45	46,21	79,34	168	149
529	70	817,612	86,45	308	149
0	43	2,0	30,22	175	149
0	15	6,0	34,6	161	149
1	5	0,0	4,0	152	149
8	0	10,0	0,4	200	149
14	2	13,0	0,0	228	149
6	2	3,4	0,0	177	149
1	2	4,4	0,0	218	149
13	5	5,12	4,2	193	149
2	2	3,0	0,1	152	149
2	0	5,4	2,0	152	149
16	2	27,17	4,4	534	149
11	49	0,1	60,20	166	149
67	0	61,61	2,2	241	149
34	2	36,24	4,0	152	149
50	12	90,64	15,12	155	149
30	1	34,11	0,0	229	149
34	1	28,5	0,2	154	149
0	12	2,3	12,10	315	149
68	1	50,24	0,0	198	149
10	2	9,5	1,0	259	149
66	0	109,83	2,7	284	149
42	0	87,62	2,7	509	149
7	31	17,10	39,31	374	149
2	2	52,44	4,0	281	149
0	2	0,3	3,0	160	149
2	2	2,0	0,2	224	149
11	51	29,9	37,20	418	149
35	28	49,43	34,41	320	149
14	3	23,9	0,0	198	149
7	20	9,7	24,10	186	149
2	37	15,9	45,47	251	149
2	5	4,0	6,2	152	149
16	0	5,0	1,0	214	149
14	5	12,14	9,7	318	149
23	2	23,16	0,2	154	149
10	44	4,2	17,10	170	149
4	145	3,5	95,118	184	149
0	48	4,0	65,97	191	149
395	2	377,329	0,0	218	149
0	1	6,0	25,6	198	149
19	61	18,16	72,37	182	149
89	2	104,49	0,0	156	149
11	12	5,10	5,10	206	149
4	28	5,0	35,26	152	149
9	37	11,3	42,9	186	149
64	0	107,112	4,2	251	149
110	0	244,87	0,2	1045	149
3	35	6,2	47,43	173	149
1	2	6,2	4,0	173	149
7	8	3,2	4,2	152	149
3953	11	6277,3470	4,0	2027	149
774	21	1129,734	17,17	671	149
2980	21	5083,2932	17,17	1359	149
2210	4	3958,2207	4,9	837	149
139	0	118,118	0,1	470	149
674	0	1200,906	3,0	593	149
2	0	8,15	4,2	152	149
1	0	1,2	20,0	154	149
4	1	98,38	7,2	839	149
245	2	802,523	0,2	2666	149
0	1	0,2	0,0	177	149
4	0	12,2	3,0	154	149
158	3	86,30	2,2	188	149
16	4	20,7	0,4	221	149
55	5	66,20	4,1	155	149
8	0	6,6	2,0	192	149
20	1	16,3	0,0	210	149
26	3	24,29	3,0	538	149
13	232	12,0	156,98	154	149
4	9	0,0	20,5	185	149
61	4	12,5	0,0	191	149
1	10	0,0	12,2	162	149
0	15	7,11	17,31	167	149
0	3	0,2	2,11	198	149
33	2	53,29	0,0	1384	149
11884	49	90,105	0,2	205	149
5961	49	53,57	0,2	421	149
172	6095	3,1	40,49	365	149
0	64	0,3	123,91	209	149
4	0	2,2	0,4	152	149
2	7	2,0	0,0	185	149
19	13	11,6	5,0	170	149
54	13	112,61	30,11	152	149
4	3	0,0	3,0	153	149
164	0	195,159	3,0	154	149
110	0	174,81	2,0	208	149
0	3	0,3	0,0	152	149
18	63	27,26	47,49	179	149
5	3	0,0	4,4	207	149
17	0	41,24	2,0	207	149
3	1	18,16	33,6	345	149
6	6	17,14	17,6	152	149
3	0	5,0	1,0	248	149
8	4	2,10	0,0	464	149
0	2	4,10	2,0	182	149
1	17	2,4	28,9	271	149
49	0	16,14	0,2	168	149
45	25	20,6	10,7	164	149
4	15	27,11	44,19	188	149
44	14	127,56	15,16	360	149
55	14	144,64	15,16	321	149
5	35	30,15	83,36	202	149
123	0	126,49	6,2	321	149
39	2	43,26	5,5	193	149
6	16	0,3	10,6	170	149
6	140	0,0	76,60	165	149
8942	1	5567,3351	0,0	1405	149
14313	21	7691,4233	32,2	1405	149
21	60	32,46	52,27	572	149
65	8	98,58	12,2	190	149
19	291	27,18	669,350	174	149
290	45	728,252	237,91	185	149
4	112	0,6	27,29	152	149
3	1	3,6	45,14	223	149
2	1	28,6	2,0	223	149
2	4	1,0	0,0	169	149
8	9	10,0	14,4	152	149
8	104	6,5	94,87	179	149
298	930	20,15	41,23	168	149
3141	335	161,118	28,5	385	149
202	612	8,5	23,11	167	149
2162	2671	111,77	117,45	517	149
95	2	80,52	0,2	205	149
305	2	6,4	0,0	827	149
0	4	4,6	10,2	231	149
12	135	7,19	57,68	164	149
62	709	15,14	546,547	556	149
1111	2	812,766	0,0	547	149
31	2473	5,9	1395,897	176	149
3168	1	2055,1661	0,0	203	149
4226	7	2770,2457	7,0	260	149
1059	7	715,796	7,0	206	149
8	8	8,21	14,55	505	149
6	0	48,32	0,2	203	149
9	154	0,1	83,74	174	149
2	1	13,10	18,6	1250	149
245	0	654,336	0,2	154	149
6	46	8,2	106,30	192	149
12	2	12,7	2,0	174	149
520	2	330,197	1,0	293	149
270	0	217,122	2,0	248	149
137	12	102,34	6,7	152	149
137	9	215,122	6,3	152	149
1	4	2,1	0,0	187	149
2	54	0,1	33,27	173	149
0	58	1,1	28,20	171	149
3	67	0,0	37,24	172	149
9	4	7,5	0,0	178	149
0	5	3,0	0,0	169	149
4600	5	527,362	0,0	160	149
41	5	13,14	0,0	153	149
649	5	139,141	0,0	269	149
877	5	193,221	0,0	309	149
613	5	126,127	0,0	265	149
841	5	180,207	0,0	305	149
234	6	54,80	0,0	189	149
19749	2	3637,4240	0,0	3495	149
5743	5	963,842	0,2	152	149
220	3932	37,27	544,333	168	149
101	1	18,9	0,0	155	149
2286	21	354,222	1,0	184	149
4	37	22,7	33,24	227	149
8	2	31,49	0,2	153	149
1	0	1,0	0,1	255	149
1	0	1,0	0,1	249	149
1	0	1,0	0,1	224	149
1	0	1,0	0,1	208	149
6	131	16,12	241,110	244	149
24	0	16,6	5,0	153	149
109	0	142,71	0,2	386	149
0	2	0,2	0,8	165	149
103	2	149,110	0,1	1444	149
2	3	4,2	0,1	172	149
18	3	19,29	0,1	351	149
1	6	2,2	0,0	169	149
2	6	4,2	0,0	172	149
2	0	4,2	2,0	172	149
28	179	3,2	66,10	203	149
68	0	863,477	0,2	1341	149
0	5	2,1	3,0	152	149
5	2	5,2	0,0	152	149
13	0	4,17	0,2	244	149
28	0	18,11	0,1	153	149
14	15	45,43	10,12	1810	149
4	14	17,11	6,7	272	149
142	140	54,31	81,33	152	149
1	31	7,0	74,31	185	149
66	6	82,59	5,8	152	149
58	0	100,112	0,2	152	149
0	1	3,0	4,1	172	149
27	0	46,20	0,2	280	149
3	50	7,5	62,42	279	149
0	31	0,1	11,21	169	149
85	0	98,46	0,4	159	149
7	106	5,10	59,11	314	149
68	0	45,15	2,0	153	149
27	2	40,18	0,2	201	149
46	0	32,51	1,0	168	149
85	1	144,82	0,0	318	149
0	2	0,2	0,2	152	149
208	0	269,312	1,1	152	149
4	79	5,2	88,41	166	149
6	169	12,13	85,87	255	149
7	169	9,13	85,87	263	149
3	2	1,1	4,1	157	149
5	0	5,6	6,4	152	149
8	6	5,4	0,0	211	149
2	156	3,0	124,86	164	149
51	59	156,98	76,54	963	149
1	22	0,1	36,20	174	149
1	9	2,0	12,2	151	149
3	12	1,0	9,25	165	149
84	68	44,23	15,4	152	149
413	1	409,250	2,0	549	149
530	0	334,267	2,0	1127	149
346	1	356,180	0,0	378	149
3	24	0,4	51,18	163	149
18	2	44,43	0,4	305	149
21	0	42,51	4,2	261	149
12	0	11,17	1,0	189	149
26	26	3,0	2,0	220	149
21	10	1,0	1,0	220	149
0	6	8,2	4,2	183	149
63	0	99,116	0,1	159	149
57	6	105,69	4,2	1761	149
25	0	46,44	0,4	152	149
6	10	3,15	33,39	152	149
48	8	114,74	20,2	813	149
4	2	5,9	1,2	152	149
196	0	109,77	0,4	203	149
293	6	152,89	1,2	605	149
96	3	178,129	2,2	176	149
97	14	184,70	23,22	152	149
20	9	35,21	36,19	264	149
7	4	0,2	2,1	152	149
0	14	3,0	8,11	179	149
184	0	175,68	2,0	152	149
205	56	257,143	28,3	668	149
196	7	93,29	6,2	155	149
1	2	4,2	0,0	171	149
4	2	2,2	0,0	376	149
94	0	41,34	2,0	154	149
2	637	0,0	0,2	152	149
22	2	49,26	1,2	152	149
4	5	10,2	4,2	152	149
18	0	21,33	0,2	239	149
2	1	6,2	0,0	395	149
0	2	4,2	0,4	251	149
1	248	2,0	516,285	178	149
247	0	455,186	0,2	152	149
9	1	31,38	2,1	1341	149
74	2	75,48	0,0	153	149
33	6	74,20	26,7	924	149
57	50	53,22	23,9	1017	149
13	3	5,0	0,0	152	149
0	6	3,2	4,2	175	149
6	0	4,0	0,2	155	149
8	15	41,29	25,24	292	149
8	3	44,30	5,4	292	149
144	5	191,123	2,2	194	149
0	83	6,0	76,74	164	149
8	0	4,7	2,0	648	149
51	6	16,16	0,0	246	149
642	6	427,220	0,0	690	149
2962	0	1767,899	0,4	3034	149
29	0	60,55	0,4	270	149
1	0	13,3	2,0	226	149
1	6	2,0	18,5	236	149
1	6	2,0	18,5	240	149
1	6	2,0	18,5	251	149
2	6	4,4	0,1	373	149
29	0	223,148	0,2	3240	149
1	40	0,0	21,25	177	149
5	2	1,6	2,2	231	149
2	2	1,6	2,2	217	149
2	4	4,2	4,0	152	149
12	117	0,4	49,52	170	149
15	13	35,13	21,24	152	149
0	2	1,0	3,2	155	149
0	72	2,3	78,96	165	149
5	30	27,17	37,25	397	149
20	1	45,52	2,2	212	149
15	2	56,44	7,1	193	149
27	0	56,28	1,0	188	149
25	0	93,62	1,0	235	149
12	14	51,34	14,0	196	149
3	52	0,0	21,6	170	149
8	4	11,3	5,5	152	149
28	4	57,22	16,3	152	149
10	6	15,25	13,9	152	149
0	4	2,0	28,6	170	149
58	5	54,2	0,0	155	149
1	120	0,0	40,37	190	149
2	162	0,0	53,22	191	149
6	13	16,7	21,7	176	149
2	5	14,2	47,11	173	149
51	9	30,27	4,3	1890	149
8	5	18,10	5,4	152	149
43	26	20,11	50,49	169	149
101	26	49,52	50,49	200	149
61	3	32,41	3,0	180	149
46	225	24,13	206,188	169	149
162	225	87,80	206,188	200	149
122	6	70,69	7,2	180	149
2	0	16,6	23,4	1212	149
0	2	16,3	10,4	173	149
10	5	9,0	3,4	218	149
4	0	8,0	2,0	152	149
19	6	144,5	43,3	152	149
15	6	87,7	43,3	329	149
21	6	118,12	43,3	443	149
11	15	79,7	136,5	326	149
17	15	110,12	136,5	440	149
6	0	33,5	2,0	263	149
6	0	32,5	2,0	263	149
0	1	7,23	480,530	183	149
78	2	81,36	3,0	253	149
148	5	89,57	0,2	287	149
44	14	25,27	10,10	362	149
17	0	17,33	1,0	289	149
490	221	614,393	115,76	1494	149
502	12	619,393	8,2	1497	149
233	12	120,76	8,2	152	149
2	262	3,1	265,154	160	149
70	28	26,25	6,1	152	149
90	1	58,41	0,0	477	149
271	21	599,356	28,25	2559	149
36	3	55,38	4,5	155	149
21	2	54,31	0,4	230	149
21	21	52,35	26,30	230	149
8	2	12,7	4,7	152	149
3	0	3,6	0,2	227	149
0	1	2,0	0,0	179	149
21	2	4,6	2,0	153	149
104	2	56,29	2,0	209	149
0	16	5,3	32,11	152	149
62	2	159,99	0,3	1078	149
13	5	18,15	11,16	152	149
3	60	7,2	38,22	188	149
71	11	170,114	37,35	1491	149
21	2	31,18	3,2	152	149
18	0	18,5	4,0	166	149
1	4	0,0	17,15	162	149
2	31	4,2	40,29	168	149
0	9	5,4	11,4	180	149
23	1	19,13	2,0	310	149
32	1	25,13	2,0	279	149
236	31	21,27	3,8	152	149
13	2	20,27	0,2	154	149
0	11	0,6	17,0	155	149
20	3	40,30	5,4	152	149
3	4	16,12	7,2	152	149
0	2	2,0	2,0	253	149
32	2	92,52	4,6	1089	149
3	1	2,0	0,0	152	149
12	0	50,29	0,1	152	149
2	2	2,1	2,0	215	149
20	0	7,10	2,0	153	149
1	45	0,4	25,8	170	149
1	47	0,3	34,28	174	149
0	8	1,0	2,3	173	149
0	5	6,3	10,8	152	149
26	0	23,9	0,2	153	149
0	9	0,2	8,8	222	149
176	2	281,145	0,0	1483	149
2	0	3,1	0,2	154	149
13	62	6,20	71,108	173	149
10	4	6,15	5,4	173	149
45	17	31,34	4,5	1339	149
204	2	111,74	0,2	204	149
445003	12	2949,4728	0,2	154	149
5	2	11,2	1,0	152	149
6	32	5,3	20,6	188	149
80	7	47,25	6,1	154	149
241	0	642,592	0,2	158	149
8	0	10,12	1,0	152	149
12	0	16,24	1,0	155	149
232	0	456,275	1,0	212	149
161	0	358,226	1,0	155	149
1	68	1,0	130,100	170	149
2	2	0,3	0,2	152	149
8	0	0,4	0,2	164	149
3	0	0,8	0,3	323	149
14	0	25,21	0,2	176	149
8	12	28,10	29,21	277	149
0	6	2,0	0,0	154	149
12	0	44,20	2,0	227	149
52	0	46,30	2,0	165	149
11	0	11,8	0,2	296	149
17	8	16,10	7,12	296	149
113	13265	0,0	3,0	188	149
4	140	3,0	257,115	160	149
1	15	2,4	19,27	208	149
2	2	5,0	0,0	157	149
6	0	2,3	2,0	194	149
5	2	4,4	0,0	166	149
420	2	1044,814	2,8	488	149
8	2	17,24	0,0	174	149
16	0	39,9	4,0	202	149
23	282	15,0	103,26	430	149
85	6	93,33	4,6	153	149
6	2	1,11	0,0	153	149
0	2	1,6	0,21	160	149
24	0	42,26	4,11	167	149
0	4	3,0	44,15	164	149
4	0	79,15	0,2	214	149
7	5	3,5	0,2	295	149
7	5	6,5	0,2	301	149
161	2	122,54	4,6	191	149
44	0	36,15	2,2	191	149
12	2	1,0	0,0	154	149
42	5	30,19	3,4	165	149
0	73	1,0	43,18	174	149
58	18	83,70	5,1	498	149
8	2	7,2	0,0	182	149
2	21	0,0	14,23	180	149
1	0	10,0	18,4	177	149
31	16	78,37	15,15	152	149
84	0	176,48	4,0	153	149
76	1	208,66	0,1	155	149
315	3	197,124	1,2	177	149
72	3	46,34	1,2	267	149
4	247	8,2	159,92	239	149
7	0	3,0	4,0	152	149
2	20	0,0	11,27	211	149
1029	18	965,686	49,23	2028	149
167	21	173,78	16,7	188	149
12	10	2,13	2,1	202	149
12	0	2,13	0,2	209	149
10	0	2,1	0,2	156	149
77	0	26,11	1,0	228	149
30	15	23,0	5,2	152	149
3	29	0,0	2,3	244	149
0	2	6,0	0,0	164	149
339	1	205,95	0,0	228	149
51	750	50,21	534,260	242	149
166	2	241,154	0,0	203	149
98	5	74,71	0,2	228	149
6	8	20,8	20,14	191	149
9	15	12,8	28,17	203	149
13	0	29,13	2,3	180	149
0	64	2,0	82,79	173	149
32	85	28,14	91,54	483	149
0	1	3,0	8,0	159	149
1	3	7,1	8,1	159	149
1	0	2,0	0,1	152	149
5	5	11,0	38,14	152	149
3	0	33,8	7,0	203	149
15	0	12,18	0,1	1029	149
0	729	5,2	557,255	176	149
720	2	405,180	2,4	154	149
5	633	8,2	411,266	172	149
8	212	2,1	177,77	194	149
17	3	7,1	13,5	196	149
221	3	182,77	13,5	151	149
210	18	41,33	8,4	228	149
13	1697	10,19	824,645	203	149
0	2	0,2	6,4	154	149
2	0	12,10	0,2	152	149
13	1	18,11	0,0	153	149
80	20	122,234	14,21	677	149
53	0	47,38	1,0	172	149
7	1	6,3	1,0	356	149
14	1	11,4	1,0	612	149
28	36	9,10	30,26	152	149
1	19	3,0	40,24	179	149
41	2	54,37	7,15	177	149
0	10	3,0	14,24	369	149
1	18	11,12	10,14	184	149
828	4	323,327	0,2	2519	149
2	1	0,2	0,0	181	149
4	135	0,2	20,33	171	149
4	3	39,14	8,6	219	149
1	0	3,4	4,0	152	149
9	0	15,10	2,2	152	149
56	2	26,10	0,0	179	149
164	2	86,57	0,0	188	149
66	2	27,15	0,0	206	149
0	98	0,1	59,43	167	149
0	2	0,5	0,0	152	149
0	5	5,2	3,2	161	149
0	14	0,10	15,12	183	149
0	14	0,2	15,12	171	149
2	44	7,0	59,31	166	149
6	0	0,2	0,6	467	149
1	2	0,1	7,4	166	149
0	2	2,4	5,9	216	149
15	1289	6,8	676,512	180	149
33	0	82,49	2,0	1625	149
64	4	59,26	0,2	169	149
57	21	58,72	45,41	188	149
2	0	15,13	1,0	164	149
0	20	2,1	15,10	183	149
32	2	24,12	1,2	152	149
384	0	382,257	2,0	282	149
23	6	69,53	20,11	2476	149
25	2	69,53	0,1	2476	149
16	0	14,9	2,0	152	149
54	19	37,20	21,7	152	149
0	37	6,0	22,20	474	149
0	39	0,2	28,13	156	149
2	4	7,1	2,2	152	149
4	188	3,4	119,166	211	149
2	182	7,2	215,126	191	149
47	715	10,7	133,37	218	149
1021	2	181,178	0,0	153	149
56	9	126,53	10,4	179	149
1	1	0,4	2,1	170	149
6	2	11,14	0,0	676	149
9	1	2,4	0,0	368	149
9	1	2,4	0,0	188	149
37	33	5,13	4,10	344	149
805	7	233,564	2,4	154	149
41	1	51,33	14,1	152	149
101	0	159,73	2,1	265	149
53	0	87,75	0,2	251	149
2	0	6,10	0,2	152	149
0	2	2,0	9,8	184	149
0	3	2,2	6,11	152	149
485	5	422,264	3,2	222	149
37	4	17,5	0,0	154	149
32	2	16,5	0,0	154	149
404	9	50,27	2,0	154	149
0	6	17,10	22,8	247	149
3	10	2,2	13,4	155	149
0	55	1,0	53,38	171	149
0	39	2,4	39,38	180	149
164	4	336,159	7,0	1828	149
64	2	76,36	2,0	157	149
0	3	2,0	0,4	152	149
0	2	0,2	4,2	152	149
244	2527	36,61	250,356	310	149
78	15	61,50	24,17	943	149
15	4	7,13	0,0	391	149
42	12	45,8	22,21	152	149
83	5	115,37	31,6	169	149
2	4	2,0	17,8	445	149
2	4	2,0	17,8	421	149
0	1	2,2	6,4	330	149
0	1	2,2	6,4	288	149
0	7	3,9	26,19	190	149
2	0	2,14	0,4	186	149
15	4	64,52	0,0	153	149
2	0	7,4	0,2	468	149
12	88	21,22	78,50	158	149
8596	92	6057,2249	72,12	211	149
9	0	22,17	0,1	153	149
5	2	5,2	2,0	152	149
19	0	61,42	2,1	1714	149
11	13	11,23	14,15	287	149
19	2	11,28	0,0	318	149
21	2	14,20	0,0	180	149
14	9	15,11	12,5	193	149
0	2	0,1	0,0	180	149
18	0	10,11	9,6	223	149
4	2	2,8	0,0	152	149
1	6	2,2	0,4	543	149
0	92	7,0	73,57	185	149
0	46	3,4	33,15	212	149
140	8	8,100	0,0	155	149
803	2	276,213	0,0	215	149
4149	14	1370,855	0,0	215	149
390	2	837,463	0,0	7115	149
1	0	4,0	2,0	176	149
1	3	6,0	28,32	176	149
7	27	4,0	22,9	176	149
21	12	17,19	17,21	471	149
1	0	2,6	3,0	248	149
140	0	142,55	0,1	152	149
455	0	263,137	3,2	411	149
7	105	3,2	81,9	156	149
166	1	62,53	2,1	198	149
4	28	1,7	21,55	225	149
4	28	0,5	21,55	202	149
103	3	154,118	2,1	186	149
14	0	25,7	2,0	172	149
20	3	118,52	4,0	385	149
71	1	211,106	0,0	558	149
25	73	67,68	158,127	152	149
1	4	4,0	11,0	152	149
3	1	10,3	2,3	429	149
17	21	3,1	14,20	152	149
20	147	4,9	57,37	173	149
36	37	16,10	10,12	154	149
16	19	16,16	19,10	152	149
0	2	6,2	9,6	244	149
3	14	1,0	60,30	170	149
0	7	0,1	10,1	164	149
4	0	2,0	1,0	180	149
2	2	0,2	2,1	279	149
0	7	2,0	5,12	169	149
2	0	4,4	8,6	191	149
3	15	2,0	18,4	249	149
16	21	16,18	11,10	152	149
63	9	25,35	14,7	161	149
141	2	111,98	0,0	152	149
13	0	8,18	1,0	306	149
1	11	2,0	15,14	167	149
6	0	24,15	2,8	256	149
68	0	66,17	1,0	234	149
342	5	573,394	2,3	3690	149
1	6	0,2	3,11	172	149
0	2	1,0	0,0	162	149
255	2	298,126	3,0	195	149
1752	1113	1632,858	880,249	434	149
2780	1113	3984,2669	880,249	509	149
1884	856	2713,2092	361,281	224	149
0	91	5,3	109,76	168	149
50	0	34,42	0,3	157	149
3	38	4,6	31,36	258	149
49	4	36,31	7,2	164	149
13	72	9,15	23,16	263	149
12	4	7,15	0,0	263	149
121	4	72,80	0,0	794	149
72	134	86,147	67,33	303	149
2	77	0,0	41,39	165	149
195	0	94,84	4,2	380	149
167	1	117,78	0,0	536	149
42	4	33,31	7,2	428	149
0	60	0,1	28,43	176	149
0	11	0,1	20,10	152	149
31	0	20,25	3,0	197	149
2	2	0,0	1,2	191	149
13096	169	884,948	8,16	210	149
0	33	0,1	8,21	543	149
1647	0	3422,2975	3,0	236	149
34	0	27,40	4,0	152	149
0	19	9,4	49,20	350	149
9	0	2,9	1,0	221	149
15	2	8,8	1,0	244	149
10	0	44,23	2,2	174	149
10	148	35,16	216,103	176	149
18	2	5,2	0,0	204	149
10	0	40,48	2,0	2024	149
10	144	10,3	168,71	164	149
16	2	43,6	0,0	167	149
34	0	80,26	2,0	200	149
20	0	37,20	2,0	182	149
24	78	29,17	62,39	278	149
34	8	46,19	4,0	296	149
52	0	83,39	1,2	329	149
88	8	79,41	4,0	167	149
106	0	116,61	1,2	200	149
26	0	41,20	1,2	182	149
107	0	99,52	4,3	230	149
148	11	127,65	13,9	230	149
42	0	49,53	8,0	167	149
0	27	2,4	12,9	329	149
38	0	70,67	2,4	178	149
529	0	278,351	0,1	150	149
2	294	0,1	133,182	197	149
32	0	11,15	0,4	183	149
68	2	50,25	1,1	183	149
0	64	2,1	67,32	183	149
1	30	0,0	31,9	152	149
5	3	12,5	6,2	378	149
2	68	3,2	45,38	172	149
0	2	1,0	11,14	162	149
2	2	18,13	5,2	363	149
2	69	6,1	50,30	171	149
179	91	220,145	119,75	164	149
68	8	42,31	2,2	170	149
1	3	0,4	4,3	244	149
4	43	3,0	52,32	172	149
63	1	44,25	0,2	155	149
102	1	87,43	0,4	284	149
0	2	17,2	0,2	547	149
23	3	9,5	1,5	152	149
0	2	1,2	5,8	224	149
16	9	26,5	11,13	215	149
34	1	30,44	2,7	164	149
0	3	9,4	5,13	152	149
36	0	45,30	2,0	207	149
24	2	16,16	0,0	154	149
5	6	22,13	2,0	173	149
6	20	8,6	25,13	170	149
1	2	3,1	2,4	170	149
0	8	1,0	13,22	167	149
88	0	72,20	2,0	153	149
91	36	49,28	49,12	152	149
129	1	142,103	0,2	194	149
0	4	2,0	0,0	153	149
0	26	0,2	30,24	168	149
3	52	17,2	39,20	271	149
11	604	0,2	130,42	170	149
9	0	46,169	0,2	152	149
3	2	11,2	0,0	152	149
3	4	10,2	5,1	152	149
15	0	12,5	0,2	196	149
1	161	0,0	28,27	161	149
87	3	15,11	0,0	203	149
247	3	43,38	0,0	191	149
125	119	105,83	62,15	1807	149
13	3	11,13	5,0	152	149
3	32	4,0	21,15	153	149
0	32	0,2	21,15	170	149
0	3	0,2	4,0	166	149
4	34	15,6	37,35	186	149
24	0	47,44	0,4	200	149
1	2	0,0	6,2	280	149
0	24	0,1	21,23	186	149
43	0	23,37	5,0	154	149
5	108	0,1	63,80	185	149
4	0	4,3	2,0	2003	149
2	1	0,0	4,0	152	149
67	3	79,69	6,0	196	149
5	17	2,3	18,19	379	149
5	17	2,1	18,19	423	149
8	82	5,0	138,76	214	149
33	2	55,25	0,0	153	149
13	2	18,15	7,6	189	149
84	2	134,89	7,6	193	149
4	20	0,2	14,7	237	149
135	0	85,78	2,0	153	149
8	6	0,2	2,0	152	149
95	2	192,96	0,0	440	149
29	2	68,25	0,0	273	149
31	6	87,45	9,14	257	149
61	0	177,59	0,2	499	149
13	16	10,4	4,6	152	149
3	4	1,2	4,0	152	149
6	5	16,34	13,2	167	149
4	897	14,11	1536,554	161	149
534	2	895,290	2,0	161	149
97	260	139,132	370,112	1132	149
1	73	1,0	14,2	166	149
390	26	305,169	26,6	161	149
114	26	103,62	26,6	177	149
6	282	15,5	217,112	165	149
5	34	0,3	9,3	175	149
165	0	487,159	1,0	3744	149
9	2	5,4	0,0	168	149
89	4	84,31	3,3	265	149
89	99	20,8	11,3	173	149
85	3	54,49	0,0	483	149
9	2	30,0	2,2	152	149
0	19	5,0	11,8	176	149
2	10	5,10	1,10	154	149
5	6	2,0	0,0	187	149
43	26	139,73	56,8	152	149
24	65	58,24	98,78	182	149
7	65	14,8	98,78	218	149
1	18	2,2	46,18	185	149
32	0	97,82	0,2	2759	149
9	0	37,0	3,0	233	149
11	0	37,0	4,0	308	149
2	0	3,0	4,0	224	149
0	58	1,1	10,12	171	149
11	2	4,7	2,0	181	149
1581	1105	797,541	595,448	2914	149
1	1105	4,1	595,448	152	149
15	32	23,15	36,31	280	149
0	1	0,2	2,1	186	149
1	10	0,0	1,0	166	149
0	8	2,0	7,2	167	149
6	23	20,14	9,4	281	149
62	3	186,113	5,2	164	149
6	0	4,5	0,2	185	149
0	9	6,0	0,0	171	149
134	4	161,123	0,0	3244	149
0	16	2,5	11,5	237	149
0	4	0,6	2,14	170	149
2	2	3,15	0,0	224	149
6	2	5,23	0,0	203	149
2	0	6,10	2,2	217	149
4	6	4,0	0,0	152	149
4	1	4,0	0,0	156	149
0	2	0,4	0,0	170	149
67	1	146,87	2,3	1291	149
0	1	2,2	12,6	152	149
1	32	4,3	81,61	163	149
0	7	2,0	34,44	175	149
47	0	80,86	1,0	229	149
44	4	35,16	0,4	163	149
12	4	26,15	0,4	267	149
22	4	35,18	0,4	320	149
11	43	16,15	25,16	253	149
21	43	25,18	25,16	306	149
2	39	1,0	27,46	191	149
2	1	3,8	0,0	271	149
4	22	6,0	29,29	166	149
0	4	6,2	12,6	169	149
79	4	64,43	4,0	161	149
1	78	4,2	64,23	174	149
0	20	1,0	25,12	164	149
33	0	58,43	6,0	457	149
43	59	51,34	57,18	200	149
2	7	2,4	6,10	152	149
14	1	27,12	0,0	162	149
1	20	0,0	22,9	165	149
10	0	20,1	2,0	154	149
14	37	16,4	80,48	212	149
9	0	5,4	2,3	164	149
3	189	3,3	156,137	180	149
76	6	75,44	2,6	276	149
6	0	15,20	2,0	186	149
9	42	21,14	39,19	583	149
5	0	0,2	0,2	170	149
11	0	5,10	0,2	181	149
138	81	32,18	27,13	477	149
131	1	32,18	2,0	477	149
1	2	1,0	2,2	169	149
2	138	6,2	31,118	226	149
9	1426	0,3	166,258	236	149
400	6	52,72	0,0	176	149
6934	6	1361,1730	0,0	251	149
39	0	75,70	2,0	495	149
9247	191	437,379	51,55	311	149
5960	17	337,297	1,0	197	149
224	165	100,98	60,38	232	149
792	5	647,451	5,0	1409	149
3	14	13,1	41,29	187	149
4	0	7,3	2,0	208	149
7	0	27,20	2,0	381	149
1770	53	638,180	24,4	201	149
14	6	6,6	0,1	171	149
29	379	6,6	87,38	171	149
22	102	10,8	86,33	171	149
34	74	12,7	32,28	171	149
136	74	90,38	32,28	257	149
109	7	79,33	1,2	235	149
4	39	0,2	35,22	177	149
2	10	0,0	9,9	210	149
65	14	166,84	13,8	1479	149
5	19	1,2	43,22	188	149
16	3	17,9	5,0	152	149
13	1	25,2	3,0	152	149
33	2	67,49	7,4	152	149
24	0	34,20	10,0	306	149
964	4	16,80	0,0	207	149
59	52	112,59	98,59	152	149
99	47	213,99	111,69	152	149
7	4	26,14	11,2	192	149
47	1	19,21	0,0	195	149
5	10	21,0	35,13	220	149
160	2	165,107	2,0	204	149
101	0	184,64	1,0	203	149
8	6	18,11	4,0	209	149
7	6	16,9	4,0	212	149
2	3	2,0	4,2	152	149
70	0	71,61	0,2	1839	149
5	159	8,2	67,26	168	149
4	34	15,10	42,31	225	149
6	26	0,4	12,5	1591	149
18	4	9,2	0,2	152	149
0	2	13,8	4,2	721	149
33	210	39,21	160,97	152	149
163	0	103,114	1,0	228	149
78	24	61,33	57,33	152	149
15	6	19,4	7,0	152	149
2	0	9,0	2,0	152	149
9	10	17,1	4,2	152	149
4	2	0,4	4,0	154	149
31	5	16,18	0,2	152	149
0	49	7,6	55,40	189	149
69	0	49,16	2,0	213	149
65	1	30,12	0,0	229	149
6	3	13,11	14,6	378	149
12	36	2,9	58,116	271	149
1	1	4,3	4,5	251	149
3	28	0,1	9,12	153	149
33	4	29,9	16,6	183	149
61	0	102,40	6,0	301	149
24	2	44,30	0,0	155	149
0	32	2,4	38,25	175	149
4	8	5,0	9,1	246	149
25	521	26,4	261,195	239	149
5	196	4,8	336,65	180	149
257	1	509,271	2,0	2006	149
1	182	4,2	329,123	310	149
174	0	276,125	2,0	151	149
5	2	2,1	0,0	173	149
15	373	11,6	270,210	174	149
50	0	45,62	3,0	1569	149
8	557	18,7	517,370	175	149
31	0	67,28	0,2	179	149
580	0	566,391	0,2	153	149
72	0	30,43	2,0	437	149
64	0	20,27	2,0	341	149
64	0	20,27	2,0	287	149
64	0	20,27	2,0	261	149
6	1	14,22	0,0	170	149
21	0	33,22	0,2	152	149
7	9	13,7	9,3	196	149
0	41	10,10	62,48	343	149
5	78	3,2	66,28	177	149
76	37	85,58	30,23	174	149
31	1	37,26	0,0	150	149
5	4	10,22	6,12	152	149
67	0	103,24	1,0	153	149
25	5	38,9	0,0	329	149
242	7	153,90	6,0	184	149
5	13	10,0	15,6	225	149
5	0	19,4	0,2	323	149
0	23	4,0	27,12	167	149
14	0	18,19	4,0	335	149
13	9	21,10	8,5	315	149
78	3	93,30	5,2	173	149
1	70	3,2	64,34	166	149
1	9	0,0	6,15	160	149
142	3	182,89	5,2	152	149
39	14	44,38	16,15	158	149
60	5	67,11	15,24	190	149
34	5	61,96	4,6	223	149
0	3	1,0	2,4	166	149
80	2	87,51	2,10	152	149
32	33	15,6	38,20	152	149
30	6	20,13	0,0	153	149
12	0	15,10	3,0	153	149
23	39	30,18	49,18	161	149
91	2	87,36	6,6	153	149
107	73	191,79	67,33	1220	149
87	2	38,11	0,0	221	149
17	57	2,4	45,24	210	149
3	0	7,1	2,0	165	149
65	2	92,62	1,3	209	149
309	4	85,41	1,1	151	149
320	3	89,52	4,0	153	149
15	3	5,12	4,0	151	149
2	0	30,16	27,1	798	149
0	22	3,1	23,13	170	149
4	4	8,0	47,14	152	149
6	4	12,2	47,14	255	149
6	4	12,2	8,0	252	149
0	94	1,1	32,25	172	149
156	8	107,76	3,8	168	149
14	111	21,14	126,72	233	149
39	2	41,41	2,0	279	149
23	8	24,13	1,5	152	149
0	1	2,2	2,0	152	149
130	0	127,60	4,0	191	149
2	0	8,0	2,5	271	149
37	0	70,27	2,0	179	149
4	13	0,0	18,18	164	149
4	6	6,2	4,7	311	149
1	17	5,2	6,8	221	149
57	2	97,75	0,0	2949	149
23	57	19,27	26,8	161	149
0	15	8,4	13,11	608	149
8	10	7,7	3,5	170	149
79	1	45,7	0,0	153	149
92	0	66,31	2,0	175	149
3	1	0,1	0,0	174	149
8	28	0,0	13,20	160	149
1703	2	1760,1932	2,3	257	149
614	2	410,494	2,3	288	149
13	1102	8,9	1358,1447	180	149
25	115	4,2	42,36	152	149
545	2	1226,522	3,0	1020	149
8	1002	66,72	3353,4035	297	149
130	0	640,1032	2,0	171	149
24	1	34,79	0,4	152	149
21	96	86,32	133,69	374	149
5	96	24,19	133,69	212	149
4	0	70,37	4,0	205	149
251	0	245,90	1,0	3678	149
88	276	112,89	443,446	1364	149
25	41	20,66	28,34	161	149
192	15	149,150	2,6	152	149
410	73	384,449	65,139	152	149
0	19	0,6	44,17	174	149
48	0	22,22	1,0	194	149
0	1	1,2	0,0	169	149
26	4	31,41	8,1	284	149
190	1	150,72	0,0	154	149
0	4	2,1	6,16	276	149
1175	2	2379,1524	3,0	195	149
4	1293	3,2	1733,1802	169	149
10	1	14,12	16,7	172	149
1299	1	1744,1812	16,7	152	149
17	0	34,13	4,4	185	149
15	4	36,13	2,0	386	149
94	4	206,83	2,0	1113	149
79	0	172,70	2,0	876	149
13	31	19,7	29,27	152	149
94	1	100,67	4,0	221	149
4	0	8,6	3,0	245	149
10	6	17,0	12,2	152	149
53	0	88,58	3,0	289	149
3	32	1,1	24,8	163	149
30	0	23,13	0,2	204	149
59	0	46,20	0,2	190	149
14	2	8,3	2,0	223	149
13	0	8,8	2,0	820	149
5	40	3,1	11,16	169	149
79	1	57,30	2,0	230	149
660	2	647,869	0,0	1670	149
29	15	16,34	3,6	380	149
39	36	69,19	13,3	230	149
4	3	0,4	0,1	300	149
0	1	1,0	0,0	179	149
8	9	4,5	3,10	152	149
12	16	6,2	24,10	169	149
26	88	28,1	55,32	294	149
57	0	65,31	2,2	151	149
3	0	17,4	5,0	154	149
29	1	46,36	3,0	154	149
4	0	2,0	2,2	152	149
5	11	8,18	75,55	190	149
0	4	8,16	1,8	347	149
6	2	13,9	2,2	237	149
