IncLevel1	IncLevel2	IncLevelDifference
1.0	0.334,1.0	0.333
0.0	0.074,0.127	-0.101
0.005	0.024,0.01	-0.012
0.936	1.0,1.0	-0.064
0.0	1.0,1.0	-1.0
0.786	1.0,1.0	-0.214
0.054	0.176,0.0	-0.034
0.281	0.206,0.342	0.007
0.615	0.0,NA	0.615
0.0	NA,1.0	-1.0
0.0	1.0,0.0	-0.5
0.0	0.106,0.0	-0.053
0.155	1.0,1.0	-0.845
0.169	1.0,1.0	-0.831
0.31	0.038,0.144	0.219
0.107	0.08,0.0	0.067
0.71	0.457,1.0	-0.019
0.0	0.224,0.0	-0.112
0.685	0.635,0.448	0.144
0.087	0.0,0.0	0.087
0.69	1.0,1.0	-0.31
0.897	1.0,0.817	-0.011
1.0	0.368,0.538	0.547
0.946	0.968,1.0	-0.038
1.0	0.965,1.0	0.018
0.776	0.933,0.862	-0.121
0.0	0.214,0.312	-0.263
1.0	1.0,0.84	0.08
1.0	0.424,1.0	0.288
0.392	1.0,1.0	-0.608
0.4	0.521,0.533	-0.127
0.0	0.0,0.464	-0.232
0.282	0.14,1.0	-0.288
1.0	NA,0.0	1.0
0.0	1.0,0.15	-0.575
0.0	1.0,0.289	-0.644
0.0	0.032,0.024	-0.028
0.041	0.0,0.0	0.041
0.537	0.775,0.73	-0.215
1.0	0.96,1.0	0.02
1.0	NA,0.0	1.0
0.029	0.102,0.019	-0.032
0.139	0.154,0.089	0.018
0.02	0.083,0.0	-0.022
1.0	1.0,0.877	0.061
0.219	0.287,0.251	-0.05
0.797	0.541,0.746	0.154
0.0	0.012,0.0	-0.006
0.987	1.0,1.0	-0.013
0.473	NA,1.0	-0.527
0.347	0.0,0.123	0.285
0.508	0.482,0.284	0.125
0.567	0.583,0.688	-0.069
0.0	0.0,0.044	-0.022
0.93	1.0,1.0	-0.07
0.455	0.481,0.777	-0.174
0.341	0.419,0.633	-0.185
0.808	1.0,1.0	-0.192
0.495	0.495,0.662	-0.084
0.978	1.0,0.958	-0.001
0.44	1.0,1.0	-0.56
0.058	0.0,0.063	0.027
0.0	0.0,0.096	-0.048
0.897	1.0,1.0	-0.103
0.165	NA,1.0	-0.835
0.36	0.304,0.895	-0.24
0.0	0.0,0.105	-0.052
0.395	0.0,NA	0.395
0.149	0.208,0.0	0.045
0.178	0.342,0.206	-0.096
0.662	1.0,1.0	-0.338
0.788	0.746,0.534	0.148
0.017	0.0,0.063	-0.014
0.836	1.0,0.977	-0.152
0.645	0.723,0.575	-0.004
0.0	0.0,0.061	-0.03
0.0	0.456,0.705	-0.581
0.723	1.0,NA	-0.277
0.069	0.094,0.0	0.022
1.0	0.98,1.0	0.01
0.103	0.102,0.196	-0.046
0.784	0.806,0.752	0.005
0.961	0.987,0.938	-0.001
1.0	0.0,1.0	0.5
0.044	0.038,0.05	0.0
1.0	0.987,0.968	0.022
0.836	0.454,0.61	0.304
0.222	0.282,0.444	-0.141
0.0	1.0,0.25	-0.625
0.557	1.0,1.0	-0.443
0.286	0.0,0.0	0.286
0.091	0.145,0.08	-0.021
0.0	0.0,0.025	-0.013
0.167	0.026,0.155	0.077
1.0	0.964,0.967	0.034
0.939	1.0,1.0	-0.061
0.746	1.0,1.0	-0.254
0.555	1.0,NA	-0.445
1.0	1.0,0.401	0.299
1.0	0.472,1.0	0.264
0.0	0.019,0.0	-0.009
0.0	0.474,0.351	-0.412
0.012	0.0,0.035	-0.006
0.0	0.662,0.495	-0.579
0.017	0.0,0.0	0.017
0.044	0.253,0.074	-0.12
0.745	0.907,1.0	-0.209
1.0	1.0,0.953	0.024
1.0	0.924,1.0	0.038
0.323	0.212,0.294	0.07
0.498	0.598,1.0	-0.301
0.925	0.827,0.927	0.048
1.0	1.0,0.908	0.046
0.021	0.039,0.094	-0.045
0.866	0.892,1.0	-0.08
1.0	1.0,0.828	0.086
0.02	0.0,NA	0.02
0.14	0.065,0.16	0.028
0.754	0.605,0.907	-0.002
1.0	0.983,0.965	0.026
0.918	1.0,NA	-0.082
0.05	0.088,0.236	-0.112
0.495	0.495,1.0	-0.253
0.097	0.101,0.036	0.028
0.176	0.176,0.17	0.003
0.986	1.0,1.0	-0.014
0.976	0.979,1.0	-0.014
0.0	0.038,0.0	-0.019
0.015	0.0,0.153	-0.061
0.194	0.0,0.0	0.194
0.912	0.951,1.0	-0.064
0.884	1.0,1.0	-0.116
0.906	1.0,1.0	-0.094
0.0	0.178,0.0	-0.089
0.746	0.495,0.197	0.4
0.824	1.0,1.0	-0.176
0.954	1.0,1.0	-0.046
0.927	0.807,1.0	0.024
1.0	0.839,0.839	0.161
0.021	0.0,0.0	0.021
0.0	0.005,0.015	-0.01
0.99	0.992,0.998	-0.005
1.0	0.993,0.978	0.014
1.0	0.999,0.995	0.003
0.652	0.306,0.517	0.241
0.0	0.034,0.0	-0.017
0.976	1.0,1.0	-0.024
0.077	0.057,0.081	0.008
0.0	0.0,0.026	-0.013
0.953	1.0,1.0	-0.047
0.682	1.0,1.0	-0.318
0.036	0.025,0.033	0.007
1.0	0.99,0.972	0.019
1.0	0.995,1.0	0.002
0.414	0.03,0.235	0.281
0.179	0.0,0.0	0.179
0.986	0.995,1.0	-0.012
0.984	0.977,0.969	0.011
0.874	1.0,0.772	-0.012
0.984	1.0,1.0	-0.016
0.946	0.868,0.868	0.078
0.958	0.963,1.0	-0.024
1.0	1.0,0.492	0.254
1.0	NA,0.0	1.0
0.047	NA,1.0	-0.953
1.0	0.964,0.94	0.048
0.99	1.0,1.0	-0.01
0.967	1.0,1.0	-0.033
1.0	1.0,0.926	0.037
1.0	NA,0.0	1.0
1.0	0.815,NA	0.185
1.0	1.0,0.0	0.5
1.0	0.813,0.923	0.132
0.983	0.986,0.96	0.01
0.0	0.01,0.0	-0.005
1.0	1.0,0.898	0.051
0.476	0.0,0.0	0.476
0.105	0.239,0.071	-0.05
0.031	0.036,0.079	-0.026
0.946	1.0,1.0	-0.054
0.071	0.014,0.016	0.056
0.077	0.064,0.038	0.026
0.395	0.246,1.0	-0.228
1.0	1.0,0.946	0.027
1.0	0.0,1.0	0.5
1.0	0.987,1.0	0.006
1.0	0.822,1.0	0.089
1.0	0.972,0.898	0.065
1.0	0.914,1.0	0.043
0.0	0.0,0.177	-0.088
1.0	0.847,0.884	0.135
0.962	0.898,1.0	0.013
0.97	1.0,1.0	-0.03
0.98	1.0,0.977	-0.008
0.699	0.909,0.896	-0.204
0.901	0.848,1.0	-0.023
1.0	1.0,0.892	0.054
1.0	1.0,0.572	0.214
0.672	1.0,1.0	-0.328
1.0	0.922,0.551	0.263
0.092	0.087,0.123	-0.013
0.191	0.064,0.1	0.109
0.392	0.473,0.731	-0.21
0.349	0.656,0.834	-0.396
0.887	0.797,0.424	0.276
0.024	0.063,0.067	-0.041
1.0	1.0,0.808	0.096
0.35	1.0,1.0	-0.65
1.0	0.701,1.0	0.149
1.0	NA,0.0	1.0
0.383	0.081,0.327	0.179
0.009	0.0,0.0	0.009
1.0	0.94,0.776	0.142
0.94	1.0,1.0	-0.06
0.742	0.761,0.913	-0.095
1.0	1.0,0.772	0.114
0.0	0.051,0.0	-0.025
0.951	0.974,0.895	0.016
0.0	0.0,1.0	-0.5
1.0	0.955,1.0	0.022
0.0	0.0,0.453	-0.227
0.087	0.084,0.052	0.019
0.181	0.526,0.157	-0.161
0.0	0.354,0.152	-0.253
0.027	0.078,0.111	-0.068
1.0	0.727,1.0	0.137
0.605	0.935,1.0	-0.363
0.0	0.578,0.702	-0.64
1.0	1.0,0.956	0.022
1.0	0.329,1.0	0.336
0.316	0.0,0.188	0.222
0.913	0.977,1.0	-0.075
0.0	0.076,0.084	-0.08
0.0	1.0,NA	-1.0
0.038	0.372,1.0	-0.648
0.999	1.0,0.995	0.001
1.0	1.0,1.0	0.0
1.0	1.0,0.99	0.005
1.0	1.0,0.595	0.203
0.017	0.082,0.062	-0.055
1.0	0.857,0.834	0.155
0.0	0.039,0.091	-0.065
0.0	0.029,0.0	-0.015
1.0	0.987,1.0	0.006
0.356	0.272,0.177	0.131
0.0	0.076,0.088	-0.082
0.836	0.658,0.865	0.074
0.0	0.361,0.0	-0.18
0.038	0.021,0.049	0.003
1.0	0.982,1.0	0.009
0.0	0.018,0.0	-0.009
0.888	1.0,0.842	-0.033
0.943	0.801,0.901	0.092
0.691	1.0,1.0	-0.309
0.0	0.058,0.0	-0.029
0.955	0.96,0.945	0.003
0.662	NA,1.0	-0.338
0.06	0.157,0.229	-0.133
0.021	0.011,0.011	0.01
1.0	0.763,0.865	0.186
0.937	0.933,1.0	-0.029
0.989	0.953,0.981	0.022
1.0	0.994,1.0	0.003
0.964	0.967,0.961	0.0
0.046	0.034,0.02	0.019
0.316	NA,1.0	-0.684
0.71	0.595,0.702	0.061
0.0	0.01,0.0	-0.005
0.662	0.0,1.0	0.162
0.735	1.0,1.0	-0.265
0.417	0.0,0.193	0.321
0.549	1.0,1.0	-0.451
1.0	0.805,1.0	0.097
0.702	0.596,0.769	0.019
0.0	1.0,0.0	-0.5
1.0	0.911,1.0	0.044
0.0	0.0,0.021	-0.011
0.914	0.809,1.0	0.009
1.0	0.746,0.662	0.296
0.0	0.277,0.277	-0.277
0.956	1.0,1.0	-0.044
0.398	0.159,0.532	0.052
0.06	0.0,0.029	0.045
0.0	NA,0.404	-0.404
0.269	NA,1.0	-0.731
0.632	0.329,0.329	0.303
1.0	0.634,0.426	0.47
1.0	0.662,1.0	0.169
0.006	0.015,0.012	-0.007
0.0	0.225,0.127	-0.176
0.0	0.029,0.043	-0.036
1.0	1.0,0.767	0.117
0.844	1.0,1.0	-0.156
1.0	0.0,1.0	0.5
0.0	0.703,0.0	-0.351
0.0	0.0,0.199	-0.1
1.0	1.0,0.924	0.038
1.0	NA,0.774	0.226
0.217	1.0,1.0	-0.783
0.96	0.955,1.0	-0.018
0.962	0.965,0.909	0.025
0.163	0.701,0.148	-0.261
0.0	0.032,0.044	-0.038
0.797	0.983,1.0	-0.195
0.079	0.105,0.0	0.027
0.025	0.0,0.0	0.025
0.042	0.0,0.0	0.042
0.083	0.0,0.074	0.046
1.0	0.0,0.0	1.0
1.0	0.897,0.875	0.114
1.0	0.961,0.972	0.034
1.0	0.71,1.0	0.145
0.092	0.283,0.263	-0.181
0.034	0.035,0.035	-0.001
0.19	0.453,0.494	-0.284
0.0	0.045,0.103	-0.074
0.979	1.0,0.972	-0.007
0.776	NA,1.0	-0.224
0.568	0.0,0.247	0.444
0.902	1.0,0.892	-0.044
0.681	1.0,0.543	-0.091
0.0	0.112,0.0	-0.056
0.696	0.402,0.495	0.247
0.592	0.108,0.0	0.538
0.028	0.021,0.027	0.004
0.134	0.085,0.214	-0.015
1.0	0.78,0.625	0.297
0.0	0.098,0.494	-0.296
0.169	0.0,0.0	0.169
0.991	1.0,1.0	-0.009
0.528	1.0,0.416	-0.18
0.995	0.998,1.0	-0.004
0.552	0.442,0.798	-0.068
1.0	0.872,1.0	0.064
1.0	0.973,1.0	0.014
0.709	0.835,0.656	-0.037
0.728	0.734,0.653	0.034
0.964	0.94,1.0	-0.006
0.0	0.0,0.034	-0.017
0.401	0.34,0.414	0.024
0.016	0.018,0.01	0.002
0.129	0.0,0.613	-0.177
1.0	1.0,0.883	0.058
0.006	0.0,0.007	0.003
0.022	0.0,0.0	0.022
0.595	0.408,0.354	0.214
0.893	0.828,0.844	0.057
0.908	1.0,0.953	-0.068
0.026	0.079,0.083	-0.055
1.0	0.0,0.541	0.73
1.0	0.974,0.878	0.074
1.0	1.0,0.761	0.119
0.0	0.192,0.0	-0.096
1.0	0.829,0.795	0.188
0.612	0.652,0.541	0.015
1.0	0.915,0.898	0.093
0.658	0.561,0.894	-0.07
0.281	0.302,0.796	-0.268
0.0	0.662,0.329	-0.496
0.0	0.0,1.0	-0.5
0.275	1.0,0.487	-0.469
1.0	0.0,1.0	0.5
0.243	0.585,0.679	-0.389
0.215	0.828,0.0	-0.199
0.943	0.908,0.965	0.006
0.752	0.727,0.655	0.061
0.746	1.0,1.0	-0.254
0.065	0.135,0.126	-0.066
0.24	0.776,0.3	-0.298
0.289	0.808,0.307	-0.269
0.367	0.827,0.309	-0.201
1.0	1.0,0.644	0.178
1.0	1.0,0.724	0.138
0.771	0.83,0.62	0.046
0.906	0.81,0.862	0.07
0.04	0.054,0.024	0.001
1.0	1.0,0.939	0.03
0.942	1.0,1.0	-0.058
1.0	1.0,0.975	0.012
0.973	1.0,1.0	-0.027
0.788	1.0,1.0	-0.212
0.276	0.337,0.314	-0.049
0.109	0.182,0.035	0.001
0.0	NA,0.495	-0.495
0.0	0.124,0.0	-0.062
0.872	0.865,0.661	0.109
0.953	0.937,0.954	0.007
0.772	0.759,0.926	-0.071
0.216	0.683,0.315	-0.283
0.992	1.0,1.0	-0.008
0.04	0.034,0.038	0.004
0.971	0.966,0.964	0.006
1.0	0.16,0.091	0.875
1.0	0.133,0.151	0.858
0.0	0.226,0.095	-0.161
1.0	0.684,0.743	0.286
0.864	1.0,1.0	-0.136
0.548	0.377,0.132	0.294
1.0	0.99,1.0	0.005
0.323	0.218,0.369	0.03
0.0	0.738,0.19	-0.464
0.968	0.948,0.946	0.021
0.0	0.0,0.101	-0.051
0.984	0.976,0.947	0.022
0.118	0.0,0.0	0.118
0.036	0.161,0.236	-0.163
0.986	0.93,1.0	0.021
0.043	0.073,0.0	0.006
0.05	0.136,0.054	-0.045
0.791	1.0,0.581	0.001
0.54	0.581,0.424	0.038
0.966	1.0,0.82	0.056
0.961	1.0,0.851	0.035
0.933	0.946,0.949	-0.014
0.994	0.952,0.977	0.03
0.791	0.793,0.836	-0.023
0.085	0.0,0.0	0.085
0.007	0.157,0.068	-0.105
0.016	0.015,0.071	-0.027
0.069	0.162,0.15	-0.087
1.0	0.984,1.0	0.008
0.035	0.046,0.05	-0.013
0.0	0.049,0.0	-0.025
0.006	0.052,0.034	-0.037
0.014	0.06,0.019	-0.026
0.018	0.04,0.033	-0.019
0.089	0.12,0.0	0.029
1.0	0.945,1.0	0.028
0.0	0.103,0.0	-0.051
0.711	0.893,0.651	-0.061
0.797	0.723,0.595	0.138
0.043	0.029,0.092	-0.018
0.0	0.021,0.0	-0.011
0.803	0.662,0.558	0.193
0.928	1.0,1.0	-0.072
0.944	1.0,1.0	-0.056
0.756	0.93,1.0	-0.209
0.274	0.21,0.123	0.108
0.812	0.722,1.0	-0.049
1.0	0.304,NA	0.696
1.0	0.303,NA	0.697
0.015	0.058,0.08	-0.054
0.621	1.0,0.472	-0.115
0.316	1.0,0.604	-0.486
0.984	0.964,0.988	0.008
0.323	0.357,0.0	0.145
0.692	0.496,0.093	0.397
0.091	0.25,0.0	-0.034
0.076	0.186,0.114	-0.074
1.0	1.0,0.0	0.5
0.0	0.179,1.0	-0.59
1.0	0.401,1.0	0.299
0.466	0.0,NA	0.466
0.03	0.086,0.2	-0.113
0.984	1.0,1.0	-0.016
0.015	0.0,0.02	0.005
0.852	0.748,0.762	0.097
0.634	0.764,0.708	-0.102
0.0	0.017,0.0	-0.009
0.06	0.064,0.096	-0.02
0.051	0.06,0.093	-0.026
1.0	0.988,1.0	0.006
0.989	0.984,1.0	-0.003
0.828	NA,0.0	0.828
0.0	0.054,0.088	-0.071
0.247	0.218,0.154	0.061
0.926	0.898,0.861	0.047
0.913	0.778,1.0	0.024
0.414	0.261,0.795	-0.114
0.592	0.793,0.637	-0.123
0.887	0.774,0.873	0.064
0.207	0.685,0.198	-0.235
0.164	0.219,0.0	0.055
1.0	0.951,1.0	0.024
1.0	0.919,1.0	0.04
1.0	0.0,1.0	0.5
0.988	0.982,0.972	0.011
0.367	0.309,0.366	0.029
0.394	0.323,0.339	0.063
0.997	1.0,1.0	-0.003
0.206	1.0,NA	-0.794
1.0	1.0,0.929	0.035
0.732	0.865,0.657	-0.029
1.0	0.911,1.0	0.044
0.947	1.0,1.0	-0.053
0.01	0.04,0.017	-0.019
1.0	0.974,0.955	0.036
0.211	0.211,0.0	0.105
0.03	0.088,0.175	-0.102
0.796	1.0,1.0	-0.204
1.0	1.0,0.929	0.035
0.892	0.771,0.551	0.231
0.982	0.95,1.0	0.007
0.988	1.0,0.962	0.007
0.996	0.996,0.992	0.002
0.797	1.0,NA	-0.203
0.0	0.098,0.0	-0.049
0.567	0.787,0.746	-0.2
0.0	0.056,0.0	-0.028
0.367	0.534,0.567	-0.183
0.931	0.888,1.0	-0.013
0.469	0.699,0.464	-0.113
0.0	0.02,0.0	-0.01
1.0	0.929,0.911	0.08
0.14	0.688,0.581	-0.494
1.0	1.0,0.495	0.252
0.086	0.111,0.422	-0.181
0.973	1.0,1.0	-0.027
0.0	1.0,0.278	-0.639
0.998	1.0,0.998	-0.001
0.0	0.0,0.134	-0.067
1.0	0.0,0.077	0.962
1.0	0.0,NA	1.0
0.049	0.07,0.131	-0.052
0.017	0.01,0.023	0.001
0.754	0.654,0.697	0.079
0.135	0.165,0.292	-0.093
1.0	1.0,0.969	0.016
0.9	NA,1.0	-0.1
0.664	0.0,NA	0.664
0.024	0.0,0.0	0.024
0.185	0.0,0.076	0.147
0.041	0.061,0.067	-0.023
0.832	0.729,0.904	0.015
1.0	0.887,0.38	0.367
0.847	0.676,0.72	0.149
0.0	0.746,1.0	-0.873
0.878	1.0,1.0	-0.122
0.985	0.937,0.9	0.066
0.79	0.752,1.0	-0.086
0.117	0.481,0.198	-0.223
0.976	1.0,1.0	-0.024
0.413	NA,0.0	0.413
0.004	0.007,0.0	0.001
0.952	1.0,1.0	-0.048
0.878	0.616,0.965	0.088
0.0	0.192,0.0	-0.096
0.0	0.195,0.0	-0.098
0.073	0.0,0.031	0.057
0.555	0.42,0.248	0.221
1.0	0.963,0.935	0.051
1.0	1.0,0.936	0.032
0.0	0.0,0.129	-0.065
0.721	0.543,0.219	0.34
1.0	0.642,1.0	0.179
0.111	0.0,0.0	0.111
0.954	0.761,1.0	0.073
0.0	0.0,0.046	-0.023
0.074	0.233,0.252	-0.168
1.0	1.0,0.509	0.246
0.452	1.0,1.0	-0.548
0.115	0.0,0.0	0.115
0.763	0.585,0.763	0.089
0.0	0.317,0.597	-0.457
0.962	0.949,1.0	-0.012
0.188	0.128,0.223	0.013
0.811	0.807,0.624	0.096
0.952	0.895,0.914	0.047
0.768	0.765,0.568	0.102
0.947	0.883,0.911	0.05
0.942	0.855,0.92	0.054
0.422	0.508,0.401	-0.033
0.114	0.14,0.104	-0.008
0.281	0.194,0.279	0.045
0.713	0.821,0.737	-0.066
0.032	0.027,0.015	0.011
0.329	1.0,0.0	-0.171
0.089	0.0,0.089	0.044
0.0	0.0,0.204	-0.102
1.0	0.607,1.0	0.197
0.634	0.464,NA	0.17
0.141	0.205,0.0	0.038
0.0	0.218,0.136	-0.177
0.125	0.073,0.119	0.029
0.067	0.0,0.098	0.018
0.0	0.039,0.107	-0.073
0.051	0.155,0.187	-0.12
1.0	0.481,0.902	0.308
1.0	0.943,1.0	0.028
0.793	0.847,0.668	0.035
1.0	0.876,1.0	0.062
0.58	0.0,0.0	0.58
1.0	NA,0.315	0.685
0.115	0.22,0.0	0.005
0.922	1.0,0.595	0.125
0.972	0.969,1.0	-0.012
1.0	0.672,1.0	0.164
1.0	1.0,0.719	0.141
0.032	0.082,0.099	-0.058
0.0	0.014,0.0	-0.007
1.0	0.857,0.694	0.225
0.05	0.045,0.097	-0.021
1.0	1.0,0.978	0.011
0.038	0.15,0.086	-0.08
0.757	0.925,1.0	-0.206
0.337	0.357,0.464	-0.073
1.0	0.953,1.0	0.024
0.991	0.978,1.0	0.002
0.0	0.358,0.0	-0.179
0.0	0.076,0.0	-0.038
0.974	0.986,0.97	-0.004
1.0	0.992,0.994	0.007
0.021	0.033,0.055	-0.023
0.053	0.206,0.0	-0.05
0.0	0.0,0.082	-0.041
0.316	0.615,0.439	-0.211
0.124	0.071,0.038	0.07
0.44	0.578,0.685	-0.191
0.452	0.292,0.379	0.116
0.51	0.229,0.217	0.287
0.161	0.163,0.252	-0.047
0.708	0.921,1.0	-0.253
1.0	0.875,0.913	0.106
0.0	0.0,0.037	-0.018
0.0	0.081,0.2	-0.141
0.0	1.0,0.355	-0.677
0.665	0.146,0.411	0.387
0.324	0.342,0.38	-0.037
0.0	0.083,0.016	-0.05
0.0	0.0,0.016	-0.008
0.99	0.99,0.982	0.004
0.0	0.0,0.021	-0.011
0.026	0.242,0.503	-0.346
0.638	0.262,0.298	0.358
1.0	0.983,1.0	0.008
0.919	0.92,0.929	-0.006
0.14	0.605,0.602	-0.463
0.329	0.332,0.0	0.163
0.589	0.834,0.887	-0.272
0.175	0.321,0.408	-0.19
0.029	0.043,0.068	-0.026
0.79	0.734,0.828	0.009
0.326	0.273,0.446	-0.034
1.0	0.993,1.0	0.004
0.033	0.056,0.0	0.005
1.0	1.0,0.98	0.01
0.982	0.987,0.972	0.002
0.43	0.0,0.0	0.43
0.884	0.875,0.972	-0.039
0.132	0.195,0.144	-0.037
0.869	0.726,0.768	0.122
1.0	0.814,1.0	0.093
1.0	NA,0.0	1.0
0.499	0.481,0.457	0.03
0.0	0.0,1.0	-0.5
0.099	0.029,0.097	0.036
0.982	1.0,1.0	-0.018
0.858	1.0,1.0	-0.142
0.048	0.023,0.044	0.014
0.953	0.714,0.691	0.251
0.0	0.0,0.118	-0.059
0.847	0.787,0.581	0.163
0.873	1.0,0.898	-0.076
0.0	1.0,1.0	-1.0
0.768	1.0,1.0	-0.232
0.398	0.435,0.581	-0.11
0.19	0.269,0.815	-0.352
1.0	0.979,1.0	0.01
0.802	0.888,1.0	-0.142
0.004	0.006,0.005	-0.001
0.044	0.005,0.008	0.037
1.0	0.703,1.0	0.149
0.532	0.586,0.398	0.04
0.959	0.976,1.0	-0.029
0.0	0.03,0.232	-0.131
0.0	0.144,0.0	-0.072
0.068	0.093,0.163	-0.06
0.013	0.04,0.0	-0.007
1.0	0.991,1.0	0.004
0.0	0.452,0.0	-0.226
0.105	0.114,0.0	0.048
0.066	0.018,0.0	0.057
0.204	0.099,0.229	0.04
0.059	0.372,0.132	-0.193
0.237	0.287,0.145	0.021
0.094	0.015,0.049	0.062
0.942	0.764,0.62	0.25
0.797	0.726,1.0	-0.066
1.0	0.922,1.0	0.039
1.0	0.867,1.0	0.067
0.0	1.0,1.0	-1.0
0.089	NA,0.0	0.089
1.0	0.455,0.197	0.674
0.669	0.0,0.447	0.446
0.503	0.0,0.168	0.419
0.011	0.036,0.03	-0.022
1.0	0.639,NA	0.361
0.957	1.0,1.0	-0.043
0.956	0.906,0.868	0.069
0.586	0.402,0.073	0.348
0.96	0.936,0.85	0.067
0.598	1.0,0.903	-0.354
0.974	0.92,0.94	0.044
0.866	0.892,1.0	-0.08
0.007	0.0,0.0	0.007
1.0	1.0,0.476	0.262
0.0	0.0,0.094	-0.047
0.137	0.22,0.334	-0.14
0.0	0.102,0.052	-0.077
0.012	0.01,0.021	-0.003
0.757	1.0,0.749	-0.118
0.992	1.0,0.99	-0.003
1.0	0.991,1.0	0.004
1.0	0.975,1.0	0.012
0.022	0.011,0.011	0.011
0.99	0.986,0.986	0.004
0.997	0.996,0.996	0.001
1.0	0.492,1.0	0.254
0.246	0.495,0.563	-0.283
0.246	0.0,0.0	0.246
1.0	0.0,0.0	1.0
0.551	0.714,0.37	0.009
0.426	1.0,NA	-0.574
0.887	1.0,0.495	0.139
0.643	0.514,0.487	0.143
0.815	0.874,0.829	-0.036
0.709	0.867,0.836	-0.142
1.0	0.821,1.0	0.09
0.829	1.0,1.0	-0.171
1.0	0.9,0.835	0.133
0.0	0.608,0.162	-0.385
0.295	1.0,1.0	-0.705
0.0	0.023,0.0	-0.011
1.0	0.541,1.0	0.23
0.017	0.033,0.043	-0.021
0.014	0.004,0.019	0.003
1.0	0.855,0.959	0.093
1.0	1.0,0.205	0.397
0.961	0.991,0.97	-0.019
0.282	0.269,NA	0.013
0.662	0.329,1.0	-0.002
0.307	0.648,0.495	-0.265
0.064	0.118,0.062	-0.026
0.188	0.143,0.104	0.065
0.0	0.0,0.036	-0.018
0.018	0.007,0.009	0.01
0.997	1.0,1.0	-0.003
0.996	0.999,0.999	-0.003
0.0	0.16,0.056	-0.108
0.283	1.0,1.0	-0.717
0.643	1.0,1.0	-0.357
0.811	0.797,0.925	-0.05
1.0	0.771,0.692	0.268
0.97	0.991,1.0	-0.026
0.0	1.0,NA	-1.0
0.696	0.395,0.68	0.158
0.815	0.424,0.495	0.355
0.431	0.747,0.825	-0.355
0.982	0.976,0.95	0.019
0.774	1.0,1.0	-0.226
1.0	0.254,1.0	0.373
1.0	1.0,0.903	0.048
0.933	0.908,0.918	0.02
0.714	0.796,0.574	0.029
1.0	0.907,1.0	0.046
1.0	0.794,1.0	0.103
0.915	0.933,1.0	-0.051
0.125	0.053,0.17	0.013
1.0	0.961,1.0	0.02
1.0	1.0,0.329	0.336
0.991	0.976,1.0	0.003
1.0	0.905,1.0	0.047
0.937	0.94,0.953	-0.009
1.0	0.984,1.0	0.008
0.182	1.0,NA	-0.818
0.973	0.973,0.972	0.001
0.722	0.696,0.856	-0.054
0.289	0.41,0.404	-0.118
0.967	0.945,0.961	0.014
0.061	0.028,0.019	0.037
0.982	1.0,1.0	-0.018
0.964	0.672,0.789	0.233
0.579	0.368,0.357	0.216
0.991	0.975,0.895	0.056
0.023	0.089,0.073	-0.058
0.062	0.009,0.051	0.032
0.0	0.495,NA	-0.495
0.52	1.0,1.0	-0.48
0.197	0.0,0.329	0.033
1.0	0.592,NA	0.408
1.0	0.919,1.0	0.04
0.308	0.495,0.495	-0.187
0.884	0.855,1.0	-0.043
0.026	0.0,0.0	0.026
0.977	1.0,1.0	-0.023
0.741	0.896,0.774	-0.094
0.978	1.0,0.96	-0.002
0.768	1.0,0.901	-0.182
0.036	0.065,0.097	-0.045
0.898	0.955,1.0	-0.08
0.964	0.918,0.966	0.022
0.087	0.082,0.13	-0.019
0.04	0.131,0.234	-0.142
0.027	0.288,0.189	-0.211
0.173	1.0,0.44	-0.547
0.08	0.015,0.059	0.043
0.17	0.219,0.335	-0.107
0.976	0.874,0.905	0.087
0.998	0.984,0.973	0.02
0.948	0.949,0.877	0.035
0.995	0.995,1.0	-0.003
0.459	0.416,0.433	0.035
0.262	0.16,0.142	0.111
0.22	0.339,0.615	-0.257
0.894	1.0,1.0	-0.106
0.033	0.192,0.185	-0.155
0.917	0.927,0.953	-0.023
0.507	0.576,0.795	-0.178
0.329	0.515,0.533	-0.195
0.357	0.675,1.0	-0.481
0.014	0.015,0.026	-0.006
0.971	0.993,0.963	-0.007
1.0	0.802,0.889	0.154
0.013	0.004,0.002	0.01
0.825	0.967,0.901	-0.109
1.0	0.829,1.0	0.086
0.015	0.024,0.018	-0.006
0.956	0.892,0.941	0.039
0.987	0.966,0.984	0.012
0.998	0.993,1.0	0.002
0.004	0.02,0.026	-0.019
0.1	0.221,0.047	-0.034
0.797	0.738,0.849	0.004
0.89	0.936,0.847	-0.001
0.301	0.328,0.41	-0.068
1.0	0.841,1.0	0.08
0.0	0.0,1.0	-0.5
0.012	0.047,0.02	-0.022
0.94	1.0,1.0	-0.06
1.0	0.919,1.0	0.04
0.798	0.954,0.901	-0.129
0.105	0.059,0.089	0.031
0.506	0.431,0.788	-0.104
0.882	0.795,0.872	0.048
0.0	0.029,0.126	-0.077
0.889	1.0,1.0	-0.111
0.754	0.869,1.0	-0.18
0.079	0.177,0.124	-0.071
0.993	0.998,0.995	-0.003
0.865	0.936,0.961	-0.084
0.989	0.989,0.982	0.003
0.966	0.973,0.957	0.001
0.04	0.115,0.151	-0.093
0.076	0.056,0.076	0.01
0.698	1.0,1.0	-0.302
0.994	1.0,1.0	-0.006
0.133	0.072,0.087	0.054
0.0	0.613,1.0	-0.806
0.045	0.017,0.03	0.021
0.208	0.412,0.724	-0.36
0.0	0.267,0.0	-0.134
0.395	0.404,0.629	-0.121
1.0	0.98,1.0	0.01
0.377	0.265,0.377	0.056
0.433	0.281,0.237	0.174
1.0	1.0,0.907	0.046
0.037	0.208,0.042	-0.088
0.984	0.993,1.0	-0.012
1.0	0.946,1.0	0.027
0.964	0.974,1.0	-0.023
1.0	0.956,1.0	0.022
0.037	0.062,0.0	0.006
0.662	0.797,1.0	-0.237
0.0	0.025,0.079	-0.052
0.948	0.975,0.984	-0.032
0.0	0.447,1.0	-0.724
0.0	0.67,1.0	-0.835
1.0	0.894,0.826	0.14
0.0	1.0,1.0	-1.0
0.855	0.855,1.0	-0.073
0.085	0.0,0.052	0.059
1.0	0.864,0.732	0.202
1.0	0.495,1.0	0.252
0.315	0.0,0.0	0.315
0.929	1.0,1.0	-0.071
0.091	0.602,0.323	-0.372
0.01	0.094,0.0	-0.037
0.826	0.651,1.0	0.0
0.075	0.086,0.066	-0.001
0.908	1.0,0.809	0.003
0.11	0.137,0.0	0.041
1.0	0.553,1.0	0.224
1.0	0.698,1.0	0.151
0.0	1.0,1.0	-1.0
0.662	0.495,0.0	0.415
0.202	0.0,0.0	0.202
0.966	0.912,0.871	0.075
0.62	0.837,1.0	-0.298
0.983	0.985,1.0	-0.009
1.0	0.844,1.0	0.078
1.0	0.816,1.0	0.092
1.0	0.944,0.497	0.28
0.831	0.831,1.0	-0.085
0.373	0.253,0.388	0.052
0.038	0.037,0.081	-0.021
0.993	1.0,1.0	-0.007
0.638	0.797,1.0	-0.261
1.0	0.893,1.0	0.053
0.028	0.053,0.0	0.002
0.0	0.061,0.112	-0.086
0.467	0.619,NA	-0.152
1.0	0.506,0.0	0.747
0.672	0.732,1.0	-0.194
1.0	0.879,1.0	0.06
0.043	0.005,0.012	0.034
0.495	1.0,NA	-0.505
0.662	0.815,0.71	-0.1
0.054	0.0,0.0	0.054
0.595	0.564,0.469	0.079
0.322	0.132,0.157	0.177
0.873	0.932,0.844	-0.015
0.953	1.0,1.0	-0.047
0.143	0.07,0.068	0.074
0.604	0.604,0.113	0.245
0.01	0.0,0.0	0.01
0.743	0.802,0.733	-0.025
0.932	1.0,0.975	-0.055
1.0	0.992,1.0	0.004
0.937	0.948,0.904	0.011
0.171	1.0,1.0	-0.829
1.0	0.899,0.867	0.117
0.694	0.646,0.578	0.082
0.498	0.693,0.499	-0.098
0.986	1.0,1.0	-0.014
0.086	0.0,0.485	-0.157
1.0	0.83,1.0	0.085
0.205	0.766,0.775	-0.566
1.0	1.0,0.985	0.008
1.0	0.892,0.42	0.344
0.338	0.192,0.152	0.166
0.84	0.782,0.662	0.118
0.551	0.47,0.263	0.185
0.991	1.0,1.0	-0.009
0.989	0.948,1.0	0.015
0.988	1.0,1.0	-0.012
0.967	0.949,0.793	0.096
0.983	0.966,0.864	0.068
0.926	0.771,0.841	0.12
0.071	0.042,0.05	0.025
0.088	0.075,0.125	-0.012
0.985	0.979,1.0	-0.005
0.36	0.315,0.28	0.062
0.95	0.752,0.949	0.099
0.129	0.0,0.0	0.129
0.211	0.211,0.286	-0.038
0.716	0.457,NA	0.259
0.139	0.136,0.0	0.071
0.458	0.297,0.458	0.081
0.746	0.809,1.0	-0.159
0.95	0.969,0.922	0.004
0.0	NA,0.434	-0.434
0.009	0.053,0.027	-0.031
0.0	0.188,0.104	-0.146
0.193	0.431,0.137	-0.091
1.0	0.754,0.509	0.369
0.058	0.107,0.124	-0.057
0.275	0.236,0.246	0.034
0.033	0.04,0.049	-0.011
0.064	0.047,0.136	-0.027
0.968	0.926,0.945	0.032
0.956	1.0,1.0	-0.044
0.045	0.082,0.0	0.004
0.0	0.358,0.0	-0.179
0.951	0.972,1.0	-0.035
0.953	1.0,1.0	-0.047
0.146	0.0,NA	0.146
0.998	0.99,1.0	0.003
0.412	0.395,0.606	-0.088
1.0	1.0,0.946	0.027
0.514	0.649,0.45	-0.035
1.0	0.973,0.961	0.033
0.021	0.015,0.028	-0.0
0.998	0.992,0.973	0.016
0.796	0.847,1.0	-0.127
0.689	0.866,0.711	-0.1
0.942	0.961,1.0	-0.038
0.204	0.337,0.213	-0.071
1.0	0.863,1.0	0.069
0.409	0.409,NA	0.0
0.9	0.847,0.735	0.109
0.586	1.0,1.0	-0.414
0.117	0.018,0.034	0.091
0.0	0.0,0.011	-0.005
0.0	0.015,0.016	-0.015
0.0	0.539,0.0	-0.27
0.917	0.977,1.0	-0.071
0.373	0.0,0.0	0.373
0.0	NA,0.106	-0.106
0.303	0.0,0.0	0.303
0.733	0.713,1.0	-0.124
0.761	0.522,1.0	0.0
0.018	0.0,0.016	0.01
0.0	NA,0.203	-0.203
0.992	1.0,1.0	-0.008
0.018	0.027,0.087	-0.039
0.014	0.394,0.328	-0.347
0.973	1.0,1.0	-0.027
0.688	0.37,0.0	0.503
1.0	0.159,NA	0.841
0.495	0.164,1.0	-0.087
0.469	0.7,0.633	-0.198
0.0	0.0,0.452	-0.226
0.318	0.181,NA	0.137
0.0	0.349,0.177	-0.263
0.891	0.861,0.722	0.1
0.0	0.143,0.0	-0.071
0.076	0.26,0.0	-0.054
1.0	0.391,0.658	0.476
0.126	0.0,0.0	0.126
0.0	1.0,0.567	-0.783
0.027	0.046,0.0	0.004
1.0	1.0,1.0	0.0
1.0	1.0,1.0	0.0
0.033	0.011,0.055	0.0
0.06	0.639,0.0	-0.26
1.0	0.743,1.0	0.129
0.052	0.063,0.063	-0.011
1.0	NA,0.71	0.29
0.014	0.006,0.025	-0.001
0.171	0.18,0.0	0.081
1.0	0.0,0.0	1.0
1.0	0.74,1.0	0.13
0.087	1.0,0.087	-0.457
1.0	0.915,1.0	0.042
0.904	0.771,0.94	0.049
0.0	0.0,0.102	-0.051
1.0	0.983,1.0	0.008
0.983	1.0,0.875	0.045
0.037	NA,0.0	0.037
0.417	0.107,0.338	0.194
0.771	1.0,1.0	-0.229
1.0	0.987,1.0	0.006
0.98	1.0,1.0	-0.02
0.014	0.009,0.013	0.003
1.0	0.994,0.993	0.006
1.0	0.997,0.996	0.004
0.607	0.729,0.515	-0.015
0.0	0.038,0.068	-0.053
0.035	0.028,0.073	-0.015
0.308	0.0,0.0	0.308
0.0	0.162,0.148	-0.155
0.0	0.243,0.303	-0.273
0.0	0.188,0.0	-0.094
1.0	0.743,1.0	0.129
0.97	1.0,1.0	-0.03
1.0	0.0,0.46	0.77
0.03	0.048,0.094	-0.041
0.329	1.0,NA	-0.671
1.0	0.902,1.0	0.049
0.0	0.0,1.0	-0.5
0.0	1.0,0.329	-0.664
0.0	0.0,0.495	-0.247
0.95	1.0,0.95	-0.025
0.97	0.965,1.0	-0.012
0.655	1.0,1.0	-0.345
0.996	1.0,1.0	-0.004
0.973	1.0,1.0	-0.027
0.045	0.038,0.055	-0.002
0.831	NA,1.0	-0.169
0.055	0.049,0.092	-0.016
1.0	0.611,0.915	0.237
0.641	0.667,0.533	0.041
1.0	0.947,1.0	0.026
0.071	0.041,0.033	0.034
0.351	0.292,0.246	0.082
0.0	0.0,0.227	-0.114
0.607	0.699,0.385	0.065
0.944	0.975,1.0	-0.044
1.0	0.933,0.971	0.048
1.0	0.971,1.0	0.014
0.957	0.985,1.0	-0.035
0.983	1.0,1.0	-0.017
0.944	1.0,1.0	-0.056
0.0	0.018,0.004	-0.011
0.187	1.0,1.0	-0.813
0.188	1.0,1.0	-0.812
0.595	0.729,0.578	-0.058
0.909	1.0,1.0	-0.091
0.083	0.024,0.021	0.061
1.0	1.0,0.702	0.149
1.0	0.974,1.0	0.013
0.978	1.0,1.0	-0.022
0.279	0.36,0.611	-0.206
0.048	0.191,0.141	-0.118
0.08	0.069,0.061	0.015
1.0	0.795,0.798	0.204
0.798	0.775,0.935	-0.057
0.729	0.574,0.31	0.287
0.002	0.002,0.001	0.001
1.0	1.0,0.455	0.272
0.922	0.909,1.0	-0.032
0.791	0.715,0.768	0.049
1.0	NA,0.0	1.0
1.0	0.685,0.51	0.402
0.0	0.213,0.0	-0.106
1.0	0.0,1.0	0.5
1.0	1.0,0.0	0.5
1.0	1.0,0.122	0.439
0.019	0.035,0.0	0.001
0.019	0.034,0.029	-0.013
0.954	1.0,0.953	-0.022
0.966	0.927,0.941	0.032
1.0	0.963,1.0	0.018
0.906	0.856,0.98	-0.012
0.332	0.635,1.0	-0.485
0.809	1.0,1.0	-0.191
0.0	0.0,0.147	-0.073
1.0	0.84,1.0	0.08
0.972	0.981,0.988	-0.012
0.864	0.963,1.0	-0.118
1.0	0.896,1.0	0.052
1.0	0.62,1.0	0.19
0.812	0.716,0.45	0.229
0.746	0.329,1.0	0.082
0.985	0.936,1.0	0.017
0.022	0.116,0.143	-0.108
1.0	1.0,0.634	0.183
0.983	1.0,1.0	-0.017
0.618	0.829,1.0	-0.296
0.072	0.026,0.0	0.059
0.568	0.496,0.724	-0.042
0.924	1.0,1.0	-0.076
0.0	0.464,NA	-0.464
0.25	0.262,0.581	-0.171
1.0	0.958,1.0	0.021
0.246	0.457,0.0	0.017
1.0	0.746,1.0	0.127
0.495	0.595,1.0	-0.302
0.013	0.084,0.076	-0.067
0.476	0.377,0.185	0.195
1.0	0.791,1.0	0.105
0.042	0.0,0.0	0.042
0.631	0.229,0.0	0.516
1.0	0.824,1.0	0.088
0.958	0.815,0.662	0.22
0.88	0.797,0.495	0.234
0.085	0.189,0.183	-0.101
0.0	0.0,0.028	-0.014
0.0	0.206,0.0	-0.103
0.688	0.551,0.164	0.33
0.0	0.536,0.464	-0.5
0.0	0.207,0.37	-0.288
0.067	0.054,0.084	-0.002
0.204	0.283,0.0	0.062
0.152	0.287,0.195	-0.089
0.0	0.118,0.028	-0.073
0.004	0.011,0.013	-0.008
0.715	1.0,0.807	-0.189
1.0	0.551,NA	0.449
0.084	0.115,0.0	0.027
0.306	0.514,0.0	0.049
0.775	0.926,0.756	-0.066
1.0	1.0,0.855	0.073
0.0	0.105,0.0	-0.052
0.645	0.746,0.748	-0.102
0.097	0.36,0.385	-0.275
1.0	0.987,1.0	0.006
0.072	0.264,0.034	-0.077
0.179	0.0,0.0	0.179
1.0	1.0,0.776	0.112
1.0	0.661,1.0	0.169
0.0	0.197,NA	-0.197
1.0	0.815,1.0	0.093
1.0	0.986,1.0	0.007
0.662	0.683,0.548	0.046
0.88	0.71,0.469	0.291
0.485	0.32,NA	0.165
0.44	0.197,0.462	0.11
0.987	0.98,0.989	0.003
0.34	0.544,0.492	-0.178
0.402	0.623,0.598	-0.209
0.409	0.608,0.635	-0.212
0.975	0.985,0.991	-0.013
0.979	0.986,0.993	-0.011
1.0	0.998,1.0	0.001
0.106	0.063,0.145	0.002
0.025	0.024,0.032	-0.003
0.922	0.909,0.976	-0.02
0.887	1.0,0.774	0.0
0.0	0.181,0.0	-0.09
0.297	0.284,NA	0.013
1.0	0.831,0.595	0.287
0.0	0.035,0.0	-0.018
1.0	0.722,0.819	0.23
0.002	0.01,0.02	-0.013
0.0	0.173,0.0	-0.086
0.984	0.981,0.991	-0.002
0.0	0.0,1.0	-0.5
0.679	1.0,NA	-0.321
0.851	0.869,1.0	-0.084
0.92	1.0,0.873	-0.016
0.805	0.859,0.822	-0.035
0.171	0.0,0.008	0.167
0.073	0.081,0.282	-0.108
0.0	0.149,0.149	-0.149
0.802	0.823,0.728	0.027
0.61	0.54,0.183	0.248
1.0	1.0,0.885	0.057
1.0	1.0,0.915	0.042
0.042	0.459,0.0	-0.188
1.0	0.852,0.645	0.252
0.951	0.89,0.938	0.037
1.0	0.707,1.0	0.147
0.048	0.138,0.252	-0.147
0.0	0.182,0.0	-0.091
0.696	0.873,0.766	-0.124
0.863	1.0,1.0	-0.137
0.838	0.928,0.838	-0.045
0.83	0.93,0.747	-0.009
0.814	0.52,0.646	0.231
0.235	0.0,0.0	0.235
0.549	0.596,0.49	0.006
0.951	0.951,1.0	-0.025
0.062	0.069,0.032	0.011
0.659	0.876,1.0	-0.279
0.102	0.379,0.218	-0.197
0.0	0.16,0.087	-0.123
0.0	0.245,0.494	-0.369
0.406	0.459,0.126	0.114
0.206	0.0,1.0	-0.294
0.0	0.035,0.069	-0.052
0.88	0.815,0.329	0.308
0.0	0.024,0.0	-0.012
0.0	0.089,0.0	-0.044
1.0	1.0,0.774	0.113
0.0	0.145,0.205	-0.175
0.984	1.0,1.0	-0.016
0.609	0.73,0.703	-0.107
0.993	1.0,1.0	-0.007
0.557	0.391,1.0	-0.138
0.134	0.08,0.0	0.094
0.0	NA,0.156	-0.156
0.847	0.71,1.0	-0.008
0.0	0.522,0.29	-0.406
0.894	1.0,0.826	-0.019
1.0	1.0,0.0	0.5
0.044	0.165,0.198	-0.138
0.01	0.022,0.0	-0.001
1.0	0.739,1.0	0.131
0.451	0.403,0.388	0.055
1.0	0.692,1.0	0.154
0.987	1.0,1.0	-0.013
0.003	0.035,0.015	-0.022
0.7	0.777,1.0	-0.189
0.012	0.014,0.014	-0.002
0.357	0.187,0.226	0.15
0.0	0.077,0.0	-0.038
0.979	0.96,0.903	0.047
0.009	0.013,0.0	0.002
0.0	0.014,0.042	-0.028
0.0	0.588,1.0	-0.794
0.818	0.955,1.0	-0.16
0.991	1.0,1.0	-0.009
0.271	0.0,0.0	0.271
0.969	0.933,0.724	0.14
0.97	0.935,0.73	0.137
0.018	0.06,0.101	-0.062
0.0	0.0,0.065	-0.033
0.723	0.667,0.694	0.042
0.023	0.02,0.062	-0.018
1.0	0.0,1.0	0.5
0.4	0.357,0.533	-0.045
0.809	0.975,0.96	-0.158
0.866	0.818,0.79	0.062
0.113	0.18,0.047	-0.0
0.0	0.0,0.045	-0.022
0.855	0.961,0.947	-0.099
0.0	0.02,0.0	-0.01
1.0	0.943,0.905	0.076
0.107	0.191,0.196	-0.087
0.04	0.091,0.06	-0.035
0.353	0.437,0.376	-0.053
0.0	0.016,0.0	-0.008
0.183	1.0,NA	-0.817
0.993	0.969,1.0	0.009
0.71	0.395,1.0	0.012
0.993	0.986,1.0	0.0
0.985	0.995,1.0	-0.013
0.031	0.06,0.045	-0.021
0.0	0.132,0.084	-0.108
0.322	0.76,0.284	-0.2
0.365	0.44,0.409	-0.059
0.326	0.388,0.33	-0.033
0.0	0.541,0.0	-0.271
0.551	0.457,0.766	-0.06
1.0	0.438,1.0	0.281
0.434	0.219,0.401	0.124
0.844	0.898,0.0	0.395
0.903	0.922,1.0	-0.058
0.712	0.902,0.717	-0.098
0.962	0.936,0.949	0.019
1.0	0.965,1.0	0.018
0.999	1.0,1.0	-0.001
0.0	0.0,0.069	-0.035
0.0	0.231,0.076	-0.153
1.0	0.864,1.0	0.068
0.71	1.0,1.0	-0.29
1.0	0.728,1.0	0.136
1.0	0.915,1.0	0.042
0.978	0.955,1.0	0.0
0.995	1.0,1.0	-0.005
0.887	1.0,1.0	-0.113
1.0	1.0,0.934	0.033
0.977	0.907,1.0	0.023
1.0	0.756,0.437	0.403
0.921	1.0,1.0	-0.079
0.322	0.363,0.275	0.003
0.329	0.495,0.14	0.012
0.567	0.6,0.642	-0.054
0.179	0.159,0.0	0.099
0.0	0.0,1.0	-0.5
0.0	0.0,1.0	-0.5
0.981	0.981,0.984	-0.001
0.475	0.685,0.42	-0.078
0.783	1.0,0.153	0.207
0.801	1.0,1.0	-0.199
0.087	0.048,0.141	-0.008
0.137	0.05,0.052	0.086
0.013	0.132,0.105	-0.105
0.0	0.0,0.132	-0.066
1.0	0.883,0.683	0.217
0.654	0.602,0.519	0.094
0.206	0.15,0.0	0.131
0.849	0.979,0.843	-0.062
1.0	0.832,1.0	0.084
0.914	1.0,1.0	-0.086
0.203	0.169,0.338	-0.05
1.0	NA,0.711	0.289
0.107	0.088,0.253	-0.063
0.0	0.0,0.096	-0.048
0.797	0.0,0.329	0.633
0.933	1.0,0.781	0.042
1.0	1.0,0.844	0.078
0.627	0.609,0.632	0.006
0.296	0.387,0.887	-0.341
0.47	NA,1.0	-0.53
0.592	0.822,1.0	-0.319
0.887	0.671,0.433	0.335
0.98	0.97,0.975	0.008
0.738	0.7,0.936	-0.08
0.021	0.041,0.094	-0.046
1.0	1.0,0.921	0.039
0.691	0.806,1.0	-0.212
1.0	0.915,0.746	0.169
0.0	0.102,0.49	-0.296
0.232	0.043,0.495	-0.037
0.876	0.718,0.872	0.081
0.986	1.0,1.0	-0.014
1.0	1.0,0.599	0.201
0.298	1.0,1.0	-0.702
0.0	0.0,1.0	-0.5
0.999	1.0,0.998	0.0
1.0	1.0,0.937	0.031
0.712	0.331,0.303	0.395
1.0	0.894,1.0	0.053
1.0	0.907,1.0	0.046
1.0	0.884,1.0	0.058
0.803	0.631,0.547	0.214
0.079	0.088,0.138	-0.034
1.0	1.0,0.955	0.022
0.089	0.0,0.021	0.079
0.0	0.0,0.037	-0.018
0.245	1.0,1.0	-0.755
0.082	0.203,0.194	-0.117
1.0	0.978,0.97	0.026
1.0	0.975,1.0	0.012
0.003	0.009,0.007	-0.005
0.087	0.147,0.215	-0.094
0.569	1.0,NA	-0.431
0.024	0.323,0.219	-0.247
0.0	0.0,0.142	-0.071
0.0	0.524,0.0	-0.262
0.855	0.495,0.269	0.473
1.0	0.453,1.0	0.273
0.042	0.09,0.038	-0.022
0.0	0.151,0.273	-0.212
1.0	0.788,0.839	0.186
0.95	1.0,1.0	-0.05
0.0	0.419,0.0	-0.209
0.14	0.28,0.28	-0.14
0.037	0.0,1.0	-0.463
0.045	0.0,NA	0.045
0.032	0.05,0.083	-0.035
0.035	0.032,0.092	-0.027
0.914	0.994,0.987	-0.076
0.058	0.0,0.171	-0.028
0.864	1.0,1.0	-0.136
1.0	0.742,0.904	0.177
0.543	0.677,0.343	0.033
0.056	0.075,0.0	0.019
0.041	0.0,0.09	-0.004
0.566	0.643,0.723	-0.117
0.73	0.8,0.856	-0.098
0.839	0.691,0.723	0.132
1.0	1.0,0.968	0.016
0.199	0.398,0.336	-0.168
0.0	0.176,0.0	-0.088
0.81	1.0,1.0	-0.19
0.511	0.463,0.444	0.057
1.0	1.0,0.629	0.185
0.163	0.237,0.284	-0.097
0.922	0.866,0.932	0.023
0.093	0.379,0.372	-0.282
0.839	1.0,0.834	-0.078
1.0	1.0,0.49	0.255
0.069	0.174,0.351	-0.193
0.746	0.696,1.0	-0.102
1.0	1.0,0.445	0.277
1.0	0.684,0.758	0.279
0.896	0.972,1.0	-0.09
0.481	1.0,1.0	-0.519
0.0	0.23,0.176	-0.203
1.0	0.948,0.971	0.04
0.055	0.162,0.0	-0.026
0.436	1.0,0.303	-0.215
1.0	0.952,1.0	0.024
0.004	0.003,0.005	0.0
0.954	0.632,0.702	0.287
0.08	0.046,0.254	-0.07
0.055	0.0,0.0	0.055
0.939	1.0,1.0	-0.061
0.595	1.0,1.0	-0.405
0.0	0.222,0.16	-0.191
1.0	0.927,1.0	0.036
0.0	0.0,0.066	-0.033
0.495	0.495,0.424	0.035
0.0	0.197,0.329	-0.263
0.495	NA,1.0	-0.505
0.746	1.0,0.0	0.246
1.0	0.101,NA	0.899
1.0	0.939,1.0	0.03
0.985	1.0,1.0	-0.015
0.049	0.007,0.029	0.031
0.746	0.735,1.0	-0.121
1.0	0.905,1.0	0.047
0.424	0.37,0.37	0.054
0.0	0.495,1.0	-0.748
0.057	0.044,0.284	-0.107
1.0	0.863,1.0	0.069
1.0	1.0,0.907	0.046
0.0	1.0,NA	-1.0
0.058	0.076,0.199	-0.08
1.0	0.803,1.0	0.099
0.0	0.0,0.183	-0.091
1.0	0.935,1.0	0.032
0.007	0.004,0.0	0.005
1.0	NA,0.0	1.0
1.0	NA,0.0	1.0
1.0	NA,0.0	1.0
1.0	NA,0.0	1.0
0.809	0.922,0.919	-0.112
0.638	0.342,0.3	0.317
0.906	0.882,1.0	-0.035
0.121	0.075,0.063	0.052
0.242	0.29,0.224	-0.015
1.0	0.913,1.0	0.043
0.136	0.065,0.073	0.067
0.783	0.882,0.81	-0.063
1.0	0.0,0.0	1.0
1.0	0.871,1.0	0.065
1.0	1.0,0.98	0.01
0.363	0.402,0.384	-0.03
0.781	0.818,0.783	-0.019
1.0	1.0,0.989	0.006
1.0	1.0,0.995	0.002
0.028	0.039,0.028	-0.006
0.864	1.0,0.774	-0.023
0.919	1.0,0.881	-0.021
0.684	0.842,0.727	-0.1
0.984	1.0,1.0	-0.016
0.972	1.0,0.874	0.035
0.485	1.0,1.0	-0.515
0.0	0.318,0.0	-0.159
0.019	0.083,0.157	-0.101
0.386	0.0,0.047	0.362
0.662	1.0,1.0	-0.338
0.499	0.427,0.269	0.151
0.058	0.0,0.0	0.058
0.951	0.873,1.0	0.014
1.0	1.0,0.825	0.088
1.0	1.0,0.751	0.125
1.0	0.495,0.94	0.282
1.0	1.0,0.795	0.103
0.009	0.05,0.113	-0.073
0.932	0.907,0.854	0.051
0.876	1.0,1.0	-0.124
0.011	0.088,0.041	-0.054
0.0	0.0,0.03	-0.015
0.0	0.181,0.0	-0.09
0.083	0.035,0.09	0.021
1.0	1.0,0.495	0.252
0.887	0.495,0.844	0.218
0.723	0.721,0.706	0.009
0.061	0.057,0.034	0.015
1.0	0.899,1.0	0.05
0.0	0.062,0.018	-0.04
0.812	0.764,0.762	0.049
1.0	1.0,0.969	0.016
0.722	0.696,0.753	-0.002
0.011	0.0,0.035	-0.007
0.122	0.017,0.204	0.012
0.943	0.925,0.961	-0.0
0.0	0.043,0.054	-0.049
0.0	0.039,0.073	-0.056
0.236	0.346,0.188	-0.031
0.288	0.0,0.312	0.132
0.567	0.0,0.662	0.236
1.0	1.0,0.995	0.002
0.855	0.88,1.0	-0.085
1.0	1.0,0.662	0.169
0.578	1.0,NA	-0.422
1.0	0.747,1.0	0.127
0.0	0.227,0.424	-0.326
1.0	1.0,0.922	0.039
0.222	0.576,0.526	-0.329
1.0	1.0,0.774	0.113
1.0	1.0,0.631	0.184
0.0	0.0,0.05	-0.025
0.847	0.641,0.814	0.119
1.0	0.943,1.0	0.028
0.054	0.0,0.192	-0.042
0.0	0.133,0.0	-0.067
1.0	1.0,0.957	0.022
1.0	0.0,1.0	0.5
0.038	0.586,0.419	-0.464
1.0	0.966,1.0	0.017
1.0	0.884,NA	0.116
0.0	0.196,0.0	-0.098
0.906	1.0,1.0	-0.094
0.0	0.076,0.0	-0.038
0.738	0.676,0.746	0.027
0.224	0.472,0.534	-0.279
0.198	0.321,0.125	-0.025
1.0	0.873,1.0	0.064
1.0	1.0,0.964	0.018
1.0	0.993,1.0	0.004
0.136	0.081,0.076	0.058
0.38	0.282,0.14	0.169
0.284	0.472,0.373	-0.139
0.992	1.0,1.0	-0.008
0.0	NA,1.0	-1.0
0.0	0.238,0.384	-0.311
0.834	0.821,0.495	0.176
0.81	0.832,0.71	0.039
1.0	1.0,0.958	0.021
0.0	0.02,0.0	-0.01
1.0	0.0,0.331	0.835
0.057	0.04,0.039	0.018
0.228	0.128,1.0	-0.336
0.989	1.0,0.984	-0.003
0.95	0.967,1.0	-0.034
0.915	1.0,0.912	-0.041
0.105	0.226,0.149	-0.083
0.035	0.0,0.057	0.007
0.633	0.0,1.0	0.133
0.979	0.949,1.0	0.005
0.013	0.06,0.021	-0.028
0.174	0.023,0.054	0.135
0.117	0.219,0.164	-0.074
0.424	0.92,0.77	-0.421
0.0	0.088,0.072	-0.08
0.086	0.122,0.064	-0.007
0.056	0.043,0.385	-0.158
0.263	0.0,1.0	-0.237
0.49	0.322,0.427	0.115
0.825	0.84,0.833	-0.012
0.943	1.0,1.0	-0.057
0.04	0.049,0.044	-0.006
0.707	0.709,0.77	-0.033
0.0	0.0,0.129	-0.065
0.919	1.0,0.952	-0.057
0.598	0.598,1.0	-0.201
0.595	0.647,1.0	-0.229
0.495	0.662,0.329	-0.001
0.925	0.874,1.0	-0.012
0.021	0.247,0.271	-0.238
0.935	0.972,0.953	-0.027
0.939	1.0,1.0	-0.061
0.944	1.0,0.956	-0.034
0.641	0.026,0.182	0.537
0.03	0.09,0.125	-0.077
0.0	0.038,0.0	-0.019
1.0	0.871,0.898	0.115
0.985	0.975,1.0	-0.003
1.0	0.815,0.868	0.159
1.0	0.965,1.0	0.018
1.0	0.946,1.0	0.027
1.0	0.839,1.0	0.081
0.034	0.02,0.034	0.007
0.0	0.071,0.0	-0.035
0.997	0.991,0.996	0.003
0.233	0.346,0.426	-0.153
0.311	0.173,0.362	0.044
0.972	1.0,1.0	-0.028
0.0	0.013,0.0	-0.006
0.0	0.0,1.0	-0.5
0.107	0.228,0.147	-0.081
0.094	0.233,0.201	-0.123
0.585	0.602,0.919	-0.175
0.458	0.846,0.604	-0.267
1.0	0.925,1.0	0.037
0.467	NA,1.0	-0.533
1.0	0.0,1.0	0.5
0.746	0.62,0.907	-0.018
0.983	0.942,1.0	0.012
0.902	1.0,1.0	-0.098
0.37	0.0,NA	0.37
0.188	NA,1.0	-0.812
0.0	0.138,0.109	-0.123
0.996	0.976,0.993	0.012
0.361	0.297,0.717	-0.146
0.251	0.336,0.365	-0.1
0.283	0.111,0.101	0.177
0.006	0.005,0.0	0.004
0.25	0.079,0.0	0.21
0.05	0.145,0.01	-0.027
0.56	0.538,0.515	0.034
0.501	0.488,0.478	0.018
0.851	0.845,0.347	0.255
1.0	1.0,0.745	0.127
0.0	0.0,0.058	-0.029
0.215	0.308,0.372	-0.125
0.189	0.379,0.66	-0.331
0.0	0.07,0.0	-0.035
0.293	0.342,0.202	0.021
0.0	1.0,NA	-1.0
0.38	0.495,0.797	-0.266
1.0	0.895,1.0	0.052
0.176	0.301,0.246	-0.097
0.944	1.0,1.0	-0.056
0.118	0.0,0.0	0.118
0.807	0.924,0.945	-0.127
0.39	0.0,NA	0.39
0.629	1.0,1.0	-0.371
0.474	1.0,NA	-0.526
0.772	1.0,NA	-0.228
0.942	0.973,1.0	-0.044
0.364	0.169,0.661	-0.051
0.0	0.04,0.042	-0.041
0.524	0.423,1.0	-0.188
1.0	1.0,0.0	0.5
0.739	0.85,1.0	-0.186
0.0	0.495,0.495	-0.495
0.708	1.0,1.0	-0.292
0.31	1.0,1.0	-0.69
0.156	0.176,0.51	-0.187
0.306	0.414,NA	-0.108
0.0	0.045,0.026	-0.035
0.181	0.275,0.181	-0.047
0.193	0.0,NA	0.193
0.149	0.385,0.0	-0.044
0.197	0.547,0.0	-0.077
0.583	0.638,0.44	0.044
0.0	0.005,0.0	-0.003
0.0	0.496,0.568	-0.532
0.0	0.02,0.0	-0.01
0.945	1.0,1.0	-0.055
0.03	0.068,0.108	-0.058
0.466	0.228,0.284	0.21
0.077	0.069,0.041	0.022
0.967	0.941,1.0	-0.003
1.0	0.994,1.0	0.003
0.998	0.996,0.985	0.008
0.97	0.967,0.916	0.028
1.0	0.975,1.0	0.012
1.0	0.999,1.0	0.0
0.065	0.0,0.05	0.04
1.0	1.0,0.938	0.031
0.99	1.0,1.0	-0.01
0.014	0.031,0.021	-0.012
0.0	0.246,1.0	-0.623
0.0	0.0,0.142	-0.071
0.002	0.002,0.003	-0.001
0.0	0.023,0.0	-0.011
0.275	1.0,0.695	-0.572
0.813	0.828,0.656	0.071
1.0	1.0,0.991	0.004
0.998	0.994,1.0	0.001
0.974	0.965,0.974	0.004
0.999	1.0,1.0	-0.001
1.0	0.745,0.624	0.316
0.495	1.0,1.0	-0.505
1.0	0.774,0.0	0.613
0.976	0.975,0.951	0.013
0.048	0.081,0.039	-0.012
1.0	0.936,0.898	0.083
0.916	1.0,NA	-0.084
1.0	0.989,1.0	0.006
0.073	0.141,0.129	-0.062
1.0	0.95,0.973	0.038
1.0	0.403,0.0	0.798
1.0	0.0,0.329	0.836
0.184	0.302,0.215	-0.075
0.0	0.057,0.054	-0.056
0.216	0.099,0.068	0.133
0.996	1.0,1.0	-0.004
0.053	0.102,0.095	-0.046
0.334	0.33,0.434	-0.048
0.166	0.178,0.364	-0.105
1.0	0.0,0.0	1.0
0.84	0.887,0.652	0.07
1.0	0.991,1.0	0.004
0.428	0.483,0.529	-0.078
0.048	0.128,0.194	-0.113
0.058	0.14,0.213	-0.118
0.993	1.0,1.0	-0.007
0.0	0.0,0.337	-0.169
0.317	0.378,0.588	-0.166
0.992	1.0,1.0	-0.008
1.0	0.996,1.0	0.002
0.048	0.03,0.07	-0.002
0.76	0.748,0.773	-0.0
0.383	0.358,0.382	0.013
0.579	0.531,0.442	0.092
1.0	0.915,0.917	0.084
1.0	1.0,0.36	0.32
0.541	NA,0.541	0.0
0.761	0.642,0.79	0.045
0.884	0.811,0.904	0.026
0.915	1.0,1.0	-0.085
1.0	0.921,0.949	0.065
1.0	0.926,0.961	0.056
0.911	0.56,0.651	0.305
0.918	0.913,1.0	-0.038
0.094	0.197,0.081	-0.045
0.075	0.195,0.111	-0.078
0.557	0.611,1.0	-0.248
0.978	1.0,0.863	0.046
1.0	0.852,1.0	0.074
1.0	1.0,0.931	0.034
1.0	0.993,1.0	0.004
0.0	1.0,NA	-1.0
0.017	0.006,0.0	0.014
0.878	0.903,1.0	-0.074
0.271	0.444,0.186	-0.044
0.024	0.048,0.0	0.0
0.023	0.042,0.0	0.002
0.023	0.041,0.084	-0.04
0.019	0.0,0.023	0.007
0.0	0.145,0.13	-0.138
0.0	0.277,0.204	-0.24
0.057	0.02,0.0	0.047
0.0	0.211,0.056	-0.134
1.0	0.96,1.0	0.02
0.618	0.858,0.868	-0.245
0.0	0.053,0.0	-0.026
1.0	0.981,0.987	0.016
1.0	0.659,1.0	0.17
1.0	0.973,1.0	0.014
0.0	0.203,0.0	-0.102
0.161	0.239,0.054	0.015
0.09	0.0,0.275	-0.048
0.951	1.0,0.932	-0.015
0.976	0.985,1.0	-0.016
0.915	0.945,1.0	-0.057
0.193	0.067,0.3	0.01
0.845	1.0,0.921	-0.116
0.989	1.0,1.0	-0.011
1.0	0.917,1.0	0.041
0.213	NA,0.0	0.213
1.0	0.944,0.968	0.044
0.025	0.13,0.101	-0.09
0.049	0.24,0.177	-0.159
0.018	0.042,0.018	-0.012
0.027	0.174,0.142	-0.131
0.104	0.109,0.105	-0.003
0.976	1.0,0.961	-0.004
0.467	0.305,0.533	0.048
1.0	0.0,1.0	0.5
1.0	0.871,1.0	0.065
0.741	1.0,1.0	-0.259
0.0	0.357,0.289	-0.323
0.027	0.0,0.0	0.027
0.026	0.028,0.036	-0.006
0.495	NA,1.0	-0.505
0.303	0.495,0.45	-0.17
0.079	0.071,0.181	-0.047
0.28	0.373,0.293	-0.053
1.0	1.0,0.926	0.037
0.873	0.776,0.899	0.035
0.995	1.0,1.0	-0.005
0.0	0.0,0.185	-0.092
0.064	0.141,0.0	-0.006
0.758	0.879,0.829	-0.096
0.178	0.177,0.192	-0.007
0.563	0.751,0.763	-0.194
0.0	0.395,1.0	-0.698
0.797	0.74,0.606	0.124
0.0	0.23,0.0	-0.115
0.847	0.719,1.0	-0.012
1.0	1.0,0.914	0.043
0.117	0.0,0.0	0.117
1.0	0.608,0.492	0.45
0.863	0.859,0.979	-0.056
1.0	0.994,1.0	0.003
0.0	0.259,0.282	-0.27
0.0	0.649,1.0	-0.825
0.812	0.413,0.358	0.427
0.018	0.08,0.156	-0.1
0.732	0.933,0.931	-0.2
1.0	0.412,1.0	0.294
0.045	0.047,0.0	0.021
1.0	0.692,0.716	0.296
0.061	0.042,0.018	0.031
0.007	0.0,0.003	0.005
0.141	0.252,0.235	-0.103
0.105	0.094,0.216	-0.05
0.0	0.012,0.048	-0.03
0.412	0.45,0.42	-0.023
0.088	0.048,0.0	0.064
0.925	1.0,1.0	-0.075
1.0	1.0,0.8	0.1
0.94	0.936,0.95	-0.003
0.95	1.0,1.0	-0.05
0.0	0.019,0.0	-0.009
1.0	0.662,1.0	0.169
0.353	0.282,0.0	0.212
1.0	0.698,1.0	0.151
1.0	0.164,0.0	0.918
0.696	0.533,1.0	-0.071
0.696	0.203,0.234	0.477
0.968	1.0,1.0	-0.032
0.0	0.063,0.0	-0.032
0.0	0.335,0.274	-0.304
1.0	0.329,1.0	0.336
0.51	0.615,0.811	-0.203
0.618	0.562,0.475	0.1
0.985	1.0,1.0	-0.015
1.0	0.884,1.0	0.058
1.0	1.0,0.849	0.076
0.934	1.0,1.0	-0.066
0.797	1.0,0.567	0.014
0.0	0.024,0.0	-0.012
0.0	0.047,0.0	-0.024
0.07	0.201,0.158	-0.109
1.0	1.0,0.98	0.01
0.0	0.433,0.0	-0.216
1.0	0.797,0.863	0.17
0.975	0.854,1.0	0.048
0.312	NA,0.0	0.312
0.051	0.215,0.21	-0.162
0.808	0.695,0.757	0.082
0.0	0.0,1.0	-0.5
0.837	0.638,0.647	0.194
0.836	0.837,0.863	-0.014
0.809	1.0,1.0	-0.191
0.774	0.329,0.495	0.362
1.0	0.718,0.718	0.282
1.0	NA,0.461	0.539
0.016	0.019,0.018	-0.002
0.467	0.0,0.0	0.467
0.0	0.054,0.179	-0.116
0.979	0.99,1.0	-0.016
0.962	1.0,1.0	-0.038
0.932	1.0,1.0	-0.068
0.772	0.662,0.62	0.131
0.944	0.902,1.0	-0.007
0.0	0.05,0.104	-0.077
0.907	0.763,0.62	0.216
1.0	0.798,0.605	0.298
1.0	0.883,1.0	0.058
0.47	0.85,1.0	-0.455
0.506	0.662,0.415	-0.032
0.65	0.798,0.36	0.071
0.704	0.76,0.426	0.111
0.031	0.057,0.0	0.002
0.075	0.0,0.0	0.075
0.0	0.07,0.0	-0.035
1.0	0.0,0.0	1.0
0.0	0.0,0.085	-0.043
1.0	0.853,0.744	0.202
1.0	0.884,1.0	0.058
0.91	0.906,0.976	-0.031
0.957	1.0,1.0	-0.043
0.705	0.843,0.615	-0.024
0.705	1.0,1.0	-0.295
0.164	0.464,0.512	-0.324
0.868	1.0,1.0	-0.132
0.284	1.0,1.0	-0.716
0.823	0.943,0.915	-0.106
1.0	0.829,1.0	0.086
1.0	0.39,0.277	0.666
0.031	0.065,1.0	-0.501
1.0	0.888,1.0	0.056
1.0	0.915,1.0	0.042
1.0	1.0,1.0	0.0
0.994	0.957,1.0	0.016
0.042	0.04,0.0	0.022
0.982	1.0,1.0	-0.018
0.461	0.6,1.0	-0.339
0.003	0.019,0.007	-0.01
1.0	0.629,1.0	0.185
0.97	0.97,0.975	-0.002
0.719	1.0,0.943	-0.253
1.0	1.0,0.774	0.113
0.774	0.898,0.769	-0.059
0.0	0.009,0.023	-0.016
1.0	1.0,0.877	0.061
1.0	1.0,0.973	0.014
0.688	NA,1.0	-0.312
0.949	0.911,0.953	0.017
0.327	0.365,0.428	-0.069
0.292	0.292,0.0	0.146
0.013	0.073,0.166	-0.106
0.367	0.458,1.0	-0.362
0.868	0.793,0.825	0.059
0.545	0.647,0.531	-0.044
0.215	0.316,0.175	-0.03
0.057	0.086,0.086	-0.029
0.946	0.958,0.968	-0.017
0.033	0.041,0.007	0.009
0.878	0.957,0.959	-0.08
1.0	0.967,1.0	0.016
0.06	0.085,0.0	0.017
0.251	0.327,0.545	-0.185
0.908	0.932,0.797	0.043
0.808	0.719,0.925	-0.014
0.797	0.606,0.92	0.034
0.979	1.0,1.0	-0.021
0.936	1.0,1.0	-0.064
0.234	0.153,0.109	0.103
0.744	0.421,0.363	0.352
0.114	0.246,0.272	-0.145
1.0	0.0,1.0	0.5
0.095	0.062,0.09	0.019
1.0	0.958,1.0	0.021
1.0	0.997,1.0	0.002
0.934	1.0,1.0	-0.066
1.0	1.0,0.912	0.044
1.0	1.0,0.692	0.154
0.0	NA,0.375	-0.375
0.852	0.744,0.839	0.06
1.0	0.959,1.0	0.02
1.0	0.46,1.0	0.27
0.898	1.0,NA	-0.102
0.0	0.089,0.051	-0.07
0.927	0.95,1.0	-0.048
0.085	0.114,0.092	-0.018
0.202	0.345,0.088	-0.014
0.791	0.917,1.0	-0.167
0.0	0.0,0.014	-0.007
1.0	1.0,0.917	0.041
0.173	0.354,0.262	-0.135
0.943	0.931,1.0	-0.023
0.556	1.0,0.709	-0.298
0.353	0.467,0.448	-0.105
0.725	0.631,0.655	0.082
0.197	1.0,1.0	-0.803
0.0	0.0,0.157	-0.079
0.0	0.074,0.333	-0.204
0.267	0.352,0.395	-0.106
1.0	1.0,0.971	0.014
0.329	0.282,0.538	-0.081
0.955	1.0,0.864	0.023
0.844	0.934,1.0	-0.123
1.0	0.93,1.0	0.035
0.542	0.612,0.612	-0.07
0.251	0.218,0.056	0.114
1.0	0.868,1.0	0.066
0.1	0.157,0.123	-0.04
0.165	0.212,0.481	-0.181
1.0	0.925,1.0	0.037
0.0	0.239,0.072	-0.155
1.0	0.861,0.831	0.154
0.0	0.0,0.196	-0.098
0.907	0.71,0.718	0.193
0.952	1.0,1.0	-0.048
0.0	0.395,0.551	-0.473
0.949	1.0,0.844	0.027
0.123	0.0,0.115	0.066
0.961	1.0,1.0	-0.039
0.495	0.528,0.473	-0.005
0.987	1.0,1.0	-0.013
0.542	0.0,0.283	0.401
1.0	0.27,1.0	0.365
1.0	0.685,1.0	0.157
0.71	1.0,1.0	-0.29
0.695	0.877,1.0	-0.244
0.335	0.33,0.478	-0.069
0.375	0.231,0.167	0.176
0.981	0.958,1.0	0.002
0.53	0.483,0.257	0.16
1.0	1.0,0.969	0.016
0.315	1.0,NA	-0.685
0.857	1.0,1.0	-0.143
0.744	0.685,1.0	-0.099
0.0	0.0,0.01	-0.005
0.275	0.159,0.194	0.099
0.152	NA,0.364	-0.212
0.329	NA,0.0	0.329
1.0	1.0,0.886	0.057
0.943	1.0,0.945	-0.029
1.0	0.312,1.0	0.344
0.038	0.08,0.485	-0.244
0.0	0.2,0.072	-0.136
1.0	0.959,1.0	0.02
0.03	0.034,0.052	-0.013
1.0	1.0,0.983	0.008
0.962	0.95,0.877	0.048
0.0	NA,0.469	-0.469
1.0	0.937,1.0	0.031
1.0	0.823,0.684	0.246
1.0	0.85,0.75	0.2
1.0	0.857,1.0	0.072
1.0	0.933,1.0	0.033
1.0	NA,0.0	1.0
0.355	1.0,1.0	-0.645
0.106	0.028,0.037	0.073
1.0	0.996,1.0	0.002
1.0	0.588,1.0	0.206
0.029	0.074,0.0	-0.008
1.0	0.831,1.0	0.085
0.919	0.95,0.962	-0.037
1.0	0.0,NA	1.0
0.061	0.265,0.095	-0.119
1.0	1.0,0.0	0.5
1.0	0.88,0.814	0.153
0.129	NA,1.0	-0.871
0.053	0.0,0.295	-0.095
0.848	0.88,1.0	-0.092
0.06	0.098,0.084	-0.031
0.86	0.82,0.881	0.009
0.457	0.089,0.424	0.201
0.662	0.329,0.567	0.214
0.968	0.928,0.93	0.039
0.0	0.243,0.339	-0.291
1.0	0.794,1.0	0.103
1.0	0.831,0.686	0.242
0.14	1.0,1.0	-0.86
0.017	0.041,0.036	-0.021
0.0	0.0,1.0	-0.5
0.23	0.096,0.069	0.148
0.019	0.044,0.011	-0.008
0.963	1.0,1.0	-0.037
0.078	0.044,0.026	0.043
1.0	1.0,0.891	0.054
0.329	0.595,NA	-0.266
0.666	0.799,0.636	-0.051
1.0	0.662,0.844	0.247
1.0	1.0,0.325	0.338
1.0	1.0,0.916	0.042
0.173	0.167,0.146	0.016
1.0	1.0,0.978	0.011
1.0	1.0,0.986	0.007
0.779	0.0,NA	0.779
0.926	0.956,0.974	-0.039
0.501	0.662,0.77	-0.215
0.138	0.107,0.12	0.025
0.196	0.13,0.203	0.029
0.469	0.424,0.469	0.022
0.735	0.0,NA	0.735
0.127	0.239,0.106	-0.045
0.119	0.14,0.144	-0.023
0.383	0.309,0.419	0.019
0.703	0.814,0.773	-0.091
1.0	0.0,0.0	1.0
0.0	0.064,0.279	-0.172
0.0	0.054,0.0	-0.027
0.021	0.0,0.0	0.021
0.49	1.0,1.0	-0.51
0.0	0.331,0.467	-0.399
0.952	1.0,0.662	0.121
0.098	0.073,0.0	0.062
0.807	0.756,0.917	-0.029
0.931	1.0,1.0	-0.069
0.0	0.005,0.01	-0.007
0.0	0.01,0.0	-0.005
0.015	0.005,0.005	0.01
0.005	0.015,0.007	-0.006
0.004	0.014,0.006	-0.006
0.012	0.025,0.017	-0.009
0.183	0.152,0.096	0.059
0.182	0.164,0.102	0.049
0.495	0.638,0.608	-0.128
1.0	1.0,0.986	0.007
0.968	0.897,0.887	0.076
0.234	0.164,0.0	0.152
0.21	0.146,0.15	0.062
0.463	0.463,1.0	-0.269
1.0	1.0,0.848	0.076
1.0	1.0,0.733	0.133
0.0	1.0,0.572	-0.786
0.0	1.0,0.627	-0.814
0.0	0.18,0.0	-0.09
0.0	0.133,0.077	-0.105
1.0	0.957,0.979	0.032
0.41	0.41,0.388	0.011
0.258	0.164,0.162	0.095
0.606	0.498,0.269	0.222
1.0	0.348,0.615	0.518
0.841	0.967,1.0	-0.143
0.117	0.158,0.174	-0.049
0.932	1.0,1.0	-0.068
0.407	0.359,0.407	0.024
0.0	0.551,0.395	-0.473
0.495	0.402,0.433	0.078
1.0	1.0,0.819	0.091
0.018	0.013,0.0	0.011
0.975	0.879,0.916	0.078
0.037	0.06,0.01	0.002
0.924	0.938,1.0	-0.045
0.789	0.614,0.516	0.224
0.0	0.038,0.0	-0.019
0.896	1.0,0.89	-0.049
0.083	0.019,0.036	0.056
0.046	0.08,0.0	0.006
0.012	0.0,0.03	-0.003
0.008	0.008,0.0	0.004
0.981	0.993,1.0	-0.015
0.9	0.924,1.0	-0.062
0.93	NA,1.0	-0.07
0.805	0.78,0.756	0.037
0.897	1.0,1.0	-0.103
0.747	1.0,1.0	-0.253
0.0	0.08,0.0	-0.04
0.288	0.407,0.215	-0.023
0.165	0.053,0.373	-0.048
0.068	0.485,0.0	-0.174
1.0	0.85,1.0	0.075
0.0	0.171,0.275	-0.223
0.0	1.0,1.0	-1.0
1.0	0.858,0.816	0.163
0.651	1.0,1.0	-0.349
0.241	1.0,1.0	-0.759
0.909	0.864,1.0	-0.023
0.036	0.067,0.139	-0.067
0.937	1.0,1.0	-0.063
0.669	0.472,0.374	0.246
0.332	0.0,0.0	0.332
0.89	1.0,1.0	-0.11
1.0	0.865,0.856	0.139
0.985	0.963,0.957	0.025
0.416	0.192,0.416	0.112
0.039	0.109,0.166	-0.099
1.0	0.61,1.0	0.195
0.964	1.0,1.0	-0.036
0.982	0.985,0.97	0.004
1.0	1.0,0.887	0.056
1.0	1.0,0.654	0.173
0.061	0.043,0.021	0.029
0.039	0.096,0.202	-0.11
1.0	1.0,0.882	0.059
1.0	1.0,0.904	0.048
1.0	0.468,0.875	0.329
0.951	0.979,1.0	-0.039
0.712	0.586,0.353	0.242
0.454	0.25,0.0	0.329
0.013	0.016,0.004	0.003
0.002	0.027,0.055	-0.039
1.0	0.993,1.0	0.004
0.936	0.958,1.0	-0.043
0.966	0.96,0.986	-0.007
0.014	0.0,0.0	0.014
0.009	0.0,0.0	0.009
1.0	1.0,0.993	0.004
1.0	1.0,0.949	0.026
0.077	0.07,0.043	0.02
0.997	1.0,1.0	-0.003
0.894	0.929,1.0	-0.071
1.0	0.854,1.0	0.073
1.0	0.447,1.0	0.276
0.0	1.0,0.0	-0.5
0.021	0.064,0.067	-0.044
0.872	1.0,1.0	-0.128
0.267	0.525,0.752	-0.372
0.605	0.507,0.628	0.037
0.058	0.032,0.044	0.02
0.06	0.028,0.024	0.034
0.0	NA,1.0	-1.0
0.797	0.531,0.746	0.158
0.0	0.0,0.076	-0.038
0.0	0.164,0.161	-0.163
0.552	0.495,0.474	0.068
0.384	0.937,0.521	-0.345
0.14	0.354,0.199	-0.136
0.912	0.487,0.496	0.421
1.0	0.788,1.0	0.106
1.0	0.798,1.0	0.101
0.0	0.0,0.377	-0.189
0.244	0.168,0.132	0.094
0.569	1.0,1.0	-0.431
0.156	0.274,0.352	-0.157
0.133	0.166,0.266	-0.083
0.967	0.97,1.0	-0.018
1.0	1.0,0.774	0.113
1.0	1.0,0.901	0.049
0.057	0.358,0.149	-0.197
0.288	0.214,0.15	0.106
0.0	NA,1.0	-1.0
0.907	0.915,0.779	0.06
0.876	0.9,0.723	0.065
0.812	0.869,1.0	-0.122
1.0	0.53,1.0	0.235
0.056	0.191,0.117	-0.098
0.276	0.0,0.0	0.276
0.884	0.551,0.648	0.284
0.307	0.887,0.708	-0.49
0.009	0.014,0.009	-0.003
0.852	0.973,0.969	-0.119
0.0	0.051,0.0	-0.025
1.0	1.0,0.965	0.018
0.064	0.0,0.074	0.027
0.147	0.266,0.1	-0.036
1.0	0.436,0.698	0.433
0.95	0.864,1.0	0.018
0.777	0.635,1.0	-0.04
0.14	0.214,1.0	-0.467
0.028	0.054,0.066	-0.032
0.172	0.645,0.385	-0.343
0.028	0.113,0.0	-0.029
0.039	0.0,0.069	0.004
0.326	NA,0.392	-0.066
0.145	0.432,1.0	-0.571
0.0	0.145,0.0	-0.072
0.408	0.341,0.354	0.06
0.785	0.821,0.868	-0.059
0.0	0.054,0.0	-0.027
0.0	0.14,0.0	-0.07
0.164	0.0,NA	0.164
1.0	1.0,0.0	0.5
0.821	1.0,NA	-0.179
0.716	1.0,1.0	-0.284
0.255	1.0,1.0	-0.745
0.667	0.491,0.822	0.011
0.495	1.0,0.0	-0.005
1.0	0.71,1.0	0.145
0.691	0.653,0.543	0.093
0.168	0.0,0.043	0.147
1.0	0.95,0.95	0.05
0.943	0.898,1.0	-0.006
0.8	0.852,0.837	-0.044
0.951	1.0,1.0	-0.049
0.97	1.0,0.708	0.116
0.0	0.073,0.124	-0.099
0.981	1.0,1.0	-0.019
0.742	0.838,1.0	-0.177
1.0	0.966,0.862	0.086
1.0	0.927,0.722	0.175
0.083	0.148,0.114	-0.048
0.347	0.873,1.0	-0.59
0.0	0.0,1.0	-0.5
0.399	1.0,0.0	-0.101
0.071	0.218,0.138	-0.107
0.368	0.402,0.328	0.003
0.778	1.0,1.0	-0.222
0.219	0.231,0.359	-0.076
0.031	0.165,0.102	-0.103
0.282	0.395,0.0	0.084
1.0	0.777,NA	0.223
0.567	0.385,0.484	0.132
0.918	1.0,0.886	-0.025
0.166	0.171,0.149	0.006
0.022	0.025,0.033	-0.007
0.0	0.046,0.0	-0.023
0.993	1.0,1.0	-0.007
0.0	0.153,0.0	-0.076
0.203	0.17,0.261	-0.013
0.977	1.0,1.0	-0.023
0.399	0.42,0.42	-0.021
0.123	0.123,0.0	0.061
0.163	0.173,0.211	-0.029
1.0	0.941,0.971	0.044
1.0	1.0,0.861	0.07
0.069	0.099,0.039	0.0
0.301	0.564,1.0	-0.481
0.462	0.424,0.495	0.003
0.964	0.991,1.0	-0.032
0.891	0.936,0.906	-0.03
0.94	0.97,0.95	-0.02
0.99	0.994,0.978	0.004
1.0	1.0,0.974	0.013
1.0	0.99,1.0	0.005
1.0	0.662,0.88	0.229
1.0	0.046,1.0	0.477
0.415	0.713,0.771	-0.327
0.873	1.0,0.936	-0.095
0.0	NA,1.0	-1.0
1.0	0.795,1.0	0.103
0.977	0.971,0.922	0.03
0.729	1.0,0.541	-0.041
0.914	0.941,0.951	-0.032
1.0	0.7,1.0	0.15
0.934	1.0,1.0	-0.066
0.706	0.689,1.0	-0.139
0.051	0.069,0.0	0.016
0.264	0.0,0.0	0.264
0.922	1.0,1.0	-0.078
0.084	0.0,0.0	0.084
0.0	0.269,0.24	-0.255
0.0	0.0,0.12	-0.06
0.64	1.0,1.0	-0.36
0.994	1.0,0.974	0.007
0.977	1.0,0.91	0.022
0.011	0.03,0.008	-0.008
0.0	0.0,0.023	-0.011
1.0	1.0,0.329	0.336
0.187	1.0,NA	-0.813
0.562	0.658,1.0	-0.267
0.803	0.785,0.845	-0.012
0.565	0.0,NA	0.565
1.0	0.984,1.0	0.008
1.0	0.984,1.0	0.008
0.0	NA,1.0	-1.0
0.192	0.323,0.306	-0.122
0.545	0.0,0.0	0.545
1.0	0.937,1.0	0.031
0.564	0.191,0.535	0.201
0.495	0.495,0.696	-0.1
1.0	0.75,NA	0.25
0.391	1.0,1.0	-0.609
0.0	0.621,1.0	-0.81
0.031	0.038,0.196	-0.086
1.0	1.0,0.861	0.07
0.621	0.645,0.438	0.08
0.174	0.327,0.315	-0.147
0.565	0.778,0.592	-0.12
0.646	0.817,0.65	-0.088
0.095	0.21,0.235	-0.127
1.0	0.907,0.919	0.087
0.938	0.869,0.801	0.103
0.247	0.0,0.305	0.095
0.037	0.0,0.0	0.037
0.999	1.0,1.0	-0.001
0.986	0.962,0.996	0.007
0.084	0.138,0.307	-0.139
0.864	0.865,0.958	-0.047
0.053	0.033,0.042	0.015
0.838	0.712,0.69	0.137
0.034	0.0,0.169	-0.051
0.667	0.043,0.223	0.534
0.572	0.903,1.0	-0.38
0.306	1.0,NA	-0.694
0.466	0.412,0.0	0.26
0.06	0.05,0.046	0.012
0.221	0.302,0.366	-0.113
0.784	0.69,0.901	-0.011
0.227	0.237,0.289	-0.036
0.189	0.215,0.33	-0.084
0.972	1.0,0.95	-0.003
0.965	1.0,1.0	-0.035
0.0	0.205,0.659	-0.432
0.075	0.1,0.202	-0.076
0.023	0.007,0.007	0.016
0.993	1.0,1.0	-0.007
0.011	0.003,0.008	0.005
1.0	1.0,1.0	0.0
0.997	0.996,1.0	-0.001
0.991	0.987,1.0	-0.003
0.228	0.144,0.101	0.106
1.0	1.0,0.922	0.039
0.048	0.0,0.011	0.043
0.193	0.079,0.166	0.071
1.0	1.0,0.994	0.003
0.092	0.055,0.049	0.04
0.837	0.837,1.0	-0.082
0.992	0.994,1.0	-0.005
1.0	0.985,1.0	0.008
0.918	0.943,0.826	0.034
0.937	0.972,0.976	-0.037
0.166	1.0,1.0	-0.834
0.031	0.0,0.031	0.015
0.0	0.03,0.042	-0.036
0.037	0.0,0.0	0.037
0.653	1.0,1.0	-0.347
0.0	1.0,NA	-1.0
0.999	1.0,1.0	-0.001
0.889	1.0,1.0	-0.111
0.986	1.0,1.0	-0.014
0.988	1.0,1.0	-0.012
0.986	1.0,1.0	-0.014
0.988	1.0,1.0	-0.012
0.969	1.0,1.0	-0.031
0.998	1.0,1.0	-0.002
0.999	1.0,0.998	0.0
0.047	0.057,0.067	-0.015
0.99	1.0,1.0	-0.01
0.989	0.997,1.0	-0.009
0.066	0.304,0.161	-0.166
0.796	1.0,0.96	-0.184
1.0	1.0,0.0	0.5
1.0	1.0,0.0	0.5
1.0	1.0,0.0	0.5
1.0	1.0,0.0	0.5
0.027	0.039,0.062	-0.024
1.0	0.757,1.0	0.121
1.0	1.0,0.932	0.034
0.0	NA,0.184	-0.184
0.842	1.0,0.919	-0.118
0.366	1.0,0.634	-0.451
0.718	1.0,0.925	-0.245
0.128	1.0,1.0	-0.872
0.224	1.0,1.0	-0.776
1.0	0.634,1.0	0.183
0.103	0.032,0.128	0.023
1.0	1.0,0.964	0.018
0.0	0.395,1.0	-0.698
0.71	1.0,1.0	-0.29
1.0	1.0,0.838	0.081
1.0	1.0,0.915	0.042
0.071	0.27,0.228	-0.178
0.135	0.608,0.463	-0.4
0.499	0.395,0.479	0.062
0.025	0.071,0.0	-0.01
0.915	0.941,0.878	0.006
1.0	1.0,0.982	0.009
0.0	0.394,0.0	-0.197
1.0	1.0,0.842	0.079
0.031	0.057,0.06	-0.027
0.0	0.0,0.04	-0.02
1.0	1.0,0.915	0.042
0.03	0.039,0.301	-0.14
1.0	0.956,1.0	0.022
0.909	1.0,0.87	-0.026
1.0	0.966,1.0	0.017
0.976	1.0,1.0	-0.024
0.0	NA,0.495	-0.495
1.0	0.996,0.997	0.004
0.043	0.049,0.042	-0.003
0.02	0.076,0.08	-0.058
0.023	0.057,0.078	-0.045
0.587	0.192,0.487	0.247
1.0	0.45,0.595	0.478
0.485	1.0,1.0	-0.515
0.012	0.022,0.0	0.001
0.118	0.241,0.219	-0.112
0.037	0.0,0.041	0.016
0.099	0.141,0.0	0.029
0.184	0.091,0.0	0.139
0.548	0.742,0.849	-0.247
0.991	0.982,1.0	0.0
1.0	0.957,1.0	0.022
0.993	1.0,1.0	-0.007
0.103	0.0,0.169	0.018
0.815	1.0,0.84	-0.105
1.0	0.857,0.936	0.103
1.0	0.897,1.0	0.051
0.404	0.504,NA	-0.1
0.587	0.404,NA	0.183
0.0	0.62,0.449	-0.534
1.0	1.0,0.991	0.004
0.446	0.69,0.745	-0.272
1.0	1.0,0.915	0.042
0.37	0.082,0.274	0.192
0.524	0.511,0.871	-0.167
0.662	0.831,0.815	-0.161
1.0	1.0,0.934	0.033
0.923	0.974,0.916	-0.022
0.964	0.987,0.982	-0.02
0.872	0.887,0.757	0.05
0.556	0.354,0.384	0.187
0.632	0.0,0.662	0.301
0.0	0.238,0.0	-0.119
1.0	0.988,1.0	0.006
0.45	0.672,0.914	-0.343
0.964	0.937,0.933	0.029
0.303	1.0,1.0	-0.697
0.442	1.0,1.0	-0.558
1.0	0.952,1.0	0.024
0.003	NA,0.0	0.003
0.915	0.98,0.927	-0.038
0.44	0.71,0.495	-0.163
1.0	1.0,0.911	0.044
0.43	1.0,1.0	-0.57
0.0	1.0,0.229	-0.615
0.003	0.003,0.0	0.002
1.0	1.0,0.989	0.006
0.5	0.633,0.809	-0.221
0.973	1.0,1.0	-0.027
0.47	0.315,0.315	0.155
0.143	0.252,0.264	-0.115
0.809	1.0,NA	-0.191
0.0	0.39,0.46	-0.425
1.0	1.0,0.0	0.5
0.214	0.456,0.381	-0.204
0.576	0.818,0.793	-0.23
0.957	0.987,0.979	-0.026
0.0	0.067,0.0	-0.034
1.0	0.315,1.0	0.343
0.837	1.0,1.0	-0.163
0.959	1.0,1.0	-0.041
1.0	1.0,0.917	0.041
1.0	1.0,0.884	0.058
1.0	0.811,1.0	0.095
0.095	0.066,0.0	0.062
0.094	0.065,0.0	0.061
0.09	0.062,0.0	0.059
0.118	1.0,0.615	-0.69
1.0	1.0,0.773	0.113
0.021	0.0,0.0	0.021
0.617	0.244,0.659	0.165
0.407	0.256,0.673	-0.058
0.329	0.495,1.0	-0.419
0.082	0.0,0.063	0.051
0.531	0.62,0.347	0.048
0.0	0.243,0.0	-0.121
0.0	0.023,0.027	-0.025
0.059	0.215,0.203	-0.15
0.934	0.941,0.948	-0.01
0.853	0.861,0.971	-0.063
1.0	0.978,1.0	0.011
1.0	0.983,1.0	0.008
0.395	0.735,1.0	-0.472
0.048	0.0,0.0	0.048
0.662	0.683,0.37	0.136
0.873	0.777,0.878	0.045
0.62	0.531,0.731	-0.011
0.0	0.059,0.0	-0.029
0.918	1.0,1.0	-0.082
0.006	0.0,0.0	0.006
0.01	0.0,0.0	0.01
0.281	0.392,0.458	-0.144
0.256	0.204,0.135	0.087
0.309	0.372,0.415	-0.084
0.611	0.779,0.71	-0.133
0.593	0.261,0.165	0.38
0.743	0.422,0.442	0.311
0.944	0.898,1.0	-0.005
0.153	0.093,0.057	0.078
0.349	0.239,0.241	0.109
0.944	0.892,0.966	0.015
1.0	0.079,0.156	0.883
0.0	0.579,0.392	-0.485
0.578	0.672,0.0	0.242
1.0	0.797,NA	0.203
0.756	0.767,0.62	0.062
0.531	0.478,0.514	0.035
0.541	0.48,0.574	0.014
0.251	0.21,0.39	-0.049
0.277	0.215,0.448	-0.054
1.0	0.903,1.0	0.048
1.0	0.901,1.0	0.049
0.0	0.012,0.034	-0.023
0.958	0.941,1.0	-0.012
0.939	1.0,0.937	-0.03
0.564	0.507,0.526	0.047
1.0	0.898,1.0	0.051
0.181	0.347,0.34	-0.163
0.806	0.885,0.951	-0.112
0.95	0.936,0.974	-0.005
0.007	0.01,0.006	-0.001
0.71	0.809,0.961	-0.175
0.966	1.0,1.0	-0.034
0.429	0.555,0.453	-0.075
0.92	0.93,0.88	0.015
0.872	1.0,0.834	-0.045
0.393	0.564,0.43	-0.104
0.797	0.746,0.495	0.176
1.0	1.0,0.663	0.168
0.0	1.0,NA	-1.0
0.911	0.661,1.0	0.081
0.974	0.952,1.0	-0.002
0.0	0.133,0.211	-0.172
0.811	1.0,0.82	-0.099
0.718	0.616,0.479	0.17
0.038	0.127,0.067	-0.059
0.392	0.315,0.246	0.112
0.911	0.91,0.898	0.007
1.0	0.802,1.0	0.099
0.187	0.0,0.0	0.187
0.054	0.081,0.058	-0.016
0.0	0.273,0.453	-0.363
0.917	0.82,1.0	0.007
0.945	0.87,1.0	0.01
0.882	0.873,0.768	0.061
0.863	1.0,0.929	-0.102
0.0	0.0,1.0	-0.5
0.867	0.887,0.88	-0.016
0.424	0.691,0.855	-0.349
0.0	0.371,NA	-0.371
0.686	0.759,0.543	0.035
0.746	1.0,NA	-0.254
1.0	1.0,0.966	0.017
0.409	0.409,1.0	-0.296
1.0	0.773,1.0	0.113
0.019	0.0,0.305	-0.134
0.018	0.0,0.084	-0.024
0.0	0.301,0.0	-0.15
0.0	0.37,0.269	-0.32
1.0	1.0,0.814	0.093
0.0	0.0,0.144	-0.072
0.898	1.0,1.0	-0.102
1.0	1.0,0.326	0.337
0.153	0.068,0.138	0.05
0.683	0.508,0.764	0.047
0.228	0.463,0.431	-0.219
0.987	1.0,0.964	0.005
1.0	1.0,1.0	0.0
0.71	0.915,1.0	-0.248
0.129	0.165,0.284	-0.095
0.917	0.883,0.96	-0.004
1.0	1.0,0.996	0.002
1.0	0.907,1.0	0.046
1.0	0.939,1.0	0.03
1.0	0.997,1.0	0.002
1.0	0.997,1.0	0.002
0.013	0.007,0.0	0.009
0.495	NA,0.595	-0.1
1.0	NA,0.645	0.355
1.0	NA,0.552	0.448
1.0	1.0,0.899	0.05
0.264	0.342,0.204	-0.009
0.0	1.0,NA	-1.0
1.0	0.935,1.0	0.032
1.0	0.954,1.0	0.023
1.0	1.0,0.668	0.166
0.517	0.535,0.296	0.102
0.007	0.0,NA	0.007
0.026	0.011,0.0	0.02
0.046	0.07,0.096	-0.037
0.487	1.0,NA	-0.513
1.0	0.434,1.0	0.283
0.692	1.0,1.0	-0.308
0.985	0.994,0.969	0.003
0.774	1.0,1.0	-0.226
1.0	0.878,1.0	0.061
0.027	0.048,0.0	0.003
0.932	0.958,0.843	0.032
0.745	1.0,1.0	-0.255
0.0	1.0,0.21	-0.605
1.0	0.904,0.678	0.209
0.0	0.058,0.0	-0.029
1.0	1.0,0.839	0.081
0.414	1.0,0.558	-0.365
0.409	1.0,0.553	-0.367
0.984	0.96,0.875	0.067
1.0	0.934,0.854	0.106
0.853	1.0,NA	-0.147
0.884	0.9,0.811	0.028
0.0	0.02,0.0	-0.01
0.491	0.832,0.954	-0.402
0.766	1.0,1.0	-0.234
0.073	0.0,0.0	0.073
1.0	0.319,0.0	0.841
0.655	0.836,0.707	-0.116
1.0	0.977,1.0	0.012
0.986	1.0,0.984	-0.006
0.989	0.994,0.981	0.001
0.931	0.963,0.905	-0.003
0.01	0.03,0.013	-0.011
1.0	0.424,NA	0.576
0.066	0.0,0.0	0.066
0.808	0.591,0.687	0.169
0.863	0.896,0.898	-0.034
0.47	0.425,0.906	-0.196
1.0	1.0,0.823	0.089
1.0	1.0,0.323	0.339
1.0	0.944,1.0	0.028
0.662	0.818,0.0	0.253
0.059	0.0,0.0	0.059
0.0	1.0,NA	-1.0
0.996	1.0,1.0	-0.004
0.04	0.055,0.047	-0.011
0.984	1.0,1.0	-0.016
0.928	1.0,0.959	-0.051
0.369	0.438,0.308	-0.004
0.306	0.239,0.257	0.058
1.0	0.923,0.782	0.147
0.0	0.021,0.0	-0.011
0.104	0.087,0.074	0.024
0.0	0.26,NA	-0.26
0.238	0.451,0.484	-0.23
1.0	1.0,0.0	0.5
0.495	0.221,0.0	0.385
1.0	0.776,1.0	0.112
1.0	1.0,0.723	0.139
0.0	0.008,0.007	-0.007
0.997	0.995,0.978	0.011
0.007	0.017,0.006	-0.004
0.028	0.009,0.01	0.019
0.812	0.29,0.132	0.601
0.986	0.932,0.938	0.051
0.884	0.77,0.844	0.077
0.006	0.009,0.021	-0.009
0.0	0.0,0.326	-0.163
1.0	1.0,0.831	0.085
0.927	1.0,1.0	-0.073
0.468	0.657,0.71	-0.215
1.0	0.976,1.0	0.012
0.746	0.715,1.0	-0.111
0.773	0.728,1.0	-0.091
0.433	0.227,0.274	0.182
0.042	0.059,0.0	0.013
0.945	0.867,0.675	0.174
0.0	0.08,0.0	-0.04
0.043	0.471,0.41	-0.398
0.924	1.0,0.906	-0.029
0.622	NA,1.0	-0.378
0.025	0.0,0.05	0.0
0.476	0.768,0.614	-0.215
1.0	0.424,1.0	0.288
1.0	0.88,0.831	0.145
0.959	1.0,1.0	-0.041
0.985	1.0,1.0	-0.015
0.96	1.0,1.0	-0.04
0.0	0.0,0.02	-0.01
0.0	NA,1.0	-1.0
0.0	0.607,0.481	-0.544
0.0	0.0,0.404	-0.202
0.0	0.0,0.127	-0.064
0.039	0.096,0.0	-0.009
1.0	NA,0.096	0.904
0.31	0.0,0.183	0.218
0.0	0.216,0.235	-0.225
0.01	0.007,0.013	0.0
1.0	0.79,1.0	0.105
0.934	1.0,0.92	-0.026
0.683	0.505,0.582	0.14
1.0	0.932,1.0	0.034
0.0	0.098,0.075	-0.086
0.94	0.959,0.855	0.033
1.0	0.99,1.0	0.005
0.187	0.172,0.225	-0.012
0.429	1.0,0.761	-0.452
1.0	0.873,1.0	0.064
0.736	0.633,0.737	0.051
0.0	0.079,0.0	-0.04
0.0	0.0,0.128	-0.064
0.329	0.774,0.329	-0.222
0.015	0.017,0.017	-0.002
0.008	0.025,0.012	-0.011
0.043	0.049,0.115	-0.039
0.998	1.0,1.0	-0.002
0.838	0.913,0.917	-0.077
0.467	0.0,0.778	0.078
0.398	1.0,1.0	-0.602
0.785	1.0,1.0	-0.215
0.877	1.0,1.0	-0.123
0.327	0.351,0.36	-0.028
0.991	0.991,0.993	-0.001
0.976	0.781,0.97	0.101
1.0	0.978,0.976	0.023
1.0	1.0,0.957	0.022
1.0	1.0,0.831	0.085
0.0	0.153,0.0	-0.076
0.0	0.246,0.151	-0.199
0.985	0.99,0.989	-0.005
0.899	1.0,1.0	-0.101
0.939	1.0,1.0	-0.061
0.977	0.96,1.0	-0.003
0.0	0.318,0.43	-0.374
0.224	0.129,0.325	-0.003
0.0	0.016,0.0	-0.008
0.0	0.041,0.08	-0.06
0.77	0.796,1.0	-0.128
0.968	0.973,1.0	-0.018
0.0	1.0,0.0	-0.5
0.0	0.0,0.495	-0.247
0.044	0.065,0.076	-0.027
0.451	0.287,0.317	0.149
0.588	1.0,1.0	-0.412
0.774	0.667,0.272	0.304
0.936	0.766,0.845	0.131
0.143	0.038,0.0	0.124
0.15	0.04,0.0	0.13
0.0	0.131,0.184	-0.158
0.0	0.147,0.206	-0.176
0.0	0.083,0.271	-0.177
1.0	1.0,0.737	0.131
0.785	1.0,1.0	-0.215
1.0	1.0,0.389	0.305
0.114	0.202,0.293	-0.134
0.985	0.983,0.993	-0.003
1.0	1.0,0.943	0.028
0.71	0.71,1.0	-0.145
1.0	0.726,0.785	0.244
0.305	0.29,0.443	-0.061
0.817	1.0,1.0	-0.183
0.897	1.0,1.0	-0.103
0.546	0.491,0.629	-0.014
0.0	NA,1.0	-1.0
1.0	0.426,0.551	0.511
0.662	1.0,1.0	-0.338
0.044	1.0,0.121	-0.516
0.0	0.072,0.0	-0.036
0.0	0.06,0.158	-0.109
0.944	1.0,1.0	-0.056
0.996	1.0,1.0	-0.004
0.995	1.0,1.0	-0.005
0.803	1.0,1.0	-0.197
1.0	0.629,NA	0.371
0.22	0.154,0.0	0.143
0.18	0.133,0.0	0.113
0.356	0.24,0.223	0.124
1.0	0.286,1.0	0.357
1.0	1.0,0.982	0.009
1.0	0.969,0.961	0.035
0.06	0.034,0.175	-0.044
0.992	0.959,0.976	0.024
0.086	0.031,0.078	0.031
0.095	0.0,0.063	0.064
0.965	0.984,0.99	-0.022
1.0	0.915,1.0	0.042
0.721	0.919,1.0	-0.239
0.95	1.0,1.0	-0.05
0.251	0.294,0.344	-0.068
0.197	0.263,NA	-0.066
0.51	0.635,0.258	0.064
0.442	0.174,0.047	0.332
0.105	0.057,0.173	-0.01
0.485	0.608,0.446	-0.042
0.452	0.452,0.611	-0.079
0.0	0.289,0.169	-0.229
0.158	0.014,0.0	0.151
0.0	0.0,0.476	-0.238
1.0	0.623,NA	0.377
0.348	0.0,0.516	0.09
0.0	0.261,0.0	-0.131
1.0	0.281,0.342	0.689
0.107	0.062,0.0	0.076
0.428	0.588,0.638	-0.185
0.866	0.623,0.822	0.144
0.986	1.0,1.0	-0.014
1.0	0.796,1.0	0.102
0.075	0.106,0.0	0.022
1.0	0.875,0.522	0.301
1.0	0.977,1.0	0.012
0.734	0.92,0.841	-0.147
0.126	0.0,0.136	0.058
0.0	1.0,NA	-1.0
0.99	0.987,1.0	-0.004
0.351	0.389,0.542	-0.115
0.422	0.57,0.758	-0.242
0.594	0.833,0.832	-0.239
0.0	0.039,0.034	-0.037
1.0	1.0,0.93	0.035
0.044	0.069,0.088	-0.035
0.918	0.824,0.934	0.039
0.093	0.181,0.347	-0.171
0.63	1.0,1.0	-0.37
0.85	1.0,1.0	-0.15
0.209	0.387,0.687	-0.328
0.023	0.0,0.0	0.023
1.0	0.902,0.943	0.078
0.979	1.0,1.0	-0.021
0.785	0.621,0.844	0.053
0.0	0.0,0.019	-0.009
0.0	0.0,0.089	-0.044
1.0	0.835,1.0	0.083
0.438	0.0,0.0	0.438
0.982	0.987,0.977	0.0
0.0	0.0,0.013	-0.006
1.0	0.999,1.0	0.0
1.0	0.869,1.0	0.066
0.0	0.073,0.078	-0.075
1.0	0.574,1.0	0.213
0.821	0.83,1.0	-0.094
1.0	0.95,0.908	0.071
0.054	0.121,0.116	-0.065
0.868	1.0,1.0	-0.132
1.0	0.596,1.0	0.202
0.059	0.051,0.037	0.015
0.877	1.0,1.0	-0.123
1.0	0.968,1.0	0.016
1.0	0.938,1.0	0.031
0.142	0.2,0.189	-0.053
0.681	0.853,1.0	-0.245
1.0	0.974,0.898	0.064
0.908	0.946,1.0	-0.065
1.0	0.989,0.958	0.026
1.0	0.971,0.891	0.069
1.0	0.941,0.918	0.071
0.897	0.864,0.824	0.053
1.0	0.845,1.0	0.078
0.0	0.07,0.168	-0.119
1.0	0.967,0.933	0.05
1.0	1.0,0.997	0.002
0.005	0.0,0.004	0.003
1.0	1.0,0.753	0.123
0.965	0.976,0.953	0.001
0.0	0.024,0.025	-0.025
0.032	0.0,0.0	0.032
0.396	0.441,0.496	-0.073
0.025	0.055,0.044	-0.025
0.0	0.077,0.0	-0.038
0.291	0.596,0.727	-0.37
0.025	0.095,0.028	-0.036
0.641	0.627,0.637	0.009
0.882	0.948,0.931	-0.057
0.169	0.0,0.449	-0.055
0.075	0.048,0.0	0.051
0.984	1.0,0.923	0.022
0.982	1.0,0.849	0.057
0.0	1.0,0.214	-0.607
0.883	0.898,0.495	0.186
0.0	0.117,0.143	-0.13
0.552	0.621,0.21	0.137
0.969	0.932,0.851	0.078
0.0	0.638,0.232	-0.435
1.0	0.942,1.0	0.029
0.921	1.0,1.0	-0.079
0.418	0.905,1.0	-0.534
0.208	0.219,0.288	-0.046
0.305	0.568,0.18	-0.069
0.0	0.064,0.0	-0.032
1.0	0.972,1.0	0.014
0.712	0.495,0.696	0.117
0.99	1.0,0.975	0.002
0.0	1.0,NA	-1.0
0.0	0.0,0.069	-0.035
0.031	0.193,0.052	-0.091
0.016	0.0,0.04	-0.004
1.0	1.0,0.988	0.006
0.595	1.0,1.0	-0.405
0.424	0.662,0.662	-0.238
1.0	1.0,0.655	0.172
0.006	0.0,0.0	0.006
0.955	1.0,1.0	-0.045
0.985	1.0,1.0	-0.015
0.08	0.123,0.313	-0.138
0.809	0.683,1.0	-0.032
0.084	0.156,0.0	0.006
0.0	0.0,0.105	-0.052
0.0	0.0,1.0	-0.5
0.086	0.245,0.121	-0.097
1.0	1.0,0.891	0.054
0.21	0.0,0.0	0.21
0.0	0.0,0.034	-0.017
1.0	0.817,1.0	0.092
0.036	0.0,0.01	0.031
1.0	0.13,1.0	0.435
0.662	0.0,NA	0.662
0.944	0.909,1.0	-0.011
0.104	0.042,0.058	0.054
0.094	0.038,0.018	0.066
0.064	0.025,0.0	0.052
0.941	1.0,1.0	-0.059
0.837	0.67,0.663	0.17
0.97	0.937,0.92	0.041
0.112	0.0,0.152	0.036
1.0	0.976,1.0	0.012
0.567	0.0,1.0	0.067
0.941	1.0,1.0	-0.059
0.888	1.0,1.0	-0.112
0.75	0.849,0.651	0.0
1.0	1.0,0.898	0.051
0.443	0.71,0.395	-0.109
0.424	0.197,1.0	-0.175
0.517	0.523,0.938	-0.213
0.004	0.008,0.018	-0.009
0.996	0.998,1.0	-0.003
0.047	0.047,0.134	-0.043
0.012	0.06,0.0	-0.018
0.933	0.916,0.963	-0.006
0.787	0.769,0.897	-0.046
0.019	0.059,0.039	-0.03
0.111	0.0,0.46	-0.119
1.0	0.951,1.0	0.024
0.8	1.0,1.0	-0.2
0.926	0.94,0.853	0.03
0.436	0.61,0.697	-0.217
0.897	1.0,1.0	-0.103
0.815	0.936,0.0	0.347
0.0	0.278,0.0	-0.139
0.162	0.829,0.492	-0.498
0.399	1.0,NA	-0.601
0.618	0.709,0.899	-0.186
0.232	0.326,0.201	-0.032
0.069	0.089,0.066	-0.008
0.043	0.034,0.082	-0.015
1.0	1.0,0.689	0.155
1.0	0.887,NA	0.113
1.0	0.817,NA	0.183
1.0	0.333,NA	0.667
0.0	0.08,0.068	-0.074
0.819	0.622,1.0	0.008
0.068	0.064,0.058	0.007
0.001	0.007,0.002	-0.004
0.2	0.254,0.205	-0.029
0.0	0.0,0.616	-0.308
0.082	0.0,NA	0.082
0.0	0.203,0.0	-0.102
0.122	0.541,0.65	-0.474
0.949	0.971,0.981	-0.027
1.0	1.0,0.668	0.166
0.0	1.0,NA	-1.0
0.606	1.0,1.0	-0.394
0.0	0.103,0.386	-0.244
0.0	0.0,0.273	-0.137
0.399	1.0,1.0	-0.601
0.688	1.0,1.0	-0.312
1.0	0.673,0.774	0.276
0.395	1.0,NA	-0.605
0.793	1.0,NA	-0.207
0.0	NA,1.0	-1.0
0.885	0.894,0.77	0.053
0.0	0.14,0.246	-0.193
0.028	0.043,0.043	-0.015
0.0	0.048,0.0	-0.024
1.0	0.981,1.0	0.01
0.91	1.0,0.785	0.017
0.626	1.0,0.677	-0.213
0.719	1.0,0.677	-0.12
0.131	0.274,0.356	-0.184
0.192	0.327,0.354	-0.149
0.038	0.028,0.0	0.024
0.524	1.0,1.0	-0.476
0.14	0.157,0.0	0.062
0.0	0.306,0.227	-0.267
0.948	0.937,1.0	-0.021
0.011	0.051,0.069	-0.049
0.0	0.035,0.0	-0.018
1.0	0.759,1.0	0.121
0.352	0.4,0.585	-0.141
0.219	0.246,0.282	-0.045
0.928	1.0,1.0	-0.072
0.043	0.0,0.0	0.043
1.0	0.906,1.0	0.047
0.21	0.123,0.055	0.121
1.0	0.694,0.548	0.379
0.013	0.016,0.018	-0.004
0.872	0.953,0.798	-0.003
1.0	0.857,1.0	0.072
0.052	0.121,0.158	-0.088
1.0	NA,0.467	0.533
1.0	1.0,0.805	0.097
0.347	0.27,0.302	0.061
0.976	0.833,1.0	0.059
0.306	0.306,0.0	0.153
0.009	0.113,0.011	-0.053
0.004	0.0,0.007	0.001
0.983	1.0,1.0	-0.017
0.999	1.0,1.0	-0.001
1.0	0.919,1.0	0.04
0.959	0.804,0.768	0.173
0.996	0.996,1.0	-0.002
0.466	0.517,0.624	-0.104
0.944	0.932,1.0	-0.022
0.146	0.202,0.027	0.031
1.0	0.715,1.0	0.143
1.0	0.841,1.0	0.08
0.961	0.952,0.971	-0.001
0.67	1.0,0.839	-0.249
0.063	0.057,0.121	-0.026
0.158	0.092,0.174	0.025
0.286	0.246,0.179	0.073
0.516	0.62,0.44	-0.014
0.908	0.98,0.913	-0.038
0.079	0.0,0.071	0.044
0.124	0.0,0.0	0.124
0.319	0.563,0.514	-0.219
0.173	0.018,0.067	0.13
0.839	0.769,1.0	-0.046
0.927	0.891,1.0	-0.018
0.942	0.904,0.923	0.028
1.0	0.623,1.0	0.189
0.994	1.0,1.0	-0.006
0.527	0.528,0.495	0.015
0.674	0.653,0.584	0.055
0.576	0.647,0.845	-0.17
0.973	1.0,1.0	-0.027
0.253	0.289,0.0	0.109
0.983	0.984,1.0	-0.009
1.0	0.993,1.0	0.004
0.487	0.762,1.0	-0.394
0.451	0.738,1.0	-0.418
0.395	0.329,0.0	0.231
1.0	1.0,0.712	0.144
0.027	0.096,0.064	-0.053
0.072	0.191,0.176	-0.112
0.021	0.0,0.07	-0.014
0.815	1.0,0.495	0.067
0.0	0.402,0.453	-0.427
0.133	0.193,0.175	-0.051
1.0	0.985,1.0	0.008
0.761	0.512,0.495	0.257
0.71	0.727,1.0	-0.153
1.0	0.815,NA	0.185
0.469	0.806,0.329	-0.099
0.659	0.0,1.0	0.159
0.859	1.0,0.898	-0.09
0.0	0.091,0.106	-0.099
1.0	0.945,1.0	0.028
0.977	1.0,1.0	-0.023
0.441	0.268,0.42	0.097
0.155	0.019,0.041	0.125
0.372	0.372,0.263	0.054
0.094	0.0,0.075	0.057
0.87	0.596,0.55	0.297
1.0	0.894,1.0	0.053
0.92	1.0,1.0	-0.08
0.0	0.043,0.12	-0.081
0.232	0.252,0.0	0.106
0.029	0.058,0.013	-0.007
0.021	0.01,0.092	-0.03
0.95	0.95,1.0	-0.025
0.003	0.006,0.008	-0.004
1.0	0.993,1.0	0.004
0.683	1.0,1.0	-0.317
0.033	0.034,0.024	0.004
1.0	0.588,1.0	0.206
0.012	0.029,0.016	-0.01
1.0	1.0,0.921	0.039
1.0	1.0,0.995	0.002
1.0	0.836,1.0	0.082
1.0	0.814,1.0	0.093
1.0	0.838,1.0	0.081
1.0	0.851,1.0	0.075
0.84	1.0,1.0	-0.16
1.0	1.0,0.915	0.042
0.372	0.523,0.639	-0.209
0.0	0.065,0.083	-0.074
0.051	0.037,0.057	0.004
0.638	0.708,0.683	-0.057
0.969	1.0,1.0	-0.031
0.551	0.62,0.642	-0.08
1.0	0.99,1.0	0.005
0.694	1.0,1.0	-0.306
0.966	0.954,1.0	-0.011
0.203	0.306,0.0	0.05
1.0	1.0,0.48	0.26
0.0	0.117,0.0	-0.059
1.0	0.667,1.0	0.166
0.406	0.554,0.486	-0.114
0.957	0.941,0.928	0.022
0.013	0.04,0.05	-0.032
0.094	0.0,0.0	0.094
0.979	0.973,0.978	0.003
0.724	0.722,0.705	0.01
0.904	0.778,0.264	0.383
0.82	0.911,0.914	-0.093
0.0	0.31,0.0	-0.155
0.975	0.977,0.833	0.07
0.487	0.279,0.227	0.234
0.83	1.0,1.0	-0.17
1.0	0.83,1.0	0.085
0.353	0.362,0.481	-0.069
0.978	0.934,0.854	0.084
0.152	0.258,0.226	-0.09
0.967	1.0,1.0	-0.033
0.175	0.031,0.106	0.106
1.0	0.76,1.0	0.12
0.959	0.985,0.936	-0.002
0.987	0.988,0.976	0.005
0.99	0.956,1.0	0.012
0.831	0.552,1.0	0.055
1.0	0.172,0.749	0.539
0.0	0.103,0.063	-0.083
0.495	0.143,0.0	0.423
0.467	0.13,0.077	0.364
0.47	0.47,1.0	-0.265
0.0	0.026,0.033	-0.029
0.945	0.969,0.894	0.013
0.075	0.096,0.111	-0.029
0.912	0.916,1.0	-0.046
0.738	0.959,0.718	-0.101
0.0	0.495,1.0	-0.748
1.0	0.961,1.0	0.02
1.0	0.687,0.0	0.656
1.0	0.967,1.0	0.016
0.218	0.0,0.0	0.218
0.242	0.418,0.12	-0.027
0.038	0.36,0.144	-0.214
0.59	1.0,1.0	-0.41
0.272	0.403,0.757	-0.308
0.0	0.131,0.082	-0.107
0.412	0.672,0.551	-0.2
0.987	1.0,1.0	-0.013
1.0	0.966,1.0	0.017
0.72	NA,1.0	-0.28
0.21	0.0,0.0	0.21
0.998	0.998,0.997	0.0
0.994	0.991,0.988	0.004
0.01	0.005,0.005	0.005
0.176	0.085,0.052	0.107
0.975	0.984,1.0	-0.017
0.004	0.01,0.009	-0.005
1.0	0.996,1.0	0.002
0.959	1.0,0.951	-0.017
0.08	0.205,0.156	-0.1
0.035	0.113,0.162	-0.103
1.0	0.927,1.0	0.036
1.0	0.908,1.0	0.046
0.034	0.027,0.021	0.01
0.361	0.398,0.642	-0.159
0.926	0.986,0.961	-0.047
0.846	0.853,0.76	0.039
0.0	0.0,0.232	-0.116
1.0	0.944,1.0	0.028
0.0	1.0,1.0	-1.0
0.773	0.67,0.956	-0.04
0.995	1.0,1.0	-0.005
0.0	0.153,0.033	-0.093
0.998	0.998,1.0	-0.001
0.003	0.002,0.001	0.002
0.897	0.431,0.598	0.383
0.999	0.991,0.996	0.005
1.0	0.873,0.724	0.202
0.591	0.874,1.0	-0.346
0.759	0.932,1.0	-0.207
1.0	0.936,1.0	0.032
0.291	0.391,0.203	-0.006
0.984	0.944,1.0	0.012
1.0	0.619,1.0	0.191
0.62	0.581,0.0	0.33
1.0	0.938,1.0	0.031
0.079	0.037,0.103	0.009
1.0	1.0,0.826	0.087
1.0	1.0,0.887	0.056
0.824	0.728,1.0	-0.04
1.0	0.421,1.0	0.289
0.099	0.194,0.052	-0.024
0.981	0.949,1.0	0.007
0.967	1.0,1.0	-0.033
0.431	0.677,0.69	-0.253
0.412	0.775,0.804	-0.378
0.398	NA,0.665	-0.267
0.0	1.0,NA	-1.0
0.466	0.567,0.329	0.018
0.398	0.181,0.15	0.233
0.13	0.205,0.016	0.02
1.0	0.97,0.939	0.046
1.0	0.767,1.0	0.117
0.966	0.937,1.0	-0.003
1.0	0.495,0.0	0.752
0.263	0.077,0.204	0.123
0.0	0.775,0.462	-0.619
0.654	0.803,0.739	-0.117
