ID
0
1
2
3
4
5
6
7
8
9
10
11
12
13
14
16
17
18
19
20
21
22
23
24
25
26
27
28
29
30
34
35
52
54
55
63
64
67
68
69
70
71
72
73
74
75
76
77
82
83
84
85
86
87
90
92
93
94
95
96
97
98
99
100
101
102
106
107
110
113
114
115
116
117
118
120
126
127
128
130
132
133
134
135
136
137
138
139
140
141
143
144
147
148
149
150
151
156
161
162
163
164
165
166
167
168
169
170
172
173
174
175
184
185
186
187
189
190
191
192
195
196
197
198
199
201
202
203
204
210
211
212
213
214
216
219
220
222
223
224
225
226
227
229
231
233
235
236
242
245
246
247
248
249
251
253
254
255
256
257
258
260
261
262
263
264
265
266
267
268
270
271
272
273
274
279
280
281
282
283
284
285
286
287
289
291
292
293
294
295
296
297
298
300
303
304
306
307
310
315
316
317
318
321
324
325
326
327
328
329
333
334
335
336
337
338
339
340
341
342
347
349
351
352
354
355
357
358
360
364
365
368
369
370
371
374
376
377
378
379
380
381
382
383
384
385
386
387
390
392
393
394
395
396
397
398
399
400
401
403
406
407
409
410
411
412
413
416
417
418
419
420
421
422
423
424
425
426
429
430
431
432
433
437
438
444
445
448
449
450
451
452
453
454
455
456
457
458
459
460
461
463
464
465
466
467
470
471
473
474
475
476
477
479
481
482
483
484
486
487
488
489
490
491
492
494
495
497
502
503
504
507
510
511
513
515
516
517
518
532
533
535
537
541
543
555
556
557
558
560
561
562
563
564
568
569
570
571
572
573
575
577
584
585
586
587
589
590
591
592
593
594
595
596
597
601
605
606
607
611
614
615
616
618
624
625
626
627
628
629
630
631
638
639
640
641
645
646
647
649
650
651
652
653
654
655
657
658
659
660
662
666
667
668
669
670
671
672
673
674
675
676
677
678
679
680
681
682
683
684
685
686
687
688
689
694
696
699
705
707
708
709
710
712
713
718
719
720
721
722
723
724
725
727
728
729
730
731
732
734
736
737
739
740
742
744
745
746
747
748
749
750
751
753
754
755
757
760
762
767
768
769
772
775
778
779
784
785
791
793
794
796
797
798
799
800
801
802
803
805
806
808
809
810
811
812
813
814
817
819
820
821
824
828
832
835
836
837
838
839
840
841
842
843
844
846
847
848
849
850
851
852
853
854
855
857
859
861
862
863
864
866
867
868
869
870
871
873
874
879
880
882
883
884
885
893
894
895
898
899
900
901
902
903
904
905
906
910
911
912
913
914
916
917
918
922
924
926
928
931
932
933
934
935
936
937
938
941
942
943
944
945
949
950
951
954
955
956
957
959
960
962
963
964
965
967
968
969
970
971
972
973
974
975
976
977
978
979
980
981
982
983
986
987
988
990
991
992
993
996
997
1001
1002
1003
1004
1005
1006
1007
1010
1011
1012
1015
1016
1017
1018
1020
1021
1022
1023
1024
1025
1026
1028
1029
1030
1031
1035
1036
1039
1040
1042
1043
1044
1045
1046
1047
1048
1049
1053
1055
1056
1057
1058
1062
1063
1064
1065
1066
1067
1069
1070
1072
1073
1074
1076
1077
1078
1080
1081
1083
1084
1085
1086
1087
1089
1093
1096
1097
1099
1100
1103
1104
1106
1107
1110
1111
1112
1113
1114
1115
1117
1118
1119
1120
1121
1122
1124
1128
1129
1130
1131
1132
1135
1136
1140
1144
1146
1148
1149
1150
1151
1152
1157
1158
1160
1162
1164
1166
1167
1168
1169
1170
1171
1179
1182
1186
1187
1190
1191
1192
1193
1194
1195
1196
1197
1198
1199
1201
1202
1203
1204
1206
1210
1211
1212
1213
1214
1215
1216
1218
1219
1220
1221
1222
1224
1225
1226
1227
1228
1229
1230
1233
1234
1235
1236
1237
1238
1241
1242
1244
1245
1246
1249
1250
1253
1254
1255
1256
1257
1258
1260
1261
1262
1263
1264
1265
1268
1269
1270
1271
1272
1273
1274
1275
1276
1278
1279
1280
1281
1282
1283
1284
1285
1286
1287
1288
1289
1290
1291
1292
1295
1296
1302
1303
1304
1307
1308
1309
1310
1311
1312
1313
1316
1317
1319
1320
1322
1323
1324
1325
1326
1327
1328
1329
1330
1331
1332
1333
1334
1335
1336
1337
1338
1342
1343
1344
1345
1346
1347
1348
1349
1350
1351
1352
1355
1356
1358
1359
1360
1371
1372
1373
1374
1375
1376
1377
1379
1384
1385
1386
1387
1390
1392
1394
1395
1396
1397
1400
1401
1403
1407
1409
1410
1413
1414
1415
1416
1417
1418
1420
1422
1423
1429
1430
1431
1432
1433
1434
1435
1436
1438
1440
1441
1442
1445
1446
1447
1449
1450
1453
1454
1455
1457
1458
1461
1462
1463
1465
1466
1467
1468
1470
1471
1472
1473
1474
1475
1476
1477
1478
1480
1482
1483
1484
1485
1486
1488
1489
1491
1492
1493
1494
1495
1496
1497
1499
1500
1501
1505
1506
1507
1508
1509
1511
1512
1513
1515
1517
1521
1522
1523
1524
1525
1526
1527
1529
1532
1533
1541
1542
1543
1544
1545
1546
1547
1549
1550
1551
1553
1554
1556
1557
1560
1561
1562
1563
1568
1569
1570
1573
1574
1575
1576
1577
1578
1581
1582
1583
1584
1585
1587
1588
1589
1590
1591
1604
1605
1606
1607
1608
1609
1610
1615
1618
1619
1624
1626
1630
1632
1633
1634
1636
1637
1639
1640
1642
1643
1645
1647
1648
1651
1654
1656
1662
1663
1664
1665
1666
1668
1669
1670
1674
1676
1677
1678
1679
1681
1684
1685
1687
1688
1689
1690
1691
1692
1693
1694
1697
1698
1699
1700
1701
1702
1705
1706
1707
1708
1709
1710
1711
1712
1713
1714
1715
1718
1720
1721
1722
1723
1724
1728
1730
1733
1734
1735
1736
1737
1738
1741
1742
1743
1744
1745
1746
1747
1748
1749
1751
1752
1753
1754
1755
1756
1762
1763
1764
1765
1766
1767
1769
1772
1773
1774
1775
1777
1778
1779
1781
1782
1783
1784
1785
1786
1788
1789
1790
1791
1792
1793
1794
1795
1796
1797
1798
1805
1806
1807
1808
1811
1812
1814
1816
1819
1820
1821
1822
1823
1824
1828
1829
1832
1833
1834
1835
1836
1837
1840
1843
1847
1848
1849
1850
1855
1858
1859
1864
1866
1867
1868
1869
1870
1871
1872
1873
1874
1875
1876
1877
1878
1881
1882
1883
1884
1887
1894
1895
1896
1898
1899
1900
1901
1902
1903
1904
1906
1907
1908
1909
1910
1912
1913
1914
1916
1917
1918
1919
1920
1922
1923
1927
1930
1931
1932
1933
1934
1935
1936
1939
1940
1942
1943
1945
1946
1947
1948
1949
1951
1953
1955
1956
1957
1958
1959
1960
1961
1962
1965
1968
1972
1974
1985
1986
1987
1988
1989
1990
1992
1993
1994
1995
1998
2003
2004
2007
2008
2009
2011
2012
2013
2014
2015
2016
2017
2018
2021
2022
2034
2038
2039
2040
2041
2043
2045
2046
2047
2048
2050
2052
2054
2055
2056
2057
2058
2059
2060
2061
2062
2063
2064
2065
2067
2068
2070
2071
2072
2073
2074
2075
2076
2077
2079
2081
2082
2083
2084
2104
2105
2107
2108
2109
2111
2112
2113
2116
2117
2119
2120
2121
2122
2123
2124
2125
2126
2130
2133
2134
2135
2136
2137
2138
2139
2140
2142
2143
2146
2147
2148
2149
2150
2151
2152
2153
2156
2157
2159
2160
2161
2162
2163
2164
2165
2167
2168
2169
2170
2171
2174
2175
2177
2179
2180
2181
2182
2183
2184
2185
2186
2187
2190
2191
2193
2194
2195
2196
2198
2199
2201
2202
2203
2204
2210
2211
2214
2215
2216
2217
2219
2222
2223
2224
2225
2226
2227
2228
2230
2231
2232
2233
2235
2237
2238
2239
2240
2241
2243
2244
2246
2247
2248
2249
2250
2251
2252
2253
2254
2255
2256
2258
2260
2262
2263
2265
2266
2268
2269
2270
2271
2272
2277
2278
2281
2282
2283
2284
2292
2293
2294
2296
2297
2298
2299
2310
2311
2312
2314
2315
2317
2318
2319
2323
2324
2325
2326
2327
2328
2330
2331
2333
2334
2335
2336
2339
2340
2341
2343
2344
2345
2346
2347
2349
2350
2353
2354
2355
2356
2357
2358
2359
2360
2362
2363
2364
2368
2369
2370
2371
2376
2380
2383
2384
2385
2386
2387
2388
2389
2390
2391
2392
2393
2394
2395
2396
2397
2398
2399
2400
2402
2403
2405
2406
2408
2409
2410
2415
2416
2417
2418
2419
2420
2421
2422
2423
2424
2426
2427
2428
2429
2430
2431
2432
2433
2434
2435
2436
2438
2439
2440
2441
2442
2443
2444
2446
2447
2448
2449
2450
2451
2454
2457
2460
2461
2462
2463
2464
2465
2466
2467
2469
2470
2472
2473
2474
2479
2480
2481
2482
2483
2487
2488
2489
2490
2491
2492
2495
2496
2497
2501
2502
2503
2504
2505
2507
2508
2509
2510
2511
2512
2520
2521
2522
2524
2526
2527
2528
2529
2530
2532
2534
2535
2538
2539
2541
2543
2544
2545
2546
2547
2549
2550
2551
2552
2553
2554
2555
2556
2557
2558
2559
2560
2562
2563
2564
2565
2566
2567
2568
2570
2574
2575
2577
2581
2584
2585
2587
2588
2590
2591
2592
2593
2595
2596
2597
2598
2599
2600
2601
2602
2603
2604
2605
2606
2608
2609
2611
2612
2614
2616
2617
2621
2622
2623
2624
2625
2626
2627
2628
2629
2630
2632
2634
2635
2636
2637
2638
2639
2640
2641
2642
2643
2644
2645
2646
2647
2649
2650
2651
2652
2653
2658
2660
2661
2662
2663
2664
2665
2666
2667
2668
2670
2671
2675
2683
2684
2687
2688
2690
2693
2694
2695
2696
2697
2698
2703
2704
2706
2708
2709
2710
2711
2712
2713
2714
2715
2718
2719
2720
2721
2725
2726
2727
2730
2731
2732
2733
2734
2735
2736
2744
2745
2746
2748
2749
2750
2754
2755
2756
2757
2758
2759
2760
2761
2762
2764
2766
2768
2769
2770
2776
2777
2778
2779
2780
2781
2782
2783
2784
2785
2787
2788
2789
2790
2792
2793
2795
2796
2798
2799
2802
2803
2804
2805
2806
2807
2808
2810
2811
2812
2813
2814
2815
2817
2819
2820
2821
2822
2823
2824
2825
2826
2827
2828
2829
2830
2831
2832
2838
2839
2840
2841
2849
2850
2851
2854
2856
2858
2859
2860
2861
2862
2863
2864
2865
2866
2867
2868
2869
2870
2871
2875
2876
2878
2879
2882
2885
2888
2891
2893
2898
2899
2900
2902
2904
2907
2908
2911
2913
2916
2917
2918
2919
2921
2924
2927
2928
2929
2930
2931
2932
2933
2934
2935
2936
2938
2939
2940
2941
2942
2944
2946
2947
2948
2949
2950
2952
2953
2954
2956
2957
2963
2964
2965
2966
2967
2968
2969
2971
2972
2973
2974
2975
2976
2977
2980
2981
2982
2986
2987
2989
2990
2991
2992
2993
2994
2996
2997
2998
3000
3001
3002
3003
3005
3007
3008
3009
3010
3011
3013
3014
3015
3016
3017
3018
3019
3021
3022
3024
3025
3026
3027
3028
3029
3030
3031
3032
3033
3034
3035
3040
3041
3042
3043
3044
3045
3048
3049
3050
3051
3052
3053
3055
3056
3057
3058
3059
3060
3061
3062
3063
3064
3065
3068
3069
3070
3072
3073
3074
3075
3076
3077
3079
3080
3081
3082
3084
3085
3086
3089
3090
3091
3094
3095
3096
3097
3098
3100
3101
3102
3103
3104
3105
3106
3107
3108
3109
3110
3112
3113
3114
3115
3116
3117
3118
3119
3122
3123
3124
3125
3126
3129
3130
3133
3134
3135
3137
3138
3140
3142
3143
3145
3146
3148
3150
3151
3152
3153
3154
3155
3156
3157
3158
3159
3161
3162
3163
3164
3165
3166
3169
3170
3171
3172
3175
3181
3183
3184
3188
3190
3191
3192
3193
3194
3196
3197
3198
3199
3201
3202
3204
3205
3212
3213
3214
3217
3218
3219
3220
3221
3222
3225
3226
3228
3229
3230
3237
3238
3239
3240
3241
3242
3243
3247
3249
3250
3253
3254
3255
3256
3257
3258
3259
3261
3263
3264
3266
3267
3269
3270
3271
3272
3277
3278
3282
3283
3286
3287
3289
3290
3291
3292
3297
3298
3299
3300
3301
3305
3306
3308
3309
3310
3311
3312
3314
3319
3320
3321
3322
3323
3324
3325
3326
3327
3331
3332
3333
3334
3335
3338
3339
3340
3341
3344
3345
3346
3350
3351
3352
3353
3354
3355
3358
3360
3362
3364
3367
3368
3369
3370
3372
3375
3376
3377
3378
3379
3380
3382
3384
3385
3386
3387
3389
3391
3395
3396
3397
3398
3399
3400
3401
3402
3403
3404
3406
3407
3409
3410
3411
3412
3413
3414
3415
3416
3417
3418
3419
3421
3425
3426
3427
3428
3430
3431
3432
3433
3434
3435
3436
3437
3438
3439
3440
3441
3442
3444
3446
3448
3449
3450
3453
3454
3455
3457
3458
3459
3461
3462
3463
3465
3466
3467
3468
3469
3470
3471
3472
3473
3477
3479
3480
3481
3482
3483
3484
3486
3489
3490
3491
3492
3494
3495
3496
3497
3499
3501
3502
3503
3506
3510
3511
3512
3513
3514
3515
3516
3518
3520
3521
3522
3523
3524
3526
3527
3529
3530
3531
3532
3536
3537
3538
3539
3540
3542
3544
3545
3547
3548
3549
3550
3551
3552
3554
3556
3557
3558
3559
3560
3561
3564
3565
3566
3567
3568
3569
3570
3571
3572
3573
3574
3575
3576
3577
3578
3579
3580
3582
3583
3586
3588
3589
3590
3592
3593
3594
3595
3597
3613
3615
3617
3618
3619
3620
3621
3624
3625
3626
3627
3628
3633
3634
3638
3639
3641
3645
3648
3651
3652
3653
3654
3658
3659
3660
3661
3662
3663
3664
3665
3666
3667
3668
3669
3670
3671
3672
3674
3675
3676
3677
3678
3679
3680
3681
3685
3689
3690
3691
3692
3697
3698
3699
3700
3704
3705
3706
3707
3708
3709
3710
3711
3712
3713
3714
3715
3716
3717
3718
3719
3722
3723
3724
3726
3727
3728
3730
3733
3734
3735
3736
3737
3738
3740
3741
3742
3744
3745
3748
3749
3750
3753
3754
3757
3758
3759
3760
3762
3763
3764
3765
3766
3767
3768
3770
3771
3772
3773
3775
3776
3778
3779
3780
3782
3786
3787
3788
3789
3790
3792
3793
3794
3797
3798
3799
3802
3803
3804
3805
3806
3807
3808
3809
3810
3812
3813
3814
3816
3818
3820
3823
3824
3825
3826
3827
3832
3833
3834
3835
3837
3838
3839
3840
3844
3845
3846
3847
3848
3849
3850
3851
3852
3856
3863
3866
3867
3868
3869
3873
3874
3875
3876
3877
3878
3879
3880
3881
3882
3883
3884
3885
3887
3888
3889
3890
3891
3893
3902
3904
3905
3906
3907
3908
3919
3920
3921
3923
3924
3925
3926
3927
3928
3934
3935
3938
3943
3944
3947
3948
3950
3951
3952
3953
3954
3955
3956
3959
3960
3961
3962
3963
3964
3967
3968
3970
3971
3972
3974
3976
3977
3978
3979
3980
3981
3982
3983
3984
3990
3991
3992
3994
3995
3997
3998
3999
4000
4001
4003
4004
4005
4006
4007
4008
4010
4011
4012
4013
4014
4015
4016
4017
4018
4019
4020
4021
4022
4024
4025
4027
4028
4029
4030
4035
4036
4038
4039
4040
4041
4042
4043
4045
4046
4047
4048
4049
4051
4052
4053
4054
4057
4058
4059
4062
4064
4065
4067
4069
4070
4071
4072
4073
4074
4075
4076
4078
4079
4084
4085
4086
4088
4089
4090
4092
4093
4094
4095
4096
4097
4098
4102
4103
4107
4113
4115
4116
4117
4118
4119
4121
4122
4123
4125
4127
4128
4129
4132
4133
4134
4135
4136
4137
4138
4139
4140
4141
4143
4147
4150
4151
4152
4153
4154
4155
4156
4157
4158
4159
4160
4161
4162
4164
4167
4168
4169
4170
4171
4172
4173
4174
4175
4177
4180
4182
4183
4184
4185
4186
4189
4190
4192
4194
4195
4197
4198
4200
4201
4202
4203
4204
4205
4206
4208
4209
4210
4212
4213
4214
4215
4216
4218
4220
4221
4224
4226
4227
4228
4229
4230
4231
4232
4233
4234
4235
4236
4237
4238
4241
4242
4243
4245
4246
4247
4248
4249
4253
4254
4255
4256
4258
4259
4260
4261
4262
4263
4264
4265
4268
4269
4274
4276
4277
4278
4279
4280
4282
4283
4284
4287
4290
4291
4292
4295
4298
4299
4300
4301
4302
4304
4305
4306
4308
4309
4310
4313
4314
4315
4323
4325
4326
4328
4329
4331
4332
4334
4336
4340
4341
4342
4343
4344
4345
4346
4349
4350
4351
4355
4359
4361
4362
4367
4369
4370
4371
4373
4374
4375
4376
4377
4379
4380
4381
4382
4383
4384
4385
4387
4388
4390
4391
4396
4397
4401
4403
4405
4406
4407
4410
4411
4412
4413
4414
4415
4416
4417
4418
4419
4420
4421
4423
4424
4425
4426
4427
4430
4433
4436
4437
4438
4440
4441
4442
4443
4444
4445
4447
4448
4449
4450
4451
4452
4453
4454
4455
4456
4457
4458
4459
4460
4461
4462
4463
4471
4472
4473
4474
4476
4477
4481
4482
4483
4484
4485
4486
4487
4488
4489
4491
4492
4494
4496
4497
4498
4499
4500
4502
4503
4504
4505
4508
4510
4511
4512
4513
4514
4515
4516
4517
4523
4532
4534
4536
4538
4539
4540
4541
4542
4544
4546
4550
4551
4553
4554
4556
4560
4561
4564
4565
4566
4568
4569
4570
4571
4572
4573
4575
4576
4577
4578
4579
4581
4583
4588
4589
4590
4591
4592
4593
4595
4596
4597
4598
4599
4602
4604
4605
4606
4607
4608
4610
4611
4612
4615
4616
4617
4619
4620
4621
4622
4623
4625
4626
4637
4639
4640
4641
4642
4643
4644
4645
4646
4648
4649
4652
4654
4655
4656
4657
4658
4659
4660
4661
4663
4665
4666
4667
4668
4669
4670
4672
4673
4674
4675
4678
4679
4680
4681
4682
4683
4685
4686
4687
4689
4690
4691
4692
4694
4695
4696
4698
4699
4700
4703
4705
4706
4709
4717
4719
4720
4721
4722
4725
4726
4728
4729
4730
4731
4732
4735
4736
4737
4738
4741
4742
4743
4744
4745
4746
4747
4748
4749
4750
4751
4752
4754
4755
4757
4758
4759
4761
4765
4766
4767
4768
4769
4771
4772
4773
4776
4778
4779
4781
4782
4783
4784
4785
4786
4787
4788
4789
4790
4791
4792
4793
4794
4796
4797
4798
4799
4800
4803
4809
4810
4811
4812
4813
4814
4818
4819
4821
4822
4825
4826
4827
4828
4830
4831
4832
4833
4835
4837
4839
4840
4841
4842
4846
4849
4853
4855
4856
4857
4858
4861
4862
4865
4866
4868
4869
4870
4871
4873
4874
4875
4876
4877
4880
4881
4883
4890
4891
4892
4893
4901
4902
4903
4904
4906
4909
4910
4912
4913
4914
4915
4916
4917
4918
4919
4920
4922
4924
4926
4927
4928
4930
4932
4933
4934
4935
4936
4937
4938
4944
4945
4946
4947
4948
4950
4951
4952
4953
4954
4955
4956
4957
4958
4959
4960
4961
4962
4963
4965
4966
4967
4968
4969
4970
4971
4973
4974
4975
4977
4978
4979
4980
4983
4985
4986
4987
4988
4990
4994
5008
5009
5011
5012
5013
5014
5017
5018
5019
5020
5021
5022
5023
5024
5025
5027
5029
5031
5032
5033
5034
5035
5036
5037
5038
5039
5040
5042
5043
5044
5047
5050
5051
5052
5053
5054
5057
5059
5060
5061
5062
5063
5064
5065
5066
5067
5068
5070
5072
5073
5074
5075
5076
5078
5080
5081
5082
5083
5084
5085
5088
5092
5093
5094
5096
5097
5099
5100
5101
5102
5103
5105
5106
5107
5108
5109
5110
5112
5115
5116
5119
5120
5121
5122
5123
5124
5126
5127
5129
5130
5131
5134
5135
5136
5138
5139
5140
5141
5142
5143
5144
5147
5148
5149
5153
5155
5158
5160
5161
5163
5164
5165
5166
5167
5168
5169
5170
5172
5173
5177
5179
5180
5182
5183
5184
5185
5186
5188
5189
5190
5191
5192
5194
5196
5197
5198
5199
5200
5201
5202
5203
5205
5209
5210
5211
5212
5213
5214
5215
5216
5217
5220
5221
5226
5234
5235
5236
5237
5238
5240
5241
5243
5245
5251
5252
5253
5254
5255
5256
5257
5258
5259
5265
5266
5267
5268
5269
5270
5271
5272
5273
5274
5275
5276
5277
5278
5279
5282
5283
5287
5288
5290
5291
5292
5293
5294
5296
5298
5299
5300
5307
5308
5309
5310
5311
5313
5314
5315
5320
5321
5323
5324
5325
5326
5327
5328
5329
5330
5331
5332
5333
5334
5335
5336
5337
5338
5341
5342
5343
5344
5345
5346
5347
5348
5349
5351
5352
5354
5355
5356
5357
5358
5359
5363
5364
5367
5368
5370
5371
5375
5376
5377
5379
5380
5381
5382
5383
5384
5385
5386
5387
5388
5389
5390
5391
5392
5393
5394
5395
5396
5397
5399
5400
5401
5402
5403
5404
5405
5406
5407
5409
5415
5416
5417
5420
5421
5422
5423
5426
5429
5430
5431
5432
5433
5436
5437
5439
5440
5444
5445
5446
5448
5449
5450
5451
5452
5455
5456
5458
5459
5461
5466
5468
5469
5470
5471
5478
5481
5482
5483
5484
5486
5487
5488
5489
5490
5497
5498
5514
5515
5516
5517
5518
5519
5521
5522
5523
5524
5525
5526
5527
5530
5531
5537
5540
5541
5542
5551
5552
5553
5555
5556
5557
5558
5559
5562
5565
5566
5567
5569
5570
5571
5573
5574
5575
5576
5577
5578
5579
5581
5583
5585
5586
5587
5588
5589
5590
5591
5592
5594
5598
5599
5600
5601
5602
5603
5604
5605
5606
5607
5608
5611
5612
5613
5614
5616
5618
5619
5620
5621
5623
5624
5626
5627
5628
5629
5630
5631
5632
5633
5635
5636
5637
5638
5639
5640
5642
5644
5645
5646
5647
5649
5651
5652
5654
5657
5659
5661
5664
5665
5666
5667
5668
5669
5673
5676
5677
5678
5679
5680
5681
5682
5683
5684
5687
5690
5692
5693
5694
5698
5699
5700
5701
5702
5703
5705
5707
5708
5710
5711
5712
5713
5714
5715
5716
5717
5719
5720
5721
5722
5723
5724
5725
5726
5727
5728
5730
5732
5733
5735
5737
5738
5739
5740
5741
5742
5744
5746
5747
5748
5750
5751
5752
5753
5757
5758
5759
5760
5761
5762
5763
5764
5765
5766
5776
5779
5781
5786
5790
5791
5792
5795
5797
5798
5799
5800
5801
5806
5807
5808
5811
5812
5813
5814
5815
5817
5818
5819
5820
5822
5823
5824
5825
5826
5827
5828
5829
5831
5832
5833
5835
5836
5837
5839
5842
5843
5844
5846
5847
5848
5852
5853
5854
5856
5857
5858
5859
5860
5861
5873
5878
5879
5880
5881
5882
5886
5887
5889
5891
5892
5893
5894
5895
5898
5899
5901
5902
5904
5905
5910
5914
5916
5917
5918
5919
5920
5921
5922
5924
5925
5926
5927
5929
5930
5931
5933
5937
5938
5939
5940
5944
5945
5946
5947
5948
5951
5953
5954
5957
5960
5961
5962
5964
5965
5967
5968
5969
5970
5975
5977
5978
5981
5983
5984
5988
5993
5994
5995
5998
6001
6002
6003
6004
6005
6006
6007
6008
6010
6011
6012
6013
6014
6015
6016
6017
6018
6019
6021
6024
6027
6028
6029
6031
6032
6033
6036
6037
6038
6039
6043
6048
6049
6051
6052
6054
6057
6059
6060
6062
6063
6065
6066
6067
6070
6074
6076
6077
6078
6081
6082
6083
6084
6085
6089
6090
6095
6096
6097
6098
6099
6100
6101
6107
6108
6109
6110
6111
6112
6113
6114
6115
6116
6117
6118
6119
6122
6129
6134
6137
6140
6141
6142
6143
6144
6145
6147
6149
6150
6151
6152
6155
6156
6157
6158
6159
6160
6161
6162
6163
6165
6166
6167
6168
6169
6171
6172
6173
6174
6175
6176
6177
6178
6179
6185
6186
6187
6189
6192
6193
6195
6198
6199
6200
6202
6203
6204
6208
6209
6210
6211
6212
6213
6214
6216
6217
6218
6219
6220
6221
6222
6223
6224
6225
6227
6228
6229
6230
6231
6232
6237
6238
6239
6240
6241
6242
6243
6245
6249
6251
6252
6253
6254
6255
6256
6257
6258
6260
6261
6263
6264
6265
6266
6267
6268
6269
6270
6271
6274
6277
6278
6279
6280
6281
6282
6283
6284
6285
6286
6287
6288
6289
6290
6291
6292
6302
6303
6304
6305
6307
6308
6309
6310
6311
6312
6313
6314
6315
6316
6317
6318
6319
6320
6321
6322
6323
6325
6326
6327
6330
6331
6333
6334
6335
6336
6337
6338
6339
6343
6344
6345
6349
6352
6353
6355
6356
6357
6361
6362
6363
6365
6366
6367
6368
6371
6372
6373
6374
6375
6376
6377
6378
6380
6385
6386
6387
6388
6390
6391
6393
6395
6396
6397
6399
6400
6402
6403
6405
6406
6407
6410
6415
6416
6417
6418
6419
6420
6421
6422
6423
6424
6425
6427
6429
6431
6433
6434
6435
6436
6442
6443
6445
6446
6447
6448
6450
6451
6455
6456
6457
6458
6460
6464
6465
6466
6467
6468
6469
6470
6471
6472
6473
6474
6475
6476
6478
6479
6480
6481
6483
6484
6489
6490
6491
6492
6495
6496
6498
6499
6500
6501
6502
6504
6505
6506
6507
6508
6510
6511
6512
6513
6514
6515
6516
6517
6518
6519
6520
6521
6523
6524
6525
6526
6528
6529
6531
6532
6533
6534
6544
6545
6548
6549
6550
6551
6552
6553
6554
6555
6556
6557
6558
6560
6562
6563
6564
6566
6567
6571
6573
6577
6579
6580
6582
6583
6584
6585
6586
6587
6588
6589
6590
6591
6592
6594
6595
6597
6598
6599
6600
6601
6602
6603
6604
6607
6608
6614
6615
6616
6617
6618
6619
6620
6621
6622
6623
6624
6625
6627
6628
6629
6630
6631
6632
6633
6634
6635
6637
6638
6639
6640
6642
6644
6645
6648
6649
6650
6653
6654
6655
6656
6657
6658
6659
6680
6681
6682
6683
6684
6685
6687
6688
6689
6690
6694
6695
6697
6699
6700
6701
6702
6703
6704
6706
6707
6708
6709
6710
6711
6715
6719
6720
6721
6723
6725
6728
6729
6730
6732
6733
6734
6735
6737
6738
6740
6741
6742
6743
6744
6745
6750
6752
6755
6757
6760
6762
6763
6764
6766
6767
6768
6769
6774
6775
6776
6779
6780
6781
6783
6784
6785
6786
6789
6790
6791
6792
6795
6796
6797
6801
6804
6805
6807
6813
6814
6816
6819
6820
6821
6822
6823
6824
6825
6829
6831
6833
6835
6836
6837
6838
6844
6845
6846
6847
6848
6851
6852
6853
6856
6860
6861
6862
6863
6867
6870
6871
6872
6873
6874
6875
6881
6882
6883
6884
6885
6886
6887
6892
6894
6895
6896
6897
6898
6899
6900
6902
6905
6906
6907
6908
6922
6923
6924
6925
6926
6927
6928
6929
6930
6931
6932
6933
6934
6935
6936
6938
6939
6942
6943
6944
6945
6946
6947
6948
6949
6954
6959
6960
6961
6963
6964
6969
6970
6972
6973
6976
6977
6978
6979
6980
6981
6982
6984
6985
6988
6989
6990
6991
6993
6997
7000
7005
7009
7010
7012
7013
7015
7020
7021
7022
7024
7026
7027
7028
7029
7031
7032
7033
7036
7037
7038
7039
7040
7043
7044
7046
7049
7052
7054
7055
7056
7058
7059
7062
7063
7064
7065
7066
7067
7068
7069
7070
7072
7074
7075
7076
7077
7078
7082
7083
7084
7085
7087
7088
7089
7093
7095
7096
7098
7099
7100
7102
7104
7108
7111
7112
7116
7117
7119
7126
7127
7128
7130
7136
7137
7138
7139
7140
7142
7144
7145
7146
7147
7148
7150
7151
7153
7154
7155
7156
7157
7159
7160
7163
7164
7165
7166
7167
7170
7171
7172
7178
7181
7183
7184
7188
7190
7191
7192
7193
7194
7196
7197
7198
7199
7200
7201
7202
7203
7204
7207
7208
7210
7211
7212
7213
7215
7216
7217
7218
7219
7220
7221
7222
7223
7224
7225
7226
7227
7228
7231
7232
7233
7241
7242
7243
7244
7245
7246
7247
7248
7251
7253
7256
7257
7258
7259
7260
7261
7263
7264
7265
7268
7269
7270
7271
7272
7273
7277
7278
7279
7281
7282
7283
7285
7287
7288
7289
7290
7292
7293
7294
7295
7296
7297
7298
7299
7301
7302
7303
7304
7305
7306
7307
7308
7309
7310
7311
7312
7313
7314
7315
7319
7321
7324
7325
7326
7327
7328
7329
7330
7331
7332
7333
7336
7347
7348
7349
7350
7351
7352
7353
7354
7355
7356
7357
7361
7362
7363
7365
7369
7370
7371
7372
7373
7374
7375
7376
7377
7378
7379
7380
7381
7382
7384
7385
7387
7388
7389
7390
7391
7392
7393
7395
7396
7397
7399
7400
7401
7402
7403
7404
7405
7407
7411
7412
7414
7415
7416
7417
7420
7421
7422
7423
7424
7425
7426
7427
7428
7429
7430
7432
7433
7434
7435
7436
7437
7438
7439
7440
7442
7444
7445
7447
7450
7451
7453
7454
7455
7456
7457
7459
7460
7462
7464
7465
7466
7467
7468
7469
7470
7472
7473
7477
7478
7479
7480
7481
7484
7485
7486
7488
7493
7494
7495
7496
7497
7498
7501
7503
7506
7507
7508
7510
7511
7512
7513
7514
7516
7517
7518
7519
7520
7521
7522
7523
7524
7525
7527
7528
7530
7531
7534
7535
7536
7537
7540
7541
7543
7545
7546
7553
7554
7556
7557
7558
7559
7565
7567
7568
7569
7570
7579
7580
7581
7583
7584
7585
7586
7587
7592
7593
7601
7602
7604
7606
7607
7608
7609
7610
7611
7612
7613
7615
7616
7617
7619
7620
7621
7622
7623
7624
7625
7626
7627
7628
7629
7630
7631
7632
7633
7634
7635
7636
7637
7638
7640
7641
7642
7643
7644
7648
7649
7652
7654
7655
7656
7657
7658
7662
7664
7665
7666
7669
7670
7671
7672
7673
7674
7675
7676
7677
7678
7679
7680
7682
7683
7684
7685
7686
7687
7688
7689
7691
7692
7693
7694
7695
7698
7699
7700
7702
7703
7704
7705
7706
7707
7710
7711
7712
7713
7714
7716
7717
7720
7722
7724
7726
7727
7728
7729
7730
7731
7732
7733
7734
7735
7736
7737
7738
7739
7740
7743
7744
7745
7746
7747
7748
7749
7750
7754
7755
7756
7757
7758
7760
7761
7762
7766
7767
7768
7769
7770
7771
7772
7774
7775
7777
7778
7779
7781
7782
7784
7787
7788
7791
7792
7793
7794
7795
7796
7798
7802
7803
7805
7806
7807
7808
7811
7812
7817
7819
7820
7821
7822
7823
7827
7830
7831
7832
7834
7835
7836
7838
7845
7846
7848
7849
7850
7851
7854
7856
7857
7858
7859
7861
7862
7863
7864
7865
7867
7868
7869
7870
7871
7872
7873
7874
7876
7878
7880
7883
7884
7888
7897
7898
7899
7900
7901
7902
7903
7904
7905
7907
7908
7911
7912
7913
7914
7916
7917
7918
7919
7921
7924
7926
7927
7928
7930
7931
7935
7936
7937
7938
7939
7940
7942
7943
7944
7945
7946
7947
7948
7949
7951
7953
7954
7955
7956
7957
7958
7959
7960
7961
7962
7963
7964
7965
7966
7967
7968
7970
7973
7974
7975
7976
7979
7980
7982
7983
7984
7985
7986
7988
7989
7990
7991
7992
7993
7994
7996
7997
7998
8002
8004
8005
8006
8007
8009
8014
8015
8016
8017
8018
8019
8020
8021
8022
8023
8024
8025
8026
8030
8031
8032
8035
8038
8042
8043
8044
8051
8052
8055
8057
8058
8060
8061
8062
8063
8066
8067
8069
8070
8071
8072
8076
8077
8078
8079
8082
8084
8087
8090
8092
8095
8096
8097
8098
8101
8102
8105
8108
8109
8112
8113
8115
8116
8119
8120
8122
8123
8125
8127
8132
8133
8134
8137
8138
8140
8141
8142
8143
8144
8145
8146
8147
8148
8150
8154
8155
8156
8157
8158
8159
8160
8161
8162
8164
8165
8166
8167
8169
8170
8171
8172
8174
8175
8177
8178
8179
8180
8181
8184
8185
8186
8190
8191
8192
8193
8194
8195
8197
8198
8201
8202
8204
8205
8207
8209
8211
8215
8216
8217
8218
8219
8221
8229
8231
8233
8234
8235
8238
8239
8240
8241
8242
8243
8244
8249
8250
8251
8252
8253
8254
8259
8260
8261
8262
8263
8264
8265
8268
8269
8270
8271
8284
8285
8287
8288
8289
8290
8291
8292
8293
8294
8296
8297
8298
8299
8300
8301
8303
8304
8305
8306
8307
8308
8309
8310
8311
8312
8313
8314
8317
8318
8319
8322
8323
8324
8325
8326
8327
8328
8329
8330
8331
8332
8333
8335
8337
8338
8339
8342
8344
8345
8348
8350
8351
8352
8353
8354
8355
8356
8357
8358
8359
8361
8362
8364
8365
8366
8367
8368
8369
8370
8372
8373
8375
8379
8381
8383
8384
8387
8388
8389
8390
8391
8392
8393
8398
8402
8404
8405
8407
8408
8409
8410
8411
8412
8414
8415
8416
8417
8420
8421
8424
8425
8427
8428
8434
8435
8436
8437
8438
8440
8441
8442
8443
8444
8445
8446
8447
8448
8449
8450
8452
8454
8459
8461
8462
8463
8464
8465
8468
8473
8474
8475
8477
8478
8481
8482
8483
8486
8487
8488
8489
8491
8492
8493
8494
8495
8497
8507
8508
8509
8510
8511
8512
8513
8514
8516
8517
8522
8524
8526
8528
8529
8530
8531
8535
8538
8539
8540
8541
8543
8545
8546
