ID
1
2
11
13
14
15
17
18
23
24
25
36
37
40
41
42
43
45
46
47
48
49
50
51
54
56
57
58
61
62
63
64
65
66
67
68
70
71
73
75
76
79
81
83
84
85
86
87
88
89
90
91
92
94
96
97
99
100
102
104
105
112
113
114
115
116
120
122
123
124
126
128
129
130
131
137
139
141
142
143
144
145
146
147
149
153
154
155
157
158
160
161
162
167
168
169
170
171
172
173
176
177
181
185
186
189
191
192
194
195
196
197
199
200
201
203
204
205
207
208
209
210
211
212
213
215
216
217
220
221
222
223
225
226
227
228
229
230
231
233
235
236
240
241
242
244
245
247
248
249
251
252
253
256
257
258
259
260
261
263
266
267
268
269
270
272
273
274
275
276
277
281
282
284
285
286
287
288
289
290
291
292
293
294
295
296
297
299
300
301
302
303
305
306
307
308
311
312
314
315
316
317
318
319
320
326
329
330
331
332
333
334
335
336
337
338
339
340
342
345
346
347
348
349
350
352
353
356
358
359
361
362
364
365
366
367
368
369
370
371
372
374
375
376
379
380
381
382
383
385
386
387
388
389
390
392
393
395
396
398
399
400
401
402
403
404
405
406
407
408
409
410
412
413
414
415
416
417
420
421
422
423
425
426
427
428
429
431
432
433
434
436
437
438
439
440
441
442
443
444
445
447
448
449
450
451
453
454
455
460
461
463
465
466
467
468
470
471
472
473
474
475
476
477
480
481
482
483
484
486
487
488
489
490
491
492
493
495
496
497
498
499
500
501
502
503
504
505
506
507
508
509
510
511
512
513
514
515
516
522
523
524
525
526
527
531
532
533
535
536
537
538
539
542
543
544
545
546
547
548
549
551
552
555
556
557
559
560
561
562
565
566
568
569
570
571
572
574
575
576
577
578
579
580
581
582
583
584
585
586
588
589
590
591
592
593
594
596
597
598
600
601
603
605
609
618
619
622
623
624
625
626
628
630
631
634
635
638
642
643
644
645
646
648
649
650
651
654
656
657
658
660
665
666
667
668
669
670
671
672
673
674
675
676
677
678
679
680
681
682
683
686
687
688
689
690
691
692
693
694
695
696
697
698
699
700
701
702
703
704
706
708
709
710
711
712
713
714
715
718
720
721
722
723
725
726
728
729
730
731
732
733
734
736
737
739
740
741
742
743
745
746
747
748
750
752
753
754
756
757
758
760
761
762
763
765
767
768
769
771
772
773
774
775
776
777
779
780
781
782
783
785
786
787
788
789
790
791
793
794
796
797
799
800
801
804
806
807
808
812
817
819
821
822
823
824
825
829
830
831
832
833
834
835
836
837
839
841
842
843
845
851
852
853
857
861
862
863
864
866
867
868
869
870
871
873
875
876
877
886
888
890
891
892
893
897
899
900
901
902
904
905
906
908
911
912
913
914
915
916
917
918
919
920
921
923
924
925
926
927
928
931
933
934
935
936
937
941
942
943
946
947
948
949
951
953
954
955
956
961
965
966
967
968
971
972
974
976
977
978
979
980
981
982
983
984
985
986
989
993
994
998
1000
1001
1006
1007
1008
1009
1010
1011
1013
1014
1020
1021
1022
1025
1030
1032
1035
1036
1037
1038
1039
1040
1042
1043
1044
1048
1050
1051
1052
1053
1054
1056
1057
1058
1059
1060
1061
1062
1063
1064
1065
1066
1068
1069
1071
1072
1073
1074
1075
1076
1077
1078
1079
1080
1084
1085
1086
1087
1088
1089
1090
1092
1093
1094
1095
1096
1097
1098
1099
1101
1102
1103
1104
1105
1108
1111
1112
1113
1114
1116
1117
1119
1120
1121
1122
1123
1124
1126
1127
1128
1129
1130
1131
1134
1135
1136
1139
1140
1141
1142
1143
1144
1145
1147
1148
1149
1150
1151
1159
1160
1162
1163
1164
1165
1167
1168
1170
1173
1176
1177
1178
1180
1181
1182
1183
1184
1185
1187
1188
1190
1191
1192
1193
1194
1195
1196
1197
1198
1199
1200
1202
1205
1206
1207
1208
1209
1210
1211
1212
1213
1214
1215
1216
1217
1219
1220
1227
1229
1230
1231
1234
1238
1239
1240
1241
1242
1243
1244
1245
1246
1252
1254
1256
1258
1259
1260
1261
1262
1263
1265
1266
1267
1268
1271
1272
1274
1275
1276
1277
1278
1279
1280
1281
1282
1283
1287
1289
1291
1292
1293
1294
1295
1296
1297
1298
1299
1300
1301
1302
1303
1304
1305
1306
1307
1310
1311
1312
1315
1316
1323
1324
1329
1333
1335
1336
1337
1338
1341
1342
1343
1344
1346
1347
1348
1349
1350
1351
1352
1353
1354
1355
1357
1360
1362
1363
1364
1365
1366
1368
1369
1370
1371
1372
1373
1374
1375
1377
1379
1380
1381
1382
1383
1386
1389
1391
1393
1394
1395
1396
1397
1398
1399
1400
1403
1406
1408
1409
1410
1413
1414
1415
1416
1417
1418
1419
1420
1421
1423
1424
1425
1426
1427
1428
1429
1430
1431
1432
1433
1434
1435
1438
1439
1441
1442
1443
1444
1445
1446
1447
1448
1449
1450
1451
1452
1453
1454
1455
1457
1458
1459
1460
1461
1464
1465
1466
1469
1474
1475
1476
1477
1478
1479
1480
1481
1482
1483
1489
1491
1492
1493
1494
1495
1496
1497
1498
1499
1500
1515
1517
1518
1522
1523
1524
1525
1526
1528
1529
1530
1531
1532
1533
1534
1535
1536
1538
1539
1540
1541
1543
1547
1551
1552
1555
1556
1557
1559
1560
1561
1562
1563
1564
1565
1566
1570
1573
1574
1575
1576
1577
1578
1579
1580
1581
1584
1585
1586
1588
1589
1590
1591
1594
1595
1596
1598
1599
1600
1601
1602
1603
1604
1605
1606
1607
1609
1610
1611
1613
1621
1625
1627
1628
1629
1630
1631
1632
1634
1637
1640
1641
1642
1647
1648
1649
1651
1652
1653
1654
1655
1656
1657
1658
1659
1660
1661
1662
1663
1664
1665
1666
1667
1670
1672
1673
1675
1676
1677
1678
1679
1680
1684
1685
1686
1687
1688
1689
1690
1691
1692
1693
1694
1695
1696
1697
1698
1699
1700
1701
1702
1704
1705
1715
1717
1718
1720
1722
1723
1724
1725
1726
1727
1729
1733
1734
1735
1736
1737
1738
1740
1742
1743
1744
1746
1747
1748
1749
1751
1752
1754
1756
1757
1758
1759
1760
1761
1763
1767
1774
1775
1778
1779
1782
1785
1786
1788
1789
1790
1791
1793
1794
1796
1797
1798
1799
1803
1805
1806
1807
1808
1809
1810
1811
1813
1816
1817
1818
1819
1820
1821
1822
1823
1824
1825
1826
1827
1828
1829
1830
1831
1832
1833
1836
1837
1838
1839
1840
1841
1842
1843
1844
1845
1846
1848
1852
1853
1854
1856
1857
1858
1859
1860
1862
1864
1866
1867
1870
1871
1872
1873
1874
1877
1878
1879
1880
1881
1882
1887
1888
1890
1891
1892
1895
1898
1899
1900
1901
1907
1908
1912
1913
1915
1916
1918
1919
1920
1921
1922
1924
1925
1926
1930
1934
1935
1936
1937
1938
1939
1940
1941
1944
1945
1947
1959
1960
1961
1962
1964
1965
1966
1967
1968
1969
1970
1971
1973
1974
1975
1976
1977
1978
1979
1981
1982
1983
1984
1986
1987
1989
1990
1991
1992
1993
1994
1995
1997
1998
1999
2000
2001
2002
2003
2004
2007
2008
2009
2011
2012
2013
2014
2015
2016
2018
2020
2021
2022
2023
2024
2025
2027
2028
2029
2031
2033
2034
2036
2039
2041
2042
2043
2044
2045
2047
2048
2049
2050
2051
2052
2053
2055
2056
2057
2058
2059
2060
2061
2063
2066
2067
2068
2071
2072
2073
2074
2076
2078
2079
2080
2081
2082
2083
2084
2085
2086
2087
2089
2090
2091
2092
2093
2094
2095
2096
2097
2098
2102
2103
2111
2112
2113
2114
2115
2116
2118
2119
2120
2126
2128
2134
2136
2137
2138
2139
2140
2141
2142
2143
2144
2151
2152
2153
2154
2156
2157
2160
2161
2162
2163
2164
2165
2166
2168
2169
2170
2178
2179
2182
2183
2184
2185
2186
2187
2188
2189
2190
2193
2194
2195
2198
2199
2200
2204
2205
2206
2207
2208
2209
2210
2216
2217
2219
2223
2224
2226
2227
2228
2230
2232
2233
2235
2236
2237
2238
2239
2240
2241
2242
2243
2246
2247
2248
2249
2250
2251
2252
2254
2258
2262
2263
2264
2266
2267
2269
2270
2272
2273
2274
2275
2277
2279
2280
2281
2282
2284
2285
2287
2288
2289
2291
2292
2295
2297
2300
2301
2302
2303
2305
2306
2307
2308
2309
2310
2311
2313
2316
2317
2318
2323
2324
2326
2327
2328
2329
2331
2332
2333
2334
2335
2336
2337
2339
2341
2342
2343
2344
2345
2346
2347
2348
2350
2357
2360
2365
2366
2367
2368
2369
2371
2372
2373
2374
2375
2380
2381
2383
2385
2393
2394
2404
2405
2406
2408
2409
2413
2416
2418
2419
2420
2421
2422
2423
2424
2425
2427
2429
2432
2433
2434
2435
2437
2438
2441
2443
2444
2446
2448
2449
2451
2452
2454
2455
2456
2457
2459
2461
2462
2463
2464
2466
2467
2468
2470
2471
2472
2473
2474
2475
2476
2477
2478
2479
2480
2482
2483
2484
2485
2486
2487
2488
2489
2490
2492
2493
2494
2495
2496
2497
2498
2499
2502
2503
2504
2505
2506
2507
2508
2509
2510
2511
2512
2513
2515
2516
2517
2520
2523
2524
2526
2527
2528
2529
2530
2531
2532
2534
2535
2536
2537
2538
2539
2541
2542
2543
2544
2546
2547
2548
2549
2550
2552
2554
2555
2556
2559
2560
2561
2562
2564
2570
2571
2572
2573
2574
2575
2576
2578
2579
2581
2582
2585
2586
2589
2590
2592
2595
2596
2597
2598
2599
2600
2602
2603
2604
2605
2606
2607
2608
2609
2610
2611
2613
2614
2615
2616
2617
2618
2619
2620
2621
2626
2627
2628
2630
2631
2632
2635
2639
2641
2642
2648
2650
2654
2657
2658
2659
2660
2661
2663
2664
2665
2666
2667
2668
2669
2670
2671
2674
2675
2676
2677
2678
2680
2681
2682
2683
2684
2686
2687
2688
2690
2691
2693
2694
2695
2696
2699
2700
2701
2702
2703
2705
2706
2707
2708
2709
2710
2711
2714
2716
2720
2722
2723
2724
2725
2730
2732
2733
2734
2735
2739
2740
2743
2746
2747
2748
2749
2750
2751
2752
2755
2756
2757
2758
2759
2761
2762
2763
2764
2765
2766
2769
2770
2771
2772
2773
2774
2776
2777
2778
2779
2780
2782
2783
2784
2785
2786
2787
2791
2792
2793
2795
2797
2801
2803
2804
2805
2807
2808
2809
2810
2811
2812
2814
2815
2816
2817
2818
2819
2821
2823
2824
2825
2826
2827
2828
2830
2831
2832
2833
2834
2835
2836
2837
2838
2842
2843
2844
2845
2846
2847
2848
2849
2850
2851
2853
2857
2858
2859
2866
2867
2869
2873
2874
2876
2877
2880
2881
2882
2884
2886
2887
2888
2889
2890
2891
2892
2894
2895
2898
2900
2902
2903
2904
2905
2906
2907
2908
2909
2910
2911
2913
2915
2920
2921
2922
2925
2929
2931
2932
2939
2940
2941
2942
2943
2944
2945
2946
2947
2948
2949
2951
2953
2954
2955
2956
2957
2964
2965
2966
2967
2968
2969
2970
2971
2973
2977
2978
2979
2980
2981
2982
2983
2984
2985
2986
2987
2988
2989
2990
2991
2992
2994
2995
2996
2997
2998
2999
3000
3001
3002
3003
3005
3008
3009
3010
3011
3012
3013
3015
3016
3017
3018
3020
3021
3023
3024
3025
3027
3028
3029
3032
3033
3034
3035
3036
3039
3040
3042
3043
3044
3045
3046
3047
3048
3049
3050
3052
3053
3054
3056
3057
3058
3059
3060
3061
3062
3063
3064
3065
3068
3071
3072
3073
3074
3076
3078
3079
3080
3081
3082
3083
3084
3085
3086
3087
3089
3090
3091
3094
3097
3099
3100
3101
3103
3104
3105
3106
3108
3109
3110
3111
3112
3115
3117
3119
3120
3121
3122
3124
3127
3128
3131
3132
3133
3134
3135
3137
3138
3139
3140
3141
3142
3145
3147
3148
3149
3152
3153
3154
3157
3158
3159
3162
3163
3164
3165
3166
3170
3171
3172
3173
3175
3176
3177
3178
3181
3182
3183
3186
3187
3188
3189
3190
3191
3192
3193
3194
3195
3196
3197
3199
3200
3201
3203
3205
3206
3207
3208
3209
3210
3213
3215
3216
3217
3225
3227
3228
3233
3234
3235
3237
3238
3239
3240
3241
3243
3246
3247
3249
3251
3252
3253
3254
3255
3257
3260
3264
3265
3267
3268
3269
3270
3273
3275
3276
3277
3278
3282
3284
3285
3286
3289
3290
3293
3296
3297
3298
3299
3300
3301
3302
3303
3304
3306
3309
3310
3311
3312
3313
3314
3316
3319
3320
3321
3325
3326
3327
3329
3330
3331
3332
3333
3334
3335
3336
3337
3340
3342
3344
3345
3346
3347
3348
3350
3353
3354
3355
3356
3357
3358
3359
3360
3361
3362
3363
3365
3366
3367
3369
3370
3371
3372
3374
3377
3378
3379
3380
3381
3383
3384
3386
3387
3388
3389
3391
3392
3393
3395
3404
3405
3408
3409
3410
3414
3415
3416
3417
3418
3419
3423
3424
3425
3426
3427
3428
3429
3432
3434
3435
3436
3437
3438
3439
3441
3442
3443
3444
3445
3447
3448
3449
3451
3454
3455
3456
3459
3461
3463
3464
3466
3469
3470
3471
3472
3473
3476
3478
3482
3483
3484
3485
3486
3489
3491
3492
3493
3495
3496
3497
3500
3501
3502
3504
3505
3506
3507
3508
3509
3510
3511
3514
3515
3516
3518
3519
3521
3522
3526
3527
3529
3530
3532
3533
3534
3535
3536
3537
3538
3539
3540
3542
3543
3544
3545
3547
3548
3549
3550
3551
3552
3553
3554
3555
3556
3557
3558
3560
3561
3562
3563
3564
3565
3567
3568
3570
3576
3577
3578
3579
3580
3581
3582
3583
3584
3587
3588
3589
3590
3591
3592
3594
3595
3598
3599
3600
3601
3602
3604
3605
3606
3607
3608
3609
3610
3611
3612
3613
3614
3615
3616
3618
3619
3620
3621
3623
3624
3628
3629
3631
3634
3636
3637
3638
3641
3642
3643
3644
3645
3646
3647
3648
3649
3650
3652
3654
3655
3656
3657
3658
3659
3666
3670
3672
3675
3676
3677
3678
3679
3680
3681
3682
3683
3684
3686
3687
3694
3695
3696
3698
3699
3705
3706
3707
3708
3709
3710
3711
3712
3713
3715
3717
3718
3719
3720
3721
3722
3725
3728
3734
3735
3736
3737
3738
3739
3740
3741
3742
3743
3744
3745
3746
3748
3749
3750
3752
3753
3755
3757
3761
3763
3771
3772
3773
3775
3778
3780
3781
3782
3783
3784
3785
3786
3787
3789
3790
3792
3794
3795
3797
3798
3799
3800
3803
3804
3806
3807
3808
3809
3810
3812
3815
3816
3817
3818
3821
3822
3823
3826
3829
3830
3831
3832
3833
3834
3835
3836
3837
3843
3846
3847
3848
3849
3852
3853
3854
3855
3856
3859
3860
3861
3862
3863
3864
3865
3866
3869
3870
3871
3872
3873
3874
3876
3878
3880
3881
3883
3884
3885
3886
3887
3888
3889
3890
3891
3893
3894
3895
3899
3900
3901
3902
3904
3911
3916
3917
3919
3920
3921
3922
3923
3924
3926
3929
3930
3932
3933
3934
3935
3936
3938
3939
3940
3941
3942
3944
3950
3952
3953
3954
3955
3956
3957
3958
3963
3965
3966
3967
3970
3971
3972
3973
3974
3975
3976
3977
3978
3980
3985
3986
3988
3989
3990
3991
3993
3994
3997
3999
4000
4002
4006
4007
4008
4009
4010
4011
4013
4014
4015
4016
4017
4018
4019
4022
4023
4024
4025
4026
4027
4028
4033
4035
4036
4037
4038
4039
4040
4042
4043
4044
4049
4050
4051
4052
4053
4055
4056
4062
4064
4065
4067
4068
4069
4070
4078
4079
4080
4081
4082
4083
4084
4085
4086
4087
4088
4089
4090
4091
4094
4095
4097
4098
4099
4100
4101
4102
4103
4104
4105
4106
4107
4109
4111
4112
4113
4114
4115
4116
4117
4118
4119
4120
4122
4123
4125
4126
4127
4128
4129
4142
4144
4145
4146
4148
4149
4150
4152
4156
4157
4158
4159
4160
4161
4164
4165
4166
4167
4170
4171
4172
4173
4174
4175
4176
4177
4180
4182
4185
4186
4187
4188
4189
4190
4191
4192
4194
4195
4196
4197
4199
4201
4202
4205
4206
4207
4208
4209
4210
4211
4214
4215
4219
4220
4221
4222
4225
4226
4228
4230
4231
4232
4235
4236
4237
4240
4242
4243
4245
4246
4247
4248
4253
4255
4256
4257
4258
4259
4261
4262
4263
4264
4267
4268
4270
4271
4273
4275
4276
4277
4278
4280
4284
4285
4289
4290
4291
4292
4293
4294
4295
4296
4297
4298
4300
4301
4304
4306
4307
4308
4309
4310
4311
4312
4313
4314
4315
4316
4318
4319
4320
4324
4325
4326
4327
4328
4329
4330
4331
4333
4334
4335
4336
4337
4338
4339
4340
4342
4345
4346
4348
4349
4350
4353
4354
4356
4357
4359
4360
4361
4362
4364
4366
4367
4369
4370
4372
4374
4376
4377
4378
4379
4380
4381
4382
4383
4384
4386
4387
4388
4390
4391
4392
4394
4396
4397
4398
4399
4402
4403
4404
4405
4407
4408
4410
4411
4412
4413
4414
4415
4418
4419
4421
4422
4424
4426
4428
4429
4431
4433
4434
4435
4437
4438
4440
4441
4442
4443
4444
4445
4446
4448
4449
4452
4453
4456
4458
4459
4461
4464
4465
4466
4470
4471
4472
4473
4474
4475
4476
4477
4478
4483
4484
4485
4491
4492
4500
4501
4502
4503
4506
4511
4512
4513
4514
4516
4517
4518
4519
4520
4525
4526
4529
4533
4534
4535
4537
4539
4541
4547
4548
4550
4551
4552
4553
4554
4555
4556
4557
4558
4559
4560
4561
4563
4566
4568
4571
4572
4575
4576
4577
4578
4579
4581
4582
4583
4584
4585
4594
4595
4596
4603
4605
4610
4611
4613
4615
4616
4619
4620
4621
4623
4629
4634
4635
4636
4638
4639
4643
4645
4646
4647
4648
4649
4652
4653
4654
4655
4656
4658
4661
4663
4664
4666
4669
4670
4671
4673
4674
4675
4676
4677
4678
4679
4680
4681
4682
4683
4684
4685
4686
4687
4689
4692
4693
4694
4696
4697
4698
4699
4700
4701
4703
4704
4706
4707
4708
4709
4710
4712
4713
4714
4715
4720
4722
4723
4724
4725
4726
4727
4728
4731
4732
4733
4734
4735
4736
4737
4738
4739
4740
4741
4742
4743
4744
4745
4747
4748
4749
4750
4751
4754
4755
4756
4758
4760
4761
4763
4764
4765
4766
4767
4768
4769
4771
4772
4773
4774
4775
4776
4777
4778
4779
4781
4782
4787
4788
4799
4800
4801
4802
4803
4805
4806
4807
4808
4809
4810
4811
4814
4818
4819
4820
4821
4824
4825
4828
4829
4831
4833
4834
4835
4837
4838
4839
4840
4841
4842
4845
4846
4848
4850
4852
4854
4855
4856
4857
4858
4859
4861
4862
4863
4864
4865
4868
4871
4872
4873
4874
4875
4876
4881
4882
4883
4884
4885
4886
4887
4889
4890
4892
4893
4899
4900
4903
4904
4905
4907
4909
4912
4913
4914
4916
4919
4920
4924
4925
4926
4928
4937
4938
4941
4942
4943
4944
4947
4948
4949
4950
4952
4953
4956
4957
4958
4959
4960
4961
4962
4963
4964
4967
4968
4969
4970
4971
4972
4973
4974
4975
4978
4979
4980
4982
4983
4984
4986
4987
4988
4989
4990
4991
4992
4993
4994
4995
4996
4997
4998
4999
5000
5001
5002
5005
5006
5007
5008
5009
5010
5011
5014
5015
5017
5018
5026
5027
5029
5031
5033
5034
5035
5036
5037
5039
5040
5041
5042
5051
5052
5053
5056
5057
5058
5059
5060
5061
5062
5064
5065
5066
5067
5068
5069
5070
5071
5072
5073
5075
5076
5077
5079
5080
5082
5083
5084
5085
5087
5088
5089
5090
5091
5092
5093
5094
5097
5098
5099
5100
5101
5102
5103
5105
5106
5107
5111
5112
5113
5114
5115
5116
5118
5119
5120
5121
5122
5124
5125
5126
5127
5128
5129
5130
5132
5133
5134
5136
5137
5139
5140
5141
5143
5145
5146
5147
5148
5149
5150
5152
5154
5155
5156
5157
5158
5161
5163
5164
5166
5169
5170
5171
5172
5173
5174
5175
5176
5177
5178
5179
5180
5181
5183
5184
5185
5187
5188
5189
5190
5191
5192
5193
5194
5195
5196
5197
5198
5201
5202
5203
5204
5205
5206
5207
5209
5210
5211
5214
5215
5216
5217
5218
5219
5220
5221
5222
5223
5224
5225
5227
5229
5232
5233
5234
5235
5236
5237
5238
5246
5247
5248
5249
5251
5256
5257
5258
5260
5261
5262
5263
5266
5267
5269
5270
5273
5274
5276
5277
5278
5279
5280
5281
5282
5283
5284
5285
5286
5287
5288
5290
5291
5292
5293
5294
5295
5296
5297
5298
5299
5300
5302
5304
5305
5307
5310
5312
5313
5315
5316
5317
5318
5319
5321
5322
5323
5325
5326
5328
5329
5330
5331
5342
5343
5344
5345
5346
5349
5352
5353
5354
5357
5358
5359
5360
5362
5363
5364
5366
5367
5372
5373
5374
5375
5376
5377
5378
5380
5381
5382
5383
5384
5385
5386
5388
5389
5391
5392
5393
5394
5395
5396
5397
5398
5399
5400
5402
5403
5404
5405
5406
5407
5410
5412
5414
5415
5417
5419
5420
5422
5424
5426
5427
5428
5430
5431
5432
5435
5436
5437
5439
5440
5442
5443
5444
5445
5446
5447
5449
5450
5451
5452
5453
5454
5455
5459
5461
5462
5463
5464
5465
5468
5469
5470
5471
5474
5475
5476
5477
5478
5481
5485
5486
5487
5488
5489
5490
5491
5492
5493
5494
5496
5497
5503
5504
5508
5509
5510
5511
5512
5513
5514
5516
5517
5518
5519
5524
5525
5529
5530
5531
5532
5536
5537
5541
5543
5544
5545
5546
5547
5548
5549
5550
5551
5552
5553
5554
5555
5556
5557
5558
5559
5560
5561
5562
5571
5572
5574
5575
5576
5577
5578
5579
5580
5581
5582
5583
5585
5586
5588
5589
5590
5591
5592
5594
5595
5596
5597
5598
5599
5600
5601
5603
5604
5605
5608
5609
5610
5611
5614
5616
5617
5618
5619
5620
5622
5623
5626
5627
5629
5630
5631
5632
5633
5634
5638
5639
5640
5641
5644
5645
5646
5647
5648
5649
5653
5654
5655
5656
5657
5658
5661
5662
5663
5664
5667
5669
5670
5672
5673
5675
5676
5678
5679
5680
5681
5682
5684
5685
5687
5688
5694
5695
5696
5697
5698
5699
5701
5702
5703
5706
5707
5711
5716
5717
5720
5721
5723
5724
5727
5728
5729
5730
5731
5732
5737
5738
5743
5744
5746
5747
5748
5749
5753
5754
5757
5763
5766
5768
5769
5770
5771
5772
5773
5776
5777
5778
5779
5780
5781
5783
5784
5785
5787
5789
5791
5792
5793
5794
5795
5796
5797
5798
5799
5800
5801
5802
5803
5804
5806
5808
5809
5810
5812
5813
5814
5816
5818
5819
5820
5822
5823
5824
5827
5831
5834
5840
5842
5843
5844
5845
5848
5849
5850
5851
5852
5856
5859
5862
5863
5866
5868
5869
5870
5872
5873
5874
5875
5876
5877
5879
5880
5887
5888
5889
5890
5891
5892
5894
5895
5896
5900
5905
5906
5909
5910
5911
5912
5913
5914
5915
5916
5917
5918
5919
5928
5929
5934
5935
5936
5937
5938
5939
5940
5941
5942
5944
5945
5946
5947
5948
5949
5950
5951
5952
5954
5955
5956
5958
5961
5962
5964
5965
5966
5967
5968
5969
5971
5972
5973
5976
5978
5980
5988
5989
5990
5991
5992
5993
5994
5996
5997
5998
5999
6004
6005
6006
6007
6009
6012
6013
6014
6015
6016
6017
6019
6020
6021
6023
6024
6029
6030
6031
6033
6034
6036
6037
6038
6039
6040
6045
6046
6048
6052
6056
6057
6058
6059
6060
6062
6063
6064
6065
6067
6070
6071
6072
6075
6076
6077
6078
6079
6080
6081
6082
6084
6087
6088
6089
6090
6091
6094
6095
6097
6098
6101
6102
6103
6104
6105
6106
6107
6108
6109
6110
6111
6112
6113
6114
6115
6121
6122
6123
6124
6125
6126
6127
6128
6129
6130
6131
6132
6133
6134
6135
6136
6137
6138
6139
6141
6142
6143
6145
6146
6147
6149
6154
6155
6158
6159
6160
6164
6165
6166
6167
6169
6170
6172
6173
6174
6175
6176
6178
6179
6180
6181
6182
6183
6184
6185
6187
6188
6191
6192
6193
6194
6200
6201
6206
6212
6213
6215
6216
6218
6220
6222
6223
6224
6225
6226
6228
6229
6230
6234
6236
6237
6240
6243
6244
6245
6247
6248
6249
6250
6251
6252
6253
6254
6255
6256
6257
6258
6262
6263
6264
6265
6266
6267
6268
6269
6271
6273
6275
6277
6280
6281
6283
6285
6286
6292
6293
6294
6296
6297
6299
6300
6301
6302
6303
6304
6306
6307
6308
6312
6313
6317
6321
6323
6325
6326
6327
6329
6331
6332
6333
6334
6335
6336
6339
6340
6341
6344
6346
6347
6349
6350
6351
6352
6353
6354
6355
6356
6357
6358
6359
6361
6362
6363
6367
6368
6373
6374
6376
6377
6378
6380
6381
6383
6385
6388
6389
6390
6391
6394
6397
6398
6399
6400
6401
6402
6404
6405
6406
6407
6409
6412
6413
6414
6415
6416
6417
6418
6419
6421
6422
6423
6424
6425
6427
6428
6429
6430
6433
6434
6435
6436
6438
6439
6440
6442
6444
6448
6449
6450
6451
6452
6453
6455
6456
6457
6459
6460
6461
6462
6463
6464
6465
6468
6469
6470
6471
6472
6473
6474
6475
6477
6479
6480
6481
6485
6488
6489
6490
6491
6494
6495
6496
6498
6499
6500
6501
6502
6503
6507
6511
6512
6513
6514
6515
6517
6519
6523
6524
6525
6526
6527
6528
6529
6531
6533
6535
6536
6537
6538
6542
6551
6552
6554
6555
6556
6557
6558
6559
6560
6563
6564
6566
6567
6568
6569
6570
6571
6572
6573
6577
6578
6579
6580
6581
6582
6583
6586
6588
6589
6590
6592
6594
6595
6596
6597
6598
6599
6600
6601
6603
6604
6605
6606
6607
6608
6609
6610
6611
6612
6613
6614
6616
6617
6618
6621
6622
6624
6625
6626
6627
6629
6630
6632
6633
6634
6635
6636
6640
6641
6642
6643
6644
6645
6646
6647
6649
6650
6651
6652
6653
6655
6661
6662
6663
6664
6665
6669
6672
6678
6679
6680
6684
6685
6686
6687
6689
6690
6691
6692
6693
6694
6695
6702
6703
6707
6709
6710
6711
6712
6713
6714
6719
6721
6726
6727
6728
6729
6730
6731
6732
6733
6749
6750
6751
6752
6753
6757
6758
6760
6761
6762
6763
6765
6766
6767
6769
6770
6771
6772
6773
6774
6775
6776
6777
6778
6779
6780
6783
6784
6785
6786
6793
6794
6795
6797
6798
6799
6801
6802
6808
6812
6814
6817
6818
6819
6820
6823
6824
6828
6829
6831
6832
6833
6838
6840
6841
6842
6844
6845
6846
6847
6848
6849
6850
6852
6854
6855
6856
6858
6859
6860
6861
6862
6863
6864
6865
6868
6872
6873
6874
6876
6877
6880
6881
6882
6883
6884
6885
6886
6887
6888
6889
6890
6891
6892
6894
6895
6897
6899
6901
6903
6904
6906
6907
6908
6909
6916
6917
6918
6921
6922
6923
6924
6925
6926
6927
6931
6932
6933
6934
6935
6936
6937
6938
6939
6940
6941
6942
6943
6944
6945
6946
6947
6948
6951
6952
6953
6954
6955
6956
6957
6958
6959
6960
6961
6962
6963
6964
6965
6966
6967
6968
6969
6970
6971
6972
6973
6980
6981
6983
6984
6985
6989
6990
6991
6992
6993
6995
6999
7000
7001
7002
7003
7011
7012
7013
7014
7015
7016
7017
7019
7020
7021
7022
7023
7025
7026
7027
7030
7031
7034
7035
7037
7038
7039
7040
7041
7042
7043
7044
7045
7047
7048
7049
7050
7051
7052
7053
7054
7056
7057
7059
7060
7061
7062
7063
7067
7068
7069
7070
7071
7073
7074
7075
7077
7078
7079
7080
7081
7082
7083
7088
7089
7090
7092
7093
7094
7095
7096
7097
7098
7100
7101
7102
7104
7105
7112
7114
7115
7116
7117
7118
7122
7124
7125
7126
7127
7129
7130
7132
7134
7135
7136
7139
7141
7142
7144
7146
7147
7148
7150
7151
7153
7154
7155
7156
7157
7158
7160
7162
7166
7169
7170
7171
7172
7173
7174
7175
7176
7177
7178
7179
7180
7184
7185
7187
7188
7191
7192
7193
7194
7196
7197
7201
7203
7204
7205
7206
7207
7208
7209
7210
7211
7212
7213
7214
7215
7216
7218
7219
7220
7221
7222
7224
7225
7226
7227
7228
7229
7231
7232
7233
7234
7235
7236
7238
7239
7240
7241
7242
7243
7245
7247
7248
7249
7250
7252
7253
7254
7255
7256
7260
7261
7262
7265
7266
7267
7269
7270
7271
7272
7275
7277
7279
7280
7281
7282
7283
7284
7285
7286
7287
7289
7290
7291
7292
7293
7295
7297
7298
7299
7301
7303
7304
7305
7306
7308
7309
7310
7311
7313
7320
7328
7330
7331
7332
7335
7347
7348
7352
7353
7354
7355
7356
7357
7358
7361
7362
7363
7364
7365
7366
7368
7370
7371
7372
7374
7375
7376
7377
7378
7379
7380
7381
7382
7383
7385
7386
7387
7388
7389
7392
7393
7394
7395
7396
7397
7398
7401
7403
7404
7406
7407
7408
7409
7410
7411
7412
7413
7414
7415
7416
7417
7418
7420
7421
7422
7423
7424
7425
7426
7427
7428
7429
7430
7431
7432
7433
7434
7435
7436
7437
7438
7440
7441
7442
7444
7445
7446
7447
7448
7449
7450
7451
7452
7453
7454
7455
7456
7457
7459
7461
7462
7463
7464
7465
7466
7469
7470
7471
7472
7474
7475
7478
7479
7480
7482
7483
7488
7489
7490
7491
7492
7493
7494
7495
7496
7497
7498
7499
7500
7501
7506
7507
7508
7509
7510
7511
7512
7513
7514
7515
7516
7517
7518
7519
7520
7521
7522
7523
7524
7525
7529
7534
7535
7537
7538
7539
7540
7544
7545
7547
7548
7550
7551
7552
7553
7554
7557
7558
7559
7560
7561
7562
7563
7565
7566
7567
7569
7570
7571
7572
7574
7575
7580
7584
7586
7587
7588
7590
7591
7592
7593
7597
7598
7599
7600
7601
7602
7604
7607
7608
7613
7614
7622
7623
7624
7625
7626
7629
7630
7632
7633
7635
7636
7637
7638
7640
7642
7643
7644
7645
7647
7648
7649
7650
7655
7660
7661
7663
7664
7665
7667
7668
7671
7672
7673
7674
7677
7678
7681
7684
7686
7687
7688
7689
7690
7691
7692
7693
7694
7695
7696
7698
7700
7701
7702
7703
7704
7707
7708
7709
7710
7711
7712
7713
7716
7717
7719
7723
7729
7731
7734
7735
7741
7743
7744
7745
7746
7747
7748
7749
7751
7755
7756
7757
7762
7763
7764
7766
7768
7769
7770
7771
7772
7773
7774
7775
7778
7781
7783
7785
7786
7787
7789
7790
7791
7792
7794
7795
7800
7801
7806
7809
7811
7812
7813
7814
7816
7820
7821
7822
7823
7824
7825
7826
7827
7828
7829
7830
7831
7832
7835
7836
7837
7841
7843
7844
7846
7847
7848
7849
7850
7851
7852
7853
7854
7855
7856
7857
7860
7861
7863
7865
7866
7867
7868
7869
7873
7874
7876
7877
7878
7879
7880
7883
7886
7887
7888
7889
7890
7893
7894
7895
7896
7897
7898
7899
7900
7901
7903
7905
7907
7909
7910
7913
7916
7917
7918
7920
7923
7931
7932
7933
7934
7936
7937
7938
7939
7941
7944
7945
7946
7947
7949
7950
7951
7952
7953
7954
7955
7956
7957
7960
7961
7962
7963
7964
7965
7966
7967
7969
7970
7971
7972
7973
7975
7976
7977
7978
7979
7980
7981
7982
7983
7984
7985
7986
7987
7988
7991
7992
7993
7994
8002
8005
8007
8008
8009
8010
8011
8012
8013
8015
8018
8020
8022
8023
8024
8025
8026
8031
8032
8034
8035
8036
8037
8038
8039
8040
8043
8045
8046
8048
8050
8051
8052
8053
8054
8055
8057
8058
8060
8061
8062
8063
8064
8065
8067
8068
8069
8071
8072
8073
8075
8076
8078
8079
8080
8085
8086
8088
8090
8092
8093
8094
8095
8098
8099
8100
8101
8103
8104
8105
8106
8108
8109
8110
8112
8113
8114
8115
8117
8118
8120
8121
8122
8123
8124
8126
8127
8128
8130
8131
8135
8137
8138
8139
8140
8141
8143
8144
8145
8146
8148
8151
8155
8156
8160
8161
8167
8168
8169
8170
8171
8174
8175
8176
8178
8179
8183
8184
8189
8190
8191
8192
8193
8194
8196
8197
