ID	IJC_SAMPLE_1	SJC_SAMPLE_1	IJC_SAMPLE_2	SJC_SAMPLE_2	IncFormLen	SkipFormLen
0	69	360	41	160	176	203
11	1419	1463	2489	1900	279	262
12	29	1	145	0	293	230
14	135	26	372	0	245	294
16	85	52	300	129	298	217
17	9449	7917	3051	1360	246	219
31	38	2	58	0	210	264
39	2	0	7	9	216	216
41	329	290	333	356	233	245
42	55	28	109	76	298	220
43	4	149	0	294	262	259
44	34	44	0	23	230	198
46	268	557	769	965	228	220
47	279	686	759	1339	228	235
48	340	676	1202	1349	220	235
50	63	1	167	0	298	241
51	6	33	0	130	216	298
52	8	17	41	50	298	289
54	2	53	80	240	197	298
55	0	86	5	296	298	220
62	10	22	21	14	298	296
64	9	10	0	21	298	298
66	0	55	7	23	298	298
67	31	55	42	23	258	298
68	78	142	176	344	298	298
69	7	142	0	344	298	298
70	87	9	125	0	228	220
71	5	40	12	97	223	247
74	50	5	208	77	234	240
75	4	13	3	109	203	298
76	82	81	231	25	239	294
77	95	81	216	25	244	294
86	12	0	61	1	270	298
87	2	5	9	8	269	298
88	8	51	243	273	264	281
89	101	307	90	223	219	298
92	25	2	87	98	298	284
93	22	6	92	120	272	298
100	23936	15985	28600	13664	272	298
102	2465	1150	765	252	298	212
105	3	0	0	6	298	251
106	80	137	135	481	210	298
107	6	24295	9	32717	222	215
108	17	83	20	47	234	298
109	311	250	492	235	298	211
112	2	2	116	114	298	298
113	0	26	51	20	298	274
114	9	181	20	2536	242	252
115	1	5	0	10	298	254
121	88	163	16	30	271	287
122	88	13	16	0	271	298
123	55	76	15	21	287	237
128	294	8	135	0	298	242
135	145	183	310	595	237	236
136	2	0	31	39	223	298
137	244	22	614	177	298	298
138	249	22	632	177	275	298
139	680	4	1507	0	275	258
140	1420	2328	2972	2070	298	278
141	41	71	108	39	181	208
142	201	212	743	713	199	232
143	400	248	1331	877	199	199
144	130	256	280	872	246	199
150	46	67	61	85	210	298
151	83	46	155	18	238	210
152	83	46	142	18	218	210
154	379	947	43	142	298	298
155	22	934	121	127	298	298
156	12	31	12	105	237	262
157	233	580	469	716	209	298
158	1	10	306	301	200	197
159	1	0	306	145	200	260
161	0	1	28	117	203	209
162	0	1	148	117	185	209
163	0	2	23	66	185	209
164	1	2	586	66	200	209
170	1	0	586	23	200	185
171	2	0	364	7	200	185
172	1	0	329	55	200	185
174	202	37621	0	107	298	209
175	19	1006	0	38	298	182
176	1322	1019	49	38	214	182
177	426	1006	77	38	214	182
179	8	73	23	25	210	298
180	88	46	356	291	272	298
181	19	35	6	0	253	246
191	2	1611	0	1168	298	221
192	3048	1611	3157	1168	228	221
193	3048	6	3157	6	228	241
194	33	41	116	57	298	253
195	8	2151	0	1884	238	298
196	27	33	82	87	298	298
197	0	19	18	162	239	263
198	33	15	27	36	202	298
199	33	4	27	64	202	291
200	12	0	0	6	247	280
201	4	45	13	146	191	202
202	29	4	27	13	202	298
203	29	4	27	13	202	291
204	191	441	371	472	202	240
205	4	262	7	320	191	202
207	11	3	17	69	298	298
210	20	24	5	56	274	185
212	24	54	131	205	272	298
213	131	15	890	390	288	288
215	0	1	4	24	248	212
216	0	2	4	28	248	298
217	166	327	96	307	298	298
218	2	1431	0	1312	199	298
219	12	377	13	254	266	298
220	12	492	13	323	266	298
221	12	351	13	228	266	289
222	380	712	187	122	256	298
223	1575	1633	26	46	298	265
225	16	34	83	125	200	232
231	5	9	34	16	236	298
232	26	13	35	27	280	261
233	8	13	0	27	276	261
235	326	311	138	69	242	224
237	482	1153	1	1	298	268
238	502	1153	0	1	298	268
240	1088	1834	0	1	256	218
241	107	431	294	277	240	298
244	71	229	82	90	265	298
246	0	3	8	27	259	247
247	0	3	12	23	191	298
251	261	3	366	20	245	230
252	20	20	49	14	175	245
259	17	0	223	17	236	298
260	17	15	223	483	236	298
261	0	15	17	483	298	298
262	0	38	26	1009	298	298
266	6	86	0	75	263	298
267	6	86	0	75	267	298
270	6	79	0	72	263	298
271	6	79	0	72	267	298
273	6	62	0	26	263	295
274	6	62	0	26	267	295
277	333	222	2632	1477	298	298
278	149	197	983	868	245	298
279	636	707	1721	1283	245	225
280	31	1035	67	2414	260	279
281	31	313	67	815	260	298
286	30	87	185	364	292	278
289	11	8	55	67	240	291
293	2819	91	1363	39	235	298
302	6	32	62	31	298	298
303	172	426	601	760	285	295
306	115	103	248	81	279	235
308	9	0	53	8	180	298
310	165	175	664	674	263	272
311	61	82	137	66	262	234
312	40	162	36	117	298	298
313	301	275	910	638	298	298
314	0	2	36	27	195	230
315	2	10	147	24	273	195
316	14	14	103	43	232	232
328	59	102	211	226	218	298
338	10	22	4	56	248	246
342	42	85	139	218	225	289
350	0	7	12	31	203	203
358	40	16	168	31	298	257
361	69	200	102	123	219	246
362	106	264	157	220	246	291
363	27	70	231	168	298	277
366	55	54	263	188	277	298
367	55	54	263	188	277	267
368	55	56	263	203	277	250
370	0	12	20	0	239	218
378	1	7	59	202	182	254
379	1983	3981	2093	3351	254	271
385	2	0	119	52	288	253
386	34	800	34	476	298	273
387	431	800	619	476	298	273
388	19	800	2	476	298	273
389	28	16	53	73	298	298
390	51	108	121	111	271	284
392	0	5	4	69	298	271
393	2	90	34	278	298	244
394	21	86	139	467	244	298
395	21	15	139	14	244	187
398	44	137	138	139	213	268
399	14193	39019	36	29	298	298
400	19	0	59	164	298	298
401	0	1	67	76	218	230
402	54	100	755	515	206	172
403	88	115	825	862	212	206
404	66	107	551	1205	203	212
409	31	28	18	108	290	298
410	19	45	28	29	298	290
411	45	31	414	91	285	240
413	34	22	53	27	216	210
414	0	12	31	37	247	278
418	29	36	100	168	228	298
419	938	167	994	51	249	254
420	10	291	0	350	193	292
425	2	0	62	9	201	200
430	96	113	536	447	275	238
431	371	762	41	108	215	215
432	448	710	91	133	227	215
433	19	29	73	90	257	298
434	4	89	0	52	205	227
435	65	89	64	52	241	227
436	65	4	64	0	241	205
437	30	122	5	148	203	278
438	56	137	235	500	237	298
439	30	134	92	500	237	298
446	2	2	55	0	224	289
447	15	68	57	100	296	262
449	60	82	130	115	266	280
450	37	23	252	149	262	218
451	203	691	626	939	288	291
452	3	9	137	93	269	270
453	9	9	161	85	278	270
454	0	12	8	27	180	276
456	59	44	310	285	263	224
457	74	169	152	268	239	298
459	10	45	47	329	193	254
461	11	4	134	46	282	298
462	1	141	10	21	188	176
463	105	122	18	0	234	176
464	257	58	164	0	298	176
469	84	80	229	143	287	264
472	0	20	159	33	245	272
473	379	934	43	126	298	298
475	124	294	235	174	191	278
476	0	5	18	27	228	241
477	0	5	161	27	298	241
478	0	5	28	27	298	241
480	76	213	212	311	222	197
481	274	216	715	311	222	197
484	783	1617	73	95	266	272
485	83	662	20	29	298	231
486	258	728	85	107	295	298
487	310	515	105	131	295	265
488	152	57	69	20	264	295
489	151	457	69	145	264	295
491	37	140	143	239	290	298
492	156	78	523	304	298	269
495	15	1	76	124	298	274
496	48	11	60	47	298	212
497	8	8	52	44	252	298
498	11	7	99	72	298	298
499	8	69	22	89	202	298
500	5	13	70	32	298	298
501	6	93	62	257	197	227
502	21	3	726	271	228	197
503	21	3	726	254	228	192
505	19	29	63	99	239	241
506	23	468	13	552	191	298
507	72	121	88	93	261	213
508	104	138	112	223	298	290
509	31	138	23	223	213	290
510	81	138	160	205	213	290
511	284	1184	2	33	214	298
513	1677	5102	10	50	298	292
514	3781	6352	20	128	292	298
515	214	1	1162	73	235	235
516	911	9	1995	0	230	215
517	1	36	47	228	157	224
520	2	9	20	38	251	244
521	5	3	21	48	228	293
528	27	137	0	271	298	222
529	57	5	181	0	289	298
530	24	0	13	29	298	298
531	24	0	13	45	298	298
532	24	4	13	29	298	298
535	6	11	61	42	298	247
536	7	12	21	67	298	298
539	82	3	170	34	220	298
540	82	279	170	231	220	264
541	1	0	19	62	263	298
544	1	0	19	70	263	263
552	277	205	220	115	229	213
553	10	0	7	14	251	213
561	3	53	5	19	263	298
562	59	45	125	86	227	272
564	15	51	208	68	216	227
568	38329	9529	1417	173	251	251
569	18	35	3	41	294	295
570	18	35	3	41	275	295
571	55	55	121	129	298	224
573	45	27	188	115	285	242
574	6	55	21	206	207	267
575	1	13	67	138	298	294
576	0	6	17	18	186	298
579	23	48	0	18	298	293
580	5	20	15	5	200	298
581	30	173	37	153	274	273
582	5	0	77	2	233	193
590	150	102	594	283	298	245
591	150	294	594	714	298	245
593	10	18	61	96	224	203
600	22	64	81	222	203	255
602	74	58	58	91	223	265
604	80	22	147	171	278	263
605	4	15	13	19	233	233
606	12	19	115	141	207	240
609	6	13	125	252	298	280
610	0	13	185	252	298	280
611	26	23	21	74	225	263
615	25	18	142	186	247	270
616	0	1	12	0	247	274
617	6	1	60	0	271	274
618	63	84	130	175	235	262
619	107	2	197	12	229	235
621	72	0	196	10	246	229
622	71	75	142	255	221	229
623	72	75	196	265	246	229
624	162	217	177	218	237	266
625	151	244	104	188	236	237
626	276	146	392	138	298	289
629	16	96	63	217	298	242
630	20	81	87	163	298	242
631	5	0	93	14	247	202
632	5	10	93	103	247	298
633	0	13	55	118	227	234
635	0	6	33	18	287	275
636	5	5	26	3	298	298
638	37	0	96	12	298	298
639	37	0	96	2	298	298
640	1	20	0	87	220	298
644	46	33	123	18	218	182
645	177	146	153	201	252	233
646	23	84	4	103	241	249
647	13	126	0	99	241	225
648	13	110	0	85	241	221
653	4	31	0	41	231	285
654	16	15	63	40	298	271
656	58	56	223	115	279	246
658	795	663	121	65	188	298
659	1994	716	347	28	209	176
660	417	1057	66	76	176	209
663	13	116	55	211	204	298
665	5	5	0	10	267	236
668	452	443	201	272	209	217
669	58	158	134	89	230	264
670	560	109	2605	370	298	206
672	474	249	28	16	218	201
673	25	18	0	7	228	165
674	25	702	0	63	228	201
675	1	354	0	54	246	218
676	30	39	82	45	279	224
677	16	6	11	8	286	188
678	120	99	79	195	204	201
679	41	22	82	57	281	287
680	2	25	2	10	266	230
686	4	5	0	85	185	235
689	1	24	0	73	268	221
690	16	87	14	189	268	221
696	0	2	61	6	203	215
697	93	313	255	542	198	298
699	156	81	320	147	298	249
701	45	23	163	381	233	264
702	683	879	632	401	218	232
703	7	4	5	0	272	245
704	170	106	496	159	298	256
706	177	917	313	1537	222	298
710	66	131	340	480	230	295
711	2	31	86	78	272	277
712	4	744	9	11083	208	244
715	1	0	159	33	298	254
716	3	0	171	33	297	254
720	2	0	39	82	297	254
722	99	0	2396	82	230	254
724	1	0	159	3	298	298
725	3	0	171	3	297	298
727	2	0	39	61	297	298
729	99	0	2396	61	230	298
731	2	0	39	89	297	298
733	99	0	2396	89	230	298
734	1	0	159	4	298	271
735	3	0	171	4	297	271
736	99	0	2396	27	230	298
737	99	2	2396	39	230	297
739	206	181	3	0	298	298
743	2	37	36	176	250	298
748	2	3	30	0	294	264
749	625	1056	855	758	205	201
753	10	3	119	6	219	238
754	0	20	59	152	219	282
755	2	47	108	199	221	218
756	11	17	51	106	298	277
757	0	14	2	229	176	275
759	111	47	147	78	262	208
764	12	21	178	160	233	260
765	21	5	112	56	251	200
766	0	25	5	400	266	298
775	463	616	1367	1407	279	251
776	16	16	32	57	215	178
777	30	31	54	220	246	247
778	25	19	53	33	298	248
779	6	20	27	9	243	200
781	11	9	443	92	298	251
782	52	43	136	143	291	298
783	52	43	136	143	291	298
784	20	48	178	117	250	220
785	277	510	6	9	233	262
786	270	508	0	9	276	262
787	217	62	509	119	298	213
788	3	0	64	8	270	237
789	19	1	163	34	298	198
790	7	1	75	20	203	198
791	7	7	75	65	203	215
792	0	2	26	2	298	298
798	2	8	0	171	298	198
802	3	7	61	65	198	215
804	3	8	93	102	215	220
805	1	0	3	24	298	298
806	1	0	3	24	298	298
807	1	0	3	19	298	279
809	32	15	17	12	176	194
810	87	67	334	348	298	225
812	0	120	8	1176	193	298
813	3	120	147	1176	279	298
814	0	72	47	756	279	298
815	46	0	362	6	270	234
817	9	14	29	22	205	237
818	4	14	45	22	219	237
821	78	233	29	222	298	295
822	1835	263650	401	15794	298	297
823	53	263643	155	15768	298	297
824	15	81011	7	12337	253	298
825	8	22	12	118	238	276
828	19	21	183	300	266	298
829	23	2377	9	1654	231	298
830	441	1012	774	1276	250	298
833	58	23	86	120	264	190
834	205	42	144	93	298	224
835	244	27	144	34	298	224
836	111	25	186	54	224	298
837	111	78	186	146	224	298
840	7	3	50	91	298	298
842	85	131	56	58	217	230
843	93	359	96	187	230	275
846	5	7	39	56	290	217
847	3	49	30	112	222	261
848	11	12	0	20	254	221
850	18	68	25	28	200	244
851	11	5	15	10	277	298
852	27	50	82	77	268	289
859	13	5	106	34	298	218
865	5	0	0	21	298	272
866	734	1444	232	367	257	298
870	128	177	253	172	298	233
871	43	50	38	45	281	217
872	27	31	141	68	284	249
873	15	22	41	69	245	284
877	15	4	82	68	220	205
881	0	11	43	40	216	298
882	14	13	22	33	254	298
885	686	612	2180	978	298	298
886	259	161	539	300	298	216
887	148	305	211	377	216	247
888	46	19	8	15	267	215
889	32	62	220	184	267	260
891	11	116	28	570	273	298
892	2	15	30	142	220	238
893	22	19	282	97	238	240
894	16	36	196	43	240	272
895	16	28	196	34	240	213
896	16	30	196	87	240	237
897	15	30	86	87	272	237
898	17	29	43	105	237	239
899	6	519	0	604	247	225
901	583	462	978	392	217	204
902	10	421	0	313	229	298
903	58	5	329	0	262	197
912	66	0	81	56	298	237
914	80	151	0	12	216	200
915	2	151	0	12	289	200
927	60	9	297	138	298	176
931	8	59	10	60	298	282
932	88	30	68	16	287	274
933	4	13	0	111	272	298
934	10	4	154	98	230	287
935	95	55	62	0	251	283
936	302	7522	439	8718	245	298
942	2	0	24	12	243	289
943	1019	0	1379	4	259	271
944	3	38	43	78	298	298
945	36	38	153	78	285	298
946	12	12	7	103	298	298
947	13	21	28	243	233	286
948	0	21	3	243	190	286
968	28	33	135	208	201	282
972	59	53	153	52	252	298
973	0	17	108	172	298	298
974	4	6	14	9	298	298
980	93	396	17	50	298	298
981	76	396	38	50	298	298
982	72	214	227	326	215	298
983	11	27	3	24	184	199
984	112	27	162	24	232	199
986	39	6	40	44	247	247
988	106	4	231	113	229	229
989	33	0	195	5	298	298
990	136	235	91	113	298	218
992	406	510	256	367	248	288
994	150	13	324	123	227	257
996	8	15	154	143	260	298
1000	82	55	865	916	298	224
1001	3016	798	7070	1811	266	182
1010	633	2	2201	24	206	298
1027	41	77	31	176	210	298
1029	3	138	0	290	226	240
1030	359	99	870	454	226	251
1058	9	5	17	80	268	297
1059	18	7	6	15	255	175
1062	8	0	0	4	251	199
1063	8	7	0	32	251	298
1064	8	7	0	7	251	232
1065	8	7	12	32	298	298
1066	0	7	4	32	199	298
1067	0	7	4	7	199	232
1071	23	26	120	403	212	298
1074	0	4	14	25	248	248
1075	22	76	89	94	206	227
1077	18	67	0	5	264	266
1079	128	410	26	17	298	297
1082	3	214	3	428	182	281
1084	27	27	121	148	242	298
1085	82	125	368	429	282	257
1087	86	62	93	67	298	298
1092	0	4	30	38	229	222
1093	58	39	124	208	260	230
1094	323	395	497	449	227	278
1095	225	199	1486	501	239	245
1096	403	177	1517	357	236	230
1099	202	334	376	458	242	236
1100	2	134	19	301	161	278
1102	22	42	121	234	194	263
1103	0	19	10	433	272	298
1104	30	62	500	358	288	298
1105	42	55	541	520	289	288
1106	61	28	569	473	298	289
1107	3	55701	0	3020	298	298
1108	21	33	0	1	245	212
1109	187	77	1176	787	249	240
1110	27	87	450	338	260	249
1111	1	87	32	338	298	249
1126	22	89	107	180	207	230
1127	14	20	60	582	271	255
1137	0	1	6	141	195	236
1142	7	299	32	572	298	298
1143	158	29	313	69	298	298
1144	147	94	712	391	255	238
1146	0	432	26	3889	298	298
1148	0	21	11	28	218	185
1149	7	22	16	73	195	298
1151	10	4	126	3	233	178
1152	26	3	74	18	199	210
1154	3	6	69	121	196	221
1155	14	6	110	103	236	298
1156	10	0	38	158	227	182
1157	40	52	388	421	230	218
1165	25	397	43	508	283	217
1166	15	397	29	508	259	217
1170	36	66	31	280	249	271
1171	19	5	31	103	249	271
1173	282	28	7	0	244	298
1174	282	207282	7	516	244	288
1178	1	2	4	4	215	267
1185	6	6	4	21	267	219
1189	26	92	119	372	247	288
1190	4	78	75	2	289	286
1203	1	8	31	53	298	298
1204	51	56	280	316	230	266
1210	97	2	165	2	189	192
1212	0	4	48	22495	220	298
1213	1	5	8919	15569	298	269
1214	0	4	3198	15425	298	269
1215	3	2	12699	7002	269	227
1216	29	53	173	123	298	298
1221	12	1	23	11	279	267
1222	0	2	10	0	267	241
1223	5	0	4	13	267	228
1224	5	2	24	0	267	241
1225	70	128	152	311	224	220
1230	0	2	5	3	216	216
1232	27	27	49	113	294	298
1234	38	10	228	82	274	213
1237	9	9	48	163	238	298
1238	29	59	160	188	255	298
1239	123	47	256	83	298	188
1240	5	6	51	0	298	172
1241	0	4	11	45	202	298
1242	9	0	36	6	261	202
1245	43	10	41	7	269	274
1247	5	1160	0	6582	198	282
1249	1033	1130	7356	4722	282	289
1250	5	4	32	55	294	298
1251	6	30	34	58	205	226
1255	1	13	43	74	243	276
1256	14	7	55	14	276	213
1263	20	70	51	23	288	292
1264	13	70	21	23	261	292
1265	18	29	100	46	296	247
1276	5	23	20	48	260	205
1278	261	263	75	173	251	220
1287	12	10	99	69	298	272
1290	760	2044	8089	17685	242	298
1292	1731	2954	0	1	298	298
1293	49	83	337	673	298	298
1301	0	4	66	36	233	295
1302	175	506	223	346	200	232
1309	8	4	32	7	265	298
1310	6	4	0	7	246	298
1311	6	8	0	32	246	265
1320	254	8	442	15	284	246
1326	14	46	45	86	234	236
1327	5	458	0	890	194	266
1329	826	667	207	44	247	227
1330	695	807	172	218	227	227
1331	730	1016	131	155	227	202
1336	6	32	8	33	251	266
1337	18	32	123	33	258	266
1341	21	2	111	10	193	287
1342	24	9	118	173	193	287
1345	485	502	3619	2722	287	245
1346	30	268	33	401	279	239
1347	334	464	533	467	294	279
1348	11	0	107	37	260	226
1350	2	9	34	0	248	248
1351	3	14	0	17	227	254
1355	17	0	108	17	272	275
1356	2625	3	3121	12	248	293
1359	32	47	12	160	223	218
1360	1529	47	3689	160	230	218
1362	3	0	29	6	298	296
1363	4	2	16	51	282	194
1366	55	31	663	218	298	239
1367	37418	28364	176	38	298	246
1368	7993	24512	136	163	224	298
1369	7993	254	136	0	224	176
1370	1935	2434	14	34	200	188
1371	1935	3121	14	34	200	203
1372	110	0	400	6	214	252
1374	12	6	0	29	227	200
1375	2	22	3	20	227	288
1376	2	14	0	47	227	186
1378	11504	10648	1063	547	298	226
1379	13	40	42	19	298	267
1380	68	106	407	721	241	269
1381	6	14	0	287	272	231
1382	63	10	13	27	224	183
1385	0	60	8	516	298	240
1386	0	22	8	129	298	196
1390	12	0	88	35	298	298
1393	176	523	3	10	237	298
1399	3	8	44	65	246	298
1406	77	76	313	130	221	248
1407	0	23	28	30	240	212
1412	530	66	436	5	246	203
1417	2	29	0	38	290	253
1418	0	23	26	125	217	271
1422	0	8	73	42	298	257
1423	2	4	66	46	296	282
1426	4	118	0	425	298	241
1427	4	43	0	123	298	226
1428	93	73	321	185	298	223
1430	58	23	401	121	269	298
1431	124	22	654	25	289	233
1433	49	83	273	160	298	298
1445	5	5	36	8	217	240
1446	109	4	373	0	228	250
1447	109	373	373	860	228	243
1448	0	8	15	37	222	244
1454	2	3	82	83	298	298
1457	35	85	95	144	218	276
1462	7	116	29	80	221	233
1463	16	116	40	80	185	233
1466	0	4	6	46	270	298
1467	3	8565	6	14329	192	298
1468	3	37	6	85	192	298
1473	13	2	66	0	249	183
1474	24	8	203	21	246	183
1475	35	8	255	21	249	183
1476	17	0	58	7	216	249
1479	0	100	7	110	288	298
1480	15	4	22	0	271	264
1481	17	18	24	17	249	298
1483	9	8	0	19	265	298
1490	2	0	0	17	294	203
1491	2	7	0	24	294	205
1493	7	0	26	24	263	205
1495	14	2	15	0	263	294
1496	16	2	17	0	298	263
1497	7	7	16	15	193	298
1508	0	8	138	71	239	298
1509	1908	1	23	0	257	234
1511	44	11	40	15	298	298
1518	61	41	127	20	236	199
1519	64	50	182	87	298	236
1520	0	30	22	60	245	271
1521	37	5	13	0	298	298
1523	0	3	55	42	217	193
1524	13	3	163	42	286	193
1526	6	7	8	112	209	277
1527	11	3	125	89	277	285
1528	10	33	99	178	235	238
1531	5	12	0	59	232	256
1532	5	44	0	230	232	282
1566	0	2	7	64	199	242
1567	0	2	11	64	199	242
1570	2	0	0	34	205	199
1573	257	273	206	305	298	236
1581	154	567	720	837	298	298
1582	154	567	720	837	298	298
1583	23	567	129	841	192	298
1584	10	445	73	1411	192	298
1585	1492	1333	443	420	216	226
1586	41	34	236	284	226	276
1593	57	30	463	154	285	226
1596	88	215	379	602	192	298
1597	402	260	1519	523	298	227
1598	18	17	44	116	282	236
1600	21	129	115	158	202	186
1601	0	179	10	276	242	202
1602	5	59	53	115	240	202
1603	1	0	45	18	208	228
1604	1	0	53	18	234	228
1606	12	18	21	76	203	298
1607	59	53	170	172	293	275
1608	7	1	83	0	260	240
1613	581	25	783	22	227	227
1615	97	307	418	821	206	298
1616	314	14	982	12	267	298
1617	364	202	1292	614	267	203
1618	9	44	19	167	259	259
1619	50	116	538	1958	298	298
1620	1	45	0	195	232	298
1623	999	1907	5581	8464	298	249
1624	656	95	316	78	257	175
1626	6	17	6	5	222	211
1637	71	119	174	255	207	255
1638	98	105	154	79	297	221
1639	25	68	150	129	213	240
1643	8	10	155	176	231	298
1649	114	439	180	409	268	270
1650	114	10	180	21	268	289
1651	21	5	251	155	285	246
1652	102	143	96	16	256	289
1660	1	20	57	113	276	298
1666	72	65	685	472	244	274
1667	5	16	79	119	250	252
1668	6	14	101	60	298	298
1669	85	65	544	485	298	240
1670	37	89	291	479	230	298
1672	6	20	14	40	264	276
1673	231	156	112	113	298	298
1674	125	272	165	117	298	298
1675	10	418	6	137	298	298
1676	153	401	113	137	298	298
1678	146	6	1371	1	255	278
1679	75	6	589	1	265	278
1680	22	86	630	981	255	291
1681	22	37	630	527	255	202
1682	53	28	256	330	298	226
1685	1345	2711	35	19	239	262
1692	325	577	769	1145	259	221
1693	7	577	25	1145	284	221
1694	70	187	29	39	202	220
1696	3	7	58	12	271	281
1697	9	4	49	118	298	298
1698	1786	4069	1272	2435	254	296
1699	8	42	0	49	247	267
1700	97	215	95	17	214	254
1701	97	98	95	0	214	214
1702	325	313	138	79	254	244
1703	264	949	31	162	223	294
1704	8	6	16	9	241	201
1705	124	528	115	428	298	298
1706	0	8	87	128	298	298
1711	9	14	41	30	298	298
1712	2	10	92	29	235	232
1713	87	88	248	247	235	236
1715	10	10	0	26	200	251
1719	521	864	323	669	232	229
1720	881	395	1451	334	298	244
1721	0	2321	8	4452	205	237
1722	229	274	118	60	271	209
1728	21	13422	54	20901	289	236
1729	12	13422	22	20901	248	236
1730	4	11	60	42	260	256
1731	40	60	100	119	246	248
1732	119	232	486	623	233	298
1733	11	78	8	171	298	295
1735	127	126	314	428	246	272
1736	262	268	349	271	224	227
1738	205	417	378	420	227	235
1739	9	4	1	0	212	245
1740	9	4	1	0	212	242
1742	41	61	148	234	271	295
1743	13264	53207	1547	2406	298	298
1744	1380	230	47	0	298	280
1751	359	696	878	1258	240	293
1752	347	239	937	591	225	240
1756	15	0	28	9	254	195
1757	1140	783	2240	737	280	298
1758	751	823	1256	841	259	224
1759	62	823	121	841	224	224
1760	8	16	66	56	298	272
1763	36	64	273	1020	194	191
1769	1	0	21	13	269	253
1771	33	24	270	137	194	229
1772	272	676	285	581	259	298
1773	816	607	37	0	298	213
1774	469	1040	32	58	241	298
1776	2	13	0	19	198	266
1782	4	389	0	945	269	212
1783	61	389	119	945	182	212
1785	170	506	0	1	282	240
1788	12	44	113	930	247	298
1789	1	4	31	11	214	257
1791	25	36	31	108	221	298
1794	0	1	3	49	242	265
1795	0	1	3	67	242	298
1797	19	0	63	18	237	251
1799	3	171	0	279	280	258
1800	95	210	156	338	258	290
1801	240	230	321	253	290	245
1802	61	112	466	412	188	206
1808	177	349	500	847	280	298
1811	90	153	110	164	257	254
1813	69	458	134	781	273	298
1816	93	80	290	23	266	204
1817	94	118	290	157	266	259
1818	94	157	290	205	266	298
1827	36	22	137	82	266	251
1829	19	32	62	66	213	221
1830	21	3	62	3	213	221
1843	33	95	9	74	188	269
1853	10	0	46	45	298	205
1854	0	2	4	11	159	226
1855	264	901	1652	4174	243	276
1939	5	15	62	17	273	256
1941	6	8	12	0	298	223
1942	17	16	13	32	216	235
1943	22	182	6	294	209	267
1944	8	6	11	129	197	218
1946	0	5	18	0	296	298
1947	633	2460	1885	5546	298	266
1948	633	0	1885	4	298	284
1950	43	73	128	68	247	198
1954	487	439	2527	1577	298	246
1955	14	102	34	4	293	298
1957	381	369	316	228	263	251
1959	180	155	149	185	272	199
1961	105	132	135	251	191	223
1962	24	111	83	151	272	223
1963	0	7	4	36	205	199
1966	15	17	234	0	223	210
1968	9	3	75	61	225	210
1970	505	437	3253	3392	234	244
1971	109	311	869	2314	193	234
1975	27	21	90	97	293	283
1976	55	73	23	65	256	251
1977	30	73	19	65	298	251
1978	26	136	81	112	298	284
1980	389	536	0	56	256	269
1983	4	28	13	16	294	240
1987	0	2	17	45	252	176
1988	85	25	453	97	209	215
1993	0	14	18	7	298	298
1994	8	0	16	12	284	207
1995	0	4	32	2	233	284
1998	80	40	35	5	201	199
1999	246	27	321	0	298	232
2000	6	28	4	0	298	232
2001	135	212	258	235	298	264
2003	215	74	230	52	298	176
2004	9	16	16	151	272	298
2005	47	88	21	95	291	298
2006	42	23	63	58	233	291
2007	205	224	206	281	298	242
2008	63	7	258	0	220	298
2011	2850	540	1	0	298	164
2012	317	482	730	611	262	298
2013	35	9	78	28	298	294
2014	0	16	11	57	298	298
2016	21	17	169	25	267	233
2017	125	313	318	465	175	239
2018	114	2	326	3	175	239
2019	211	628	618	671	239	211
2020	211	834	618	854	239	238
2023	24	89	118	243	237	298
2024	56	27	377	44	298	192
2026	23	57	122	152	281	264
2032	17	10	23	21	298	298
2033	15	4	40	41	298	298
2034	9	46	217	119	258	277
2038	8	6	13	0	215	223
2039	8	12	13	0	215	226
2041	2	388	0	287	258	223
2042	0	12	27	35	243	298
2043	0	12	14	15	261	298
2044	0	12	21	35	261	298
2045	0	12	14	15	261	298
2046	0	12	21	15	261	298
2047	0	12	27	15	243	298
2053	85	174	145	252	234	254
2058	3	0	0	11	298	298
2069	10	290	0	52	263	293
2071	6	290	0	52	279	293
2072	6	290	0	52	279	290
2077	0	45	20	53	248	298
2078	1250	1315	1535	930	298	216
2082	31	56	55	48	298	287
2083	27	73	50	67	287	267
2084	33	80	34	130	267	298
2085	4	21	9	49	236	234
2086	4	38	48	131	234	280
2088	18	14	47	104	296	298
2090	37	175	189	559	204	260
2092	3662	2442	46	40	298	280
2106	261	833	933	1766	245	281
2107	130	5	741	0	245	245
2108	125	315	715	868	245	245
2109	9	7	154	11	298	254
2110	2	4	32	14	254	210
2111	5	13	8	30	210	298
2112	126	102	338	382	298	298
2114	190	571	503	1585	211	267
2117	7	17	84	151	259	294
2118	3	17	34	107	298	259
2124	0	46	139	658	228	298
2127	28	46	75	74	258	227
2128	28	75	75	106	258	270
2129	6	5	41	11	228	287
2151	42	83	37	47	288	298
2154	645	1405	1133	1715	250	263
2155	388	350	198	124	298	242
2157	5	3	20	0	263	298
2158	0	2	5	10	239	281
2159	4	85	40	570	298	298
2160	80	85	484	570	278	298
2163	12	8	453	193	298	298
2165	22	36	97	156	233	298
2166	6	5	50	88	282	293
2167	11	40	208	125	275	298
2168	117	3	81	6	239	203
2170	12	4	87	21	237	256
2172	71	262	108	181	278	239
2173	2	12	0	6	257	257
2174	2	12	0	6	257	257
2175	103	12	149	6	278	257
2176	103	2	149	0	278	257
2177	69	1	108	0	278	257
2180	152	239	111	309	214	264
2181	216	121	227	91	264	227
2182	6	102	11	105	213	256
2183	36	90	74	89	266	209
2184	10	157	9	185	298	266
2185	34	157	27	185	298	266
2187	19	295	89	1094	206	298
2188	5	6	58	24	262	221
2189	594	1318	0	19	275	298
2191	37	26	35	66	260	260
2197	206	86	72	19	281	207
2198	5	3	10	0	287	203
2200	5	10	23	29	212	298
2201	724	45	1853	179	230	215
2203	29	7	81	173	293	298
2205	57	122	38	163	209	298
2209	56	45	76	54	261	298
2210	56	40	76	22	261	238
2211	2	53	0	40	238	265
2212	14	52	47	150	298	298
2214	7337	11824	15748	15808	256	281
2215	0	6	72	117	216	275
2217	49	46	213	166	298	298
2219	10357	19026	1	4	219	245
2223	221	149	193	102	244	215
2224	62	248	425	377	233	207
2225	220	983	178	615	192	248
2226	217	74	150	122	207	229
2229	116	184	10	0	279	212
2233	19	64	313	331	242	280
2235	13	1	83	29	278	176
2237	100	58	127	9	197	230
2238	102	80	143	39	197	230
2239	325	457	85	166	233	233
2240	321	1128	85	200	233	298
2241	307	1122	90	178	233	262
2242	25	37	140	293	272	298
2255	20	38	116	126	264	229
2256	0	2	14	6	253	298
2257	35	48	182	144	263	245
2258	152	159	276	301	298	257
2259	3	159	0	301	206	257
2263	2	0	81	12	200	286
2266	14	37	65	131	245	243
2267	124	53	41	38	207	221
2268	70	146	35	136	221	281
2269	96	72	78	47	281	214
2270	718	3025	1117	1722	252	279
2273	3	186	0	90	290	283
2275	75	26	76	13	237	203
2276	61	142	36	118	203	273
2278	8	201	12	327	242	254
2291	2	5	15	20	243	264
2292	1237	919	4318	2286	298	248
2293	658	1100	2753	3297	298	298
2294	9	1100	11	3297	298	298
2295	223	1100	594	3297	298	298
2296	13	50	0	34	260	298
2301	6	9	0	110	197	239
2308	0	9	24	64	243	298
2309	4	0	15410	5107	230	231
2310	10	0	23686	3591	239	298
2311	10	3	23705	15490	239	298
2312	3	3	7483	11787	221	239
2314	3	16	0	7	206	212
2316	58	154	238	686	193	291
2317	8	1	31	166	211	257
2319	24	39	189	105	253	225
2320	445	67	1	0	298	298
2322	288	420	20	52	298	288
2324	4	59	19	28	213	245
2325	30	9	93	0	224	265
2326	61	51	171	64	268	260
2327	383	882	236	216	239	290
2333	9	13	213	147	257	215
2335	11	56	124	278	298	266
2336	11	5	124	15	298	298
2337	32	121	297	445	266	298
2338	1267	5789	0	10	202	283
2342	20	8	124	43	262	256
2343	2	1	21	16	181	231
2344	5	1	28	159	231	298
2345	12	6	34	89	246	260
2346	12	0	34	12	246	298
2347	46	156	148	331	298	298
2348	0	54	45	184	298	294
2351	0	394	334	6329	298	298
2352	19	4	37	9	235	243
2354	14	47	1607	2580	258	276
2355	66	14	2275	590	291	176
2364	922	1035	2147	1695	251	209
2365	646	1142	1212	1823	209	219
2366	609	1251	1305	1451	219	236
2368	36	140	118	504	256	286
2369	13	2	73	0	179	236
2370	7	178	0	272	241	295
2372	87	235	331	664	298	208
2373	14	0	24	91	188	227
2375	8	6	42	50	287	275
2377	8	22	63	150	255	298
2382	80	100	120	276	298	298
2383	80	158	120	314	298	298
2391	37	11	154	0	236	194
2393	19	6	97	0	194	206
2403	15	9	33	52	227	259
2404	11	13	27	43	262	227
2405	6	24	29	71	214	297
2407	15	36	53	76	262	258
2408	15	0	53	35	262	258
2409	15	13	53	24	262	227
2410	15	0	21	9	291	262
2411	29	22	123	47	291	262
2412	24	30	96	63	280	291
2413	170	33	3957	886	230	191
2414	13	20	74	106	239	209
2418	68	32	136	47	228	271
2419	69	4	46	0	298	220
2422	62	3	46	0	298	220
2425	62	71	46	98	298	271
2426	62	32	46	42	298	247
2428	62	35	46	51	298	271
2432	3	71	0	98	220	271
2433	3	32	0	42	220	247
2444	35	21	66	6	271	226
2446	35	81	58	175	290	284
2447	11	13	72	98	283	298
2448	139	1292	0	3	192	298
2450	3	0	80	1	298	263
2453	19	72	34	126	198	284
2472	23	22	146	107	247	245
2488	7927	27690	26	690	298	217
2490	2	39	28	114	241	271
2492	0	7	47	60	226	298
2494	33	327	61	122	210	252
2496	123	142	155	66	260	210
2498	10	8	77	161	298	295
2499	9	51	63	490	225	298
2500	43	58	212	278	263	264
2514	9	4	80	8	288	196
2516	5	0	0	34	239	298
2517	8	0	16	39	273	243
2519	0	8	22	16	267	273
2521	368	2143	2011	8106	239	298
2522	3	31	13	59	230	278
2535	21	48	35	18	230	281
2536	70	69	14	129	298	230
2537	85	1	40	0	298	239
2538	139	1	54	0	298	239
2539	139	2	54	0	298	217
2540	85	2	40	0	298	217
2543	37	47	30	184	243	298
2544	73	150	141	164	213	298
2545	97	163	277	274	298	242
2550	344	140	231	116	266	209
2551	27	18	13	34	298	242
2552	13	1	44	23	234	250
2553	4	2	99	87	298	237
2554	4	0	2	12	268	298
2556	74	92	226	161	298	272
2557	80	80	173	323	252	298
2559	7	26	0	57	216	298
2560	52	73	52	97	187	238
2562	49	12	117	0	238	298
2567	66	70	219	227	298	241
2568	61	56	120	185	298	298
2569	7	7	32	31	251	247
2571	5	11	141	85	279	208
2573	96	63	570	348	224	205
2582	22	9	105	63	247	217
2585	18	0	23	6	291	221
2593	30	2344	78	1100	225	298
2595	17	28	29	105	234	212
2599	4	0	3	10	270	208
2600	11	15	28	63	216	237
2601	0	15	43	63	194	237
2602	0	26	57	82	235	216
2605	6	6	56	64	194	235
2608	349	1066	256	748	213	298
2610	0	3	37	27	283	216
2613	78	75	609	1773	212	221
2614	0	6	25	15	298	220
2616	0	2	5	0	250	212
2617	102	64	114	65	265	236
2619	264	116	965	425	298	230
2621	2	0	23	2	298	256
2624	50	15	1241	474	263	298
2625	19	98	69	107	298	298
2654	35	114	96	110	239	277
2655	68	68	129	135	261	239
2656	2	5	116	192	298	298
2658	0	7	22	7	198	296
2659	591	2498	2595	4543	266	298
2660	753	1983	70	20	275	298
2662	0	3	19	0	278	202
2663	27	198	53	505	248	221
2664	0	2	37	146	298	298
2665	15	8	35	32	287	298
2667	28	164	426	450	275	275
2668	372	48	742	768	225	225
2669	8	90	22	190	298	226
2671	562	1079	1268	2225	242	191
2679	357	3532	1	0	245	298
2681	160	203	1005	427	241	205
2683	27	9	154	79	298	298
2696	2	17	51	121	287	280
2704	18	71	12	95	230	209
2705	0	23	13	132	186	258
2706	19	0	135	18	250	298
2709	0	2	3	0	298	288
2711	56	321	63	396	212	298
2713	51	185	212	827	218	269
2714	357	757	569	1015	226	278
2715	795	1240	906	771	232	229
2716	510	1231	485	762	298	229
2717	497	984	494	777	187	232
2718	356	471	2035	1885	255	244
2720	0	13	43	65	268	280
2723	1	1	63	108	234	298
2724	0	243	14	795	185	170
2725	2433	2487	4671	3793	266	276
2726	2466	2808	3816	5724	259	266
2727	5	0	61	74	298	298
2728	0	4	88	130	298	298
2729	5	4	17	114	256	298
2730	0	6	134	30	277	298
2731	4	28	10	58	235	231
2734	1	186	7	901	230	237
2735	8	186	23	901	204	237
2738	8	35	112	108	298	298
2739	12	6	113	61	233	274
2742	21	17	14	1	242	244
2743	6	3	21	0	298	298
2744	4	1	55	10	264	194
2745	3	17	22	43	242	218
2746	1	4	57	51	298	293
2748	4	0	45	9	260	257
2753	510	862	175	113	298	298
2754	10	6	64	184	298	298
2755	470	208	1862	501	263	263
2761	65	116	234	125	182	202
2762	261	39	579	77	245	182
2763	3	259	24	547	298	230
2764	3	447	24	1581	298	265
2765	17	307	58	800	224	265
2766	3	321	24	803	298	298
2771	24	146	55	291	214	231
2775	41	100	54	110	287	255
2776	5	95	26	87	272	255
2777	5	100	26	110	272	255
2778	18	94	48	81	289	287
2785	4	10	113	54	183	217
2786	10	36	95	221	260	268
2788	40	151	645	1132	230	233
2790	15	52	50	131	298	295
2792	526	470	1315	504	298	254
2794	4	30	15	8	176	225
2795	70	89	163	317	278	274
2800	13	2	0	22	268	231
2804	1028	2350	56	8	298	278
2813	11	69	133	285	236	298
2817	1853	205	1	0	298	281
2818	0	18	18	80	220	298
2820	18	0	80	41	298	298
2825	2	41	0	148	225	227
2826	5	5	7	5	227	207
2827	24	8	40	68	298	257
2828	9	22	0	26	298	236
2829	9	22	0	26	298	236
2834	4	0	22	26	234	298
2835	11	8	126	14	278	234
2840	3928	6912	10080	10489	268	298
2841	7	0	13	18	221	215
2842	5	0	17	18	226	215
2843	5	7	17	13	226	221
2857	10	4	3	1	242	291
2858	10	2	3	0	242	291
2859	14	3	14	29	294	298
2867	442	449	1401	1416	298	269
2870	168	167	180	227	298	298
2871	0	93	25	237	245	298
2872	2	0	78	65	248	298
2874	23	118	28	207	224	298
2875	23	94	28	246	224	209
2876	118	94	207	246	298	209
2878	8	0	5	2	231	227
2881	42	113	71	60	232	232
2882	781	772	524	782	290	229
2903	113	26	269	25	219	224
2904	259	6	707	40	219	224
2905	259	6	707	62	219	221
2906	29	86	123	162	224	221
2907	29	34	123	42	224	298
2908	0	116	3	180	220	221
2909	122	59	428	302	298	298
2910	138	222	345	327	287	298
2913	19	0	12	66	230	237
2914	2	0	783	1716	286	239
2916	2	0	783	2215	286	271
2920	0	3	7	10	254	164
2922	75	48	303	229	298	224
2923	1	76132	0	20262	230	298
2924	65	76132	16	20262	215	298
2925	349	76129	247	20262	215	298
2927	0	8	5	122	245	298
2928	183	146	250	180	298	227
2929	1	2	9	23	284	298
2932	5	0	32	38	257	188
2933	21	100	7	32	298	258
2934	25	100	101	32	298	258
2935	139	68	921	1022	298	293
2937	55	342	121	204	209	298
2938	158	68	152	73	263	209
2939	142	99	228	214	242	263
2940	98	80	83	62	272	298
2942	5	24	91	119	241	281
2944	41	158	59	136	199	255
2945	3351	1314	4373	1108	294	278
2946	81	1314	144	1108	289	278
2948	144	138	957	985	298	281
2952	19	89	95	219	298	298
2957	6	53	19	128	272	254
2982	82	1	85	0	298	298
2985	2	390	0	16	278	298
2986	7	17	0	16	270	278
2987	43	768	0	4	237	298
2988	72	188	899	1310	298	272
2989	23	35	103	44	212	173
2990	8	0	141	41	298	233
2991	0	4	6	47	298	231
2992	2	6	20	74	290	298
2993	4	0	53	60	298	251
2994	21	36	150	207	298	298
3007	0	54	10	230	239	298
3009	0	14	49	32	237	234
3010	4	12	36	19	193	237
3011	6	20	39	19	298	298
3012	74	92	1457	941	260	298
3013	336	46	150	30	216	187
3014	19	75	65	26	298	265
3015	770	26	839	22	227	287
3016	63	2	269	4	222	298
3017	1	90	31	513	201	272
3018	1	17	20	65	201	272
3019	109	56	805	410	272	251
3020	22	29	105	44	179	177
3022	180	161	389	279	280	230
3023	228	318	388	504	239	267
3024	70	95	163	252	235	298
3026	11	28	90	75	267	207
3027	0	1	23	0	298	297
3031	231	197	57	53	248	203
3032	175	589	19	286	203	290
3033	353	131	395	52	194	194
3034	255	130	184	52	194	194
3035	256	100	184	48	194	194
3036	0	67	155	222	298	298
3037	320	638	1174	1441	262	277
3038	400	638	1550	1441	298	277
3039	43	71	446	554	224	268
3040	17	489	0	887	263	278
3041	21	98	170	171	236	274
3045	0	20	160	195	293	298
3046	14	237	40	266	281	265
3047	17	237	40	266	255	265
3048	8	25	0	97	280	240
3052	74	50	643	603	276	248
3055	22	39	90	168	271	298
3056	22	13	90	49	271	298
3057	22	13	90	49	271	195
3058	29	13	99	49	298	195
3059	39	13	168	49	298	298
3060	39	13	168	49	298	195
3061	36	13	122	49	298	195
3062	356	608	595	744	257	298
3063	0	8	14	6	239	298
3072	13	3	213	29	298	252
3075	71	243	308	458	277	298
3076	54	3	315	0	294	277
3077	54	114	315	275	294	277
3078	3	6	14	5	232	251
3079	20	24	99	91	298	252
3081	20	17	176	97	241	257
3092	177	141	936	671	298	260
3093	14	142	45	655	298	260
3094	35	346	80	1739	280	298
3095	21	51	828	722	269	269
3096	0	8	34	36	285	298
3098	2	0	16	14	282	298
3103	20	10	100	129	298	230
3104	12	23	41	32	218	206
3107	0	6	6	23	298	255
3108	2	0	19	23	298	255
3109	15	63	125	409	252	248
3113	77	232	189	252	298	287
3114	26	1	174	0	221	221
3115	3	8	258	116	266	248
3116	4	35	155	298	248	298
3120	852	1315	429	431	258	268
3121	39	41	17	14	298	298
3122	377	115	2123	472	216	191
3130	3	21	60	0	258	298
3131	0	14	24	31	257	281
3132	0	21	73	31	290	281
3134	15	21	92	123	298	288
3136	3	1	74	32	298	298
3137	54	204	69	253	210	245
3138	91	282	162	281	245	298
3140	0	4	49	31	298	298
3143	5	16	63	46	236	292
3144	8	1	86	29	194	191
3146	77	48	1954	1180	292	269
3148	143	153	185	91	259	237
3149	136	112	219	181	242	246
3157	10	0	0	14	298	243
3158	0	97	16	338	222	298
3159	0	3	18	20	295	261
3160	2	7	30	20	298	232
3161	306	677	465	469	244	222
3162	1	4	8	0	246	238
3164	47	99	607	208	277	252
3165	16	21	141	46	298	298
3166	5	31	49	107	218	226
3167	8	22	121	36	218	209
3168	39	50	79	60	214	177
3170	41	79	212	99	269	257
3173	383	427	709	614	298	231
3176	8	5	0	21	254	254
3186	7	26	14	23	234	298
3188	31	87	97	96	298	298
3189	4	0	7	84	223	298
3192	0	5	10	0	191	235
3193	9	2	127	0	298	298
3194	27	1	467	200	298	237
3196	0	5	28	19	254	257
3216	69	116	345	560	224	253
3219	140	48	422	302	267	240
3220	29	57	239	293	225	270
3224	0	15	5	81	221	221
3225	4792	8153	13252	12068	211	262
3227	78	89	395	274	275	275
3228	10	12	68	56	298	227
3229	10	2	82	0	298	227
3237	15	25	0	40	298	285
3239	42	128	280	697	298	218
3244	0	6	56	23	297	298
3247	46	0	178	1	298	190
3248	31	0	192	1	206	190
3250	43	97	63	128	236	236
3253	3	0	0	70	292	298
3254	3	1	0	20	292	298
3255	0	1	70	20	298	298
3256	5	5	45	46	231	190
3257	15	5	59	46	255	190
3258	5	55	45	248	231	243
3259	15	55	59	248	255	243
3261	616	1453	317	420	239	293
3262	372	659	274	219	298	239
3263	0	12	14	183	194	214
3264	12	11	12	0	298	254
3265	13	56	214	247	298	229
3275	2	0	29	12	298	270
3276	362	958	66	12	260	243
3277	12	35	102	105	261	209
3282	0	51	19	204	234	298
3285	72	48	234	235	200	189
3286	43	6	38	40	257	288
3293	1	214	0	111	261	214
3294	1	214	0	111	247	214
3302	32	6837	115	26067	274	257
3303	148	6837	417	26067	185	257
3304	22	9	16	27	194	218
3309	203	839	57	152	278	298
3311	5	0	9	16	246	214
3316	8	3	2	0	298	186
3325	17	113	66	387	179	217
3326	60	110	209	397	215	217
3327	62	168	199	350	215	220
3328	55	168	229	354	217	220
3329	81	120	212	265	220	207
3331	0	78	28	1194	175	270
3332	98	13	1265	14	175	298
3333	39	176	0	5	194	246
3334	429	63	5	24	246	199
3335	268	140	1044	682	289	246
3337	374	681	1007	1403	245	298
3377	5	0	0	45	260	259
3379	2	0	0	17	166	257
3380	36	42	104	90	298	298
3382	5	1	11	77	204	267
3385	19	9	340	83	275	208
3386	87	160	23	64	298	298
3399	13	0	60	12	298	252
3400	2	0	19	6	298	252
3401	25	25	85	62	298	280
3402	48	3	524	148	277	211
3403	37	88	93	90	204	245
3405	0	36	24	345	251	216
3406	0	81	24	636	251	298
3407	8	13	15	55	226	294
3412	1	0	0	10	298	218
3413	14	21	44	47	201	239
3419	23	5	60	0	194	206
3425	173	116	498	148	289	225
3426	10	66	34	320	298	272
3427	4	62	0	405	203	298
3436	6	144	0	658	267	285
3437	83	98	310	392	253	285
3438	37	11	18	12	298	298
3469	15	6	0	26	267	252
3470	6	5	26	0	291	290
3472	19	8	23	52	290	225
3476	89	70	239	53	298	229
3478	8	25	72	90	228	274
3479	16	86	101	341	206	298
3480	729	1727	424	1202	211	231
3481	529	1256	529	814	200	211
3482	98	36	348	152	231	179
3485	7	30	58	93	298	230
3487	0	6	65	114	298	274
3488	40	284	0	416	298	298
3489	6	174	5	254	223	298
3490	7	177	30	268	223	298
3492	180	226	459	187	298	258
3493	1	16	0	5	298	298
3497	15	5	371	185	218	218
3503	16	11	13	45	298	298
3504	0	2	50	28	298	275
3505	45	21	18	57	257	293
3506	74	25	163	29	298	219
3507	29	42	57	86	219	293
3509	18	58	56	295	212	298
3510	20	146	84	185	248	298
3511	18	37	101	186	186	199
3518	180	6497	546	9389	190	284
3523	6	4	144	157	246	298
3526	923	486	2496	590	232	298
3527	489	18	1526	108	187	298
3528	888	148	3104	590	245	173
3529	1075	846	3885	2751	212	227
3530	94	12	280	54	271	180
3531	6	6	50	12	221	221
3561	11	9	101	67	245	188
3562	9	15	47	74	188	221
3563	17	7	126	52	292	216
3564	11	194	90	1070	180	257
3576	31	17	78	0	241	211
3577	3	13	2	37	180	241
3578	0	4	8	0	298	184
3581	2	39	8	32	195	298
3585	388	890	0	1	266	289
3588	0	58	13	436	298	209
3589	21	255	24	168	298	233
3590	8	542	9	382	298	286
3591	346	444	197	168	286	285
3592	573	234	384	52	285	207
3595	50	9	892	30	268	166
3596	22	9	332	30	298	166
3602	14	16	60	95	284	295
3603	148	93	644	250	264	205
3604	26	352	162	609	194	298
3605	26	98	149	243	194	205
3606	4	4	32	11	205	276
3607	8	84	11	175	225	220
3608	44	0	121	6	298	242
3609	29	0	122	6	298	242
3610	7	0	88	30	215	298
3612	10	56	5	20	225	257
3613	2465	3356	3399	2002	248	256
3615	2	0	4	21	296	284
3620	45	112	125	198	227	298
3621	65	975	94	366	298	298
3622	63	65	94	19	298	298
3623	63	362	94	87	298	200
3624	65	362	19	87	298	200
3625	656	361	260	87	298	200
3626	627	308	241	35	298	196
3634	2	2	43	0	260	290
3635	2	5	0	58	259	233
3638	60	25	70	8	298	237
3639	26	92	86	121	225	298
3640	4	91	0	99	225	298
3641	41	39	108	45	238	225
3642	7	0	0	12	229	244
3643	7	0	0	12	229	298
3644	69	293	85	203	246	298
3646	149	122	437	180	246	246
3647	12	8	225	84	242	179
3648	0	8	24	84	191	179
3649	0	15	99	258	203	194
3652	58	88	105	187	251	249
3653	8	1	77	27	298	278
3658	79	171	200	290	232	228
3659	18	69	32	466	195	279
3660	0	22	18	36	253	180
3661	1068	1292	10534	8286	298	263
3662	845	4	8075	19	262	298
3663	845	1467	8077	12123	262	298
3666	9	13	67	106	266	272
3667	0	3	16	29	298	298
3671	27	23	44	4	241	294
3673	24	13	44	17	241	223
3678	107	277	60	182	298	279
3679	1268	2254	56	59	298	298
3680	360	408	0	29	247	238
3683	4	9077	0	3392	298	289
3684	5381	9077	3381	3392	298	289
3685	105	163	83	297	260	267
3686	0	46	23	123	186	213
3687	108	46	250	123	240	213
3690	104	4	74	0	259	247
3691	35	4	22	0	234	247
3692	25	62	21	33	221	290
3693	2	132	21	407	218	298
3694	187	75	62	14	270	236
3695	0	6	163	147	247	298
3696	1248	17	1562	18	269	298
3697	1248	6759	1562	5286	269	290
3698	12	2495	28	2607	298	269
3699	1815	2495	3231	2607	298	269
3703	1	12	14	9	236	270
3704	5	16	0	8	298	298
3707	28	14	10	0	201	186
3732	43	0	21	19	272	298
3741	27	4	79	0	298	252
3743	88	58	185	33	298	252
3744	28	17	79	0	298	211
3745	28	17	80	0	298	211
3746	1	21	1	0	298	211
3749	15	16	17	0	298	211
3752	15	16	17	0	298	234
3757	95	1	230	0	298	298
3758	119	1	204	0	298	298
3759	3	26	0	16	187	298
3760	3	1	0	1	187	298
3761	3	1	0	1	187	298
3763	9	15	0	17	187	298
3765	4	1	0	1	187	298
3766	95	1	230	1	298	298
3767	119	1	204	1	298	298
3768	3	14	0	16	187	298
3774	95	4	230	0	298	187
3775	119	4	204	0	298	187
3776	91	1	185	0	298	187
3777	86	1	185	0	298	187
3778	100	5	201	37	298	187
3780	86	5	185	37	298	187
3788	4	31	4	78	164	224
3795	67	179	124	369	267	263
3796	0	34	43	98	172	250
3797	3	0	30	16	221	245
3798	1	3	12	31	242	260
3799	139	38	1192	251	298	298
3803	33	0	36	24	203	247
3805	37	73	106	60	298	298
3819	13	6	166	12	298	298
3820	13	2	166	90	298	250
3821	6	2	12	90	298	250
3822	3	17	133	203	298	298
3826	8	12	5	50	217	272
3827	7	7	40	67	272	245
3830	2	0	116	115	248	286
3832	209	349	56	210	237	298
3835	6868	22057	509	511	298	294
3836	6868	12	509	0	298	285
3837	67	122	176	386	215	298
3854	19	14	27	19	227	244
3856	7	12	0	10	222	227
3857	5	14	19	35	230	222
3858	27	15	168	0	298	221
3864	1252	747	469	201	285	264
3866	10	27	81	162	276	298
3870	248	390	276	381	172	197
3871	394	383	1026	346	298	197
3872	298	160	786	300	203	172
3873	341	156	809	285	179	172
3874	254	207	657	395	203	298
3875	256	215	657	312	203	179
3876	294	208	786	340	203	179
3879	75	492	325	1271	298	298
3880	75	353	325	924	298	179
3881	4	1	120	198	223	254
3882	50	92	225	290	248	281
3883	3287	5108	8	24	298	298
3884	44	196	49	154	218	251
3887	4	12	0	1	224	298
3891	4	24	0	1	224	298
3903	7	26	1	0	298	298
3909	72	89	101	222	260	298
3912	74	40	55	23	234	194
3916	24	15	95	23	298	256
3918	211	15	692	37	227	284
3921	4	18	17	108	271	252
3922	8	1	38	0	216	171
3923	86	268	182	298	226	226
3924	27	98	6	95	221	246
3925	5	6	23	32	188	223
3935	145	121	384	124	275	226
3936	2	121	0	124	206	226
3940	196	405	129	307	254	244
3941	196	418	129	373	254	255
3942	196	421	129	400	254	258
3946	8	8	78	155	298	298
3949	22	5	157	37	298	236
3951	160	692	27	91	298	281
3952	421	1179	428	671	217	257
3954	33	88	143	241	253	289
3961	31	66	336	494	298	298
3962	62	323	39	60	204	298
3963	62	141	39	26	204	195
3964	55	241	39	109	204	253
3965	275	246	43	109	298	253
3966	2	4	27	20	298	298
3969	0	95	2	236	267	282
3970	0	95	2	236	272	282
3971	74	7	46	9	298	277
3972	41	41	26	41	298	298
3977	9	18	24	5	217	208
3978	1622	2058	13	1	285	288
3982	2910	35	3329	15	298	268
3983	8	67	6	171	258	266
3985	85	61	254	107	298	272
3986	72	55	79	58	272	226
3988	126	137	535	354	271	245
3990	87	975	257	3379	176	298
3993	87	48	235	217	298	287
3997	5	1	2969	12230	298	269
3998	0	1	35	12049	298	269
4000	21	508	263	1480	198	271
4004	8	2	5	0	247	268
4008	1	6	49	390	202	298
4010	26	73	127	121	253	208
4011	31	19	22	33	298	270
4012	1	0	0	1	188	244
4019	53	23	675	319	285	235
4020	45	51	87	404	235	248
4023	2	1	61	0	228	192
4025	826	1144	348	225	286	298
4026	9	545	0	376	251	298
4027	17	35	106	129	236	234
4028	17	35	106	129	241	234
4030	237	233	403	547	269	254
4031	18	4	135	57	254	298
4040	3	121	0	156	156	291
4055	231	521	1976	1048	298	298
4061	3	2	0	24	298	298
4063	33	80	75	234	183	200
4064	54	0	261	41	224	238
4065	57	92	662	480	260	210
4068	30	24	111	38	298	298
4070	5	3	41	14	298	218
4071	22	24	26	63	242	264
4072	10	9	66	15	254	242
4077	18	45	87	259	217	289
4078	0	3	2	54	195	278
4079	0	6	2	71	195	278
4080	2	6	9	71	249	278
4081	2	6	39	71	254	278
4082	2	0	9	2	249	195
4083	2	0	39	2	254	195
4084	2	7	47	9	295	213
4095	9	6	34	11	298	232
4096	9	6	38	11	223	232
4097	0	6	1	11	283	232
4098	8	13	21	72	223	232
4100	0	9	1	34	283	298
4101	0	9	1	38	283	223
4104	25865	40709	249	183	298	282
4111	521	305	61	9	221	221
4112	62	256	14	0	221	221
4114	10020	40321	305	301	238	298
4115	65	5235	12	344	276	229
4116	394	150	3168	941	240	230
4117	394	153	3168	983	240	236
4118	2	3	21	10	298	267
4120	10	1	27081	8071	260	298
4121	10	6	27081	13602	260	298
4122	178	79	0	156	298	298
4123	48	49	249	286	262	224
4124	49	124	247	359	224	296
4125	55	0	190	9	236	298
4130	105	319	9	29	245	228
4131	3	9	14	49	249	288
4133	10	109	1	3	182	298
4134	42	99	39	393	236	298
4136	2	23	24	210	185	244
4139	5	0	0	4	250	259
4144	3	0	27	47	236	227
4145	8	4	101	59	298	227
4152	2	12	43	27	272	244
4157	135	228	328	372	240	254
4158	43	518	32	445	198	254
4159	55	16	67	13	222	228
4160	55	159	67	97	222	285
4161	55	66	67	22	222	298
4162	16	159	13	97	228	285
4163	16	66	13	22	228	298
4165	5	2	31	28	298	246
4166	9	29	111	203	223	251
4167	19	22	163	114	220	223
4168	6	18	53	95	197	220
4169	26	7	123	113	215	197
4170	13	22	146	207	281	298
4171	25	25	177	77	298	233
4177	6	29	97	74	298	266
4182	64	75	79	168	298	278
4184	3	230	7	903	288	203
4185	0	65	21	198	205	288
4186	4	1	11	0	298	244
4190	4	0	10	23	298	183
4191	2	0	9	112	268	252
4205	0	19	6	88	204	275
4209	69	21	48	0	270	247
4215	0	9	50	42	235	298
4223	468	525	975	693	226	220
4224	0	12	8	63	252	298
4225	522	1305	221	419	258	253
4242	6	11	0	18	278	262
4243	6	11	0	30	278	298
4246	6	0	0	1	278	256
4251	11	0	18	1	262	256
4254	11	0	30	1	298	256
4263	47	138	195	292	274	298
4267	81	68	95	96	272	280
4268	81	0	95	15	272	277
4269	68	0	96	15	280	277
4279	3	53	8	312	203	255
4282	21	17	113	136	232	298
4283	4	8	8	19	251	197
4284	87	254	67	226	244	256
4285	39	118	147	269	230	273
4286	17	89	119	119	215	230
4294	71	55	897	731	284	257
4295	3	0	0	14	263	290
4296	27	64	7	24	298	273
4297	18	49	0	24	267	273
4303	209	18	2133	155	225	225
4304	0	64	8	28	270	219
4305	5	7	13	67	239	221
4306	15	0	136	7	298	245
4311	9	0	7	7	237	289
4312	15	28	80	60	225	238
4313	49	115	53	140	217	271
4315	17	850	0	119	298	298
4316	35	20	11	0	298	298
4317	910	1664	215	230	298	298
4318	900	2300	215	270	298	298
4319	854	2285	119	259	298	298
4324	195	454	287	454	298	298
4325	186	198	328	664	203	257
4327	639	885	3846	3588	267	298
4342	25	298	31	688	240	240
4343	0	110	4	288	240	240
4344	213	2031	93	386	203	298
4359	54	77	249	165	298	248
4361	25	8	115	54	298	189
4362	36	12	30	28	298	298
4363	16	16	74	0	297	294
4366	2	3	96	36	240	226
4367	192248	333075	218	157	220	257
4369	146	75	111	83	267	234
4370	10	1412	0	324	171	274
4371	386	827	95	200	249	274
4376	4	17	93	107	275	298
4379	126	297	181	330	257	290
4380	6	0	47	20	206	194
4383	41	19	289	212	298	298
4384	14	21	95	60	265	221
4385	26	24	84	47	297	298
4386	103	46	52	0	212	171
4387	48	60	20	12	171	278
4388	102	2	503	24	236	254
4389	38	62	182	253	236	275
4391	6893	16537	688	1081	281	298
4392	9350	10721	741	456	298	215
4393	37	107	190	480	298	298
4394	11	1	82	21	298	256
4395	7	0	36	25	296	261
4396	20	3	114	3	298	237
4397	60	3	214	3	298	237
4398	40	3	100	3	298	237
4399	16	40	70	100	248	298
4400	0	2	69	0	253	298
4402	266	53	163	14	224	209
4403	1	10	33	81	263	263
4406	60	86	292	121	298	283
4409	366	502	323	422	242	251
4415	349	667	2302	3030	298	298
4416	322	381	2996	1757	298	298
4417	1	8	34	0	236	272
4418	280	787	27	74	250	251
4420	2	7	0	6	206	206
4421	36	30	119	121	280	264
4422	40	130	109	155	238	258
4425	8935	13644	216	87	298	281
4426	4146	13638	41	114	271	281
4427	5156	17973	149	202	298	298
4428	4181	9	41	7	271	298
4429	4181	8941	41	223	271	298
4433	0	1	11	15	282	238
4437	0	3	22	17	298	253
4441	14	2	37	0	298	298
4442	14	16	10	33	227	298
4443	18	28	179	80	298	298
4448	10	0	0	10	246	218
4457	0	14	13	97	241	290
4467	0	65	11	233	172	298
4468	6	0	60	7	212	224
4469	0	7	30	14	265	205
4475	27	249	26	272	212	207
4479	308	7	2870	31	225	225
4480	8	12	40	44	241	229
4481	0	13	41	116	207	252
4486	21	4	409	38	295	298
4487	85	213	35	79	242	283
4488	52	29	206	59	243	211
4489	62	196	125	106	233	246
4491	24	16	25	0	264	220
4492	24	35	25	194	264	298
4493	16	35	0	194	220	298
4494	14	48	26	115	220	254
4495	88	176	212	224	298	298
4499	7	12	33	26	245	272
4502	52	23	92	12	230	251
4503	4	5	6	21	272	298
4505	191	238	966	913	259	298
4506	8	431	47	1874	298	298
4507	38	55	36	34	191	279
4508	18	17	44	32	222	188
4510	0	18	28	70	272	265
4512	48	5	65	0	231	298
4513	48	423	65	304	231	298
4514	237	442	111	169	248	247
4515	15	56	183	276	298	298
4516	26	37	42	76	216	298
4517	432	823	373	481	298	298
4518	143	67	106	46	243	298
4519	139	125	154	137	298	298
4521	17	13	22	14	221	298
4523	192	159	279	82	298	240
4524	2	0	7	21	197	241
4525	151	123	136	87	234	263
4526	395	682	672	637	298	258
4527	8	0	38	33	184	298
4528	3	6	65	21	298	196
4530	4	18	0	38	298	188
4531	12	2	3	21	298	298
4532	11	2	0	21	277	298
4533	62	98	240	585	298	296
4535	1	48	0	126	203	263
4537	385	554	543	387	234	208
4538	2359	12765	3592	17382	177	298
4539	7307	12765	12016	17382	244	298
4543	12	2	20	18	298	298
4544	147	14	216	0	289	247
4545	147	81	216	133	289	247
4546	153	198	119	206	289	255
4547	153	217	119	223	289	289
4548	63	217	125	223	270	289
4549	30	122	62	216	253	289
4553	40	12	181	0	298	251
4554	0	12	13	0	293	251
4555	1	0	3	17	247	298
4556	1	0	0	17	260	298
4558	3	225	0	497	221	298
4559	11	225	9	497	280	298
4560	6	0	9	34	272	298
4561	0	4	28	9	281	269
4564	41	32	159	104	224	203
4569	8	0	14	8	222	272
4582	0	2	21	0	298	278
4586	0	6	44	15	285	237
4587	1163	862	0	1	281	211
4588	12	130893	0	24	294	273
4589	107	130893	0	24	217	273
4590	439	43	996	49	187	210
4592	19	4	18	0	298	298
4593	2	63	15	104	288	298
4594	26	63	58	104	286	298
4595	26	2	58	15	286	288
4597	19	0	244	2	210	153
4598	19	21	244	78	210	157
4601	4	232	24	335	261	261
4602	25	36	125	132	242	298
4603	19	28	193	170	298	298
4608	5	48	38	80	298	259
4609	223	398	369	332	282	235
4610	340	544	458	354	296	268
4613	126	82	138	78	298	248
4615	4	45	5	195	244	298
4616	4	29	5	106	244	298
4618	54	23	320	259	298	251
4621	5	6	0	118	221	218
4622	7	9	106	20	230	221
4628	95	141	367	310	298	291
4629	32	74	141	151	189	255
4636	36	37	167	38	298	236
4637	37	37	342	38	298	236
4638	66	122	445	307	211	268
4647	7	10	10	17	298	235
4649	18	48	108	367	212	265
4650	26	33	17	23	298	185
4651	20	164	23	275	184	269
4655	25	14	51	1	184	250
4656	18	8	71	43	250	185
4657	1	3	16	3	185	201
4660	15	12	88	11	272	212
4669	24	16	87	140	199	298
4670	28	42	17	32	233	236
4671	3	4	0	26	251	242
4673	6	97	0	5	197	293
4674	6	3	93	27	219	237
4675	8	22	0	4	261	298
4676	8	17	0	4	261	298
4677	29	81	53	161	216	232
4678	8	21	51	172	298	298
4679	0	10	81	63	298	260
4683	0	54	33	49	298	298
4685	24	85	81	538	220	220
4688	3	129	190	321	253	282
4689	2295	4	1912	1	152	167
4690	2295	0	1912	1	152	178
4691	36	58	30	108	223	233
4697	1	2	89	65	212	232
4704	0	7	11	39	298	298
4705	0	21	11	56	298	298
4706	18	25	188	101	277	258
4708	61	98	172	80	298	298
4739	12	5	104	29	298	298
4740	4	11	64	49	298	298
4742	12	0	32	57	298	247
4743	0	5	103	189	264	298
4748	5	18	33	42	298	229
4751	0	8	80	49	278	278
4761	115	93	1056	635	219	196
4762	460	742	4045	4839	270	280
4764	16	48	87	362	298	247
4766	671	646	3879	4022	269	245
4767	682	114	4009	598	269	245
4768	153	193	949	1558	246	298
4769	51	193	241	1558	249	298
4771	12	6	97	90	298	298
4772	241	167	6466	4259	298	234
4773	6	0	21	15	298	289
4774	2	4	198	292	236	268
4778	125	36	69	14	220	205
4783	4	0	33	12	232	254
4784	42	56	25	195	293	280
4788	8	9	90	0	234	186
4789	8	18	90	63	234	298
4790	9	8	0	20	298	249
4791	15	9	125	21	298	238
4792	9	0	59	14	298	298
4793	14	18	188	194	202	292
4794	41	30	276	291	292	237
4795	19	53	0	47	254	296
4797	1	6	31	92	298	298
4798	9	6	62	79	298	298
4800	0	3	3	21	263	241
4801	21	3	195	32	211	298
4803	41	10	204	13	298	210
4804	74	93	635	279	242	172
4806	7	2	58	81	188	218
4808	17	10	63	44	265	232
4809	17	10	63	37	265	198
4810	28	3	99	18	265	232
4812	28	42	99	119	265	251
4813	3	0	7	63	232	184
4814	3	42	18	119	232	251
4819	0	12	55	75	229	253
4820	2174	23	4811	55	252	247
4821	3068	39	6476	33	298	271
4822	594	3	1089	19	206	187
4823	594	43	1089	40	206	271
4824	3718	3	6673	19	181	187
4825	3718	43	6673	40	181	271
4826	3718	33	6673	32	181	247
4827	9	5	78	39	298	285
4829	41	75	369	376	298	272
4830	17	0	355	30	298	247
4831	12	95	14	444	212	174
4832	161	154	960	587	239	212
4833	194	195	1676	632	248	239
4834	85	201	1048	1038	219	210
4835	40	5	113	130	247	216
4836	27	133	182	642	203	284
4837	53	13	169	56	298	210
4838	57	34	313	307	251	257
4839	1	0	43	13	298	284
4840	1	0	79	19	298	269
4842	59	230	288	1018	206	290
4843	231	249	1329	878	290	293
4844	2	10	86	0	260	298
4850	22	33	16	0	298	273
4852	6	0	11	11	280	241
4854	21	14	239	95	288	298
4862	5	0	113	58	298	266
4864	14	21	254	202	266	298
4869	6	18	40	134	222	239
4870	6	17	40	99	222	235
4871	91	106	431	426	215	252
4874	3	166	0	600	225	298
4877	16	1613	40	3387	274	271
4878	20	1613	40	3387	298	271
4883	0	9	7	59	221	298
4886	101	299	411	577	231	261
4887	127	165	842	453	287	231
4889	5	0	72	30	298	202
4890	20	7	134	26	298	236
4891	62	157	43	111	294	298
4892	1	10	1	165	298	216
4893	0	43	13	223	217	259
4894	14	83	64	247	275	298
4898	6	136	0	55	287	298
4900	7	10	25	40	223	225
4901	9	18	53	80	225	247
4904	20	60	173	375	281	275
4906	26	19	61	31	253	230
4908	21	28	113	43	298	262
4909	11	87	72	41	280	298
4910	0	59	24	154	265	298
4911	0	94	24	197	265	298
4912	5	132	46	80	298	268
4913	3	83	0	41	298	298
4914	40	132	89	80	298	268
4915	16161	17608	25668	18900	296	298
4916	0	13	19	9	222	246
4917	6953	8989	1172	853	272	266
4918	1928	2987	728	906	239	253
4919	35	117	185	223	282	281
4920	34	108	88	266	209	298
4921	46	44	496	177	255	255
4922	6	0	54	8	206	202
4923	0	8	7	36	242	249
4924	4	8	32	36	298	249
4925	4	0	32	7	298	242
4929	1585	2	5187	0	281	244
4930	3	5	28	18	298	276
4933	0	5	46	18	174	215
4934	3	0	0	64	298	298
4935	183	58	4988	2052	249	220
4936	108	59	2799	2370	220	231
4937	66	37	0	15	226	218
4938	71	99	780	864	223	208
4939	89	154	1207	1590	231	298
4940	292	317	2672	1741	298	269
4943	0	3	4	161	230	239
4944	9	26	39	58	232	298
4946	317	512	1229	964	278	253
4948	34	33	141	58	257	226
4954	13	148	50	220	187	298
4955	27	28	175	48	298	227
