IJC_SAMPLE_1	SJC_SAMPLE_1	IJC_SAMPLE_2	SJC_SAMPLE_2	IncFormLen	SkipFormLen
0	12	5	13	372	149
97	0	362	1	2403	149
306	0	76	1	620	149
0	4	12	54	817	149
0	3	5	59	1730	149
7	129	2	14	469	149
4	1	3	2	273	149
15	531	9	169	262	149
95	48	21	15	1121	149
30	15	8	15	363	149
0	7	2	16	1432	149
2	0	3	7	235	149
2	4	9	37	2365	149
3	0	4	34	629	149
11	2	50	67	723	149
1807	321	2430	336	4089	149
0	2	3	1	394	149
2	0	0	14	1560	149
952	1	598	7	2924	149
954	4	602	11	2927	149
10	0	17	5	448	149
2	0	48	4	467	149
7	3	16	3	395	149
7	0	34	3	823	149
54	0	112	4	2437	149
9	0	309	8	226	149
9	0	408	7	267	149
58	2	39	2	230	149
459	4	456	123	1221	149
0	52	3	9	1799	149
151	11	57	2	537	149
0	23	2	234	278	149
80	4	29	0	3295	149
10	0	66	532	1385	149
37	0	86	54	822	149
0	4	6	15	386	149
11	2	12	21	1796	149
38	0	115	25	468	149
38	130	101	3469	458	149
0	475	24	3308	326	149
93	2	88	2712	351	149
3	10	180	2996	324	149
2	0	80	2	307	149
23	27	93	3984	474	149
1	0	9	112	241	149
0	2	16	1774	578	149
304	25	155	8	2058	149
4	22	14	31	1626	149
6	2	1	24	1200	149
67	2	13	0	1768	149
0	3	2	158	255	149
3	30	8	141	288	149
0	113	9	157	356	149
4	211	1	216	252	149
4	147	6	143	244	149
142	2	183	147	1994	149
1	0	2	40	247	149
8	28	7	28	600	149
0	2	10	75	260	149
2	0	8	20	1423	149
0	4	2	58	224	149
0	4	4	40	225	149
0	8	1	111	395	149
0	4	3	22	403	149
0	2	29	66	236	149
2	0	2	7	1154	149
4	0	13	10	353	149
0	5	7	118	285	149
0	32	11	118	238	149
4	19	3	45	790	149
2	0	7	10	448	149
1	0	0	18	232	149
6	3	40	4	372	149
9	0	38	8	806	149
9	0	8	1	1304	149
9	2	8	70	1323	149
0	31	18	1343	233	149
0	2	4	25	289	149
294	0	370	8	444	149
15	94	69	363	1096	149
0	1	14	52	243	149
7	44	50	57	1201	149
4	4	56	29	353	149
7	0	4	15	652	149
5	10	13	61	1507	149
21	0	148	11	728	149
20	5	27	12	812	149
6	5	9	13	594	149
9	19	34	201	240	149
7	0	2	6	987	149
1	6	0	3	469	149
0	2	4	0	1004	149
0	4	2	0	270	149
3	0	20	1837	398	149
1	11	0	23	877	149
0	2	2	21	965	149
5	0	17	45	1623	149
1	10	0	33	232	149
3	473	20	780	400	149
0	3	10	89	252	149
2	0	3	1369	1275	149
2	0	68	2	1282	149
0	5	27	1739	244	149
2	0	3	131	2081	149
6	0	42	100	2209	149
46	20	44	9	1448	149
0	2	2	93	232	149
1	0	0	64	242	149
0	2	2	32	334	149
0	2	4	6	598	149
2	0	293	8	687	149
2	0	274	38	667	149
0	5	5	552	246	149
20	241	14	193	265	149
17	2	14	0	357	149
5	67	17	56	285	149
15	15	6	19	393	149
14	33	4	6	1623	149
2	0	25	32	385	149
2	69	3	223	223	149
1	10	23	185	488	149
1	0	19	2	481	149
5	81	5	194	825	149
17	27	4	214	726	149
12	54	44	149	1980	149
31	111	47	166	825	149
2	19	26	160	347	149
2	10	10	8	765	149
2	0	0	2	606	149
2	0	0	1	667	149
2	0	24	2	2502	149
6	3	6	7	1187	149
6	0	7	2	1191	149
99	8	34	11	1754	149
0	3	4	24	234	149
4	6	3	5	254	149
32	2	29	2	1137	149
32	0	29	3	1142	149
176	272	7	26	1276	149
61	0	75	1	596	149
3	7	5	14	380	149
9	32	2	24	225	149
2	36	0	67	261	149
8	32	86	30	2339	149
8	0	281	2	264	149
37	6	409	51	385	149
1	123	21	217	255	149
1435	4823	280	947	5288	149
42	26	3	5	1262	149
47	31	13	10	2355	149
6	8	9	26	1840	149
2	7	5	14	1813	149
0	2	7	25	2362	149
1	0	5	2	247	149
3	2	6	2	427	149
9	2	10	65	452	149
59	103	12	71	241	149
40	8	21	91	2306	149
0	4	7	116	464	149
6	6	17	33	838	149
8	25	9	6	1497	149
5	4	6	12	240	149
17	0	22	1	1249	149
120	4	316	35	1816	149
755	2	199	3	2954	149
586	5	112	1	2651	149
161	0	28	1	883	149
55	150	19	44	503	149
0	1	23	18	521	149
0	11	21	127	513	149
0	19	43	2009	224	149
0	9	49	1576	244	149
0	12	88	1285	226	149
0	14	34	1309	244	149
5	100	25	1311	1200	149
2	35	99	1466	479	149
2	0	88	2	406	149
19	0	643	13	545	149
2	580	5	1198	277	149
0	100	49	1782	466	149
21	0	105	1053	1088	149
6	0	13	5	490	149
8	2	26	9	1012	149
2	2	13	13	486	149
2	0	7	24	558	149
5	6	15	540	228	149
18	19	40	593	425	149
17	2	26	0	248	149
19	0	503	2	497	149
52	24	61	32	1400	149
4	16	9	85	632	149
13	0	12	9	344	149
309	4	181	1	2678	149
0	2	4	10	352	149
16	244	9	116	226	149
36	0	1	2	243	149
52	4	10	0	493	149
2	4	7	5	731	149
6	0	13	3	1090	149
6	0	8	2	902	149
1	6	3	10	247	149
2	1	8	11	788	149
14	43	16	49	460	149
0	3	7	42	648	149
12	0	0	2	580	149
15	0	51	3	702	149
1	117	3	67	472	149
0	12	3	46	240	149
5	0	3	26	411	149
2	0	12	6	686	149
5	0	6	8	824	149
2	0	10	17	487	149
7	0	0	12	823	149
6	0	7	2	1849	149
6	1	7	7	1398	149
3	0	10	5	961	149
0	1	4	7	298	149
0	17	15	90	435	149
217	10	406	4	446	149
27	79	21	211	992	149
33	2	24	0	1756	149
3	0	45	28	416	149
6	0	2	2	968	149
0	37	4	88	736	149
9	52	35	114	1131	149
6	0	8	6	1358	149
1	0	36	43	762	149
17	4	20	6	265	149
1	24	6	99	255	149
34	14	25	69	819	149
4	10	5	30	1633	149
2	4	0	19	432	149
2	0	4	7	624	149
7	5	6	87	426	149
0	75	7	137	352	149
12	79	12	151	524	149
2	56	0	28	250	149
94	209	40	136	970	149
81	752	43	418	295	149
17	96	16	62	816	149
28	93	16	65	650	149
108	73	34	41	3712	149
3	37	0	22	573	149
44	23	16	4	838	149
57	97	186	5638	698	149
87	0	238	2	699	149
73	5	35	0	1436	149
4	34	1	26	675	149
13	14	6	35	1511	149
6	12	0	3	740	149
47	26	26	27	955	149
52	3	23	9	2837	149
3	4	5	50	407	149
9	41	19	50	447	149
0	15	5	14	229	149
2	7	1	9	320	149
2	0	9	7	416	149
3	4	2	36	312	149
240	2	53	5	5390	149
1	7	2	5	1021	149
0	4	1	39	230	149
0	12	2	58	284	149
0	14	10	60	232	149
1	6	8	45	232	149
2	0	2	2	690	149
2	175	5	119	237	149
120	11	72	5	603	149
48	0	55	1	495	149
1	0	2	3	254	149
0	2	1	12	265	149
2	0	9	2	244	149
6	3	1	3	474	149
8	2	6	0	247	149
1	0	1	2	376	149
6	0	8	36	338	149
12	0	22	62	333	149
14	12	23	43	510	149
0	44	12	626	245	149
25	10	108	167	1566	149
8	0	9	1	1037	149
43	0	13	2	302	149
10	95	11	46	302	149
39	0	39	1	2137	149
29	85	30	55	1920	149
43	146	20	100	287	149
6	0	5	6	490	149
0	2	4	46	265	149
2	2	0	8	308	149
0	2	2	5	339	149
25	1	48	0	612	149
8	0	207	2	1249	149
22	0	11	5	1578	149
10	0	135	14	854	149
13	3	78	2317	358	149
62	6	9174	174	290	149
6	21	34	78	1252	149
0	3	25	67	1244	149
3	0	20	4	1463	149
7	0	35	71	2472	149
4	0	13	3	950	149
67	0	173	1	247	149
47	0	135	8	2490	149
1	2	24	902	706	149
41	106	16	33	518	149
0	2	3	21	275	149
22	0	38	2	2301	149
22	0	38	12	2297	149
6	0	7	14	292	149
27	0	25	3	325	149
73	37	74	59	915	149
5	0	10	26	1135	149
0	4	15	103	731	149
35	0	31	97	2345	149
3	13	2	98	911	149
0	2	1	10	242	149
2	25	0	57	250	149
0	10	9	67	222	149
14	61	10	25	773	149
5	2	12	198	314	149
5	0	6	1	288	149
7	0	83	1	288	149
1	4	7	182	243	149
0	4	22	54	287	149
5	101	2	35	440	149
17	50	13	41	236	149
0	2	1	9	223	149
1401	0	644	4	1538	149
575	5	233	713	457	149
33	50	37	65	812	149
38	3	33	41	365	149
49	0	53	4	394	149
2	38	1	72	258	149
2	0	2	2	245	149
4	10	19	234	2488	149
1	17	7	306	406	149
2	0	3	10	1339	149
2	0	11	68	695	149
1	7	9	54	304	149
4	0	293	2	3186	149
0	3	6	74	277	149
0	9	2	78	243	149
0	6	8	57	229	149
0	2	2	44	954	149
2	0	11	15	876	149
4	0	5	105	1022	149
38	12	15	15	602	149
5	169	2	41	237	149
0	12	3	18	283	149
6	2	14	18	2526	149
17	0	28	143	745	149
5	0	17	1	299	149
2	0	38	16	435	149
0	1	29	67	245	149
14	80	75	174	287	149
35	0	196	2	320	149
0	3	2	10	249	149
0	2	10	8	223	149
4	0	0	45	350	149
240	1	158	3	1851	149
2	0	97	358	309	149
0	14	3	74	225	149
4	0	2	3	868	149
1	18	0	78	859	149
6	0	13	22	334	149
5	15	17	29	225	149
7	41	2	31	333	149
10	0	74	4	1085	149
2	0	83	2	386	149
2	12	0	1	1102	149
2	3	15	21	614	149
8	28	6	33	773	149
26	3	17	0	551	149
55	4	39	26	1153	149
34	1	22	3	652	149
14	0	8	13	1255	149
4	0	13	5	285	149
4	0	25	23	496	149
0	2	13	1	247	149
50	15	29	44	731	149
84	2	116	0	1410	149
51	446	27	157	618	149
28	2	5	0	534	149
0	1	45	25	323	149
0	4	15	118	370	149
2	0	6	60	1983	149
0	12	8	30	233	149
2	6	0	10	255	149
2	76	0	4	341	149
33	189	41	236	1970	149
197	1441	137	2754	418	149
147	33	96	3712	456	149
121	1741	244	4652	342	149
54	289	151	2065	3343	149
189	1045	144	606	1709	149
41	513	68	364	1027	149
34	461	29	746	621	149
6851	1	1969	0	1298	149
112	839	30	246	2110	149
4	0	34	15	450	149
5	0	20	12	816	149
569	3	117	244	1714	149
36	83	10	104	2964	149
8	2	2	2	2306	149
35	29	15	27	873	149
11	73	5	95	290	149
39	88	12	29	1280	149
0	1	1	12	242	149
2	0	5	4	378	149
0	165	13	332	630	149
4	241	0	46	228	149
0	18	2	196	268	149
30	0	77	10	2762	149
14	16	4	99	1113	149
5	78	13	153	1251	149
19	87	16	117	676	149
0	1	2	0	226	149
104	243	43	51	976	149
590	4	196	0	2099	149
406	8	173	3	1974	149
2	0	3	5	988	149
61	1174	15	327	454	149
11	146	5	144	227	149
0	14	3	45	411	149
5	0	11	123	1049	149
0	5	8	102	244	149
1	6	8	118	385	149
5	51	6	20	2206	149
7	0	2	2	2290	149
45	2	26	0	444	149
112	74	58	55	765	149
258	42	88	84	2786	149
188	3	201	1	314	149
57	278	19	124	798	149
62	95	33	59	457	149
64	80	35	49	460	149
79	11	40	2	472	149
11	6	4	5	337	149
2	195	6	35	508	149
124	30	19	39	3146	149
46	39	12	39	398	149
16	52	12	21	654	149
15	8	4	4	784	149
0	2	7	13	433	149
17	0	19	4	1629	149
65	18	71	15	842	149
18	4	16	45	1799	149
120	3	55	1	3035	149
26	77	9	20	243	149
45	68	21	16	346	149
49	2	15	0	587	149
156	2	57	0	245	149
1	3	2	3	808	149
147	72	54	217	1267	149
31	106	9	143	936	149
10	133	42	112	2421	149
6	63	35	114	2668	149
5	189	0	28	230	149
2	0	5	2	386	149
99	542	86	178	221	149
920	14	249	7	1444	149
55	0	517	6	385	149
14	5	23	400	256	149
47	420	14	115	725	149
77	4	20	0	732	149
72	257	28	67	2186	149
223	331	94	117	2253	149
13	80	17	137	332	149
50	7	54	17	628	149
62	766	91	586	738	149
10	267	13	365	236	149
4	181	17	594	393	149
53	141	65	472	584	149
30	4	34	3	460	149
219	13	185	10	299	149
7	2	22	17	475	149
9	0	25	12	935	149
2	0	15	20	263	149
29	93	6	64	398	149
5	107	13	43	295	149
3	18	4	15	487	149
6	2	4	16	1369	149
82	1	44	2	1136	149
70	17	23	21	1045	149
4	6	2	14	411	149
6	0	7	12	1614	149
66	0	182	6	2624	149
675	5	121	2	479	149
2	0	42	5	398	149
1	0	22	2	337	149
0	4	8	65	332	149
2	2	11	80	359	149
6	0	76	12	807	149
7	478	12	405	411	149
3	4	8	5	694	149
3	2	4	13	1539	149
33	27	2	2	4953	149
9	166	1	28	251	149
4	0	19	1	581	149
2	1	15	2	486	149
180	74	49	19	1648	149
30	89	31	69	1009	149
92	0	92	2	2888	149
71	125	65	75	1937	149
85	1	62	1	2743	149
85	127	62	105	2759	149
49	692	10	121	278	149
17	37	7	13	465	149
56	1	7	10	1246	149
0	6	4	83	227	149
4	0	8	88	717	149
0	2	2	91	230	149
2	0	5	2	325	149
164	5	91	3	821	149
3	8	2	79	306	149
10	34	4	29	1069	149
8	40	4	38	523	149
13	0	57	1	301	149
25	2	21	0	304	149
0	2	4	19	282	149
21	2	34	12	449	149
37	64	45	49	376	149
32	3	33	0	309	149
9	30	9	51	238	149
10	0	15	6	902	149
6	0	6	12	1203	149
1	2	6	7	528	149
9	58	4	25	280	149
2	23	1	35	284	149
54	152	17	46	2085	149
397	89	0	2	828	149
95	198	0	2	245	149
10	0	4	1	1951	149
41	13	18	38	539	149
7	16	10	10	266	149
2	3	7	62	271	149
4	2	4	59	457	149
5	0	35	2	601	149
4	4	6	88	715	149
7	0	6	162	697	149
3	136	18	54	859	149
62	66	71	48	903	149
13	6	8	0	767	149
2	39	4	89	265	149
89	327	18	66	1043	149
3	3	5	0	635	149
0	4	3	24	227	149
11	6	16	16	395	149
1	0	11	10	300	149
426	6	533	5	3447	149
2	8	3	171	294	149
2	0	13	159	377	149
76	0	49	4	1113	149
31	0	28	1	855	149
0	3	89	4	490	149
88	8	46	18	3379	149
40	44	21	25	980	149
2	2	1	2	262	149
8	51	12	37	721	149
4	0	67	124	415	149
25	6	61	84	262	149
51	2	208	47	315	149
109	2	362	23	394	149
655	104	731	660	919	149
591	42	529	123	630	149
99	562	54	583	386	149
1	4	5	352	280	149
2	0	10	7	436	149
37	1	1123	9	236	149
100	4	53	5	1804	149
10	54	5	34	250	149
3	32	9	51	457	149
23	0	37	49	956	149
66	24	145	3424	715	149
649	1	2304	0	755	149
94	0	107	3	679	149
94	1	129	3915	683	149
409	0	2427	1	795	149
1	0	18	4	886	149
4	0	6	6	684	149
38	7	10	37	720	149
167	41	30	52	544	149
360	2	92	0	1756	149
195	33	60	62	1270	149
0	1	28	425	550	149
30	167	27	75	234	149
13	345	13	144	358	149
54	1	17	0	236	149
0	3	4	30	454	149
134	0	13292	1	152	149
144	1383	53	541	1916	149
163	85	30	37	463	149
13	10	4	8	232	149
9	0	5	3	237	149
21	32	8	12	242	149
306	100	294	36	772	149
271	0	276	2	729	149
56	0	109	2	150	149
45	0	50	3	1938	149
8	13	25	21	879	149
20	24	45	18	1110	149
59	0	211	22	5814	149
0	1	46	14	1595	149
0	2	19	21	1033	149
4	3	34	34	2020	149
21	10	69	3	251	149
2	26	9	43	443	149
449	0	275	3	2566	149
54	26	19	10	243	149
56	22	13	22	815	149
2	0	25	14	933	149
105	1	39	3	2507	149
0	8	4	4	449	149
4	2	1	5	527	149
5	0	3	20	592	149
0	10	1	67	302	149
22	36	7	25	225	149
57	0	53	1	270	149
343	96	91	202	1223	149
101	4	29	1	927	149
1031	666	884	913	1842	149
0	1	8	112	227	149
42	0	19	1	391	149
5	0	0	1	268	149
595	3	270	9	3237	149
4	7	4	24	367	149
1	26	6	16	269	149
0	7	5	38	277	149
118	148	35	31	1337	149
155	3	39	6	2092	149
43	144	5	40	840	149
11	34	2	24	229	149
12	1	3	0	233	149
11521	113	275	3	721	149
14	259	4	52	764	149
5	20	2	9	276	149
4	14	5	15	668	149
6	140	3	147	479	149
1	195	5	109	246	149
1	2	5	0	219	149
0	4	4	28	220	149
11	0	30	3	674	149
85	30	30	25	251	149
82	6	25	1	244	149
4	13	16	16	1255	149
7	2	25	2	1278	149
115	5	98	80	2339	149
0	4	14	41	2130	149
14	25	4	11	794	149
21	27	13	8	3088	149
96	38	8	5	2964	149
109	29	12	8	2591	149
3	2	4	42	649	149
77	5	82	44	2911	149
111	160	21	60	599	149
111	0	172	4	363	149
6	24	0	54	235	149
23	2	49	39	1046	149
4	0	1	18	359	149
4	0	3	15	374	149
29	2	9	5	248	149
211	26	68	18	251	149
30	173	21	1390	386	149
37	6	38	5	388	149
53	1283	4858	1622	512	149
12	910	22	2045	269	149
123	2	209	2	352	149
142	1058	224	1798	397	149
1030	7	1187	5	459	149
16	9	0	5	1483	149
0	4	20	158	235	149
0	4	9	185	220	149
15	19	10	5	1756	149
6	35	1	19	725	149
0	15	3	91	254	149
0	1	10	59	251	149
25231	0	4379	2	3092	149
528	276	659	408	1365	149
4	6	3	1	227	149
6	0	128	552	504	149
32	4	29	3	1978	149
2	10	0	1	1389	149
50	5	43	15	3812	149
3868	43048	2013	4151	2271	149
4	8	23	331	589	149
14913	178970	290	22278	452	149
12384	14	153	2	428	149
86709	349	7212	7	372	149
7834	153310	252	18422	338	149
1	121	16	324	233	149
4	221	29	321	1086	149
7	19	5	12	976	149
28	48	6	6	1410	149
218	463	188	256	434	149
343	0	156	15	408	149
1140	340	995	158	1364	149
34	2	24	0	252	149
110	19	54	9	807	149
16	59	2	27	219	149
6	8	22	48	1182	149
37	79	8	31	238	149
98	2	43	0	362	149
301	875	75	185	4942	149
21	1	4	0	325	149
20	0	1066	18	1056	149
53	5	316	1932	1164	149
3	2	62	1891	249	149
188	0	233	3	1767	149
164	506	39	93	719	149
133	617	126	355	527	149
17	10	23	11	864	149
37	113	19	55	1017	149
404	3	204	6	1233	149
3	184	1	127	353	149
171	199	56	150	2308	149
118	439	52	230	1018	149
26	719	7	520	446	149
106	455	25	339	347	149
246	2	130	0	443	149
4	7	2	15	458	149
28	6	3	13	2675	149
7	3	5	0	430	149
128	67	150	106	352	149
26	0	15	32	704	149
25	0	28	1	1418	149
163	4	305	5	385	149
519	166	844	297	1166	149
6	0	19	9	918	149
14	27	9	12	281	149
154	926	18	753	381	149
244	13	19	6	447	149
245	781	19	879	451	149
284	14	36	18	610	149
65	799	29	716	227	149
84	13	43	23	234	149
47	3	20	2	203	149
317	4	42	1	792	149
98	0	35	1	409	149
57	506	12	434	252	149
165	60	179	93	654	149
165	5	179	1	658	149
2	0	5	5	2076	149
21	5	0	10	377	149
8	243	197	998	237	149
401	1334	224	243	296	149
369	283	196	93	281	149
4	0	178	13	446	149
8	14	0	27	259	149
16	5	47	227	592	149
38	8	41	15	1845	149
215	9349	175	2639	441	149
288	7596	79	2511	364	149
148	6724	62	3333	419	149
0	4	2	5	241	149
6993	6	5247	0	1031	149
118	3	83	0	2934	149
124	784	93	356	3015	149
134	462	100	190	1397	149
21	7	1	3	463	149
18	0	382	5	253	149
96	508	51	354	1378	149
48	667	47	417	1800	149
319	5	222	6	1862	149
18	195	11	381	366	149
807	0	717	2	558	149
805	3	455	0	413	149
8	25	3	29	336	149
10	27	83	29	1311	149
77	94	49	56	508	149
47	383	44	854	909	149
205	191	70	131	3508	149
19	9	11	9	4174	149
51	133	8	39	236	149
10	168	3	42	293	149
9	51	6	47	301	149
4	0	4	1	3418	149
12	338	4	138	1265	149
153	363	93	156	4273	149
11	0	2	2	327	149
187	218	601	502	795	149
183	430	458	436	317	149
5362	17	8059	21	2903	149
5	41	49	344	998	149
2	2	62	196	1062	149
595	4	88	3	962	149
2	2	13	22	1008	149
913	0	778	3	882	149
3	0	9	9	3268	149
22	0	5	2	257	149
5	0	6	37	354	149
4	0	3	54	324	149
85	378	83	117	1211	149
2	0	1	11	1194	149
33	0	36	8	1975	149
0	4	5	20	796	149
1	73	4	59	466	149
2	2	6	16	814	149
7	2	45	41	384	149
28	158	8	32	408	149
28	0	8	1	392	149
28	25	28	58	837	149
7	0	26	2	309	149
13	0	50	3	627	149
13	0	42	2	508	149
13	0	40	1	460	149
9	0	31	1	382	149
17	0	17	1	1575	149
6	0	62	2	389	149
1	0	32	35	312	149
695	0	197	2	1367	149
80	65	75	15	836	149
2	95	2	26	237	149
1094	198	269	79	1335	149
9	0	5	29	652	149
46872	4930	1749	971	2254	149
31	5807	0	18	2370	149
4	14	8	161	256	149
0	2	1	45	290	149
18	20	12	48	369	149
2	5	5	29	248	149
0	2	1	36	259	149
0	2	2	36	259	149
0	2	3	50	262	149
3	0	1	10	880	149
83	136	38	121	236	149
88	14	48	15	4522	149
22	155	10	37	290	149
2	0	20	19	632	149
228	10	160	478	497	149
822	2	106	0	640	149
0	32	9	80	307	149
56	0	76	1	257	149
0	11	5	59	434	149
316	31	2	0	270	149
5	0	21	2	732	149
117	70	56	34	2470	149
34	1	15	0	2644	149
8	2	3	1	475	149
2	0	6	20	939	149
6	77	5	50	420	149
2	0	2	1	231	149
4	24	2	74	233	149
2	83	3	66	301	149
85	241	15	60	1852	149
0	14	5	110	499	149
573	651	162	153	759	149
429	6	122	3	584	149
132	4	8	0	280	149
75	689	6	35	276	149
1	9	29	201	854	149
3	0	36	1	1130	149
13	62	11	91	616	149
13	556	12	916	619	149
293	57	141	33	1348	149
27	0	32	53	961	149
23	383	15	161	803	149
224	18	75	4	857	149
5	23	14	28	831	149
6	49	17	58	775	149
28	660	28	392	412	149
396	8	178	5	505	149
41	19	13	18	1614	149
13	138	7	59	317	149
234	1	66	0	1074	149
19	240	18	105	226	149
0	18	2	157	330	149
104	187	62	299	317	149
102	56	39	82	314	149
100	3	39	8	311	149
2	0	3	1	284	149
41	120	26	116	1101	149
216	1	37	3	234	149
6	0	0	38	343	149
0	21	19	24	617	149
35	19	14	5	229	149
61	9	55	6	461	149
127	255	35	347	4414	149
228	65	18	14	6889	149
62	137	19	39	900	149
708	2	196	0	621	149
196	349	47	146	1637	149
239	2472	190	2853	1229	149
11	127	27	214	1657	149
11	0	24	1	1630	149
4	40	7	174	606	149
388	1	741	0	4206	149
5	25	5	30	700	149
0	62	1	55	249	149
1	61	2	57	623	149
3	59	1	59	398	149
66	4	15	0	4833	149
60	9	25	2	941	149
25	251	16	83	721	149
97	33	18	15	1133	149
126	17	80	3	1255	149
577	553	298	234	651	149
0	3	8	98	227	149
2	0	2	24	743	149
6	197	0	42	231	149
1	3	20	5	1128	149
101	3	43	0	1253	149
31	14	18	11	1077	149
8	0	12	5	431	149
4	10	2	54	248	149
2	12	6	55	279	149
136	10003	108	23045	244	149
203	3530	481	25670	238	149
47	6379	49	21082	232	149
926	30015	577	31466	257	149
1801	2	1392	0	524	149
415	33785	179	35244	515	149
862	1	658	0	524	149
2	13	0	27	329	149
66	62	24	50	1173	149
97	85	38	21	2873	149
41	109	13	35	1219	149
192	71	14	12	2022	149
127	369	12	38	3144	149
82	280	37	251	474	149
13	550	11	229	235	149
44	579	12	153	477	149
103	3	240	0	203	149
12	431	3	136	232	149
18	14	9	113	1795	149
16	0	42	1	268	149
0	6	12	45	415	149
911	0	609	2	1962	149
0	1	1	15	286	149
0	10	2	424	457	149
0	7	19	302	475	149
1	2	2	2	258	149
0	50	7	31	480	149
541	3	177	6	1488	149
155	23	117	19	563	149
3	43	0	45	376	149
8	112	19	94	356	149
2	0	26	9	462	149
192	22	88	14	268	149
1	32	5	197	223	149
0	45	3	173	243	149
0	2	4	136	268	149
2	2	16	115	341	149
5	17	10	76	256	149
44	21	37	25	495	149
5	20	8	207	239	149
0	33	11	422	229	149
3	60	5	337	242	149
4	47	5	323	248	149
3	84	9	316	226	149
2	66	13	331	222	149
24	76	13	326	811	149
7	37	20	344	480	149
7	0	20	11	663	149
2	49	7	372	257	149
4	60	13	357	374	149
50	3	72	27	249	149
4	1	16	9	246	149
3	4	9	20	220	149
190	706	87	160	881	149
3532	50	791	1	1640	149
16	2	5	0	3782	149
4	6	7	8	360	149
16	53	88	136	297	149
213	0	918	2	723	149
43	1	24	0	1336	149
229	2665	449	8754	258	149
283	51	136	16	685	149
1069	15	451	2	1869	149
856	19	364	6	1534	149
654	7	306	2	3467	149
202	320	44	188	829	149
12	121	15	298	240	149
3	17	6	23	252	149
11	0	8	149	1105	149
1	80	12	324	410	149
11	167	17	239	328	149
11	356	12	271	264	149
3	106	14	333	350	149
18	90	38	259	1789	149
7	241	13	202	1048	149
21	123	16	184	383	149
4	17	7	22	291	149
4	7	7	8	294	149
18	48	10	43	762	149
23	2	7	17	706	149
2	3	5	32	760	149
5	7	2	20	865	149
90	1	47	0	2065	149
40	141	40	41	376	149
5	13	9	92	429	149
236	6795	72	4228	1784	149
1	15	7	104	408	149
370	67	93	20	2218	149
1	0	3	2	883	149
3	0	2	5	526	149
163	16	16	2	1507	149
40	28	26	13	609	149
23	16	4	162	1550	149
11	86	14	157	613	149
12	158	1	169	284	149
8	14	4	8	1109	149
244	1039	333	1036	1673	149
2018	349	2161	524	3274	149
373	32	145	38	1790	149
38	109	23	133	3186	149
7	82	9	164	373	149
0	44	3	103	929	149
0	20	2	95	294	149
41	42	16	81	1494	149
40	238	75	244	1507	149
0	2	8	25	292	149
0	1	1	19	736	149
1	34	1	48	394	149
2	0	0	1	585	149
1	12	5	5	258	149
20	128	8	67	486	149
26	13	18	7	1041	149
24	45	16	52	1038	149
4	0	2	2	452	149
8	192	11	205	227	149
10	0	28	4	241	149
10	0	28	2	246	149
735	0	689	23	11605	149
10	0	240	229	251	149
31	835	88	8753	239	149
217	4	3056	5745	671	149
6	7	37	1023	341	149
89	35	54	977	1597	149
135	1826	44	442	754	149
220	9	76	4	2017	149
40	1548	31	382	1311	149
314	11	99	2	1592	149
6	3	5	2	372	149
99	1	50	0	2210	149
1	0	11	2	259	149
106	1	12	0	1670	149
12	0	2	2	986	149
25	32	14	22	2243	149
75	128	51	49	2043	149
183	105	182	32	790	149
9	4	9	7	422	149
60	1006	101	780	1597	149
2	0	6	5	324	149
2	2	0	10	378	149
1	0	0	10	383	149
163	991	19	66	386	149
445	713	55	39	949	149
1361	440	53	47	755	149
27	884	154	3047	343	149
23	639	88	3501	470	149
517	6	47	9	526	149
2	0	0	85	301	149
4	0	10	93	361	149
6	18	2	125	332	149
13	2	9	0	1118	149
1	0	47	3	393	149
886	14	95	0	600	149
264	88	65	43	718	149
0	4	1	11	243	149
0	2	2	0	1471	149
0	2	9	64	390	149
16	24	10	53	591	149
2004	3	304	0	233	149
16	4	9	0	509	149
1334	4	833	4	432	149
856	0	567	2	323	149
3335	2068	2650	617	1385	149
2857	11	2384	2	1276	149
2131	3	1949	5	1015	149
403	0	387	1	267	149
687	1791	242	738	364	149
526	3000	131	859	525	149
138	452	41	736	380	149
107	1008	32	766	263	149
764	0	126	2	1577	149
8	0	4	7	1134	149
8	0	10	2	1313	149
6	15	18	78	1406	149
2	4	8	77	420	149
4	0	8	1	288	149
4	0	8	64	308	149
0	11	4	24	603	149
6	3	20	172	225	149
487	90	192	38	1705	149
0	6	9	137	371	149
70	3	87	3	301	149
20	8	26	28	2923	149
1	0	2	4	345	149
2	9	7	27	429	149
7	9	6	15	404	149
17	0	25	44	275	149
77	4	47	18	543	149
82	33	109	32	1701	149
0	3	5	22	262	149
0	4	2	30	710	149
3	24	22	117	230	149
8	0	66	4	260	149
57	23	7	11	1583	149
0	9	7	73	552	149
96	111	8	5	1583	149
6	18	0	18	376	149
12	127	3	83	374	149
4	0	6	29	638	149
3	7	24	70	269	149
11	10	24	29	1861	149
0	6	15	249	430	149
6	0	89	1	473	149
6	13	46	322	577	149
11	4	135	188	401	149
6	22	24	231	307	149
30	27	13	6	1196	149
32	90	13	26	1229	149
33	592	28	770	360	149
52	1009	56	783	328	149
264	381	114	99	913	149
19	315	6	93	240	149
12	26	7	16	357	149
55	163	9	49	1550	149
12	0	42	1	1118	149
17	33	15	13	1205	149
1	70	2	60	248	149
31	0	64	2	866	149
3	7	3	22	246	149
69	255	18	72	1519	149
11	1	3	2	320	149
13	25	14	103	1648	149
175	3	147	4	1406	149
58	5	22	9	469	149
2	0	16	1	350	149
50	11	19	22	965	149
0	14	11	58	230	149
0	4	8	96	264	149
287	339	336	142	1474	149
63	336	116	128	228	149
6	9	9	205	633	149
20	0	140	37	893	149
161	18	19	1	525	149
21	251	2	18	301	149
43	441	47	620	335	149
4	2	0	15	473	149
0	2	12	26	272	149
13	89	9	165	339	149
92	11	50	3	262	149
9	13	7	35	1516	149
8	73	6	173	1227	149
15	0	21	3	2642	149
0	46	10	380	258	149
6	77	1	30	235	149
19	109	7	43	1498	149
41	50	27	32	2230	149
29	64	14	28	2125	149
7176	0	3663	4	5116	149
2299	11	940	7	1477	149
0	2	2	18	275	149
2	0	2	44	677	149
126	8	76	0	1635	149
91	0	241	3	290	149
91	0	249	52	300	149
179	8	712	3	463	149
143	567	86	475	341	149
0	1	36	692	244	149
7	0	25	1	746	149
0	3	4	107	226	149
93	157	7	13	485	149
673	72	321	26	2626	149
2	22	4	69	227	149
18	93	14	34	289	149
151	31	50	22	1580	149
103	89	50	17	1441	149
141	109	37	23	1370	149
74	213	12	32	912	149
105	13	66	11	1895	149
54	113	68	270	331	149
6	39	0	26	339	149
303	13	40	9	3581	149
307	16	42	4	3593	149
6	105	18	360	385	149
1	38	16	89	267	149
1	87	16	143	270	149
20	75	43	216	1065	149
2	4	0	6	276	149
24	9	33	5	2231	149
6	0	4	1	545	149
6	2	2	4	472	149
14	91	54	174	1157	149
260	571	175	256	664	149
13	33	2	24	228	149
7	8	0	8	262	149
0	2	7	6	346	149
1	38	12	523	228	149
30	24	309	503	2529	149
21	1	1	10	986	149
164	145	13	24	242	149
79	0	224	1	410	149
42	2	13	0	458	149
22	48	31	158	1355	149
6	0	44	1	285	149
29	106	6	25	1440	149
6	2	9	3	371	149
84	94	49	79	1443	149
11210	1124	12045	2204	1289	149
1	26	0	5	342	149
18	0	107	2	295	149
18	0	124	1	345	149
0	7	2	13	1000	149
61	1121	71	2896	407	149
306	415	32	32	504	149
1150	406	108	35	1535	149
0	1	7	34	296	149
2	0	4	11	648	149
0	2	6	35	357	149
13	3	17	12	709	149
0	6	2	38	473	149
2	2	9	44	1666	149
8	4	5	12	1593	149
3	0	7	2	560	149
142	0	701	5	730	149
16	0	53	9	1659	149
0	4	7	31	442	149
20	4	67	1	1303	149
11	18	12	8	838	149
9	0	2	7	893	149
9	0	14	16	585	149
17	0	77	3	1940	149
4	0	4	29	1246	149
29	2	18	0	151	149
25	10	76	2	1628	149
372	0	186	2	261	149
1031	48	487	19	1665	149
560	0	291	2	1074	149
0	2	1	41	235	149
23	43	18	13	1213	149
55	95	20	50	641	149
2	0	135	1	236	149
37	8	0	3	498	149
21	23	2	83	1695	149
0	3	2	2	253	149
8	0	14	2	1271	149
49	37	52	32	4259	149
120622	511	6174	19	3324	149
14	109	6	61	449	149
20	51	6	49	954	149
11	33	3	22	385	149
49	8	30	6	500	149
202	0	220	11	2020	149
78	1554	62	1179	463	149
1	2	12	0	1253	149
150	170	38	61	820	149
12	14	3	1	709	149
5	12	10	192	236	149
256	1255	107	2396	1155	149
1	24	11	38	307	149
3	0	22	13	581	149
3	0	20	5	563	149
33	627	11	151	740	149
216	0	91	2	1078	149
265	16	139	43	1330	149
1	2	3	19	239	149
2	48	41	246	429	149
10	0	180	7	777	149
0	4	53	199	317	149
4	1	11	105	683	149
1	2	6	0	1032	149
52	326	24	125	489	149
15	246	3	93	238	149
60	174	24	93	2242	149
8	24	0	44	1340	149
2	0	1	2	263	149
2	158	22	181	241	149
21	2	21	4	431	149
22	29	11	33	762	149
1	1	0	11	294	149
2	0	6	14	286	149
0	7	7	38	229	149
44	33	22	58	926	149
69	24	66	52	412	149
2	6	42	56	406	149
100	2	25	0	2087	149
426	0	351	9	1799	149
48	27	66	122	758	149
50	8	50	45	1827	149
16	1	14	6	840	149
165	12	92	0	1100	149
92	25	60	15	279	149
9	73	5	115	710	149
400	3	1933	1	1162	149
0	11	2	19	235	149
1	0	3	2	240	149
0	20	3	25	296	149
6	0	4	9	1354	149
4	12	1	8	463	149
1	4	5	31	291	149
3	0	0	6	583	149
7	5	6	4	334	149
0	3	11	9	313	149
0	2	2	9	396	149
0	14	5	39	245	149
3	1	11	33	529	149
18	0	451	7	782	149
18	0	451	141	784	149
33	0	423	8	281	149
9	4064	53	4883	355	149
17	0	228	1	945	149
439	9	210	10	603	149
191	5	116	1	398	149
13	36	6	10	384	149
10	30	0	13	1533	149
12	23	4	15	494	149
3	22	3	10	575	149
2	12	0	6	885	149
11	22	38	57	418	149
2	0	2	5	1606	149
6	0	18	5	277	149
20	0	41	3	501	149
0	12	3	31	392	149
0	16	1	17	317	149
0	11	1	12	314	149
0	4	3	4	326	149
0	2	2	18	233	149
2	0	3	13	232	149
2	0	6	1	411	149
17	15	29	8	1548	149
3	4	3	2	428	149
3	3	16	1	328	149
38	3	50	3	1770	149
70	12	53	22	479	149
42	106	14	136	429	149
34	468	38	181	367	149
7	463	7	229	245	149
92	7	146	0	314	149
8	8	2	2	401	149
8	12	2	0	407	149
2996	2	587	0	1959	149
2901	2	568	0	1899	149
0	2	2	22	1251	149
9	0	10	2	1373	149
9	0	11	15	982	149
73	7	40	52	2909	149
73	0	36	4	2572	149
17	10	6	3	895	149
0	22	2	55	258	149
7	47	10	25	692	149
18	2	13	15	428	149
8	8	0	15	1030	149
12	8	7	13	913	149
32	9	7	11	1610	149
211	6	20	4	1082	149
2	6	13	47	385	149
8	0	22	2	1355	149
5	11	12	55	1044	149
6	6	6	63	385	149
187	1	76	0	268	149
42	166	29	37	749	149
518	0	178	1	519	149
446	2	149	5	477	149
1045	1	351	0	1117	149
405	7	133	11	661	149
34	22	66	27	236	149
2	0	4	12	306	149
1595	0	1344	2	669	149
3	0	14	2	614	149
7	17	6	69	364	149
138	1363	156	856	229	149
0	3	9	64	349	149
0	13	6	89	278	149
1	1	6	0	3247	149
7	0	15	1	483	149
394	1	302	0	150	149
913	52	532	117	4052	149
4	27	4	68	478	149
16	151	17	208	874	149
63	1	20	0	633	149
2	0	0	4	1645	149
18	62	3	40	335	149
11	0	35	4	5850	149
6	1	6	2	241	149
45	478	11	113	746	149
31	117	29	60	1518	149
0	1	3	31	243	149
54	2	3	0	481	149
3	53	1	39	267	149
0	2	4	6	258	149
66	0	24	1	659	149
0	2	3	8	431	149
0	8	7	117	432	149
0	53	32	745	250	149
324	7528	11	175	320	149
2	0	0	2	898	149
22	37	27	92	1433	149
18	93	100	218	310	149
13	16	17	19	323	149
0	304	9	279	306	149
62	405	52	2300	970	149
6	0	4	1	2385	149
8	27	13	14	991	149
1899	32	1064	17	2889	149
36	233	2	101	344	149
9	5	6	24	1974	149
51	159	4	38	531	149
399	2	10	0	342	149
345	249	10	12	330	149
532	356	9	4	807	149
3	0	4	4	605	149
8	0	34	2	520	149
2	29	15	36	581	149
2	18	6	32	240	149
58	87	13	14	2081	149
58	5	13	1	2076	149
2	0	8	3	617	149
2	2	12	0	290	149
50	9	53	75	501	149
37	90	26	42	686	149
66	0	629	1	488	149
35	2	6	0	3532	149
38	1	3	0	825	149
16	172	12	135	882	149
345	15	128	20	869	149
525	10	59	5	1811	149
521	50	59	34	1807	149
617	4	260	0	883	149
1090	6	156	12	473	149
1091	10	162	5	503	149
84	9	40	26	727	149
65	0	64	3	596	149
65	20	64	15	613	149
4	0	9	6	509	149
8	103	23	119	228	149
17	105	67	118	901	149
0	1	43	1000	290	149
3	7	9	43	377	149
4	8	35	30	649	149
205	0	186	5	2355	149
0	41	4	106	231	149
18	36	55	55	524	149
577	0	474	7	2404	149
479	7	50	1	752	149
22	0	176	2	698	149
19	64	14	97	1412	149
82	5	35	0	1520	149
54	161	22	72	1201	149
92	1	34	0	1739	149
42	166	14	69	595	149
0	46	19	100	239	149
207	22	128	19	650	149
0	2	95	2	291	149
8	5	13	13	246	149
33	14	26	11	151	149
32	0	88	4	396	149
4	0	4	20	453	149
4	6	6	39	571	149
5	41	5	46	1298	149
1188	219	675	207	1144	149
2	2	0	4	399	149
4	0	23	15	393	149
2	0	1	16	230	149
658	10	537	4	399	149
129	210	115	172	961	149
0	4	10	64	252	149
77	32	47	42	889	149
16	1	34	0	646	149
10	3	9	1	422	149
83	4	87	1	2611	149
4	0	14	16	1098	149
0	6	2	2	339	149
38	8	64	25	1657	149
12	2	9	7	836	149
1	0	3	4	448	149
5	0	4	25	475	149
154	2	65	93	3627	149
22	4	18	10	1037	149
300	1927	204	3432	601	149
61	11	50	29	2962	149
4	24	77	16	347	149
4	34	69	13	332	149
4	5	22	22	433	149
739	18	148	3	1390	149
10	6	18	585	2336	149
12	94	35	39	228	149
54	247	33	155	841	149
1354	2345	1154	5340	1414	149
23	4	30	13	922	149
2	0	18	338	1724	149
75	435	212	6715	278	149
37	97	47	94	859	149
38495	1	12188	0	203	149
652	29327	124	7099	776	149
44463	1598	10285	241	201	149
160	0	682	2	237	149
0	119	8	249	257	149
199	459	33	293	605	149
162	902	24	371	553	149
568	14	151	4	456	149
3580	628	943	228	1988	149
3122	7	831	5	1625	149
2609	6	1415	4	908	149
9272	15	1185	0	754	149
3	5	19	11	4572	149
5	13	5	9	2860	149
550	4	132	0	412	149
345	5364	73	2960	405	149
60	0	915	2	235	149
2	4	8	90	326	149
34	68	24	56	370	149
68	100	84	31	561	149
8690	8	395	0	242	149
10069	61	449	0	260	149
390	6799	59	278	2585	149
47	113	20	93	545	149
15	0	10	274	1080	149
130	425	57	499	659	149
571	5	232	3	548	149
19	120	1	30	480	149
152	174	30	50	927	149
166	7	32	2	936	149
2	2	5	16	552	149
2	10	35	103	444	149
81	1	17	0	1117	149
1	4	34	41	879	149
185	18	91	10	641	149
57	63	23	18	2094	149
16	37	45	230	407	149
141	181	135	318	1090	149
6	149	14	196	352	149
119	242	68	109	2330	149
195	147	131	79	2865	149
6	3	0	2	1898	149
0	1	10	101	234	149
2	0	37	21	365	149
25	118	6	66	901	149
169	62	86	80	1636	149
175	18	93	20	1639	149
15	0	266	12	1240	149
2	0	15	40	383	149
12	99	18	87	497	149
8	15	3	9	420	149
8	8	3	16	432	149
16	16	23	13	1204	149
27	781	14	440	237	149
2	22	21	112	433	149
0	11	1	11	267	149
3	5	4	6	658	149
0	3	1	13	639	149
16	3	6	0	234	149
5	0	12	23	1171	149
5	0	27	89	511	149
17	94	0	26	730	149
113	39	114	37	976	149
240	1597	253	1540	1098	149
265	2618	154	1395	555	149
831	5	494	1	1192	149
638	2518	392	1726	690	149
1093	1599	936	1428	1912	149
5	0	0	10	759	149
1	0	8	6	922	149
26	138	50	336	349	149
0	5	1	32	289	149
5	4	22	20	367	149
2	0	2	56	259	149
2	9	8	51	533	149
21	5	26	35	993	149
18	6	11	16	998	149
56	69	21	22	2656	149
435	2	66	3	5440	149
95	32	29	32	1351	149
70	49	28	30	1549	149
22	26	5	24	1417	149
214	25	124	17	560	149
647	49	177	63	1024	149
61	219	16	45	718	149
12	3	9	160	2746	149
0	1	14	1949	222	149
1	20	128	2087	502	149
1	0	69	19	244	149
26	105	24	79	239	149
2	0	0	53	304	149
6	65	11	196	886	149
540	0	315	1	1398	149
74	1	16	0	869	149
74	2	16	0	887	149
3	0	8	3	1928	149
1	60	5	287	324	149
10	3	13	3	225	149
12	215	20	355	301	149
7	53	2	335	281	149
2	0	0	17	366	149
5	5	0	10	339	149
2	0	48	17	2644	149
7	9	17	79	396	149
177	0	34	36	2065	149
882	0	146	9	3245	149
92	581	24	324	447	149
131	542	81	259	1109	149
701	296	397	178	2135	149
169	51	48	11	2941	149
43	0	18	14	3007	149
21	5	0	39	1465	149
74	22	14	25	5422	149
23	4	4	26	957	149
647	0	152	2	1935	149
0	2	5	13	508	149
36	0	202	13	2077	149
133	37	38	16	580	149
3	63	3	77	420	149
2	0	6	24	484	149
4	2	8	92	1342	149
0	12	1	57	596	149
0	77	1	170	1172	149
2	0	9	8	313	149
470	5	239	2	239	149
9	0	69	13	2043	149
7	0	14	30	426	149
3	41	21	576	359	149
41	134	91	568	913	149
4	0	15	10	714	149
5	1	11	6	479	149
12	218	43	234	2028	149
590	252	246	562	7184	149
13	23	6	31	683	149
13	2	69	36	1179	149
45	175	25	392	441	149
14	130	4	132	235	149
6	3	1	65	283	149
113	2	214	0	179	149
0	93	19	132	285	149
0	19	20	56	287	149
0	50	30	47	304	149
859	0	594	2	5421	149
19	7	49	23	648	149
8	0	31	5	459	149
164	0	142	8	1743	149
15	0	53	1	292	149
26	372	13	79	611	149
0	1	16	8	546	149
23	295	11	136	276	149
14	78	19	1786	361	149
3	0	1	3	1343	149
1	0	0	19	794	149
2	2	6	92	222	149
148	13	95	2	281	149
2	2	2	0	2539	149
7	198	4	4	228	149
4	330	9	143	1171	149
35	169	18	52	251	149
98	13	2	3	2338	149
86	25	24	13	3175	149
9	29	0	3	551	149
46	22	9	8	3293	149
155	133	35	53	1985	149
0	2	10	144	327	149
15	0	29	97	343	149
2	0	6	56	520	149
3	9	6	59	276	149
59	0	23	13	1401	149
11	11	3	10	4988	149
52	608	97	28	4006	149
10	94	6	14	247	149
7	92	6	45	995	149
0	8	2	8	610	149
33	2	37	1	282	149
2	0	10	41	224	149
4	12	11	40	334	149
0	2	40	406	286	149
3	315	0	99	319	149
9	88	5	116	451	149
99	304	82	157	1698	149
127	7	107	0	1722	149
134	338	80	201	1426	149
182	225	85	170	1821	149
180	0	85	2	1768	149
35	435	31	248	1398	149
19	37	2	10	403	149
20	37	7	14	406	149
136	17	103	8	2280	149
0	1	1	1	668	149
182	3	73	4	1146	149
93	35	38	27	992	149
4	4	14	15	527	149
1	0	9	38	371	149
0	6	9	34	270	149
0	16	5	56	240	149
0	2	4	2	323	149
0	6	4	45	319	149
0	4	5	4	251	149
0	17	4	41	246	149
11	9	1	11	1027	149
270	13	244	96	799	149
301	0	302	7	951	149
52	137	83	57	241	149
63	1	97	0	250	149
60	338	35	217	205	149
526	406	406	175	355	149
10	313	13	216	2605	149
21	274	10	229	1465	149
46	4	17	2	1901	149
25	259	12	221	538	149
48	4	18	2	1903	149
0	23	17	110	455	149
10	26	4	18	484	149
17	35	8	91	346	149
24	113	10	84	1982	149
170	158	66	112	6161	149
42	183	12	134	965	149
113	144	53	118	2927	149
44	79	14	106	854	149
52	16	77	48	2129	149
11	3	8	2	2881	149
25	15	2	0	719	149
329	1582	106	476	1150	149
13	0	18	58	661	149
6	4	10	59	295	149
1	32	0	37	306	149
4	17	0	39	227	149
5	77	11	61	281	149
34	3	73	9	348	149
28	14	57	62	402	149
9	80	16	123	246	149
37	33	14	10	660	149
22	58	7	12	1435	149
4	4	0	5	419	149
2	21	2	0	610	149
17	104	9	64	777	149
6	97	0	75	244	149
145	140	54	36	2161	149
0	13	6	385	268	149
16	335	20	370	436	149
19	1	24	2	439	149
81	7	19	0	429	149
125	1	46	0	1792	149
68	360	34	386	430	149
18	676	23	470	262	149
9	247	4	494	238	149
85	692	64	525	787	149
54	250	42	463	515	149
11	201	1	93	431	149
0	36	7	30	358	149
24	0	122	7	629	149
133	468	51	271	627	149
3325	169	1756	128	1955	149
26	467	4	102	449	149
5	5	5	8	587	149
2	12	2	31	304	149
0	2	8	0	578	149
6	0	27	4	912	149
0	2	7	11	222	149
130	1426	81	2003	1323	149
44	1528	31	2192	430	149
49	1794	65	1707	246	149
17	2119	25	1975	777	149
313	214	182	233	1142	149
861	1523	652	1167	2445	149
13	3	84	7	3863	149
6	33	15	43	287	149
14	40	13	24	249	149
29	24	41	17	1119	149
6	28	7	30	488	149
4	19	3	28	272	149
6	0	3	201	437	149
11	8	8	253	1844	149
24	0	28	2	2076	149
15	2	65	0	268	149
3	104	3	221	231	149
4	18	6	198	467	149
15	3	15	0	2259	149
11	93	9	203	1867	149
0	74	10	251	244	149
0	34	4	28	485	149
7	0	27	24	470	149
810	1	396	0	232	149
816	3	399	2	236	149
884	661	2	0	302	149
0	6	2	52	2666	149
0	4	6	61	422	149
0	1	2	38	232	149
2	0	2	50	311	149
1	0	3	47	745	149
8	0	15	18	537	149
15	56	12	47	2096	149
11	44	29	46	374	149
3	2	4	3	231	149
510	531	194	111	2319	149
352	2	128	2	1741	149
194	19	41	0	1096	149
585	78	137	9	2375	149
9	14	8	13	883	149
11	54	0	18	314	149
1	0	38	40	1264	149
175	11	502	67	323	149
134	123	64	49	340	149
72	2	58	4	275	149
54	32	10	16	218	149
125	15	84	9	1641	149
135	15	60	7	1385	149
227	1	97	0	2379	149
5	18	5	26	881	149
8	0	20	1	1151	149
8	0	22	2	1255	149
223	0	988	17	2163	149
16	0	53	20	1872	149
69	0	127	10	1801	149
71	0	144	2	1893	149
27	21	78	23	2342	149
12	20	24	39	1108	149
10	5	14	12	247	149
5	15	13	23	243	149
86	2	216	24	3553	149
42	0	103	6	1902	149
156	0	398	3	429	149
50	95	151	3847	426	149
1626	13	363	5	3590	149
81	64	27	23	521	149
124	27	69	26	666	149
28	8	15	8	1133	149
1	8	3	27	227	149
170	0	241	2	1020	149
21	218	58	364	973	149
80	65	26	18	446	149
0	3	4	16	334	149
4	0	12	15	756	149
2	18	7	288	222	149
1	18	0	10	220	149
2	3	0	2	294	149
57	50	44	57	699	149
0	26	10	457	454	149
100	2	123	2	1100	149
10	0	5	39	1101	149
20	0	63	1	1419	149
20	11	36	28	1347	149
4	30	11	32	316	149
17	229	6	200	393	149
20	4	25	30	831	149
145	371	45	114	389	149
66	4	43	2	251	149
4	2	1	0	486	149
46	1	48	2	4338	149
1	54	1	14	233	149
0	2	4	0	1075	149
12	81	8	120	931	149
11	1	5	132	1080	149
37	112	8	130	1576	149
29	29	9	92	1052	149
2	18	3	116	794	149
270	7005	107	3938	775	149
4	104	1	40	240	149
45	114	40	999	777	149
5	0	5	16	1528	149
5	0	4	2	1524	149
0	2	9	3	567	149
0	2	3	81	230	149
0	1	2	71	233	149
0	14	3	52	237	149
2	0	5	2	481	149
26	25	11	25	514	149
1	0	8	60	857	149
5	0	10	64	748	149
1	5	2	52	740	149
1	2	1	0	350	149
18	2	69	1	246	149
24	4	70	20	608	149
9	66	24	32	458	149
1662	0	544	52	2522	149
200	250	63	85	740	149
37	174	40	84	1098	149
32	172	13	39	757	149
57	19	67	87	1669	149
3	60	12	105	303	149
55	0	49	2	1397	149
50	71	41	112	1135	149
328	110	72	52	410	149
116	0	95	1	1685	149
113	43	90	355	1682	149
26	75	26	232	424	149
11	106	15	263	546	149
8	116	2	262	227	149
158	53	150	26	968	149
53	42	36	27	2973	149
21	4	8	49	782	149
5	25	4	66	535	149
74	2	18	5	2697	149
7	2	4	0	1488	149
113	1	8	0	9596	149
13	6	8	12	635	149
28	131	50	158	557	149
13	76	9	172	441	149
1	7	4	107	404	149
9	0	32	45	482	149
210	35	314	75	296	149
116	10	322	19	285	149
84	8	34	6	1087	149
0	161	1	498	245	149
239	4	70	2	3807	149
460	2	117	0	2134	149
420	9	97	0	1657	149
34	318	5	99	455	149
13	203	13	67	261	149
2	0	49	10	302	149
14	38	13	90	2107	149
243	105	6	5	1834	149
2	0	9	14	778	149
202	14	39	4	1074	149
18	144	7	22	709	149
14	391	4	130	817	149
126	479	75	143	1448	149
38	319	15	114	269	149
15	303	12	121	235	149
195	4	108	0	2605	149
47	284	25	131	911	149
8	182	0	193	240	149
4	9	17	249	337	149
4	2	5	10	275	149
19	44	17	105	345	149
49	12	72	123	1096	149
46	17	100	147	2156	149
117	1432	61	384	1883	149
229	1487	51	337	913	149
0	2	3	6	237	149
4	0	0	1	897	149
2	2	7	59	284	149
5	1	14	0	3145	149
2	0	86	7	517	149
0	2	12	6	664	149
1	0	14	20	1141	149
0	2	4	7	230	149
4	0	52	1	269	149
17	227	0	9	1725	149
54	0	17	1	2806	149
469	0	313	9	642	149
17	75	5	69	511	149
31	0	19	16	4779	149
4	14	3	47	228	149
28	79	96	1994	541	149
554	1748	205	6468	1458	149
112	7	27	17	1480	149
185	2	38	0	237	149
2	2	0	31	398	149
2	0	10	31	243	149
46	15	82	29	686	149
8	0	36	4	544	149
1	0	4	33	375	149
425	8	81	4	618	149
450	43	90	6	687	149
403	54	91	6	1551	149
23	0	6	1	277	149
0	9	18	363	249	149
0	4	15	222	234	149
0	10	9	332	261	149
0	2	10	266	251	149
12	33	24	293	1048	149
2	130	41	1204	428	149
85	142	122	1669	1024	149
96	0	571	2	1060	149
157	6	1860	30	501	149
31	243	62	1836	393	149
395	6	2411	13	551	149
8	211	13	401	512	149
54	172	22	162	643	149
24	298	10	126	385	149
154	347	36	124	667	149
284	3	85	0	805	149
144	353	45	160	760	149
229	208	563	77	369	149
0	7	7	212	222	149
0	3	26	114	315	149
288	15	106	2	1119	149
0	4	6	6	635	149
21	2	21	26	817	149
19	30	21	28	422	149
4	33	14	120	429	149
4	2	12	0	386	149
94	55	213	82	859	149
6	0	85	50	364	149
16	1	207	3	276	149
19	2	16	3	1099	149
47	2	10	2	599	149
47	13	10	13	622	149
313	208	191	141	3191	149
338	0	339	2	3293	149
56	40	33	94	324	149
142	85	53	133	501	149
11	0	0	2	233	149
719	119	188	47	2504	149
4	23	0	5	273	149
88	0	747	1	3024	149
19	209	15	118	658	149
9	1	8	50	229	149
44	2	26	0	472	149
51	56	42	52	654	149
113	2921	82	3369	370	149
99	236	5	15	706	149
4	0	1	1	434	149
8	1	8	2	265	149
18	94	3	38	307	149
75	43	41	35	1618	149
140	2	64	1	2525	149
67	82	24	54	974	149
9	66	6	55	236	149
2	2	4	60	420	149
0	7	1	5	337	149
2	2	5	18	287	149
26	2751	24	1672	250	149
3	6	5	25	1688	149
17	126	6	109	536	149
4	0	3	4	992	149
76	26	29	11	694	149
191	1	2	0	244	149
17	146	118	297	256	149
245	1220	196	730	253	149
137	276	300	344	294	149
1	13	0	6	281	149
376	2	75	3	3644	149
27	83	11	22	647	149
21	0	14	2	565	149
84	1	27	3	482	149
8	24	6	8	636	149
4	2	6	1	515	149
16	56	22	30	2347	149
57	1186	27	429	233	149
2136	90	916	100	454	149
3470	6	1308	5	607	149
3490	121	1309	45	613	149
60	54	6	4	1764	149
0	2	9	3	672	149
5	4	23	0	1403	149
36	100	35	24	508	149
7	0	17	3	1694	149
341	325	46	61	3601	149
108	429	15	58	1258	149
79	257	3	55	2284	149
90	1	9	0	2306	149
84	204	23	31	1478	149
58	22	24	51	1108	149
45	200	7	825	488	149
65	78	33	7	1799	149
59	0	329	236	175	149
0	2	4	6	661	149
6	0	8	1	1318	149
0	2	3	19	232	149
6	2	2	1	383	149
108	3	52	2	1253	149
25	40	22	33	1118	149
2	176	5	130	225	149
4	111	6	146	516	149
0	2	40	47	916	149
5	0	17	12	1239	149
7	0	31	2	1211	149
9	0	31	3	1774	149
26	348	2	115	440	149
6	70	8	442	383	149
6	0	6	2	363	149
9	10	17	7	244	149
590	7	322	11	300	149
594	3	328	1	310	149
43	11	37	7	634	149
76	3	49	0	880	149
20	49	13	23	778	149
64	102	22	34	915	149
2	1	4	0	1171	149
823	131	334	38	681	149
319	5	127	4	442	149
3646	2	1205	0	1321	149
4475	6	1521	0	2183	149
3649	18	1189	4	1515	149
3166	2	1015	0	993	149
165	94	64	54	305	149
245	57	92	47	822	149
82	66	54	31	350	149
88	256	57	119	297	149
202	406	49	224	446	149
207	1692	11	240	743	149
240	0	215	2	2662	149
18	1	8	0	2605	149
5	4	7	39	390	149
562	371	132	134	4841	149
0	26	16	267	234	149
4	7	9	56	229	149
2	9	7	34	237	149
162	2241	26	391	4171	149
79	2070	23	359	1542	149
46	2206	5	464	1417	149
44	64	19	21	854	149
2	0	0	12	361	149
20	20	24	44	2092	149
312	2	126	0	3721	149
0	10	2	10	683	149
195	91	183	21	4781	149
3	0	6	1	259	149
7	0	24	4	434	149
18	85	13	41	1773	149
0	10	3	39	312	149
0	100	1	71	279	149
24	0	273	19	3135	149
1	0	6	23	822	149
4	0	3	1	883	149
2	6	14	94	831	149
23	0	49	3	2101	149
1	0	22	3	359	149
1	0	22	2	351	149
1	0	4	2	345	149
448	108	70	17	996	149
28	0	64	1	210	149
32	19	27	24	2956	149
35	33	0	2	685	149
72	639	81	483	1103	149
31	1	56	3	1288	149
404	2	625	3	4555	149
2	0	2	2	514	149
7136	9441	708	663	1231	149
96	350	28	48	2893	149
42	224	10	42	1621	149
79	224	8	35	1135	149
77	66	38	23	1312	149
9	83	2	26	365	149
203	9	27	10	622	149
149	100	24	21	581	149
1	0	2	6	626	149
2	10	10	285	567	149
4	0	9	5	1453	149
8788	579	560	19	1234	149
983	357	111	43	253	149
834	7	95	0	234	149
863	130	26	15	257	149
135	94	7	0	713	149
115	7	7	0	700	149
78	22	5	0	655	149
15	2	4	0	316	149
73	3159	11	1078	343	149
6	0	294	10	560	149
5	0	59	2	1070	149
30	0	31	11	471	149
1	0	1	33	814	149
2	18	7	35	891	149
10	2	93	4	217	149
1	0	5	1	1075	149
21	1401	20	2089	486	149
179	1700	200	1765	684	149
2	0	4	6	238	149
35	6	14	5	348	149
106	4	37	3	450	149
0	2	3	39	220	149
91	68	48	41	1032	149
5	2	3	0	217	149
5	39	4	44	241	149
9	45	6	42	409	149
5	2	6	1	345	149
12	22	28	31	448	149
24	0	46	27	682	149
2	30	1	44	521	149
0	19	2	37	325	149
4274	10478	246	365	1972	149
3855	31	208	5	827	149
18417	14484	1023	522	3366	149
4111	2	229	0	2131	149
3676	9	220	0	2128	149
3199	11793	208	383	2122	149
2439	6	195	0	2103	149
6861	5	398	0	2189	149
6384	4	386	0	2183	149
25	46	5	5	2053	149
10	0	6	3	527	149
10	0	6	3	489	149
0	2	5	6	405	149
10	4	13	6	1617	149
81	1	86	0	482	149
44	1	19	0	1083	149
44	2	19	3	1099	149
0	1	4	8	932	149
4759	21	1780	5	3186	149
22	35	6	2	1800	149
8	0	123	106	729	149
12	2	62	233	365	149
29	20	15	90	1242	149
8	2	55	2	1692	149
6	0	30	110	1159	149
7	35	1	84	220	149
9	6	28	47	506	149
6	0	98	20	242	149
54	12	31	158	620	149
0	2	6	161	425	149
0	1	2	154	235	149
8	28	7	36	350	149
135	30	70	28	1594	149
126	155	9	24	2430	149
14	125	4	41	561	149
4	160	4	24	243	149
38	0	12	2	911	149
42	201	10	30	740	149
18	178	10	32	362	149
15	6	10	18	2785	149
11	57	21	55	705	149
54	43	3	16	942	149
1	0	5	6	417	149
7	0	18	2	1344	149
0	8	34	4	1523	149
179	175	250	2960	1744	149
102	25	509	3115	3943	149
46	469	80	851	464	149
0	5	165	574	317	149
28	1	16	7	3638	149
1	0	60	20	292	149
41	0	714	3	638	149
39	34	202	779	590	149
0	1	42	541	283	149
8	1	25	850	639	149
1	0	5	35	247	149
32	96	43	26	485	149
114	0	98	2	877	149
47	4	24	2	1050	149
5	5	1	1	1154	149
59	254	105	90	732	149
70	104	69	387	330	149
144	199	131	426	328	149
244	4	228	3	519	149
158	221	154	418	317	149
331	2	321	0	1073	149
158	275	175	484	673	149
131	154	90	329	337	149
174	121	184	184	376	149
118	177	55	440	431	149
173	154	123	466	342	149
2	27	5	16	240	149
2	4	1	12	229	149
1261	164	164	10	1768	149
109	4	13	0	1918	149
5	0	148	2	787	149
19	1	38	3	232	149
38	6	13	0	229	149
27	20	37	16	1677	149
27	1	37	0	1680	149
112	1	67	11	2992	149
346	4	226	0	249	149
191	127	41	63	420	149
15	162	52	146	3454	149
26	91	5	27	713	149
235	8	155	10	242	149
531	9	94	2	627	149
17	7	13	0	748	149
48	2764	46	1690	233	149
0	260	18	1077	535	149
112	0	163	6	1235	149
11	10	2	19	764	149
207	0	470	1	1961	149
139	0	201	4	689	149
10	0	12	23	590	149
18	3	10	16	1195	149
17	384	26	382	1169	149
27	2	31	0	1176	149
7	37	3	31	600	149
329	58	159	100	3719	149
16	19	11	133	630	149
70	35	20	7	822	149
250	103	63	35	6488	149
18	151	2	38	223	149
11	110	4	24	819	149
88	2	17	2	909	149
76	787	38	84	342	149
0	2	2	22	457	149
0	2	1	9	231	149
0	2	2	16	340	149
9	11	23	9	340	149
57	74	44	66	845	149
98	0	27	27	481	149
0	8	5	33	259	149
2	0	9	48	363	149
1001	43	3965	350	576	149
1024	1	4001	2	802	149
1005	0	3963	1	705	149
0	4	10	264	261	149
26	0	50	2	1757	149
22	0	35	1	1636	149
0	2	3	2	232	149
0	39	5	44	247	149
2	0	13	3	350	149
4	0	17	1	448	149
1	0	4	5	223	149
8	0	14	1	288	149
2	3	0	11	739	149
7	0	217	3	203	149
13	0	269	2	263	149
30	80	87	113	339	149
2	2	12	0	307	149
6	17	2	53	459	149
37	244	20	127	814	149
0	4	1	38	283	149
41	0	25	2	706	149
55	0	19	1	813	149
55	4	18	3	731	149
17	0	21	2	236	149
9	88	10	147	226	149
0	1	17	171	829	149
2	2	3	11	316	149
2	4	1	14	605	149
4	5	14	19	1402	149
81	112	39	243	1136	149
12	114	8	376	339	149
7	38	12	447	478	149
33	17	61	341	523	149
83	17	125	320	679	149
5	10	20	20	2650	149
73	0	31	1	1495	149
175	10	43	3	236	149
10	52	0	20	227	149
0	10	4	60	813	149
4	238	1	51	271	149
164	17	74	0	221	149
8	30	17	143	307	149
23	2	45	44	927	149
1	0	8	1	426	149
20	44	19	133	366	149
13	1	51	1	624	149
52	38	108	140	1023	149
39	0	58	2	433	149
2	0	0	2	985	149
1	5	1	35	247	149
0	1	7	12	242	149
29	137	21	167	278	149
227	22	122	28	939	149
184	6	99	3	726	149
0	4	23	211	415	149
3	0	43	2	555	149
3	56	31	282	223	149
2	79	31	588	242	149
89	125	373	383	416	149
25	0	116	1	258	149
15	249	35	668	241	149
230	0	0	16	579	149
2	0	5	2	1164	149
1014	535	206	183	1719	149
1061	8	211	7	1722	149
685	374	189	193	1027	149
110	924	32	203	232	149
222	413	72	119	534	149
342	2	110	0	827	149
140	384	51	190	356	149
73	1322	10	225	228	149
32	706	16	184	243	149
61	256	31	96	448	149
61	101	38	34	451	149
52	114	14	85	337	149
74	376	97	238	722	149
2	0	2	3	470	149
11	139	6	260	409	149
0	2	3	114	279	149
133	414	89	163	4010	149
2	23	0	14	285	149
71	2264	48	3161	657	149
0	2	163	2469	442	149
48	46	32	38	2013	149
0	2	2	98	475	149
312	0	132	1	448	149
14	23	4	31	806	149
2	166	4	128	623	149
1	30	9	112	349	149
0	1	12	21	850	149
0	19	10	46	363	149
2	17	2	91	841	149
4	13	4	7	240	149
3	11	12	16	225	149
23	3	25	34	1166	149
0	2	2	9	249	149
317	6	112	0	1437	149
512	152	213	168	3166	149
0	11	4	94	242	149
2	6	35	25	453	149
2	0	24	28	420	149
31	46	49	114	477	149
31	2	38	50	444	149
2	14	23	258	543	149
0	18	20	149	230	149
161	94	116	49	1657	149
131	7	54	2	348	149
68	166	31	93	304	149
272	2	156	1	1861	149
694	5	214	0	2897	149
370	638	149	92	2837	149
38	1	13	4	501	149
40	8	14	2	516	149
38	17	6	0	1021	149
12	0	8	4	1090	149
4960	4	606	0	7611	149
0	2	12	29	418	149
0	2	5	40	570	149
0	2	3	0	252	149
203	677	51	79	1021	149
2	76	0	55	226	149
6	0	33	25	766	149
2	2	8	18	2162	149
4	15	7	28	342	149
11	0	20	2	236	149
7	0	123	11	522	149
2	2	0	12	252	149
6	1	4	7	764	149
6	1	14	7	1506	149
9	0	6	6	974	149
2	0	5	1	1034	149
2	0	5	9	1031	149
2	1	1	0	248	149
80	3698	51	2869	440	149
31	92	50	2552	370	149
30	185	24	32	322	149
117	421	163	118	2643	149
15	4	8	0	240	149
4	5	6	12	425	149
2	8	4	12	275	149
59	41	66	679	1293	149
35	2	1036	7	251	149
0	6	9	69	271	149
0	2	1	60	343	149
0	9	7	59	449	149
10	0	27	1	306	149
36	34	6	4	954	149
48	8	13	6	2864	149
8	3	153	88	288	149
8	0	140	1	265	149
14	0	200	2	327	149
111	93	39	29	699	149
157	0	58	2	1369	149
30	48	17	47	672	149
4	60	5	309	299	149
4	0	0	1	269	149
15	89	7	45	228	149
599	1095	12	20	1764	149
0	26	5	72	423	149
36	34	7	3	426	149
141	3	12	2	1690	149
46	21	6	33	752	149
5	26	4	35	534	149
0	2	4	30	238	149
134	1618	89	832	1208	149
215	1	158	1	1215	149
88	2109	54	1375	432	149
8	264	3	120	231	149
30	86	13	25	3559	149
34	99	6	34	710	149
0	13	4	4	403	149
15	2	39	8	1449	149
204	0	596	4	338	149
51	119	19	63	1661	149
0	8	1	32	587	149
0	2	1	39	308	149
1	8	7	35	505	149
476	4	185	4	289	149
44	2037	6	701	231	149
47	1475	40	632	1033	149
60	1521	52	650	3050	149
8	20	14	19	235	149
6	0	40	8	535	149
0	1	6	92	373	149
0	2	4	431	223	149
0	1	4	68	379	149
0	4	2	65	296	149
0	1	14	54	319	149
2	0	0	4	271	149
0	16	25	121	402	149
0	10	19	130	265	149
20	0	3250	56	212	149
13	3	39	2	1945	149
1	0	6	6	643	149
487	223	62	71	2279	149
72	617	22	610	3869	149
155	388	33	43	2336	149
137	0	165	1	3802	149
73	32	33	30	420	149
29	125	45	286	990	149
5	0	19	4	438	149
4	14	4	302	256	149
13	24	9	30	460	149
9	34	4	14	496	149
447	496	102	159	3926	149
2	0	36	5	543	149
2	0	14	5	365	149
2	2	18	54	382	149
2	0	52	3	431	149
7	2	33	75	238	149
11	0	52	7	722	149
5	4	25	79	275	149
4	1	2	71	302	149
6	0	18	55	454	149
2	6	21	92	252	149
2	0	19	1	239	149
48	37	13	17	486	149
0	2	150	14	1400	149
2	15	1	181	354	149
0	5	7	17	662	149
4	0	2	2	755	149
46	65	9	13	389	149
0	9	4	60	234	149
66	0	15	2	1318	149
10	2	57	1	298	149
6	0	16	2	245	149
6	79	9	99	225	149
65	0	59	135	1233	149
173	328	139	121	1013	149
1	8	41	48	299	149
1	488	0	115	401	149
43	1072	10	193	2820	149
0	6	15	15	485	149
22	145	10	109	1755	149
93	84	6	15	1599	149
185	3	12	11	1457	149
246	1	828	24	609	149
12	55	7	227	438	149
660	297	226	169	2900	149
6	78	19	62	325	149
233	88	22	63	1344	149
42	1337	10	303	249	149
84	1158	4	270	337	149
164	1516	11	297	912	149
218	1	35	0	916	149
284	1186	15	237	794	149
303	681	9	208	658	149
1058	53	3088	99	3420	149
0	13	6	18	280	149
48	57	17	68	826	149
3	35	3	151	307	149
166	1111	100	382	754	149
0	1	1	40	451	149
49	18	66	15	1177	149
8	13	48	17	659	149
73	2	158	14	248	149
17	28	14	16	325	149
24	0	68	4	910	149
27	61	19	48	1688	149
11	153	23	66	1008	149
19	0	9	1	395	149
25	127	12	71	457	149
17	83	11	54	1365	149
75	81	62	65	1968	149
15	59	16	51	1398	149
63	15	102	23	2811	149
27	0	6	2	2208	149
7	5	10	20	452	149
91	660	10	667	624	149
98	489	18	777	793	149
47	56	37	24	696	149
29	1	21	0	364	149
16	100	111	4227	375	149
70	1	818	2178	388	149
2	2	11	2	408	149
83	0	259	1	1441	149
4	0	9	10	1526	149
11	0	103	21	2984	149
1	2	0	18	243	149
0	3	8	20	722	149
1	16	3	11	226	149
26	2	23	26	1610	149
6635	49	1172	4	2055	149
31	0	36	41	778	149
1	0	15	259	369	149
0	3	19	84	847	149
2	0	24	3	2280	149
0	4	2	48	411	149
2	0	11	53	962	149
4	0	29	169	475	149
0	4	2	24	387	149
3	25	1	2	236	149
3	286	1	18	230	149
10	297	0	31	229	149
0	8	3	0	2392	149
325	148	269	143	1604	149
50	47	65	85	346	149
211	143	67	30	1120	149
15	197	4	98	303	149
14	201	5	67	725	149
0	2	1	6	336	149
1	18	10	83	242	149
4	37	6	68	252	149
2	8	3	128	346	149
23	27	20	141	1148	149
2	0	4	132	429	149
3050	3	489	4	2478	149
7	52	8	119	325	149
200	1175	56	296	482	149
45	347	27	296	423	149
94	1332	21	375	457	149
146	693	35	303	643	149
0	10	7	23	288	149
2	4	21	24	443	149
1	99	7	197	327	149
58	9	21	5	1426	149
461	7	124	0	866	149
2	25	6	83	366	149
4	34	12	84	341	149
6	2	5	98	1339	149
6	0	5	2	1335	149
7	129	15	136	361	149
6	118	16	157	1252	149
3	212	7	196	284	149
3	118	3	44	226	149
149	1	162	0	2345	149
2	5	7	20	340	149
0	15	2	11	262	149
1	2	5	35	401	149
0	6	3	29	235	149
3	0	10	9	1308	149
384	189	23	3	3531	149
2	62	2	44	685	149
7	5	9	72	1815	149
11	47	2	67	574	149
2	9	0	32	280	149
407	353	517	1104	242	149
1090	883	938	1160	3043	149
463	783	152	1172	824	149
0	7	11	173	371	149
2	3	20	8	254	149
1	16	5	222	246	149
7	2	23	159	1365	149
23	2	63	5	266	149
2	0	5	1	554	149
0	10	5	101	1038	149
8	5	64	2	2083	149
2	1	17	0	786	149
74	0	223	11	1950	149
29	2	39	2	721	149
557	72	165	83	384	149
140	57	88	74	585	149
45	55	26	89	359	149
102	23	58	61	333	149
228	5	138	0	834	149
145	25	101	65	603	149
125	22	71	52	485	149
235	4	115	1	730	149
131	28	65	64	343	149
118	23	117	43	356	149
32	5	154	10	547	149
4	0	58	8	296	149
8	16	2	16	597	149
0	4	14	68	357	149
5	0	42	3	271	149
0	7	8	50	223	149
7	45	6	6	1542	149
1	0	2	4	1075	149
0	2	4	3	610	149
2	0	5	5	3057	149
2	0	8	12	461	149
29	0	37	12	1337	149
2	0	2	38	707	149
5	286	9	475	396	149
0	2	2	245	344	149
9	21	34	55	615	149
13	2	46	57	485	149
50	2	92	5	583	149
27	29	67	47	494	149
4	0	25	8	354	149
119	151	43	163	1194	149
25	401	58	1013	767	149
624	0	977	10	823	149
0	3	5	14	1163	149
7	326	0	76	235	149
68	293	8	80	795	149
6	0	13	4	1187	149
30	278	14	40	416	149
1063	1	538	0	1188	149
226	0	192	11	362	149
36	30	10	24	1968	149
3	24	0	6	480	149
73	2	22	1	2829	149
71	128	17	40	2823	149
54	301	27	130	458	149
80	2	53	8	977	149
17	23	0	2	1044	149
32	1	13	0	3373	149
32	12	13	9	3383	149
4798	12	540	4	2709	149
4314	2	817	0	1262	149
2	6	4	4	237	149
25	0	35	85	397	149
0	1	15	6	330	149
0	30	11	66	315	149
157	7	64	13	456	149
9	0	0	32	1223	149
1	1	1	9	369	149
0	9	2	8	699	149
34	45	6	3	1325	149
7	0	15	5	2964	149
13	0	25	76	470	149
8	0	2	6	847	149
2	0	2	5	409	149
2	9	2	4	412	149
0	6	5	7	245	149
9	0	14	1	1232	149
165	56	82	26	266	149
8	1	9	0	468	149
17	2	16	4	565	149
17	0	16	2	531	149
29	3	14	9	3333	149
113	5	84	63	1447	149
7	22	11	123	270	149
54	28	69	72	1114	149
6	31	17	69	715	149
22	125	10	80	519	149
2855	1612	1683	4945	1421	149
14	2060	8	844	347	149
5	0	0	15	2337	149
55	14	30	17	335	149
34	231	26	99	477	149
8	0	10	5	351	149
7	211	9	480	347	149
84	88	18	25	845	149
34	6	6	1	229	149
120	76	32	19	1322	149
285	1638	35	671	2020	149
282	2	35	0	2008	149
103	15	31	7	899	149
143	5	40	1	1030	149
248	82	23	11	774	149
228	4007	124	2132	382	149
1416	0	624	3	5425	149
183	41	63	17	3650	149
111	0	84	75	1346	149
4	0	10	59	243	149
40	0	30	44	649	149
44	0	34	5	830	149
40	0	54	36	697	149
80	175	37	68	1104	149
1	41	3	30	220	149
15	16	2	23	416	149
51	471	24	422	1226	149
63	243	5	29	228	149
6	4	5	7	1929	149
0	11	5	78	278	149
5	32	22	85	386	149
99	9	77	2	2010	149
65	17	44	8	1683	149
31	9	28	6	1134	149
63	25	39	16	3300	149
6	83	7	25	320	149
988	515	1073	1388	2911	149
3	0	22	8	2851	149
35	20	15	6	836	149
2	0	12	6	300	149
888	1	191	0	661	149
0	3	8	103	234	149
82	43	30	19	711	149
12	49	0	114	445	149
30	5	46	6	490	149
24	95	28	101	475	149
200	22	28	14	2956	149
1081	0	217	1	2726	149
1	2	2	25	472	149
20	28	17	32	1230	149
13	0	23	3	686	149
13	0	24	18	689	149
17	0	37	1	776	149
15	4	24	44	740	149
0	6	2	33	283	149
2	0	5	10	350	149
0	4	1	15	292	149
72	7	24	6	430	149
70	70	23	32	416	149
29	129	4	1	3403	149
87	200	62	79	478	149
431	270	131	60	6379	149
3	0	88	162	240	149
2	0	35	27	707	149
0	2	12	3	811	149
0	2	4	27	363	149
2	15	1	5	313	149
19	16	10	19	1026	149
68	249	52	644	2262	149
120	680	51	459	1113	149
14	2	26	1	1098	149
14	165	14	196	556	149
45	318	32	172	455	149
4	30	10	262	855	149
1188	670	18	4	1396	149
765	386	14	2	1313	149
20	136	0	7	248	149
701	7554	378	10743	492	149
8	11	2	0	420	149
239	2	13	0	1053	149
168	11	8	1	1187	149
117	3	4	1	254	149
29	14	3	0	890	149
15	22	2	0	366	149
4057	194	1649	112	586	149
203	81	135	67	461	149
34	0	29	7	861	149
0	22	17	256	309	149
0	152	9	279	272	149
13	52	18	24	694	149
8	64	3	25	242	149
136	83	123	64	378	149
136	3	79	2	1575	149
121	3	71	2	1515	149
119	13	71	2	1512	149
43	7	21	10	1734	149
75	11	20	16	243	149
68	36	42	55	1207	149
10	241	9	123	1721	149
2	0	3	8	314	149
4	0	3	7	888	149
1	5	0	19	301	149
0	3	10	39	655	149
0	1	2	32	275	149
1	0	14	13	540	149
35	304	43	146	1811	149
64	366	44	178	1512	149
40	377	78	187	1814	149
31	296	18	156	221	149
68	0	73	2	426	149
74	397	73	513	451	149
64	0	68	10	637	149
135	1	113	3	2057	149
73	679	55	650	1723	149
71	0	55	4	1531	149
71	1	45	6	1447	149
17	1163	15	696	269	149
81	0	49	4	273	149
8	0	11	20	381	149
10	0	15	35	558	149
2	3	7	14	376	149
3	0	3	49	1007	149
1	21	9	58	2176	149
32	2	29	2	659	149
12	113	17	166	733	149
15	110	35	169	456	149
4	10	3	9	424	149
5	23	4	26	529	149
19	9	33	25	275	149
18	2	58	18	452	149
2	0	0	1	338	149
17	196	0	50	481	149
5	0	4	3	1225	149
7	20	4	3	246	149
9	63	3	29	235	149
10	4	2	8	748	149
10	0	2	4	1593	149
15	34	0	29	235	149
69	7	21	14	837	149
3	8	33	52	1732	149
3	0	14	32	777	149
1	28	0	4	435	149
62	163	5	32	2015	149
41	225	41	214	1103	149
6	2	11	0	216	149
599	188	89	91	4188	149
820	59	370	640	1740	149
56	10	21	0	236	149
298	1225	72	440	802	149
267	8	63	0	677	149
319	10	75	5	804	149
375	9	91	1	806	149
165	2562	46	1166	778	149
124	2929	65	1059	426	149
450	1126	212	956	567	149
214	2	125	0	313	149
199	2124	114	976	2892	149
209	2237	57	844	238	149
28	11	23	2	272	149
559	64	832	121	2604	149
40	1176	12	479	501	149
2	15	18	26	770	149
36	0	40	2	362	149
32	66	20	15	2810	149
198	38	38	9	1290	149
15	111	2	7	659	149
390	11	69	0	1282	149
6	0	14	4	672	149
9	2	8	11	1124	149
6	1	2	0	1706	149
15	2	6	0	1810	149
4	114	4	97	229	149
7	146	0	95	240	149
10	0	16	7	315	149
10	1	19	2	340	149
2	319	2	5078	253	149
176	1	50	0	227	149
14	1	13	0	262	149
2	6	0	2	887	149
13	13	1340	34780	473	149
16	58	0	26	264	149
8	0	44	1	1921	149
58	32	121	41	3694	149
58	2	151	1	3778	149
0	2	1	11	288	149
18	316	44	190	950	149
50	243	35	104	551	149
20	128	21	435	355	149
207	353	64	78	3575	149
15	200	7	161	239	149
0	4	9	84	747	149
0	9	21	110	252	149
22	622	87	2388	771	149
135	1896	113	2614	2392	149
29	5	45	1983	789	149
14	124	8	31	804	149
40	5	5	0	1202	149
40	1	5	0	1181	149
16	96	7	51	1543	149
37	66	29	37	2521	149
25	0	61	1	312	149
77	249	49	70	495	149
111	4	68	2	801	149
108	5	138	119	1838	149
505	0	555	106	1577	149
15	21	10	3	1674	149
72	31	5	10	4392	149
5	1	2	4	716	149
200	0	10	2	1597	149
46	6	22	15	1981	149
54	6	67	0	186	149
333	196	149	65	1433	149
3493	37	2420	26	2449	149
16	28	26	480	1082	149
