ID
16
17
20
22
23
24
29
46
50
63
69
74
83
85
86
87
92
99
103
105
110
120
122
123
127
162
184
191
220
222
226
234
251
252
259
264
274
279
287
290
293
294
313
314
344
347
354
364
365
366
367
380
382
404
405
424
430
431
436
437
442
447
468
480
483
498
525
534
538
544
559
592
609
620
627
628
642
662
663
674
675
679
680
681
682
685
687
695
697
700
724
725
726
728
730
731
737
738
739
746
747
748
750
751
752
753
755
759
764
765
770
794
795
796
799
804
805
818
833
834
839
840
841
842
849
850
854
860
866
870
871
874
880
882
884
888
894
895
897
900
901
902
905
915
916
922
923
924
927
928
932
948
953
956
958
959
960
964
965
966
968
972
974
977
1007
1009
1042
1053
1079
1084
1090
1091
1092
1093
1095
1107
1108
1109
1110
1114
1126
1133
1141
1162
1175
1176
1177
1178
1181
1185
1187
1189
1193
1201
1206
1208
1210
1233
1234
1269
1271
1273
1275
1289
1298
1299
1302
1304
1310
1311
1313
1356
1360
1363
1365
1366
1368
1375
1377
1378
1387
1390
1403
1406
1407
1425
1427
1430
1443
1453
1465
1473
1489
1490
1491
1496
1505
1506
1514
1515
1516
1522
1523
1528
1532
1560
1567
1569
1600
1602
1603
1605
1607
1608
1609
1613
1614
1620
1621
1624
1625
1626
1637
1655
1673
1674
1714
1715
1726
1729
1733
1744
1761
1773
1784
1799
1826
1855
1859
1860
1867
1868
1870
1871
1887
1888
1893
1902
1909
1921
1923
1933
1934
1935
1936
1939
1940
1942
1949
1957
1960
1961
1962
1963
1964
1968
1970
1972
1976
1979
1981
1982
1987
1990
1995
1997
1999
2000
2001
2002
2005
2008
2013
2014
2016
2017
2025
2029
2030
2033
2036
2037
2038
2040
2041
2042
2043
2045
2046
2055
2057
2061
2062
2063
2064
2072
2077
2081
2082
2085
2096
2097
2098
2105
2117
2120
2131
2132
2140
2149
2150
2151
2152
2155
2156
2157
2158
2159
2160
2161
2162
2169
2172
2176
2177
2185
2187
2210
2211
2212
2216
2218
2221
2228
2229
2231
2238
2243
2244
2251
2253
2260
2262
2270
2276
2277
2278
2282
2285
2286
2289
2295
2296
2297
2298
2299
2300
2301
2302
2305
2308
2309
2310
2313
2314
2315
2320
2325
2326
2328
2329
2330
2331
2335
2340
2342
2343
2344
2345
2348
2350
2352
2354
2362
2372
2375
2377
2378
2379
2380
2383
2384
2385
2388
2389
2391
2397
2398
2403
2407
2408
2409
2410
2411
2413
2416
2419
2420
2421
2435
2436
2437
2448
2449
2450
2454
2455
2456
2457
2460
2463
2464
2466
2468
2470
2476
2478
2483
2484
2485
2489
2495
2497
2500
2501
2502
2514
2531
2538
2545
2546
2548
2553
2554
2558
2561
2565
2568
2570
2571
2572
2573
2578
2581
2603
2605
2606
2608
2609
2616
2627
2628
2629
2632
2633
2634
2635
2639
2641
2642
2643
2645
2647
2648
2658
2661
2662
2663
2664
2667
2668
2669
2676
2678
2683
2686
2689
2694
2696
2708
2709
2714
2715
2716
2717
2719
2720
2721
2722
2723
2725
2726
2727
2728
2729
2740
2741
2743
2756
2757
2759
2773
2774
2775
2780
2782
2783
2784
2787
2788
2801
2803
2805
2808
2809
2810
2811
2818
2824
2825
2827
2828
2829
2830
2831
2833
2837
2839
2850
2851
2857
2858
2863
2864
2867
2869
2872
2873
2874
2879
2883
2884
2888
2889
2890
2904
2905
2920
2931
2939
2941
2942
2943
2944
2955
2957
2959
2960
2961
2968
2969
2970
2971
2976
2982
2983
2984
2985
2989
2990
2991
2993
2998
2999
3000
3006
3007
3012
3020
3021
3022
3023
3024
3033
3034
3035
3036
3037
3041
3042
3043
3045
3046
3049
3051
3056
3057
3061
3062
3063
3073
3076
3077
3078
3082
3083
3084
3085
3086
3092
3093
3094
3095
3096
3106
3107
3108
3109
3111
3115
3116
3117
3118
3119
3120
3122
3123
3138
3141
3144
3145
3146
3147
3150
3151
3152
3154
3157
3163
3166
3168
3180
3190
3191
3192
3193
3194
3210
3211
3213
3214
3216
3235
3258
3261
3268
3270
3274
3275
3279
3283
3284
3285
3286
3287
3288
3289
3290
3291
3292
3298
3303
3304
3306
3307
3326
3335
3336
3337
3338
3339
3340
3341
3342
3344
3350
3351
3352
3353
3354
3355
3359
3360
3361
3363
3364
3365
3367
3368
3369
3372
3374
3382
3384
3385
3390
3391
3393
3395
3396
3397
3398
3399
3400
3401
3402
3407
3408
3420
3421
3423
3424
3425
3426
3427
3431
3432
3433
3434
3435
3436
3437
3438
3439
3441
3443
3447
3448
3453
3456
3457
3459
3460
3461
3462
3463
3465
3466
3471
3472
3473
3474
3493
3498
3501
3503
3505
3507
3508
3513
3517
3518
3519
3522
3527
3528
3529
3530
3531
3532
3533
3534
3536
3537
3538
3541
3542
3544
3548
3554
3559
3563
3566
3568
3569
3570
3572
3573
3575
3576
3585
3587
3593
3596
3597
3605
3611
3612
3617
3620
3622
3624
3632
3634
3635
3636
3637
3639
3640
3645
3655
3656
3658
3659
3664
3668
3670
3671
3672
3673
3674
3675
3679
3683
3684
3685
3694
3695
3711
3714
3720
3724
3737
3740
3743
3744
3745
3746
3748
3755
3773
3776
3778
3780
3781
3782
3783
3793
3794
3795
3797
3800
3801
3803
3808
3809
3810
3811
3812
3816
3819
3820
3830
3831
3832
3833
3838
3840
3841
3842
3844
3845
3846
3848
3853
3854
3855
3856
3857
3858
3860
3862
3868
3869
3870
3873
3876
3877
3878
3882
3883
3884
3885
3886
3887
3888
3889
3896
3914
3918
3919
3928
3929
3936
3937
3939
3940
3941
3942
3943
3947
3948
3966
3970
3976
3977
3980
3981
3982
3994
3996
3999
4005
4018
4019
4020
4034
4036
4037
4043
4045
4046
4055
4059
4062
4063
4064
4065
4066
4071
4073
4077
4080
4081
4088
4089
4093
4094
4096
4097
4100
4107
4108
4111
4112
4113
4116
4119
4123
4125
4126
4129
4131
4137
4138
4139
4145
4146
4147
4149
4155
4156
4166
4167
4170
4171
4172
4181
4182
4183
4213
4217
4219
4222
4223
4226
4228
4231
4235
4236
4238
4239
4242
4243
4246
4249
4253
4254
4257
4267
4268
4270
4273
4274
4275
4280
4281
4282
4283
4312
4314
4315
4316
4317
4318
4319
4325
4331
4341
4345
4347
4351
4352
4354
4355
4356
4358
4359
4360
4362
4365
4370
4372
4373
4374
4375
4377
4378
4382
4384
4386
4387
4397
4410
4411
4412
4415
4419
4421
4423
4424
4436
4439
4440
4441
4442
4444
4455
4458
4459
4473
4474
4478
4479
4480
4482
4485
4489
4490
4491
4493
4506
4510
4514
4515
4520
4550
4552
4559
4561
4571
4574
4576
4582
4585
4587
4588
4590
4596
4597
4598
4599
4600
4601
4602
4603
4604
4606
4607
4610
4613
4614
4617
4623
4625
4635
4636
4637
4639
4641
4645
4646
4651
4655
4657
4667
4668
4669
4677
4680
4686
4687
4700
4704
4706
4709
4713
4714
4716
4719
4721
4722
4724
4729
4731
4733
4734
4735
4736
4744
4749
4751
4754
4761
4769
4771
4772
4776
4780
4795
4799
4802
4804
4815
4824
4836
4837
4852
4853
4865
4866
4869
4872
4877
4878
4879
4880
4881
4884
4886
4887
4891
4892
4894
4896
4897
4898
4900
4903
4908
4910
4911
4917
4923
4924
4925
4927
4928
4933
4934
4935
4938
4939
4940
4941
4942
4943
4949
4950
4952
4958
4963
4966
4970
4975
4976
4987
5001
5002
5003
5004
5007
5008
5009
5010
5019
5020
5022
5027
5041
5042
5048
5055
5056
5066
5068
5069
5071
5072
5073
5077
5084
5086
5090
5092
5093
5094
5096
5101
5107
5113
5114
5115
5120
5124
5127
5129
5139
5143
5144
5145
5150
5151
5153
5154
5159
5162
5163
5164
5165
5169
5170
5171
5172
5173
5181
5182
5183
5184
5189
5192
5193
5194
5195
5196
5203
5207
5208
5211
5214
5220
5226
5237
5241
5242
5243
5250
5252
5254
5255
5257
5259
5270
5271
5273
5277
5278
5279
5280
5284
5285
5288
5289
5290
5293
5294
5295
5296
5299
5300
5301
5302
5309
5311
5314
5319
5325
5326
5329
5344
5345
5352
5360
5390
5392
5415
5420
5426
5429
5436
5439
5445
5446
5448
5449
5451
5458
5461
5467
5469
5470
5471
5474
5477
5478
5484
5486
5487
5488
5489
5490
5491
5495
5496
5497
5502
5510
5523
5524
5525
5526
5534
5535
5538
5540
5541
5544
5555
5564
5572
5574
5584
5585
5588
5591
5592
5603
5604
5605
5606
5613
5614
5617
5618
5619
5620
5621
5623
5624
5628
5630
5632
5633
5635
5643
5646
5647
5648
5649
5650
5654
5664
5665
5666
5672
5673
5674
5676
5677
5687
5691
5692
5693
5694
5700
5711
5727
5728
5729
5740
5744
5753
5762
5763
5764
5765
5766
5769
5773
5774
5777
5780
5781
5787
5794
5801
5808
5809
5816
5826
5829
5830
5833
5834
5841
5847
5848
5849
5850
5851
5852
5854
5868
5873
5874
5875
5879
5881
5885
5890
5892
5894
5895
5896
5909
5910
5914
5919
5921
5923
5940
5945
5949
5953
5955
5956
5962
5969
5970
5973
5975
5978
5986
6002
6016
6023
6025
6026
6027
6028
6041
6043
6044
6045
6047
6048
6049
6052
6054
6059
6067
6076
6079
6081
6082
6090
6092
6099
6103
6104
6105
6108
6110
6111
6114
6119
6120
6121
6122
6123
6124
6125
6126
6127
6132
6133
6134
6135
6137
6141
6142
6143
6154
6161
6163
6164
6165
6166
6169
6173
6178
6182
6189
6191
6194
6205
6207
6208
6211
6213
6216
6219
6220
6223
6230
6234
6238
6240
6241
6242
6248
6249
6250
6251
6253
6263
6265
6269
6272
6277
6278
6279
6282
6284
6286
6289
6292
6293
6295
6297
6298
6299
6305
6308
6309
6310
6311
6312
6313
6314
6341
6343
6344
6345
6346
6347
6350
6351
6355
6360
6366
6374
6378
6379
6381
6382
6383
6384
6385
6399
6401
6409
6411
6420
6424
6428
6430
6441
6442
6443
6455
6456
6460
6462
6466
6469
6471
6474
6475
6476
6479
6483
6484
6499
6500
6502
6503
6504
6505
6515
6516
6517
6519
6524
6544
6546
6548
6549
6550
6552
6553
6554
6556
6558
6559
6564
6565
6571
6584
6594
6597
6599
6607
6609
6610
6612
6614
6618
6620
6621
6622
6628
6629
6635
6637
6638
6648
6653
6655
6656
6662
6669
6670
6676
6677
6678
6679
6682
6683
6686
6693
6694
6698
6699
6706
6719
6720
6721
6729
6734
6751
6756
6761
6764
6768
6769
6775
6779
6786
6787
6795
6803
6804
6806
6808
6813
6824
6825
6832
6837
6850
6851
6852
6861
6862
6870
6871
6882
6883
6890
6891
6897
6900
6903
6904
6905
6906
6907
6908
6909
6913
6914
6917
6922
6923
6925
6933
6940
6942
6944
6961
6970
6979
6981
6982
6983
6984
6985
6988
6994
6997
6999
7006
7018
7019
7020
7031
7034
7035
7036
7038
7039
7041
7043
7051
7052
7053
7054
7055
7056
7057
7058
7059
7060
7061
7062
7063
7067
7068
7069
7071
7076
7077
7080
7081
7092
7094
7100
7101
7102
7105
7110
7112
7122
7132
7134
7135
7136
7137
7138
7141
7151
7152
7159
7160
7161
7163
7170
7173
7176
7179
7181
7193
7199
7206
7223
7224
7228
7229
7230
7231
7233
7234
7235
7239
7240
7241
7243
7247
7257
7259
7260
7261
7262
7264
7266
7271
7275
7296
7298
7300
7305
7311
7317
7324
7330
7338
7348
7349
7350
7356
7357
7363
7366
7374
7375
7378
7380
7384
7393
7395
7396
7409
7412
7413
7414
7415
7434
7435
7438
7439
7440
7445
7448
7449
7450
7451
7452
7456
7460
7461
7464
7465
7466
7470
7479
7480
7481
7482
7483
7484
7486
7488
7489
7490
7491
7492
7494
7496
7497
7499
7502
7503
7504
7514
7515
7520
7521
7526
7527
7529
7532
7537
7538
7539
7544
7545
7548
7549
7550
7571
7572
7573
7575
7576
7578
7581
7582
7583
7588
7593
7599
7600
7601
7607
7610
7616
7617
7618
7619
7620
7623
7624
7627
7628
7629
7643
7650
7651
7652
7656
7659
7665
7666
7667
7668
7669
7670
7671
7672
7675
7676
7681
7687
7691
7692
7695
7727
7728
7729
7733
7734
7735
7736
7738
7743
7759
7769
7773
7777
7783
7795
7805
7807
7809
7812
7818
7822
7827
7828
7845
7850
7851
7852
7853
7854
7855
7856
7860
7862
7866
7867
7868
7869
7870
7876
7904
7905
7909
7911
7918
7919
7943
7954
7955
7956
7961
7972
7982
7983
7986
7987
7989
7990
7991
7992
7995
7996
8003
8005
8008
8009
8012
8013
8016
8018
8022
8024
8027
8032
8036
8043
8049
8055
8056
8057
8060
8061
8068
8069
8079
8081
8082
8083
8084
8085
8086
8093
8099
8101
8102
8107
8109
8110
8111
8117
8122
8123
8126
8132
8139
8149
8150
8151
8152
8169
8171
8172
8187
8188
8191
8192
8193
8194
8200
8222
8223
8224
8226
8227
8235
8236
8240
8247
8248
8249
8250
8251
8253
8254
8255
8256
8258
8262
8264
8270
8271
8273
8274
8276
8277
8278
8279
8281
8291
8297
8300
8301
8305
8309
8317
8319
8323
8326
8329
8332
8333
8338
8354
8359
8374
8375
8376
8393
8398
8402
8406
8411
8413
8426
8428
8430
8453
8454
8468
8470
8475
8477
8487
8491
8492
8493
8494
8497
8498
8499
8500
8504
8505
8509
8511
8512
8514
8517
8523
8524
8526
8527
8528
8529
8530
8531
8532
8533
8534
8535
8537
8538
8539
8541
8542
8543
8544
8546
8547
8549
8555
8574
8583
8585
8591
8594
8597
8598
8599
8604
8608
8610
8614
8620
8621
8622
8623
8624
8625
8626
8627
8628
8629
8630
8631
8632
8633
8634
8635
8636
8638
8663
8664
8673
8674
8698
8699
8701
8707
8708
8710
8712
8714
8722
8723
8725
8726
8727
8739
8742
8743
8744
8750
8758
8764
8773
8774
8778
8785
8791
8792
8801
8802
8810
8814
8815
8819
8824
8829
8830
8844
8845
8847
8848
8853
8855
8859
8863
8868
8869
8870
8871
8872
8877
8878
8880
8881
8883
8884
8886
8889
8899
8901
8904
8909
8910
8918
8919
8921
8922
8923
8924
8925
8926
8935
8936
8937
8948
8953
8954
8955
8957
8965
8966
8979
8987
8994
8997
8999
9001
9003
9005
9006
9007
9023
9024
9025
9026
9033
9034
9035
9036
9037
9038
9041
9045
9050
9061
9062
9070
9088
9093
9102
9104
9105
9114
9115
9120
9124
9127
9128
9130
9133
9137
9138
9139
9140
9143
9149
9159
9167
9168
9169
9185
9188
9198
9211
9212
9213
9214
9215
9216
9225
9227
9228
9229
9230
9231
9236
9237
9239
9240
9245
9249
9250
9251
9255
9257
9261
9262
9263
9264
9266
9270
9272
9274
9278
9281
9282
9283
9284
9287
9288
9291
9298
9299
9302
9303
9304
9305
9314
9315
9317
9318
9321
9338
9361
9373
9376
9381
9382
9384
9386
9387
9389
9400
9407
9412
9413
9414
9415
9416
9419
9428
9445
9448
9449
9457
9458
9462
9468
9492
9495
9502
9503
9511
9512
9514
9516
9521
9525
9547
9549
9552
9553
9556
9561
9572
9573
9575
9576
9586
9587
9588
9590
9593
9594
9604
9607
9611
9612
9613
9614
9615
9616
9617
9620
9621
9622
9623
9627
9631
9632
9633
9634
9635
9638
9642
9643
9644
9647
9652
9657
9658
9659
9660
9661
9662
9663
9664
9665
9666
9667
9672
9676
9677
9678
9694
9705
9707
9708
9709
9724
9727
9737
9741
9765
9785
9789
9794
9795
9802
9818
9820
9821
9822
9859
9861
9862
9866
9867
9868
9872
9873
9883
9887
9897
9898
9899
9900
9904
9905
9907
9920
9921
9922
9931
9933
9934
9935
9936
9939
9940
9944
9945
9946
9952
9953
9954
9955
9956
9957
9959
9962
9969
9970
9971
9973
9975
9987
9989
9990
9992
9997
10000
10002
10004
10013
10016
10020
10026
10031
10032
10036
10046
10047
10048
10064
10066
10073
10087
10088
10090
10092
10099
10110
10113
10114
10115
10117
10130
10131
10132
10153
10155
10167
10177
10182
10193
10195
10196
10198
10199
10206
10207
10211
10213
10214
10215
10216
10217
10220
10232
10249
10250
10251
10261
10262
10264
10266
10274
10280
10315
10316
10317
10319
10323
10324
10325
10329
10332
10333
10348
10349
10353
10364
10365
10366
10370
10373
10374
10375
10386
10392
10393
10394
10396
10397
10402
10411
10428
10430
10431
10432
10434
10437
10438
10439
10442
10450
10456
10457
10458
10459
10460
10465
10471
10473
10479
10502
10507
10515
10529
10530
10544
10554
10562
10563
10564
10565
10566
10567
10568
10569
10570
10571
10579
10580
10581
10595
10597
10598
10599
10616
10617
10618
10619
10621
10622
10625
10626
10627
10630
10631
10633
10639
10640
10641
10645
10646
10654
10662
10663
10666
10667
10669
10672
10673
10675
10679
10680
10681
10699
10702
10709
10710
10713
10714
10715
10728
10732
10735
10736
10737
10739
10742
10743
10744
10745
10746
10747
10755
10759
10760
10761
10762
10764
10765
10766
10767
10771
10776
10778
10782
10783
10790
10791
10792
10797
10798
10801
10802
10803
10806
10810
10811
10818
10819
10820
10821
10823
10824
10833
10843
10844
10846
10850
10852
10855
10857
10858
10860
10862
10864
10866
10868
10869
10870
10871
10881
10885
10887
10888
10889
10891
10892
10894
10913
10919
10923
10926
10929
10933
10934
10935
10936
10937
10938
10945
10949
10963
10967
10969
11001
11002
11003
11004
11005
11009
11014
11016
11017
11018
11020
11023
11024
11028
11029
11036
11038
11060
11063
11064
11065
11067
11068
11070
11071
11091
11092
11104
11105
11106
11107
11108
11110
11112
11113
11114
11115
11116
11117
11123
11137
11138
11139
11141
11142
11143
11144
11145
11147
11150
11151
11152
11157
11158
11159
11160
11161
11162
11163
11165
11166
11169
11170
11171
11173
11176
11177
11178
11179
11180
11182
11189
11193
11195
11196
11197
11203
11204
11206
11207
11208
11209
11211
11212
11213
11216
11219
11236
11237
11238
11240
11241
11243
11244
11246
11248
11251
11252
11255
11258
11260
11261
11262
11263
11268
11271
11273
11274
11281
11285
11286
11293
11294
11304
11308
11326
11327
11337
11338
11339
11348
11350
11351
11353
11354
11357
11369
11370
11372
11373
11374
11375
11376
11377
11391
11393
11394
11395
11396
11405
11410
11411
11412
11415
11420
11426
11427
11428
11433
11434
11435
11437
11441
11445
11448
11449
11453
11454
11456
11462
11475
11476
11477
11478
11480
11481
11482
11485
11486
11488
11490
11491
11492
11504
11507
11509
11510
11520
11521
11522
11523
11524
11526
11532
11533
11540
11543
11544
11548
11549
11550
11561
11562
11563
11564
11565
11579
11580
11583
11586
11587
11588
11607
11608
11612
11614
11623
11630
11631
11634
11635
11636
11637
11638
11645
11646
