ID	IJC_SAMPLE_1	SJC_SAMPLE_1	IJC_SAMPLE_2	SJC_SAMPLE_2	IncFormLen	SkipFormLen
16	92	4	32	0	153	149
17	1	0	0	1	154	149
20	8	104	0	12	298	149
22	9	5	1	4	198	149
23	26	851	11	327	166	149
24	11	0	2	1	182	149
29	5	1	1	0	215	149
46	2	0	1	14	152	149
50	0	2	2	40	152	149
63	0	18	1	40	200	149
69	4	2	5	0	233	149
74	0	4	4	24	266	149
83	0	15	2	27	168	149
85	2	2	4	15	176	149
86	2	2	11	2	271	149
87	2	2	22	2	244	149
92	12	1	16	0	218	149
99	3	19	0	27	166	149
103	0	23	7	86	152	149
105	3	4	11	11	152	149
110	0	12	3	21	258	149
120	7	0	257	2	246	149
122	1	0	116	35	257	149
123	1	0	234	160	257	149
127	3	29	14	95	152	149
162	16	0	20	11	298	149
184	6	0	30	10	184	149
191	2	3	0	1	236	149
220	0	3	84	1483	298	149
222	0	3	6	15	172	149
226	2	4	0	2	152	149
234	27	0	32	1	161	149
251	14	0	95	2	219	149
252	14	0	101	1	257	149
259	0	4	2	15	298	149
264	2	130	12	3469	254	149
274	1	0	107	1	199	149
279	2	0	0	3	173	149
287	1	10	12	1688	167	149
290	16	25	10	8	298	149
293	2	0	2	2	152	149
294	1	73	2	160	191	149
313	13	43	3	30	176	149
314	2	120	3	37	176	149
344	0	2	1	104	224	149
347	7	32	3	11	152	149
354	1	0	35	1	277	149
364	11	0	15	4	155	149
365	0	2	1	0	152	149
366	6	7	6	4	152	149
367	2	0	2	9	152	149
380	179	0	342	1	200	149
382	1	6	0	11	181	149
404	25	29	7	18	152	149
405	12	58	1	17	298	149
424	6	1	2	0	298	149
430	9	3	5	5	152	149
431	4	0	11	3	219	149
436	2	0	0	4	214	149
437	1	0	0	4	298	149
442	6	3	83	4	224	149
447	0	2	1	70	168	149
468	5	0	6	1	152	149
480	11	0	60	1	183	149
483	2	1	1	0	190	149
498	2	0	93	2	298	149
525	1	33	10	139	298	149
534	21	15	1	0	227	149
538	4	3	2	18	181	149
544	0	2	4	21	182	149
559	0	4	2	1	152	149
592	2	0	2	25	281	149
609	2	0	90	2	153	149
620	15	6	41	11	152	149
627	2	17	5	563	210	149
628	0	20	14	529	171	149
642	153	2	161	0	230	149
662	52	38	202	86	152	149
663	0	1	13	60	152	149
674	9	0	0	4	171	149
675	16	380	3	135	171	149
679	10	71	15	107	167	149
680	45	10	58	14	152	149
681	48	2	58	2	155	149
682	13	2	14	2	152	149
685	32	2	10	0	161	149
687	6	0	6	1	178	149
695	0	54	15	149	298	149
697	114	1	187	0	158	149
700	4	2	1	2	154	149
724	6	7	9	4	161	149
725	14	32	9	13	152	149
726	3	0	8	2	153	149
728	2	8	2	11	223	149
730	2	0	3	1	298	149
731	2	0	1	1	298	149
737	291	1	18	0	298	149
738	9	253	3	22	196	149
739	36	0	71	1	298	149
746	0	4	2	1	227	149
747	0	92	6	367	245	149
748	4	92	5	367	167	149
750	21	156	6	68	170	149
751	12	0	2	6	170	149
752	730	1	193	4	214	149
753	335	1	53	0	214	149
755	4	2	3	1	152	149
759	2	0	2	19	211	149
764	18	0	19	4	167	149
765	18	0	22	2	167	149
770	2	50	8	221	213	149
794	0	2	5	14	276	149
795	2	69	1	59	298	149
796	0	4	6	5	152	149
799	2	139	0	126	157	149
804	13	63	4	30	169	149
805	67	0	54	2	171	149
818	5	0	37	9	153	149
833	26	2	107	0	244	149
834	3	0	1	1	298	149
839	52	4	45	21	204	149
840	52	0	30	2	204	149
841	3	138	17	153	266	149
842	7213	1	1112	1	298	149
849	7	46	0	4	214	149
850	44	0	10	4	243	149
854	1	0	0	1	298	149
860	105	4	33	1	218	149
866	30	2	2	0	213	149
870	5	4	0	106	188	149
871	4	0	0	8	188	149
874	1	0	109	1	180	149
880	14	161	5	437	165	149
882	12	2	3	0	298	149
884	0	2	5	71	298	149
888	1	0	14	3	246	149
894	19	2	3	0	160	149
895	228	2	26	0	183	149
897	3	0	57	2	298	149
900	157	5	91	1	158	149
901	184	3	50	0	200	149
902	3	179	0	18	164	149
905	0	8	2	91	229	149
915	0	3	2	123	169	149
916	2	0	0	3	185	149
922	114	4	25	4	298	149
923	65	6	16	1	294	149
924	2	2	6	0	298	149
927	88	4	28	0	249	149
928	153	5	61	0	249	149
932	5	3	10	2	298	149
948	3	0	10	4	298	149
953	44	0	89	7	183	149
956	11	1	129	18	157	149
958	0	19	4	2009	163	149
959	9	0	1596	11	289	149
960	0	35	13	1466	222	149
964	615	2	1534	19	153	149
965	122	0	705	4	205	149
966	735	0	2220	4	209	149
968	25	0	2136	1	230	149
972	0	25	19	1374	251	149
974	2	0	125	5	232	149
977	0	2	3	73	176	149
1007	2	2	14	9	298	149
1009	2	19	14	593	298	149
1042	1	18	3	45	298	149
1053	3	0	26	1	298	149
1079	0	10	2	41	170	149
1084	5	153	5	88	176	149
1090	694	5	390	2	230	149
1091	87	5	185	3	166	149
1092	1	13	6	11	176	149
1093	4	20	3	13	152	149
1095	445	1	112	0	164	149
1107	583	9	166	10	298	149
1108	80	6	59	0	154	149
1109	499	1	128	4	170	149
1110	341	15	96	5	182	149
1114	0	7	1	7	204	149
1126	174	2	129	2	225	149
1133	53	8	163	5	182	149
1141	15	2	33	8	152	149
1162	4	1	2	0	237	149
1175	1664	48	3305	53	226	149
1176	2	157	3	104	188	149
1177	12	0	128	3	152	149
1178	1	8	0	6	164	149
1181	5	0	75	17	298	149
1185	20	79	12	74	170	149
1187	0	206	3	147	298	149
1189	1	91	5	124	188	149
1193	6	93	3	65	167	149
1201	4	14	0	1	298	149
1206	14	2	4	0	153	149
1208	13	0	48	2	154	149
1210	3	3	2	0	298	149
1233	127	2	152	0	263	149
1234	149	0	142	2	222	149
1269	20	0	30	1	298	149
1271	46	2	218	1	203	149
1273	35	0	9	2	220	149
1275	162	114	36	17	298	149
1289	11	3	0	1	152	149
1298	13	189	3	111	217	149
1299	4	34	10	79	168	149
1302	31	36	36	29	298	149
1304	8	1	0	2	208	149
1310	12	7	4	6	152	149
1311	6	0	8	2	155	149
1313	2	243	0	117	184	149
1356	7	3	37	0	298	149
1360	0	2	1	0	230	149
1363	2	5	17	82	153	149
1365	1	36	5	48	271	149
1366	87	0	110	5	260	149
1368	21	1	10	0	201	149
1375	55	0	38	4	298	149
1377	301	0	152	2	190	149
1378	3	45	2	53	197	149
1387	24	0	327	25	184	149
1390	0	2	10	17	152	149
1403	5	0	76	2	298	149
1406	2	55	3	59	216	149
1407	6	1	7	0	154	149
1425	0	9	2	50	298	149
1427	0	7	5	101	298	149
1430	3	0	71	2	170	149
1443	80	12	8	3	187	149
1453	8	0	4	2	152	149
1465	1	0	2	4	268	149
1473	0	8	1	39	202	149
1489	2809	10	1375	1	152	149
1490	57937	2	13688	2	298	149
1491	100	0	98	6	153	149
1496	3	0	4	3	152	149
1505	2	5	0	2	172	149
1506	2	34	0	63	298	149
1514	5	12	0	25	231	149
1515	1	25	6	18	200	149
1516	30	20	11	15	152	149
1522	0	10	1	67	179	149
1523	0	1	1	2	219	149
1528	6	0	7	3	155	149
1532	0	10	2	8	176	149
1560	1	112	0	105	185	149
1567	6	73	1	53	199	149
1569	4	59	3	52	200	149
1600	50	3	100	3	188	149
1602	1	40	0	70	174	149
1603	85	0	49	2	222	149
1605	324	18	240	13	152	149
1607	9	1	18	12	152	149
1608	10	26	13	52	277	149
1609	1	106	2	83	184	149
1613	4	0	9	2	232	149
1614	4	0	9	1	221	149
1620	66	0	61	5	290	149
1621	1657	29	453	8	219	149
1624	665	1	430	2	205	149
1625	378	7	334	8	212	149
1626	14	224	3	179	236	149
1637	6	6	38	7	152	149
1655	4	0	92	1	298	149
1673	2	2	6	0	253	149
1674	12	18	38	28	253	149
1714	1	58	0	77	171	149
1715	46	14	42	5	154	149
1726	104	2	22	0	217	149
1729	3	0	0	1	152	149
1733	54	0	69	2	154	149
1744	16	39	3	20	197	149
1761	0	14	16	279	252	149
1773	0	1	17	45	152	149
1784	10	1	4	0	172	149
1799	2	0	31	1	298	149
1826	0	76	1	88	298	149
1855	21	0	80	3	158	149
1859	0	15	2	29	163	149
1860	13	0	12	4	181	149
1867	0	2	2	0	205	149
1868	4	2	2	0	154	149
1870	122	18	229	9	244	149
1871	0	2	2	23	217	149
1887	1	9	2	9	189	149
1888	8	0	33	1	298	149
1893	4	0	38	2	226	149
1902	0	3	2	32	203	149
1909	92	5	44	2	185	149
1921	0	5	2	19	165	149
1923	11	2	15	0	252	149
1933	32	5	134	13	152	149
1934	54	0	61	2	298	149
1935	0	2	6	10	191	149
1936	0	2	6	179	298	149
1939	0	36	11	35	182	149
1940	0	36	5	35	200	149
1942	6	23	4	14	171	149
1949	2	35	0	34	156	149
1957	882	4	210	14	185	149
1960	10	121	18	200	298	149
1961	2	39	0	156	246	149
1962	13	41	1	32	298	149
1963	32	0	8	1	298	149
1964	62	0	39	1	174	149
1968	0	7	1	37	186	149
1970	95	2	53	0	237	149
1972	3	5	4	0	170	149
1976	0	2	7	66	227	149
1979	2	0	6	3	298	149
1981	0	8	5	103	219	149
1982	4	0	159	2	201	149
1987	12	0	59	2	226	149
1990	1	32	0	3	298	149
1995	6	4	25	11	209	149
1997	11	20	27	36	152	149
1999	0	21	3	9	154	149
2000	3	157	7	80	162	149
2001	9	1	9	0	182	149
2002	9	63	7	186	182	149
2005	38	7	2	4	179	149
2008	2	16	0	4	298	149
2013	0	3	2	3	244	149
2014	1825	0	4710	4	298	149
2016	660	0	492	1	203	149
2017	15	14	5	1	152	149
2025	109	53	32	6	298	149
2029	118	0	110	2	298	149
2030	102	21	34	19	156	149
2033	2	31	0	13	152	149
2036	81	33	14	4	152	149
2037	1	2	1	0	152	149
2038	109	7	21	0	152	149
2040	1	166	3	93	166	149
2041	196	196	62	98	170	149
2042	38	3	16	0	170	149
2043	11	299	0	109	201	149
2045	6	0	16	3	168	149
2046	2	0	0	3	195	149
2055	63	12040	1	583	165	149
2057	3	487	8	151	234	149
2061	1	5	7	17	152	149
2062	20	0	18	5	152	149
2063	11	1	18	0	158	149
2064	0	16	27	1719	172	149
2072	4	0	3	3	190	149
2077	145	6	107	2	228	149
2081	12	2	2	0	211	149
2082	0	1	3	14	231	149
2085	116	18	41	16	298	149
2096	21	0	19	7	194	149
2097	10	0	5	7	191	149
2098	6	7	15	8	152	149
2105	9	6	6	2	298	149
2117	10	2	3	2	170	149
2120	58	5	89	7	152	149
2131	229	83	51	29	152	149
2132	3	2	2	0	152	149
2140	0	22	1	24	230	149
2149	223	6	123	1	298	149
2150	86	168	16	12	224	149
2151	125	168	18	12	240	149
2152	197	168	28	12	274	149
2155	111	15	11	1	183	149
2156	162	4	26	0	274	149
2157	6	180	9	174	172	149
2158	123	2	103	3	248	149
2159	145	3	124	5	259	149
2160	297	2	268	3	225	149
2161	319	3	289	5	236	149
2162	28	3	25	5	160	149
2169	0	1	17	5	195	149
2172	4	35	5	19	152	149
2176	2	9	0	4	164	149
2177	379	1	90	0	179	149
2185	4	0	5	2	196	149
2187	0	31	1	11	176	149
2210	96	27	35	7	197	149
2211	99	2	36	0	202	149
2212	30	2	8	0	154	149
2216	7	66	7	29	298	149
2218	942	9	442	5	288	149
2221	4	0	23	8	298	149
2228	6	148	3	81	219	149
2229	2	0	63	4	210	149
2231	24	0	128	1	159	149
2238	1	6	2	118	170	149
2243	0	6	2	67	214	149
2244	0	6	4	67	181	149
2251	28	23	10	23	170	149
2253	2	0	17	15	298	149
2260	1	2	0	2	187	149
2262	40	2	16	2	152	149
2270	1	0	6	2	164	149
2276	18	13	9	16	204	149
2277	4	1	4	5	159	149
2278	30	0	31	3	162	149
2282	0	2	17	0	298	149
2285	0	6	2	144	208	149
2286	336	13	57	1	167	149
2289	3	2	4	0	153	149
2295	12	141	13	95	298	149
2296	402	13	137	2	157	149
2297	3	95	4	59	182	149
2298	5	80	6	49	185	149
2299	20	11	11	2	197	149
2300	97	80	61	49	152	149
2301	112	11	66	2	164	149
2302	95	11	54	2	161	149
2305	370	20	121	7	212	149
2308	1184	14	376	2	155	149
2309	25	7	12	0	204	149
2310	1	22	0	6	229	149
2313	49	1	40	0	298	149
2314	5	30	2	28	298	149
2315	5	42	2	15	162	149
2320	10	148	3	139	168	149
2325	0	2	3	10	180	149
2326	0	2	3	10	211	149
2328	4	2	6	3	155	149
2329	1	21	2	16	167	149
2330	4	853	1	573	298	149
2331	7	63	0	21	174	149
2335	1	88	0	17	173	149
2340	0	57	3	27	170	149
2342	1	20	0	28	194	149
2343	5	6	4	12	298	149
2344	4	0	2	6	152	149
2345	0	64	1	22	170	149
2348	1	76	0	33	189	149
2350	10	1	24	11	152	149
2352	33	11	5	0	152	149
2354	66	1	15	0	152	149
2362	91	460	27	123	152	149
2372	2	74	0	113	222	149
2375	98	3	23	0	197	149
2377	27	2	7	0	167	149
2378	36	18	7	11	274	149
2379	746	2	341	3	154	149
2380	494	1	330	2	160	149
2383	3	82	0	39	152	149
2384	16	46	6	12	182	149
2385	179	3	28	0	180	149
2388	37	2	5	0	170	149
2389	36	170	10	50	152	149
2391	6	163	3	74	298	149
2397	1	1	0	1	298	149
2398	6	2	1	0	152	149
2403	4	0	0	1	298	149
2407	7	117	2	21	170	149
2408	19	0	874	6	278	149
2409	0	574	4	307	167	149
2410	256	54	97	26	152	149
2411	103	15	157	41	290	149
2413	4	354	0	98	166	149
2416	12	272	3	68	167	149
2419	17	347	4	136	171	149
2420	450	4	121	0	156	149
2421	390	0	75	2	152	149
2435	3	1	5	4	155	149
2436	2	85	2	90	178	149
2437	64	2	99	0	229	149
2448	27	141	34	472	273	149
2449	2	2	4	17	298	149
2450	2	2	2	17	298	149
2454	126	2	169	2	220	149
2455	39	2	25	2	165	149
2456	74	3	54	5	204	149
2457	100	0	463	9	298	149
2460	2	0	5	10	211	149
2463	6	6	55	2	185	149
2464	5	1	25	6	152	149
2466	0	23	1	35	169	149
2468	2	21	0	69	298	149
2470	2	33	0	19	168	149
2476	7	33	5	27	173	149
2478	121	2	44	1	223	149
2483	1554	28	699	23	152	149
2484	130	382	36	532	298	149
2485	148	382	71	532	298	149
2489	0	4	1	8	192	149
2495	14	1	13	0	171	149
2497	30	0	8	3	175	149
2500	6	465	9	393	222	149
2501	318	3	363	2	298	149
2502	104	2	428	0	183	149
2514	0	8	2	35	164	149
2531	13	1	1	0	243	149
2538	12	0	2	1	162	149
2545	97	4	119	3	152	149
2546	127	0	79	2	298	149
2548	529	1	59	0	153	149
2553	8031	6	6232	18	261	149
2554	2	0	45	16	152	149
2558	1	9	0	7	228	149
2561	58	41	15	10	152	149
2565	0	34	1	67	158	149
2568	48	40	4	4	152	149
2570	60	3	26	1	198	149
2571	83	1	49	0	283	149
2572	31	0	18	1	298	149
2573	33	20	19	8	298	149
2578	57	0	25	1	241	149
2581	12	4	1	0	201	149
2603	9	16	8	13	152	149
2605	10	93	1	15	252	149
2606	176	2	36	0	194	149
2608	0	4	102	8	298	149
2609	18980	2	1729	2	298	149
2616	0	6	4	20	238	149
2627	2	233	0	61	179	149
2628	30	2	14	4	158	149
2629	9	22	3	12	164	149
2632	25	3	15	0	178	149
2633	277	1	3	0	298	149
2634	158	56	1	0	195	149
2635	6	198	0	2	152	149
2639	1	25	2	24	164	149
2641	7	203	3	118	176	149
2642	308	40	62	13	217	149
2643	80	27	6	6	152	149
2645	78	32	14	6	152	149
2647	1	0	11	4	152	149
2648	339	3	232	0	209	149
2658	43	9	10	0	298	149
2661	2	0	11	2	298	149
2662	0	2	16	32	161	149
2663	1	177	5	355	172	149
2664	159	0	525	4	176	149
2667	2	972	2	594	193	149
2668	52	2	344	6	298	149
2669	129	6	551	24	298	149
2676	50	11	12	28	298	149
2678	1	7	1	7	167	149
2683	150	104	25	20	152	149
2686	4	0	64	2	257	149
2689	0	2	2	0	298	149
2694	15	2	1	0	152	149
2696	4	0	13	3	203	149
2708	17	138	10	169	298	149
2709	43	10	9	1	298	149
2714	14	1	1	2	185	149
2715	5	5	1	8	201	149
2716	109	6	104	1	282	149
2717	7	51	7	37	298	149
2719	32	2	231	47	202	149
2720	84	2	376	23	281	149
2721	24	2	146	47	198	149
2722	78	2	291	23	277	149
2723	60	2	201	23	228	149
2725	43	104	60	660	298	149
2726	20	104	8	660	223	149
2727	21	42	8	123	223	149
2728	398	61	602	52	298	149
2729	11	562	7	583	160	149
2740	13251	2	1401	0	190	149
2741	3	26	0	9	152	149
2743	2	5	0	2	194	149
2756	5	25	5	14	181	149
2757	5	26	6	39	178	149
2759	10	111	3	34	152	149
2773	8	24	57	3424	298	149
2774	1	2	6	1	167	149
2775	553	1	2198	0	225	149
2780	5	0	47	1	298	149
2782	2	0	10	4	161	149
2783	14	4	24	2	298	149
2784	11	3	23	4	298	149
2787	0	1	3	425	162	149
2788	3	0	481	22	168	149
2801	4	14	7	0	162	149
2803	0	4	8	0	152	149
2805	283	2	68	2	190	149
2808	11	3	9	1	291	149
2809	10	379	4	158	229	149
2810	0	25	4	469	298	149
2811	148	0	94	2	269	149
2818	12	282	1	232	168	149
2824	323	5	835	2	152	149
2825	4	68	5	102	298	149
2827	2124	1	1579	2	290	149
2828	108	5	40	1	191	149
2829	37	4	11	2	203	149
2830	114	188	38	76	203	149
2831	27	0	55	2	244	149
2833	99	1	572	2	161	149
2837	0	72	2	62	167	149
2839	10	0	6	2	152	149
2850	2	16	0	14	298	149
2851	1056	17	1077	10	249	149
2857	3	8	1	5	154	149
2858	191	0	148	1	153	149
2863	545	2	220	2	293	149
2864	8	316	0	128	196	149
2867	1	1	5	5	152	149
2869	0	14	1	77	178	149
2872	1	6	0	6	191	149
2873	2	3	3	8	152	149
2874	4	0	18	6	230	149
2879	4	13	5	21	298	149
2883	4	3	2	0	181	149
2884	138	589	58	283	293	149
2888	6	1	36	41	152	149
2889	1	1	12	41	298	149
2890	1	6	12	36	298	149
2904	3	40	3	16	177	149
2905	88	16	58	5	269	149
2920	0	1	7	14	298	149
2931	10	26	8	10	175	149
2939	67	85	12	23	152	149
2941	1	0	0	1	152	149
2942	1	1	0	87	174	149
2943	0	1	1	87	171	149
2944	296	3	224	6	152	149
2955	8	64	0	19	245	149
2957	281	2	59	0	152	149
2959	108	3	44	2	167	149
2960	144	3	28	2	219	149
2961	105	69	17	33	201	149
2968	10	0	72	2	173	149
2969	57	3	9	0	152	149
2970	18	11	7	2	152	149
2971	13	32	0	10	152	149
2976	19	4	28	14	298	149
2982	19	35	1	23	189	149
2983	15	741	5	273	171	149
2984	43	16	231	43	152	149
2985	12	5	10	23	185	149
2989	182	1	142	3	189	149
2990	17	921	11	797	177	149
2991	2028	60	1509	38	156	149
2993	3	2	26	78	173	149
2998	131	2	58	2	187	149
2999	812	1	367	0	298	149
3000	1	86	3	17	239	149
3006	55	1	44	0	153	149
3007	81	1	53	0	152	149
3012	56	65	30	41	161	149
3020	26	594	4	175	184	149
3021	390	1	185	1	154	149
3022	22	1	15	1	172	149
3023	14	382	10	180	167	149
3024	18	6	55	18	200	149
3033	1	8	2	24	222	149
3034	2	1	25	17	161	149
3035	14	0	7	11	152	149
3036	0	2	3	1	202	149
3037	0	7	2	13	202	149
3041	1	0	1	6	178	149
3042	18	9	8	10	161	149
3043	7	17	2	26	152	149
3045	85	2	34	0	210	149
3046	159	3	54	6	298	149
3049	152	40320	41	13041	298	149
3051	1014	64457	183	17145	298	149
3056	168	120	43	30	225	149
3057	298	2	125	0	153	149
3061	2	195	0	109	176	149
3062	11	137	2	85	198	149
3063	4	71	2	99	178	149
3073	2	0	34	32	218	149
3076	0	26	1	10	182	149
3077	4	184	10	93	188	149
3078	30	184	19	93	155	149
3082	4	13	2	82	298	149
3083	4	0	32	2	185	149
3084	6	0	37	1	218	149
3085	2	0	7	1	182	149
3086	0	10	3	30	298	149
3092	736	2	44	0	210	149
3093	0	23	4	16	180	149
3094	25	1	11	3	203	149
3095	21	4	3	4	152	149
3096	29	0	35	2	278	149
3106	1	4	0	6	169	149
3107	4	8	4	5	152	149
3108	0	2	2	13	184	149
3109	0	2	3	22	184	149
3111	16	200	0	75	298	149
3115	76	3	107	8	191	149
3116	10	3	13	8	158	149
3117	49	15	89	3	197	149
3118	10	0	35	5	200	149
3119	79	1	87	4	228	149
3120	126	6	55	1	298	149
3122	0	165	8	216	259	149
3123	4	0	31	2	298	149
3138	4	11	1	9	198	149
3141	6	67	1	15	169	149
3144	4	173	9	1390	173	149
3145	11	6	26	5	175	149
3146	180	6	1407	5	151	149
3147	304	2	1397	10	155	149
3150	21	1058	17	1798	194	149
3151	909	7	980	5	256	149
3152	1946	7	2761	5	211	149
3154	4	2	100	4	210	149
3157	1	0	2	1	154	149
3163	11	49	2	12	270	149
3166	10	28	8	16	152	149
3168	6	0	9	2	233	149
3180	18	13	9	11	152	149
3190	19	10	1	1	176	149
3191	12	0	1	2	152	149
3192	45	15	40	6	204	149
3193	46	1	41	2	208	149
3194	16	1	7	2	153	149
3210	1	0	121	1	206	149
3211	35	1	141	10	152	149
3213	2	10	3	2	192	149
3214	0	1	1	0	178	149
3216	2	247	0	207	174	149
3235	3	102	9	308	164	149
3258	3	184	11	1012	190	149
3261	4	2	5	0	152	149
3268	6	3	6	0	289	149
3270	22654	35	2673	5	298	149
3274	4	8	3	3	152	149
3275	7	2	7	0	152	149
3279	0	8	9	331	167	149
3283	6	36	0	11	298	149
3284	2	17	0	13	184	149
3285	2543	178970	139	22278	173	149
3286	194530	61	18961	0	298	149
3287	232185	349	25382	7	183	149
3288	3	18	0	2	278	149
3289	11	3	4	0	298	149
3290	26	3	6	0	248	149
3291	153	34	34	8	152	149
3292	0	10	6	278	197	149
3298	445	2	388	3	152	149
3303	320	1	103	0	175	149
3304	10	5	5	0	152	149
3306	178	340	134	158	298	149
3307	117	3	161	6	152	149
3326	205	1	58	2	298	149
3335	2	0	116	1	185	149
3336	130	2	64	0	273	149
3337	5	5	15	14	298	149
3338	7	0	27	2	298	149
3339	7	0	26	2	212	149
3340	446	4	170	2	298	149
3341	21	133	4	90	208	149
3342	2	0	103	1	298	149
3344	2	0	1389	5	298	149
3350	22	3	19	1	156	149
3351	728	3	139	2	196	149
3352	602	33	106	8	194	149
3353	515	0	283	2	298	149
3354	2	8	1	13	167	149
3355	394	9	207	13	194	149
3359	12077	8	4127	1	203	149
3360	38	12	16	2	201	149
3361	2	10	5	9	298	149
3363	324	3	172	6	298	149
3364	222	2	135	0	298	149
3365	6	172	0	99	165	149
3367	17	5	19	4	298	149
3368	69	119	57	69	298	149
3369	242	5	107	0	209	149
3372	2	408	0	35	181	149
3374	11	333	0	38	151	149
3382	4	2	2	0	205	149
3384	4	4	28	0	151	149
3385	0	478	1	416	171	149
3390	6	12	14	36	152	149
3391	146	18	119	13	152	149
3393	11	926	0	753	173	149
3395	898	14	720	18	298	149
3396	818	13	730	23	156	149
3397	40	13	25	23	180	149
3398	21	799	11	716	173	149
3399	99	4	5	1	298	149
3400	605	4	438	1	298	149
3401	555	0	459	1	298	149
3402	413	0	133	2	298	149
3407	28	308	4	116	161	149
3408	4	221	0	53	298	149
3420	2	0	0	2	228	149
3421	0	39	1	59	160	149
3423	315	1334	121	243	164	149
3424	112	22	111	5	164	149
3425	3030	22	666	5	298	149
3426	2998	80	648	83	298	149
3427	346	2	1940	3	185	149
3431	244	272	7	11	152	149
3432	1	0	0	1	181	149
3433	1	8	1	15	180	149
3434	19	15	12	657	218	149
3435	70	42	10	6	153	149
3436	0	38	2	13	191	149
3437	56	6	76	9	152	149
3438	23	0	42	1	200	149
3439	31	8	47	34	167	149
3441	7	1	2	0	298	149
3443	72	6	12	0	153	149
3447	4	462	4	190	215	149
3448	921	46	379	7	158	149
3453	20	0	361	27	270	149
3456	4	642	15	1066	188	149
3457	165	7	221	37	180	149
3459	423	2	318	3	298	149
3460	7	667	5	417	179	149
3461	278	5	180	6	241	149
3462	938	5	592	6	211	149
3463	352	3	434	3	159	149
3465	0	219	5	263	298	149
3466	0	219	2	263	172	149
3471	2	25	0	29	167	149
3472	7	0	64	3	291	149
3473	6	2	31	8	152	149
3474	10	4	32	1	152	149
3493	33	55	20	14	173	149
3498	10	0	35	1	175	149
3501	2	0	3	2	169	149
3503	6	669	0	116	171	149
3505	46	2	23	0	232	149
3507	95	2	20	0	237	149
3508	180	4	65	4	237	149
3513	62	464	8	103	207	149
3517	36	8	13	15	240	149
3518	32	3	11	4	240	149
3519	0	25	2	48	184	149
3522	366	1	134	0	298	149
3527	54	3	101	9	298	149
3528	4	25	13	37	173	149
3529	394	0	848	5	171	149
3530	13	0	51	5	209	149
3531	573	3	838	5	213	149
3532	269	3	345	5	273	149
3533	13	317	53	546	209	149
3534	12	381	50	565	180	149
3536	0	30	2	31	152	149
3537	2	0	2	1	298	149
3538	1	0	0	23	298	149
3541	568	5	64	2	153	149
3542	18	58	5	40	174	149
3544	5	41	19	344	298	149
3548	13	4	32	14	298	149
3554	59	66	18	29	155	149
3559	2	34	0	14	174	149
3563	64	55	1	3	164	149
3566	124	411	93	176	180	149
3568	4	3	1	0	274	149
3569	35	2	26	2	152	149
3570	3	30	4	23	177	149
3572	929	0	1023	5	298	149
3573	451	0	424	2	153	149
3575	57	1	27	4	152	149
3576	105	3	103	6	224	149
3585	140	0	124	3	298	149
3587	0	2	5	25	298	149
3593	1	57	4	89	198	149
3596	4	2	28	2	152	149
3597	1	0	5	41	169	149
3605	65	5	20	1	152	149
3611	3	2	2	9	298	149
3612	2	2	0	9	220	149
3617	6	0	574	82	283	149
3620	0	1	1	0	152	149
3622	4	120	0	26	170	149
3624	15	0	57	6	152	149
3632	0	3	1	38	298	149
3634	56	1	58	0	168	149
3635	28	424	7	10	208	149
3636	36	0	7	1	153	149
3637	0	158	1	32	165	149
3639	68	34	5	4	152	149
3640	2	25	9	58	274	149
3645	1	0	13	3	298	149
3655	113	2	60	0	200	149
3656	1	17	2	21	269	149
3658	3	0	22	2	211	149
3659	5	0	65	2	226	149
3664	0	2	2	22	294	149
3668	139	14	39	2	152	149
3670	127	19	37	3	298	149
3671	2	127	0	35	168	149
3672	10	0	3	2	151	149
3673	207	1	41	2	151	149
3674	14	0	9	1	151	149
3675	45	1	34	0	151	149
3679	2	0	46	6	152	149
3683	101	204	45	132	152	149
3684	27	680	15	382	165	149
3685	4742	1	25	0	298	149
3694	7	0	2	1	152	149
3695	27	7	8	5	152	149
3711	3	32	6	159	180	149
3714	1	24	1	47	182	149
3720	16	4	13	0	218	149
3724	1	45	3	84	165	149
3737	40	6	25	1	152	149
3740	0	7	1	32	173	149
3743	38	27	23	7	152	149
3744	314	239	30	645	216	149
3745	81	8	262	32	152	149
3746	14	3	424	24	298	149
3748	12	0	25	2	161	149
3755	0	11	5	59	179	149
3773	5	13	1	7	195	149
3776	106	2	101	0	153	149
3778	257	39	65	9	218	149
3780	8	0	63	1	295	149
3781	23	2	39	1	174	149
3782	35	0	43	1	199	149
3783	14	0	5	1	174	149
3793	61	0	40	2	152	149
3794	18	15	52	11	188	149
3795	0	4	36	21	170	149
3797	235	2	47	0	191	149
3800	21	0	26	5	153	149
3801	0	1	2	110	171	149
3803	126	651	36	153	298	149
3808	88	0	419	4	182	149
3809	32	0	19	1	180	149
3810	20	106	7	23	161	149
3811	116	24	33	11	152	149
3812	23	23	14	24	152	149
3816	746	4	37	0	153	149
3819	563	3	29	0	298	149
3820	958	6	61	2	221	149
3830	159	2	31	1	256	149
3831	310	2	40	1	259	149
3832	175	24	22	13	152	149
3833	3	29	2	11	178	149
3838	62	556	92	916	152	149
3840	32	5	64	0	298	149
3841	28	40	22	42	298	149
3842	63	6	70	4	152	149
3844	13	0	28	4	185	149
3845	11	0	16	4	222	149
3846	5	7	3	15	186	149
3848	2	0	1	17	247	149
3853	1	0	2	4	177	149
3854	3	26	4	48	177	149
3855	6	0	10	1	176	149
3856	48	1	120	18	152	149
3857	16	2	8	4	152	149
3858	584	18	221	4	203	149
3860	1022	8	540	5	242	149
3862	153	1	41	0	287	149
3868	1	0	0	2	171	149
3869	2	32	2	10	298	149
3870	6	53	2	28	193	149
3873	5	91	2	39	187	149
3876	8	0	27	8	194	149
3877	361	2	159	0	192	149
3878	23	394	14	130	298	149
3882	1	0	0	1	164	149
3883	0	2	4	8	152	149
3884	58	187	105	299	152	149
3885	7	187	31	299	155	149
3886	5	56	8	82	152	149
3887	286	5	211	8	179	149
3888	237	0	243	3	179	149
3889	10	0	30	5	214	149
3896	0	8	5	58	185	149
3914	53	1	46	0	153	149
3918	3	22	1	41	175	149
3919	1092	1	149	0	179	149
3928	2	2	3	6	152	149
3929	88	64	17	22	152	149
3936	382	13216	50	3716	188	149
3937	18	0	2272	3	170	149
3939	209	14	103	16	270	149
3940	168	60	90	6	263	149
3941	103	1	46	0	263	149
3942	4	80	11	73	275	149
3943	12	0	72	2	260	149
3947	337	1	93	0	151	149
3948	3	0	53	2	164	149
3966	0	16	3	37	152	149
3970	0	127	4	214	176	149
3976	96	1	161	0	155	149
3977	0	1	2	0	214	149
3980	1	1	0	5	170	149
3981	76	3	36	3	298	149
3982	0	2	6	0	213	149
3994	5	9	0	4	171	149
3996	17	1	9	3	298	149
3999	11	234	3	130	173	149
4005	5	122	0	50	173	149
4018	0	32	2	40	229	149
4019	346	1	63	2	298	149
4020	45	16	50	10	152	149
4034	1	0	4	2	152	149
4036	10	47	7	11	298	149
4037	0	5	2	11	181	149
4043	7	55	2	3	224	149
4045	35	2	22	5	201	149
4046	1	32	3	13	178	149
4055	3	20	1	6	152	149
4059	1	45	4	44	194	149
4062	34004	0	35501	3	298	149
4063	35171	2	36457	0	158	149
4064	0	1	2	4	152	149
4065	92	1	23	0	238	149
4066	148	4	39	1	298	149
4071	13	115	1	9	168	149
4073	315	1	25	0	218	149
4077	64	0	61	2	153	149
4080	11	0	41	5	232	149
4081	0	106	1	265	175	149
4088	20	579	8	153	291	149
4089	2	2	0	2	152	149
4093	9	653	7	313	174	149
4094	0	1	3	183	180	149
4096	1	0	240	2	215	149
4097	2	28	1	19	181	149
4100	289	1	128	0	157	149
4107	0	10	6	13	298	149
4108	15	2	27	4	298	149
4111	205	6	35	0	224	149
4112	81	8	17	4	152	149
4113	23	2	11	0	152	149
4116	0	6	3	45	218	149
4119	32	2	67	4	298	149
4123	35	0	16	4	160	149
4125	0	2	2	349	176	149
4126	0	7	1	302	192	149
4129	3	2	0	2	208	149
4131	33	1	42	1	221	149
4137	11	1265	3	1239	181	149
4138	907	0	982	8	286	149
4139	2167	0	2218	8	254	149
4145	25	13	4	13	298	149
4146	0	17	5	38	166	149
4147	0	26	2	79	177	149
4149	1	6	0	23	247	149
4155	33	122	4	38	152	149
4156	41	2	231	0	174	149
4166	64	0	517	4	190	149
4167	5	1	27	9	175	149
4170	17	371	3	60	152	149
4171	6	6	1	2	152	149
4172	35	2	14	2	179	149
4181	782	0	202	2	298	149
4182	3	50	1	1	150	149
4183	0	71	2	50	167	149
4213	19	8	15	2	298	149
4217	413	6	92	2	244	149
4219	23	644	168	5336	190	149
4222	16	15	16	48	262	149
4223	13	246	9	80	171	149
4226	18	3	26	9	152	149
4228	35	22	17	2	209	149
4231	4	1	24	0	298	149
4235	589	0	186	4	298	149
4236	9	320	14	188	174	149
4238	52	89	16	20	152	149
4239	4	0	6	15	152	149
4242	154	10	46	0	263	149
4243	181	12	52	2	151	149
4246	15	0	22	2	298	149
4249	246	4	85	0	298	149
4253	19	3	14	2	159	149
4254	1	80	5	324	163	149
4257	172	0	248	3	298	149
4267	17	7	22	8	152	149
4268	103	12	17	2	153	149
4270	0	6	2	54	238	149
4273	123	1	67	0	156	149
4274	213	6	93	0	167	149
4275	0	2	2	17	298	149
4280	9	196	4	97	298	149
4281	368	1	130	0	298	149
4282	3	267	0	78	168	149
4283	38	4	12	2	154	149
4312	10	0	81	1	298	149
4314	359	47	186	17	197	149
4315	12	4	18	5	166	149
4316	10	391	19	184	166	149
4317	5653	1	6250	0	186	149
4318	1317	1	834	0	203	149
4319	5	4341	6	5422	166	149
4325	25	1	13	3	152	149
4331	1	0	0	2	298	149
4341	21	5	55	7	191	149
4345	4	0	0	6	298	149
4347	49	1	4	0	298	149
4351	4	2	1	74	185	149
4352	5	283	1	208	173	149
4354	134	8	54	4	163	149
4355	114	2	72	0	153	149
4356	58	0	48	2	170	149
4358	64	0	257	10	184	149
4359	3	0	20	5	298	149
4360	99	6	29	2	298	149
4362	8	130	0	154	173	149
4365	58	1	39	0	212	149
4370	1643	22	1814	16	186	149
4372	55	1	49	2	226	149
4373	47	0	70	2	298	149
4374	1	0	36	2	298	149
4375	14	5	40	6	152	149
4377	1	2	42	17	152	149
4378	186	4	112	0	153	149
4382	14	1	2	0	152	149
4384	0	44	5	103	298	149
4386	207	1	64	0	215	149
4387	335	1	364	0	231	149
4397	128	0	47	2	298	149
4410	2	3	13	44	227	149
4411	4	2	12	2	227	149
4412	44	0	34	2	209	149
4415	111	0	239	4	296	149
4419	3	4	1	19	298	149
4421	1	5	9	6	152	149
4423	4	2	9	0	152	149
4424	13	1	15	0	152	149
4436	2	1499	2	438	164	149
4439	7	1595	7	364	298	149
4440	296	2	76	2	298	149
4441	1884	2	434	2	178	149
4442	3477	3	866	0	298	149
4444	201	11	3	1	224	149
4455	15	2	2	0	295	149
4458	2	92	4	61	167	149
4459	6	5	4	9	232	149
4473	108	18	10	5	152	149
4474	0	36	17	839	189	149
4478	19	0	75	4	207	149
4479	6	0	42	4	258	149
4480	2	13	11	44	200	149
4482	0	20	2	19	166	149
4485	6	5	2	3	152	149
4489	0	2	1	39	172	149
4490	0	6	7	24	152	149
4491	3	21	6	57	154	149
4493	16	0	52	1	179	149
4506	0	2	3	2	185	149
4510	6	0	10	1	167	149
4514	6	559	8	2220	170	149
4515	220	1	36	0	298	149
4520	13	3	2	2	193	149
4550	0	3	69	533	298	149
4552	4	0	76	41	152	149
4559	9	50	5	16	238	149
4561	661	2	345	0	248	149
4571	5	42	2	37	175	149
4574	61	121	6	9	152	149
4576	3	0	14	1	180	149
4582	7	0	293	6	298	149
4585	42	4	63	14	152	149
4587	16	2	44	10	152	149
4588	5	2	2	0	158	149
4590	4	4	31	25	152	149
4596	52	1	12	0	170	149
4597	471	4	267	4	258	149
4598	482	2068	267	617	258	149
4599	538	2068	318	617	298	149
4600	535	2068	314	617	298	149
4601	336	11	196	2	298	149
4602	333	11	192	2	298	149
4603	258	3	250	5	298	149
4604	16	111	0	434	187	149
4606	40	690	0	218	206	149
4607	728	54	230	13	152	149
4610	22	0	2	1	152	149
4613	0	6	3	6	168	149
4614	17	16	14	8	167	149
4617	0	1	4	0	170	149
4623	23	0	32	1	153	149
4625	0	23	2	31	173	149
4635	25	0	34	4	157	149
4636	17	0	19	1	157	149
4637	0	855	5	518	164	149
4639	0	13	7	162	168	149
4641	0	13	2	162	203	149
4645	3146	62	752	7	154	149
4646	138	2	19	0	154	149
4651	2	14	0	11	170	149
4655	57	9	21	2	168	149
4657	73	8	55	15	155	149
4667	133	11	116	15	152	149
4668	14	24	3	36	222	149
4669	4	12	14	13	298	149
4677	1	0	16	5	155	149
4680	662	33	56	0	276	149
4686	0	2	4	10	251	149
4687	0	16	2	13	198	149
4700	4	0	0	1	152	149
4704	0	40	2	53	189	149
4706	0	9	3	15	266	149
4709	0	24	5	134	185	149
4713	2	2	0	74	191	149
4714	20	7	28	8	152	149
4716	3	0	67	4	178	149
4719	30	0	45	5	298	149
4721	11	4	3	18	173	149
4722	8	4	3	18	168	149
4724	8	2	10	13	177	149
4729	53	27	37	18	209	149
4731	3	66	0	33	167	149
4733	5	0	6	2	227	149
4734	4	1	2	0	154	149
4735	19	1	2	0	154	149
4736	9	50	0	5	170	149
4744	53	62	19	14	185	149
4749	4	2	2	0	230	149
4751	146	3	96	1	157	149
4754	0	82	2	103	168	149
4761	1	0	1	2	186	149
4769	3	0	22	6	152	149
4771	9	238	2	103	167	149
4772	0	29	1	87	219	149
4776	139	2	84	2	173	149
4780	1	7	2	70	165	149
4795	24	3	32	6	239	149
4799	288	5	102	2	170	149
4802	0	2	2	0	186	149
4804	10	98	6	35	188	149
4815	34	11	22	7	152	149
4824	1	3	7	4	182	149
4836	3	123	16	153	298	149
4837	0	123	7	153	205	149
4852	9	150	0	47	152	149
4853	57	55	50	22	152	149
4865	8	73	3	173	298	149
4866	2	4	0	5	192	149
4869	1	0	1	3	170	149
4872	11	26	6	23	255	149
4877	6	67	0	32	166	149
4878	4	0	5	2	298	149
4879	53	3	34	0	298	149
4880	313	11	153	7	298	149
4881	0	117	8	95	169	149
4884	0	11	12	83	244	149
4886	11	0	87	14	166	149
4887	810	7	319	0	153	149
4891	1	0	27	106	244	149
4892	0	8	4	96	167	149
4894	2	0	1	8	194	149
4896	88	8	414	3	298	149
4897	88	8	463	3	298	149
4898	14	578	1	61	298	149
4900	53	6	13	3	197	149
4903	3	44	0	2	183	149
4908	1	0	76	5	153	149
4910	0	23	1	17	155	149
4911	51	2	33	0	298	149
4917	25	5	30	8	152	149
4923	0	9	11	94	298	149
4924	0	9	5	94	206	149
4925	47	4	27	0	152	149
4927	13	1	11	0	152	149
4928	282	2552	65	257	165	149
4933	0	16	4	297	193	149
4934	38	87	89	143	152	149
4935	0	8	6	217	155	149
4938	552	3	257	2	167	149
4939	2	0	11	6	152	149
4940	875	0	394	6	281	149
4941	879	0	387	4	278	149
4942	3	161	8	204	298	149
4943	123	0	153	4	202	149
4949	84	69	8	14	206	149
4950	58	59	28	22	279	149
4952	8	3	9	2	152	149
4958	2	0	2	1	152	149
4963	25	32	8	11	152	149
4966	16	10	4	2	152	149
4970	19	2	275	11	152	149
4975	56	16	47	19	152	149
4976	59	8	92	0	185	149
4987	1160	0	14068	11	207	149
5001	0	13	1	27	225	149
5002	127	2	99	0	298	149
5003	36	1	60	8	188	149
5004	40	8	3	0	152	149
5007	503	4	192	0	201	149
5008	514	5	194	0	204	149
5009	15	5	2	0	152	149
5010	11	0	19	2	152	149
5019	100	4	53	0	192	149
5020	40	0	16	2	192	149
5022	0	2	2	10	262	149
5027	14	17	5	18	152	149
5041	101	60	19	10	152	149
5042	1	0	1	2	154	149
5048	4	25	1	18	152	149
5055	1	4	0	45	172	149
5056	1	4	0	45	204	149
5066	11268	125	5690	107	206	149
5068	74	13	6	0	298	149
5069	30	2	3	0	298	149
5071	1	4	2	4	206	149
5072	5	4	2	4	206	149
5073	1	2	2	2	206	149
5077	0	1	1	0	165	149
5084	13	0	4	1	175	149
5086	0	4	4	44	260	149
5090	1	86	3	39	217	149
5092	3	7	3	3	276	149
5093	2	78	2	15	169	149
5094	55	7	10	2	194	149
5096	0	4	9	5	210	149
5101	57	0	23	2	199	149
5107	4	5	0	2	167	149
5113	1	0	3	9	182	149
5114	4	0	54	1	176	149
5115	4	59	10	60	165	149
5120	19	0	21	1	155	149
5124	1	0	5	1	152	149
5127	12	1	12	2	182	149
5129	62	6	50	4	272	149
5139	1	2	5	0	165	149
5143	27	18	8	7	152	149
5144	0	7	10	6	164	149
5145	12	20	11	5	152	149
5150	23	0	14	1	205	149
5151	3	2	5	6	152	149
5153	110	0	47	1	298	149
5154	107	48	49	19	298	149
5159	1	37	2	16	170	149
5162	13	2	44	0	231	149
5163	4	0	79	2	298	149
5164	5	0	6	4	152	149
5165	0	6	6	4	152	149
5169	3	24	0	17	155	149
5170	2	8	1	11	152	149
5171	39	18	18	11	164	149
5172	250	0	107	2	155	149
5173	0	2	2	2	178	149
5181	0	8	1	4	177	149
5182	6	4	1	0	298	149
5183	12770	2	847	0	298	149
5184	0	1	2	3	152	149
5189	32	8	28	6	264	149
5192	32	7	30	2	264	149
5193	64	7	56	2	298	149
5194	33	0	28	2	298	149
5195	34	10	28	13	154	149
5196	4	35	2	27	224	149
5203	2	111	2	31	168	149
5207	9	145	6	70	285	149
5208	190	1	113	0	191	149
5211	1	873	1	351	164	149
5214	6	0	69	2	170	149
5220	6	35	0	13	238	149
5226	15	128	4	3	298	149
5237	2	0	1	9	169	149
5241	380	2	122	0	215	149
5242	8	3	2	3	152	149
5243	0	11	1	15	165	149
5250	14	4	25	3	180	149
5252	21	417	24	147	298	149
5254	0	1	4	105	265	149
5255	2	2	80	0	298	149
5257	28	8	9	5	200	149
5259	75	6	12	0	215	149
5270	0	3	2	7	214	149
5271	0	3	2	7	174	149
5273	2	64	0	38	174	149
5277	12	511	6	84	219	149
5278	14	511	6	84	196	149
5279	128	6	5	0	189	149
5280	4	182	0	56	284	149
5284	50	0	42	1	197	149
5285	46	40	23	20	152	149
5288	5	144	1	77	168	149
5289	105	45	34	17	214	149
5290	244	45	110	17	195	149
5293	60	26	76	32	152	149
5294	0	2	8	122	188	149
5295	158	1	181	3	298	149
5296	0	21	1	200	170	149
5299	8	6	15	7	298	149
5300	2	3	0	1	175	149
5301	2	6	0	2	175	149
5302	13	1	8	2	175	149
5309	19	54	21	86	181	149
5311	15	0	3	1	190	149
5314	0	6	8	19	298	149
5319	21	0	56	1	201	149
5325	6	34	3	16	298	149
5326	74	3	4	0	169	149
5329	80	5	57	4	298	149
5344	26	2	67	6	298	149
5345	1	8	3	45	298	149
5352	14	0	17	1	152	149
5360	12	0	20	2	154	149
5390	3	54	4	39	184	149
5392	62	15	14	0	186	149
5415	68	10	48	2	207	149
5420	5	0	0	2	165	149
5426	0	3	5	9	200	149
5429	1	0	4	4	152	149
5436	4	78	0	13	171	149
5439	3	1	3	3	257	149
5445	7	1783	20	2794	298	149
5446	59	18	15	7	152	149
5448	1	36	0	10	171	149
5449	51	2	8	0	169	149
5451	23	3	9	4	152	149
5458	1	4	1	4	209	149
5461	0	7	2	9	163	149
5467	6	3	0	6	152	149
5469	10	11	6	1	152	149
5470	1	4	2	2	152	149
5471	1	2	1	22	166	149
5474	16	7	2	2	154	149
5477	357	2	133	1	235	149
5478	2	86	3	93	192	149
5484	419	112	54	20	152	149
5486	32	0	69	3	258	149
5487	11	16	12	17	152	149
5488	0	4	2	4	152	149
5489	16	24	8	36	235	149
5490	23	0	22	5	181	149
5491	79	2	72	6	152	149
5495	15	19	2	0	183	149
5496	7	94	1	1	235	149
5497	12	174	6	175	164	149
5502	0	2	37	0	240	149
5510	2	154	3	243	150	149
5523	2	0	24	2	213	149
5524	2	0	15	2	216	149
5525	2	0	14	2	246	149
5526	2	0	14	2	255	149
5534	31	6	12	2	152	149
5535	37	44	12	18	152	149
5538	79	2	40	2	200	149
5540	15	94	0	66	193	149
5541	50	94	20	66	224	149
5544	7	0	31	3	249	149
5555	4	62	2	12	164	149
5564	295	0	227	5	298	149
5572	17	0	198	2	232	149
5574	54	2	149	0	233	149
5584	18	12	31	22	187	149
5585	134	12	175	22	199	149
5588	3	529	4	151	164	149
5591	3	0	53	36	171	149
5592	3	0	51	25	168	149
5603	0	2	1	58	231	149
5604	211	3	188	1	177	149
5605	116	4	120	7	156	149
5606	16	4	20	2	174	149
5613	393	1	109	0	298	149
5614	80	114	64	174	193	149
5617	0	9	1	26	172	149
5618	56	5	39	4	185	149
5619	71	0	77	7	258	149
5620	26	0	42	7	222	149
5621	8	0	3	5	152	149
5623	119	1	86	9	192	149
5624	7	254	4	98	208	149
5628	22	6	10	0	153	149
5630	26	1	45	0	164	149
5632	15	354	5	343	173	149
5633	0	8	1	19	176	149
5635	2	0	0	9	298	149
5643	0	11	3	55	298	149
5646	36	12	60	9	152	149
5647	3	89	0	36	190	149
5648	229	1	42	2	237	149
5649	1	78	1	41	169	149
5650	416	120	44	14	152	149
5654	11	2	2	0	195	149
5664	662	44	144	4	178	149
5665	4	17	8	75	230	149
5666	4	17	9	75	252	149
5672	7	20	0	2	161	149
5673	8	20	4	2	164	149
5674	8	7	4	0	152	149
5676	0	1	2	0	298	149
5677	0	1	2	0	298	149
5687	631	1	346	0	219	149
5691	20	5	2	0	152	149
5692	37	9	3	0	152	149
5693	2	0	2	2	268	149
5694	10	1	1	0	152	149
5700	0	2	24	61	152	149
5711	0	5	41	19	174	149
5727	0	24	14	204	170	149
5728	141	21	30	4	153	149
5729	65	2	23	0	152	149
5740	0	9	2	15	298	149
5744	0	11	3	25	153	149
5753	56	30	26	10	152	149
5762	50	2	14	1	298	149
5763	84	0	21	2	298	149
5764	39	2	6	1	298	149
5765	73	0	13	2	298	149
5766	75	0	14	2	298	149
5769	41	0	12	1	298	149
5773	22	44	8	33	152	149
5774	12	41	5	12	189	149
5777	28	3	6	6	152	149
5780	7	88	7	26	202	149
5781	11	42	3	14	152	149
5787	366	9	9	2	298	149
5794	224	46	86	22	152	149
5801	10	4	2	0	220	149
5808	301	59	206	37	152	149
5809	158	5	316	8	298	149
5816	2	0	0	2	210	149
5826	2	2	5	19	298	149
5829	8	233	2	101	184	149
5830	3	5	0	24	298	149
5833	1378	4	365	1	172	149
5834	863	19	271	5	154	149
5841	0	7	4	17	170	149
5847	0	10	4	29	238	149
5848	5	0	51	4	298	149
5849	5	87	1	14	154	149
5850	7	87	1	14	298	149
5851	8	5	1	1	298	149
5852	4	86	0	28	159	149
5854	10	59	2	12	169	149
5868	15	10	31	9	224	149
5873	115	1	23	2	159	149
5874	73	26	72	9	152	149
5875	70	0	40	1	180	149
5879	521	9226	65	1628	179	149
5881	113	21	108	44	240	149
5885	1006	32	12	0	203	149
5890	1	0	1	4	152	149
5892	2	3	2	0	194	149
5894	70	2	202	19	187	149
5895	2	135	0	13	170	149
5896	135	7	28	0	181	149
5909	18	17	2	23	298	149
5910	1	109	0	38	174	149
5914	2	39	0	13	169	149
5919	0	2	2	5	152	149
5921	15	0	60	1	207	149
5923	54	10	34	5	153	149
5940	34	6	12	1	180	149
5945	14	704	12	426	173	149
5949	1	28	0	3	185	149
5953	6985	12	3516	8	183	149
5955	0	23	10	87	298	149
5956	2	1	5	77	210	149
5962	9	1	2	0	209	149
5969	19	111	9	83	298	149
5970	2	91	5	60	175	149
5973	16	4	43	4	164	149
5975	139	2	24	0	187	149
5978	62	2	7	2	176	149
5986	0	2	8	2	170	149
6002	3	1	11	2	152	149
6016	13	44	29	94	255	149
6023	0	1	3	22	207	149
6025	824	8	124	4	242	149
6026	2	0	0	8	176	149
6027	18	25	7	16	173	149
6028	10	0	81	8	211	149
6041	2	4	12	408	298	149
6043	14	26	2	8	188	149
6044	1	41	2	7	273	149
6045	193	0	69	1	298	149
6047	5	3	5	1	298	149
6048	7	2	11	0	298	149
6049	8	2	10	0	298	149
6052	3	0	0	2	298	149
6054	5	4	8	3	152	149
6059	1093	2	164	0	176	149
6067	12	40	16	7	298	149
6076	173	2	145	1	157	149
6079	17	47	26	61	152	149
6081	7	5	59	0	156	149
6082	4	0	27	3	176	149
6090	7	1	14	8	152	149
6092	85	0	46	2	154	149
6099	52	2	94	0	192	149
6103	93	2	48	0	200	149
6104	4	41	1	41	214	149
6105	33	1	19	0	156	149
6108	0	44	2	16	167	149
6110	2	1	2	0	154	149
6111	153	1	30	0	154	149
6114	62	6	47	7	155	149
6119	26	2	167	8	298	149
6120	34	24	21	16	164	149
6121	4	8	15	14	164	149
6122	33	8	41	14	298	149
6123	33	4	36	7	298	149
6124	31	72	10	33	161	149
6125	134	2	60	3	153	149
6126	0	43	4	207	177	149
6127	3	14	6	19	153	149
6132	0	5	6	57	178	149
6133	834	0	259	1	216	149
6134	81	0	23	1	298	149
6135	12	10	19	22	203	149
6137	12	3	2	7	210	149
6141	3	14	1	10	161	149
6142	1	0	1	1	169	149
6143	3	0	0	3	169	149
6154	5	28	1	46	207	149
6161	0	4	1	4	187	149
6163	5	24	1	31	170	149
6164	5	8	2	12	173	149
6165	24	8	32	12	152	149
6166	95	1	61	0	183	149
6169	1	11	5	17	227	149
6173	78	0	13	2	153	149
6178	122	5	18	0	152	149
6182	7	58	4	97	236	149
6189	1	16	12	23	209	149
6191	9	0	30	19	268	149
6194	120	3	79	0	183	149
6205	218	7	77	5	298	149
6207	92	0	26	2	152	149
6208	11	0	12	3	298	149
6211	0	6	1	43	164	149
6213	210	12	103	4	158	149
6216	5569	4	3019	0	156	149
6219	0	4	1	90	238	149
6220	4	0	98	8	298	149
6223	9	126	4	60	173	149
6230	2	0	41	13	152	149
6234	0	381	4	977	158	149
6238	0	20	1	26	173	149
6240	0	2	2	0	196	149
6241	67	14	53	6	161	149
6242	38	2	41	1	153	149
6248	12872	13	576	0	298	149
6249	1387	61	54	0	167	149
6250	11853	4	509	0	288	149
6251	8726	1	390	0	184	149
6253	19	1	3	0	224	149
6263	0	1	9	0	152	149
6265	118	5	33	0	152	149
6269	12	6	8	2	152	149
6272	39	3	10	5	152	149
6277	24	170	2	34	211	149
6278	188	7	52	2	158	149
6279	26	2	24	2	298	149
6282	0	2	2	16	152	149
6284	5	7	5	3	298	149
6286	39	0	20	2	223	149
6289	6	22	9	46	207	149
6292	1	69	0	3	224	149
6293	47	2	2	0	152	149
6295	14	47	0	2	235	149
6297	330	0	167	2	298	149
6298	12	152	3	83	298	149
6299	42	70	11	10	178	149
6305	1	22	0	18	298	149
6308	116	16	50	12	173	149
6309	180	12	64	0	154	149
6310	1	3	4	2	199	149
6311	5	115	7	139	276	149
6312	7	115	5	139	226	149
6313	644	11	204	4	153	149
6314	38	6	13	0	153	149
6341	18	23	26	56	167	149
6343	473	3	178	1	151	149
6344	12	167	6	107	187	149
6345	181	0	88	2	161	149
6346	68	18	87	20	152	149
6347	6	1	8	0	152	149
6350	377	492	120	370	194	149
6351	254	134	184	142	167	149
6355	118	0	289	2	257	149
6360	468	2	194	0	151	149
6366	28	1	24	2	201	149
6374	13	3	5	0	253	149
6378	9	1	7	2	218	149
6379	17	1	19	2	221	149
6381	20	0	10	1	217	149
6382	29	0	14	1	220	149
6383	16	7	8	4	152	149
6384	108	1	44	1	152	149
6385	16	75	9	38	152	149
6399	3	54	1	40	205	149
6401	62	1	31	0	186	149
6409	8	1	1	0	158	149
6411	304	2	261	1	212	149
6420	9	2	9	1	154	149
6424	10	0	46	1	283	149
6428	11	0	4	2	199	149
6430	61	0	33	1	177	149
6441	22	960	1	278	169	149
6442	74	10	14	0	197	149
6443	7	22	4	10	200	149
6455	2	100	0	37	169	149
6456	6	118	0	26	168	149
6460	5	47	2	20	168	149
6462	1	17	2	84	294	149
6466	1684	1	1657	0	298	149
6469	39	0	359	2	298	149
6471	40	4	19	2	240	149
6474	0	10	4	30	164	149
6475	18	0	29	3	152	149
6476	3	52	1	27	164	149
6479	0	5	2	35	278	149
6483	5	16	10	1	298	149
6484	0	4	2	6	173	149
6499	0	20	1	20	172	149
6500	7	17	1	7	237	149
6502	2	36	0	12	151	149
6503	320	1	67	0	275	149
6504	285	4	71	0	298	149
6505	11	4	4	0	172	149
6515	3	10	0	18	174	149
6516	18	7	29	0	153	149
6517	1501	8	20	0	199	149
6519	25	2	25	0	298	149
6524	2	4	52	7	298	149
6544	0	1	7	10	233	149
6546	20	1	224	4	212	149
6548	14	175	4	51	298	149
6549	13	58	2	31	298	149
6550	12	160	2	63	172	149
6552	1	7	5	74	282	149
6553	15	131	2	39	298	149
6554	99	6	29	2	185	149
6556	11	8	0	7	170	149
6558	1	2	1	2	161	149
6559	39	2	25	2	220	149
6564	1	60	7	287	173	149
6565	5	215	10	355	225	149
6571	0	140	11	382	298	149
6584	68	107	30	45	152	149
6594	24	2	12	7	155	149
6597	39	2	14	0	197	149
6599	284	1	89	0	152	149
6607	6	0	18	2	211	149
6609	14	0	64	2	196	149
6610	6	0	15	2	191	149
6612	17	0	4	2	247	149
6614	0	1	1	24	181	149
6618	82	12	15	6	164	149
6620	7	26	2	19	298	149
6621	13	5	2	3	231	149
6622	15	3	2	0	231	149
6628	34	6	20	0	298	149
6629	5	6	9	3	152	149
6635	38	17	17	5	152	149
6637	5	0	31	2	298	149
6638	0	2	1	133	166	149
6648	9	0	25	2	175	149
6653	6	3	16	7	154	149
6655	145	9	626	9	186	149
6656	153	1	631	0	186	149
6662	2	0	10	354	284	149
6669	27	5	10	7	178	149
6670	11	260	9	242	298	149
6676	9	2	8	3	152	149
6677	56	23	26	9	203	149
6678	7	3	0	1	170	149
6679	12	134	1	63	170	149
6682	0	3	2	57	169	149
6683	118	0	464	4	298	149
6686	0	2	3	7	185	149
6693	2	165	18	256	182	149
6694	5	625	0	290	187	149
6698	7	76	6	84	182	149
6699	4	76	6	84	169	149
6706	6	58	2	166	167	149
6719	160	113	25	37	185	149
6720	60	0	45	1	179	149
6721	10	131	2	53	157	149
6729	23	0	6	1	298	149
6734	0	10	2	54	227	149
6751	2	0	12	7	298	149
6756	18	2	8	0	152	149
6761	4	26	3	6	152	149
6764	4	2	16	2	290	149
6768	78	1	37	1	152	149
6769	7	1	5	2	152	149
6775	73	0	27	2	288	149
6779	12	29	1	3	298	149
6786	10	37	2	6	152	149
6787	0	1	2	5	197	149
6795	11	2	29	16	152	149
6803	14	11	82	41	152	149
6804	67	41	44	17	158	149
6806	15	10	9	2	173	149
6808	52	0	13	1	251	149
6813	3	0	0	2	152	149
6824	13	133	1	53	180	149
6825	172	2	115	0	298	149
6832	1	9	0	8	195	149
6837	13	0	31	2	190	149
6850	1	0	2	4	164	149
6851	6	49	6	77	243	149
6852	97	7	102	28	167	149
6861	13	9	6	12	203	149
6862	139	15	48	9	152	149
6870	12	11	8	5	152	149
6871	62	4	11	3	298	149
6882	3	217	5	694	170	149
6883	4	0	240	2	164	149
6890	332	7	182	0	173	149
6891	53	0	148	1	298	149
6897	38	37	15	14	152	149
6900	1	77	0	15	172	149
6903	35	1	11	10	152	149
6904	33	2	23	5	298	149
6905	13	0	7	1	188	149
6906	3	3	11	0	298	149
6907	4	6	1	11	242	149
6908	17	5	6	14	281	149
6909	19	5	16	14	188	149
6913	0	13	1	34	175	149
6914	2	28	0	39	210	149
6917	2	32	0	58	247	149
6922	0	2	5	28	228	149
6923	6	2	45	2	153	149
6925	17	4	42	4	154	149
6933	8	4	8	0	167	149
6940	23	0	18	1	152	149
6942	4	4	9	46	249	149
6944	2	38	4	46	223	149
6961	20	2	43	2	152	149
6970	1	3	0	2	194	149
6979	19	9	3	0	153	149
6981	44977	24	1299	0	203	149
6982	1166	15	40	0	171	149
6983	761	15	34	0	245	149
6984	164	564	17	23	223	149
6985	8	163	4	49	166	149
6988	6	836	0	412	169	149
6994	106	3	123	9	216	149
6997	69	17	30	0	298	149
6999	47	7	7	3	152	149
7006	2	0	6	1	152	149
7018	15	0	29	1	209	149
7019	146	0	101	1	298	149
7020	264	2	102	0	298	149
7031	43	50	7	10	152	149
7034	60	4	15	0	152	149
7035	15	11	5	30	298	149
7036	0	5	1	0	181	149
7038	1	1	12	347	298	149
7039	58	44	33	28	152	149
7041	262	33	99	11	152	149
7043	9	1	4	0	191	149
7051	285	80	137	132	167	149
7052	91	80	32	132	202	149
7053	11	205	5	110	184	149
7054	514	14	331	3	152	149
7055	2	395	4	297	173	149
7056	65	12	23	4	298	149
7057	17	0	31	1	161	149
7058	0	49	1	23	166	149
7059	241	2	286	0	209	149
7060	3	30	2	28	298	149
7061	74	4	56	0	298	149
7062	100	0	62	1	298	149
7063	63	0	30	1	298	149
7067	2	0	1	6	223	149
7068	287	3	73	0	298	149
7069	135	4	37	2	153	149
7071	163	1	68	0	170	149
7076	18	56	0	12	244	149
7077	85	25	19	12	174	149
7080	0	37	1	2	298	149
7081	5	2	64	0	176	149
7092	1882	1	1915	0	298	149
7094	223	1523	250	1167	298	149
7100	0	8	4	253	215	149
7101	0	8	2	253	171	149
7102	10	0	256	2	298	149
7105	21	0	57	2	232	149
7110	7	3	3	2	153	149
7112	231	31	72	13	152	149
7122	4	2	2	15	168	149
7132	4	44	4	46	179	149
7134	247	41	81	5	152	149
7135	3	28	8	80	161	149
7136	35	111	20	45	154	149
7137	0	3	8	2	256	149
7138	2	206	0	46	163	149
7141	61	6	14	0	176	149
7151	1	14	1	8	194	149
7152	91	4	45	0	161	149
7159	26	16	32	2	173	149
7160	80	78	11	9	298	149
7161	217	49	35	22	298	149
7163	3	0	4	2	298	149
7170	7697	2	4891	1	157	149
7173	26	54	28	30	152	149
7176	88	99	30	39	152	149
7179	27	1	48	4	153	149
7181	84	7	26	0	230	149
7193	2	0	27	2	241	149
7199	9	0	36	7	152	149
7206	20	11	59	25	152	149
7223	219	6	23	3	152	149
7224	1	0	6	1	152	149
7228	367	0	547	2	196	149
7229	424	2	360	0	298	149
7230	1	15	0	7	177	149
7231	0	2	7	8	171	149
7233	55	1	19	0	208	149
7234	20	11	9	5	152	149
7235	852	6	5	0	221	149
7239	1	0	4	1	154	149
7240	1	29	1	4	269	149
7241	2	2	3	6	274	149
7243	30	2	6	6	154	149
7247	31	6	4	5	229	149
7257	8	12	44	7	217	149
7259	7	0	157	1	298	149
7260	255	3	170	2	168	149
7261	37	51	12	26	152	149
7262	69	1	31	1	152	149
7264	12	27	0	3	298	149
7266	20	4	34	1	154	149
7271	0	1	3	8	191	149
7275	23	2	2	0	152	149
7296	11	0	55	1	221	149
7298	66	1	342	5	188	149
7300	0	55	3	37	298	149
7305	3	9	1	21	255	149
7311	3	64	0	16	215	149
7317	79	1	1	0	200	149
7324	244	0	37	1	298	149
7330	12	0	58	4	170	149
7338	119	7	41	0	298	149
7348	1	3	1	0	298	149
7349	473	1	134	0	206	149
7350	0	19	1	110	298	149
7356	8	61	0	11	170	149
7357	27	1	11	0	184	149
7363	50	1	12	0	152	149
7366	2	83	0	24	163	149
7374	88	0	950	1	153	149
7375	13	5	22	0	298	149
7378	0	4	2	15	298	149
7380	0	4	4	15	257	149
7384	1	0	0	10	178	149
7393	0	20	1	12	151	149
7395	10	0	56	3	233	149
7396	5	33	3	54	175	149
7409	387	76	142	30	152	149
7412	1	0	3	2	152	149
7413	7	9	23	53	152	149
7414	5	5	8	8	152	149
7415	87	6	272	26	152	149
7434	1	111	1	70	185	149
7435	0	32	1	40	177	149
7438	2	0	2	64	243	149
7439	1	5	1	52	298	149
7440	6	214	8	168	201	149
7445	1	0	8	1	181	149
7448	7	1	2	0	152	149
7449	10	0	5	2	152	149
7450	17	1	5	0	152	149
7451	26	473	9	103	167	149
7452	553	0	113	2	152	149
7456	71	4	73	20	298	149
7460	16	0	14	3	152	149
7461	2	0	0	4	155	149
7464	15	37	5	46	164	149
7465	82	2	50	0	258	149
7466	104	2	91	0	243	149
7470	8	7	7	4	169	149
7479	114	1	48	0	234	149
7480	248	9	78	2	213	149
7481	78	74	52	21	152	149
7482	23	115	8	61	167	149
7483	10	106	6	54	227	149
7484	297	2	96	6	290	149
7486	4	5	3	19	169	149
7488	1	9	2	2	161	149
7489	2	66	2	19	180	149
7490	6	77	2	23	183	149
7491	70	77	19	23	152	149
7492	37	2	19	6	152	149
7494	5	0	20	2	152	149
7496	7279	2	58	0	195	149
7497	1	124	1	34	181	149
7499	1	39	0	81	186	149
7502	3	0	9	3	196	149
7503	4	0	3	3	298	149
7504	4	3	1	7	298	149
7514	2	10	4	14	170	149
7515	237	19	80	8	152	149
7520	8	112	5	99	172	149
7521	82	14	14	1	152	149
7526	10	0	295	3	160	149
7527	46	0	360	1	152	149
7529	0	66	3	303	167	149
7532	1	177	1	296	232	149
7537	1	241	2	242	170	149
7538	1	241	2	242	185	149
7539	1	241	4	242	252	149
7544	1	42	6	27	298	149
7545	1	42	6	27	298	149
7548	7	3	2	4	152	149
7549	125	0	71	1	179	149
7550	77	2	8	0	298	149
7571	0	12	6	21	170	149
7572	2	0	39	1	186	149
7573	0	2	1	28	268	149
7575	4	0	92	2	191	149
7576	0	2	4	71	172	149
7578	2	0	119	2	298	149
7581	1	23	3	22	214	149
7582	0	35	3	23	214	149
7583	76	0	241	5	206	149
7588	18	31	27	24	202	149
7593	19	2	15	2	254	149
7599	59	1	20	0	298	149
7600	2	58	2	12	298	149
7601	50	1	17	0	152	149
7607	13	26	2	14	298	149
7610	3	2	2	0	212	149
7616	2	3	1	2	177	149
7617	35	0	204	7	254	149
7618	18	9	10	8	152	149
7619	1	0	2	3	298	149
7620	53	3	35	1	231	149
7623	0	59	1	37	203	149
7624	85	4	106	7	152	149
7627	2	97	8	292	179	149
7628	80	4	304	22	194	149
7629	73	6	36	7	154	149
7643	157	1	12	0	225	149
7650	0	36	5	42	191	149
7651	97	7	12	0	220	149
7652	5	154	4	32	168	149
7656	413	2	192	0	154	149
7659	2	56	0	44	181	149
7665	0	275	1	83	171	149
7666	540	2	157	1	182	149
7667	489	4	147	0	298	149
7668	80	2	23	2	152	149
7669	4158	1580	1259	521	152	149
7670	76	3	24	0	152	149
7671	39	1	19	0	155	149
7672	8	0	7	1	154	149
7675	0	1	1	0	158	149
7676	186	5	79	8	177	149
7681	1	7	0	4	182	149
7687	25	81	4	21	152	149
7691	2	9	22	249	211	149
7692	21	2	128	0	298	149
7695	6	27	10	68	164	149
7727	44	3	19	1	185	149
7728	48	2	23	4	224	149
7729	7	2	5	4	188	149
7733	679	4	348	3	298	149
7734	30	145	8	281	231	149
7735	68	0	6	1	159	149
7736	204	130	75	98	159	149
7738	21	0	16	4	175	149
7743	145	11	7	2	200	149
7759	1	81	0	4	204	149
7769	2	0	12	2	298	149
7773	60	12	6	0	152	149
7777	2	2	0	18	207	149
7783	575	6	574	1	221	149
7795	0	4	2	33	257	149
7805	0	1	1	0	218	149
7807	23	2	44	1	177	149
7809	5	17	6	201	298	149
7812	2	93	9	153	206	149
7818	2	0	12	1	212	149
7822	342	16	97	6	152	149
7827	33	43	13	6	218	149
7828	15	2	5	1	298	149
7845	11	16	1	3	179	149
7850	2	130	26	1204	152	149
7851	12	142	29	1669	238	149
7852	156	0	2120	2	185	149
7853	152	2	1692	14	298	149
7854	244	6	581	13	199	149
7855	9	0	6	2	296	149
7856	4	0	0	2	187	149
7860	3	28	0	95	207	149
7862	174	0	128	5	156	149
7866	1	172	0	162	172	149
7867	493	3	200	0	194	149
7868	165	3	53	0	298	149
7869	35	353	16	160	298	149
7870	6904	33	2142	12	298	149
7876	184	0	233	2	298	149
7904	5	118	1	78	182	149
7905	22	1	30	4	153	149
7909	9	22	6	15	164	149
7911	23	16	44	25	152	149
7918	3	170	3	78	175	149
7919	18	287	3	183	165	149
7943	2	63	0	15	194	149
7954	66	43	17	22	152	149
7955	19	5	3	1	171	149
7956	1857	2	1610	1	151	149
7961	25	10	6	1	202	149
7972	0	1	4	11	152	149
7982	3	3	3	45	264	149
7983	8	2	30	6	226	149
7986	1	0	1	2	152	149
7987	2	0	99	2	172	149
7989	5	56	16	52	298	149
7990	1	0	109	6	196	149
7991	4	2	2	0	213	149
7992	18	119	4	59	198	149
7995	166	1	11	0	154	149
7996	313	8	29	1	217	149
8003	4	0	1	1	254	149
8005	14	0	10	1	183	149
8008	0	14	2	28	292	149
8009	10	38	12	24	298	149
8012	15	62	14	41	211	149
8013	0	41	1	123	298	149
8016	58	2	40	1	298	149
8018	15	2	5	1	298	149
8022	144	16	55	12	152	149
8024	2	0	17	1	189	149
8027	0	6	3	15	267	149
8032	3	13	0	9	298	149
8036	0	4	1	5	195	149
8043	68	11	2	1	182	149
8049	0	1	2	0	254	149
8055	15	64	17	9	298	149
8056	28	3463	7	2354	173	149
8057	603	87	143	4	175	149
8060	0	25	6	145	178	149
8061	17	0	137	6	179	149
8068	1	26	0	7	169	149
8069	4	30	0	6	192	149
8079	1	0	7	9	193	149
8081	82	6	10	2	152	149
8082	11	6	2	2	171	149
8083	10	81	1	9	168	149
8084	118	3	146	11	154	149
8085	9	244	2	111	170	149
8086	21	51	8	6	298	149
8093	3	18	0	6	176	149
8099	6	24	1	8	270	149
8101	0	2	2	0	298	149
8102	6	2	2	24	196	149
8107	2	14	0	3	196	149
8109	145	0	281	2	152	149
8110	80	90	41	100	168	149
8111	1253	121	444	45	298	149
8117	5	10	2	7	161	149
8122	6	2	6	0	270	149
8123	6	2	0	2	200	149
8126	2	4	4	0	298	149
8132	10	2	16	0	193	149
8139	16	9	18	20	298	149
8149	268	1	61	0	171	149
8150	2	121	1	67	166	149
8151	54	2	35	5	241	149
8152	58	5	17	2	152	149
8169	108	39	22	3	155	149
8171	26	3	16	0	154	149
8172	0	10	33	124	298	149
8187	119	4	57	0	198	149
8188	24	1	45	4	259	149
8191	123	3	63	2	284	149
8192	83	3	30	2	298	149
8193	3	40	0	33	298	149
8194	393	0	271	1	151	149
8200	0	2	84	47	224	149
8222	9	66	0	7	298	149
8223	47	19	16	17	298	149
8224	16	3	27	0	198	149
8226	16	21	12	23	186	149
8227	3	28	5	28	251	149
8235	44	8	8	1	152	149
8236	31	2	7	1	214	149
8240	13	2	6	1	298	149
8247	4	75	0	32	170	149
8248	0	70	4	442	169	149
8249	1	151	5	481	184	149
8250	0	22	8	334	191	149
8251	760	6	716	7	218	149
8253	1	5	0	8	198	149
8254	24	72	12	25	182	149
8255	261	2	45	0	156	149
8256	0	2	19	8	206	149
8258	1	36	0	20	186	149
8262	48	0	54	2	166	149
8264	103	3	59	0	251	149
8270	5	79	0	25	173	149
8271	7	7	0	5	173	149
8273	7	0	0	5	152	149
8274	11	11	6	14	152	149
8276	212	6	121	0	298	149
8277	137	18	27	4	298	149
8278	229	18	81	4	298	149
8279	251	2	134	0	298	149
8281	73	1	66	0	298	149
8291	0	1	2	0	298	149
8297	29	0	38	4	298	149
8300	0	86	3	619	260	149
8301	1	2	0	2	177	149
8305	9	1	17	4	154	149
8309	434	31	80	6	188	149
8317	115	10	27	1	155	149
8319	0	30	1	27	166	149
8323	5	86	0	9	169	149
8326	25	5	17	10	298	149
8329	32	473	11	134	154	149
8332	3	11	0	23	185	149
8333	2	0	8	2	197	149
8338	24	0	90	2	191	149
8354	1	2	3	55	162	149
8359	8	14	2	23	167	149
8374	6274	34	1326	13	205	149
8375	3414	34	456	13	298	149
8376	175	3035	15	885	298	149
8393	0	91	1	252	209	149
8398	2	3	1	6	185	149
8402	9	19	12	10	170	149
8406	78	24	26	15	152	149
8411	0	6	2	0	153	149
8413	174	0	676	2	208	149
8426	0	1	3	0	152	149
8428	6	34	8	52	179	149
8430	0	4	2	0	298	149
8453	3	33	3	1	298	149
8454	9	21	2	0	152	149
8468	2	10	4	6	298	149
8470	205	6	41	0	298	149
8475	1	0	11	2	185	149
8477	2	8	3	28	271	149
8487	21	30	4	0	164	149
8491	14	7	2	1	188	149
8492	35	21	12	11	298	149
8493	31	21	12	11	298	149
8494	10	50	0	21	202	149
8497	163	2	42	2	298	149
8498	74	12	20	0	193	149
8499	9	38	36	98	170	149
8500	3	458	0	132	165	149
8504	11339	49	955	3	298	149
8505	28	225	5	24	298	149
8509	154	9	24	10	190	149
8511	23	893	20	718	174	149
8512	1068	139	835	164	185	149
8514	619	0	572	1	201	149
8517	0	27	3	86	152	149
8523	0	9	5	69	169	149
8524	3	8	10	3	152	149
8526	12	181	13	350	179	149
8527	156	357	16	43	168	149
8528	895	319	79	10	298	149
8529	113	516	5	20	167	149
8530	637	1075	43	97	298	149
8531	113	2	90	1	250	149
8532	150	2	194	1	298	149
8533	51	1	112	0	205	149
8534	90	4	6	0	298	149
8535	28	23	0	1	152	149
8537	2	10	0	10	231	149
8538	10	59	11	448	164	149
8539	7	124	2	1312	298	149
8541	60	3159	7	1078	176	149
8542	3671	1	1413	0	203	149
8543	5005	6	1818	2	260	149
8544	1370	6	411	2	206	149
8546	6	0	156	4	298	149
8547	0	10	21	97	298	149
8549	9	0	174	1	298	149
8555	0	4	1	38	259	149
8574	6	249	5	174	174	149
8583	2	1	2	18	298	149
8585	5	51	11	1029	192	149
8591	13	0	11	3	174	149
8594	961	3	292	0	293	149
8597	725	1	322	0	248	149
8598	358	67	145	15	152	149
8599	19	2	1	2	213	149
8604	314	25	149	6	152	149
8608	2	39	1	44	173	149
8610	1	92	0	59	172	149
8614	27	0	79	1	210	149
8620	738	2	21	0	160	149
8621	12866	58	470	2	160	149
8622	59	5	3	0	153	149
8623	777	5	38	0	269	149
8624	833	5	42	0	298	149
8625	751	16	35	0	265	149
8626	836	16	44	0	298	149
8627	225	7	24	0	189	149
8628	16782	19	572	2	152	149
8629	444	2	9	0	152	149
8630	12705	2	404	0	158	149
8631	1678	2	34	0	177	149
8632	12270	9	395	0	155	149
8633	1243	9	25	0	174	149
8634	766	11793	13	383	168	149
8635	481	5	12	0	155	149
8636	5944	80	406	3	184	149
8638	2	14	4	20	227	149
8663	12	388	10	157	244	149
8664	5	3	10	0	244	149
8673	32	0	49	2	153	149
8674	15	0	39	1	293	149
8698	1	2	0	3	165	149
8699	8	0	9	1	298	149
8701	3	4	3	0	298	149
8707	15	65	15	57	218	149
8708	23	432	0	120	203	149
8710	0	2	2	5	152	149
8712	5	0	2	5	152	149
8714	17	0	12	1	298	149
8722	2	21	22	95	298	149
8723	5	13	11	113	272	149
8725	1	77	0	24	161	149
8726	132	125	38	48	152	149
8727	4	137	0	45	177	149
8739	51	3	39	0	152	149
8742	1	2	0	1	172	149
8743	49	1	7	2	280	149
8744	9	88	0	25	279	149
8750	8	0	30	4	278	149
8758	0	77	4	20	169	149
8764	199	5	41	0	207	149
8773	168	0	27	2	298	149
8774	8	201	3	30	298	149
8778	7	0	338	6	208	149
8785	58	1	22	2	168	149
8791	176	0	821	9	152	149
8792	0	45	1	64	166	149
8801	2	282	5	202	255	149
8802	3	282	5	202	263	149
8810	13	0	1133	1	298	149
8814	587	0	651	2	298	149
8815	11	2	11	3	152	149
8819	2936	0	4269	5	221	149
8824	156	0	104	1	202	149
8829	8	0	36	2	211	149
8830	36	0	1291	3	197	149
8844	13	326	3	98	164	149
8845	21	1	2	0	153	149
8847	16	117	19	47	298	149
8848	7	2	20	6	152	149
8853	1	14	0	2	151	149
8855	45	0	45	2	155	149
8859	0	12	2	45	165	149
8863	262	158	92	64	152	149
8868	314	2	541	0	298	149
8869	336	0	538	4	298	149
8870	40	1	60	0	298	149
8871	193	1	386	0	298	149
8872	225	1	403	3	298	149
8877	33	1	16	1	261	149
8878	0	13	2	12	244	149
8880	1647	1	1595	0	169	149
8881	16862	0	9293	1	169	149
8883	36	10	1	1	220	149
8884	38	1	1	0	220	149
8886	35	2	1	0	220	149
8889	11	5	4	0	183	149
8899	4	4	17	0	160	149
8901	20	1	16	0	152	149
8904	4	1	1	11	298	149
8909	0	13	9	33	152	149
8910	18	11	38	11	298	149
8918	5	2	5	3	152	149
8919	370	2	96	0	203	149
8921	235	4	67	0	298	149
8922	260	6	164	1	176	149
8923	256	33	176	33	152	149
8924	14	11	15	12	264	149
8925	5	6	8	8	152	149
8926	1	16	1	14	179	149
8935	266	3	47	0	152	149
8936	211	63	47	11	298	149
8937	343	24	78	1	155	149
8948	5803	6	2954	0	164	149
8953	95	3	48	0	154	149
8954	0	581	3	217	152	149
8955	18	2	32	1	152	149
8957	6	2	8	3	152	149
8965	16	0	229	14	239	149
8966	0	4	1	128	182	149
8979	0	2	3	4	298	149
8987	2	2	3	0	169	149
8994	394	2	387	0	156	149
8997	448	1	358	5	152	149
8999	9	0	43	19	209	149
9001	103	2	82	2	153	149
9003	62	48	15	17	298	149
9005	9	119	4	28	298	149
9006	22	5	22	5	152	149
9007	0	12	4	15	175	149
9023	12	29	19	33	292	149
9024	216	5	96	2	194	149
9025	0	105	1	55	164	149
9026	1	17	1	3	152	149
9033	19	1	39	2	246	149
9034	23	1	302	2	298	149
9035	4	0	266	1	298	149
9036	305	3	393	0	157	149
9037	2	0	8	2	157	149
9038	2	0	16	2	270	149
9041	534	1	184	0	298	149
9045	2	0	7	1	247	149
9050	2	0	3	2	194	149
9061	22	0	347	5	298	149
9062	49	2	198	0	298	149
9070	1	2	3	0	226	149
9088	0	3	3	5	298	149
9093	4	0	4	1	231	149
9102	3	111	7	114	170	149
9104	4	3	2	3	295	149
9105	25	22	8	3	152	149
9114	1	38	3	447	165	149
9115	2	17	14	341	298	149
9120	22	0	21	1	212	149
9124	4	0	12	1	201	149
9127	294	24	105	14	205	149
9128	227	9	127	0	217	149
9130	1	6	15	0	193	149
9133	17	8	2	6	196	149
9137	6	108	0	45	170	149
9138	12	0	16	20	152	149
9139	87	24	14	4	152	149
9140	11	11	6	7	152	149
9143	2	5	0	5	170	149
9149	374	1	2	0	155	149
9159	0	10	2	60	298	149
9167	1	95	1	55	190	149
9168	108	4	50	0	152	149
9169	0	238	1	51	191	149
9185	10	20	8	15	176	149
9188	0	3	4	44	298	149
9198	9	10	5	5	152	149
9211	71	98	27	34	169	149
9212	157	98	63	34	200	149
9213	89	3	41	5	180	149
9214	99	522	40	241	169	149
9215	291	522	127	241	200	149
9216	223	31	105	18	180	149
9225	2	5	3	5	218	149
9227	21	7	2	2	152	149
9228	9	7	0	2	298	149
9229	9	7	0	2	298	149
9230	8	20	0	2	298	149
9231	8	20	0	2	298	149
9236	147	2	57	8	253	149
9237	114	3	183	2	287	149
9239	17	22	12	28	298	149
9240	7	0	232	2	289	149
9245	0	11	1	22	166	149
9249	49	535	6	183	298	149
9250	95	8	11	7	298	149
9251	582	8	188	7	152	149
9255	481	2	140	0	298	149
9257	256	101	103	34	152	149
9261	19	34	10	28	298	149
9262	52	2	42	4	155	149
9263	27	29	8	18	230	149
9264	80	1	24	0	156	149
9266	5	0	39	24	152	149
9270	9	14	21	6	153	149
9272	221	2	84	0	209	149
9274	0	2	4	114	172	149
9278	15	70	13	29	152	149
9281	15	0	16	2	298	149
9282	4	4	9	14	152	149
9283	10	2	2	0	298	149
9284	3	82	3	44	188	149
9287	19	22	5	14	298	149
9288	20	6	7	0	152	149
9291	1	14	0	4	162	149
9298	1	45	2	26	168	149
9299	21	2	63	0	204	149
9302	5	12	3	19	180	149
9303	37	1	45	2	298	149
9304	48	1	61	2	279	149
9305	423	61	82	25	152	149
9314	25	0	16	1	154	149
9315	0	5	2	48	155	149
9317	1	16	2	59	161	149
9318	38	7	8	2	152	149
9321	2	0	6	2	152	149
9338	0	1	4	1	224	149
9361	3	3	3	4	298	149
9373	3	0	2	6	215	149
9376	8	0	29	2	213	149
9381	0	28	9	140	170	149
9382	1	64	0	56	174	149
9384	21	0	47	7	173	149
9386	18	0	16	1	163	149
9387	5	0	1	1	187	149
9389	6	2	5	10	152	149
9400	6	0	118	1	152	149
9407	55	4	11	0	298	149
9412	35	46	39	114	173	149
9413	29	2	42	50	173	149
9414	2	19	5	26	298	149
9415	28	2	3	1	197	149
9416	59	3	9	0	197	149
9419	316	2	148	1	204	149
9428	1309770	72	42842	9	154	149
9445	21	1	4	0	152	149
9448	1	94	5	49	188	149
9449	142	3	57	4	154	149
9457	12	5	4	0	152	149
9458	962	5	157	0	209	149
9462	0	139	2	156	170	149
9468	3	8	5	2	164	149
9492	15	27	4	7	277	149
9495	3	0	59	5	158	149
9502	0	443	3	95	206	149
9503	27	2	23	2	227	149
9511	6	0	14	5	296	149
9512	12	12	19	16	296	149
9514	173	24121	0	5	188	149
9516	111	0	86	1	254	149
9521	8	293	3	181	160	149
9525	0	4	8	69	208	149
9547	6	0	18	1	202	149
9549	32	842	2	126	298	149
9552	206	23	64	5	153	149
9553	51	2	9	0	176	149
9556	0	3	10	19	160	149
9561	12	5	55	12	167	149
9572	4	5	0	2	295	149
9573	6	5	1	2	298	149
9575	185	1	233	4	191	149
9576	90	1	62	0	191	149
9586	72	3	30	12	165	149
9587	2	90	0	85	174	149
9588	23	17	37	9	298	149
9590	0	31	2	64	170	149
9593	4	6	0	3	182	149
9594	79	2	47	6	152	149
9604	0	62	1	51	180	149
9607	37	25	24	6	152	149
9611	0	9	3	59	209	149
9612	232	0	109	2	153	149
9613	221	5	99	0	155	149
9614	509	3	181	2	177	149
9615	102	3	36	2	267	149
9616	12	417	2	147	239	149
9617	6	5	1	5	152	149
9620	0	4	2	412	211	149
9621	491	13	127	20	298	149
9622	333	24	159	10	188	149
9623	6	2	0	1	202	149
9627	7	2	4	2	152	149
9631	71	1845	11	492	242	149
9632	9	0	135	2	188	149
9633	588	1	116	3	203	149
9634	289	4	50	2	228	149
9635	13	18	24	19	191	149
9638	2	20	11	18	203	149
9642	99	4	20	3	180	149
9643	2	50	0	69	173	149
9644	67	183	6	89	298	149
9647	7	21	1	2	152	149
9652	2	0	10	6	298	149
9657	4	2109	4	1375	176	149
9658	1942	6	1340	1	154	149
9659	19	1983	18	1253	172	149
9660	94	0	57	2	189	149
9661	40	0	255	1	154	149
9662	6	574	5	363	194	149
9663	19	20	10	11	196	149
9664	587	20	368	11	151	149
9665	337	38	66	5	228	149
9666	2	137	0	35	168	149
9667	20	3016	17	4391	203	149
9672	3	0	28	2	191	149
9676	6	0	12	1	153	149
9677	18	10	398	903	298	149
9678	98	2	45	1	172	149
9694	18	32	8	16	152	149
9705	6	2	8	0	156	149
9707	2469	4	880	4	207	149
9708	78	8	29	5	177	149
9709	13	0	5	1	177	149
9724	21	0	1003	3	244	149
9727	10	0	52	1	152	149
9737	0	3	2	44	298	149
9741	2	23	5	40	184	149
9765	265	4	74	0	298	149
9785	37	0	161	1	241	149
9789	3	189	1	25	171	149
9794	12	1	25	2	219	149
9795	2	0	7	1	152	149
9802	0	95	1	143	167	149
9818	2	55	2	69	166	149
9820	10	2	2	0	169	149
9821	1648	3	231	1	251	149
9822	11	0	16	1	152	149
9859	0	2	9	54	166	149
9861	2	0	88	3	198	149
9862	2	0	69	7	298	149
9866	4	1	1	71	216	149
9867	4	0	1	3	193	149
9868	0	1	3	71	172	149
9872	2	534	17	2203	180	149
9873	5	0	74	1	298	149
9883	89	5	23	0	201	149
9887	1	1	0	4	183	149
9897	4	2	43	1	202	149
9898	83	2	147	1	222	149
9899	79	0	106	2	169	149
9900	71	18	98	32	188	149
9904	4	0	33	5	164	149
9905	3	40	2	38	183	149
9907	67	4	21	2	152	149
9920	0	4	13	22	298	149
9921	18	1	8	4	152	149
9922	132	34	43	24	152	149
9931	15	11	1	0	152	149
9933	3	152	5	344	211	149
9934	0	2	33	0	298	149
9935	5	468	3	157	191	149
9936	47	1354	0	280	218	149
9939	1570	1	321	0	153	149
9940	30	0	215	28	179	149
9944	3	0	45	4	298	149
9945	2	0	48	4	298	149
9946	0	1	7	4	170	149
9952	0	1	8	395	298	149
9953	2	0	77	3	298	149
9954	3	0	466	3	188	149
9955	9	20	16	463	298	149
9956	790	3	611	1	154	149
9957	41	1	32	1	152	149
9959	82	0	33	1	183	149
9962	2	0	90	12	152	149
9969	0	3	2	40	171	149
9970	17	0	1	2	298	149
9971	2	1	3	12	152	149
9973	1185	20	494	7	222	149
9975	4	0	146	9	153	149
9987	131	4	48	0	154	149
9989	606	9	276	2	154	149
9990	7	4	8	6	247	149
9992	7	27	5	11	155	149
9997	2	98	1	46	171	149
10000	0	12	1	55	180	149
10002	39	6	59	0	298	149
10004	15	0	23	2	151	149
10013	104	342	204	7720	298	149
10016	18	0	1	1	231	149
10020	11	13	13	36	298	149
10026	14	4	21	18	152	149
10031	123	16	32	2	169	149
10032	67	2	45	0	287	149
10036	0	2	2	0	152	149
10046	2	2	0	6	298	149
10047	2	2	0	6	288	149
10048	2	0	0	1	288	149
10064	2	0	0	2	199	149
10066	0	2	1	73	190	149
10073	12	0	24	1	182	149
10087	0	2	5	0	206	149
10088	4	2	6	0	236	149
10090	29	176	19	77	158	149
10092	20	0	83	3	226	149
10099	0	1	4	30	288	149
10110	3295	81	19548	107	211	149
10113	2	2	7	4	152	149
10114	1	0	0	1	182	149
10115	16	0	2	1	250	149
10117	8	0	14	2	298	149
10130	1	6	13	34	287	149
10131	2	0	19	7	298	149
10132	8	0	41	7	180	149
10153	19	12	25	11	193	149
10155	1	2	1	3	223	149
10167	4	0	72	2	257	149
10177	4	0	7	1	152	149
10182	0	8	8	222	298	149
10193	13	105	1	72	185	149
10195	12	0	2	2	223	149
10196	1	61	0	57	212	149
10198	286	25	18	2	155	149
10199	297	2	31	0	298	149
10206	2066	11	269	0	215	149
10207	8483	33	1250	2	215	149
10211	9	0	0	1	245	149
10213	3	0	0	9	168	149
10214	6	0	0	2	176	149
10215	6	13	0	10	176	149
10216	10	65	0	10	176	149
10217	0	5	1	1	211	149
10220	52	14	2	2	298	149
10232	2	0	9	70	285	149
10249	2	2	2	0	153	149
10250	111	0	189	2	152	149
10251	353	2	71	0	298	149
10261	13	243	4	33	156	149
10262	1195	5	59	2	198	149
10264	3	6	5	101	225	149
10266	0	6	4	101	202	149
10274	141	0	53	1	186	149
10280	91	4	17	2	298	149
10315	397	2	96	0	177	149
10316	9	22	59	145	152	149
10317	0	20	5	211	298	149
10319	2	6	2	0	152	149
10323	11	91	18	64	152	149
10324	247	10	94	0	152	149
10325	16	161	5	89	173	149
10329	18	2	44	0	271	149
10332	62	75	45	26	154	149
10333	40	39	11	19	152	149
10348	2	47	0	4	170	149
10349	1	14	0	4	164	149
10353	0	2	8	5	152	149
10364	2	9	7	31	191	149
10365	4	9	4	31	224	149
10366	4	2	3	6	182	149
10370	4	0	65	3	298	149
10373	1	3	36	27	152	149
10374	31	6	64	35	161	149
10375	260	7	146	1	152	149
10386	2	5	0	4	167	149
10392	14	2	48	3	256	149
10393	14	0	48	2	258	149
10394	2	0	3	2	151	149
10396	146	1	22	0	189	149
10397	194	1	33	0	234	149
10402	331	5	10	0	298	149
10411	0	2	23	276	194	149
10428	507	3	440	0	195	149
10430	1106	910	613	471	298	149
10431	1376	910	1411	471	298	149
10432	1625	733	1814	238	224	149
10434	0	71	4	220	153	149
10437	1	72	0	205	168	149
10438	17	3	237	8	157	149
10439	0	33	3	150	258	149
10442	99	11	18	0	164	149
10450	16	0	47	1	191	149
10456	30	72	22	83	298	149
10457	4	23	3	61	165	149
10458	57	5	84	0	298	149
10459	67	4	82	1	298	149
10460	11	5	70	10	298	149
10465	0	18	4	73	176	149
10471	12	0	84	3	197	149
10473	100	2	23	0	186	149
10479	40222	388	1545	21	210	149
10502	0	26	3	55	298	149
10507	26	0	30	1	202	149
10515	80	4	41	0	242	149
10529	39	0	64	3	152	149
10530	2	11	0	10	298	149
10544	7	0	2	2	221	149
10554	30	242	19	207	176	149
10562	15	203	5	62	164	149
10563	63	3	19	1	167	149
10564	144	0	26	1	200	149
10565	84	0	8	1	182	149
10566	24	159	9	42	278	149
10567	63	20	14	2	296	149
10568	137	7	17	3	298	149
10569	198	20	47	2	167	149
10570	279	7	54	3	200	149
10571	101	7	9	3	182	149
10579	151	3	45	1	230	149
10580	187	10	83	4	230	149
10581	18	0	45	3	167	149
10595	74	0	48	7	178	149
10597	0	401	37	1013	197	149
10598	7	0	1224	6	183	149
10599	17	5	1	0	153	149
10616	126	0	136	6	183	149
10617	21	2	13	1	183	149
10618	0	251	2	172	183	149
10619	6	74	0	91	152	149
10621	3	14	1	3	298	149
10622	10	247	4	41	172	149
10625	0	4	1	6	162	149
10626	1	0	2	4	298	149
10627	11	167	3	155	171	149
10630	321	174	87	38	164	149
10631	169	14	20	2	170	149
10633	1	2	2	0	244	149
10639	114	2	33	0	298	149
10640	7	132	1	39	172	149
10641	130	2	45	1	155	149
10645	39	2	15	1	152	149
10646	1	5	0	3	224	149
10654	42	12	6	14	215	149
10662	30	1	70	6	164	149
10663	0	3	6	6	152	149
10666	108	1	34	2	207	149
10667	23	1	13	1	154	149
10669	25	5	16	0	173	149
10672	10	2	2	1	210	149
10673	14	19	13	23	170	149
10675	28	0	101	9	169	149
10679	250	101	56	34	152	149
10680	171	1	242	1	194	149
10681	9	0	5	1	199	149
10699	0	9	5	4	152	149
10702	5	72	2	18	271	149
10709	40	2052	7	141	170	149
10710	19	0	51	2	152	149
10713	6435	0	8327	1	272	149
10714	13	3	11	0	152	149
10715	10	5	6	6	152	149
10728	14	0	17	2	196	149
10732	0	2	2	4	183	149
10735	2	0	222	31	167	149
10736	5	258	0	103	161	149
10737	74	1	44	1	203	149
10739	327	1	147	1	191	149
10742	19	168	1	47	298	149
10743	22	6	8	3	152	149
10744	4	59	4	3	153	149
10745	4	59	2	3	170	149
10746	4	4	1	3	166	149
10747	6	34	4	10	186	149
10755	0	178	5	123	185	149
10759	2	1	1	1	152	149
10760	49	0	68	5	196	149
10761	0	4	5	55	298	149
10762	0	4	7	55	298	149
10764	7	56	0	78	214	149
10765	23	0	58	1	153	149
10766	19	0	17	4	189	149
10767	136	0	75	4	193	149
10771	1	0	2	2	179	149
10776	3	27	2	24	237	149
10778	488	3	109	2	153	149
10782	139	1	138	0	153	149
10783	5	8	1	0	152	149
10790	62	4	46	4	298	149
10791	56	13	60	1	273	149
10792	44	3	20	0	257	149
10797	3	2	63	13	152	149
10798	10	6	5	5	152	149
10801	8	5	13	4	167	149
10802	5	1638	0	671	161	149
10803	1203	3	399	0	161	149
10806	44	566	8	297	298	149
10810	86	5	6	0	235	149
10811	0	123	1	22	166	149
10818	5549	0	3920	1	243	149
10819	296	44	2416	73	161	149
10820	142	44	308	73	177	149
10821	13	167	23	2131	165	149
10823	2	2	71	1022	175	149
10824	0	2	27	1022	198	149
10833	329	0	148	2	298	149
10843	4	0	47	5	298	149
10844	158	0	100	2	161	149
10846	52	1	21	4	168	149
10850	208	7	22	0	265	149
10852	84	29	107	159	173	149
10855	1	0	2	1	152	149
10857	46	3	5	0	298	149
10858	18	0	32	2	152	149
10860	0	27	5	17	176	149
10862	10	0	26	4	164	149
10864	8	9	0	4	154	149
10866	7	7	1	0	187	149
10868	110	32	73	6	152	149
10869	54	78	30	80	182	149
10870	11	78	7	80	218	149
10871	0	43	2	25	185	149
10881	5	0	3	4	298	149
10885	13	1	4	0	153	149
10887	2	62	0	13	171	149
10888	0	6	1	44	194	149
10889	11	4	54	4	181	149
10891	631	2218	1523	1314	298	149
10892	20	2218	6	1314	152	149
10894	22	39	9	30	280	149
10913	4	26	0	12	166	149
10919	1	12	1	4	167	149
10923	4	0	3	66	281	149
10926	101	5	119	6	164	149
10929	25	0	10	3	185	149
10933	4	38	0	10	160	149
10934	51	1	12	2	298	149
10935	1	7	2	19	237	149
10936	1	12	2	18	170	149
10937	12	0	14	3	224	149
10938	23	0	30	3	203	149
10945	4	0	64	26	217	149
10949	0	1	2	3	152	149
10963	20	1	29	0	298	149
10967	0	4	1	44	178	149
10969	2	26	0	36	163	149
11001	72	7	33	6	163	149
11002	2	7	10	6	267	149
11003	4	7	11	6	298	149
11004	0	70	9	32	253	149
11005	7	70	11	32	298	149
11009	0	29	2	74	191	149
11014	2	3	4	5	271	149
11016	2	0	2	1	178	149
11017	0	42	3	20	166	149
11018	1	6	0	4	169	149
11020	103	3	47	2	161	149
11023	3	122	0	61	174	149
11024	2	92	1	13	164	149
11028	9	2	14	0	298	149
11029	97	84	25	37	200	149
11036	6	4	2	17	152	149
11038	33	0	6	1	162	149
11060	6	38	20	37	212	149
11063	0	2	11	4	152	149
11064	5	2	2	4	167	149
11065	5	0	1	10	164	149
11067	3	363	3	242	180	149
11068	208	15	71	1	276	149
11070	3	0	51	4	186	149
11071	6	46	3	38	298	149
11091	77	113	4	17	298	149
11092	323	2	62	0	154	149
11104	5	137	2	76	226	149
11105	1	460	3	317	236	149
11106	290	10	53	0	176	149
11107	6290	10	578	0	251	149
11108	6066	5	525	0	224	149
11110	11	0	0	1	298	149
11112	2	19	0	2	174	149
11113	20930	322	589	32	298	149
11114	9596	1	305	0	298	149
11115	13729	38	418	0	197	149
11116	808	670	6	4	232	149
11117	956	26	10	0	298	149
11123	5	44	4	19	187	149
11137	2115	70	740	26	201	149
11138	8	4	8	1	171	149
11139	12	381	8	334	171	149
11141	25	122	11	108	171	149
11142	26	62	17	47	171	149
11143	141	62	80	47	257	149
11144	123	6	72	9	235	149
11145	183	1	107	0	208	149
11147	0	22	16	256	177	149
11150	5	0	19	1	207	149
11151	0	6	3	43	210	149
11152	10	18	4	26	298	149
11157	0	2	3	71	173	149
11158	1	47	0	11	188	149
11159	16	4	13	10	152	149
11160	6	2	1	0	152	149
11161	75	8	12	4	152	149
11162	16	2	24	7	298	149
11163	1595	2	105	0	207	149
11165	107	95	42	32	152	149
11166	157	85	51	40	152	149
11169	3	0	2	4	192	149
11170	9	122	2	16	220	149
11171	466	10	228	1	204	149
11173	426	1	230	1	203	149
11176	18	3	10	2	209	149
11177	30	3	10	2	212	149
11178	15	3	2	2	152	149
11179	39	1	13	0	298	149
11180	11	457	0	44	168	149
11182	7	81	3	32	225	149
11189	200	2	68	0	242	149
11193	15	4	24	3	152	149
11195	2	1	0	7	298	149
11196	0	3	6	3	184	149
11197	46	312	9	116	152	149
11203	47	30	31	18	152	149
11204	12	6	4	0	152	149
11206	12	0	6	4	152	149
11207	2	0	0	4	154	149
11208	27	6	37	4	152	149
11209	5	27	1	44	189	149
11211	104	3	29	0	229	149
11212	164	4	54	2	229	149
11213	2	6	10	9	298	149
11216	0	26	5	146	271	149
11219	0	4	1	38	161	149
11236	1	0	2	2	251	149
11237	2	81	0	60	153	149
11238	20	4	27	3	183	149
11240	63	2	58	0	183	149
11241	1	1	3	0	155	149
11243	53	0	52	4	155	149
11244	0	29	1	86	175	149
11246	0	8	1	99	246	149
11248	27	860	10	1065	239	149
11251	7	379	4	210	180	149
11252	7	344	3	155	298	149
11255	0	2	4	0	173	149
11258	6	397	2	513	174	149
11260	2	1	14	3	298	149
11261	11	1163	10	696	175	149
11262	75	0	44	4	179	149
11263	1227	0	730	4	153	149
11268	70	2	157	0	298	149
11271	68	2	116	0	298	149
11273	68	2	115	0	287	149
11274	68	2	86	0	261	149
11281	13	1	21	0	152	149
11285	4	1	8	63	196	149
11286	4	0	8	3	196	149
11293	1	43	0	61	298	149
11294	2	300	2	118	177	149
11304	100	25	180	22	174	149
11308	10	3	31	14	152	149
11326	844	13	106	1	184	149
11327	8	25	0	2	225	149
11337	17	44	17	7	298	149
11338	165	17	65	2	173	149
11339	7	185	2	67	166	149
11348	327	3	95	1	152	149
11350	52	23	29	9	158	149
11351	118	3	27	3	190	149
11353	26	0	186	17	223	149
11354	0	2	5	33	166	149
11357	133	1	176	1	263	149
11369	97	6	199	2	152	149
11370	49	64	22	32	152	149
11372	90	6	19	3	153	149
11373	62	3	10	0	153	149
11374	38	75	25	21	161	149
11375	139	3	28	0	153	149
11376	22	121	5	42	298	149
11377	183	1	169	0	221	149
11391	24	102	4	82	210	149
11393	0	5	13	108	183	149
11394	0	1	13	23	187	149
11395	5	1	108	23	153	149
11396	5	0	104	42	165	149
11405	176	3	51	1	209	149
11410	1246	10	443	5	151	149
11411	1302	9	459	1	153	149
11412	66	9	21	1	151	149
11415	2174	0	1011	1	151	149
11420	0	17	2	18	170	149
11426	6	7	9	8	152	149
11427	2	7	2	8	255	149
11428	0	4	2	9	252	149
11433	0	3	3	271	172	149
11434	124	0	291	3	168	149
11435	10	64	11	219	233	149
11437	54	13	22	2	152	149
11441	75	2	34	2	179	149
11445	0	21	3	14	164	149
11448	6	0	1	22	298	149
11449	1	9	1	10	221	149
11453	0	71	1	60	170	149
11454	12	71	20	60	161	149
11456	0	24	2	16	298	149
11462	6	0	52	66	170	149
11475	180	0	118	1	175	149
11476	0	1	10	2	174	149
11477	2	1	6	0	153	149
11478	4	16	7	69	160	149
11480	1532	7	8038	10	257	149
11481	322	7	2524	10	288	149
11482	4	1214	42	5554	180	149
11485	16	247	13	92	152	149
11486	180	2	123	0	298	149
11488	2	2	1	0	298	149
11490	14	373	426	28300	297	149
11491	58	0	4285	4	171	149
11492	4	0	169	3	152	149
11504	6	0	113	1	173	149
11507	229	1	135	0	298	149
11509	17	243	16	104	298	149
11510	9	243	6	104	212	149
11520	3	89	6	285	298	149
11521	22	10	156	146	161	149
11522	182	18	122	10	152	149
11523	209	51	272	55	152	149
11524	1	21	0	16	174	149
11526	58	2	32	0	194	149
11532	50	5	16	0	284	149
11533	2	0	2	1	152	149
11540	545	1	388	2	154	149
11543	2923	7	3618	3	195	149
11544	4	2	3	0	187	149
11548	1	2356	2	3224	169	149
11549	25	14	25	30	172	149
11550	2380	14	3247	30	152	149
11561	9	0	21	1	185	149
11562	2	5	25	4	298	149
11563	6	5	31	4	298	149
11564	7	2	16	0	298	149
11565	22	58	9	24	152	149
11579	11	0	6	6	245	149
11580	17	17	13	0	152	149
11583	71	2	114	1	289	149
11586	4	62	5	43	163	149
11587	30	6	31	0	204	149
11588	88	6	69	0	190	149
11607	2	15	0	27	169	149
11608	231	0	75	6	230	149
11612	15	17	60	9	298	149
11614	121	62	47	41	230	149
11623	7	1	16	5	152	149
11630	5	39	2	16	169	149
11631	11	137	10	82	294	149
11634	16	0	8	2	154	149
11635	111	2	41	0	154	149
11636	1	6	4	1	170	149
11637	2	4	4	5	152	149
11638	8	12	25	45	190	149
11645	0	2	3	30	298	149
11646	2	0	84	2	237	149
