ID	IJC_SAMPLE_1	SJC_SAMPLE_1	IJC_SAMPLE_2	SJC_SAMPLE_2	IncFormLen	SkipFormLen
1	0	12	5	13	372	149
2	97	0	362	1	2403	149
11	306	0	76	1	620	149
14	0	4	12	54	817	149
15	0	3	5	59	1730	149
16	7	129	2	14	469	149
17	4	1	3	2	273	149
23	15	531	9	169	262	149
24	95	48	21	15	1121	149
25	30	15	8	15	363	149
36	0	7	2	16	1432	149
55	2	0	3	7	235	149
57	2	4	9	37	2365	149
58	3	0	4	34	629	149
62	11	2	50	67	723	149
64	1807	321	2430	336	4089	149
71	0	2	3	1	394	149
81	2	0	0	14	1560	149
87	952	1	598	7	2924	149
88	954	4	602	11	2927	149
89	10	0	17	5	448	149
90	2	0	48	4	467	149
91	7	3	16	3	395	149
96	7	0	34	3	823	149
97	54	0	112	4	2437	149
99	9	0	309	8	226	149
100	9	0	408	7	267	149
103	58	2	39	2	230	149
141	459	4	456	123	1221	149
142	0	52	3	9	1799	149
148	151	11	57	2	537	149
154	0	23	2	234	278	149
155	80	4	29	0	3295	149
161	10	0	66	532	1385	149
169	37	0	86	54	822	149
191	0	4	6	15	386	149
196	11	2	12	21	1796	149
199	38	0	115	25	468	149
200	38	130	101	3469	458	149
203	0	475	24	3308	326	149
206	93	2	88	2712	351	149
207	3	10	180	2996	324	149
208	2	0	80	2	307	149
209	23	27	93	3984	474	149
210	1	0	9	112	241	149
217	0	2	16	1774	578	149
218	304	25	155	8	2058	149
221	4	22	14	31	1626	149
224	6	2	1	24	1200	149
238	67	2	13	0	1768	149
240	0	3	2	158	255	149
246	3	30	8	141	288	149
247	0	113	9	157	356	149
250	4	211	1	216	252	149
251	4	147	6	143	244	149
252	142	2	183	147	1994	149
255	1	0	2	40	247	149
257	8	28	7	28	600	149
261	0	2	10	75	260	149
267	2	0	8	20	1423	149
269	0	4	2	58	224	149
270	0	4	4	40	225	149
275	0	8	1	111	395	149
278	0	4	3	22	403	149
282	0	2	29	66	236	149
285	2	0	2	7	1154	149
287	4	0	13	10	353	149
293	0	5	7	118	285	149
295	0	32	11	118	238	149
311	4	19	3	45	790	149
320	2	0	7	10	448	149
324	1	0	0	18	232	149
331	6	3	40	4	372	149
333	9	0	38	8	806	149
341	9	0	8	1	1304	149
342	9	2	8	70	1323	149
343	0	31	18	1343	233	149
357	0	2	4	25	289	149
361	294	0	370	8	444	149
365	15	94	69	363	1096	149
367	0	1	14	52	243	149
368	7	44	50	57	1201	149
369	4	4	56	29	353	149
372	7	0	4	15	652	149
374	5	10	13	61	1507	149
397	21	0	148	11	728	149
399	20	5	27	12	812	149
400	6	5	9	13	594	149
409	9	19	34	201	240	149
418	7	0	2	6	987	149
420	1	6	0	3	469	149
423	0	2	4	0	1004	149
425	0	4	2	0	270	149
429	3	0	20	1837	398	149
440	1	11	0	23	877	149
453	0	2	2	21	965	149
463	5	0	17	45	1623	149
466	1	10	0	33	232	149
468	3	473	20	780	400	149
470	0	3	10	89	252	149
475	2	0	3	1369	1275	149
476	2	0	68	2	1282	149
477	0	5	27	1739	244	149
480	2	0	3	131	2081	149
482	6	0	42	100	2209	149
483	46	20	44	9	1448	149
491	0	2	2	93	232	149
492	1	0	0	64	242	149
499	0	2	2	32	334	149
504	0	2	4	6	598	149
514	2	0	293	8	687	149
515	2	0	274	38	667	149
517	0	5	5	552	246	149
523	20	241	14	193	265	149
526	17	2	14	0	357	149
527	5	67	17	56	285	149
528	15	15	6	19	393	149
529	14	33	4	6	1623	149
530	2	0	25	32	385	149
535	2	69	3	223	223	149
536	1	10	23	185	488	149
537	1	0	19	2	481	149
539	5	81	5	194	825	149
540	17	27	4	214	726	149
542	12	54	44	149	1980	149
543	31	111	47	166	825	149
546	2	19	26	160	347	149
550	2	10	10	8	765	149
556	2	0	0	2	606	149
557	2	0	0	1	667	149
559	2	0	24	2	2502	149
565	6	3	6	7	1187	149
566	6	0	7	2	1191	149
568	99	8	34	11	1754	149
569	0	3	4	24	234	149
570	4	6	3	5	254	149
571	32	2	29	2	1137	149
572	32	0	29	3	1142	149
579	176	272	7	26	1276	149
581	61	0	75	1	596	149
582	3	7	5	14	380	149
590	9	32	2	24	225	149
592	2	36	0	67	261	149
594	8	32	86	30	2339	149
611	8	0	281	2	264	149
612	37	6	409	51	385	149
615	1	123	21	217	255	149
623	1435	4823	280	947	5288	149
624	42	26	3	5	1262	149
627	47	31	13	10	2355	149
632	6	8	9	26	1840	149
633	2	7	5	14	1813	149
634	0	2	7	25	2362	149
637	1	0	5	2	247	149
638	3	2	6	2	427	149
643	9	2	10	65	452	149
649	59	103	12	71	241	149
654	40	8	21	91	2306	149
655	0	4	7	116	464	149
656	6	6	17	33	838	149
658	8	25	9	6	1497	149
660	5	4	6	12	240	149
661	17	0	22	1	1249	149
665	120	4	316	35	1816	149
666	755	2	199	3	2954	149
667	586	5	112	1	2651	149
670	161	0	28	1	883	149
675	55	150	19	44	503	149
676	0	1	23	18	521	149
677	0	11	21	127	513	149
685	0	19	43	2009	224	149
688	0	9	49	1576	244	149
689	0	12	88	1285	226	149
690	0	14	34	1309	244	149
693	5	100	25	1311	1200	149
695	2	35	99	1466	479	149
696	2	0	88	2	406	149
697	19	0	643	13	545	149
699	2	580	5	1198	277	149
700	0	100	49	1782	466	149
701	21	0	105	1053	1088	149
716	6	0	13	5	490	149
717	8	2	26	9	1012	149
718	2	2	13	13	486	149
719	2	0	7	24	558	149
724	5	6	15	540	228	149
726	18	19	40	593	425	149
727	17	2	26	0	248	149
728	19	0	503	2	497	149
732	52	24	61	32	1400	149
733	4	16	9	85	632	149
735	13	0	12	9	344	149
737	309	4	181	1	2678	149
738	0	2	4	10	352	149
739	16	244	9	116	226	149
741	36	0	1	2	243	149
743	52	4	10	0	493	149
752	2	4	7	5	731	149
764	6	0	13	3	1090	149
766	6	0	8	2	902	149
771	1	6	3	10	247	149
772	2	1	8	11	788	149
773	14	43	16	49	460	149
777	0	3	7	42	648	149
782	12	0	0	2	580	149
783	15	0	51	3	702	149
784	1	117	3	67	472	149
788	0	12	3	46	240	149
790	5	0	3	26	411	149
801	2	0	12	6	686	149
803	5	0	6	8	824	149
805	2	0	10	17	487	149
808	7	0	0	12	823	149
812	6	0	7	2	1849	149
813	6	1	7	7	1398	149
816	3	0	10	5	961	149
823	0	1	4	7	298	149
845	0	17	15	90	435	149
849	217	10	406	4	446	149
850	27	79	21	211	992	149
852	33	2	24	0	1756	149
853	3	0	45	28	416	149
854	6	0	2	2	968	149
859	0	37	4	88	736	149
860	9	52	35	114	1131	149
873	6	0	8	6	1358	149
876	1	0	36	43	762	149
880	17	4	20	6	265	149
882	1	24	6	99	255	149
883	34	14	25	69	819	149
884	4	10	5	30	1633	149
886	2	4	0	19	432	149
893	2	0	4	7	624	149
895	7	5	6	87	426	149
896	0	75	7	137	352	149
897	12	79	12	151	524	149
899	2	56	0	28	250	149
901	94	209	40	136	970	149
903	81	752	43	418	295	149
909	17	96	16	62	816	149
910	28	93	16	65	650	149
913	108	73	34	41	3712	149
915	3	37	0	22	573	149
916	44	23	16	4	838	149
918	57	97	186	5638	698	149
919	87	0	238	2	699	149
927	73	5	35	0	1436	149
928	4	34	1	26	675	149
929	13	14	6	35	1511	149
934	6	12	0	3	740	149
947	47	26	26	27	955	149
957	52	3	23	9	2837	149
960	3	4	5	50	407	149
961	9	41	19	50	447	149
964	0	15	5	14	229	149
966	2	7	1	9	320	149
967	2	0	9	7	416	149
970	3	4	2	36	312	149
979	240	2	53	5	5390	149
982	1	7	2	5	1021	149
987	0	4	1	39	230	149
988	0	12	2	58	284	149
989	0	14	10	60	232	149
991	1	6	8	45	232	149
995	2	0	2	2	690	149
1003	2	175	5	119	237	149
1006	120	11	72	5	603	149
1010	48	0	55	1	495	149
1014	1	0	2	3	254	149
1015	0	2	1	12	265	149
1016	2	0	9	2	244	149
1018	6	3	1	3	474	149
1019	8	2	6	0	247	149
1024	1	0	1	2	376	149
1041	6	0	8	36	338	149
1044	12	0	22	62	333	149
1046	14	12	23	43	510	149
1047	0	44	12	626	245	149
1050	25	10	108	167	1566	149
1055	8	0	9	1	1037	149
1056	43	0	13	2	302	149
1057	10	95	11	46	302	149
1058	39	0	39	1	2137	149
1059	29	85	30	55	1920	149
1060	43	146	20	100	287	149
1061	6	0	5	6	490	149
1065	0	2	4	46	265	149
1069	2	2	0	8	308	149
1070	0	2	2	5	339	149
1073	25	1	48	0	612	149
1086	8	0	207	2	1249	149
1089	22	0	11	5	1578	149
1098	10	0	135	14	854	149
1102	13	3	78	2317	358	149
1103	62	6	9174	174	290	149
1104	6	21	34	78	1252	149
1106	0	3	25	67	1244	149
1116	3	0	20	4	1463	149
1119	7	0	35	71	2472	149
1120	4	0	13	3	950	149
1121	67	0	173	1	247	149
1122	47	0	135	8	2490	149
1129	1	2	24	902	706	149
1136	41	106	16	33	518	149
1140	0	2	3	21	275	149
1141	22	0	38	2	2301	149
1142	22	0	38	12	2297	149
1145	6	0	7	14	292	149
1154	27	0	25	3	325	149
1156	73	37	74	59	915	149
1161	5	0	10	26	1135	149
1164	0	4	15	103	731	149
1165	35	0	31	97	2345	149
1167	3	13	2	98	911	149
1170	0	2	1	10	242	149
1171	2	25	0	57	250	149
1173	0	10	9	67	222	149
1176	14	61	10	25	773	149
1184	5	2	12	198	314	149
1185	5	0	6	1	288	149
1186	7	0	83	1	288	149
1187	1	4	7	182	243	149
1189	0	4	22	54	287	149
1199	5	101	2	35	440	149
1206	17	50	13	41	236	149
1217	0	2	1	9	223	149
1219	1401	0	644	4	1538	149
1220	575	5	233	713	457	149
1221	33	50	37	65	812	149
1222	38	3	33	41	365	149
1223	49	0	53	4	394	149
1229	2	38	1	72	258	149
1239	2	0	2	2	245	149
1245	4	10	19	234	2488	149
1248	1	17	7	306	406	149
1251	2	0	3	10	1339	149
1254	2	0	11	68	695	149
1258	1	7	9	54	304	149
1259	4	0	293	2	3186	149
1276	0	3	6	74	277	149
1277	0	9	2	78	243	149
1279	0	6	8	57	229	149
1280	0	2	2	44	954	149
1286	2	0	11	15	876	149
1288	4	0	5	105	1022	149
1291	38	12	15	15	602	149
1299	5	169	2	41	237	149
1300	0	12	3	18	283	149
1309	6	2	14	18	2526	149
1319	17	0	28	143	745	149
1323	5	0	17	1	299	149
1324	2	0	38	16	435	149
1325	0	1	29	67	245	149
1326	14	80	75	174	287	149
1327	35	0	196	2	320	149
1328	0	3	2	10	249	149
1329	0	2	10	8	223	149
1332	4	0	0	45	350	149
1334	240	1	158	3	1851	149
1364	2	0	97	358	309	149
1374	0	14	3	74	225	149
1421	4	0	2	3	868	149
1422	1	18	0	78	859	149
1425	6	0	13	22	334	149
1426	5	15	17	29	225	149
1434	7	41	2	31	333	149
1435	10	0	74	4	1085	149
1438	2	0	83	2	386	149
1440	2	12	0	1	1102	149
1442	2	3	15	21	614	149
1452	8	28	6	33	773	149
1458	26	3	17	0	551	149
1460	55	4	39	26	1153	149
1462	34	1	22	3	652	149
1464	14	0	8	13	1255	149
1465	4	0	13	5	285	149
1466	4	0	25	23	496	149
1467	0	2	13	1	247	149
1468	50	15	29	44	731	149
1484	84	2	116	0	1410	149
1487	51	446	27	157	618	149
1488	28	2	5	0	534	149
1493	0	1	45	25	323	149
1495	0	4	15	118	370	149
1497	2	0	6	60	1983	149
1500	0	12	8	30	233	149
1507	2	6	0	10	255	149
1508	2	76	0	4	341	149
1518	33	189	41	236	1970	149
1522	197	1441	137	2754	418	149
1523	147	33	96	3712	456	149
1524	121	1741	244	4652	342	149
1526	54	289	151	2065	3343	149
1528	189	1045	144	606	1709	149
1529	41	513	68	364	1027	149
1532	34	461	29	746	621	149
1535	6851	1	1969	0	1298	149
1536	112	839	30	246	2110	149
1539	4	0	34	15	450	149
1540	5	0	20	12	816	149
1547	569	3	117	244	1714	149
1549	36	83	10	104	2964	149
1551	8	2	2	2	2306	149
1552	35	29	15	27	873	149
1553	11	73	5	95	290	149
1555	39	88	12	29	1280	149
1556	0	1	1	12	242	149
1561	2	0	5	4	378	149
1576	0	165	13	332	630	149
1586	4	241	0	46	228	149
1590	0	18	2	196	268	149
1593	30	0	77	10	2762	149
1594	14	16	4	99	1113	149
1595	5	78	13	153	1251	149
1596	19	87	16	117	676	149
1601	0	1	2	0	226	149
1605	104	243	43	51	976	149
1606	590	4	196	0	2099	149
1607	406	8	173	3	1974	149
1628	2	0	3	5	988	149
1642	61	1174	15	327	454	149
1648	11	146	5	144	227	149
1649	0	14	3	45	411	149
1651	5	0	11	123	1049	149
1652	0	5	8	102	244	149
1658	1	6	8	118	385	149
1669	5	51	6	20	2206	149
1677	7	0	2	2	2290	149
1678	45	2	26	0	444	149
1679	112	74	58	55	765	149
1681	258	42	88	84	2786	149
1682	188	3	201	1	314	149
1684	57	278	19	124	798	149
1687	62	95	33	59	457	149
1688	64	80	35	49	460	149
1689	79	11	40	2	472	149
1691	11	6	4	5	337	149
1696	2	195	6	35	508	149
1697	124	30	19	39	3146	149
1698	46	39	12	39	398	149
1700	16	52	12	21	654	149
1701	15	8	4	4	784	149
1703	0	2	7	13	433	149
1705	17	0	19	4	1629	149
1706	65	18	71	15	842	149
1707	18	4	16	45	1799	149
1709	120	3	55	1	3035	149
1710	26	77	9	20	243	149
1711	45	68	21	16	346	149
1712	49	2	15	0	587	149
1715	156	2	57	0	245	149
1720	1	3	2	3	808	149
1723	147	72	54	217	1267	149
1724	31	106	9	143	936	149
1726	10	133	42	112	2421	149
1737	6	63	35	114	2668	149
1738	5	189	0	28	230	149
1748	2	0	5	2	386	149
1749	99	542	86	178	221	149
1752	920	14	249	7	1444	149
1753	55	0	517	6	385	149
1754	14	5	23	400	256	149
1756	47	420	14	115	725	149
1757	77	4	20	0	732	149
1759	72	257	28	67	2186	149
1760	223	331	94	117	2253	149
1774	13	80	17	137	332	149
1784	50	7	54	17	628	149
1785	62	766	91	586	738	149
1786	10	267	13	365	236	149
1787	4	181	17	594	393	149
1789	53	141	65	472	584	149
1790	30	4	34	3	460	149
1792	219	13	185	10	299	149
1797	7	2	22	17	475	149
1799	9	0	25	12	935	149
1804	2	0	15	20	263	149
1807	29	93	6	64	398	149
1809	5	107	13	43	295	149
1813	3	18	4	15	487	149
1814	6	2	4	16	1369	149
1817	82	1	44	2	1136	149
1818	70	17	23	21	1045	149
1819	4	6	2	14	411	149
1820	6	0	7	12	1614	149
1821	66	0	182	6	2624	149
1825	675	5	121	2	479	149
1831	2	0	42	5	398	149
1832	1	0	22	2	337	149
1833	0	4	8	65	332	149
1834	2	2	11	80	359	149
1842	6	0	76	12	807	149
1847	7	478	12	405	411	149
1860	3	4	8	5	694	149
1861	3	2	4	13	1539	149
1868	33	27	2	2	4953	149
1874	9	166	1	28	251	149
1875	4	0	19	1	581	149
1876	2	1	15	2	486	149
1879	180	74	49	19	1648	149
1880	30	89	31	69	1009	149
1881	92	0	92	2	2888	149
1882	71	125	65	75	1937	149
1883	85	1	62	1	2743	149
1884	85	127	62	105	2759	149
1885	49	692	10	121	278	149
1889	17	37	7	13	465	149
1890	56	1	7	10	1246	149
1894	0	6	4	83	227	149
1895	4	0	8	88	717	149
1896	0	2	2	91	230	149
1898	2	0	5	2	325	149
1899	164	5	91	3	821	149
1901	3	8	2	79	306	149
1904	10	34	4	29	1069	149
1905	8	40	4	38	523	149
1909	13	0	57	1	301	149
1919	25	2	21	0	304	149
1921	0	2	4	19	282	149
1924	21	2	34	12	449	149
1925	37	64	45	49	376	149
1926	32	3	33	0	309	149
1927	9	30	9	51	238	149
1928	10	0	15	6	902	149
1930	6	0	6	12	1203	149
1932	1	2	6	7	528	149
1934	9	58	4	25	280	149
1935	2	23	1	35	284	149
1938	54	152	17	46	2085	149
1940	397	89	0	2	828	149
1941	95	198	0	2	245	149
1945	10	0	4	1	1951	149
1946	41	13	18	38	539	149
1951	7	16	10	10	266	149
1954	2	3	7	62	271	149
1958	4	2	4	59	457	149
1959	5	0	35	2	601	149
1965	4	4	6	88	715	149
1966	7	0	6	162	697	149
1968	3	136	18	54	859	149
1969	62	66	71	48	903	149
1970	13	6	8	0	767	149
1972	2	39	4	89	265	149
1973	89	327	18	66	1043	149
1974	3	3	5	0	635	149
1977	0	4	3	24	227	149
1978	11	6	16	16	395	149
1979	1	0	11	10	300	149
1984	426	6	533	5	3447	149
1985	2	8	3	171	294	149
1986	2	0	13	159	377	149
1989	76	0	49	4	1113	149
1990	31	0	28	1	855	149
1993	0	3	89	4	490	149
1996	88	8	46	18	3379	149
1998	40	44	21	25	980	149
1999	2	2	1	2	262	149
2000	8	51	12	37	721	149
2004	4	0	67	124	415	149
2005	25	6	61	84	262	149
2007	51	2	208	47	315	149
2008	109	2	362	23	394	149
2012	655	104	731	660	919	149
2013	591	42	529	123	630	149
2015	99	562	54	583	386	149
2017	1	4	5	352	280	149
2018	2	0	10	7	436	149
2020	37	1	1123	9	236	149
2023	100	4	53	5	1804	149
2024	10	54	5	34	250	149
2027	3	32	9	51	457	149
2030	23	0	37	49	956	149
2034	66	24	145	3424	715	149
2035	649	1	2304	0	755	149
2036	94	0	107	3	679	149
2038	94	1	129	3915	683	149
2039	409	0	2427	1	795	149
2040	1	0	18	4	886	149
2041	4	0	6	6	684	149
2042	38	7	10	37	720	149
2045	167	41	30	52	544	149
2046	360	2	92	0	1756	149
2047	195	33	60	62	1270	149
2050	0	1	28	425	550	149
2068	30	167	27	75	234	149
2069	13	345	13	144	358	149
2071	54	1	17	0	236	149
2081	0	3	4	30	454	149
2084	134	0	13292	1	152	149
2091	144	1383	53	541	1916	149
2092	163	85	30	37	463	149
2094	13	10	4	8	232	149
2095	9	0	5	3	237	149
2097	21	32	8	12	242	149
2098	306	100	294	36	772	149
2099	271	0	276	2	729	149
2113	56	0	109	2	150	149
2119	45	0	50	3	1938	149
2121	8	13	25	21	879	149
2123	20	24	45	18	1110	149
2131	59	0	211	22	5814	149
2136	0	1	46	14	1595	149
2140	0	2	19	21	1033	149
2143	4	3	34	34	2020	149
2146	21	10	69	3	251	149
2148	2	26	9	43	443	149
2151	449	0	275	3	2566	149
2152	54	26	19	10	243	149
2153	56	22	13	22	815	149
2163	2	0	25	14	933	149
2169	105	1	39	3	2507	149
2170	0	8	4	4	449	149
2172	4	2	1	5	527	149
2192	5	0	3	20	592	149
2193	0	10	1	67	302	149
2195	22	36	7	25	225	149
2196	57	0	53	1	270	149
2198	343	96	91	202	1223	149
2199	101	4	29	1	927	149
2200	1031	666	884	913	1842	149
2201	0	1	8	112	227	149
2203	42	0	19	1	391	149
2204	5	0	0	1	268	149
2210	595	3	270	9	3237	149
2216	4	7	4	24	367	149
2218	1	26	6	16	269	149
2219	0	7	5	38	277	149
2224	118	148	35	31	1337	149
2225	155	3	39	6	2092	149
2226	43	144	5	40	840	149
2227	11	34	2	24	229	149
2228	12	1	3	0	233	149
2232	11521	113	275	3	721	149
2233	14	259	4	52	764	149
2234	5	20	2	9	276	149
2237	4	14	5	15	668	149
2239	6	140	3	147	479	149
2240	1	195	5	109	246	149
2241	1	2	5	0	219	149
2244	0	4	4	28	220	149
2247	11	0	30	3	674	149
2253	85	30	30	25	251	149
2254	82	6	25	1	244	149
2255	4	13	16	16	1255	149
2257	7	2	25	2	1278	149
2258	115	5	98	80	2339	149
2259	0	4	14	41	2130	149
2260	14	25	4	11	794	149
2261	21	27	13	8	3088	149
2262	96	38	8	5	2964	149
2263	109	29	12	8	2591	149
2265	3	2	4	42	649	149
2268	77	5	82	44	2911	149
2272	111	160	21	60	599	149
2275	111	0	172	4	363	149
2276	6	24	0	54	235	149
2281	23	2	49	39	1046	149
2283	4	0	1	18	359	149
2284	4	0	3	15	374	149
2287	29	2	9	5	248	149
2288	211	26	68	18	251	149
2292	30	173	21	1390	386	149
2293	37	6	38	5	388	149
2294	53	1283	4858	1622	512	149
2295	12	910	22	2045	269	149
2296	123	2	209	2	352	149
2297	142	1058	224	1798	397	149
2298	1030	7	1187	5	459	149
2299	16	9	0	5	1483	149
2310	0	4	20	158	235	149
2316	0	4	9	185	220	149
2317	15	19	10	5	1756	149
2319	6	35	1	19	725	149
2324	0	15	3	91	254	149
2330	0	1	10	59	251	149
2335	25231	0	4379	2	3092	149
2344	528	276	659	408	1365	149
2353	4	6	3	1	227	149
2354	6	0	128	552	504	149
2356	32	4	29	3	1978	149
2357	2	10	0	1	1389	149
2358	50	5	43	15	3812	149
2363	3868	43048	2013	4151	2271	149
2368	4	8	23	331	589	149
2370	14913	178970	290	22278	452	149
2371	12384	14	153	2	428	149
2372	86709	349	7212	7	372	149
2373	7834	153310	252	18422	338	149
2374	1	121	16	324	233	149
2375	4	221	29	321	1086	149
2377	7	19	5	12	976	149
2379	28	48	6	6	1410	149
2382	218	463	188	256	434	149
2383	343	0	156	15	408	149
2384	1140	340	995	158	1364	149
2387	34	2	24	0	252	149
2388	110	19	54	9	807	149
2396	16	59	2	27	219	149
2404	6	8	22	48	1182	149
2406	37	79	8	31	238	149
2407	98	2	43	0	362	149
2409	301	875	75	185	4942	149
2410	21	1	4	0	325	149
2412	20	0	1066	18	1056	149
2413	53	5	316	1932	1164	149
2414	3	2	62	1891	249	149
2416	188	0	233	3	1767	149
2419	164	506	39	93	719	149
2421	133	617	126	355	527	149
2422	17	10	23	11	864	149
2423	37	113	19	55	1017	149
2424	404	3	204	6	1233	149
2425	3	184	1	127	353	149
2426	171	199	56	150	2308	149
2427	118	439	52	230	1018	149
2428	26	719	7	520	446	149
2429	106	455	25	339	347	149
2430	246	2	130	0	443	149
2435	4	7	2	15	458	149
2440	28	6	3	13	2675	149
2441	7	3	5	0	430	149
2443	128	67	150	106	352	149
2444	26	0	15	32	704	149
2446	25	0	28	1	1418	149
2449	163	4	305	5	385	149
2450	519	166	844	297	1166	149
2451	6	0	19	9	918	149
2454	14	27	9	12	281	149
2456	154	926	18	753	381	149
2457	244	13	19	6	447	149
2458	245	781	19	879	451	149
2459	284	14	36	18	610	149
2460	65	799	29	716	227	149
2461	84	13	43	23	234	149
2462	47	3	20	2	203	149
2463	317	4	42	1	792	149
2464	98	0	35	1	409	149
2465	57	506	12	434	252	149
2468	165	60	179	93	654	149
2469	165	5	179	1	658	149
2470	2	0	5	5	2076	149
2477	21	5	0	10	377	149
2482	8	243	197	998	237	149
2483	401	1334	224	243	296	149
2484	369	283	196	93	281	149
2485	4	0	178	13	446	149
2489	8	14	0	27	259	149
2490	16	5	47	227	592	149
2494	38	8	41	15	1845	149
2495	215	9349	175	2639	441	149
2496	288	7596	79	2511	364	149
2497	148	6724	62	3333	419	149
2498	0	4	2	5	241	149
2501	6993	6	5247	0	1031	149
2502	118	3	83	0	2934	149
2503	124	784	93	356	3015	149
2505	134	462	100	190	1397	149
2507	21	7	1	3	463	149
2508	18	0	382	5	253	149
2509	96	508	51	354	1378	149
2512	48	667	47	417	1800	149
2513	319	5	222	6	1862	149
2514	18	195	11	381	366	149
2517	807	0	717	2	558	149
2518	805	3	455	0	413	149
2523	8	25	3	29	336	149
2525	10	27	83	29	1311	149
2531	77	94	49	56	508	149
2535	47	383	44	854	909	149
2538	205	191	70	131	3508	149
2539	19	9	11	9	4174	149
2542	51	133	8	39	236	149
2543	10	168	3	42	293	149
2545	9	51	6	47	301	149
2548	4	0	4	1	3418	149
2549	12	338	4	138	1265	149
2550	153	363	93	156	4273	149
2551	11	0	2	2	327	149
2559	187	218	601	502	795	149
2560	183	430	458	436	317	149
2561	5362	17	8059	21	2903	149
2570	5	41	49	344	998	149
2572	2	2	62	196	1062	149
2584	595	4	88	3	962	149
2587	2	2	13	22	1008	149
2598	913	0	778	3	882	149
2602	3	0	9	9	3268	149
2606	22	0	5	2	257	149
2609	5	0	6	37	354	149
2611	4	0	3	54	324	149
2612	85	378	83	117	1211	149
2618	2	0	1	11	1194	149
2619	33	0	36	8	1975	149
2630	0	4	5	20	796	149
2633	1	73	4	59	466	149
2638	2	2	6	16	814	149
2640	7	2	45	41	384	149
2645	28	158	8	32	408	149
2646	28	0	8	1	392	149
2647	28	25	28	58	837	149
2651	7	0	26	2	309	149
2652	13	0	50	3	627	149
2653	13	0	42	2	508	149
2654	13	0	40	1	460	149
2655	9	0	31	1	382	149
2657	17	0	17	1	1575	149
2659	6	0	62	2	389	149
2661	1	0	32	35	312	149
2671	695	0	197	2	1367	149
2672	80	65	75	15	836	149
2673	2	95	2	26	237	149
2680	1094	198	269	79	1335	149
2682	9	0	5	29	652	149
2683	46872	4930	1749	971	2254	149
2684	31	5807	0	18	2370	149
2693	4	14	8	161	256	149
2696	0	2	1	45	290	149
2697	18	20	12	48	369	149
2698	2	5	5	29	248	149
2699	0	2	1	36	259	149
2700	0	2	2	36	259	149
2701	0	2	3	50	262	149
2705	3	0	1	10	880	149
2711	83	136	38	121	236	149
2712	88	14	48	15	4522	149
2716	22	155	10	37	290	149
2722	2	0	20	19	632	149
2723	228	10	160	478	497	149
2724	822	2	106	0	640	149
2726	0	32	9	80	307	149
2727	56	0	76	1	257	149
2729	0	11	5	59	434	149
2732	316	31	2	0	270	149
2735	5	0	21	2	732	149
2736	117	70	56	34	2470	149
2741	34	1	15	0	2644	149
2743	8	2	3	1	475	149
2747	2	0	6	20	939	149
2753	6	77	5	50	420	149
2754	2	0	2	1	231	149
2755	4	24	2	74	233	149
2757	2	83	3	66	301	149
2760	85	241	15	60	1852	149
2762	0	14	5	110	499	149
2764	573	651	162	153	759	149
2765	429	6	122	3	584	149
2766	132	4	8	0	280	149
2767	75	689	6	35	276	149
2768	1	9	29	201	854	149
2769	3	0	36	1	1130	149
2774	13	62	11	91	616	149
2775	13	556	12	916	619	149
2776	293	57	141	33	1348	149
2777	27	0	32	53	961	149
2780	23	383	15	161	803	149
2781	224	18	75	4	857	149
2782	5	23	14	28	831	149
2783	6	49	17	58	775	149
2784	28	660	28	392	412	149
2785	396	8	178	5	505	149
2786	41	19	13	18	1614	149
2787	13	138	7	59	317	149
2791	234	1	66	0	1074	149
2792	19	240	18	105	226	149
2794	0	18	2	157	330	149
2795	104	187	62	299	317	149
2796	102	56	39	82	314	149
2797	100	3	39	8	311	149
2798	2	0	3	1	284	149
2800	41	120	26	116	1101	149
2802	216	1	37	3	234	149
2806	6	0	0	38	343	149
2818	0	21	19	24	617	149
2819	35	19	14	5	229	149
2820	61	9	55	6	461	149
2822	127	255	35	347	4414	149
2823	228	65	18	14	6889	149
2825	62	137	19	39	900	149
2829	708	2	196	0	621	149
2831	196	349	47	146	1637	149
2833	239	2472	190	2853	1229	149
2836	11	127	27	214	1657	149
2837	11	0	24	1	1630	149
2839	4	40	7	174	606	149
2840	388	1	741	0	4206	149
2841	5	25	5	30	700	149
2842	0	62	1	55	249	149
2843	1	61	2	57	623	149
2844	3	59	1	59	398	149
2847	66	4	15	0	4833	149
2850	60	9	25	2	941	149
2851	25	251	16	83	721	149
2852	97	33	18	15	1133	149
2853	126	17	80	3	1255	149
2854	577	553	298	234	651	149
2857	0	3	8	98	227	149
2862	2	0	2	24	743	149
2864	6	197	0	42	231	149
2869	1	3	20	5	1128	149
2870	101	3	43	0	1253	149
2875	31	14	18	11	1077	149
2879	8	0	12	5	431	149
2881	4	10	2	54	248	149
2882	2	12	6	55	279	149
2889	136	10003	108	23045	244	149
2890	203	3530	481	25670	238	149
2891	47	6379	49	21082	232	149
2892	926	30015	577	31466	257	149
2893	1801	2	1392	0	524	149
2894	415	33785	179	35244	515	149
2895	862	1	658	0	524	149
2896	2	13	0	27	329	149
2898	66	62	24	50	1173	149
2900	97	85	38	21	2873	149
2902	41	109	13	35	1219	149
2905	192	71	14	12	2022	149
2906	127	369	12	38	3144	149
2913	82	280	37	251	474	149
2914	13	550	11	229	235	149
2915	44	579	12	153	477	149
2917	103	3	240	0	203	149
2918	12	431	3	136	232	149
2919	18	14	9	113	1795	149
2927	16	0	42	1	268	149
2936	0	6	12	45	415	149
2942	911	0	609	2	1962	149
2945	0	1	1	15	286	149
2948	0	10	2	424	457	149
2949	0	7	19	302	475	149
2953	1	2	2	2	258	149
2954	0	50	7	31	480	149
2955	541	3	177	6	1488	149
2956	155	23	117	19	563	149
2957	3	43	0	45	376	149
2958	8	112	19	94	356	149
2971	2	0	26	9	462	149
2974	192	22	88	14	268	149
2975	1	32	5	197	223	149
2978	0	45	3	173	243	149
2980	0	2	4	136	268	149
2981	2	2	16	115	341	149
2982	5	17	10	76	256	149
2988	44	21	37	25	495	149
2989	5	20	8	207	239	149
2990	0	33	11	422	229	149
2991	3	60	5	337	242	149
2993	4	47	5	323	248	149
2994	3	84	9	316	226	149
2995	2	66	13	331	222	149
2996	24	76	13	326	811	149
2998	7	37	20	344	480	149
2999	7	0	20	11	663	149
3000	2	49	7	372	257	149
3002	4	60	13	357	374	149
3003	50	3	72	27	249	149
3004	4	1	16	9	246	149
3005	3	4	9	20	220	149
3010	190	706	87	160	881	149
3011	3532	50	791	1	1640	149
3018	16	2	5	0	3782	149
3019	4	6	7	8	360	149
3023	16	53	88	136	297	149
3024	213	0	918	2	723	149
3029	43	1	24	0	1336	149
3030	229	2665	449	8754	258	149
3031	283	51	136	16	685	149
3033	1069	15	451	2	1869	149
3034	856	19	364	6	1534	149
3035	654	7	306	2	3467	149
3045	202	320	44	188	829	149
3049	12	121	15	298	240	149
3056	3	17	6	23	252	149
3059	11	0	8	149	1105	149
3061	1	80	12	324	410	149
3063	11	167	17	239	328	149
3064	11	356	12	271	264	149
3065	3	106	14	333	350	149
3067	18	90	38	259	1789	149
3070	7	241	13	202	1048	149
3071	21	123	16	184	383	149
3074	4	17	7	22	291	149
3075	4	7	7	8	294	149
3077	18	48	10	43	762	149
3078	23	2	7	17	706	149
3081	2	3	5	32	760	149
3083	5	7	2	20	865	149
3084	90	1	47	0	2065	149
3087	40	141	40	41	376	149
3090	5	13	9	92	429	149
3094	236	6795	72	4228	1784	149
3095	1	15	7	104	408	149
3096	370	67	93	20	2218	149
3104	1	0	3	2	883	149
3108	3	0	2	5	526	149
3114	163	16	16	2	1507	149
3119	40	28	26	13	609	149
3122	23	16	4	162	1550	149
3123	11	86	14	157	613	149
3124	12	158	1	169	284	149
3126	8	14	4	8	1109	149
3127	244	1039	333	1036	1673	149
3128	2018	349	2161	524	3274	149
3129	373	32	145	38	1790	149
3131	38	109	23	133	3186	149
3132	7	82	9	164	373	149
3134	0	44	3	103	929	149
3135	0	20	2	95	294	149
3136	41	42	16	81	1494	149
3141	40	238	75	244	1507	149
3144	0	2	8	25	292	149
3146	0	1	1	19	736	149
3151	1	34	1	48	394	149
3152	2	0	0	1	585	149
3155	1	12	5	5	258	149
3156	20	128	8	67	486	149
3157	26	13	18	7	1041	149
3158	24	45	16	52	1038	149
3168	4	0	2	2	452	149
3169	8	192	11	205	227	149
3175	10	0	28	4	241	149
3176	10	0	28	2	246	149
3179	735	0	689	23	11605	149
3180	10	0	240	229	251	149
3181	31	835	88	8753	239	149
3182	217	4	3056	5745	671	149
3184	6	7	37	1023	341	149
3192	89	35	54	977	1597	149
3193	135	1826	44	442	754	149
3194	220	9	76	4	2017	149
3195	40	1548	31	382	1311	149
3196	314	11	99	2	1592	149
3197	6	3	5	2	372	149
3200	99	1	50	0	2210	149
3202	1	0	11	2	259	149
3203	106	1	12	0	1670	149
3205	12	0	2	2	986	149
3213	25	32	14	22	2243	149
3217	75	128	51	49	2043	149
3222	183	105	182	32	790	149
3224	9	4	9	7	422	149
3230	60	1006	101	780	1597	149
3231	2	0	6	5	324	149
3237	2	2	0	10	378	149
3240	1	0	0	10	383	149
3241	163	991	19	66	386	149
3242	445	713	55	39	949	149
3243	1361	440	53	47	755	149
3244	27	884	154	3047	343	149
3246	23	639	88	3501	470	149
3248	517	6	47	9	526	149
3251	2	0	0	85	301	149
3252	4	0	10	93	361	149
3253	6	18	2	125	332	149
3254	13	2	9	0	1118	149
3261	1	0	47	3	393	149
3267	886	14	95	0	600	149
3269	264	88	65	43	718	149
3273	0	4	1	11	243	149
3277	0	2	2	0	1471	149
3282	0	2	9	64	390	149
3284	16	24	10	53	591	149
3287	2004	3	304	0	233	149
3291	16	4	9	0	509	149
3293	1334	4	833	4	432	149
3294	856	0	567	2	323	149
3295	3335	2068	2650	617	1385	149
3296	2857	11	2384	2	1276	149
3297	2131	3	1949	5	1015	149
3298	403	0	387	1	267	149
3299	687	1791	242	738	364	149
3300	526	3000	131	859	525	149
3301	138	452	41	736	380	149
3302	107	1008	32	766	263	149
3305	764	0	126	2	1577	149
3306	8	0	4	7	1134	149
3307	8	0	10	2	1313	149
3309	6	15	18	78	1406	149
3310	2	4	8	77	420	149
3311	4	0	8	1	288	149
3312	4	0	8	64	308	149
3318	0	11	4	24	603	149
3321	6	3	20	172	225	149
3324	487	90	192	38	1705	149
3326	0	6	9	137	371	149
3332	70	3	87	3	301	149
3333	20	8	26	28	2923	149
3335	1	0	2	4	345	149
3344	2	9	7	27	429	149
3349	7	9	6	15	404	149
3353	17	0	25	44	275	149
3365	77	4	47	18	543	149
3366	82	33	109	32	1701	149
3367	0	3	5	22	262	149
3368	0	4	2	30	710	149
3374	3	24	22	117	230	149
3376	8	0	66	4	260	149
3377	57	23	7	11	1583	149
3378	0	9	7	73	552	149
3380	96	111	8	5	1583	149
3386	6	18	0	18	376	149
3387	12	127	3	83	374	149
3390	4	0	6	29	638	149
3393	3	7	24	70	269	149
3397	11	10	24	29	1861	149
3399	0	6	15	249	430	149
3401	6	0	89	1	473	149
3402	6	13	46	322	577	149
3403	11	4	135	188	401	149
3405	6	22	24	231	307	149
3407	30	27	13	6	1196	149
3408	32	90	13	26	1229	149
3409	33	592	28	770	360	149
3410	52	1009	56	783	328	149
3411	264	381	114	99	913	149
3412	19	315	6	93	240	149
3415	12	26	7	16	357	149
3417	55	163	9	49	1550	149
3421	12	0	42	1	1118	149
3423	17	33	15	13	1205	149
3424	1	70	2	60	248	149
3425	31	0	64	2	866	149
3428	3	7	3	22	246	149
3430	69	255	18	72	1519	149
3432	11	1	3	2	320	149
3436	13	25	14	103	1648	149
3439	175	3	147	4	1406	149
3440	58	5	22	9	469	149
3441	2	0	16	1	350	149
3443	50	11	19	22	965	149
3449	0	14	11	58	230	149
3450	0	4	8	96	264	149
3453	287	339	336	142	1474	149
3454	63	336	116	128	228	149
3458	6	9	9	205	633	149
3461	20	0	140	37	893	149
3464	161	18	19	1	525	149
3465	21	251	2	18	301	149
3468	43	441	47	620	335	149
3470	4	2	0	15	473	149
3471	0	2	12	26	272	149
3474	13	89	9	165	339	149
3483	92	11	50	3	262	149
3484	9	13	7	35	1516	149
3485	8	73	6	173	1227	149
3488	15	0	21	3	2642	149
3489	0	46	10	380	258	149
3491	6	77	1	30	235	149
3492	19	109	7	43	1498	149
3493	41	50	27	32	2230	149
3494	29	64	14	28	2125	149
3495	7176	0	3663	4	5116	149
3497	2299	11	940	7	1477	149
3498	0	2	2	18	275	149
3500	2	0	2	44	677	149
3507	126	8	76	0	1635	149
3512	91	0	241	3	290	149
3513	91	0	249	52	300	149
3514	179	8	712	3	463	149
3515	143	567	86	475	341	149
3516	0	1	36	692	244	149
3517	7	0	25	1	746	149
3524	0	3	4	107	226	149
3525	93	157	7	13	485	149
3527	673	72	321	26	2626	149
3528	2	22	4	69	227	149
3531	18	93	14	34	289	149
3532	151	31	50	22	1580	149
3533	103	89	50	17	1441	149
3534	141	109	37	23	1370	149
3535	74	213	12	32	912	149
3538	105	13	66	11	1895	149
3540	54	113	68	270	331	149
3541	6	39	0	26	339	149
3542	303	13	40	9	3581	149
3543	307	16	42	4	3593	149
3545	6	105	18	360	385	149
3546	1	38	16	89	267	149
3547	1	87	16	143	270	149
3548	20	75	43	216	1065	149
3549	2	4	0	6	276	149
3551	24	9	33	5	2231	149
3552	6	0	4	1	545	149
3553	6	2	2	4	472	149
3554	14	91	54	174	1157	149
3556	260	571	175	256	664	149
3557	13	33	2	24	228	149
3564	7	8	0	8	262	149
3567	0	2	7	6	346	149
3569	1	38	12	523	228	149
3571	30	24	309	503	2529	149
3574	21	1	1	10	986	149
3575	164	145	13	24	242	149
3576	79	0	224	1	410	149
3578	42	2	13	0	458	149
3579	22	48	31	158	1355	149
3586	6	0	44	1	285	149
3591	29	106	6	25	1440	149
3598	6	2	9	3	371	149
3607	84	94	49	79	1443	149
3609	11210	1124	12045	2204	1289	149
3610	1	26	0	5	342	149
3626	18	0	107	2	295	149
3627	18	0	124	1	345	149
3636	0	7	2	13	1000	149
3639	61	1121	71	2896	407	149
3640	306	415	32	32	504	149
3641	1150	406	108	35	1535	149
3642	0	1	7	34	296	149
3644	2	0	4	11	648	149
3646	0	2	6	35	357	149
3648	13	3	17	12	709	149
3649	0	6	2	38	473	149
3650	2	2	9	44	1666	149
3653	8	4	5	12	1593	149
3659	3	0	7	2	560	149
3667	142	0	701	5	730	149
3669	16	0	53	9	1659	149
3671	0	4	7	31	442	149
3675	20	4	67	1	1303	149
3676	11	18	12	8	838	149
3678	9	0	2	7	893	149
3683	9	0	14	16	585	149
3691	17	0	77	3	1940	149
3693	4	0	4	29	1246	149
3696	29	2	18	0	151	149
3702	25	10	76	2	1628	149
3708	372	0	186	2	261	149
3710	1031	48	487	19	1665	149
3711	560	0	291	2	1074	149
3716	0	2	1	41	235	149
3718	23	43	18	13	1213	149
3720	55	95	20	50	641	149
3721	2	0	135	1	236	149
3724	37	8	0	3	498	149
3725	21	23	2	83	1695	149
3727	0	3	2	2	253	149
3729	8	0	14	2	1271	149
3733	49	37	52	32	4259	149
3734	120622	511	6174	19	3324	149
3736	14	109	6	61	449	149
3737	20	51	6	49	954	149
3738	11	33	3	22	385	149
3740	49	8	30	6	500	149
3745	202	0	220	11	2020	149
3748	78	1554	62	1179	463	149
3751	1	2	12	0	1253	149
3753	150	170	38	61	820	149
3756	12	14	3	1	709	149
3761	5	12	10	192	236	149
3762	256	1255	107	2396	1155	149
3763	1	24	11	38	307	149
3764	3	0	22	13	581	149
3765	3	0	20	5	563	149
3776	33	627	11	151	740	149
3778	216	0	91	2	1078	149
3779	265	16	139	43	1330	149
3780	1	2	3	19	239	149
3782	2	48	41	246	429	149
3783	10	0	180	7	777	149
3784	0	4	53	199	317	149
3785	4	1	11	105	683	149
3792	1	2	6	0	1032	149
3793	52	326	24	125	489	149
3794	15	246	3	93	238	149
3798	60	174	24	93	2242	149
3799	8	24	0	44	1340	149
3801	2	0	1	2	263	149
3805	2	158	22	181	241	149
3807	21	2	21	4	431	149
3810	22	29	11	33	762	149
3812	1	1	0	11	294	149
3815	2	0	6	14	286	149
3817	0	7	7	38	229	149
3818	44	33	22	58	926	149
3819	69	24	66	52	412	149
3820	2	6	42	56	406	149
3826	100	2	25	0	2087	149
3831	426	0	351	9	1799	149
3833	48	27	66	122	758	149
3840	50	8	50	45	1827	149
3841	16	1	14	6	840	149
3849	165	12	92	0	1100	149
3850	92	25	60	15	279	149
3851	9	73	5	115	710	149
3852	400	3	1933	1	1162	149
3858	0	11	2	19	235	149
3859	1	0	3	2	240	149
3861	0	20	3	25	296	149
3870	6	0	4	9	1354	149
3873	4	12	1	8	463	149
3879	1	4	5	31	291	149
3882	3	0	0	6	583	149
3892	7	5	6	4	334	149
3898	0	3	11	9	313	149
3899	0	2	2	9	396	149
3902	0	14	5	39	245	149
3904	3	1	11	33	529	149
3915	18	0	451	7	782	149
3916	18	0	451	141	784	149
3917	33	0	423	8	281	149
3918	9	4064	53	4883	355	149
3919	17	0	228	1	945	149
3921	439	9	210	10	603	149
3922	191	5	116	1	398	149
3925	13	36	6	10	384	149
3927	10	30	0	13	1533	149
3928	12	23	4	15	494	149
3930	3	22	3	10	575	149
3932	2	12	0	6	885	149
3935	11	22	38	57	418	149
3938	2	0	2	5	1606	149
3939	6	0	18	5	277	149
3942	20	0	41	3	501	149
3943	0	12	3	31	392	149
3944	0	16	1	17	317	149
3945	0	11	1	12	314	149
3946	0	4	3	4	326	149
3964	0	2	2	18	233	149
3967	2	0	3	13	232	149
3968	2	0	6	1	411	149
3984	17	15	29	8	1548	149
3985	3	4	3	2	428	149
3991	3	3	16	1	328	149
3993	38	3	50	3	1770	149
3994	70	12	53	22	479	149
3996	42	106	14	136	429	149
3998	34	468	38	181	367	149
3999	7	463	7	229	245	149
4006	92	7	146	0	314	149
4008	8	8	2	2	401	149
4009	8	12	2	0	407	149
4010	2996	2	587	0	1959	149
4011	2901	2	568	0	1899	149
4013	0	2	2	22	1251	149
4016	9	0	10	2	1373	149
4017	9	0	11	15	982	149
4018	73	7	40	52	2909	149
4019	73	0	36	4	2572	149
4022	17	10	6	3	895	149
4026	0	22	2	55	258	149
4027	7	47	10	25	692	149
4028	18	2	13	15	428	149
4029	8	8	0	15	1030	149
4030	12	8	7	13	913	149
4031	32	9	7	11	1610	149
4032	211	6	20	4	1082	149
4033	2	6	13	47	385	149
4034	8	0	22	2	1355	149
4035	5	11	12	55	1044	149
4036	6	6	6	63	385	149
4038	187	1	76	0	268	149
4039	42	166	29	37	749	149
4040	518	0	178	1	519	149
4041	446	2	149	5	477	149
4042	1045	1	351	0	1117	149
4043	405	7	133	11	661	149
4044	34	22	66	27	236	149
4045	2	0	4	12	306	149
4047	1595	0	1344	2	669	149
4048	3	0	14	2	614	149
4049	7	17	6	69	364	149
4052	138	1363	156	856	229	149
4055	0	3	9	64	349	149
4056	0	13	6	89	278	149
4068	1	1	6	0	3247	149
4071	7	0	15	1	483	149
4075	394	1	302	0	150	149
4079	913	52	532	117	4052	149
4086	4	27	4	68	478	149
4088	16	151	17	208	874	149
4089	63	1	20	0	633	149
4092	2	0	0	4	1645	149
4100	18	62	3	40	335	149
4104	11	0	35	4	5850	149
4109	6	1	6	2	241	149
4112	45	478	11	113	746	149
4114	31	117	29	60	1518	149
4115	0	1	3	31	243	149
4116	54	2	3	0	481	149
4117	3	53	1	39	267	149
4118	0	2	4	6	258	149
4120	66	0	24	1	659	149
4128	0	2	3	8	431	149
4132	0	8	7	117	432	149
4133	0	53	32	745	250	149
4134	324	7528	11	175	320	149
4140	2	0	0	2	898	149
4146	22	37	27	92	1433	149
4147	18	93	100	218	310	149
4149	13	16	17	19	323	149
4152	0	304	9	279	306	149
4153	62	405	52	2300	970	149
4155	6	0	4	1	2385	149
4166	8	27	13	14	991	149
4168	1899	32	1064	17	2889	149
4169	36	233	2	101	344	149
4172	9	5	6	24	1974	149
4174	51	159	4	38	531	149
4180	399	2	10	0	342	149
4181	345	249	10	12	330	149
4182	532	356	9	4	807	149
4183	3	0	4	4	605	149
4184	8	0	34	2	520	149
4188	2	29	15	36	581	149
4190	2	18	6	32	240	149
4193	58	87	13	14	2081	149
4194	58	5	13	1	2076	149
4210	2	0	8	3	617	149
4214	2	2	12	0	290	149
4215	50	9	53	75	501	149
4219	37	90	26	42	686	149
4220	66	0	629	1	488	149
4222	35	2	6	0	3532	149
4223	38	1	3	0	825	149
4227	16	172	12	135	882	149
4232	345	15	128	20	869	149
4233	525	10	59	5	1811	149
4234	521	50	59	34	1807	149
4235	617	4	260	0	883	149
4236	1090	6	156	12	473	149
4237	1091	10	162	5	503	149
4238	84	9	40	26	727	149
4239	65	0	64	3	596	149
4240	65	20	64	15	613	149
4241	4	0	9	6	509	149
4246	8	103	23	119	228	149
4247	17	105	67	118	901	149
4250	0	1	43	1000	290	149
4254	3	7	9	43	377	149
4255	4	8	35	30	649	149
4257	205	0	186	5	2355	149
4260	0	41	4	106	231	149
4264	18	36	55	55	524	149
4265	577	0	474	7	2404	149
4268	479	7	50	1	752	149
4271	22	0	176	2	698	149
4274	19	64	14	97	1412	149
4275	82	5	35	0	1520	149
4276	54	161	22	72	1201	149
4277	92	1	34	0	1739	149
4278	42	166	14	69	595	149
4279	0	46	19	100	239	149
4283	207	22	128	19	650	149
4285	0	2	95	2	291	149
4293	8	5	13	13	246	149
4294	33	14	26	11	151	149
4295	32	0	88	4	396	149
4300	4	0	4	20	453	149
4302	4	6	6	39	571	149
4303	5	41	5	46	1298	149
4307	1188	219	675	207	1144	149
4309	2	2	0	4	399	149
4312	4	0	23	15	393	149
4316	2	0	1	16	230	149
4324	658	10	537	4	399	149
4325	129	210	115	172	961	149
4328	0	4	10	64	252	149
4330	77	32	47	42	889	149
4331	16	1	34	0	646	149
4334	10	3	9	1	422	149
4336	83	4	87	1	2611	149
4338	4	0	14	16	1098	149
4339	0	6	2	2	339	149
4340	38	8	64	25	1657	149
4348	12	2	9	7	836	149
4355	1	0	3	4	448	149
4357	5	0	4	25	475	149
4361	154	2	65	93	3627	149
4363	22	4	18	10	1037	149
4364	300	1927	204	3432	601	149
4366	61	11	50	29	2962	149
4367	4	24	77	16	347	149
4368	4	34	69	13	332	149
4369	4	5	22	22	433	149
4370	739	18	148	3	1390	149
4372	10	6	18	585	2336	149
4375	12	94	35	39	228	149
4378	54	247	33	155	841	149
4379	1354	2345	1154	5340	1414	149
4381	23	4	30	13	922	149
4385	2	0	18	338	1724	149
4387	75	435	212	6715	278	149
4392	37	97	47	94	859	149
4397	38495	1	12188	0	203	149
4398	652	29327	124	7099	776	149
4399	44463	1598	10285	241	201	149
4400	160	0	682	2	237	149
4402	0	119	8	249	257	149
4403	199	459	33	293	605	149
4404	162	902	24	371	553	149
4409	568	14	151	4	456	149
4410	3580	628	943	228	1988	149
4411	3122	7	831	5	1625	149
4417	2609	6	1415	4	908	149
4418	9272	15	1185	0	754	149
4419	3	5	19	11	4572	149
4420	5	13	5	9	2860	149
4426	550	4	132	0	412	149
4427	345	5364	73	2960	405	149
4428	60	0	915	2	235	149
4432	2	4	8	90	326	149
4450	34	68	24	56	370	149
4454	68	100	84	31	561	149
4458	8690	8	395	0	242	149
4459	10069	61	449	0	260	149
4460	390	6799	59	278	2585	149
4465	47	113	20	93	545	149
4471	15	0	10	274	1080	149
4474	130	425	57	499	659	149
4477	571	5	232	3	548	149
4478	19	120	1	30	480	149
4479	152	174	30	50	927	149
4480	166	7	32	2	936	149
4482	2	2	5	16	552	149
4486	2	10	35	103	444	149
4487	81	1	17	0	1117	149
4489	1	4	34	41	879	149
4491	185	18	91	10	641	149
4494	57	63	23	18	2094	149
4498	16	37	45	230	407	149
4499	141	181	135	318	1090	149
4500	6	149	14	196	352	149
4501	119	242	68	109	2330	149
4502	195	147	131	79	2865	149
4503	6	3	0	2	1898	149
4504	0	1	10	101	234	149
4508	2	0	37	21	365	149
4517	25	118	6	66	901	149
4518	169	62	86	80	1636	149
4519	175	18	93	20	1639	149
4528	15	0	266	12	1240	149
4536	2	0	15	40	383	149
4538	12	99	18	87	497	149
4542	8	15	3	9	420	149
4543	8	8	3	16	432	149
4544	16	16	23	13	1204	149
4559	27	781	14	440	237	149
4566	2	22	21	112	433	149
4568	0	11	1	11	267	149
4572	3	5	4	6	658	149
4573	0	3	1	13	639	149
4575	16	3	6	0	234	149
4581	5	0	12	23	1171	149
4584	5	0	27	89	511	149
4587	17	94	0	26	730	149
4594	113	39	114	37	976	149
4596	240	1597	253	1540	1098	149
4597	265	2618	154	1395	555	149
4598	831	5	494	1	1192	149
4599	638	2518	392	1726	690	149
4600	1093	1599	936	1428	1912	149
4601	5	0	0	10	759	149
4602	1	0	8	6	922	149
4603	26	138	50	336	349	149
4606	0	5	1	32	289	149
4607	5	4	22	20	367	149
4608	2	0	2	56	259	149
4610	2	9	8	51	533	149
4612	21	5	26	35	993	149
4615	18	6	11	16	998	149
4620	56	69	21	22	2656	149
4621	435	2	66	3	5440	149
4622	95	32	29	32	1351	149
4623	70	49	28	30	1549	149
4624	22	26	5	24	1417	149
4626	214	25	124	17	560	149
4629	647	49	177	63	1024	149
4630	61	219	16	45	718	149
4633	12	3	9	160	2746	149
4636	0	1	14	1949	222	149
4637	1	20	128	2087	502	149
4638	1	0	69	19	244	149
4645	26	105	24	79	239	149
4647	2	0	0	53	304	149
4648	6	65	11	196	886	149
4650	540	0	315	1	1398	149
4651	74	1	16	0	869	149
4652	74	2	16	0	887	149
4655	3	0	8	3	1928	149
4659	1	60	5	287	324	149
4660	10	3	13	3	225	149
4661	12	215	20	355	301	149
4662	7	53	2	335	281	149
4663	2	0	0	17	366	149
4666	5	5	0	10	339	149
4669	2	0	48	17	2644	149
4670	7	9	17	79	396	149
4671	177	0	34	36	2065	149
4673	882	0	146	9	3245	149
4682	92	581	24	324	447	149
4683	131	542	81	259	1109	149
4685	701	296	397	178	2135	149
4688	169	51	48	11	2941	149
4689	43	0	18	14	3007	149
4693	21	5	0	39	1465	149
4694	74	22	14	25	5422	149
4695	23	4	4	26	957	149
4697	647	0	152	2	1935	149
4698	0	2	5	13	508	149
4699	36	0	202	13	2077	149
4702	133	37	38	16	580	149
4703	3	63	3	77	420	149
4720	2	0	6	24	484	149
4726	4	2	8	92	1342	149
4728	0	12	1	57	596	149
4732	0	77	1	170	1172	149
4735	2	0	9	8	313	149
4739	470	5	239	2	239	149
4741	9	0	69	13	2043	149
4742	7	0	14	30	426	149
4745	3	41	21	576	359	149
4746	41	134	91	568	913	149
4750	4	0	15	10	714	149
4752	5	1	11	6	479	149
4754	12	218	43	234	2028	149
4760	590	252	246	562	7184	149
4761	13	23	6	31	683	149
4762	13	2	69	36	1179	149
4765	45	175	25	392	441	149
4766	14	130	4	132	235	149
4768	6	3	1	65	283	149
4772	113	2	214	0	179	149
4774	0	93	19	132	285	149
4775	0	19	20	56	287	149
4776	0	50	30	47	304	149
4778	859	0	594	2	5421	149
4779	19	7	49	23	648	149
4781	8	0	31	5	459	149
4784	164	0	142	8	1743	149
4785	15	0	53	1	292	149
4788	26	372	13	79	611	149
4791	0	1	16	8	546	149
4793	23	295	11	136	276	149
4795	14	78	19	1786	361	149
4801	3	0	1	3	1343	149
4802	1	0	0	19	794	149
4804	2	2	6	92	222	149
4805	148	13	95	2	281	149
4806	2	2	2	0	2539	149
4808	7	198	4	4	228	149
4818	4	330	9	143	1171	149
4819	35	169	18	52	251	149
4823	98	13	2	3	2338	149
4824	86	25	24	13	3175	149
4826	9	29	0	3	551	149
4828	46	22	9	8	3293	149
4831	155	133	35	53	1985	149
4832	0	2	10	144	327	149
4833	15	0	29	97	343	149
4838	2	0	6	56	520	149
4839	3	9	6	59	276	149
4843	59	0	23	13	1401	149
4844	11	11	3	10	4988	149
4845	52	608	97	28	4006	149
4857	10	94	6	14	247	149
4861	7	92	6	45	995	149
4862	0	8	2	8	610	149
4863	33	2	37	1	282	149
4866	2	0	10	41	224	149
4867	4	12	11	40	334	149
4869	0	2	40	406	286	149
4875	3	315	0	99	319	149
4876	9	88	5	116	451	149
4877	99	304	82	157	1698	149
4878	127	7	107	0	1722	149
4879	134	338	80	201	1426	149
4880	182	225	85	170	1821	149
4881	180	0	85	2	1768	149
4882	35	435	31	248	1398	149
4886	19	37	2	10	403	149
4887	20	37	7	14	406	149
4891	136	17	103	8	2280	149
4893	0	1	1	1	668	149
4897	182	3	73	4	1146	149
4898	93	35	38	27	992	149
4899	4	4	14	15	527	149
4903	1	0	9	38	371	149
4905	0	6	9	34	270	149
4907	0	16	5	56	240	149
4908	0	2	4	2	323	149
4909	0	6	4	45	319	149
4911	0	4	5	4	251	149
4912	0	17	4	41	246	149
4913	11	9	1	11	1027	149
4914	270	13	244	96	799	149
4915	301	0	302	7	951	149
4916	52	137	83	57	241	149
4917	63	1	97	0	250	149
4918	60	338	35	217	205	149
4919	526	406	406	175	355	149
4924	10	313	13	216	2605	149
4925	21	274	10	229	1465	149
4926	46	4	17	2	1901	149
4927	25	259	12	221	538	149
4928	48	4	18	2	1903	149
4929	0	23	17	110	455	149
4932	10	26	4	18	484	149
4936	17	35	8	91	346	149
4949	24	113	10	84	1982	149
4951	170	158	66	112	6161	149
4952	42	183	12	134	965	149
4953	113	144	53	118	2927	149
4955	44	79	14	106	854	149
4957	52	16	77	48	2129	149
4970	11	3	8	2	2881	149
4977	25	15	2	0	719	149
4980	329	1582	106	476	1150	149
4982	13	0	18	58	661	149
4984	6	4	10	59	295	149
4987	1	32	0	37	306	149
4988	4	17	0	39	227	149
4990	5	77	11	61	281	149
4991	34	3	73	9	348	149
4993	28	14	57	62	402	149
4995	9	80	16	123	246	149
5001	37	33	14	10	660	149
5003	22	58	7	12	1435	149
5006	4	4	0	5	419	149
5009	2	21	2	0	610	149
5010	17	104	9	64	777	149
5011	6	97	0	75	244	149
5016	145	140	54	36	2161	149
5017	0	13	6	385	268	149
5018	16	335	20	370	436	149
5019	19	1	24	2	439	149
5027	81	7	19	0	429	149
5030	125	1	46	0	1792	149
5031	68	360	34	386	430	149
5032	18	676	23	470	262	149
5034	9	247	4	494	238	149
5035	85	692	64	525	787	149
5036	54	250	42	463	515	149
5037	11	201	1	93	431	149
5039	0	36	7	30	358	149
5041	24	0	122	7	629	149
5043	133	468	51	271	627	149
5044	3325	169	1756	128	1955	149
5047	26	467	4	102	449	149
5049	5	5	5	8	587	149
5054	2	12	2	31	304	149
5060	0	2	8	0	578	149
5062	6	0	27	4	912	149
5063	0	2	7	11	222	149
5064	130	1426	81	2003	1323	149
5065	44	1528	31	2192	430	149
5067	49	1794	65	1707	246	149
5069	17	2119	25	1975	777	149
5070	313	214	182	233	1142	149
5071	861	1523	652	1167	2445	149
5073	13	3	84	7	3863	149
5076	6	33	15	43	287	149
5078	14	40	13	24	249	149
5079	29	24	41	17	1119	149
5081	6	28	7	30	488	149
5082	4	19	3	28	272	149
5084	6	0	3	201	437	149
5085	11	8	8	253	1844	149
5086	24	0	28	2	2076	149
5087	15	2	65	0	268	149
5088	3	104	3	221	231	149
5089	4	18	6	198	467	149
5091	15	3	15	0	2259	149
5092	11	93	9	203	1867	149
5093	0	74	10	251	244	149
5095	0	34	4	28	485	149
5096	7	0	27	24	470	149
5097	810	1	396	0	232	149
5098	816	3	399	2	236	149
5099	884	661	2	0	302	149
5100	0	6	2	52	2666	149
5102	0	4	6	61	422	149
5103	0	1	2	38	232	149
5104	2	0	2	50	311	149
5105	1	0	3	47	745	149
5110	8	0	15	18	537	149
5113	15	56	12	47	2096	149
5116	11	44	29	46	374	149
5118	3	2	4	3	231	149
5119	510	531	194	111	2319	149
5120	352	2	128	2	1741	149
5125	194	19	41	0	1096	149
5126	585	78	137	9	2375	149
5129	9	14	8	13	883	149
5130	11	54	0	18	314	149
5131	1	0	38	40	1264	149
5137	175	11	502	67	323	149
5140	134	123	64	49	340	149
5147	72	2	58	4	275	149
5148	54	32	10	16	218	149
5149	125	15	84	9	1641	149
5151	135	15	60	7	1385	149
5152	227	1	97	0	2379	149
5153	5	18	5	26	881	149
5155	8	0	20	1	1151	149
5157	8	0	22	2	1255	149
5160	223	0	988	17	2163	149
5161	16	0	53	20	1872	149
5162	69	0	127	10	1801	149
5163	71	0	144	2	1893	149
5165	27	21	78	23	2342	149
5166	12	20	24	39	1108	149
5167	10	5	14	12	247	149
5168	5	15	13	23	243	149
5170	86	2	216	24	3553	149
5172	42	0	103	6	1902	149
5176	156	0	398	3	429	149
5179	50	95	151	3847	426	149
5182	1626	13	363	5	3590	149
5183	81	64	27	23	521	149
5186	124	27	69	26	666	149
5187	28	8	15	8	1133	149
5188	1	8	3	27	227	149
5190	170	0	241	2	1020	149
5191	21	218	58	364	973	149
5192	80	65	26	18	446	149
5193	0	3	4	16	334	149
5196	4	0	12	15	756	149
5201	2	18	7	288	222	149
5206	1	18	0	10	220	149
5211	2	3	0	2	294	149
5212	57	50	44	57	699	149
5215	0	26	10	457	454	149
5228	100	2	123	2	1100	149
5229	10	0	5	39	1101	149
5231	20	0	63	1	1419	149
5232	20	11	36	28	1347	149
5235	4	30	11	32	316	149
5238	17	229	6	200	393	149
5241	20	4	25	30	831	149
5242	145	371	45	114	389	149
5243	66	4	43	2	251	149
5251	4	2	1	0	486	149
5256	46	1	48	2	4338	149
5263	1	54	1	14	233	149
5268	0	2	4	0	1075	149
5270	12	81	8	120	931	149
5271	11	1	5	132	1080	149
5272	37	112	8	130	1576	149
5273	29	29	9	92	1052	149
5275	2	18	3	116	794	149
5277	270	7005	107	3938	775	149
5280	4	104	1	40	240	149
5284	45	114	40	999	777	149
5294	5	0	5	16	1528	149
5295	5	0	4	2	1524	149
5304	0	2	9	3	567	149
5308	0	2	3	81	230	149
5310	0	1	2	71	233	149
5311	0	14	3	52	237	149
5317	2	0	5	2	481	149
5320	26	25	11	25	514	149
5326	1	0	8	60	857	149
5328	5	0	10	64	748	149
5329	1	5	2	52	740	149
5330	1	2	1	0	350	149
5331	18	2	69	1	246	149
5336	24	4	70	20	608	149
5337	9	66	24	32	458	149
5339	1662	0	544	52	2522	149
5345	200	250	63	85	740	149
5346	37	174	40	84	1098	149
5349	32	172	13	39	757	149
5352	57	19	67	87	1669	149
5353	3	60	12	105	303	149
5354	55	0	49	2	1397	149
5355	50	71	41	112	1135	149
5363	328	110	72	52	410	149
5369	116	0	95	1	1685	149
5370	113	43	90	355	1682	149
5371	26	75	26	232	424	149
5372	11	106	15	263	546	149
5373	8	116	2	262	227	149
5376	158	53	150	26	968	149
5379	53	42	36	27	2973	149
5382	21	4	8	49	782	149
5383	5	25	4	66	535	149
5385	74	2	18	5	2697	149
5388	7	2	4	0	1488	149
5396	113	1	8	0	9596	149
5397	13	6	8	12	635	149
5398	28	131	50	158	557	149
5399	13	76	9	172	441	149
5400	1	7	4	107	404	149
5401	9	0	32	45	482	149
5403	210	35	314	75	296	149
5404	116	10	322	19	285	149
5411	84	8	34	6	1087	149
5415	0	161	1	498	245	149
5416	239	4	70	2	3807	149
5418	460	2	117	0	2134	149
5419	420	9	97	0	1657	149
5420	34	318	5	99	455	149
5422	13	203	13	67	261	149
5423	2	0	49	10	302	149
5431	14	38	13	90	2107	149
5436	243	105	6	5	1834	149
5442	2	0	9	14	778	149
5443	202	14	39	4	1074	149
5449	18	144	7	22	709	149
5450	14	391	4	130	817	149
5451	126	479	75	143	1448	149
5452	38	319	15	114	269	149
5453	15	303	12	121	235	149
5454	195	4	108	0	2605	149
5455	47	284	25	131	911	149
5459	8	182	0	193	240	149
5460	4	9	17	249	337	149
5461	4	2	5	10	275	149
5462	19	44	17	105	345	149
5464	49	12	72	123	1096	149
5465	46	17	100	147	2156	149
5478	117	1432	61	384	1883	149
5479	229	1487	51	337	913	149
5481	0	2	3	6	237	149
5485	4	0	0	1	897	149
5486	2	2	7	59	284	149
5487	5	1	14	0	3145	149
5490	2	0	86	7	517	149
5493	0	2	12	6	664	149
5494	1	0	14	20	1141	149
5499	0	2	4	7	230	149
5503	4	0	52	1	269	149
5505	17	227	0	9	1725	149
5507	54	0	17	1	2806	149
5511	469	0	313	9	642	149
5512	17	75	5	69	511	149
5514	31	0	19	16	4779	149
5517	4	14	3	47	228	149
5521	28	79	96	1994	541	149
5523	554	1748	205	6468	1458	149
5525	112	7	27	17	1480	149
5528	185	2	38	0	237	149
5529	2	2	0	31	398	149
5534	2	0	10	31	243	149
5535	46	15	82	29	686	149
5536	8	0	36	4	544	149
5537	1	0	4	33	375	149
5541	425	8	81	4	618	149
5542	450	43	90	6	687	149
5543	403	54	91	6	1551	149
5544	23	0	6	1	277	149
5547	0	9	18	363	249	149
5549	0	4	15	222	234	149
5550	0	10	9	332	261	149
5551	0	2	10	266	251	149
5552	12	33	24	293	1048	149
5556	2	130	41	1204	428	149
5557	85	142	122	1669	1024	149
5558	96	0	571	2	1060	149
5559	157	6	1860	30	501	149
5560	31	243	62	1836	393	149
5561	395	6	2411	13	551	149
5564	8	211	13	401	512	149
5570	54	172	22	162	643	149
5572	24	298	10	126	385	149
5573	154	347	36	124	667	149
5575	284	3	85	0	805	149
5576	144	353	45	160	760	149
5578	229	208	563	77	369	149
5582	0	7	7	212	222	149
5585	0	3	26	114	315	149
5587	288	15	106	2	1119	149
5588	0	4	6	6	635	149
5590	21	2	21	26	817	149
5591	19	30	21	28	422	149
5599	4	33	14	120	429	149
5600	4	2	12	0	386	149
5602	94	55	213	82	859	149
5605	6	0	85	50	364	149
5606	16	1	207	3	276	149
5609	19	2	16	3	1099	149
5619	47	2	10	2	599	149
5620	47	13	10	13	622	149
5623	313	208	191	141	3191	149
5625	338	0	339	2	3293	149
5630	56	40	33	94	324	149
5632	142	85	53	133	501	149
5649	11	0	0	2	233	149
5653	719	119	188	47	2504	149
5662	4	23	0	5	273	149
5665	88	0	747	1	3024	149
5668	19	209	15	118	658	149
5669	9	1	8	50	229	149
5670	44	2	26	0	472	149
5671	51	56	42	52	654	149
5672	113	2921	82	3369	370	149
5674	99	236	5	15	706	149
5678	4	0	1	1	434	149
5682	8	1	8	2	265	149
5683	18	94	3	38	307	149
5684	75	43	41	35	1618	149
5686	140	2	64	1	2525	149
5688	67	82	24	54	974	149
5690	9	66	6	55	236	149
5691	2	2	4	60	420	149
5694	0	7	1	5	337	149
5699	2	2	5	18	287	149
5700	26	2751	24	1672	250	149
5703	3	6	5	25	1688	149
5708	17	126	6	109	536	149
5710	4	0	3	4	992	149
5712	76	26	29	11	694	149
5714	191	1	2	0	244	149
5720	17	146	118	297	256	149
5721	245	1220	196	730	253	149
5722	137	276	300	344	294	149
5725	1	13	0	6	281	149
5729	376	2	75	3	3644	149
5732	27	83	11	22	647	149
5733	21	0	14	2	565	149
5736	84	1	27	3	482	149
5740	8	24	6	8	636	149
5741	4	2	6	1	515	149
5742	16	56	22	30	2347	149
5745	57	1186	27	429	233	149
5747	2136	90	916	100	454	149
5748	3470	6	1308	5	607	149
5749	3490	121	1309	45	613	149
5753	60	54	6	4	1764	149
5756	0	2	9	3	672	149
5758	5	4	23	0	1403	149
5760	36	100	35	24	508	149
5763	7	0	17	3	1694	149
5765	341	325	46	61	3601	149
5766	108	429	15	58	1258	149
5767	79	257	3	55	2284	149
5768	90	1	9	0	2306	149
5770	84	204	23	31	1478	149
5771	58	22	24	51	1108	149
5772	45	200	7	825	488	149
5775	65	78	33	7	1799	149
5788	59	0	329	236	175	149
5790	0	2	4	6	661	149
5791	6	0	8	1	1318	149
5796	0	2	3	19	232	149
5800	6	2	2	1	383	149
5801	108	3	52	2	1253	149
5802	25	40	22	33	1118	149
5808	2	176	5	130	225	149
5809	4	111	6	146	516	149
5811	0	2	40	47	916	149
5813	5	0	17	12	1239	149
5834	7	0	31	2	1211	149
5836	9	0	31	3	1774	149
5840	26	348	2	115	440	149
5841	6	70	8	442	383	149
5842	6	0	6	2	363	149
5843	9	10	17	7	244	149
5846	590	7	322	11	300	149
5847	594	3	328	1	310	149
5848	43	11	37	7	634	149
5851	76	3	49	0	880	149
5852	20	49	13	23	778	149
5854	64	102	22	34	915	149
5855	2	1	4	0	1171	149
5857	823	131	334	38	681	149
5858	319	5	127	4	442	149
5859	3646	2	1205	0	1321	149
5860	4475	6	1521	0	2183	149
5861	3649	18	1189	4	1515	149
5862	3166	2	1015	0	993	149
5863	165	94	64	54	305	149
5864	245	57	92	47	822	149
5865	82	66	54	31	350	149
5868	88	256	57	119	297	149
5869	202	406	49	224	446	149
5872	207	1692	11	240	743	149
5874	240	0	215	2	2662	149
5876	18	1	8	0	2605	149
5885	5	4	7	39	390	149
5889	562	371	132	134	4841	149
5891	0	26	16	267	234	149
5893	4	7	9	56	229	149
5894	2	9	7	34	237	149
5899	162	2241	26	391	4171	149
5900	79	2070	23	359	1542	149
5901	46	2206	5	464	1417	149
5914	44	64	19	21	854	149
5915	2	0	0	12	361	149
5916	20	20	24	44	2092	149
5929	312	2	126	0	3721	149
5934	0	10	2	10	683	149
5941	195	91	183	21	4781	149
5942	3	0	6	1	259	149
5944	7	0	24	4	434	149
5951	18	85	13	41	1773	149
5952	0	10	3	39	312	149
5958	0	100	1	71	279	149
5959	24	0	273	19	3135	149
5962	1	0	6	23	822	149
5964	4	0	3	1	883	149
5967	2	6	14	94	831	149
5971	23	0	49	3	2101	149
5972	1	0	22	3	359	149
5973	1	0	22	2	351	149
5975	1	0	4	2	345	149
5977	448	108	70	17	996	149
5978	28	0	64	1	210	149
5980	32	19	27	24	2956	149
5981	35	33	0	2	685	149
5983	72	639	81	483	1103	149
5984	31	1	56	3	1288	149
5987	404	2	625	3	4555	149
5988	2	0	2	2	514	149
5990	7136	9441	708	663	1231	149
5991	96	350	28	48	2893	149
5994	42	224	10	42	1621	149
5995	79	224	8	35	1135	149
5996	77	66	38	23	1312	149
5997	9	83	2	26	365	149
5998	203	9	27	10	622	149
5999	149	100	24	21	581	149
6000	1	0	2	6	626	149
6002	2	10	10	285	567	149
6003	4	0	9	5	1453	149
6004	8788	579	560	19	1234	149
6005	983	357	111	43	253	149
6006	834	7	95	0	234	149
6007	863	130	26	15	257	149
6008	135	94	7	0	713	149
6009	115	7	7	0	700	149
6010	78	22	5	0	655	149
6014	15	2	4	0	316	149
6015	73	3159	11	1078	343	149
6017	6	0	294	10	560	149
6018	5	0	59	2	1070	149
6022	30	0	31	11	471	149
6026	1	0	1	33	814	149
6033	2	18	7	35	891	149
6035	10	2	93	4	217	149
6037	1	0	5	1	1075	149
6038	21	1401	20	2089	486	149
6039	179	1700	200	1765	684	149
6050	2	0	4	6	238	149
6051	35	6	14	5	348	149
6056	106	4	37	3	450	149
6061	0	2	3	39	220	149
6062	91	68	48	41	1032	149
6063	5	2	3	0	217	149
6064	5	39	4	44	241	149
6065	9	45	6	42	409	149
6066	5	2	6	1	345	149
6068	12	22	28	31	448	149
6070	24	0	46	27	682	149
6072	2	30	1	44	521	149
6073	0	19	2	37	325	149
6074	4274	10478	246	365	1972	149
6075	3855	31	208	5	827	149
6076	18417	14484	1023	522	3366	149
6077	4111	2	229	0	2131	149
6078	3676	9	220	0	2128	149
6079	3199	11793	208	383	2122	149
6080	2439	6	195	0	2103	149
6081	6861	5	398	0	2189	149
6082	6384	4	386	0	2183	149
6083	25	46	5	5	2053	149
6084	10	0	6	3	527	149
6085	10	0	6	3	489	149
6091	0	2	5	6	405	149
6092	10	4	13	6	1617	149
6098	81	1	86	0	482	149
6103	44	1	19	0	1083	149
6104	44	2	19	3	1099	149
6107	0	1	4	8	932	149
6109	4759	21	1780	5	3186	149
6111	22	35	6	2	1800	149
6113	8	0	123	106	729	149
6116	12	2	62	233	365	149
6118	29	20	15	90	1242	149
6119	8	2	55	2	1692	149
6120	6	0	30	110	1159	149
6124	7	35	1	84	220	149
6126	9	6	28	47	506	149
6127	6	0	98	20	242	149
6130	54	12	31	158	620	149
6139	0	2	6	161	425	149
6140	0	1	2	154	235	149
6141	8	28	7	36	350	149
6143	135	30	70	28	1594	149
6157	126	155	9	24	2430	149
6159	14	125	4	41	561	149
6161	4	160	4	24	243	149
6163	38	0	12	2	911	149
6165	42	201	10	30	740	149
6167	18	178	10	32	362	149
6170	15	6	10	18	2785	149
6172	11	57	21	55	705	149
6174	54	43	3	16	942	149
6180	1	0	5	6	417	149
6181	7	0	18	2	1344	149
6183	0	8	34	4	1523	149
6189	179	175	250	2960	1744	149
6190	102	25	509	3115	3943	149
6192	46	469	80	851	464	149
6193	0	5	165	574	317	149
6195	28	1	16	7	3638	149
6196	1	0	60	20	292	149
6214	41	0	714	3	638	149
6215	39	34	202	779	590	149
6216	0	1	42	541	283	149
6218	8	1	25	850	639	149
6225	1	0	5	35	247	149
6228	32	96	43	26	485	149
6229	114	0	98	2	877	149
6230	47	4	24	2	1050	149
6235	5	5	1	1	1154	149
6236	59	254	105	90	732	149
6239	70	104	69	387	330	149
6240	144	199	131	426	328	149
6241	244	4	228	3	519	149
6242	158	221	154	418	317	149
6243	331	2	321	0	1073	149
6244	158	275	175	484	673	149
6245	131	154	90	329	337	149
6246	174	121	184	184	376	149
6247	118	177	55	440	431	149
6248	173	154	123	466	342	149
6250	2	27	5	16	240	149
6251	2	4	1	12	229	149
6252	1261	164	164	10	1768	149
6256	109	4	13	0	1918	149
6263	5	0	148	2	787	149
6265	19	1	38	3	232	149
6267	38	6	13	0	229	149
6269	27	20	37	16	1677	149
6270	27	1	37	0	1680	149
6272	112	1	67	11	2992	149
6276	346	4	226	0	249	149
6277	191	127	41	63	420	149
6278	15	162	52	146	3454	149
6279	26	91	5	27	713	149
6280	235	8	155	10	242	149
6283	531	9	94	2	627	149
6286	17	7	13	0	748	149
6287	48	2764	46	1690	233	149
6288	0	260	18	1077	535	149
6289	112	0	163	6	1235	149
6296	11	10	2	19	764	149
6301	207	0	470	1	1961	149
6302	139	0	201	4	689	149
6303	10	0	12	23	590	149
6304	18	3	10	16	1195	149
6305	17	384	26	382	1169	149
6306	27	2	31	0	1176	149
6308	7	37	3	31	600	149
6309	329	58	159	100	3719	149
6310	16	19	11	133	630	149
6312	70	35	20	7	822	149
6313	250	103	63	35	6488	149
6314	18	151	2	38	223	149
6315	11	110	4	24	819	149
6316	88	2	17	2	909	149
6318	76	787	38	84	342	149
6319	0	2	2	22	457	149
6320	0	2	1	9	231	149
6321	0	2	2	16	340	149
6335	9	11	23	9	340	149
6338	57	74	44	66	845	149
6341	98	0	27	27	481	149
6342	0	8	5	33	259	149
6345	2	0	9	48	363	149
6347	1001	43	3965	350	576	149
6348	1024	1	4001	2	802	149
6349	1005	0	3963	1	705	149
6350	0	4	10	264	261	149
6351	26	0	50	2	1757	149
6353	22	0	35	1	1636	149
6355	0	2	3	2	232	149
6356	0	39	5	44	247	149
6357	2	0	13	3	350	149
6358	4	0	17	1	448	149
6359	1	0	4	5	223	149
6367	8	0	14	1	288	149
6371	2	3	0	11	739	149
6374	7	0	217	3	203	149
6375	13	0	269	2	263	149
6377	30	80	87	113	339	149
6382	2	2	12	0	307	149
6386	6	17	2	53	459	149
6387	37	244	20	127	814	149
6388	0	4	1	38	283	149
6393	41	0	25	2	706	149
6394	55	0	19	1	813	149
6395	55	4	18	3	731	149
6398	17	0	21	2	236	149
6399	9	88	10	147	226	149
6400	0	1	17	171	829	149
6401	2	2	3	11	316	149
6405	2	4	1	14	605	149
6411	4	5	14	19	1402	149
6414	81	112	39	243	1136	149
6417	12	114	8	376	339	149
6419	7	38	12	447	478	149
6421	33	17	61	341	523	149
6424	83	17	125	320	679	149
6428	5	10	20	20	2650	149
6429	73	0	31	1	1495	149
6430	175	10	43	3	236	149
6431	10	52	0	20	227	149
6442	0	10	4	60	813	149
6445	4	238	1	51	271	149
6447	164	17	74	0	221	149
6458	8	30	17	143	307	149
6459	23	2	45	44	927	149
6460	1	0	8	1	426	149
6464	20	44	19	133	366	149
6465	13	1	51	1	624	149
6467	52	38	108	140	1023	149
6468	39	0	58	2	433	149
6475	2	0	0	2	985	149
6479	1	5	1	35	247	149
6482	0	1	7	12	242	149
6487	29	137	21	167	278	149
6490	227	22	122	28	939	149
6491	184	6	99	3	726	149
6492	0	4	23	211	415	149
6493	3	0	43	2	555	149
6494	3	56	31	282	223	149
6495	2	79	31	588	242	149
6496	89	125	373	383	416	149
6497	25	0	116	1	258	149
6498	15	249	35	668	241	149
6502	230	0	0	16	579	149
6504	2	0	5	2	1164	149
6508	1014	535	206	183	1719	149
6510	1061	8	211	7	1722	149
6511	685	374	189	193	1027	149
6512	110	924	32	203	232	149
6513	222	413	72	119	534	149
6514	342	2	110	0	827	149
6515	140	384	51	190	356	149
6516	73	1322	10	225	228	149
6518	32	706	16	184	243	149
6519	61	256	31	96	448	149
6520	61	101	38	34	451	149
6521	52	114	14	85	337	149
6522	74	376	97	238	722	149
6531	2	0	2	3	470	149
6533	11	139	6	260	409	149
6535	0	2	3	114	279	149
6539	133	414	89	163	4010	149
6541	2	23	0	14	285	149
6547	71	2264	48	3161	657	149
6548	0	2	163	2469	442	149
6549	48	46	32	38	2013	149
6558	0	2	2	98	475	149
6563	312	0	132	1	448	149
6564	14	23	4	31	806	149
6565	2	166	4	128	623	149
6570	1	30	9	112	349	149
6572	0	1	12	21	850	149
6575	0	19	10	46	363	149
6577	2	17	2	91	841	149
6593	4	13	4	7	240	149
6595	3	11	12	16	225	149
6597	23	3	25	34	1166	149
6598	0	2	2	9	249	149
6611	317	6	112	0	1437	149
6612	512	152	213	168	3166	149
6613	0	11	4	94	242	149
6614	2	6	35	25	453	149
6615	2	0	24	28	420	149
6616	31	46	49	114	477	149
6617	31	2	38	50	444	149
6618	2	14	23	258	543	149
6619	0	18	20	149	230	149
6636	161	94	116	49	1657	149
6637	131	7	54	2	348	149
6638	68	166	31	93	304	149
6639	272	2	156	1	1861	149
6642	694	5	214	0	2897	149
6644	370	638	149	92	2837	149
6646	38	1	13	4	501	149
6647	40	8	14	2	516	149
6648	38	17	6	0	1021	149
6653	12	0	8	4	1090	149
6657	4960	4	606	0	7611	149
6658	0	2	12	29	418	149
6659	0	2	5	40	570	149
6664	0	2	3	0	252	149
6665	203	677	51	79	1021	149
6666	2	76	0	55	226	149
6681	6	0	33	25	766	149
6684	2	2	8	18	2162	149
6688	4	15	7	28	342	149
6689	11	0	20	2	236	149
6694	7	0	123	11	522	149
6696	2	2	0	12	252	149
6697	6	1	4	7	764	149
6698	6	1	14	7	1506	149
6700	9	0	6	6	974	149
6704	2	0	5	1	1034	149
6705	2	0	5	9	1031	149
6708	2	1	1	0	248	149
6709	80	3698	51	2869	440	149
6710	31	92	50	2552	370	149
6717	30	185	24	32	322	149
6718	117	421	163	118	2643	149
6719	15	4	8	0	240	149
6727	4	5	6	12	425	149
6728	2	8	4	12	275	149
6730	59	41	66	679	1293	149
6731	35	2	1036	7	251	149
6732	0	6	9	69	271	149
6735	0	2	1	60	343	149
6736	0	9	7	59	449	149
6740	10	0	27	1	306	149
6741	36	34	6	4	954	149
6744	48	8	13	6	2864	149
6745	8	3	153	88	288	149
6746	8	0	140	1	265	149
6747	14	0	200	2	327	149
6749	111	93	39	29	699	149
6750	157	0	58	2	1369	149
6751	30	48	17	47	672	149
6754	4	60	5	309	299	149
6758	4	0	0	1	269	149
6759	15	89	7	45	228	149
6760	599	1095	12	20	1764	149
6762	0	26	5	72	423	149
6763	36	34	7	3	426	149
6764	141	3	12	2	1690	149
6766	46	21	6	33	752	149
6767	5	26	4	35	534	149
6770	0	2	4	30	238	149
6776	134	1618	89	832	1208	149
6777	215	1	158	1	1215	149
6778	88	2109	54	1375	432	149
6780	8	264	3	120	231	149
6781	30	86	13	25	3559	149
6783	34	99	6	34	710	149
6790	0	13	4	4	403	149
6793	15	2	39	8	1449	149
6794	204	0	596	4	338	149
6795	51	119	19	63	1661	149
6802	0	8	1	32	587	149
6804	0	2	1	39	308	149
6807	1	8	7	35	505	149
6808	476	4	185	4	289	149
6809	44	2037	6	701	231	149
6810	47	1475	40	632	1033	149
6811	60	1521	52	650	3050	149
6812	8	20	14	19	235	149
6813	6	0	40	8	535	149
6818	0	1	6	92	373	149
6822	0	2	4	431	223	149
6824	0	1	4	68	379	149
6825	0	4	2	65	296	149
6826	0	1	14	54	319	149
6831	2	0	0	4	271	149
6844	0	16	25	121	402	149
6845	0	10	19	130	265	149
6846	20	0	3250	56	212	149
6852	13	3	39	2	1945	149
6854	1	0	6	6	643	149
6855	487	223	62	71	2279	149
6856	72	617	22	610	3869	149
6864	155	388	33	43	2336	149
6866	137	0	165	1	3802	149
6868	73	32	33	30	420	149
6874	29	125	45	286	990	149
6875	5	0	19	4	438	149
6876	4	14	4	302	256	149
6878	13	24	9	30	460	149
6880	9	34	4	14	496	149
6882	447	496	102	159	3926	149
6884	2	0	36	5	543	149
6894	2	0	14	5	365	149
6895	2	2	18	54	382	149
6896	2	0	52	3	431	149
6897	7	2	33	75	238	149
6898	11	0	52	7	722	149
6899	5	4	25	79	275	149
6902	4	1	2	71	302	149
6903	6	0	18	55	454	149
6904	2	6	21	92	252	149
6905	2	0	19	1	239	149
6906	48	37	13	17	486	149
6907	0	2	150	14	1400	149
6908	2	15	1	181	354	149
6912	0	5	7	17	662	149
6921	4	0	2	2	755	149
6923	46	65	9	13	389	149
6924	0	9	4	60	234	149
6926	66	0	15	2	1318	149
6928	10	2	57	1	298	149
6929	6	0	16	2	245	149
6930	6	79	9	99	225	149
6931	65	0	59	135	1233	149
6932	173	328	139	121	1013	149
6933	1	8	41	48	299	149
6934	1	488	0	115	401	149
6935	43	1072	10	193	2820	149
6937	0	6	15	15	485	149
6938	22	145	10	109	1755	149
6948	93	84	6	15	1599	149
6949	185	3	12	11	1457	149
6950	246	1	828	24	609	149
6951	12	55	7	227	438	149
6952	660	297	226	169	2900	149
6954	6	78	19	62	325	149
6955	233	88	22	63	1344	149
6956	42	1337	10	303	249	149
6958	84	1158	4	270	337	149
6959	164	1516	11	297	912	149
6961	218	1	35	0	916	149
6962	284	1186	15	237	794	149
6963	303	681	9	208	658	149
6964	1058	53	3088	99	3420	149
6969	0	13	6	18	280	149
6971	48	57	17	68	826	149
6979	3	35	3	151	307	149
6981	166	1111	100	382	754	149
6982	0	1	1	40	451	149
6993	49	18	66	15	1177	149
6999	8	13	48	17	659	149
7003	73	2	158	14	248	149
7005	17	28	14	16	325	149
7008	24	0	68	4	910	149
7010	27	61	19	48	1688	149
7011	11	153	23	66	1008	149
7012	19	0	9	1	395	149
7013	25	127	12	71	457	149
7015	17	83	11	54	1365	149
7016	75	81	62	65	1968	149
7017	15	59	16	51	1398	149
7020	63	15	102	23	2811	149
7022	27	0	6	2	2208	149
7025	7	5	10	20	452	149
7027	91	660	10	667	624	149
7028	98	489	18	777	793	149
7029	47	56	37	24	696	149
7034	29	1	21	0	364	149
7035	16	100	111	4227	375	149
7039	70	1	818	2178	388	149
7041	2	2	11	2	408	149
7051	83	0	259	1	1441	149
7052	4	0	9	10	1526	149
7066	11	0	103	21	2984	149
7068	1	2	0	18	243	149
7072	0	3	8	20	722	149
7075	1	16	3	11	226	149
7077	26	2	23	26	1610	149
7082	6635	49	1172	4	2055	149
7088	31	0	36	41	778	149
7089	1	0	15	259	369	149
7101	0	3	19	84	847	149
7102	2	0	24	3	2280	149
7113	0	4	2	48	411	149
7128	2	0	11	53	962	149
7130	4	0	29	169	475	149
7133	0	4	2	24	387	149
7134	3	25	1	2	236	149
7135	3	286	1	18	230	149
7137	10	297	0	31	229	149
7140	0	8	3	0	2392	149
7142	325	148	269	143	1604	149
7143	50	47	65	85	346	149
7148	211	143	67	30	1120	149
7150	15	197	4	98	303	149
7151	14	201	5	67	725	149
7159	0	2	1	6	336	149
7163	1	18	10	83	242	149
7164	4	37	6	68	252	149
7171	2	8	3	128	346	149
7172	23	27	20	141	1148	149
7174	2	0	4	132	429	149
7180	3050	3	489	4	2478	149
7182	7	52	8	119	325	149
7184	200	1175	56	296	482	149
7185	45	347	27	296	423	149
7186	94	1332	21	375	457	149
7187	146	693	35	303	643	149
7190	0	10	7	23	288	149
7191	2	4	21	24	443	149
7208	1	99	7	197	327	149
7216	58	9	21	5	1426	149
7227	461	7	124	0	866	149
7252	2	25	6	83	366	149
7256	4	34	12	84	341	149
7257	6	2	5	98	1339	149
7258	6	0	5	2	1335	149
7259	7	129	15	136	361	149
7260	6	118	16	157	1252	149
7261	3	212	7	196	284	149
7262	3	118	3	44	226	149
7263	149	1	162	0	2345	149
7265	2	5	7	20	340	149
7269	0	15	2	11	262	149
7272	1	2	5	35	401	149
7273	0	6	3	29	235	149
7274	3	0	10	9	1308	149
7281	384	189	23	3	3531	149
7286	2	62	2	44	685	149
7287	7	5	9	72	1815	149
7288	11	47	2	67	574	149
7290	2	9	0	32	280	149
7296	407	353	517	1104	242	149
7297	1090	883	938	1160	3043	149
7298	463	783	152	1172	824	149
7300	0	7	11	173	371	149
7301	2	3	20	8	254	149
7302	1	16	5	222	246	149
7303	7	2	23	159	1365	149
7304	23	2	63	5	266	149
7311	2	0	5	1	554	149
7312	0	10	5	101	1038	149
7313	8	5	64	2	2083	149
7314	2	1	17	0	786	149
7315	74	0	223	11	1950	149
7316	29	2	39	2	721	149
7318	557	72	165	83	384	149
7320	140	57	88	74	585	149
7321	45	55	26	89	359	149
7322	102	23	58	61	333	149
7324	228	5	138	0	834	149
7325	145	25	101	65	603	149
7326	125	22	71	52	485	149
7327	235	4	115	1	730	149
7328	131	28	65	64	343	149
7329	118	23	117	43	356	149
7330	32	5	154	10	547	149
7332	4	0	58	8	296	149
7334	8	16	2	16	597	149
7336	0	4	14	68	357	149
7338	5	0	42	3	271	149
7339	0	7	8	50	223	149
7345	7	45	6	6	1542	149
7352	1	0	2	4	1075	149
7359	0	2	4	3	610	149
7366	2	0	5	5	3057	149
7368	2	0	8	12	461	149
7369	29	0	37	12	1337	149
7373	2	0	2	38	707	149
7387	5	286	9	475	396	149
7388	0	2	2	245	344	149
7391	9	21	34	55	615	149
7392	13	2	46	57	485	149
7393	50	2	92	5	583	149
7394	27	29	67	47	494	149
7400	4	0	25	8	354	149
7401	119	151	43	163	1194	149
7415	25	401	58	1013	767	149
7416	624	0	977	10	823	149
7422	0	3	5	14	1163	149
7424	7	326	0	76	235	149
7425	68	293	8	80	795	149
7427	6	0	13	4	1187	149
7428	30	278	14	40	416	149
7429	1063	1	538	0	1188	149
7430	226	0	192	11	362	149
7431	36	30	10	24	1968	149
7439	3	24	0	6	480	149
7442	73	2	22	1	2829	149
7443	71	128	17	40	2823	149
7445	54	301	27	130	458	149
7447	80	2	53	8	977	149
7448	17	23	0	2	1044	149
7450	32	1	13	0	3373	149
7451	32	12	13	9	3383	149
7455	4798	12	540	4	2709	149
7456	4314	2	817	0	1262	149
7457	2	6	4	4	237	149
7460	25	0	35	85	397	149
7462	0	1	15	6	330	149
7463	0	30	11	66	315	149
7467	157	7	64	13	456	149
7468	9	0	0	32	1223	149
7472	1	1	1	9	369	149
7473	0	9	2	8	699	149
7475	34	45	6	3	1325	149
7476	7	0	15	5	2964	149
7482	13	0	25	76	470	149
7483	8	0	2	6	847	149
7486	2	0	2	5	409	149
7487	2	9	2	4	412	149
7489	0	6	5	7	245	149
7498	9	0	14	1	1232	149
7499	165	56	82	26	266	149
7500	8	1	9	0	468	149
7504	17	2	16	4	565	149
7505	17	0	16	2	531	149
7508	29	3	14	9	3333	149
7510	113	5	84	63	1447	149
7511	7	22	11	123	270	149
7515	54	28	69	72	1114	149
7517	6	31	17	69	715	149
7520	22	125	10	80	519	149
7522	2855	1612	1683	4945	1421	149
7524	14	2060	8	844	347	149
7525	5	0	0	15	2337	149
7535	55	14	30	17	335	149
7536	34	231	26	99	477	149
7538	8	0	10	5	351	149
7539	7	211	9	480	347	149
7540	84	88	18	25	845	149
7546	34	6	6	1	229	149
7547	120	76	32	19	1322	149
7548	285	1638	35	671	2020	149
7549	282	2	35	0	2008	149
7550	103	15	31	7	899	149
7551	143	5	40	1	1030	149
7552	248	82	23	11	774	149
7553	228	4007	124	2132	382	149
7559	1416	0	624	3	5425	149
7562	183	41	63	17	3650	149
7563	111	0	84	75	1346	149
7564	4	0	10	59	243	149
7565	40	0	30	44	649	149
7566	44	0	34	5	830	149
7567	40	0	54	36	697	149
7570	80	175	37	68	1104	149
7572	1	41	3	30	220	149
7573	15	16	2	23	416	149
7575	51	471	24	422	1226	149
7578	63	243	5	29	228	149
7581	6	4	5	7	1929	149
7584	0	11	5	78	278	149
7585	5	32	22	85	386	149
7586	99	9	77	2	2010	149
7587	65	17	44	8	1683	149
7588	31	9	28	6	1134	149
7589	63	25	39	16	3300	149
7591	6	83	7	25	320	149
7593	988	515	1073	1388	2911	149
7601	3	0	22	8	2851	149
7603	35	20	15	6	836	149
7605	2	0	12	6	300	149
7607	888	1	191	0	661	149
7608	0	3	8	103	234	149
7609	82	43	30	19	711	149
7617	12	49	0	114	445	149
7618	30	5	46	6	490	149
7619	24	95	28	101	475	149
7625	200	22	28	14	2956	149
7628	1081	0	217	1	2726	149
7629	1	2	2	25	472	149
7637	20	28	17	32	1230	149
7638	13	0	23	3	686	149
7640	13	0	24	18	689	149
7642	17	0	37	1	776	149
7643	15	4	24	44	740	149
7647	0	6	2	33	283	149
7648	2	0	5	10	350	149
7657	0	4	1	15	292	149
7660	72	7	24	6	430	149
7661	70	70	23	32	416	149
7669	29	129	4	1	3403	149
7674	87	200	62	79	478	149
7675	431	270	131	60	6379	149
7683	3	0	88	162	240	149
7687	2	0	35	27	707	149
7695	0	2	12	3	811	149
7703	0	2	4	27	363	149
7709	2	15	1	5	313	149
7711	19	16	10	19	1026	149
7715	68	249	52	644	2262	149
7717	120	680	51	459	1113	149
7718	14	2	26	1	1098	149
7722	14	165	14	196	556	149
7724	45	318	32	172	455	149
7725	4	30	10	262	855	149
7726	1188	670	18	4	1396	149
7727	765	386	14	2	1313	149
7728	20	136	0	7	248	149
7734	701	7554	378	10743	492	149
7737	8	11	2	0	420	149
7738	239	2	13	0	1053	149
7739	168	11	8	1	1187	149
7740	117	3	4	1	254	149
7741	29	14	3	0	890	149
7743	15	22	2	0	366	149
7747	4057	194	1649	112	586	149
7748	203	81	135	67	461	149
7750	34	0	29	7	861	149
7752	0	22	17	256	309	149
7754	0	152	9	279	272	149
7762	13	52	18	24	694	149
7763	8	64	3	25	242	149
7764	136	83	123	64	378	149
7772	136	3	79	2	1575	149
7773	121	3	71	2	1515	149
7774	119	13	71	2	1512	149
7775	43	7	21	10	1734	149
7777	75	11	20	16	243	149
7779	68	36	42	55	1207	149
7781	10	241	9	123	1721	149
7787	2	0	3	8	314	149
7790	4	0	3	7	888	149
7794	1	5	0	19	301	149
7797	0	3	10	39	655	149
7806	0	1	2	32	275	149
7810	1	0	14	13	540	149
7811	35	304	43	146	1811	149
7812	64	366	44	178	1512	149
7813	40	377	78	187	1814	149
7815	31	296	18	156	221	149
7819	68	0	73	2	426	149
7820	74	397	73	513	451	149
7821	64	0	68	10	637	149
7823	135	1	113	3	2057	149
7824	73	679	55	650	1723	149
7825	71	0	55	4	1531	149
7826	71	1	45	6	1447	149
7828	17	1163	15	696	269	149
7829	81	0	49	4	273	149
7830	8	0	11	20	381	149
7831	10	0	15	35	558	149
7835	2	3	7	14	376	149
7839	3	0	3	49	1007	149
7841	1	21	9	58	2176	149
7845	32	2	29	2	659	149
7847	12	113	17	166	733	149
7848	15	110	35	169	456	149
7851	4	10	3	9	424	149
7852	5	23	4	26	529	149
7854	19	9	33	25	275	149
7855	18	2	58	18	452	149
7860	2	0	0	1	338	149
7863	17	196	0	50	481	149
7872	5	0	4	3	1225	149
7875	7	20	4	3	246	149
7877	9	63	3	29	235	149
7880	10	4	2	8	748	149
7882	10	0	2	4	1593	149
7885	15	34	0	29	235	149
7887	69	7	21	14	837	149
7895	3	8	33	52	1732	149
7896	3	0	14	32	777	149
7899	1	28	0	4	435	149
7903	62	163	5	32	2015	149
7904	41	225	41	214	1103	149
7909	6	2	11	0	216	149
7911	599	188	89	91	4188	149
7916	820	59	370	640	1740	149
7920	56	10	21	0	236	149
7921	298	1225	72	440	802	149
7922	267	8	63	0	677	149
7923	319	10	75	5	804	149
7924	375	9	91	1	806	149
7925	165	2562	46	1166	778	149
7927	124	2929	65	1059	426	149
7928	450	1126	212	956	567	149
7929	214	2	125	0	313	149
7930	199	2124	114	976	2892	149
7931	209	2237	57	844	238	149
7934	28	11	23	2	272	149
7937	559	64	832	121	2604	149
7938	40	1176	12	479	501	149
7939	2	15	18	26	770	149
7942	36	0	40	2	362	149
7943	32	66	20	15	2810	149
7945	198	38	38	9	1290	149
7946	15	111	2	7	659	149
7948	390	11	69	0	1282	149
7949	6	0	14	4	672	149
7950	9	2	8	11	1124	149
7952	6	1	2	0	1706	149
7955	15	2	6	0	1810	149
7958	4	114	4	97	229	149
7960	7	146	0	95	240	149
7962	10	0	16	7	315	149
7963	10	1	19	2	340	149
7964	2	319	2	5078	253	149
7965	176	1	50	0	227	149
7972	14	1	13	0	262	149
7974	2	6	0	2	887	149
7975	13	13	1340	34780	473	149
7976	16	58	0	26	264	149
7981	8	0	44	1	1921	149
7984	58	32	121	41	3694	149
7985	58	2	151	1	3778	149
7986	0	2	1	11	288	149
7988	18	316	44	190	950	149
7991	50	243	35	104	551	149
7996	20	128	21	435	355	149
7997	207	353	64	78	3575	149
7998	15	200	7	161	239	149
8000	0	4	9	84	747	149
8009	0	9	21	110	252	149
8013	22	622	87	2388	771	149
8014	135	1896	113	2614	2392	149
8015	29	5	45	1983	789	149
8018	14	124	8	31	804	149
8021	40	5	5	0	1202	149
8022	40	1	5	0	1181	149
8025	16	96	7	51	1543	149
8026	37	66	29	37	2521	149
8037	25	0	61	1	312	149
8038	77	249	49	70	495	149
8039	111	4	68	2	801	149
8040	108	5	138	119	1838	149
8041	505	0	555	106	1577	149
8044	15	21	10	3	1674	149
8045	72	31	5	10	4392	149
8046	5	1	2	4	716	149
8047	200	0	10	2	1597	149
8048	46	6	22	15	1981	149
8049	54	6	67	0	186	149
8053	333	196	149	65	1433	149
8061	3493	37	2420	26	2449	149
8065	16	28	26	480	1082	149
