ID
161
207
251
359
431
514
672
691
914
1125
1162
1214
1319
1320
1512
1520
1728
1780
1996
2025
2029
2191
2272
2285
2354
2361
2363
2364
2375
2404
2418
2469
2470
2471
2482
2484
2512
2667
2684
2709
2875
2905
3013
3224
3264
3278
3280
3431
3461
3464
3493
3523
3586
3616
3617
3696
3709
3892
3908
3969
4025
4353
4364
4376
4392
4393
4466
4563
4564
4834
4881
4999
5000
5029
5238
5364
5365
5483
5591
5679
5708
5800
5821
5822
5826
5827
5830
5946
5956
5958
5960
6030
6032
6068
6170
6171
6198
6272
6281
6295
6353
6377
6444
6448
6450
6500
6682
6722
6763
6834
6980
6983
6990
7138
7246
7253
7497
7501
7523
7664
7672
7673
7802
7862
7875
7877
7884
