IncLevel1	IncLevel2	IncLevelDifference
0.181	0.228	-0.047
0.477	0.552	-0.075
0.958	1.0	-0.042
0.862	1.0	-0.138
0.556	0.688	-0.132
0.515	0.666	-0.151
0.96	1.0	-0.04
1.0	0.438	0.562
0.544	0.496	0.048
0.591	0.556	0.035
0.026	0.0	0.026
0.399	0.0	0.399
0.317	0.435	-0.118
0.295	0.369	-0.074
0.349	0.488	-0.139
0.981	1.0	-0.019
0.202	0.0	0.202
0.431	0.413	0.018
0.055	0.337	-0.282
0.017	0.161	-0.144
0.335	0.669	-0.334
0.572	0.0	0.572
0.878	1.0	-0.122
0.0	0.171	-0.171
0.37	0.611	-0.241
0.337	0.361	-0.024
0.051	0.0	0.051
0.903	1.0	-0.097
0.122	0.121	0.001
0.911	0.735	0.176
0.29	0.037	0.253
0.555	0.919	-0.364
0.586	0.912	-0.326
0.875	0.78	0.095
0.208	0.133	0.075
0.143	0.487	-0.344
0.251	0.265	-0.014
0.917	0.552	0.365
0.812	0.39	0.422
0.613	0.687	-0.074
0.615	0.69	-0.075
1.0	0.343	0.657
0.37	0.257	0.113
0.0	0.0	0.0
0.213	0.305	-0.092
0.477	0.618	-0.141
0.743	0.496	0.247
0.116	0.713	-0.597
0.049	0.008	0.041
0.1	0.308	-0.208
0.364	0.361	0.003
0.883	1.0	-0.117
0.374	0.371	0.003
0.97	1.0	-0.03
0.441	0.342	0.099
1.0	0.285	0.715
0.283	0.353	-0.07
0.603	0.659	-0.056
0.994	1.0	-0.006
0.275	0.468	-0.193
0.399	0.761	-0.362
0.525	0.549	-0.024
0.617	0.603	0.014
0.291	0.206	0.085
0.471	0.485	-0.014
0.614	0.884	-0.27
0.635	0.884	-0.249
0.221	0.248	-0.027
0.03	0.481	-0.451
0.3	0.112	0.188
0.471	0.61	-0.139
0.09	0.5	-0.41
1.0	0.733	0.267
0.0	0.198	-0.198
0.0	0.588	-0.588
0.0	0.282	-0.282
0.343	0.903	-0.56
1.0	0.959	0.041
1.0	0.98	0.02
1.0	0.847	0.153
0.004	0.108	-0.104
0.036	0.162	-0.126
0.525	0.523	0.002
0.265	0.633	-0.368
0.123	0.324	-0.201
0.649	0.538	0.111
0.345	1.0	-0.655
0.003	0.0	0.003
0.647	0.724	-0.077
0.998	0.998	0.0
0.395	0.635	-0.24
0.004	0.0	0.004
0.379	0.412	-0.033
0.0	0.109	-0.109
0.462	0.314	0.148
0.922	0.378	0.544
1.0	0.0	1.0
0.086	0.086	0.0
0.48	0.379	0.101
0.913	0.749	0.164
0.34	0.483	-0.143
0.016	0.023	-0.007
0.76	0.417	0.343
0.36	0.057	0.303
0.254	0.32	-0.066
0.897	0.695	0.202
0.0	0.125	-0.125
0.0	0.098	-0.098
0.418	0.319	0.099
0.002	0.0	0.002
0.037	0.056	-0.019
0.027	0.043	-0.016
0.036	0.058	-0.022
0.372	0.578	-0.206
0.462	0.334	0.128
0.353	0.435	-0.082
0.369	0.732	-0.363
0.651	0.547	0.104
0.368	0.0	0.368
0.492	0.649	-0.157
0.462	0.373	0.089
0.464	0.0	0.464
0.336	0.0	0.336
0.236	0.528	-0.292
0.261	0.445	-0.184
0.0	0.22	-0.22
0.0	0.464	-0.464
0.988	0.945	0.043
0.583	0.831	-0.248
1.0	0.943	0.057
0.495	0.377	0.118
0.0	0.035	-0.035
0.0	0.028	-0.028
0.075	0.0	0.075
0.074	0.0	0.074
0.079	0.0	0.079
0.078	0.0	0.078
0.098	0.0	0.098
0.097	0.0	0.097
0.519	0.556	-0.037
0.474	0.547	-0.073
0.452	0.552	-0.1
0.031	0.029	0.002
0.104	0.088	0.016
0.247	0.326	-0.079
0.625	0.499	0.126
0.962	0.972	-0.01
0.134	0.532	-0.398
0.295	0.45	-0.155
0.485	0.721	-0.236
1.0	0.917	0.083
0.494	0.505	-0.011
0.399	0.65	-0.251
0.22	0.262	-0.042
0.49	0.575	-0.085
0.0	0.611	-0.611
0.125	0.814	-0.689
0.5	0.705	-0.205
0.423	0.562	-0.139
0.311	0.066	0.245
0.388	0.45	-0.062
0.0	0.279	-0.279
0.69	0.837	-0.147
0.279	0.482	-0.203
0.322	0.458	-0.136
0.309	0.614	-0.305
0.596	0.67	-0.074
0.495	0.574	-0.079
0.47	0.539	-0.069
0.0	1.0	-1.0
0.166	0.29	-0.124
0.347	0.4	-0.053
0.178	0.0	0.178
0.085	0.0	0.085
1.0	0.668	0.332
0.17	0.318	-0.148
0.403	0.63	-0.227
0.043	0.127	-0.084
0.636	0.523	0.113
0.331	0.533	-0.202
0.999	0.999	0.0
0.0	0.048	-0.048
0.018	0.146	-0.128
0.41	0.421	-0.011
0.518	0.884	-0.366
0.288	0.555	-0.267
0.285	0.537	-0.252
0.965	0.427	0.538
0.0	0.482	-0.482
0.311	0.55	-0.239
0.426	0.482	-0.056
0.392	0.323	0.069
0.49	0.161	0.329
0.281	0.584	-0.303
0.55	0.793	-0.243
0.6	0.656	-0.056
0.0	0.485	-0.485
0.475	0.43	0.045
0.851	0.952	-0.101
0.049	0.0	0.049
1.0	0.873	0.127
0.424	0.509	-0.085
0.327	0.275	0.052
0.374	0.393	-0.019
0.439	0.431	0.008
0.047	0.0	0.047
0.408	0.537	-0.129
0.933	1.0	-0.067
0.252	0.044	0.208
0.324	0.374	-0.05
0.207	0.189	0.018
0.563	1.0	-0.437
0.163	0.335	-0.172
0.435	0.543	-0.108
0.572	0.585	-0.013
0.229	0.402	-0.173
0.251	0.597	-0.346
0.493	0.648	-0.155
0.0	0.312	-0.312
0.533	0.481	0.052
0.36	0.399	-0.039
0.226	0.158	0.068
0.473	0.619	-0.146
0.007	0.308	-0.301
0.393	1.0	-0.607
0.731	1.0	-0.269
0.491	0.596	-0.105
0.0	0.842	-0.842
0.221	0.257	-0.036
0.38	0.663	-0.283
0.0	0.413	-0.413
0.789	0.888	-0.099
0.814	0.855	-0.041
0.24	0.377	-0.137
0.53	0.671	-0.141
0.331	0.44	-0.109
0.172	0.487	-0.315
0.246	0.419	-0.173
0.351	0.419	-0.068
0.749	0.794	-0.045
0.27	0.347	-0.077
0.212	0.351	-0.139
0.649	0.635	0.014
0.966	0.362	0.604
0.754	0.473	0.281
0.562	0.558	0.004
0.595	0.588	0.007
0.147	0.277	-0.13
0.28	0.657	-0.377
0.069	0.218	-0.149
0.858	0.698	0.16
0.855	0.706	0.149
0.398	0.391	0.007
0.073	0.034	0.039
0.327	0.436	-0.109
0.386	0.373	0.013
0.234	0.123	0.111
0.444	0.515	-0.071
0.234	0.082	0.152
0.323	0.154	0.169
0.355	0.159	0.196
0.995	0.941	0.054
0.99	1.0	-0.01
0.038	0.227	-0.189
0.178	0.338	-0.16
0.682	0.36	0.322
0.153	0.009	0.144
0.797	1.0	-0.203
0.744	0.173	0.571
0.756	0.166	0.59
0.555	0.286	0.269
0.657	1.0	-0.343
0.622	1.0	-0.378
0.287	0.555	-0.268
0.343	0.449	-0.106
0.817	0.807	0.01
0.261	0.469	-0.208
1.0	0.273	0.727
1.0	0.213	0.787
0.557	0.64	-0.083
1.0	0.298	0.702
0.062	0.236	-0.174
0.611	0.635	-0.024
0.236	0.763	-0.527
0.801	0.891	-0.09
0.34	0.068	0.272
0.356	0.073	0.283
0.499	0.483	0.016
0.586	0.581	0.005
0.123	0.116	0.007
0.069	0.319	-0.25
0.0	0.603	-0.603
0.566	0.202	0.364
0.285	0.827	-0.542
0.147	0.194	-0.047
1.0	0.97	0.03
0.542	0.635	-0.093
0.291	0.409	-0.118
0.335	0.365	-0.03
0.302	0.314	-0.012
0.603	0.431	0.172
0.775	0.449	0.326
0.211	0.406	-0.195
0.423	0.486	-0.063
0.322	0.434	-0.112
0.0	0.485	-0.485
0.569	0.249	0.32
0.603	0.455	0.148
0.0	1.0	-1.0
0.858	1.0	-0.142
0.455	0.453	0.002
0.982	0.944	0.038
1.0	0.948	0.052
0.495	0.366	0.129
0.472	0.408	0.064
0.456	0.477	-0.021
0.383	0.357	0.026
0.671	0.731	-0.06
0.122	0.186	-0.064
0.169	0.295	-0.126
1.0	0.845	0.155
0.456	0.591	-0.135
0.0	0.325	-0.325
0.0	0.637	-0.637
0.493	0.807	-0.314
0.667	0.607	0.06
0.675	0.623	0.052
0.054	0.0	0.054
0.538	0.851	-0.313
0.529	0.413	0.116
0.221	0.039	0.182
0.088	0.0	0.088
0.098	0.0	0.098
0.137	0.0	0.137
0.483	0.594	-0.111
0.477	0.631	-0.154
0.63	0.696	-0.066
0.701	0.913	-0.212
0.319	0.508	-0.189
0.153	0.283	-0.13
0.469	0.0	0.469
0.514	0.434	0.08
0.296	0.633	-0.337
0.783	0.831	-0.048
0.637	0.617	0.02
0.501	0.0	0.501
0.03	0.0	0.03
0.002	0.0	0.002
0.382	0.594	-0.212
0.637	0.475	0.162
0.544	0.285	0.259
0.656	0.595	0.061
0.065	0.147	-0.082
0.504	0.0	0.504
0.033	0.0	0.033
0.132	0.058	0.074
0.0	0.915	-0.915
0.306	0.41	-0.104
0.637	0.65	-0.013
0.689	0.326	0.363
0.453	0.626	-0.173
0.612	1.0	-0.388
0.644	0.771	-0.127
0.181	0.178	0.003
0.393	0.476	-0.083
0.062	0.529	-0.467
0.006	0.001	0.005
1.0	0.773	0.227
1.0	0.816	0.184
1.0	0.289	0.711
1.0	0.97	0.03
1.0	0.694	0.306
1.0	0.746	0.254
1.0	0.307	0.693
1.0	0.972	0.028
1.0	0.267	0.733
1.0	0.967	0.033
1.0	0.968	0.032
1.0	0.975	0.025
1.0	0.987	0.013
0.985	0.988	-0.003
0.514	1.0	-0.486
0.038	0.135	-0.097
0.374	1.0	-0.626
0.367	0.525	-0.158
0.784	0.956	-0.172
0.0	0.333	-0.333
0.04	0.349	-0.309
0.323	0.305	0.018
0.0	0.013	-0.013
0.652	0.599	0.053
0.389	0.554	-0.165
0.77	0.614	0.156
0.0	0.014	-0.014
0.403	0.466	-0.063
0.453	0.317	0.136
0.493	0.198	0.295
0.517	0.619	-0.102
0.198	0.712	-0.514
0.496	0.799	-0.303
0.662	0.672	-0.01
0.558	0.498	0.06
0.268	0.572	-0.304
0.379	0.428	-0.049
0.335	0.0	0.335
0.697	0.744	-0.047
1.0	0.875	0.125
0.93	0.752	0.178
0.872	0.785	0.087
0.514	0.55	-0.036
0.0	0.947	-0.947
0.097	0.0	0.097
0.178	0.0	0.178
0.318	0.505	-0.187
0.277	0.483	-0.206
0.504	0.025	0.479
1.0	0.052	0.948
1.0	0.084	0.916
0.702	0.61	0.092
0.509	0.425	0.084
0.0	0.01	-0.01
0.023	0.111	-0.088
0.0	0.055	-0.055
1.0	0.981	0.019
0.426	0.604	-0.178
0.236	0.689	-0.453
0.354	0.159	0.195
0.187	0.444	-0.257
0.186	0.443	-0.257
0.0	0.0	0.0
0.297	0.105	0.192
0.537	0.347	0.19
0.012	0.007	0.005
0.336	0.411	-0.075
0.645	0.34	0.305
0.785	0.558	0.227
0.871	0.776	0.095
0.716	0.654	0.062
0.55	0.536	0.014
0.777	0.405	0.372
0.407	0.506	-0.099
0.236	0.38	-0.144
0.348	0.343	0.005
0.067	0.239	-0.172
0.444	0.0	0.444
0.244	0.521	-0.277
0.639	0.368	0.271
0.368	0.535	-0.167
0.785	0.778	0.007
1.0	0.0	1.0
0.369	0.426	-0.057
0.386	0.574	-0.188
0.399	0.395	0.004
0.433	0.645	-0.212
0.441	0.408	0.033
0.777	0.529	0.248
0.0	0.605	-0.605
0.474	0.383	0.091
0.47	0.606	-0.136
0.555	0.59	-0.035
0.357	0.39	-0.033
0.661	0.3	0.361
0.334	0.538	-0.204
0.094	0.051	0.043
0.126	0.186	-0.06
0.539	0.746	-0.207
0.335	0.838	-0.503
0.336	0.836	-0.5
0.345	0.69	-0.345
0.303	0.463	-0.16
0.372	0.292	0.08
0.01	0.0	0.01
0.543	0.701	-0.158
0.03	0.0	0.03
0.897	1.0	-0.103
1.0	0.648	0.352
0.329	0.0	0.329
0.009	0.0	0.009
0.805	0.581	0.224
0.214	0.379	-0.165
0.737	0.802	-0.065
0.255	0.0	0.255
0.757	0.662	0.095
0.661	1.0	-0.339
0.044	0.052	-0.008
1.0	0.704	0.296
1.0	0.997	0.003
0.061	0.262	-0.201
0.5	0.616	-0.116
0.552	0.064	0.488
0.432	0.124	0.308
0.0	0.018	-0.018
0.543	0.477	0.066
0.557	0.669	-0.112
0.217	0.441	-0.224
0.657	0.721	-0.064
0.28	0.475	-0.195
0.266	0.578	-0.312
0.312	0.471	-0.159
0.306	0.119	0.187
0.781	0.853	-0.072
0.867	0.476	0.391
0.964	0.672	0.292
1.0	0.956	0.044
0.346	0.418	-0.072
0.48	0.448	0.032
0.929	0.749	0.18
0.38	0.553	-0.173
0.537	0.455	0.082
0.721	0.728	-0.007
0.997	0.996	0.001
0.423	0.211	0.212
0.023	0.0	0.023
0.801	0.68	0.121
0.666	0.191	0.475
0.638	0.215	0.423
1.0	0.0	1.0
0.541	0.0	0.541
0.514	0.0	0.514
0.599	0.495	0.104
0.0	0.182	-0.182
0.0	0.4	-0.4
0.361	0.167	0.194
0.0	0.359	-0.359
0.242	0.511	-0.269
0.213	0.0	0.213
1.0	0.72	0.28
0.305	0.58	-0.275
0.021	0.011	0.01
0.564	0.461	0.103
0.374	0.439	-0.065
0.573	0.588	-0.015
0.0	0.434	-0.434
0.568	0.345	0.223
0.5	0.575	-0.075
0.537	0.753	-0.216
0.689	0.805	-0.116
0.371	0.445	-0.074
0.025	0.098	-0.073
0.415	0.412	0.003
0.0	0.016	-0.016
0.318	0.566	-0.248
0.432	0.509	-0.077
0.674	0.542	0.132
0.238	0.472	-0.234
0.355	0.0	0.355
0.701	0.59	0.111
0.229	0.56	-0.331
0.007	0.078	-0.071
0.215	0.398	-0.183
0.397	0.088	0.309
0.0	0.049	-0.049
0.021	0.039	-0.018
0.888	0.857	0.031
0.593	0.63	-0.037
0.0	0.006	-0.006
0.0	0.25	-0.25
0.353	0.224	0.129
0.656	0.97	-0.314
0.901	0.813	0.088
0.361	0.391	-0.03
0.755	0.546	0.209
1.0	0.162	0.838
0.422	0.466	-0.044
0.046	0.061	-0.015
0.031	0.046	-0.015
0.373	0.108	0.265
0.805	0.247	0.558
0.556	0.901	-0.345
0.002	0.016	-0.014
0.383	0.554	-0.171
0.451	0.135	0.316
0.248	0.272	-0.024
0.048	0.974	-0.926
0.133	0.424	-0.291
0.513	0.506	0.007
0.98	0.988	-0.008
0.0	0.003	-0.003
0.319	0.393	-0.074
0.281	0.267	0.014
0.559	0.605	-0.046
0.404	0.527	-0.123
0.92	0.667	0.253
0.0	1.0	-1.0
1.0	0.208	0.792
0.693	1.0	-0.307
0.349	0.324	0.025
0.075	0.065	0.01
0.0	0.625	-0.625
0.462	0.383	0.079
0.747	0.684	0.063
0.579	0.261	0.318
0.364	0.492	-0.128
0.645	0.68	-0.035
0.297	1.0	-0.703
0.0	0.221	-0.221
1.0	0.823	0.177
0.814	0.856	-0.042
0.006	0.0	0.006
0.484	0.615	-0.131
0.653	0.37	0.283
0.181	0.393	-0.212
0.08	0.398	-0.318
0.607	0.752	-0.145
0.225	0.692	-0.467
0.172	0.505	-0.333
0.341	0.645	-0.304
0.974	0.992	-0.018
0.146	0.247	-0.101
0.465	0.275	0.19
0.548	0.601	-0.053
0.311	0.357	-0.046
0.35	0.0	0.35
0.426	0.362	0.064
0.0	0.699	-0.699
0.286	0.428	-0.142
0.528	0.852	-0.324
0.474	0.0	0.474
0.447	0.0	0.447
0.965	0.962	0.003
0.235	0.345	-0.11
0.015	0.0	0.015
0.532	0.812	-0.28
0.463	0.441	0.022
0.39	0.429	-0.039
0.166	0.204	-0.038
0.367	0.794	-0.427
0.94	0.943	-0.003
0.799	0.504	0.295
0.452	0.532	-0.08
0.088	0.066	0.022
0.406	0.52	-0.114
1.0	0.715	0.285
0.182	1.0	-0.818
0.193	0.0	0.193
1.0	0.865	0.135
0.999	0.997	0.002
0.4	0.068	0.332
0.969	0.956	0.013
1.0	0.859	0.141
0.579	0.178	0.401
0.587	0.709	-0.122
0.533	0.803	-0.27
0.334	0.521	-0.187
0.961	1.0	-0.039
0.428	0.279	0.149
0.386	0.295	0.091
1.0	0.987	0.013
0.638	0.0	0.638
0.103	0.16	-0.057
0.105	0.0	0.105
0.462	0.604	-0.142
0.346	0.625	-0.279
0.417	0.387	0.03
0.267	0.0	0.267
0.837	0.282	0.555
0.0	0.012	-0.012
0.0	0.038	-0.038
1.0	0.719	0.281
0.281	0.175	0.106
0.303	0.469	-0.166
0.532	0.73	-0.198
0.0	0.452	-0.452
0.869	0.986	-0.117
0.057	0.0	0.057
0.0	0.206	-0.206
0.272	0.618	-0.346
0.323	0.578	-0.255
0.21	0.065	0.145
0.406	0.185	0.221
0.503	0.594	-0.091
0.488	0.623	-0.135
0.82	0.955	-0.135
0.418	0.638	-0.22
0.525	0.833	-0.308
0.968	1.0	-0.032
0.237	0.316	-0.079
0.0	0.308	-0.308
0.367	0.434	-0.067
0.343	0.455	-0.112
0.06	0.277	-0.217
0.148	0.386	-0.238
0.0	0.137	-0.137
0.001	0.001	0.0
0.02	0.02	0.0
0.827	1.0	-0.173
0.691	0.878	-0.187
0.763	0.899	-0.136
1.0	0.905	0.095
0.0	0.055	-0.055
0.785	1.0	-0.215
0.589	0.682	-0.093
0.224	0.0	0.224
1.0	0.0	1.0
0.166	0.0	0.166
1.0	0.458	0.542
0.887	1.0	-0.113
0.865	1.0	-0.135
0.586	0.683	-0.097
0.0	0.653	-0.653
0.999	1.0	-0.001
0.861	0.819	0.042
0.556	0.843	-0.287
0.613	0.667	-0.054
0.0	0.289	-0.289
0.827	1.0	-0.173
0.0	0.538	-0.538
0.745	0.724	0.021
0.532	0.086	0.446
0.79	0.591	0.199
0.235	0.36	-0.125
0.315	0.0	0.315
0.121	0.0	0.121
0.0	0.117	-0.117
0.0	0.173	-0.173
1.0	0.0	1.0
0.504	0.401	0.103
0.311	0.526	-0.215
0.301	0.505	-0.204
0.088	0.238	-0.15
0.031	0.072	-0.041
0.539	0.525	0.014
0.596	0.504	0.092
0.601	0.705	-0.104
0.37	0.496	-0.126
0.547	0.682	-0.135
0.47	0.241	0.229
0.13	0.401	-0.271
0.0	0.029	-0.029
0.067	0.279	-0.212
1.0	0.733	0.267
1.0	0.742	0.258
0.505	0.297	0.208
0.511	0.481	0.03
0.866	1.0	-0.134
0.959	0.973	-0.014
0.284	0.374	-0.09
0.863	0.881	-0.018
0.578	0.615	-0.037
0.17	0.102	0.068
0.342	0.247	0.095
0.019	0.0	0.019
0.459	0.517	-0.058
0.825	0.734	0.091
0.251	0.533	-0.282
0.424	0.457	-0.033
0.41	0.592	-0.182
0.293	0.567	-0.274
0.528	0.529	-0.001
0.207	0.307	-0.1
0.925	0.902	0.023
0.784	0.583	0.201
0.446	0.871	-0.425
0.054	0.365	-0.311
0.554	0.62	-0.066
0.24	0.401	-0.161
0.749	0.642	0.107
0.56	0.497	0.063
0.31	0.415	-0.105
0.239	0.268	-0.029
0.597	0.494	0.103
0.301	0.547	-0.246
0.078	0.174	-0.096
0.301	0.49	-0.189
0.964	0.999	-0.035
0.929	0.998	-0.069
0.226	0.423	-0.197
0.32	0.486	-0.166
0.581	0.379	0.202
0.352	0.669	-0.317
0.325	0.364	-0.039
0.009	0.017	-0.008
0.29	0.447	-0.157
0.308	0.834	-0.526
0.773	0.287	0.486
0.338	0.378	-0.04
0.171	0.0	0.171
0.349	0.869	-0.52
0.497	1.0	-0.503
0.499	0.627	-0.128
0.268	0.201	0.067
0.527	0.597	-0.07
0.24	0.357	-0.117
0.776	0.648	0.128
0.504	0.411	0.093
0.165	0.758	-0.593
0.498	0.502	-0.004
0.557	0.0	0.557
0.373	0.323	0.05
0.647	0.772	-0.125
0.0	0.002	-0.002
0.392	0.603	-0.211
0.001	0.002	-0.001
0.001	0.001	0.0
0.264	0.584	-0.32
0.402	0.459	-0.057
0.397	0.503	-0.106
0.114	0.097	0.017
0.527	0.448	0.079
0.498	0.566	-0.068
0.337	0.482	-0.145
0.722	1.0	-0.278
0.72	1.0	-0.28
0.423	0.408	0.015
0.291	0.464	-0.173
0.892	1.0	-0.108
0.386	0.46	-0.074
0.608	0.628	-0.02
1.0	0.705	0.295
0.655	0.79	-0.135
0.441	0.564	-0.123
0.07	0.126	-0.056
0.309	0.513	-0.204
0.356	0.209	0.147
0.742	0.859	-0.117
0.742	0.859	-0.117
1.0	0.603	0.397
0.619	0.699	-0.08
0.263	0.319	-0.056
0.539	1.0	-0.461
0.327	0.293	0.034
0.171	0.0	0.171
0.008	0.0	0.008
0.154	0.128	0.026
0.222	0.0	0.222
0.257	0.129	0.128
0.231	0.772	-0.541
0.504	0.279	0.225
0.0	0.063	-0.063
0.0	0.063	-0.063
1.0	0.788	0.212
0.016	0.0	0.016
0.337	0.342	-0.005
0.469	0.517	-0.048
0.374	0.553	-0.179
0.353	0.387	-0.034
0.368	0.399	-0.031
0.14	0.162	-0.022
0.471	0.906	-0.435
0.437	0.643	-0.206
0.38	0.604	-0.224
0.607	0.612	-0.005
0.381	0.494	-0.113
0.879	0.955	-0.076
0.332	0.148	0.184
1.0	0.41	0.59
0.0	0.341	-0.341
0.25	0.31	-0.06
0.238	0.774	-0.536
0.353	1.0	-0.647
0.536	0.307	0.229
0.134	0.025	0.109
0.596	0.086	0.51
0.0	1.0	-1.0
0.387	0.458	-0.071
1.0	0.999	0.001
0.321	0.601	-0.28
0.502	0.59	-0.088
0.091	0.323	-0.232
0.496	0.569	-0.073
0.459	0.371	0.088
0.482	0.386	0.096
0.151	0.311	-0.16
0.0	0.097	-0.097
0.454	1.0	-0.546
0.737	0.534	0.203
0.546	0.5	0.046
0.298	0.313	-0.015
0.554	0.473	0.081
0.425	0.258	0.167
0.278	0.17	0.108
0.393	0.644	-0.251
0.433	0.0	0.433
0.104	0.399	-0.295
0.0	0.209	-0.209
0.778	0.828	-0.05
0.0	0.545	-0.545
1.0	0.493	0.507
0.0	0.951	-0.951
0.664	0.874	-0.21
0.88	1.0	-0.12
0.513	1.0	-0.487
0.365	0.494	-0.129
0.685	0.722	-0.037
0.385	0.108	0.277
0.391	0.202	0.189
0.695	0.576	0.119
0.482	0.435	0.047
0.797	0.972	-0.175
0.737	1.0	-0.263
0.424	0.553	-0.129
0.792	0.732	0.06
0.0	0.414	-0.414
0.519	0.855	-0.336
0.353	0.483	-0.13
0.987	0.993	-0.006
0.229	0.448	-0.219
0.201	0.419	-0.218
0.234	0.371	-0.137
0.614	0.848	-0.234
0.275	0.43	-0.155
0.472	0.523	-0.051
0.657	0.625	0.032
0.174	0.662	-0.488
0.58	1.0	-0.42
0.412	1.0	-0.588
0.004	0.0	0.004
0.0	0.396	-0.396
0.0	0.33	-0.33
0.0	0.322	-0.322
0.0	0.35	-0.35
0.0	0.447	-0.447
0.0	0.527	-0.527
0.0	0.44	-0.44
0.347	0.384	-0.037
1.0	0.144	0.856
0.037	0.0	0.037
0.065	0.0	0.065
0.021	0.0	0.021
0.021	0.0	0.021
0.239	0.418	-0.179
0.237	0.416	-0.179
0.0	0.316	-0.316
0.338	0.466	-0.128
0.356	0.496	-0.14
0.256	0.41	-0.154
0.278	0.181	0.097
0.159	0.154	0.005
0.112	0.305	-0.193
0.567	0.316	0.251
0.212	0.301	-0.089
0.639	0.524	0.115
0.264	0.377	-0.113
0.963	1.0	-0.037
0.284	0.452	-0.168
0.554	0.912	-0.358
0.292	0.654	-0.362
0.268	0.267	0.001
0.544	0.502	0.042
0.296	0.287	0.009
0.319	0.387	-0.068
0.232	0.413	-0.181
1.0	0.992	0.008
0.0	0.204	-0.204
0.349	0.471	-0.122
0.281	0.425	-0.144
0.602	0.824	-0.222
0.352	0.397	-0.045
0.326	0.41	-0.084
0.485	0.562	-0.077
0.664	0.922	-0.258
0.0	0.37	-0.37
0.033	0.048	-0.015
0.458	0.433	0.025
0.629	0.696	-0.067
0.404	0.411	-0.007
0.555	0.371	0.184
0.216	0.568	-0.352
0.971	0.92	0.051
0.764	0.817	-0.053
0.189	0.339	-0.15
0.143	0.0	0.143
0.143	0.0	0.143
0.888	0.958	-0.07
0.979	1.0	-0.021
0.985	1.0	-0.015
1.0	0.753	0.247
0.44	0.307	0.133
0.606	0.682	-0.076
0.066	0.112	-0.046
0.239	0.395	-0.156
0.248	0.249	-0.001
0.3	0.279	0.021
0.081	0.098	-0.017
0.413	0.671	-0.258
0.323	0.0	0.323
0.587	0.347	0.24
0.0	0.273	-0.273
0.638	0.736	-0.098
0.541	1.0	-0.459
0.416	0.506	-0.09
0.938	0.906	0.032
0.546	0.36	0.186
0.327	0.208	0.119
0.569	0.619	-0.05
0.561	0.759	-0.198
0.04	0.0	0.04
0.222	0.378	-0.156
0.405	0.522	-0.117
0.0	0.439	-0.439
0.488	0.52	-0.032
0.378	0.219	0.159
0.567	0.625	-0.058
0.182	0.5	-0.318
0.224	0.272	-0.048
0.764	0.576	0.188
0.324	1.0	-0.676
0.256	0.522	-0.266
0.892	0.644	0.248
0.668	0.943	-0.275
0.598	0.811	-0.213
0.416	0.339	0.077
0.335	0.406	-0.071
0.235	0.362	-0.127
0.42	0.325	0.095
0.313	0.444	-0.131
0.0	0.734	-0.734
0.405	0.541	-0.136
0.466	0.461	0.005
0.023	0.0	0.023
1.0	0.906	0.094
0.273	0.33	-0.057
0.714	0.535	0.179
0.379	0.247	0.132
0.504	0.558	-0.054
0.208	0.418	-0.21
0.015	0.0	0.015
0.712	0.834	-0.122
0.366	0.291	0.075
0.04	0.037	0.003
0.303	0.449	-0.146
0.537	0.618	-0.081
0.457	0.533	-0.076
0.298	0.345	-0.047
0.351	0.394	-0.043
0.145	0.0	0.145
0.447	0.0	0.447
0.0	0.381	-0.381
1.0	0.752	0.248
1.0	0.765	0.235
0.823	0.6	0.223
0.52	0.407	0.113
0.162	0.0	0.162
0.362	0.343	0.019
0.907	0.185	0.722
0.354	0.616	-0.262
0.855	0.067	0.788
0.426	0.352	0.074
0.072	0.438	-0.366
0.798	1.0	-0.202
0.537	0.722	-0.185
0.345	0.57	-0.225
0.367	0.548	-0.181
0.149	0.285	-0.136
0.315	0.839	-0.524
0.215	0.417	-0.202
0.235	0.0	0.235
0.71	0.738	-0.028
0.719	0.626	0.093
0.342	0.192	0.15
0.679	0.288	0.391
0.809	0.672	0.137
0.273	0.374	-0.101
0.0	0.193	-0.193
0.0	0.049	-0.049
0.831	0.81	0.021
0.242	0.4	-0.158
0.74	0.7	0.04
0.426	0.513	-0.087
0.372	0.411	-0.039
0.344	0.492	-0.148
0.223	0.207	0.016
0.896	1.0	-0.104
0.046	0.0	0.046
0.362	0.301	0.061
1.0	0.242	0.758
0.561	0.446	0.115
0.3	0.331	-0.031
0.462	0.29	0.172
0.366	0.269	0.097
0.734	1.0	-0.266
0.771	1.0	-0.229
0.655	0.42	0.235
0.423	0.352	0.071
0.258	0.362	-0.104
0.291	0.407	-0.116
1.0	0.599	0.401
0.5	0.657	-0.157
1.0	0.678	0.322
0.543	0.702	-0.159
0.454	0.613	-0.159
0.811	0.788	0.023
0.362	0.379	-0.017
0.716	0.775	-0.059
0.936	1.0	-0.064
0.949	1.0	-0.051
0.492	0.419	0.073
0.662	0.605	0.057
0.662	0.581	0.081
0.049	0.0	0.049
0.095	0.0	0.095
0.582	0.902	-0.32
0.297	0.245	0.052
0.5	0.452	0.048
0.143	0.0	0.143
1.0	0.985	0.015
0.275	0.279	-0.004
0.535	1.0	-0.465
0.509	0.575	-0.066
0.091	0.008	0.083
0.055	0.216	-0.161
0.0	0.44	-0.44
0.108	0.375	-0.267
0.412	0.655	-0.243
0.528	0.311	0.217
0.177	0.139	0.038
0.427	0.434	-0.007
1.0	0.0	1.0
0.605	0.872	-0.267
0.966	0.0	0.966
1.0	0.267	0.733
0.0	0.584	-0.584
0.148	0.197	-0.049
0.105	0.21	-0.105
0.348	0.704	-0.356
0.505	0.073	0.432
0.987	1.0	-0.013
0.992	1.0	-0.008
0.983	1.0	-0.017
0.973	1.0	-0.027
0.475	0.16	0.315
0.402	0.554	-0.152
0.336	0.441	-0.105
0.659	0.61	0.049
0.546	0.235	0.311
0.933	0.671	0.262
0.789	0.46	0.329
1.0	0.07	0.93
0.441	0.628	-0.187
0.526	0.345	0.181
0.254	0.0	0.254
0.476	0.406	0.07
0.578	1.0	-0.422
0.433	0.438	-0.005
0.519	0.405	0.114
0.496	0.504	-0.008
0.253	0.553	-0.3
0.582	0.6	-0.018
0.682	0.594	0.088
1.0	0.744	0.256
0.016	0.077	-0.061
0.355	0.2	0.155
0.137	0.0	0.137
1.0	0.188	0.812
0.446	0.328	0.118
0.0	0.455	-0.455
0.0	0.39	-0.39
0.548	0.515	0.033
0.311	0.327	-0.016
0.0	0.511	-0.511
0.52	0.264	0.256
0.0	0.506	-0.506
0.0	1.0	-1.0
0.587	0.61	-0.023
0.65	0.671	-0.021
1.0	0.903	0.097
0.527	0.65	-0.123
0.297	0.46	-0.163
0.262	0.503	-0.241
0.478	0.467	0.011
0.206	0.349	-0.143
0.0	0.825	-0.825
0.209	0.39	-0.181
0.291	0.796	-0.505
0.0	1.0	-1.0
0.108	0.086	0.022
0.0	0.275	-0.275
0.568	0.542	0.026
0.146	0.486	-0.34
0.886	0.491	0.395
0.106	0.101	0.005
0.291	0.31	-0.019
0.116	1.0	-0.884
0.401	0.667	-0.266
0.061	0.305	-0.244
0.6	0.615	-0.015
0.103	0.291	-0.188
0.187	0.103	0.084
0.0	0.12	-0.12
0.839	0.873	-0.034
0.0	1.0	-1.0
0.194	0.186	0.008
0.254	0.24	0.014
0.367	0.408	-0.041
0.388	0.537	-0.149
0.192	0.267	-0.075
0.385	0.441	-0.056
0.42	0.508	-0.088
0.0	0.409	-0.409
0.584	0.403	0.181
0.0	0.016	-0.016
0.504	0.561	-0.057
0.474	0.406	0.068
1.0	0.578	0.422
0.0	0.365	-0.365
0.653	0.111	0.542
0.0	0.794	-0.794
0.123	0.145	-0.022
0.006	0.008	-0.002
0.048	0.029	0.019
0.184	0.469	-0.285
0.702	0.685	0.017
0.555	0.934	-0.379
0.8	1.0	-0.2
0.746	0.802	-0.056
0.137	0.315	-0.178
0.185	0.532	-0.347
1.0	0.832	0.168
0.377	0.466	-0.089
0.533	0.269	0.264
0.693	0.788	-0.095
0.383	0.675	-0.292
0.833	0.848	-0.015
0.009	0.032	-0.023
0.006	0.013	-0.007
0.061	0.079	-0.018
0.009	0.029	-0.02
1.0	0.962	0.038
0.151	0.169	-0.018
0.0	0.193	-0.193
0.267	0.304	-0.037
0.047	0.219	-0.172
0.045	0.181	-0.136
0.16	0.37	-0.21
0.0	1.0	-1.0
0.0	1.0	-1.0
0.322	0.713	-0.391
0.223	0.307	-0.084
0.212	0.366	-0.154
0.347	0.334	0.013
0.55	0.698	-0.148
0.146	0.706	-0.56
0.437	0.336	0.101
0.849	0.0	0.849
0.0	0.51	-0.51
0.41	0.904	-0.494
0.177	0.334	-0.157
0.911	1.0	-0.089
0.0	0.237	-0.237
1.0	0.544	0.456
0.047	0.0	0.047
0.477	0.561	-0.084
0.743	0.565	0.178
0.368	0.0	0.368
0.159	0.008	0.151
1.0	0.45	0.55
0.536	0.883	-0.347
0.297	0.411	-0.114
1.0	0.413	0.587
1.0	0.473	0.527
0.411	0.561	-0.15
0.75	0.783	-0.033
0.857	1.0	-0.143
0.842	0.266	0.576
0.47	0.471	-0.001
0.523	0.469	0.054
0.0	0.109	-0.109
1.0	0.597	0.403
0.192	0.148	0.044
0.186	0.096	0.09
0.49	0.38	0.11
1.0	0.711	0.289
0.271	0.542	-0.271
0.444	0.346	0.098
0.816	0.917	-0.101
0.978	0.948	0.03
0.978	0.92	0.058
0.25	0.428	-0.178
0.356	0.823	-0.467
0.0	0.016	-0.016
0.689	0.539	0.15
0.393	0.486	-0.093
1.0	0.158	0.842
1.0	0.276	0.724
1.0	0.251	0.749
0.0	0.311	-0.311
0.606	0.524	0.082
0.0	0.0	0.0
0.001	0.001	0.0
0.006	0.015	-0.009
0.0	0.034	-0.034
0.504	0.532	-0.028
0.266	0.298	-0.032
1.0	0.381	0.619
0.243	0.452	-0.209
0.263	0.792	-0.529
0.678	0.474	0.204
0.184	0.419	-0.235
0.649	0.623	0.026
0.609	0.537	0.072
0.488	0.357	0.131
0.195	0.471	-0.276
0.25	0.357	-0.107
0.707	0.789	-0.082
0.056	0.111	-0.055
0.494	0.474	0.02
0.207	0.307	-0.1
0.096	0.122	-0.026
0.989	1.0	-0.011
0.005	0.0	0.005
0.298	0.0	0.298
0.061	0.0	0.061
0.309	0.435	-0.126
0.349	0.656	-0.307
1.0	0.752	0.248
0.0	0.084	-0.084
0.27	0.231	0.039
1.0	0.418	0.582
0.408	0.421	-0.013
0.0	0.034	-0.034
0.0	0.602	-0.602
0.29	0.699	-0.409
0.295	0.599	-0.304
0.446	0.585	-0.139
0.863	0.812	0.051
0.394	0.843	-0.449
0.974	0.98	-0.006
0.966	0.918	0.048
0.015	0.076	-0.061
0.074	0.294	-0.22
0.642	0.644	-0.002
0.429	0.702	-0.273
0.479	0.534	-0.055
0.445	0.462	-0.017
0.483	0.451	0.032
0.233	0.482	-0.249
0.0	1.0	-1.0
0.49	0.468	0.022
0.298	0.087	0.211
0.729	0.884	-0.155
0.662	0.78	-0.118
0.719	0.793	-0.074
0.0	0.316	-0.316
0.347	0.463	-0.116
0.367	0.499	-0.132
0.42	0.491	-0.071
0.035	0.0	0.035
0.199	0.536	-0.337
0.0	0.268	-0.268
0.053	0.124	-0.071
0.069	0.135	-0.066
0.215	0.0	0.215
0.571	0.489	0.082
0.144	0.239	-0.095
0.685	0.703	-0.018
0.549	0.569	-0.02
0.874	0.786	0.088
0.928	0.883	0.045
0.878	0.808	0.07
0.877	0.794	0.083
0.389	0.432	-0.043
0.0	0.763	-0.763
0.82	0.881	-0.061
0.238	0.416	-0.178
0.944	1.0	-0.056
0.309	0.519	-0.21
0.351	0.752	-0.401
0.395	0.52	-0.125
0.556	0.659	-0.103
0.563	0.637	-0.074
0.389	0.51	-0.121
0.105	0.044	0.061
0.292	0.534	-0.242
0.0	0.51	-0.51
1.0	0.659	0.341
0.666	0.449	0.217
0.33	0.548	-0.218
0.0	0.533	-0.533
1.0	0.6	0.4
0.19	0.231	-0.041
0.295	0.43	-0.135
0.963	1.0	-0.037
0.259	0.675	-0.416
0.122	0.387	-0.265
0.402	0.508	-0.106
0.491	0.491	0.0
0.744	0.799	-0.055
0.132	1.0	-0.868
0.0	0.458	-0.458
0.0	0.695	-0.695
0.545	0.47	0.075
0.859	0.698	0.161
0.236	0.241	-0.005
0.248	0.388	-0.14
1.0	0.688	0.312
0.148	0.401	-0.253
0.279	0.629	-0.35
0.887	0.745	0.142
0.596	0.604	-0.008
0.461	0.65	-0.189
0.552	0.552	0.0
1.0	0.124	0.876
0.0	0.056	-0.056
0.0	0.443	-0.443
0.327	0.582	-0.255
0.291	0.474	-0.183
0.195	1.0	-0.805
0.302	0.726	-0.424
0.396	0.763	-0.367
0.143	0.322	-0.179
0.259	0.763	-0.504
0.392	0.521	-0.129
0.331	0.672	-0.341
0.417	0.47	-0.053
0.615	0.0	0.615
0.25	0.457	-0.207
0.343	0.562	-0.219
0.584	0.103	0.481
0.0	1.0	-1.0
0.83	0.863	-0.033
0.959	0.668	0.291
0.0	0.599	-0.599
0.402	0.41	-0.008
0.724	0.557	0.167
0.379	0.495	-0.116
0.0	0.058	-0.058
0.422	0.577	-0.155
0.467	0.59	-0.123
0.341	0.504	-0.163
0.757	1.0	-0.243
0.434	0.246	0.188
0.185	0.217	-0.032
0.0	0.712	-0.712
1.0	0.995	0.005
1.0	0.994	0.006
0.569	0.472	0.097
0.307	0.33	-0.023
1.0	0.0	1.0
0.755	0.0	0.755
0.0	0.734	-0.734
0.451	0.446	0.005
0.691	0.489	0.202
0.087	0.16	-0.073
0.206	0.185	0.021
0.342	0.481	-0.139
0.109	0.241	-0.132
0.0	0.078	-0.078
0.481	1.0	-0.519
0.412	0.554	-0.142
1.0	0.658	0.342
0.261	0.837	-0.576
0.215	0.438	-0.223
0.0	0.115	-0.115
0.586	0.485	0.101
0.889	0.516	0.373
0.004	0.0	0.004
0.004	0.0	0.004
0.004	0.004	0.0
0.029	0.022	0.007
0.733	0.4	0.333
0.192	0.238	-0.046
1.0	0.329	0.671
0.625	1.0	-0.375
0.56	1.0	-0.44
0.154	0.171	-0.017
0.355	0.347	0.008
0.274	0.368	-0.094
0.249	0.396	-0.147
0.388	0.429	-0.041
0.0	0.035	-0.035
0.915	0.989	-0.074
0.219	0.0	0.219
0.846	0.144	0.702
0.62	0.566	0.054
0.399	0.449	-0.05
1.0	0.0	1.0
1.0	0.0	1.0
0.413	0.57	-0.157
0.867	0.158	0.709
0.615	0.756	-0.141
0.376	0.249	0.127
1.0	0.807	0.193
1.0	0.78	0.22
0.547	0.566	-0.019
0.924	0.73	0.194
0.336	0.554	-0.218
0.0	0.056	-0.056
0.0	0.042	-0.042
0.445	0.262	0.183
1.0	0.0	1.0
0.442	0.527	-0.085
0.83	1.0	-0.17
0.537	0.724	-0.187
0.252	0.169	0.083
0.06	0.0	0.06
0.043	0.0	0.043
0.488	0.471	0.017
0.824	0.804	0.02
0.702	0.0	0.702
0.545	1.0	-0.455
0.648	0.255	0.393
0.493	0.775	-0.282
0.278	0.49	-0.212
0.211	0.282	-0.071
0.316	0.279	0.037
0.308	0.407	-0.099
0.678	0.64	0.038
0.096	0.162	-0.066
0.136	0.122	0.014
0.0	0.388	-0.388
0.114	0.0	0.114
0.042	0.021	0.021
0.048	0.109	-0.061
0.426	0.693	-0.267
0.127	0.0	0.127
0.75	0.667	0.083
0.502	0.205	0.297
0.0	0.608	-0.608
0.71	0.265	0.445
0.679	0.801	-0.122
0.48	0.47	0.01
0.253	0.178	0.075
0.149	0.391	-0.242
0.342	0.367	-0.025
0.04	0.08	-0.04
0.364	0.527	-0.163
0.493	0.568	-0.075
0.856	0.89	-0.034
0.809	0.788	0.021
0.576	0.602	-0.026
0.839	0.775	0.064
0.5	0.806	-0.306
0.484	0.536	-0.052
0.414	0.427	-0.013
0.642	0.642	0.0
0.075	0.107	-0.032
0.615	1.0	-0.385
0.236	0.067	0.169
0.0	1.0	-1.0
0.06	0.31	-0.25
0.321	0.0	0.321
0.01	0.05	-0.04
0.143	0.107	0.036
0.111	0.133	-0.022
0.437	0.539	-0.102
0.64	0.843	-0.203
0.775	0.948	-0.173
0.56	0.852	-0.292
0.476	0.396	0.08
0.553	0.667	-0.114
0.103	0.291	-0.188
0.219	0.393	-0.174
0.574	0.797	-0.223
0.085	0.058	0.027
1.0	0.955	0.045
1.0	0.955	0.045
1.0	0.81	0.19
0.169	0.222	-0.053
0.431	0.637	-0.206
1.0	0.155	0.845
0.345	0.382	-0.037
0.202	0.328	-0.126
0.452	0.597	-0.145
0.345	0.625	-0.28
0.39	0.529	-0.139
0.613	0.731	-0.118
0.638	0.863	-0.225
0.527	1.0	-0.473
0.265	0.0	0.265
0.66	0.876	-0.216
0.272	0.486	-0.214
0.055	0.0	0.055
0.498	0.694	-0.196
1.0	0.0	1.0
1.0	0.0	1.0
0.217	0.341	-0.124
0.55	0.708	-0.158
0.526	0.665	-0.139
0.0	0.211	-0.211
0.0	0.268	-0.268
0.395	0.358	0.037
0.858	0.786	0.072
0.312	0.404	-0.092
0.272	0.089	0.183
0.0	0.262	-0.262
0.472	0.561	-0.089
0.688	0.732	-0.044
0.37	0.409	-0.039
0.414	0.393	0.021
0.0	0.205	-0.205
0.589	0.931	-0.342
0.631	0.705	-0.074
0.42	0.438	-0.018
0.318	0.49	-0.172
0.46	0.0	0.46
0.108	0.155	-0.047
0.425	0.546	-0.121
0.398	0.223	0.175
0.0	0.176	-0.176
0.676	0.643	0.033
0.961	1.0	-0.039
0.902	1.0	-0.098
0.346	0.455	-0.109
0.019	0.059	-0.04
0.685	0.795	-0.11
0.0	0.572	-0.572
0.982	0.956	0.026
0.166	0.242	-0.076
0.171	0.217	-0.046
0.422	0.538	-0.116
0.087	0.64	-0.553
0.325	0.0	0.325
0.649	1.0	-0.351
0.949	0.542	0.407
0.831	1.0	-0.169
0.561	0.825	-0.264
0.462	1.0	-0.538
0.501	1.0	-0.499
0.028	1.0	-0.972
0.364	1.0	-0.636
0.388	1.0	-0.612
0.991	1.0	-0.009
0.994	1.0	-0.006
0.2	0.0	0.2
0.847	0.0	0.847
0.847	0.0	0.847
0.526	0.0	0.526
0.881	0.0	0.881
0.99	0.996	-0.006
0.993	0.996	-0.003
0.284	0.0	0.284
0.931	1.0	-0.069
0.949	1.0	-0.051
0.981	1.0	-0.019
0.982	1.0	-0.018
0.926	0.773	0.153
0.907	0.739	0.168
0.15	0.065	0.085
0.269	0.249	0.02
0.0	0.389	-0.389
1.0	0.675	0.325
0.264	0.294	-0.03
0.806	0.814	-0.008
1.0	0.646	0.354
0.335	0.685	-0.35
0.33	1.0	-0.67
0.581	0.722	-0.141
0.838	0.614	0.224
0.789	0.379	0.41
0.268	0.37	-0.102
0.455	0.111	0.344
0.474	0.35	0.124
1.0	0.538	0.462
0.409	0.211	0.198
0.369	0.628	-0.259
0.999	1.0	-0.001
0.393	0.303	0.09
0.593	0.604	-0.011
0.374	0.0	0.374
0.256	0.344	-0.088
0.57	1.0	-0.43
0.608	0.684	-0.076
0.264	0.317	-0.053
0.421	0.453	-0.032
0.388	0.652	-0.264
0.612	0.689	-0.077
0.677	0.732	-0.055
0.632	0.671	-0.039
0.512	0.65	-0.138
0.555	0.671	-0.116
0.212	0.345	-0.133
0.127	0.216	-0.089
0.82	0.408	0.412
0.381	0.468	-0.087
0.376	0.249	0.127
0.205	0.268	-0.063
0.285	0.0	0.285
0.202	0.0	0.202
0.425	0.0	0.425
0.248	0.0	0.248
0.327	0.0	0.327
0.166	1.0	-0.834
0.462	0.344	0.118
0.605	0.665	-0.06
0.592	0.825	-0.233
0.946	0.959	-0.013
0.171	0.128	0.043
0.864	1.0	-0.136
0.243	0.379	-0.136
0.235	0.066	0.169
0.497	0.46	0.037
0.496	0.718	-0.222
0.018	0.0	0.018
0.317	0.288	0.029
0.32	0.258	0.062
0.321	0.247	0.074
0.48	0.317	0.163
0.796	0.76	0.036
0.2	0.337	-0.137
0.297	0.43	-0.133
0.3	0.404	-0.104
0.299	0.404	-0.105
0.199	0.448	-0.249
0.296	0.589	-0.293
0.221	0.307	-0.086
0.527	0.302	0.225
0.209	0.511	-0.302
0.0	0.009	-0.009
0.0	0.009	-0.009
0.912	0.853	0.059
0.383	0.337	0.046
0.324	0.821	-0.497
0.443	0.929	-0.486
0.988	0.995	-0.007
0.11	0.035	0.075
0.606	0.692	-0.086
0.521	0.531	-0.01
0.454	0.577	-0.123
0.124	0.108	0.016
0.647	0.523	0.124
0.846	0.267	0.579
0.61	0.152	0.458
0.054	0.196	-0.142
0.813	1.0	-0.187
0.242	0.133	0.109
0.226	0.463	-0.237
0.59	0.37	0.22
1.0	0.0	1.0
0.655	0.636	0.019
0.482	0.185	0.297
0.627	1.0	-0.373
0.429	0.617	-0.188
0.021	0.0	0.021
0.325	0.449	-0.124
0.32	0.444	-0.124
0.49	0.41	0.08
0.876	0.644	0.232
0.0	0.018	-0.018
0.044	0.0	0.044
0.306	0.648	-0.342
0.088	0.0	0.088
0.311	0.259	0.052
1.0	0.871	0.129
0.334	0.527	-0.193
0.476	0.671	-0.195
0.582	0.686	-0.104
0.5	0.31	0.19
0.514	0.807	-0.293
0.348	0.309	0.039
0.0	0.05	-0.05
0.0	0.039	-0.039
0.271	0.124	0.147
0.267	0.375	-0.108
1.0	0.779	0.221
1.0	0.937	0.063
0.171	0.79	-0.619
0.768	0.412	0.356
0.778	0.604	0.174
0.838	0.716	0.122
0.0	0.05	-0.05
0.514	0.685	-0.171
0.609	0.782	-0.173
0.0	0.069	-0.069
0.39	0.233	0.157
0.286	0.219	0.067
0.0	0.033	-0.033
0.0	0.02	-0.02
0.385	0.48	-0.095
0.437	0.634	-0.197
0.631	0.871	-0.24
0.195	1.0	-0.805
0.214	0.502	-0.288
0.01	0.028	-0.018
0.716	0.763	-0.047
0.717	0.76	-0.043
0.25	0.719	-0.469
0.924	0.736	0.188
0.664	0.685	-0.021
0.682	0.0	0.682
0.456	0.427	0.029
0.343	0.476	-0.133
1.0	0.966	0.034
0.234	0.224	0.01
0.278	0.248	0.03
0.135	0.369	-0.234
0.331	0.102	0.229
0.103	0.131	-0.028
1.0	0.0	1.0
1.0	0.356	0.644
0.678	0.601	0.077
1.0	0.83	0.17
0.13	0.588	-0.458
0.385	0.483	-0.098
0.096	0.084	0.012
0.779	0.841	-0.062
0.308	0.47	-0.162
0.53	0.733	-0.203
0.112	0.143	-0.031
0.242	0.341	-0.099
0.634	0.485	0.149
0.259	0.381	-0.122
0.467	0.592	-0.125
0.271	0.384	-0.113
0.773	0.499	0.274
0.397	0.438	-0.041
0.437	0.641	-0.204
0.289	0.547	-0.258
0.431	0.324	0.107
0.009	0.005	0.004
0.0	0.13	-0.13
0.874	1.0	-0.126
1.0	0.244	0.756
1.0	0.07	0.93
0.0	0.084	-0.084
0.75	1.0	-0.25
0.0	0.611	-0.611
0.465	0.578	-0.113
0.0	0.126	-0.126
0.282	0.341	-0.059
0.34	0.0	0.34
0.351	0.0	0.351
1.0	0.0	1.0
0.0	0.047	-0.047
1.0	0.946	0.054
1.0	0.971	0.029
0.209	0.36	-0.151
0.551	0.505	0.046
1.0	0.866	0.134
1.0	0.864	0.136
1.0	0.379	0.621
0.066	0.031	0.035
0.626	0.453	0.173
0.282	0.248	0.034
0.264	0.237	0.027
0.282	0.393	-0.111
0.17	0.517	-0.347
0.539	0.526	0.013
1.0	0.0	1.0
0.277	0.21	0.067
0.273	0.0	0.273
0.921	0.932	-0.011
0.0	0.188	-0.188
0.398	0.152	0.246
1.0	0.951	0.049
1.0	0.549	0.451
0.362	0.585	-0.223
0.347	0.321	0.026
0.016	0.0	0.016
0.046	0.094	-0.048
0.429	0.456	-0.027
0.345	0.432	-0.087
0.316	0.396	-0.08
0.305	0.387	-0.082
0.543	0.385	0.158
0.441	0.525	-0.084
1.0	0.774	0.226
0.077	0.043	0.034
0.0	0.014	-0.014
0.122	0.199	-0.077
0.366	0.562	-0.196
0.718	0.582	0.136
0.775	0.47	0.305
0.497	1.0	-0.503
0.386	0.715	-0.329
0.403	0.619	-0.216
0.63	0.54	0.09
0.011	0.0	0.011
0.339	0.343	-0.004
0.203	0.485	-0.282
0.324	0.382	-0.058
1.0	0.689	0.311
0.045	0.466	-0.421
0.017	0.314	-0.297
0.475	0.462	0.013
0.357	0.569	-0.212
0.522	0.643	-0.121
0.644	1.0	-0.356
0.565	0.73	-0.165
0.982	0.958	0.024
0.417	0.456	-0.039
0.304	0.394	-0.09
0.395	0.556	-0.161
0.213	0.231	-0.018
0.903	0.769	0.134
1.0	0.559	0.441
0.827	0.969	-0.142
0.935	0.983	-0.048
0.893	0.964	-0.071
0.342	0.42	-0.078
0.0	1.0	-1.0
0.824	0.916	-0.092
0.091	0.289	-0.198
0.395	0.72	-0.325
0.0	0.023	-0.023
0.431	0.443	-0.012
0.411	0.496	-0.085
0.392	0.53	-0.138
0.126	1.0	-0.874
0.263	0.268	-0.005
0.222	0.0	0.222
0.531	0.481	0.05
0.25	0.433	-0.183
0.46	0.71	-0.25
0.24	0.272	-0.032
0.216	0.405	-0.189
0.906	0.679	0.227
0.334	0.171	0.163
0.0	0.382	-0.382
0.0	0.516	-0.516
0.897	1.0	-0.103
0.333	0.124	0.209
0.42	0.694	-0.274
1.0	0.0	1.0
0.0	0.139	-0.139
0.0	0.075	-0.075
1.0	0.901	0.099
0.0	0.624	-0.624
0.096	0.085	0.011
0.0	0.084	-0.084
0.978	0.989	-0.011
0.388	0.463	-0.075
0.0	0.301	-0.301
0.859	0.895	-0.036
0.318	0.341	-0.023
0.609	0.752	-0.143
0.25	0.555	-0.305
0.556	1.0	-0.444
0.44	0.123	0.317
0.386	0.0	0.386
0.252	0.207	0.045
0.371	0.45	-0.079
0.393	0.585	-0.192
0.712	0.893	-0.181
0.505	0.175	0.33
0.485	0.548	-0.063
0.026	0.048	-0.022
0.502	0.607	-0.105
0.473	0.538	-0.065
0.0	0.28	-0.28
0.659	0.718	-0.059
0.13	0.217	-0.087
0.348	0.395	-0.047
0.202	0.387	-0.185
0.43	0.403	0.027
0.389	0.455	-0.066
0.501	0.616	-0.115
0.563	0.533	0.03
0.471	0.704	-0.233
0.566	0.75	-0.184
1.0	0.29	0.71
0.58	0.637	-0.057
0.388	0.572	-0.184
0.859	0.555	0.304
0.317	0.693	-0.376
0.153	0.0	0.153
0.862	0.106	0.756
0.87	0.0	0.87
0.397	0.288	0.109
0.026	0.0	0.026
0.382	0.555	-0.173
0.225	0.241	-0.016
0.395	0.435	-0.04
0.776	0.491	0.285
0.9	1.0	-0.1
0.608	0.581	0.027
0.405	0.338	0.067
0.414	0.348	0.066
0.237	0.375	-0.138
0.219	0.247	-0.028
0.73	1.0	-0.27
0.0	1.0	-1.0
1.0	0.187	0.813
1.0	0.0	1.0
0.018	0.0	0.018
0.051	0.017	0.034
1.0	0.095	0.905
0.0	0.749	-0.749
0.537	0.581	-0.044
1.0	0.682	0.318
0.0	1.0	-1.0
0.0	0.709	-0.709
0.503	0.0	0.503
0.0	0.0	0.0
0.001	0.0	0.001
0.92	0.958	-0.038
0.871	0.481	0.39
0.032	0.13	-0.098
0.299	0.367	-0.068
0.929	0.796	0.133
1.0	0.989	0.011
0.403	0.7	-0.297
0.017	0.067	-0.05
0.444	0.45	-0.006
0.54	0.536	0.004
0.145	0.278	-0.133
0.318	0.481	-0.163
0.361	0.539	-0.178
0.61	0.608	0.002
0.064	0.028	0.036
0.145	0.055	0.09
0.66	0.506	0.154
0.451	0.0	0.451
0.428	0.836	-0.408
0.417	0.539	-0.122
0.368	0.557	-0.189
0.435	0.788	-0.353
0.439	0.875	-0.436
0.407	0.648	-0.241
0.399	0.298	0.101
0.319	0.269	0.05
0.301	0.288	0.013
0.151	0.109	0.042
0.708	0.986	-0.278
0.625	0.55	0.075
0.266	0.853	-0.587
1.0	0.0	1.0
0.493	0.862	-0.369
0.549	0.447	0.102
0.403	0.35	0.053
0.42	0.0	0.42
0.084	0.0	0.084
0.684	0.788	-0.104
0.28	0.0	0.28
0.298	0.0	0.298
0.278	0.261	0.017
0.339	0.248	0.091
0.0	0.56	-0.56
0.0	0.368	-0.368
0.22	0.131	0.089
0.025	0.397	-0.372
0.998	1.0	-0.002
1.0	1.0	0.0
0.393	0.225	0.168
0.354	0.6	-0.246
0.074	0.254	-0.18
0.03	0.235	-0.205
0.401	0.634	-0.233
0.351	0.696	-0.345
0.604	0.657	-0.053
0.388	0.585	-0.197
1.0	0.312	0.688
0.0	0.402	-0.402
0.422	0.578	-0.156
0.0	0.62	-0.62
0.525	0.598	-0.073
0.391	0.464	-0.073
0.465	0.247	0.218
0.486	0.468	0.018
0.845	0.859	-0.014
0.4	0.37	0.03
0.18	0.129	0.051
0.671	0.524	0.147
0.536	0.551	-0.015
1.0	0.575	0.425
0.362	0.435	-0.073
0.764	0.821	-0.057
1.0	0.751	0.249
0.417	0.109	0.308
0.414	1.0	-0.586
0.314	0.642	-0.328
0.598	0.251	0.347
0.635	0.819	-0.184
1.0	0.791	0.209
0.529	0.583	-0.054
0.526	0.435	0.091
0.295	0.0	0.295
0.134	0.188	-0.054
0.559	0.399	0.16
0.0	0.116	-0.116
0.818	0.773	0.045
0.777	0.919	-0.142
0.361	0.618	-0.257
0.802	0.454	0.348
0.598	0.556	0.042
0.56	0.56	0.0
0.891	0.828	0.063
0.387	0.441	-0.054
1.0	0.081	0.919
0.072	0.141	-0.069
0.0	0.448	-0.448
0.989	0.988	0.001
0.977	0.991	-0.014
0.994	0.981	0.013
0.948	0.973	-0.025
0.999	0.997	0.002
0.992	0.996	-0.004
0.994	0.996	-0.002
0.609	0.668	-0.059
0.331	0.47	-0.139
1.0	0.911	0.089
0.094	0.025	0.069
0.481	0.592	-0.111
0.489	0.719	-0.23
0.289	0.492	-0.203
0.875	0.432	0.443
0.221	0.284	-0.063
0.73	0.663	0.067
0.632	0.511	0.121
1.0	0.821	0.179
1.0	0.823	0.177
1.0	0.669	0.331
0.265	0.285	-0.02
0.484	0.605	-0.121
0.197	1.0	-0.803
0.357	0.0	0.357
0.378	1.0	-0.622
1.0	0.463	0.537
0.409	0.657	-0.248
1.0	0.666	0.334
0.345	0.502	-0.157
0.264	0.243	0.021
0.272	0.3	-0.028
0.502	0.543	-0.041
0.033	0.0	0.033
0.01	0.012	-0.002
0.026	0.013	0.013
0.0	0.14	-0.14
0.276	0.446	-0.17
0.383	0.599	-0.216
1.0	0.605	0.395
0.717	0.812	-0.095
0.285	0.287	-0.002
0.059	0.058	0.001
0.0	0.065	-0.065
0.157	0.227	-0.07
1.0	0.953	0.047
1.0	0.713	0.287
1.0	0.959	0.041
0.045	0.0	0.045
0.414	0.387	0.027
0.354	0.421	-0.067
0.246	0.311	-0.065
0.554	0.641	-0.087
0.557	0.695	-0.138
0.127	0.652	-0.525
0.0	0.126	-0.126
0.0	0.105	-0.105
0.174	0.528	-0.354
0.276	0.603	-0.327
0.295	0.61	-0.315
0.459	0.554	-0.095
0.0	0.701	-0.701
0.431	0.573	-0.142
0.406	0.46	-0.054
0.23	0.453	-0.223
0.317	0.327	-0.01
0.511	0.737	-0.226
1.0	0.869	0.131
0.0	0.167	-0.167
0.386	0.549	-0.163
1.0	0.859	0.141
0.999	1.0	-0.001
0.486	0.695	-0.209
0.0	0.759	-0.759
1.0	0.0	1.0
0.736	0.682	0.054
0.658	0.554	0.104
0.632	0.0	0.632
0.401	0.457	-0.056
0.41	0.471	-0.061
0.492	0.595	-0.103
0.0	0.025	-0.025
0.32	0.424	-0.104
0.36	0.537	-0.177
0.475	0.681	-0.206
0.123	0.254	-0.131
0.565	0.802	-0.237
