ID	IJC_SAMPLE_1	SJC_SAMPLE_1	IJC_SAMPLE_2	SJC_SAMPLE_2	IncFormLen	SkipFormLen	PValue
0	2	0	42	1	182	149	0.337456735134
6	0	2	3	70	263	149	0.44438150307
7	10	0	0	2	354	149	8.38140184367e-07
9	0	6	55	0	273	149	3.53084228522e-12
10	13	56	0	13	332	149	0.00525719087898
11	0	8	2	4	280	149	0.0337332637811
13	358	9	82	12	874	149	0.000236246865129
14	6	9	7	12	199	149	0.851281956787
15	0	42	21	214	254	149	0.00445851564681
17	19	885	9	355	1041	149	1
19	3	148	0	61	153	149	0.724458720934
21	15	17	12	2	166	149	0.00523877571937
22	15	0	63	3	158	149	0.167069998346
23	6	0	4	3	201	149	0.00175006604295
24	0	9	2	61	192	149	0.670576737595
57	0	9	10	30	204	149	0.00245655912851
62	0	2	11	67	267	149	0.034413844901
67	9	697	2	464	220	149	1
75	4	32	4	18	381	149	0.522349660897
79	8	16	6	51	316	149	0.0239024632486
80	4	16	5	51	317	149	0.306406603604
83	1	0	43	1	230	149	0.304536131697
87	990	0	636	1	2962	149	0.328982161497
89	9	52	7	20	154	149	0.261441669529
90	6	9	6	2	154	149	0.062327161713
92	0	1	1	0	185	149	7.56222339521e-05
96	1	6	4	2	240	149	0.0238955636705
111	0	7	2	16	160	149	0.112336311945
119	3	0	359	3	401	149	0.4841887144
120	1	1	2	0	184	149	0.0246270496393
122	1	8	7	42	184	149	0.528266265861
143	25	2	2	0	243	149	0.115289427423
147	9	0	5	6	373	149	3.62226103362e-05
163	130	0	3483	25	159	149	1
164	34	0	78	25	327	149	4.55275792466e-06
165	34	130	64	3469	317	149	0
168	0	2	26	2712	173	149	1
174	82	0	560	7	1563	149	0.0141027707636
175	82	0	554	1	1551	149	0.470885984217
182	339	1	164	1	2099	149	0.995384098837
183	12	0	21	5	1152	149	0.000341206970688
184	0	2	1	124	232	149	1
194	50	46225	56	14155	183	149	1
196	37	0	120	13	284	149	0.00109314663728
197	4	3	0	1	161	149	0.00114530872129
200	1	0	1	7	583	149	0.000215104160789
213	2	0	0	12	431	149	1.15701744968e-05
218	21	5	4	0	911	149	0.00105909925389
219	25	171	4	16	911	149	0.908860669626
223	3	137	0	5	159	149	0.575107437794
229	0	34	1	43	196	149	0.498597434671
235	12	0	391	12	159	149	0.11190322767
244	0	2	1	10	204	149	0.233440017817
252	32	0	123	2	370	149	0.371247669175
258	9	1	4	0	396	149	0.538256771877
265	3	4	1	0	263	149	0.000642420953718
270	0	1	1	0	209	149	7.43665270646e-05
271	1	7	1	16	226	149	0.903542019244
272	2	7	0	16	166	149	0.0310788819225
276	2	1	7	0	227	149	0.138652027537
279	3	2	7	8	304	149	0.538995165013
280	7	1	10	8	153	149	0.0368491372824
288	7	2	22	77	182	149	0.000873131611829
304	11	0	63	6	225	149	0.0132933326137
317	4	0	85	4	438	149	0.0275527560261
326	2	0	90	2	170	149	0.846764461504
331	2	10	0	6	155	149	0.0650596977469
335	6	6	10	4	308	149	0.231323256527
339	9	0	29	4	710	149	0.00179039427366
346	0	12	2	89	231	149	0.58955838637
348	4	0	14	11	164	149	0.00107859636486
354	1	8	2	20	153	149	0.751492406651
360	7	0	269	3	151	149	0.827104698456
389	0	16	7	83	187	149	0.0280226678778
394	0	12	4	6	173	149	0.00114362828694
396	43	171	17	100	338	149	0.215253633819
397	10	4	8	0	363	149	0.000564272100245
398	9	2	11	0	280	149	0.0211059640232
399	1	23	22	244	171	149	0.165793689318
400	1	14	0	10	217	149	0.266948157655
402	0	10	6	185	156	149	0.187883715409
410	2	0	4	2	619	149	0.00177989518597
412	8	29	7	16	160	149	0.457327248388
414	1	5	1	2	160	149	0.604667064473
422	3	3	6	7	619	149	0.79330044749
423	2	0	2	3	154	149	0.00133327859164
432	69	1	102	1	701	149	0.935369469822
433	7	297	14	624	177	149	0.895142549708
434	0	2	1	13	220	149	0.262386331934
439	41	33	4	17	159	149	0.00183586180912
441	33	415	3	140	195	149	0.00593644469139
442	14	1	3	4	195	149	0.0038386489866
444	4	74	5	224	247	149	0.312990376509
445	22	74	23	224	442	149	0.00381256907088
446	18	0	19	1	344	149	0.283956726822
447	1	24	9	19	203	149	0.0015919634883
461	24	3	16	1	203	149	0.344523924383
464	1	7	4	39	474	149	0.636120992377
466	37	1	102	5	152	149	0.306395164073
472	3	0	9	7	203	149	0.00135044359639
484	2	219	3	262	323	149	1
489	29	6	130	51	270	149	0.143439032407
491	2	9	1	54	161	149	0.0778299013861
499	3926	2	1251	2	5323	149	0.42543154642
501	1316	8	560	4	222	149	1
513	12	42	2	31	201	149	0.0171302546675
517	11	8	18	26	176	149	0.20777217141
518	0	2	4	25	203	149	0.0402067595758
519	0	2	5	25	1032	149	0.261934353698
521	1	0	1	5	155	149	0.000258171225673
525	10	1404	15	699	222	149	0.381954582308
529	13	1	117	0	592	149	0.279746850935
537	0	2	1	2	231	149	0.647027680453
538	3	0	119	16	1106	149	0.00679937931906
539	3	0	106	2	1106	149	0.105019195119
540	821	21	177	2	292	149	0.104540715888
550	6	0	138	2	1039	149	0.148003541251
565	356	50	49	7	155	149	0.939960634976
566	73	2288	21	402	162	149	0.131209284243
567	40	5	10	0	162	149	0.0136143058516
570	82	0	19	2	296	149	0.049377236829
571	174	2	88	3	452	149	0.24941596401
577	16	0	10	1	440	149	0.572163800445
578	87	22	18	12	226	149	0.0394753652365
587	0	87	10	2009	158	149	1
588	0	35	54	1466	250	149	0.106268399617
589	17	0	598	13	316	149	0.070631476865
590	52	0	2010	13	215	149	1
596	0	25	27	1374	835	149	1
598	0	25	19	1374	395	149	1
599	0	25	2	1374	151	149	1
600	3	0	38	1053	709	149	1.81503131321e-05
601	2	0	30	1053	665	149	0.000400213090212
602	2	0	16	1053	591	149	0.000314428152119
627	4	0	21	5	963	149	0.000985792290221
636	2	0	47	4	483	149	0.00754888246388
637	6	229	4	118	153	149	0.896829996756
640	0	3	19	765	323	149	0.799512579991
646	5	2	3	0	259	149	0.0131335833677
653	5	0	2156	10	930	149	0.162516391405
658	31	196	32	64	165	149	0.000386832418739
660	198	1	121	0	646	149	0.408023617525
666	0	5	1	111	198	149	1
669	0	2	14	9	161	149	0.00134504957986
673	3	3	19	0	417	149	8.66887506255e-05
679	16	0	31	6	252	149	0.00200105883864
680	20	16	2	23	1011	149	2.45137113684e-05
681	28	2	30	0	154	149	0.199396807092
686	6	0	15	2	1496	149	0.00340848738326
708	0	8	2	8	175	149	0.0516109428927
709	76	0	287	4	1046	149	0.0391150422702
710	0	49	2	266	153	149	1
742	1	0	3	3	230	149	0.00111487460472
743	183	0	170	2	1153	149	0.126000979486
744	0	11	1	48	192	149	0.551887788256
747	3	1	9	2	176	149	0.7627724048
752	1	0	1	7	429	149	0.00019879648507
756	0	2	4	65	311	149	0.304520023615
759	5	2	56	5	340	149	0.205335692079
766	8	1	4	0	614	149	0.0673210667711
768	9	13	2	22	420	149	0.00516729452971
770	3	6	0	11	169	149	0.00570285334148
773	16	6	21	43	486	149	0.00188628505602
777	64	1	24	0	999	149	0.265931754273
784	2	8	15	7	341	149	0.00402154011644
788	8	14	0	4	242	149	0.0032113473607
798	119	16	59	11	158	149	0.509876924754
802	1	31	1	118	285	149	0.524376572065
804	4	0	6	2	233	149	0.0193888425928
805	4	0	5	1	201	149	0.743253474959
807	72	80	31	19	155	149	0.0907253701717
817	72	1	76	0	595	149	0.25957192555
822	491	3	142	0	229	149	1
827	2	0	0	16	166	149	2.68063144249e-06
828	3	36	1	21	187	149	0.387062074335
836	2	0	35	4	503	149	0.00486241634265
840	34	1	13	1	229	149	0.920277503337
841	8	2	7	0	217	149	0.0285231754911
855	1	21	0	37	230	149	0.325957405845
864	0	2	149	51	206	149	0.000666578760355
865	12	2	590	225	206	149	0.14569583486
868	2	0	1	2	168	149	0.00260633652657
869	47	2	59	0	153	149	0.819336526352
871	0	2	2	2	161	149	0.0105562177347
872	95	0	64	1	366	149	0.294262744082
885	386	0	238	2	341	149	0.528928821227
888	0	1	3	156	159	149	0.78833835884
889	0	74	3	45	272	149	0.357671779307
890	0	20	3	15	228	149	0.0281900966297
894	2	88	8	76	222	149	0.0231107840175
902	6	0	13	1	173	149	0.226537957415
904	8	0	35	7	167	149	0.00617641416197
920	3	0	25	71	1671	149	0.0013437235538
922	2	0	0	3	377	149	1.12701822341e-05
924	0	23	3	49	167	149	0.127582851331
928	0	8	2	7	209	149	0.0524200122416
933	70	10	35	7	276	149	0.555539434138
952	1	161	0	92	153	149	1
954	21	1	14	0	363	149	0.279835282273
955	78	47	20	16	1298	149	0.407290974648
961	0	34	5	77	275	149	0.10820818541
973	0	65	2	140	216	149	1
979	0	2	7	198	175	149	0.184585390129
980	10	0	258	1	194	149	1
990	2	5	3	26	513	149	0.558551105881
991	36	17	28	24	180	149	0.153276526285
996	442	12	443	19	197	149	0.23628174983
997	0	108	1	42	158	149	0.399249484739
1001	398	2	613	0	1496	149	0.602991236559
1002	324	2	574	0	1384	149	0.473258124279
1006	2	165	1	341	180	149	1
1021	7	12	69	510	305	149	0.021832555116
1023	14	0	61	4	178	149	0.0609713615521
1024	2	92	0	81	175	149	0.52807911033
1025	0	2	31	0	342	149	5.66914328592e-07
1033	0	2	4	0	194	149	5.53958776006e-06
1042	2	59	3	32	162	149	0.284488699586
1064	4	0	1	4	2832	149	9.15652846278e-06
1078	12	0	739	1	593	149	1
1081	2	18	0	28	2056	149	1
1082	0	10	1	33	2056	149	1
1087	9	0	79	1	280	149	0.384888961195
1090	15	2	15	0	213	149	0.053684496191
1098	0	1	149	10	216	149	0.00175972702319
1102	908	2	394	0	171	149	1
1106	0	2	34	177	185	149	0.0188359226727
1108	12	80	8	63	1537	149	0.70541805447
1109	181	1	86	0	1215	149	0.278724589197
1113	19	8	0	1	344	149	0.00259227262755
1116	101	5	54	1	211	149	0.174360815399
1117	0	2	11	8	197	149	0.00159967127366
1118	0	25	3	20	182	149	0.0305322116084
1123	6	0	33	3	298	149	0.0336444294003
1125	0	3	2	66	192	149	0.676390474327
1131	196	5	31	1	251	149	0.686220314295
1133	0	4	4	11	206	149	0.0092578610699
1135	1	3	0	1	215	149	0.615402368851
1140	1	0	69	3	181	149	0.196552916518
1141	47	0	161	49	347	149	2.650837444e-07
1152	5	0	22	3	399	149	0.0109169013372
1156	4	0	273	2	200	149	1
1168	266	0	530	8	182	149	0.29007717509
1180	0	1	1	6	203	149	0.291688149896
1185	0	1	1	16	252	149	0.297365361235
1203	44	3	34	6	297	149	0.173029575527
1205	2	7	7	6	550	149	0.0911996712723
1207	16	34	22	39	724	149	0.654729400653
1208	0	2	3	161	283	149	1
1210	341	3	258	2	301	149	0.792685135183
1211	208	4	145	0	301	149	0.111236040439
1212	32	2	29	1	600	149	0.474725136431
1223	3	0	4	3	451	149	0.000318774015268
1235	32	4	22	26	751	149	3.21208866143e-05
1241	5	9	7	18	156	149	0.611496531018
1244	6	32	2	0	166	149	0.000385046588015
1251	0	4	12	23	348	149	0.00483475479731
1257	2	35	2	33	211	149	0.964810753885
1260	8	0	108	14	436	149	0.00530166613174
1263	2	1	2	2	153	149	0.570135346655
1267	235	5	161	2	263	149	0.379701483336
1268	177	0	235	1	2017	149	0.259429099357
1274	176	1	22	0	156	149	1
1275	32	447	8	111	215	149	0.971117104275
1276	822	2	216	1	261	149	1
1278	9	32	2	17	270	149	0.174075152394
1284	1	580	1	786	156	149	1
1285	4	253	4	837	159	149	0.70013463595
1286	1	0	1	1	174	149	0.0291834663112
1294	1	44	0	4	153	149	0.403450390096
1297	174	2	49	0	270	149	0.529336170678
1298	0	1	1	7	372	149	0.248343607795
1299	62	3	26	2	169	149	0.898992178292
1300	209	0	18	1	244	149	0.228881772646
1303	32	598	5	203	466	149	0.104990259547
1304	13	598	2	203	158	149	0.184233959673
1305	47	181	9	21	244	149	0.388607580755
1307	8	0	25	6	189	149	0.00397270252913
1308	11	7	25	29	289	149	0.295859931589
1309	4	122	2	33	153	149	0.79773072363
1310	87	85	12	13	185	149	0.77524639172
1314	6	31	5	7	179	149	0.0966371586225
1315	101	2	17	1	1099	149	0.704546594235
1317	172	2	207	2	223	149	0.888327720706
1328	0	13	1	58	327	149	1
1332	0	10	2	26	212	149	0.256680317369
1333	5	2	6	20	288	149	0.0212641145681
1334	1	6	0	39	226	149	0.283787365669
1336	0	8	2	135	236	149	1
1347	7	83	6	103	170	149	0.532478296381
1348	89	19	87	32	164	149	0.114796756172
1350	0	15	1	14	178	149	0.250312382548
1352	24	228	1	49	229	149	0.00946376355114
1357	7	3	10	4	162	149	0.942448260522
1358	443	2	152	0	912	149	0.635024116137
1359	766	2	257	0	1456	149	0.553999443272
1360	324	1	105	0	693	149	0.655176168248
1375	673	61	209	15	2170	149	0.476178372033
1376	13	43	4	5	197	149	0.285109269096
1377	30	11	9	3	154	149	0.845503967574
1378	9	0	2	1	237	149	0.129832566496
1389	0	2	1	12	161	149	0.234403183524
1401	4	0	10	1	153	149	0.245629314909
1402	117	4	76	2	153	149	0.612760229368
1411	40	2	18	0	152	149	0.28899355341
1415	24	1	15	0	153	149	0.282301461164
1428	69	74	32	55	470	149	0.116647626624
1429	66	2	31	45	464	149	3.71924713249e-14
1430	298	70521	129	23161	369	149	1
1431	2	0	0	1	167	149	3.95170460371e-05
1432	54	1	32	0	153	149	0.464613951831
1433	1	4	6	14	395	149	0.392110403719
1438	56	87	14	35	188	149	0.180036649821
1441	35	5	51	4	164	149	0.402743104814
1447	538	4	387	2	165	149	1
1449	2	11	57	6	634	149	9.13867459484e-09
1453	2	52	3	21	185	149	0.187967954879
1455	47	11	5	0	664	149	0.003246130664
1456	6	10	0	77	175	149	4.2893491794e-06
1457	10	0	19	2	191	149	0.091791645663
1461	0	1	1	9	205	149	0.227953590261
1463	1297	0	583	1	188	149	1
1464	37	13	10	0	173	149	0.000992487473121
1465	0	8	2	17	251	149	0.179348080158
1467	31	33	7	15	161	149	0.151956864483
1469	0	3	40	20	194	149	0.000357752039821
1473	261	3	143	1	188	149	0.635116214433
1476	4	66	0	15	164	149	0.10316550249
1485	1	3	0	3	644	149	0.212667222019
1489	9	133	29	112	1687	149	0.00517403616515
1495	6	63	34	114	2544	149	0.052238902562
1497	6	63	24	114	1396	149	0.0691592868314
1498	0	63	5	114	312	149	0.400877439911
1499	2	32	3	89	502	149	0.522487029892
1500	0	32	4	89	262	149	0.291970381072
1502	831	0	200	2	1090	149	0.377205019521
1506	259	3	20	0	311	149	0.420405363967
1508	124	35	34	10	196	149	0.962316000802
1509	87	3	26	0	196	149	0.177194838768
1510	8	142	1	57	180	149	0.0820197746122
1511	0	304	3	136	374	149	1
1513	39	37	7	2	173	149	0.0836208640272
1517	2	42	0	15	189	149	0.49600497628
1518	1497	3	183	1	259	149	1
1519	21	85	3	6	164	149	0.604086914876
1520	68	619	11	121	164	149	0.488435141585
1523	957	17	253	10	1526	149	0.0830612059244
1524	1613	3	658	0	287	149	1
1525	3072	29	101	4	292	149	0.10485766138
1526	3880	11	138	3	403	149	0.136636100642
1527	837	11	41	3	260	149	0.124974724033
1528	57	20	81	38	155	149	0.389919539896
1530	6	36	2	32	212	149	0.1635943265
1531	0	6	2	3	212	149	0.0195175431067
1532	204	356	71	100	1939	149	0.387285378171
1533	293	2	121	0	2266	149	0.118212781563
1534	597	1	215	0	2329	149	0.358595072974
1535	6	0	40	1	153	149	0.366202064489
1546	0	1	7	40	208	149	0.0272933058435
1547	7	0	8	1	156	149	0.298208642424
1548	84	0	98	1	161	149	1
1549	77	0	92	2	154	149	0.533769069777
1551	6	383	4	332	223	149	1
1552	0	23	1	52	153	149	0.471196104856
1556	17	0	57	4	193	149	0.0451735075523
1558	17	0	46	1	518	149	0.24225089881
1559	23	8	123	14	172	149	0.0496265483072
1560	0	3	19	5	172	149	0.000108925714235
1561	0	1	2	167	560	149	1
1562	0	1	3	234	160	149	0.737077772941
1568	4	1	6	8	319	149	0.0954019930114
1569	0	65	12	275	156	149	0.021270913538
1570	2	2	2	3	155	149	0.717947953979
1576	29	1	42	2	240	149	0.591328301608
1577	60	0	187	6	1159	149	0.00426270353304
1581	94	587	74	664	188	149	0.0945844533939
1586	2	631	0	48	174	149	1
1587	4	426	0	47	219	149	1
1589	2	0	0	23	203	149	4.06276732368e-06
1590	2	0	1	23	193	149	3.21501388661e-05
1593	1	0	22	5	210	149	0.00910405647768
1594	6	0	99	5	215	149	0.0533202012605
1595	5	0	79	2	154	149	0.842172513464
1596	0	2	1	80	219	149	1
1615	25	0	178	1	278	149	1
1616	14	0	70	1	385	149	0.302584750183
1617	3	14	1	109	256	149	0.028542827777
1619	0	4	1	4	153	149	0.707622325113
1620	1	89	0	7	1060	149	1
1624	38	5	0	5	1098	149	1.36924369298e-06
1628	20	40	0	23	259	149	1.78263978309e-05
1629	3	0	6	1	244	149	0.674162958742
1630	1	127	1	105	165	149	1
1631	213	1	181	0	188	149	1
1632	5	165	9	125	219	149	0.119773902855
1636	904	2	98	0	176	149	1
1639	22	4712	9	3550	182	149	1
1640	602	5	295	7	254	149	0.0895431255293
1641	390	13	233	6	175	149	0.538051938348
1653	24	20	8	9	206	149	0.564252127969
1654	2	33	3	17	224	149	0.276268695138
1659	0	1	2	0	340	149	4.43935395155e-05
1663	4	228	5	310	251	149	1
1669	2	6	5	2	153	149	0.0381991351712
1670	29	2	26	0	438	149	0.0500088719301
1671	43	6	32	13	604	149	0.0421581977385
1672	16	6	6	13	315	149	0.00611219029238
1673	16	4	6	4	315	149	0.208940205492
1674	207	3	14	0	174	149	0.690572943532
1678	8	64	12	49	216	149	0.17717144916
1693	8	7	10	42	653	149	0.0235695966065
1695	16	1	8	0	203	149	0.231039726783
1700	0	9	1	443	177	149	1
1702	24	0	238	11	292	149	0.0191282587013
1703	0	59	1	128	153	149	1
1704	18	2	11	0	286	149	0.0543544275734
1708	543	2	74	0	1220	149	0.591765379338
1718	2	3	6	15	182	149	0.671400208274
1727	118	704	24	172	305	149	0.439233926348
1728	137	4	53	2	337	149	0.761918802647
1729	178	3	43	0	220	149	0.442588129867
1730	182	81	48	25	224	149	0.626511380615
1731	7	81	5	25	153	149	0.269062351204
1738	31	216	12	161	493	149	0.0643344863
1739	45	0	22	4	407	149	0.000813527636288
1740	0	1	45	84	200	149	0.00875821520584
1741	6	789	6	513	163	149	0.871731029502
1742	20	856	18	527	188	149	0.315825127525
1748	2	36	2	11	194	149	0.420612858263
1749	2	33	0	19	154	149	0.241622950913
1755	106	104	325	660	438	149	0.000574765447291
1774	3	0	5	2	353	149	0.00772407228447
1775	20	47	24	88	1270	149	0.269244829609
1780	0	1	25	3915	153	149	1
1781	315	0	2323	1	265	149	1
1782	316	0	6213	1	261	149	1
1792	234	2	115	0	1361	149	0.148659622232
1795	2	0	18	86	368	149	0.00089159789285
1796	0	1	4	425	174	149	1
1799	28	144	2	13	310	149	0.506899040803
1820	1	11	0	3	159	149	0.227640240963
1821	172	0	167	2	179	149	0.594198710524
1822	0	2	2	1	157	149	0.00367689349777
1823	0	76	1	128	157	149	1
1825	8210	15	3444	2	257	149	1
1830	10	37	35	16	215	149	2.99461470121e-06
1834	35	100	20	36	192	149	0.229220087232
1835	322	0	416	1	985	149	0.564807564435
1836	17	0	8	7	234	149	1.57341560045e-05
1837	31	183	19	80	152	149	0.368075097041
1839	2	398	0	96	167	149	1
1848	2	90	2	20	225	149	0.317480983328
1849	36	37	21	29	155	149	0.441494054744
1852	8	0	19	3	244	149	0.0181433601097
1858	6	6	8	9	237	149	0.875219499474
1860	0	90	15	261	348	149	0.03482177621
1861	0	90	13	261	277	149	0.0364127278502
1883	0	240	7	696	318	149	1
1889	0	1	17	14	821	149	0.0097454086128
1892	0	10	1	3	154	149	0.58676172205
1894	1	0	3	2	226	149	0.00856145314977
1898	2	0	8	20	647	149	0.00227533795005
1904	3	42	4	23	167	149	0.287280694609
1910	89	2	26	0	178	149	0.609885792926
1911	2	4	0	2	163	149	0.0272778500966
1914	8	0	50	1	186	149	0.372770468649
1916	0	21	10	23	267	149	0.000193521196756
1921	7	0	2	1	205	149	0.166998758567
1923	285	21	215	23	203	149	0.28151579444
1924	2	35	4	23	169	149	0.178776361539
1925	6	269	4	227	169	149	0.6665292893
1928	1	5	10	455	337	149	0.212806998857
1929	948	4	774	1	158	149	1
1932	1	78	0	46	162	149	1
1933	7	2	10	0	216	149	0.0210448816913
1934	1712	157	3356	216	226	149	0.0493319785489
1935	7177	21	3723	12	203	149	1
1936	1812	21	1108	12	585	149	0.811545489586
1937	44	5409	20	2635	531	149	1
1939	50	65	2	31	296	149	5.18142857586e-06
1941	8	25	6	13	220	149	0.61239544567
1946	84	24	57	15	176	149	0.813993698518
1950	3	7	5	13	275	149	0.859857575414
1951	1	0	6	1	275	149	0.123518033933
1953	329	56	116	29	161	149	0.206176679846
1957	20	2	24	3	245	149	0.735866727778
1958	8	101	0	43	231	149	0.0194818063984
1959	35	1	25	0	153	149	0.335569045323
1964	0	9	3	2	158	149	0.000731128207318
1965	12	62	0	11	158	149	0.00471021789429
1968	1	20	0	13	153	149	0.268933726626
1982	2	45	2	137	283	149	0.532537808714
1986	17	2	16	1	164	149	0.453655785481
1987	9	30	6	25	156	149	0.690905981618
1988	6	0	6	6	1098	149	7.86413106749e-05
1989	16	2	25	2	172	149	0.753073862914
1995	0	42	1	64	165	149	0.692657448954
2000	84	27	3	2	1044	149	0.24873183927
2003	12	5	27	44	1088	149	0.032683595882
2005	0	1	5	5	161	149	0.00261546246682
2006	1	5	4	7	161	149	0.285100895373
2008	0	7	3	31	158	149	0.0860801996393
2009	52	2	88	13	494	149	0.0276456589558
2011	9	161	9	57	155	149	0.0566635986412
2016	1	2	4	25	161	149	0.51993492391
2023	0	2	11	235	297	149	0.208199530399
2025	3	2	4	0	203	149	0.00852153243974
2028	35	2	27	0	193	149	0.174170307264
2029	0	5	2	34	174	149	0.26992760668
2030	2	60	1	30	229	149	0.785529974045
2031	41	35	19	20	161	149	0.602784663475
2041	0	5	10	198	339	149	0.23637233261
2049	1	4	2	0	173	149	0.000133274326754
2050	0	7	2	21	389	149	0.550985936428
2052	90	2	7	0	195	149	0.615163418581
2067	30	4	40	2	405	149	0.231560320076
2069	2	133	2	41	205	149	0.665324739967
2070	24	133	11	41	762	149	0.463835192731
2073	10	8	7	6	182	149	0.92074028849
2075	0	130	7	386	155	149	0.393929247146
2081	0	118	5	34	154	149	0.000998613545758
2089	161	286	52	135	275	149	0.098605196815
2090	25	32	4	17	197	149	0.0257898629168
2093	7	2	7	3	188	149	0.665660773364
2094	644	7	344	1	3481	149	0.0673931624962
2097	129	105	42	31	158	149	0.734620942965
2098	69	2	184	8	203	149	0.424668263078
2099	429791	146	36249	8	522	149	1
2110	3	0	0	2	282	149	9.6939059897e-06
2111	192	6	40	6	183	149	0.0217209819133
2112	191	3	109	0	176	149	0.678794358733
2117	2	12	93	144	274	149	0.0186166216977
2122	2	107	0	38	176	149	0.556297730605
2129	7	23	0	23	261	149	0.00107615373789
2130	2	86	0	28	153	149	0.534830986802
2132	0	22	4	30	400	149	0.0739071096555
2138	70	0	2039	8	309	149	1
2141	8	1	16	0	905	149	0.0352857737578
2144	0	13	2	27	159	149	0.177255661192
2146	631	2	116	0	863	149	0.532282062881
2147	9	170	0	77	177	149	0.0173360255799
2149	120	0	57	2	218	149	0.620757526216
2150	430	0	140	2	321	149	0.624244706377
2151	313	3	84	1	252	149	0.772701578126
2156	0	2	2	0	226	149	1.68211341164e-05
2158	20	1237	19	801	166	149	0.300996741998
2160	618	8	482	3	158	149	0.754795144773
2161	595	2	444	0	245	149	1
2166	9	0	51	1	154	149	0.439441791314
2167	1	0	0	32	165	149	9.63939840999e-05
2169	747	9	1262	8	1280	149	0.216907035356
2170	360	166	544	297	930	149	0.365297115994
2172	1502	7	1058	0	176	149	1
2173	2	97	11	132	207	149	0.0208000766933
2174	8	14	4	9	167	149	0.704138196278
2176	130	1	81	2	257	149	0.355629845945
2177	14	781	6	879	153	149	0.155713513316
2178	57	14	23	18	312	149	0.00847157932257
2179	824	14	896	18	308	149	0.647925136818
2180	857	4	902	1	490	149	0.724695999349
2181	49	4	24	1	331	149	0.345242277401
2182	834	0	722	1	331	149	1
2184	19	60	44	93	440	149	0.219371055026
2185	19	5	44	1	444	149	0.00532144779636
2186	19	60	30	93	345	149	0.935061884873
2187	19	5	30	1	349	149	0.018383627945
2188	60	5	93	1	153	149	0.0198256677769
2192	27	304	5	95	152	149	0.197268537942
2193	1	34	0	21	152	149	0.338351870519
2195	7	287	0	56	153	149	0.193598292303
2198	45	6	15	9	467	149	0.00981138905569
2199	0	12	11	11	164	149	2.56629710095e-05
2200	90	70	1698	18	354	149	0
2201	1210	2	605	12	335	149	0.000656184429755
2202	0	1	5	5	158	149	0.00254472984949
2203	138	0	16	1	812	149	0.224731082301
2204	159	3	16	3	812	149	0.016911152903
2206	1	25	0	13	159	149	0.29826012886
2209	18	4	4	5	302	149	0.0251520555462
2210	13	1	37	0	256	149	0.237132095364
2214	7	8	0	4	220	149	0.0013478487837
2215	9	784	10	356	230	149	0.226297929293
2216	14	29	2	13	241	149	0.0670790742802
2221	210	4	262	4	221	149	0.80008744428
2223	876	0	604	3	2002	149	0.0704008228863
2224	0	195	6	381	192	149	0.74593648681
2227	5	0	262	2	294	149	0.574381915318
2228	12	0	292	2	315	149	0.592029079685
2229	10	3	30	0	170	149	0.00417718908725
2233	5	35	18	24	847	149	0.00169077609198
2234	1	35	10	24	675	149	0.000993681850928
2239	0	4	3	2	155	149	0.00124660700689
2240	5	2	1	1	155	149	0.439212776218
2242	9	23	7	17	196	149	0.945115637193
2250	145	2	76	1	214	149	0.776513163164
2251	226	0	155	2	713	149	0.324194545343
2254	0	71	15	269	171	149	0.00806912633832
2256	38	2	28	4	179	149	0.214126548737
2257	2	2	1	0	160	149	0.00891118149885
2259	18	2	11	0	233	149	0.0682038564938
2261	178	10	48	3	304	149	0.807908673557
2266	0	13	2	17	760	149	0.510613397692
2270	14	3	12	3	167	149	0.860949903581
2273	11	367	4	216	458	149	1
2279	0	8	1	6	820	149	0.328047765624
2280	9	29	4	34	236	149	0.11256660111
2282	703	3	1278	9	884	149	0.339663205275
2283	452	6	449	12	153	149	0.151340446907
2287	2	2	6	27	593	149	0.777241498954
2289	1	67	5	113	249	149	0.240419027266
2291	0	3	3	287	224	149	1
2302	1	13	4	20	158	149	0.233099813642
2305	3	0	11	24	197	149	0.000344155736837
2307	4	109	76	192	210	149	5.74168235179e-09
2312	6	0	14	2	358	149	0.0328234470739
2323	18	4	111	9	309	149	0.211539584472
2325	209	13	62	0	263	149	0.00247828474096
2328	25	5	6	8	350	149	0.00449344578251
2329	4	0	9148	6	307	149	1
2330	6	0	31	2	481	149	0.0636279802746
2336	0	2	4	2	179	149	0.000433503633656
2337	0	1	3	0	179	149	2.19621504725e-05
2345	4	0	66	15	695	149	0.00425357260459
2346	4	0	2	14	385	149	1.05970150525e-05
2349	3	14	9	19	165	149	0.231034669896
2350	2	147	36	508	227	149	0.00203566596136
2351	4	3638	15	2356	166	149	1
2352	51	0	34	1	233	149	0.274653782596
2353	11	93	7	19	433	149	0.0815153713924
2354	2	115	3	36	156	149	0.1251220642
2355	0	4	3	5	278	149	0.0156643835245
2357	0	1	9	2	267	149	0.000747410986681
2361	4	1	12	42	232	149	0.010762895554
2371	4	0	20	3	394	149	0.00965777420851
2372	4	0	12	2	275	149	0.0398267681722
2373	4	0	10	1	227	149	0.385183526663
2374	9	0	15	1	269	149	0.290438803684
2375	5	0	6	1	191	149	0.587986209996
2378	68	0	12	2	229	149	0.0393774139336
2390	6	0	66	9	185	149	0.0127880878097
2391	0	9	4	97	153	149	0.186753111459
2395	1	81	0	23	162	149	1
2401	0	35	6	128	645	149	0.837215804646
2409	18	100	2	34	205	149	0.0465136374857
2410	15	3	4	0	205	149	0.0185113709489
2412	494	2	119	0	291	149	1
2414	472	4	215	5	154	149	0.265700904059
2415	592	13	290	4	204	149	0.31942400661
2416	124	13	80	4	199	149	0.148544495542
2419	2	0	2	2	213	149	0.00477647909532
2430	6	0	38	4	236	149	0.0190128087637
2431	854	2	47	0	1771	149	0.635745945962
2432	3894	4	926	8	191	149	0.816938806762
2435	476	4	47	0	287	149	0.825664773599
2438	4	13	0	6	164	149	0.00724729114771
2451	0	3	3	13	226	149	0.0478858035968
2452	1	0	18	1	239	149	0.230945820926
2456	1	1	0	2	282	149	0.331596320871
2459	3	8	1	0	250	149	0.000830280717005
2460	20	2	6	0	153	149	0.134109137749
2462	1	22	3	2	250	149	0.00506805609783
2463	124	14	27	2	153	149	0.384845129601
2464	7	4	6	28	161	149	0.00413289520211
2465	3	75	6	29	155	149	0.0228502167859
2467	0	28	1	34	252	149	0.50701487555
2470	6	83	0	34	266	149	0.0648333076678
2477	1	22	6	53	152	149	0.191783759636
2479	4	61	1	62	155	149	0.0935477000227
2480	2	24	1	74	151	149	0.182549135232
2483	2	0	18	7	158	149	0.00631768998015
2484	0	14	4	110	291	149	0.549819081359
2486	0	6	3	173	598	149	1
2487	125	588	26	160	159	149	0.278531355456
2488	22	4	1	0	159	149	0.0171226008965
2490	1	10	1	17	662	149	0.451935326921
2491	7	6	50	8	445	149	0.0105259709305
2498	92	7	10	5	212	149	0.0133428587479
2500	464	8	293	0	225	149	0.0717913189751
2501	609	1	289	1	575	149	0.781665496518
2502	35	111	15	47	723	149	0.928360592959
2503	2	2	21	5	158	149	0.246879975648
2505	109	3	35	0	1855	149	0.0103894743045
2507	6	2	1	0	180	149	0.0324210888097
2508	14	91	5	39	215	149	0.648507279435
2509	6	4	5	2	215	149	0.575511186127
2512	61	96	29	50	167	149	0.754139968472
2514	0	29	1	11	158	149	0.364512198719
2515	3	42	6	114	309	149	0.813374643138
2516	5	0	24	3	170	149	0.048749660612
2517	183	18	136	12	167	149	0.767548345996
2518	183	134	142	158	170	149	0.0507233326718
2519	18	134	18	158	152	149	0.669969273044
2520	2	82	0	66	153	149	0.531574456915
2522	7	6	18	36	326	149	0.235696249012
2523	2	0	4	5	314	149	0.000414017812174
2531	1	48	0	34	165	149	0.469091131804
2532	3	96	4	30	272	149	0.0969084475645
2533	10	0	76	2	191	149	0.473703642659
2541	2	0	70	2	265	149	0.285404453224
2542	136	3	102	11	626	149	0.0062562801904
2543	50	1	29	1	352	149	0.914052947752
2548	154	189	34	104	1414	149	0.000343869725426
2550	6	5052	12	3132	174	149	1
2551	2	7	2	9	291	149	0.895582008596
2555	0	48	4	190	477	149	1
2557	8	19	3	5	152	149	0.64612232355
2558	73	3	22	0	197	149	0.146260133845
2559	38	4	21	2	211	149	0.795920244871
2565	806	5	114	0	293	149	0.733795714265
2566	29	0	41	2	328	149	0.101522062192
2569	4	4	1	14	213	149	0.00965410477128
2572	3	127	3	214	157	149	0.624270605876
2575	6	1	2	0	186	149	0.586130901364
2578	36	3	159	20	175	149	0.353695083641
2583	22	6	2	0	203	149	0.00742686751444
2589	459	3	378	6	301	149	0.17746994988
2590	130	215	26	130	1232	149	2.9392794388e-05
2592	1	437	0	138	218	149	1
2597	39	1020	8	309	168	149	0.248216123507
2598	708	2	540	0	726	149	0.619968120353
2601	25	34	6	9	198	149	0.817826813604
2604	112	0	44	4	371	149	0.00194305495577
2605	187	0	166	2	248	149	0.528302221751
2606	3	2	36	3	567	149	0.0421526860646
2611	0	2	11	0	272	149	1.46645611399e-06
2616	8	9	4	4	161	149	0.880468797142
2617	26	43	5	0	360	149	0.000105512224235
2619	831	2	287	0	580	149	1
2620	0	1	5	0	272	149	1.179335221e-05
2621	83	0	120	4	1210	149	0.0046585206109
2623	66	2	42	2	154	149	0.754101311936
2624	0	5	2	0	545	149	9.79396386325e-06
2625	44322	0	39131	3	695	149	1
2626	34232	1	35723	0	158	149	1
2627	0	27	2	40	212	149	0.774550329284
2629	5	123	0	40	159	149	0.109687678098
2632	36	0	12	1	371	149	0.270217083366
2634	23	153	3	21	158	149	0.833959650756
2635	19	85	6	85	154	149	0.0121071940351
2637	28	27	66	10	251	149	1.27468605997e-05
2638	0	34	2	214	187	149	1
2639	294	1	126	0	176	149	1
2645	8	59	4	19	155	149	0.710867896141
2646	65	29	19	4	168	149	0.13366575971
2648	0	1	5	19	314	149	0.0238583362629
2655	2	0	316	2	541	149	0.742803517286
2657	2	62	2	5	175	149	0.108011071523
2661	4	3	14	9	372	149	0.814444674975
2664	15	2	48	10	182	149	0.449401666306
2671	5	140	15	244	321	149	0.237163100176
2674	310	4	115	0	377	149	0.171314325711
2676	1	0	0	1	372	149	6.25706971962e-05
2686	2	37	3	344	198	149	0.843037690669
2687	37	0	344	11	332	149	0.024121836388
2688	0	60	3	357	185	149	1
2689	12	0	34	8	164	149	0.0026371636394
2691	17	0	102	6	545	149	0.00864203785484
2694	0	24	1	31	250	149	0.459085923629
2702	2	6	3	8	266	149	0.804397188604
2707	176	6	584	53	523	149	0.011878682583
2709	237	2	926	70	807	149	9.51896408041e-06
2711	67	2	395	70	433	149	0.000751941391984
2712	0	2	85	70	203	149	0.00201382460772
2718	6	3	10	0	258	149	0.00183290863934
2721	77	0	64	2	158	149	0.656464895972
2724	30	68	20	49	161	149	0.818182018229
2725	124	104	56	28	176	149	0.0787026855019
2731	28	4	46	3	438	149	0.308149132695
2734	358	0	279	3	406	149	0.496242271572
2736	6	1	8	0	677	149	0.038833850181
2738	6	123	5	184	260	149	0.370578079329
2747	2	5	4	0	215	149	8.99008239817e-05
2750	217	2	111	0	284	149	0.535744395708
2753	50	62	145	566	215	149	9.96096859762e-06
2755	21	4	16	6	155	149	0.332307023051
2760	10	6	13	12	167	149	0.484862839622
2765	2	2	6	4	152	149	0.677209275781
2776	0	81	3	75	348	149	0.646375403772
2779	1	45	0	15	153	149	0.410190066257
2783	0	148	4	99	269	149	0.512483932146
2784	0	11	2	45	287	149	0.53000131747
2785	2	260	1	122	153	149	1
2786	0	10	3	23	153	149	0.0493198465759
2788	4	3	4	0	246	149	0.00129450473816
2789	18	3	8	0	294	149	0.0122011738046
2793	126	1	994	0	361	149	0.460650915423
2794	2963	2	3473	3	3316	149	0.691526222885
2796	3	51	0	15	279	149	0.292181437563
2797	13	2	2	0	273	149	0.0470263762435
2800	0	88	2	94	185	149	0.539357763072
2802	112	1	157	4	3231	149	0.227214832906
2803	2	42	0	81	180	149	0.799251426165
2804	2	42	0	81	191	149	0.721681984117
2817	47	13	54	7	152	149	0.131053268902
2818	35	21	22	0	863	149	1.83829200073e-06
2826	1	33	1	49	231	149	0.508757222444
2827	19	0	44	1	215	149	0.319971338373
2831	2	13	1	249	153	149	0.162494725547
2834	4	0	3	4	176	149	0.000271905895774
2838	0	6	6	6	191	149	0.000479580846294
2841	14	0	6	23	305	149	1.66167779536e-09
2842	2055	0	6787	1	347	149	1
2844	98	2	58	0	296	149	0.499185936491
2853	5	1499	3	438	153	149	1
2854	1728	9	427	4	855	149	0.56988424146
2856	1724	0	401	1	151	149	1
2857	74	0	11	1	155	149	0.225439593137
2858	53	1703	8	398	153	149	0.186546693159
2859	10	1494	6	497	494	149	1
2860	38	8	47	9	218	149	0.868326950048
2866	134	6	92	0	167	149	0.027112368028
2867	1	237	0	217	162	149	1
2879	2	32	0	22	314	149	0.578755640097
2884	40	2	24	0	301	149	0.11350191794
2888	11	29	3	28	241	149	0.0391480697069
2891	5	83	3	44	232	149	0.897187560739
2897	144	7	54	5	150	149	0.400727778656
2898	28	10	38	29	210	149	0.0825994093867
2902	899	5	984	7	1697	149	0.640712902539
2903	0	2	1	9	232	149	0.23521543756
2918	0	2	1	0	165	149	3.55030127709e-05
2920	2	65	0	36	377	149	0.737414881854
2921	81	2	49	0	325	149	0.276863139948
2923	69	9	20	10	195	149	0.0135366051407
2924	6	53	2	24	327	149	0.514639273479
2930	3	262	1	65	169	149	0.752078773008
2931	80	81	32	28	152	149	0.65143171973
2934	1	2	0	2	250	149	0.81890058321
2935	172	9	129	11	689	149	0.304166722444
2937	0	24	2	53	167	149	0.761161048952
2938	4	0	69	1	166	149	0.553072476438
2939	23	44	21	55	693	149	0.425222870272
2944	26	2	8	8	197	149	0.000683267453173
2945	6172	0	3886	4	1610	149	0.836063805318
2946	226	0	176	2	219	149	0.543887767601
2947	1704	3	1456	5	898	149	0.382826522052
2948	751	10	207	0	153	149	0.640090531335
2951	15	2	37	8	465	149	0.469980380147
2961	19	0	171	7	288	149	0.0302766009769
2962	0	7	1	0	189	149	2.51025904995e-05
2963	2	27	1	12	429	149	0.898032800861
2967	2	21	0	17	201	149	0.202023944097
2972	40	10	39	10	164	149	0.961820223679
2973	24	38	15	28	164	149	0.687973322446
2974	19	628	15	632	212	149	0.514580886069
2980	1158	23	139	0	335	149	0.0136150492514
2985	0	4	7	11	223	149	0.00250601068304
2994	30	0	98	4	3460	149	0.00142694382891
2995	0	109	2	62	306	149	0.55686557281
3002	1	58	2	33	188	149	0.316527909318
3003	4	39	6	24	183	149	0.196555500413
3005	4	0	0	5	156	149	5.31544720572e-07
3007	74	4	48	8	410	149	0.0654215691538
3013	1	9	3	3	203	149	0.0468226706626
3014	8	3	57	13	227	149	0.623358556088
3016	1	8	4	229	208	149	0.327249141436
3018	183	11	15	3	204	149	0.291765925944
3024	0	10	4	104	280	149	0.435712140912
3028	250	2	41	0	163	149	1
3030	1	20	0	5	160	149	0.271576822375
3032	0	29	7	54	153	149	0.00416733415567
3033	278	4	17	0	385	149	0.212398647392
3034	64	2	281	3	436	149	0.535103399262
3036	0	12	1	37	196	149	0.433972793189
3040	12	0	323	1	192	149	1
3042	11	0	424	4	587	149	0.221765285115
3043	28	0	443	5	858	149	0.0630174393715
3045	194	1	38	2	1347	149	0.0661947104453
3046	29	90	6	26	182	149	0.406090311879
3047	65	381	18	99	354	149	0.928820363653
3048	50	12	64	13	171	149	0.724065123376
3051	16	2	6	2	153	149	0.484727200404
3054	2	8	4	12	333	149	0.619690464901
3056	35	1	19	6	260	149	0.0042620996133
3057	7	255	0	72	153	149	0.131355947968
3058	59	255	17	72	1348	149	0.93303727383
3074	39	0	67	2	917	149	0.0613633545758
3075	16	3	81	3	2075	149	0.0404415879006
3080	0	9	1	205	262	149	1
3085	0	41	16	46	221	149	8.66232340624e-06
3086	103	1	56	0	268	149	0.50586307324
3088	37	13	17	0	354	149	0.000134602385694
3089	3	130	0	5	186	149	0.762421657199
3093	800	1	8	0	335	149	1
3096	9	107	20	138	1708	149	0.587142699891
3097	38	185	10	80	353	149	0.158419290707
3100	125	4	45	0	253	149	0.0881852643055
3102	91	17	111	14	254	149	0.333573032744
3103	2416	4	1005	0	1537	149	0.886968905791
3113	27	17	15	4	249	149	0.134759309925
3117	260	141	778	79	494	149	8.881784197e-16
3118	24	311	22	887	452	149	0.00214831724987
3119	0	25	39	894	383	149	0.206567238787
3120	183	3	44	0	194	149	0.682467075252
3131	7	72	7	31	254	149	0.18447661656
3132	1	28	2	2	185	149	0.0306607251976
3136	17	16	11	4	161	149	0.113910796583
3141	15	0	237	1	372	149	1
3142	66	2	396	26	194	149	0.119876409255
3143	55	136	370	92	1230	149	0
3145	25	0	257	6	316	149	0.0724140580467
3148	2	0	6	1	222	149	0.90654278212
3150	6	0	2	4	848	149	1.60586371756e-05
3154	2475	0	1241	1	302	149	1
3157	1	54	1	41	165	149	0.611055363066
3158	0	184	1	88	211	149	1
3160	22	47	30	127	396	149	0.0664568506409
3161	0	47	9	127	298	149	0.0385094800595
3162	0	47	5	127	333	149	0.636551489499
3164	22	0	26	5	247	149	0.00146556211588
3165	22	0	26	1	212	149	0.260867792497
3166	10	425	4	189	228	149	0.726437877539
3167	0	2	2	2	152	149	0.00955797663686
3168	9	2	3	11	335	149	0.000942324444419
3169	14	58	9	21	305	149	0.325060895101
3171	32	0	498	3	2682	149	0.0716487799075
3172	2	0	448	104	155	149	0.012159577863
3173	1	4	2	6	150	149	0.794257363282
3174	9	3	9	1	150	149	0.248263018874
3186	8	118	0	40	156	149	0.0145980389392
3188	8	886	11	440	156	149	0.0588253819971
3210	4	94	8	79	259	149	0.143377441581
3211	85	3	134	48	3418	149	2.96872216565e-06
3226	0	2	1	15	205	149	0.267363503296
3244	10	0	8	1	576	149	0.24022062174
3245	10	0	9	1	587	149	0.279525219001
3246	10	1	10	2	594	149	0.517145614288
3249	0	1	3	2	212	149	0.00356370458682
3251	0	1	3	2	167	149	0.00210069248135
3252	0	1	2	2	156	149	0.0110034302465
3255	180	7809	93	4225	265	149	0.821463627811
3256	8993	1	4706	0	553	149	1
3259	4	4	4	4	169	149	1
3260	4	2	5	2	309	149	0.829173264877
3261	4	2	5	2	289	149	0.829425218609
3263	2	1	50	3	154	149	0.49937039283
3270	0	43	1	225	361	149	1
3273	0	7	1	3	270	149	0.224928611545
3281	10	34	7	10	545	149	0.225809496531
3289	27	4	63	1	614	149	0.0151018726472
3291	0	1	2	0	153	149	3.7995269377e-05
3293	21	4	10	3	194	149	0.611789125853
3296	0	1	4	33	173	149	0.0496218439978
3297	2	1	9	33	161	149	0.127998943571
3302	2479	12	801	6	203	149	1
3303	55	8	28	5	197	149	0.848541879389
3305	38	9	79	5	1662	149	0.0204865371915
3308	72	21	9	0	304	149	0.00121616526064
3309	1173	1	584	0	1749	149	1
3310	521	48	273	19	1122	149	0.349059894508
3311	1	0	3	2	1145	149	0.000259377119514
3313	25	1	32	0	197	149	0.26219694225
3314	0	16	1	19	236	149	0.315215345791
3319	7	18	3	0	170	149	0.000245183890271
3321	1	31	0	4	170	149	0.341407294145
3329	2	875	12	386	279	149	0.26009693242
3332	91	2	83	2	688	149	0.935389599738
3339	2	0	12	11	176	149	0.00240152761447
3341	26	2	15	0	223	149	0.103058990465
3342	0	14	6	57	520	149	0.147923475657
3343	1	12	0	18	239	149	0.263989624919
3345	2	24	7	30	286	149	0.136006163335
3352	6	2	13	0	299	149	0.00934032317889
3353	4	5	113	48	206	149	0.118255770757
3359	4	2	6	0	152	149	0.0179770349656
3361	1	9	0	23	170	149	0.436235064698
3365	193	295	71	45	254	149	0.000512599480094
3367	6	13	4	36	159	149	0.0497004001687
3368	49	16	50	43	401	149	0.00891852959038
3369	68	0	35	2	691	149	0.0255603006754
3370	117	16	83	43	943	149	8.69629952294e-05
3372	2	2	0	9	197	149	0.00717032402077
3376	0	4	2	7	265	149	0.0839783914943
3377	0	2	1	0	629	149	3.31816951568e-05
3378	56	0	385	7	497	149	0.0363863273565
3380	7	10	2	0	177	149	0.00126311512292
3382	2	6	3	3	638	149	0.340962125795
3383	3	45	0	28	164	149	0.100413928057
3384	2	42	0	2	199	149	0.398906118315
3385	0	12	2	2	154	149	0.00402252994051
3386	2	5	0	12	295	149	0.0546039613454
3388	110	3	48	5	251	149	0.0752992175798
3393	47	5	54	4	188	149	0.59186085368
3394	151	3	148	8	506	149	0.104177898553
3401	14	8	1	26	444	149	4.97658922405e-07
3402	27	2	264	2	354	149	0.127602068303
3405	4	0	1	8	215	149	7.04996804612e-06
3406	4	39	1	217	224	149	0.0334365245669
3407	0	39	8	217	158	149	0.0774382877747
3414	1	0	20	4	415	149	0.00379638911307
3418	3	6	0	7	210	149	0.0105425158447
3421	2	360	5	107	245	149	0.186772875335
3427	13	0	66	3	174	149	0.165401606404
3432	1	3	0	2	215	149	0.598290039628
3433	0	9	1	9	321	149	0.259209884848
3434	0	2	4	13	269	149	0.0227652819601
3437	15	25	37	7	269	149	9.44376287704e-06
3441	1	7	0	27	316	149	0.236053701693
3446	10	64	2	137	253	149	0.000402452559874
3467	77	91	34	37	3424	149	0.897692198197
3468	8	29	1	28	176	149	0.00715352151164
3481	2	9	0	12	161	149	0.0464136654696
3484	19	0	16	2	249	149	0.0451285464765
3494	79	3	134	8	647	149	0.449010473275
3495	0	4	1	27	153	149	0.302565792995
3496	0	5	3	1199	354	149	1
3499	4	425	4	583	247	149	1
3501	2	0	0	2	155	149	1.82749126145e-05
3505	4	65	3	13	252	149	0.237456239922
3506	102	2	30	0	211	149	0.672495768677
3509	4	7	3	0	164	149	0.000362020164375
3513	16	4	19	4	158	149	0.825123463516
3514	11	0	14	2	158	149	0.0746067680516
3515	156	143	47	40	912	149	0.861260591555
3516	0	10	7	28	724	149	0.0386991213481
3527	15	132	2	19	334	149	0.690684786574
3540	1	61	8	48	205	149	0.00233551805683
3542	2	0	2	4	933	149	5.48766924747e-05
3549	6	13	10	93	247	149	0.0396045138679
3550	3	27	4	52	295	149	0.829298121515
3553	7	1	14	1	387	149	0.785147416072
3555	0	8	3	156	157	149	0.840314678305
3556	29	4	172	36	152	149	0.31400620368
3557	368	42	207	1	176	149	1.08512349439e-07
3558	20	468	21	181	269	149	0.0060039388924
3560	4	180	12	135	157	149	0.0103614070268
3561	50	188	75	155	257	149	0.017695633758
3562	64	188	128	155	339	149	0.000129848018454
3563	25	11	58	5	231	149	0.00396085337323
3564	128	159	170	134	498	149	0.0359750107742
3567	8	12	2	0	155	149	0.00137527664998
3568	97	2	19	0	209	149	0.792849835529
3572	0	7	8	52	486	149	0.0524596975673
3573	56	36	70	39	169	149	0.658738792199
3577	5	8	0	1	193	149	0.00517609054712
3583	40	153	64	102	451	149	0.00139275172821
3590	0	53	1	48	516	149	1
3591	14	0	66	2	460	149	0.147696426818
3594	30	6	56	3	194	149	0.0618219410627
3596	7	183	0	29	207	149	0.159124447554
3597	74	0	34	1	191	149	0.29881827147
3598	15	20	21	14	276	149	0.156024545423
3603	1	2	2	17	185	149	0.491802824688
3606	4	9	0	3	199	149	0.00648367702253
3618	982	1	439	0	246	149	1
3622	2	0	61	23	161	149	0.00694967742395
3624	5	25	4	11	379	149	0.543245680032
3625	14	0	70	2	357	149	0.20059617548
3628	70	384	21	49	755	149	0.0162659628347
3629	57	2	24	0	183	149	0.381150297278
3630	12	42	2	22	152	149	0.0630955520569
3633	8833	2	845	0	359	149	1
3634	13731	6	1490	8	359	149	0.934794804321
3643	21	0	23	1	153	149	0.279017630237
3664	12	21	0	12	243	149	0.000269898403163
3665	45	0	1099	6	254	149	1
3666	0	24	2	161	222	149	1
3667	22	9	19	0	194	149	0.000134223297672
3680	105	6	2	0	187	149	0.0495163208053
3681	380	9261	7	121	187	149	0.745875549905
3686	0	18	8	52	170	149	0.00547059940751
3687	0	2	17	0	191	149	1.58271269413e-06
3693	1761	128	211	58	1790	149	5.57665669199e-09
3697	9	16	9	30	161	149	0.267422718995
3698	11	0	20	29	3007	149	6.91385224183e-06
3699	8	0	26	1	1101	149	0.537365713422
3701	2	27	8	14	485	149	0.00575683850283
3702	2	27	8	14	397	149	0.0056907908999
3703	3	60	0	83	160	149	0.169932285568
3705	2	5	0	24	291	149	0.0729744898838
3708	0	16	1	11	278	149	0.264431550083
3713	303	2	12	0	161	149	1
3714	339	7	6	0	446	149	0.0597690922194
3715	629	61	8	0	207	149	0.0144355793473
3716	233	41	9	0	216	149	0.00423148928057
3717	729	41	15	0	234	149	0.0208999321672
3719	1	148	0	39	154	149	1
3722	0	15	11	327	163	149	0.114508281269
3725	0	7	3	17	262	149	0.0705862155985
3732	2	0	82	7	213	149	0.0277389923704
3736	37	73	57	52	282	149	0.0120383170279
3737	1	102	8	61	155	149	0.000930365488671
3739	60	1	967	0	275	149	0.329451836744
3740	4	1	2	4	399	149	0.0616400721854
3741	38	1	9	0	217	149	0.297564612023
3742	20	4	132	0	3119	149	1.4159748144e-06
3745	433	3	195	0	209	149	1
3750	243	12	32	0	250	149	0.015127541536
3751	10	0	445	2	236	149	1
3752	10	0	536	5	287	149	0.504576722046
3762	0	24	1	26	192	149	0.331870502903
3763	3	62	2	20	228	149	0.798852658292
3768	1	0	0	2	158	149	3.63743476391e-05
3769	7	10	18	5	179	149	0.0126895062808
3770	33	9	22	26	284	149	0.00155685224124
3771	0	20	3	15	166	149	0.0192351965408
3778	47	0	91	1	161	149	1
3787	15	4	8	0	158	149	0.00644463651681
3798	43	109	0	3	224	149	0.00649076514811
3799	9	109	0	3	166	149	0.0457369049513
3811	201	1	86	0	687	149	0.394925929568
3812	2	0	15	2	402	149	0.0335267454891
3816	19	42	31	38	164	149	0.123280688021
3817	33	135	18	66	177	149	0.805934889787
3823	4	109	0	15	177	149	0.247023159462
3824	78	2	19	0	153	149	0.627098788275
3828	160	42	11	16	930	149	5.7148110046e-05
3831	3	0	3	2	260	149	0.00585321412221
3837	77	2	55	4	154	149	0.199296248423
3839	4	2	5	1	1370	149	0.437721696612
3845	0	14	8	134	281	149	0.115999717963
3855	8	0	65	27	244	149	0.000723431810659
3858	465	10	65	0	154	149	0.166845454874
3859	25	4	2	2	154	149	0.171000433808
3867	2	58	11	444	287	149	0.630258999773
3868	1	8	0	32	179	149	0.383785515859
3869	2	35	3	10	248	149	0.118959974366
3874	2	4	3	2	155	149	0.297546856893
3879	1	72	0	26	159	149	0.84493949656
3883	40	175	63	485	215	149	0.0364736103963
3886	0	5	2	25	242	149	0.268613498778
3892	0	4	33	21	304	149	0.000273222791179
3906	5	0	7	29	598	149	1.33498176808e-05
3907	6	2	3	1	456	149	1
3910	208	7	110	2	1489	149	0.350380432558
3912	0	15	3	123	244	149	0.630741947683
3917	4	0	14	7	574	149	0.000980422778613
3918	200	6	62	4	167	149	0.394565879808
3922	1897	12	5827	9	1492	149	0.00305668983676
3927	47	6	8	4	164	149	0.112518829883
3928	8	166	8	51	289	149	0.0442214264374
3933	0	460	11	7456	279	149	1
3934	68	435	200	6715	176	149	1.31006316906e-14
3935	0	2	3	0	163	149	9.3906645473e-06
3939	0	9	44	56	329	149	0.000119984916847
3940	14	0	3	1	373	149	0.109728737172
3942	0	119	1	249	153	149	1
3944	148	125	100	37	277	149	0.001664649985
3950	3026	628	796	228	1681	149	0.0513398745932
3954	2	27	9	64	268	149	0.268072447261
3960	29	56	15	9	161	149	0.015575225446
3964	7	2	11	0	230	149	0.0186404707774
3965	5	0	11	2	230	149	0.0434656690321
3966	3	0	11	1	230	149	0.354688476842
3967	3	82	13	27	230	149	1.34097480811e-05
3969	0	5	1	41	196	149	0.475367356947
3972	28	100	41	31	435	149	5.8987856455e-06
3973	24	100	35	31	336	149	1.43018367738e-05
3976	135	8	3	0	151	149	0.0607362315251
3986	9	0	95	14	182	149	0.00788675418337
3987	370	41	13	7	615	149	0.00399437947523
3988	13	0	15	1	152	149	0.240935013154
3990	1	8	7	16	183	149	0.113690061738
3991	12	70	8	66	576	149	0.464208901092
3992	158	0	48	2	215	149	0.505779501491
3995	4	0	8	2	398	149	0.0129390799192
3996	3	0	1	2	406	149	0.000352099532752
3999	22	2	10	2	187	149	0.555962937225
4002	46	6	23	0	222	149	0.00365913207877
4007	10	5	2	0	182	149	0.00348518349556
4010	31	2	19	3	384	149	0.316899659908
4011	250	0	144	1	808	149	0.301398974075
4012	0	2	1	4	159	149	0.677508166012
4015	8	1568	21	1372	173	149	0.443260419202
4016	65	789	94	988	202	149	0.504659029242
4019	155	1	31	2	2244	149	0.0463040617868
4022	2	0	217	4	470	149	0.118847382808
4023	7	9	38	23	483	149	0.137462175067
4025	0	197	4	99	153	149	0.138582329657
4047	15	8	9	16	161	149	0.0384239544842
4048	0	16	2	8	155	149	0.0326551224396
4050	3	84	2	27	163	149	0.769385347833
4057	11	3	5	0	155	149	0.0171378328132
4058	2	0	0	2	318	149	1.39285679553e-05
4065	3	2	4	14	1166	149	0.282165834211
4066	2	5	1	19	348	149	0.13906572223
4068	67	58	16	13	237	149	0.89476436141
4078	10	142	3	54	158	149	0.563727141695
4080	5	30	5	40	273	149	0.714967954833
4081	6	21	0	133	179	149	2.88338544753e-05
4083	4307	1	2824	2	3132	149	0.579817682363
4085	3213	5	1753	1	786	149	1
4090	1	25	5	266	228	149	0.45933512091
4091	525	1	456	1	432	149	1
4094	2	22	3	24	161	149	0.663439018311
4095	25	46	3	12	162	149	0.159327268963
4096	2	0	63	2	337	149	0.212329544767
4097	0	5	1	35	153	149	0.349924324021
4105	51	14	9	1	650	149	0.266930519206
4107	10	31	1	5	168	149	0.461527666723
4109	219	12	92	0	158	149	0.00432194993455
4112	0	3	6	14	161	149	0.00463737175349
4118	8	922	2	7	180	149	0.0932655615623
4121	3	0	245	1	215	149	1
4122	4	59	8	230	932	149	1
4134	0	20	78	2087	407	149	0.363480849106
4138	2	12	0	5	194	149	0.105778549372
4141	0	11	1	8	220	149	0.223389708561
4150	1	2	6	5	167	149	0.361002732474
4151	3	41	0	17	167	149	0.109690536905
4152	4	285	2	96	174	149	0.76538435312
4155	3	0	4	74	415	149	1.27209383434e-05
4158	11	0	122	1	580	149	0.325156486729
4160	43	86	18	19	2020	149	0.161638467581
4161	22	137	6	181	200	149	0.000327830654294
4162	0	2	1	15	188	149	0.259161602234
4164	270	0	527	2	576	149	0.586157568261
4172	639	6	169	0	195	149	0.748259471875
4174	4	0	7	2	548	149	0.0059318392
4177	13	86	6	49	173	149	0.630715762302
4181	284	4	48	0	153	149	0.688846247075
4188	6	210	10	113	242	149	0.0357533554677
4205	90	7	71	0	151	149	0.00574624023972
4208	4	32	2	14	153	149	0.819080104695
4215	6	2	9	27	429	149	0.0134422626135
4216	6	2	13	27	225	149	0.0232488033297
4221	6	2	12	4	179	149	1
4226	208	1	176	0	153	149	1
4227	220	29	174	12	153	149	0.0705957857035
4228	0	6	4	13	167	149	0.00750461927402
4235	0	2	11	170	313	149	0.141384494958
4237	202	3	90	0	230	149	0.724111436478
4241	0	6	2	39	189	149	0.356093370832
4242	31	5	39	0	773	149	0.000221091233963
4244	4	5	54	11	170	149	0.0192381515825
4251	0	625	1	290	153	149	1
4253	3	0	66	1	152	149	0.58538466824
4254	0	2	4	1	207	149	0.000232106470793
4256	0	76	4	84	207	149	0.154806794954
4262	15	3	25	0	179	149	0.0110560009247
4263	24	3	38	0	200	149	0.0168377871411
4264	22	3	39	0	203	149	0.0135395589686
4265	11	2	19	6	170	149	0.460866834878
4266	9	2	20	6	173	149	0.674768995792
4267	0	2	1	0	152	149	3.71271938798e-05
4278	0	23	6	15	153	149	0.000276159495869
4286	6	0	6	8	288	149	9.63936763253e-05
4289	13	1	100	6	176	149	0.648791974901
4293	1	0	0	5	510	149	3.60559684105e-05
4296	161	7	90	4	292	149	0.95400347538
4299	4	48	2	12	625	149	0.777630719862
4307	4	84	2	1438	164	149	0.109387064787
4309	0	5	1	3	199	149	0.64548794012
4311	114	10	25	0	188	149	0.00790286874937
4313	2	1	2	3	161	149	0.347711025523
4314	90	3	16	0	164	149	0.250844892228
4315	2	50	4	31	230	149	0.159383296499
4316	0	46	3	34	153	149	0.0472090296954
4323	354	208	34	13	196	149	0.206105180644
4326	12	2	43	9	245	149	0.695728080872
4334	6	63	3	3	160	149	0.0335342936668
4335	13	39	0	9	235	149	0.0025132395422
4341	1	11	1	7	262	149	0.91209445875
4342	2	25	1	4	175	149	0.485803316474
4343	438	12	84	8	271	149	0.025237631479
4347	34	22	5	8	2656	149	0.0803867202889
4349	3	3	2	1	259	149	0.540879801772
4350	468	0	229	3	2206	149	0.00969630458954
4353	24	35	14	20	167	149	0.978118341162
4363	2	2	0	1	200	149	0.0168148300349
4366	6	84	0	5	178	149	0.0559369186045
4378	48	10	38	7	263	149	0.8075656111
4384	1	72	0	9	153	149	0.757083172212
4388	207	0	207	1	1808	149	0.258804456377
4389	2	225	2	170	202	149	1
4390	563	2	256	0	1896	149	0.347399185199
4395	6	9	7	4	204	149	0.200056876965
4396	1482	0	5713	9	209	149	1
4397	2	0	2	18	541	149	0.000296583127222
4406	137	1	110	0	2310	149	0.274683170775
4412	58	2	48	0	181	149	0.591089965861
4413	124	3	62	4	303	149	0.230546444968
4414	19	6	42	5	2837	149	0.129988893483
4418	0	7	3	35	153	149	0.0976467949438
4423	46	0	134	2	179	149	0.5322551521
4424	44	0	154	7	301	149	0.012934609368
4425	148	1	71	0	158	149	1
4426	773	7	518	2	499	149	0.176781397904
4432	21	72	8	27	267	149	0.955637939128
4433	0	1	1	0	263	149	7.06743849878e-05
4434	299	4	236	2	585	149	0.481732238095
4435	301	4	237	2	587	149	0.483230814582
4436	6	4	3	2	151	149	1
4450	2	113	3	84	173	149	0.42455515789
4452	1	79	0	106	167	149	1
4472	2	0	2	4	778	149	6.49263846551e-05
4474	526	4	128	1	373	149	0.73341778244
4475	4	0	19	2	179	149	0.113751122904
4476	170	5318	3	382	157	149	0.00208943602408
4477	41	65	0	1	157	149	0.00687467157542
4478	46	40	0	4	157	149	0.000459281558101
4479	7	0	51	8	162	149	0.0107571393054
4484	11	0	48	4	551	149	0.00526267150899
4485	9	0	49	4	554	149	0.00558691312909
4486	0	2	1	0	152	149	3.71271938798e-05
4488	5	14	17	62	316	149	0.852564952894
4496	61	2	13	0	1516	149	0.0336502001161
4501	152	0	73	2	861	149	0.058032007116
4502	127	1	77	0	292	149	0.587457607733
4505	2	0	4	16	158	149	0.000407880564364
4506	22	38	8	16	164	149	0.737327652393
4509	102	2	37	3	260	149	0.153730172258
4512	10	473	1	287	161	149	0.153760472285
4513	313	1	111	0	2288	149	0.270072402019
4514	338	1	374	2	152	149	1
4518	6	0	0	2	298	149	2.7782514096e-06
4522	120	97	49	49	1876	149	0.413407228658
4523	286	8	72	4	153	149	0.48062458024
4528	18	0	124	76	667	149	3.09646218932e-06
4530	20	14	7	5	166	149	0.986263226976
4532	0	38	61	115	218	149	3.09482330874e-08
4539	48	0	59	2	1007	149	0.0438695867609
4542	151	4	40	2	257	149	0.846458146472
4561	19	1528	16	2192	334	149	1
4562	6	1876	1	1909	153	149	1
4563	3150	48	2564	32	864	149	0.443981897898
4568	1	33	0	43	166	149	0.354143472281
4570	116	2	283	0	186	149	0.530357448211
4571	134	2	272	1	2204	149	0.210554431086
4572	12	0	62	2	186	149	0.363436911695
4573	125	0	309	2	396	149	0.539288002984
4575	2	18	2	198	357	149	0.822583907704
4576	97	3	209	0	541	149	0.0248062181242
4578	1	12	5	83	168	149	0.620246395143
4579	4	16	0	2	290	149	0.0361177823671
4580	33	34	22	26	193	149	0.72369261274
4583	1476	6	2	0	355	149	1
4594	6	2	3	0	915	149	0.0016304080854
4595	2	44	6	46	189	149	0.135324664867
4597	160	531	68	111	727	149	0.00240684087776
4598	2	40	0	21	153	149	0.331299219251
4599	28	49	12	9	186	149	0.100557269461
4602	37	109	2	10	221	149	0.285577134442
4608	4	0	46	3	199	149	0.0995800435948
4611	3	10	2	12	281	149	0.515801178538
4612	0	13	4	43	286	149	0.11639313693
4613	0	68	4	42	153	149	0.0145257989413
4615	8	286	4	158	212	149	0.771410984312
4618	2	3277	15	3183	322	149	1
4619	0	3277	9	3183	271	149	1
4620	4129	0	2404	2	222	149	1
4621	11307	0	8416	2	299	149	1
4623	9878	3	6414	2	187	149	1
4633	96	2	26	0	296	149	0.360735244652
4635	7	322	2	112	177	149	0.584007443242
4636	8	0	15	1	1048	149	0.0726281904363
4637	8	0	14	2	1048	149	0.00576893205452
4639	0	2	25	1	249	149	1.90788987434e-05
4641	9	0	27	4	249	149	0.00828573132137
4642	37	3	66	8	1161	149	0.520804137539
4643	84	10	169	26	3018	149	0.570722810013
4644	20	5	24	12	153	149	0.224028084429
4652	8	0	78	2	215	149	0.387688066382
4657	0	93	14	703	476	149	1
4659	4	0	236	1	190	149	1
4663	127	86	174	98	1168	149	0.427969622519
4672	79	11	24	4	236	149	0.915207237173
4673	23	115	23	153	610	149	0.427743216008
4674	49	11	78	32	184	149	0.118526936063
4677	49	3244	70	4253	234	149	0.937174213437
4680	0	2	2	247	397	149	1
4685	6	0	378	12	678	149	0.0235860113709
4688	9	646	2	362	187	149	0.825072633631
4697	78	2	87	0	810	149	0.0647073720674
4698	8	0	7	1	154	149	0.332392981775
4702	8	87	0	4	519	149	0.198118664767
4707	6	0	9	5	693	149	0.000233275009328
4709	79	8	20	0	348	149	0.00413573322196
4710	7	68	0	18	194	149	0.0177782273299
4714	2	7	2	0	193	149	0.000189155036815
4718	46	2	79	2	837	149	0.66436270409
4719	11	11	12	28	772	149	0.156952250121
4721	0	30	2	32	227	149	0.793078813787
4722	106	1	163	0	494	149	0.327780847485
4723	2	28	0	13	161	149	0.186820367709
4729	12	0	40	1	153	149	0.366202064489
4730	19	329	4	148	163	149	0.09860828585
4732	6	3	1	34	576	149	3.83589473301e-05
4733	6	6	1	3	576	149	0.19711078185
4735	6	167	2	51	153	149	0.853565857278
4737	1	57	0	28	158	149	0.53688967192
4745	6	1	1	2	305	149	0.0382159016023
4746	6	1	1	2	324	149	0.03832910211
4755	0	4	3	19	448	149	0.175278038122
4756	0	1	1	19	178	149	0.278942810245
4763	1	29	2	32	216	149	0.47095802972
4766	1	29	10	32	156	149	0.00284336287035
4773	117	0	145	1	1675	149	0.240364143029
4778	33	47	10	11	1597	149	0.889500332101
4779	139	6	71	0	218	149	0.0229112681127
4786	8	214	6	158	250	149	0.975665811134
4788	6	0	6	1	878	149	0.0283755582507
4790	99	4	58	0	209	149	0.065308473203
4793	0	114	2	999	198	149	1
4794	6	0	8	2	161	149	0.0430901611838
4797	120	5	43	0	235	149	0.0422489090226
4798	4	12	2	4	201	149	0.836044441842
4799	2	0	6	2	267	149	0.0170931278529
4802	2	33	1	54	167	149	0.280432837045
4811	0	5	1	62	162	149	0.635534825566
4813	286	4	172	0	275	149	0.3009984292
4823	9	25	20	45	325	149	0.617965007801
4824	0	16	1	59	153	149	0.538397415893
4826	5	23	3	5	164	149	0.329301566662
4829	3	0	26	6	977	149	0.0017332070268
4832	0	53	2	21	289	149	0.711147423615
4833	2	7	0	2	162	149	0.0535495991192
4836	0	46	13	97	153	149	0.000641479263563
4839	214	53	32	25	468	149	0.000642683483608
4841	177	53	71	33	161	149	0.1477146463
4845	0	5	1	2	209	149	0.56000874334
4846	5	13	0	9	292	149	0.00578079820064
4848	112	0	146	2	1243	149	0.0908424232392
4857	2	3	2	0	153	149	0.00135343433055
4860	0	51	7	398	199	149	0.867832451317
4865	1	89	0	38	178	149	1
4867	1	43	0	96	321	149	1
4868	57	0	20	4	613	149	0.000209090266359
4875	5	2	2	0	457	149	0.00495378828846
4881	76	52	19	26	158	149	0.0611178655442
4883	44	35	32	23	197	149	0.786749900873
4886	15	0	135	45	227	149	0.000195348008758
4913	0	23	3	114	184	149	0.654642784672
4914	807	0	980	1	266	149	1
4915	148	1	40	0	2093	149	0.245381534177
4920	49	2	20	0	626	149	0.0717698760209
4922	1	1	2	4	268	149	0.586133043257
4925	0	18	1	13	188	149	0.249104224641
4936	8352	2	4932	1	154	149	1
4944	1	86	0	6	167	149	1
4949	599	13	121	1	202	149	0.104997248106
4950	265	4	52	0	228	149	0.341240167342
4951	75	1	17	0	228	149	0.437467640057
4954	14	67	3	24	198	149	0.314478072465
4957	11	8	2	4	198	149	0.188390149709
4960	0	18	4	1225	305	149	1
4964	434	4	214	0	1843	149	0.0242882168583
4965	187	5	126	1	152	149	0.205532934996
4968	2	8	10	8	191	149	0.033984806996
4970	6	24	3	15	159	149	0.717183521305
4971	30	28	12	19	1551	149	0.222576961416
4975	30	2	210	0	530	149	0.0486093994545
4977	0	127	1	65	153	149	0.625868829412
4982	37	2	11	3	171	149	0.114624134308
4983	2	0	4	1	532	149	0.0353248152332
4984	6	10	16	11	368	149	0.143533356623
4985	3261	1	1073	0	251	149	1
4986	18	38	14	28	285	149	0.921409265246
4989	0	2	1	33	161	149	0.343012638879
4999	247	16	76	5	176	149	0.960074376337
5004	6	222	0	2	153	149	0.268529884738
5005	3	285	2	3	362	149	0.10216423575
5007	1	0	1	5	410	149	0.000113297735632
5009	2	3	0	4	263	149	0.0306258999191
5010	12	0	17	1	419	149	0.430571789919
5012	21	822	5	205	153	149	0.774393031806
5013	2	569	4	316	354	149	1
5014	1	4	0	33	160	149	0.51576080492
5015	3	0	6	2	195	149	0.0262851585401
5016	6	0	39	2	184	149	0.221333613916
5021	224	0	369	1	248	149	1
5029	1	13	1	11	253	149	0.948074768487
5031	1	3	1	36	164	149	0.721946664463
5034	2	0	29	1	204	149	0.27247592427
5040	7	1	12	0	266	149	0.897218472833
5041	7	1	7	0	333	149	0.491341560755
5042	7	7	7	12	216	149	0.434704880356
5044	10	291	7	133	187	149	0.505869226713
5048	70	0	325	3	1128	149	0.113727764152
5051	338	2	2103	14	1168	149	0.640010391477
5052	369	6	3634	30	257	149	0.341678322609
5054	36	0	294	2	309	149	0.605008834867
5055	2	0	8	1	158	149	0.324729419083
5056	0	2	1	0	158	149	3.63743476391e-05
5057	421	18	227	6	177	149	0.256693370026
5066	26	2	36	19	874	149	0.00328195449995
5071	2	33	2	120	192	149	0.390818577271
5072	0	33	2	120	195	149	0.681765456365
5074	2	88	2	121	153	149	0.822133745183
5080	4	0	2	1	415	149	0.0176255947732
5087	4	0	2	2	240	149	0.00325203137406
5091	21	0	15	1	155	149	0.240634426268
5092	22	5	15	3	159	149	0.850050103541
5093	1	5	1	3	153	149	0.921718828866
5094	2	13	2	13	172	149	1
5095	5	4	6	31	179	149	0.0233160785645
5097	288	208	132	141	2556	149	0.0560463768807
5099	313	0	280	2	2658	149	0.0701943045108
5100	1	208	1	141	193	149	1
5102	26	0	149	2	295	149	0.766764363511
5104	233	0	289	2	251	149	0.815383965677
5105	16	0	91	2	221	149	0.53227382884
5106	31	0	183	2	151	149	1
5108	0	14	3	180	259	149	1
5110	2	0	3	6	219	149	0.000351600310974
5114	2	3	0	1	164	149	0.0205058263756
5116	8	40	1	94	207	149	0.000297867311904
5117	17	85	5	133	234	149	0.000587400846338
5118	0	174	5	166	267	149	0.708536608771
5124	0	2	3	0	155	149	9.19917669207e-06
5125	45	9	10	0	155	149	0.00490841989296
5143	24	119	9	47	238	149	0.848684945297
5154	45	4	16	1	221	149	0.479351809016
5158	812	2	678	0	1415	149	0.535386820038
5161	37	15	37	12	239	149	0.625984415831
5162	7	170	6	83	236	149	0.406674695847
5172	39	35	9	22	287	149	0.0229173750333
5173	1	85	2	135	230	149	1
5174	3	36	1	135	195	149	0.101625145871
5175	2	53	8	67	162	149	0.0799970083825
5178	1	2	6	1	193	149	0.0391709298909
5179	156	2	94	1	1700	149	0.686690798315
5183	6	0	21	10	281	149	0.00107249379656
5205	545	2	123	0	377	149	1
5206	66	2	14	0	398	149	0.170135956334
5207	87	0	34	1	767	149	0.252001980529
5208	0	27	2	18	278	149	0.406592166307
5211	2	1	0	3	162	149	0.00341089810573
5217	92	447	165	2484	285	149	2.48853192497e-08
5229	2	1	1	1	2445	149	0.48529145526
5234	3	121	2	16	239	149	0.341964665005
5235	392	78	80	18	3725	149	0.625200559194
5237	0	5	40	56	596	149	0.00199687339446
5243	1	16	2	10	156	149	0.284146363075
5247	6	14	9	12	157	149	0.377037930505
5249	0	2	1	13	231	149	0.2649151814
5252	170	4	316	3	197	149	0.269167700977
5256	2	70	3	19	175	149	0.100628509284
5258	6	54	0	4	227	149	0.0411322762917
5269	14	2	19	5	411	149	0.435119538773
5271	251	388	82	142	190	149	0.580725397393
5272	2	4	0	6	175	149	0.0228634677841
5273	131	16215	12	1399	200	149	1
5284	0	32	2	31	379	149	0.541311687532
5293	338	3	211	6	1144	149	0.0829917069003
5296	34	2788	6	937	164	149	0.811322321149
5301	5	0	0	1	218	149	9.33287185034e-06
5304	10	59	8	29	277	149	0.420518736881
5310	20	0	54	1	2308	149	0.520278525614
5317	92	16	57	32	292	149	0.00122619656616
5320	0	81	2	48	175	149	0.684348569238
5323	21	2	26	0	207	149	0.0737858446605
5328	12	0	15	2	152	149	0.081955343136
5331	71	0	41	1	529	149	0.232133021906
5338	0	5	7	523	233	149	1
5341	15	0	23	1	396	149	0.279885039569
5342	11	0	17	1	392	149	0.395248329259
5350	1	0	0	4	155	149	6.05169914921e-05
5351	1	0	7	3	274	149	0.00334749368707
5352	11	4146	6	2950	202	149	1
5353	11	3	17	1	159	149	0.11182348475
5354	5	18	5	7	162	149	0.212683462509
5359	115	2	66	2	291	149	0.688885094723
5363	26	0	16	5	152	149	0.000914081904415
5367	3784	6	1228	0	1651	149	0.455796177283
5368	3598	6	1179	0	1588	149	0.43932750645
5369	3332	2	1082	0	1028	149	1
5371	491	1	261	0	470	149	1
5374	40	267	24	325	197	149	0.0180933986368
5379	19	1	8	0	2677	149	0.0302038702221
5382	9	12	0	2	176	149	0.00336258550841
5383	2	12	0	2	166	149	0.100616617301
5386	1	13	6	11	158	149	0.0237310291627
5391	487	26	73	7	415	149	0.316449274995
5396	34	7	12	0	241	149	0.00255319047444
5400	7	0	51	6	355	149	0.00767265934662
5404	305	218	89	70	161	149	0.683976948643
5405	4	6	17	37	268	149	0.820914965021
5410	0	2	3	47	180	149	0.193796537538
5411	7	88	11	111	160	149	0.622850844871
5424	1	8	0	9	196	149	0.221787895195
5425	31	3	14	0	261	149	0.0317744045243
5434	3	207	4	278	158	149	1
5436	1	0	5	29	160	149	0.00265872740916
5437	559	70	5	0	288	149	0.0102161396747
5439	0	4	5	43	373	149	0.119217133637
5440	4	4	30	43	170	149	0.648989767507
5441	0	8	5	35	187	149	0.0203401649339
5452	2	0	548	8	153	149	0.574118902574
5467	1	1	5	23	330	149	0.38157257259
5469	0	58	16	55	242	149	4.83625006609e-06
5470	4	1	4	38	976	149	0.004237937845
5473	1	28	2	98	246	149	0.439277701827
5474	0	28	2	98	268	149	0.904523182056
5475	0	28	2	98	345	149	1
5481	93	25	18	5	4013	149	0.87424681108
5499	0	2	2	97	166	149	0.528303148387
5500	0	2	4	97	172	149	0.240413444182
5504	264	69	4	0	3872	149	0.0095729925146
5512	82	6	149	47	411	149	0.000355132559595
5513	87	0	36	4	172	149	0.00583942419426
5514	88	2	26	0	232	149	0.517043114417
5518	4	1	7	0	197	149	0.520982761182
5519	795	2	90	0	3126	149	0.257781633594
5520	195	77	46	12	173	149	0.219584016938
5522	110	0	27	4	154	149	0.00292975096169
5523	7	96	2	24	184	149	0.779334639159
5525	1573	21	1137	17	202	149	0.796792877788
5526	56	430	72	360	219	149	0.0705835620739
5527	6	70	16	27	152	149	0.000134856382907
5528	1	75	2	33	155	149	0.267690340678
5529	0	90	2	20	170	149	0.326059291207
5530	79	12	18	2	193	149	0.541078345369
5534	239	0	446	1	406	149	1
5535	11	181	86	350	167	149	1.11840514179e-05
5537	79	94	2	0	207	149	0.00212345093942
5538	59	7	2	0	194	149	0.0207937406162
5543	10	2	116	0	172	149	0.0542869786504
5544	2	5	150	38	266	149	0.00294264547991
5546	0	25	1	65	208	149	1
5555	2	0	42	5	981	149	0.00334842385938
5556	2	2	8	43	218	149	0.324385216242
5557	2	13	1	11	163	149	0.507928922684
5558	357	0	1725	1	163	149	1
5559	16	2	4	0	171	149	0.0988622303632
5560	2	2	9	11	770	149	0.700310091024
5562	38	370	19	146	381	149	0.545213248381
5563	43	1	27	3	261	149	0.0981232965936
5565	4	79	4	52	544	149	0.631180664453
5566	17	284	12	101	153	149	0.131483865395
5567	24	10	9	8	836	149	0.190910936285
5568	21	269	9	83	836	149	0.607256030602
5569	1	76	5	1350	237	149	1
5570	0	4	1	44	317	149	1
5571	6	45	1	42	213	149	0.0304144613147
5577	2	32	4	34	165	149	0.385737868146
5580	54	13	63	26	206	149	0.16879418011
5581	634	8744	35	486	396	149	0.896186909476
5582	19363	2	766	0	2226	149	1
5583	3194	5	178	0	210	149	1
5584	14978	4	561	0	210	149	1
5587	4	9	7	17	211	149	0.940949058682
5607	68	6	19	3	457	149	0.512870151865
5611	0	6	5	3	218	149	0.000208560934894
5618	4	0	0	2	666	149	4.41585600286e-06
5622	8	0	203	1	799	149	0.356532387392
5625	2177	167	131	4	246	149	0.0233409168752
5626	1	148	1	368	314	149	1
5631	0	5	9	126	486	149	0.257585757236
5632	62	0	364	21	309	149	0.00195264958828
5633	19	0	146	1	1283	149	0.258368979181
5638	6	0	81	16	350	149	0.00425730267391
5639	6	0	94	2	350	149	0.282034678088
5649	19	0	2	2	153	149	0.00397297988715
5650	6	31	0	4	208	149	0.0166839550964
5653	8	93	1	11	217	149	0.867489919738
5655	1	145	0	41	165	149	1
5668	258	0	37	1	153	149	0.345181723555
5674	0	33	11	874	207	149	1
5675	34	1	18	0	186	149	0.301881992695
5677	0	1	2	17	153	149	0.136933179452
5680	86	2	84	0	373	149	0.291210651109
5681	1	0	26	2	186	149	0.162347974449
5683	87	2	99	0	369	149	0.336975880902
5685	86	2	75	0	332	149	0.352165257383
5686	15	2	12	0	187	149	0.0666017837658
5692	15	35	10	48	515	149	0.129117958983
5694	3	92	0	20	158	149	0.288408345083
5695	1	46	5	31	553	149	0.0617549971593
5696	0	65	1	40	153	149	0.378163463505
5702	615	1	3090	0	1889	149	0.427429332859
5703	158	0	4037	2	4211	149	0.609822897787
5704	21	175	104	2960	744	149	0.0059217505047
5705	2	0	718	7	353	149	0.298531425477
5706	1	16	0	4	241	149	0.292925207974
5708	4	10	0	60	467	149	0.00677429848156
5709	5	10	0	60	463	149	0.000787717231718
5721	9	4	4	4	230	149	0.330465027193
5728	119	836	197	1177	162	149	0.38402064824
5733	0	20	5	22	268	149	0.00872203593453
5734	0	1	19	36	191	149	0.0084645306061
5740	7	37	0	52	229	149	0.00103055802745
5741	0	10	1	58	163	149	0.570241783128
5746	218	0	473	2	376	149	1
5747	310	4	536	3	340	149	0.303617595994
5748	110	1	71	0	391	149	0.384483715131
5749	383	1	555	3	391	149	0.639303217688
5750	426	2	649	0	430	149	0.630287757311
5751	44	2	97	0	188	149	0.533135695002
5752	197	121	423	184	188	149	0.0895253534862
5755	14	17	1	0	163	149	0.00415102428408
5756	204	31	15	2	477	149	0.730164803552
5757	2	10	2	0	164	149	0.00016954325382
5759	16	0	11	2	259	149	0.027088052461
5769	0	4	61	12	194	149	1.027033528e-05
5770	54	2	95	0	176	149	0.806714948629
5772	6	6	5	11	237	149	0.294046964087
5774	3	0	0	2	171	149	9.54976465062e-06
5778	401	2	136	3	538	149	0.136998895779
5779	3916	1	1427	0	1313	149	1
5780	621	95	146	24	199	149	0.875056850744
5782	4134	1	1510	2	1313	149	0.815120582166
5783	4330	8	1630	4	1386	149	0.948790970973
5784	197	8	122	4	222	149	0.630543429858
5785	85	34	54	22	214	149	0.970927483635
5786	234	93	117	69	214	149	0.101395263158
5787	238	9	117	10	309	149	0.10620783385
5789	19	8	24	0	167	149	8.76624345448e-05
5790	9	8	1	0	218	149	0.00300005546034
5792	13	0	139	1	184	149	1
5794	6	2	3	0	236	149	0.0198568754253
5797	20	2	9	4	160	149	0.0919303163483
5799	21	5	1	0	175	149	0.0102152686886
5800	82	3	41	0	163	149	0.188963610789
5820	4	2	5	0	233	149	0.0100337957412
5821	2	38	4	10	328	149	0.0312601510823
5822	10	38	4	10	686	149	0.938582413005
5830	11	2	2	2	213	149	0.111438515031
5839	607	2	90	0	212	149	1
5841	10	63	15	52	253	149	0.192674398774
5844	0	74	6	66	257	149	0.0152945070874
5845	0	18	1	13	468	149	0.379309858557
5848	23	0	34	15	158	149	2.62501926306e-05
5849	2	39	4	44	164	149	0.417852004271
5856	24	620	4	611	259	149	0.00672727956256
5857	649	5	329	1	183	149	1
5858	13	0	17	17	408	149	5.16732918088e-06
5869	40	2	61	0	780	149	0.0296860762292
5873	6	0	6	6	161	149	0.000342760338445
5874	3	0	6	6	234	149	0.000671892752682
5875	5	0	5	6	240	149	0.000215969618787
5876	0	3	5	5	222	149	0.00155272229011
5877	2	3	4	5	228	149	0.841953344515
5878	2	0	0	1	155	149	3.82308580019e-05
5880	57	2	32	2	210	149	0.679672321814
5881	236	2	139	2	214	149	0.843341669687
5882	72	2	37	2	235	149	0.638723119675
5885	8	172	3	105	170	149	0.366658093991
5888	18	0	2	4	267	149	9.75683891591e-06
5901	0	1	6	2	185	149	0.000703893231933
5902	0	112	1	243	164	149	1
5903	199	0	1108	3	329	149	1
5926	6	8	4	6	166	149	0.875300724668
5929	4	0	0	8	193	149	1.71530190163e-07
5930	70	10	51	2	295	149	0.0400445430614
5931	0	2	4	177	282	149	0.736376339008
5932	2	306	10	646	165	149	0.598945771784
5937	1	1	2	0	371	149	0.00794349648911
5938	2	13	0	1	185	149	0.127573436117
5946	16	0	101	4	445	149	0.0324850315572
5948	45	0	22	2	340	149	0.0374904344017
5950	3	44	1	133	215	149	0.188353484181
5951	40	38	58	140	548	149	0.00299317046509
5966	0	75	1	85	159	149	1
5968	14	83	12	80	163	149	0.785256446938
5971	1	22	2	2	239	149	0.0472853154376
5972	19	37	4	12	153	149	0.399665852703
5981	10	10	30	28	274	149	0.864113912892
5982	216	5	94	2	208	149	0.748870925647
5983	48	5	11	2	214	149	0.809471792473
5984	2	170	0	83	155	149	1
5985	255	0	290	4	1344	149	0.014956743478
5993	259	0	749	1	166	149	1
5994	2	1	23	0	195	149	0.0969462732703
5996	48	58	5	23	1985	149	0.00355670395289
6002	11	155	8	214	254	149	0.19379939763
6006	1735	4	369	0	1767	149	0.25902407118
6008	9	948	11	174	314	149	0.0127517341631
6014	2	7	4	10	227	149	0.659522160334
6015	1	0	4	2	227	149	0.0129988317255
6016	65	29	53	18	681	149	0.469751640335
6017	1	99	0	32	153	149	1
6024	40	82	38	36	589	149	0.0216336261373
6025	25	78	13	28	180	149	0.427669231439
6026	22	234	30	208	180	149	0.186010843448
6031	19	3	2	1	154	149	0.624899614084
6032	578	1	209	0	4084	149	0.276029381577
6034	0	1	2	181	445	149	1
6036	5	16	0	10	152	149	0.00251993833308
6045	1	2	9	0	187	149	0.000923072919802
6051	8	20	5	19	153	149	0.502065571959
6054	99	28	40	9	191	149	0.545039615267
6056	494	1	47	0	154	149	1
6069	2	0	1	76	257	149	2.5341098404e-05
6071	50	1	26	1	187	149	0.986178455693
6087	27	0	124	1	394	149	0.416336550105
6088	36	0	125	3	167	149	0.38706443771
6091	4	52	1	67	156	149	0.0590764361274
6096	21	3	29	76	2632	149	4.65671805228e-07
6113	2	13	1	7	162	149	0.778498275563
6119	8	5	36	1	293	149	0.000619095284765
6126	46	21	26	9	158	149	0.527460982081
6128	20	6	9	0	282	149	0.00150113532768
6130	0	6	39	25	182	149	4.40388218982e-05
6131	2	46	61	114	182	149	1.30334737192e-06
6133	0	2	4	0	261	149	6.21040181747e-06
6136	0	2	16	10	184	149	0.0013316438808
6153	6	9	1	4	258	149	0.260032342471
6154	229	7	116	2	193	149	0.319201508281
6156	1	0	506	15	236	149	0.0885265326667
6157	46	715	8	168	180	149	0.343545843837
6158	1110	2	285	0	2912	149	0.489136159694
6160	449	1	187	1	180	149	1
6164	4	6	115	11	844	149	5.7899053107e-05
6165	2	6	2	11	538	149	0.706476962423
6166	0	6	2	11	363	149	0.177396237168
6167	0	6	2	11	238	149	0.11274154109
6175	18	6	10	9	173	149	0.116472567388
6177	67	69	6	7	232	149	0.738983136235
6178	40	328	5	35	269	149	0.744018297553
6185	7	10	38	8	374	149	0.00123837497994
6191	78	0	61	5	479	149	0.0012251050526
6201	0	40	2	198	158	149	1
6209	700	2	331	3	290	149	0.65550304967
6211	12	1	15	2	182	149	0.532823040702
6212	6	0	2	3	254	149	0.000276238201147
6214	16	22	5	2	218	149	0.130630244821
6216	11	32	22	46	164	149	0.436005802172
6221	403	0	98	3	165	149	0.387635919283
6238	1	92	10	2552	276	149	1
6239	575	297	184	91	3226	149	0.872294197706
6246	1	24	3	69	169	149	0.712547824508
6247	0	1	3	2	153	149	0.00171724016126
6248	11	5	7	5	153	149	0.549559366063
6250	7	5	13	13	174	149	0.600510447323
6253	2	5	0	12	165	149	0.0203031517781
6254	2	5	0	12	161	149	0.0197544953578
6260	12	0	35	5	425	149	0.00304040974232
6267	1	77	2	37	236	149	0.887688305352
6270	0	3	14	88	172	149	0.0198989870389
6273	0	91	2	58	211	149	0.532979283841
6274	175	0	88	2	846	149	0.0830051596405
6275	6	78	0	12	1234	149	1
6276	23	0	20	2	160	149	0.104433881839
6279	1	86	4	22	159	149	0.00570183446152
6281	1026	9	16	0	253	149	0.542719414435
6282	798	21	22	0	307	149	0.0477369870161
6283	63	0	82	1	503	149	0.28859601863
6286	3841	0	1009	3	1434	149	0.512277425
6289	5	26	2	35	391	149	0.114607794161
6297	9	8	1	0	152	149	0.00374464430769
6298	1699	1	901	1	156	149	1
6299	1907	1	1314	0	151	149	1
6304	2	232	2	128	170	149	0.624119727053
6310	78	0	22	2	153	149	0.283378733875
6314	53	87	17	66	225	149	0.00984035957764
6315	0	70	2	65	246	149	0.525857372258
6339	2	107	0	39	218	149	0.678471666179
6340	0	20	2	21	168	149	0.151600921971
6341	25	14	8	14	155	149	0.033496454326
6349	2	0	708	1	206	149	1
6356	0	46	2	50	211	149	0.571037806636
6371	0	2	4	3	267	149	0.00218695010849
6372	0	2	7	3	335	149	0.000938461467622
6373	0	2	16	3	447	149	0.000241104317236
6378	2	0	16	98	471	149	0.000896687819111
6388	29	48	0	34	296	149	1.98863945977e-07
6390	161	4	110	0	323	149	0.0622583315506
6399	3	0	10	10	176	149	0.00116679309505
6400	100	6	128	5	374	149	0.493575537365
6401	6	2	11	1	273	149	0.249539724485
6402	8	117	0	22	153	149	0.0247580938995
6403	2	462	5	276	196	149	0.757361056473
6406	4	79	2	46	173	149	0.706516983765
6416	24	125	30	286	701	149	0.0769245657355
6420	2	15	2	22	188	149	0.782725419389
6421	12	8	30	5	161	149	0.0314190099184
6423	2	12	0	4	296	149	0.165910569276
6427	2	10	0	1	211	149	0.112603897794
6432	2	0	28	2	177	149	0.180005646288
6444	0	6	3	92	162	149	0.343028538299
6445	4	0	129	6	336	149	0.0308614310423
6446	5	5	26	18	314	149	0.505677585149
6447	0	2	1	3	271	149	0.410194452925
6456	4	2	6	6	261	149	0.432526791563
6457	67	0	16	2	483	149	0.0129161609484
6460	4	4	1	2	194	149	0.506007278751
6463	1	50	8	131	269	149	0.108961294926
6464	2	0	3	1	533	149	0.0235656207582
6466	2	40	2	18	156	149	0.581299690592
6467	1	40	2	18	190	149	0.212121705037
6468	0	1	2	2	183	149	0.0145024168199
6472	104	0	638	1	203	149	1
6473	1638	0	1556	1	323	149	1
6474	8	0	9	5	383	149	0.000353865934031
6476	0	60	1	2	312	149	0.228461371085
6479	3	0	51	10	924	149	0.00539311437116
6480	2	0	75	10	164	149	0.0221696236456
6482	38	4	124	18	217	149	0.470991902837
6484	7	0	4	1	188	149	0.574641756385
6485	12	0	38	3	194	149	0.0679197446311
6490	961	45	404	27	2984	149	0.214164173596
6493	0	1	41	0	204	149	5.78763806692e-05
6494	195	10	63	9	153	149	0.0572025980303
6495	88	10	133	9	298	149	0.304175771469
6496	88	195	130	60	294	149	7.85858045305e-11
6497	25	1	4	0	222	149	0.254046615504
6498	35	1516	9	297	425	149	0.895141492123
6504	1	119	0	55	175	149	1
6507	29	0	270	2	160	149	1
6508	0	7	2	16	323	149	0.245049783226
6511	2	0	42	3	183	149	0.102296399065
6526	92	1	188	1	362	149	0.405857760499
6527	0	3	7	0	177	149	4.36969315731e-07
6528	1	3	12	0	224	149	4.73771108352e-05
6530	0	4	7	0	177	149	1.70978992298e-07
6538	17	34	3	5	158	149	0.808039118809
6543	0	61	2	48	191	149	0.636881423992
6544	6	127	4	71	211	149	0.936351355947
6545	13	218	20	317	257	149	0.8560002722
6546	99	4	31	6	414	149	0.0216533382272
6548	2	2	19	101	1021	149	0.641442209997
6549	3	2	8	4	158	149	0.765135604316
6550	44	14	42	20	158	149	0.337180409967
6551	1	0	4	3	193	149	0.00272499757108
6553	0	4	4	6	989	149	0.0457747358552
6554	0	4	1	34	179	149	0.376461436899
6556	2	5	2	20	232	149	0.36061303242
6557	0	5	3	4	549	149	0.0264914859755
6559	5	0	5	1	161	149	0.573985002204
6560	21	6	69	10	152	149	0.320188667103
6562	1	43	2	45	289	149	0.894261448797
6565	8	583	35	2559	772	149	1
6569	49	10	36	7	212	149	0.914671276375
6570	20	2	16	0	212	149	0.0767303601197
6571	11	0	49	1	192	149	0.361586621562
6572	0	18	2	24	203	149	0.252124913803
6576	0	2	1	6	154	149	0.39783622862
6581	0	5	2	39	374	149	0.519373055905
6582	2	27	0	25	163	149	0.220796849634
6584	3	0	31	1	173	149	0.29916745576
6589	4	2	14	10	206	149	0.621817506304
6591	28	5	4	14	305	149	3.50106747138e-06
6592	25	2	11	0	178	149	0.132193778009
6594	1	0	7	29	315	149	0.00512094683655
6595	5	0	6	4	792	149	0.000146094758746
6596	0	31	3	71	167	149	0.211011584173
6597	41	1	48	0	153	149	0.371671986639
6599	443	7	30	0	233	149	0.230743573988
6600	1	0	3	7	458	149	0.000634175829237
6602	0	3	1	20	154	149	0.269302640308
6604	2	12	1	31	268	149	0.187703385254
6609	0	2	4	10	192	149	0.00774133342037
6611	4	0	3	3	178	149	0.00156744095371
6623	2	9	6	87	371	149	0.784874115463
6641	4	0	221	2	550	149	0.417172946091
6646	0	39	3	34	167	149	0.0566276362536
6659	13	0	13	2	168	149	0.0599686855611
6662	22	41	2	6	249	149	0.356391180353
6663	48	132	9	49	300	149	0.0656655957549
6664	67	132	13	49	200	149	0.0574048366074
6667	55	50	32	26	578	149	0.778788397055
6670	17	0	132	7	263	149	0.0231203847313
6674	39	1058	19	652	298	149	0.42509358102
6686	491	130	303	46	537	149	0.0153451365701
6687	4	0	8	1	251	149	0.614553935315
6690	3	1	0	6	153	149	0.000275991026446
6695	5	9	0	2	191	149	0.00446408645043
6703	22	3	3	0	283	149	0.0205919260631
6704	9	3	6	0	172	149	0.00993180615226
6713	20	6	13	4	158	149	0.992787882919
6716	6	0	8	101	336	149	1.69054105159e-08
6717	5	0	5	1	167	149	0.616937907903
6735	88	291	20	66	1493	149	0.944930897563
6750	9	0	74	4	176	149	0.0930376745579
6752	0	2	10	56	185	149	0.021237701154
6753	2	0	13	2	278	149	0.0459222786831
6755	0	4	4	6	161	149	0.00183676761051
6758	48	2	281	0	212	149	0.514519016468
6759	0	2	2	98	153	149	0.526241882793
6761	1	0	14	3	253	149	0.012769394314
6764	6	3	3	5	173	149	0.179120701144
6765	8	7	3	1	173	149	0.267520417921
6767	6	59	3	21	171	149	0.866213025641
6768	44	59	13	21	222	149	0.608813667764
6769	39	1	10	0	200	149	0.309012154875
6770	36	12	16	26	222	149	0.000489401951164
6771	11	104	6	56	171	149	0.966089812924
6772	59	104	37	56	222	149	0.627606408599
6773	54	6	34	3	200	149	0.659256274342
6774	36	15	11	9	222	149	0.209466521059
6775	1	0	23	5	494	149	0.00391627639707
6776	0	4	3	50	304	149	0.349192582508
6777	6	126	5	33	514	149	0.133489870364
6787	14	172	7	182	265	149	0.10744204055
6794	0	3	9	3	389	149	0.000290585939815
6796	0	8	3	43	215	149	0.186647792419
6797	41	0	126	3	254	149	0.194552417512
6801	2	17	1	30	178	149	0.261190385131
6812	55	0	188	1	153	149	1
6813	0	14	11	100	429	149	0.0502360714536
6819	15	0	574	1	186	149	1
6820	28	0	307	1	602	149	0.81603695065
6821	21	8	126	393	565	149	1.60292268925e-06
6823	0	2	7	6	1602	149	0.0205050101956
6825	4	25	0	3	334	149	0.0860533083024
6826	1	181	0	25	167	149	1
6828	189	219	13	66	161	149	2.76701125035e-06
6838	0	2	2	3	298	149	0.0435582116403
6851	2	0	0	2	189	149	1.77945363274e-05
6858	0	2	13	245	158	149	0.0782081664398
6861	52	2	72	5	238	149	0.357508059002
6876	9	2	3	1	171	149	0.82365541269
6877	86	11	12	2	171	149	0.665225849662
6878	4	10	2	4	152	149	0.822049919118
6879	6	41	9	46	152	149	0.585590760637
6880	11	1	13	0	168	149	0.226715032681
6882	0	2	3	29	161	149	0.0917435515463
6886	2191	4	2683	0	196	149	1
6887	449	0	463	10	169	149	0.0520569171945
6888	27	0	1119	4	862	149	0.463485391976
6892	7	28	2	12	691	149	0.42644213301
6893	0	2	1	11	702	149	0.461935144624
6897	254	1	175	2	153	149	0.800371252344
6899	22	74	17	91	933	149	0.225312441112
6901	14	0	3	1	159	149	0.400135660401
6903	1	0	8	2	156	149	0.0556963708619
6905	464	4	90	1	252	149	0.732782381002
6906	280	13	224	9	171	149	0.725895080818
6913	0	4	1	1	482	149	0.22385329426
6919	5	90	1	42	240	149	0.209017993229
6920	6	90	1	42	218	149	0.142133984857
6926	1	6	0	10	541	149	0.268221042752
6929	1	12	0	9	310	149	0.287449212164
6930	1	12	0	9	159	149	0.231565926149
6939	74	2	26	0	194	149	0.56128777327
6940	6691	0	1423	2	2134	149	0.530666688815
6941	1	425	2	111	231	149	0.822872064506
6944	1	9	0	7	153	149	0.245043266104
6947	2	20	3	67	213	149	0.732558671134
6952	14	2	2	0	157	149	0.0995492178286
6955	2	39	0	31	153	149	0.373945558703
6956	3	0	51	13	219	149	0.00699254997398
6964	40	0	155	1	153	149	1
6971	919	2	1188	0	270	149	1
6978	15	0	114	3	715	149	0.0559863429207
6984	88	1	61	0	182	149	0.71532184338
6989	258	5	111	0	302	149	0.0883249857238
6992	10	2	7	4	246	149	0.234382325493
6993	0	2	1	4	153	149	0.747183345697
6994	9	0	7	2	246	149	0.0184000296499
6997	159	0	205	2	195	149	0.679477264009
7002	2	2	66	19	227	149	0.253333848822
7012	2	1008	0	542	164	149	1
7013	38	1	26	0	366	149	0.250091051514
7019	0	6	2	35	152	149	0.241963467832
7025	7	0	0	13	1105	149	2.67066405657e-08
7027	3603	25	6131	28	1499	149	0.190997374569
7031	62	0	48	2	338	149	0.129160386801
7035	0	13	23	66	161	149	0.000488355483865
7039	69	398	14	233	155	149	0.000532601754843
7041	108	2	57	2	689	149	0.623502647418
7043	0	12	1	27	166	149	0.316734748703
7048	2	15	2	7	179	149	0.594133649994
7049	3	6	2	5	230	149	0.814943506591
7050	16	6	7	5	200	149	0.365349232436
7051	149	20	50	3	629	149	0.125679626415
7053	212	0	481	5	153	149	1
7056	0	6	3	7	257	149	0.0195780851668
7057	0	6	3	7	183	149	0.0116793367168
7058	13	7	8	2	153	149	0.312858733322
7061	0	20	2	24	283	149	0.56073144426
7064	36	39	9	5	298	149	0.29359567641
7066	6	1116	1	384	158	149	1
7067	1	1116	0	384	153	149	1
7068	55	5	16	1	280	149	0.502462665315
7070	44	7	15	1	152	149	0.203691957053
7071	75	30	41	13	239	149	0.538735440427
7072	38	30	27	13	236	149	0.238774421347
7073	10	61	11	35	158	149	0.200855552546
7074	4	4	3	3	158	149	1
7075	1	6	3	5	400	149	0.179503967227
7080	3927	4	2859	0	151	149	1
7082	2502	0	2527	1	158	149	1
7083	4	4	3	10	153	149	0.167451956005
7084	0	57	4	36	160	149	0.0120521988958
7087	57	108	22	48	155	149	0.641878274721
7090	4	6	2	8	268	149	0.282269801505
7091	1	6	9	8	319	149	0.0211039181333
7092	1	4	7	0	200	149	1.7712572763e-05
7094	138	1	143	4	192	149	0.16533249934
7095	3	0	5	75	236	149	1.11832749885e-05
7098	2	0	84	6	164	149	0.0442886973959
7099	2	32	8	83	286	149	0.398267708014
7103	8	5	53	87	573	149	0.18850163899
7107	26	1	51	0	185	149	0.27175960548
7111	2	138	0	122	173	149	0.703809361243
7113	0	15	1	10	154	149	0.224893727949
7118	6	3	1	0	161	149	0.00763614100721
7119	2	18	0	7	152	149	0.121812976327
7120	1469	1	104	0	153	149	1
7121	23	17	12	12	173	149	0.554327788163
7124	229	42	43	31	2994	149	1.5617822208e-05
7125	2	42	0	29	180	149	0.639210311379
7126	51	9	41	2	476	149	0.0501792952539
7127	77	9	55	2	1025	149	0.0701836782704
7128	43	17	22	8	698	149	0.884077889111
7129	87	4	54	0	3462	149	0.000678727553625
7134	54	11	37	6	153	149	0.650420314226
7136	2	10	2	19	162	149	0.643733091756
7148	101	4	47	1	741	149	0.377543005639
7154	45	1	62	0	156	149	0.389722871203
7155	25	8	132	31	155	149	0.631520190169
7166	0	3	1	33	294	149	0.602934221181
7168	1	3	2	0	217	149	0.00019232377739
7169	1	3	2	0	271	149	0.000108151926538
7182	6	0	57	1	185	149	0.408583476791
7200	2	0	0	10	227	149	4.24843801983e-06
7208	4	2	9	15	347	149	0.237044767057
7221	40	75	3	27	153	149	0.00257055288171
7228	15	79	7	32	296	149	0.916596890764
7237	3	12	1	5	204	149	0.611768931042
7238	2	15	0	5	227	149	0.156659844217
7242	5	5	4	0	232	149	0.00048417220646
7244	174	3	39	0	164	149	0.720601543185
7245	2	0	8	1	174	149	0.364098760253
7249	7	1	3	0	207	149	0.546171631362
7252	2	0	16	2	701	149	0.0158680967803
7253	2	0	1	2	172	149	0.00248430609975
7264	4	6	4	3	224	149	0.439906688431
7266	213	30	9	0	1325	149	0.00304676206355
7276	5	194	6	112	153	149	0.264923896463
7277	229	1	180	0	298	149	1
7282	0	2	1	254	153	149	1
7283	4	18	8	50	548	149	0.97339778772
7288	2	8	0	4	165	149	0.058192141
7289	5	74	1	12	165	149	0.694962750999
7291	165	284	8	1	254	149	0.00103718947407
7295	0	15	3	22	197	149	0.0544444409126
7302	3	66	3	70	199	149	0.954086960122
7312	5	74	0	19	216	149	0.0894776993766
7321	10	186	1	87	184	149	0.0316530513411
7323	37	2	36	4	217	149	0.334289151477
7324	350	3	174	0	1310	149	0.0821743288622
7325	361	35	38	39	1469	149	6.22835116815e-14
7333	70	2	50	0	385	149	0.165947362624
7334	492	1	183	2	1030	149	0.185290379092
7343	3	33	0	15	274	149	0.145711864611
7344	2	94	0	44	261	149	0.739402512176
7347	2	15	0	12	165	149	0.092086539296
7348	2	5	0	3	170	149	0.0358910081408
7349	15	5	12	3	154	149	0.700027041149
7364	0	7	4	13	295	149	0.0195029629599
7366	3	0	65	2	256	149	0.272544220244
7368	0	3	8	57	189	149	0.0265046591024
7369	5	47	4	34	188	149	0.946121970521
7370	249	9	25	0	523	149	0.0156400022809
7371	15	3	24	0	1319	149	0.000281460731723
7374	15	0	13	2	175	149	0.0541212296762
7375	41	746	74	1017	164	149	0.238541759609
7379	186	331	93	146	1077	149	0.588377921867
7380	187	59	95	8	1077	149	0.000526452284832
7383	741	1	708	3	483	149	0.647526750755
7384	1	0	16	4	233	149	0.0046502233016
7385	9	0	57	2	170	149	0.355817497114
7386	2	3	2	4	182	149	0.793386978407
7392	0	4	5	57	156	149	0.04210110137
7395	2	222	14	702	179	149	0.27065968061
7396	5	222	66	702	280	149	0.00026890235116
7397	3	0	62	10	250	149	0.0107694836525
7399	3	19	17	36	161	149	0.0547579174961
7401	21	583	12	236	721	149	1
7412	173	1	64	2	218	149	0.500769102128
7414	10	0	12	5	363	149	0.000501350545685
7415	27	9	8	2	384	149	0.667962225547
7418	24	1	6	1	524	149	0.495301257553
7424	3	4	0	8	153	149	0.00283922097317
7425	17	30	19	36	158	149	0.873576904326
7426	0	30	1	36	162	149	0.366980445532
7429	21	40	0	15	196	149	7.34263505218e-05
7431	42	11	33	2	154	149	0.0208165968875
7432	653	3	332	0	164	149	1
7434	1	204	1	66	160	149	0.692664258236
7435	3	0	78	4	1861	149	0.00409109791163
7436	2	0	90	1	186	149	0.716394591505
7438	18	322	4	92	170	149	0.51177876802
7439	18	0	26	1	381	149	0.234222153136
7440	6	2	11	0	381	149	0.00689708135768
7446	425	1	75	0	2213	149	0.311350771358
7453	0	2	4	2	234	149	0.000864280946454
7457	466	1	134	0	434	149	1
7458	3	0	1	7	187	149	2.5783280173e-05
7459	1	0	38	1	191	149	0.311330508069
7461	0	2	2	0	256	149	1.58919231527e-05
7464	593	8	203	0	166	149	0.575792945632
7465	3345	2	1008	0	1592	149	1
7472	26	63	1	18	162	149	0.00345490571548
7474	127	2	98	2	154	149	0.864049475109
7475	39	1225	9	440	274	149	0.190471272425
7476	238	1126	87	956	403	149	1.04109584592e-05
7479	9	0	34	2	482	149	0.0685388334688
7489	49	40	19	13	155	149	0.657901894924
7502	5	0	4	6	164	149	0.000196594458349
7505	22	0	161	1	426	149	0.497292758073
7506	6	0	98	1	528	149	0.30517243977
7507	0	16	5	68	251	149	0.103261269525
7508	10	68	28	59	390	149	0.00369590535785
7509	0	2	1	1	181	149	0.146195569091
7511	7	2	1194	8	190	149	0.0459992966505
7512	12	896	46	4538	160	149	0.767477339701
7513	267	107	121	37	173	149	0.279970617808
7516	0	3	22	207	193	149	0.0372537981715
7524	2	0	11	3	287	149	0.00649654645265
7525	32	2	71	1	233	149	0.20923942532
7534	2	0	8	44	229	149	0.000492323333525
7537	516	1	95	0	239	149	1
7540	5	0	17	2	196	149	0.0888790233826
7541	2	112	0	32	163	149	0.549098886998
7542	2	82	0	28	153	149	0.530576406452
7544	0	4	1	84	668	149	1
7545	19	1307	9	572	153	149	0.905869717073
7549	6	14	1	0	201	149	0.00283592985756
7550	125	31	922	80	202	149	0.000243299085095
7551	11	2153	7	2964	159	149	1
7553	1258	2	2317	0	909	149	1
7563	9	62	4	43	291	149	0.399092184715
7577	24	2	81	0	229	149	0.119974539345
7579	49	57	10	19	158	149	0.243805094003
7581	0	1	3	0	168	149	2.08221149555e-05
7593	6	2	0	2	160	149	0.000296531537849
7594	13	138	10	66	160	149	0.355832549235
7597	0	2	2	31	310	149	0.548928615979
