IJC_SAMPLE_1	SJC_SAMPLE_1	IJC_SAMPLE_2	SJC_SAMPLE_2	IncFormLen	SkipFormLen
69	360	41	160	176	203
1419	1463	2489	1900	279	262
29	1	145	0	293	230
135	26	372	0	245	294
85	52	300	129	298	217
9449	7917	3051	1360	246	219
38	2	58	0	210	264
2	0	7	9	216	216
329	290	333	356	233	245
55	28	109	76	298	220
4	149	0	294	262	259
34	44	0	23	230	198
268	557	769	965	228	220
279	686	759	1339	228	235
340	676	1202	1349	220	235
63	1	167	0	298	241
6	33	0	130	216	298
8	17	41	50	298	289
2	53	80	240	197	298
0	86	5	296	298	220
10	22	21	14	298	296
9	10	0	21	298	298
0	55	7	23	298	298
31	55	42	23	258	298
78	142	176	344	298	298
7	142	0	344	298	298
87	9	125	0	228	220
5	40	12	97	223	247
50	5	208	77	234	240
4	13	3	109	203	298
82	81	231	25	239	294
95	81	216	25	244	294
12	0	61	1	270	298
2	5	9	8	269	298
8	51	243	273	264	281
101	307	90	223	219	298
25	2	87	98	298	284
22	6	92	120	272	298
23936	15985	28600	13664	272	298
2465	1150	765	252	298	212
3	0	0	6	298	251
80	137	135	481	210	298
6	24295	9	32717	222	215
17	83	20	47	234	298
311	250	492	235	298	211
2	2	116	114	298	298
0	26	51	20	298	274
9	181	20	2536	242	252
1	5	0	10	298	254
88	163	16	30	271	287
88	13	16	0	271	298
55	76	15	21	287	237
294	8	135	0	298	242
145	183	310	595	237	236
2	0	31	39	223	298
244	22	614	177	298	298
249	22	632	177	275	298
680	4	1507	0	275	258
1420	2328	2972	2070	298	278
41	71	108	39	181	208
201	212	743	713	199	232
400	248	1331	877	199	199
130	256	280	872	246	199
46	67	61	85	210	298
83	46	155	18	238	210
83	46	142	18	218	210
379	947	43	142	298	298
22	934	121	127	298	298
12	31	12	105	237	262
233	580	469	716	209	298
1	10	306	301	200	197
1	0	306	145	200	260
0	1	28	117	203	209
0	1	148	117	185	209
0	2	23	66	185	209
1	2	586	66	200	209
1	0	586	23	200	185
2	0	364	7	200	185
1	0	329	55	200	185
202	37621	0	107	298	209
19	1006	0	38	298	182
1322	1019	49	38	214	182
426	1006	77	38	214	182
8	73	23	25	210	298
88	46	356	291	272	298
19	35	6	0	253	246
2	1611	0	1168	298	221
3048	1611	3157	1168	228	221
3048	6	3157	6	228	241
33	41	116	57	298	253
8	2151	0	1884	238	298
27	33	82	87	298	298
0	19	18	162	239	263
33	15	27	36	202	298
33	4	27	64	202	291
12	0	0	6	247	280
4	45	13	146	191	202
29	4	27	13	202	298
29	4	27	13	202	291
191	441	371	472	202	240
4	262	7	320	191	202
11	3	17	69	298	298
20	24	5	56	274	185
24	54	131	205	272	298
131	15	890	390	288	288
0	1	4	24	248	212
0	2	4	28	248	298
166	327	96	307	298	298
2	1431	0	1312	199	298
12	377	13	254	266	298
12	492	13	323	266	298
12	351	13	228	266	289
380	712	187	122	256	298
1575	1633	26	46	298	265
16	34	83	125	200	232
5	9	34	16	236	298
26	13	35	27	280	261
8	13	0	27	276	261
326	311	138	69	242	224
482	1153	1	1	298	268
502	1153	0	1	298	268
1088	1834	0	1	256	218
107	431	294	277	240	298
71	229	82	90	265	298
0	3	8	27	259	247
0	3	12	23	191	298
261	3	366	20	245	230
20	20	49	14	175	245
17	0	223	17	236	298
17	15	223	483	236	298
0	15	17	483	298	298
0	38	26	1009	298	298
6	86	0	75	263	298
6	86	0	75	267	298
6	79	0	72	263	298
6	79	0	72	267	298
6	62	0	26	263	295
6	62	0	26	267	295
333	222	2632	1477	298	298
149	197	983	868	245	298
636	707	1721	1283	245	225
31	1035	67	2414	260	279
31	313	67	815	260	298
30	87	185	364	292	278
11	8	55	67	240	291
2819	91	1363	39	235	298
6	32	62	31	298	298
172	426	601	760	285	295
115	103	248	81	279	235
9	0	53	8	180	298
165	175	664	674	263	272
61	82	137	66	262	234
40	162	36	117	298	298
301	275	910	638	298	298
0	2	36	27	195	230
2	10	147	24	273	195
14	14	103	43	232	232
59	102	211	226	218	298
10	22	4	56	248	246
42	85	139	218	225	289
0	7	12	31	203	203
40	16	168	31	298	257
69	200	102	123	219	246
106	264	157	220	246	291
27	70	231	168	298	277
55	54	263	188	277	298
55	54	263	188	277	267
55	56	263	203	277	250
0	12	20	0	239	218
1	7	59	202	182	254
1983	3981	2093	3351	254	271
2	0	119	52	288	253
34	800	34	476	298	273
431	800	619	476	298	273
19	800	2	476	298	273
28	16	53	73	298	298
51	108	121	111	271	284
0	5	4	69	298	271
2	90	34	278	298	244
21	86	139	467	244	298
21	15	139	14	244	187
44	137	138	139	213	268
14193	39019	36	29	298	298
19	0	59	164	298	298
0	1	67	76	218	230
54	100	755	515	206	172
88	115	825	862	212	206
66	107	551	1205	203	212
31	28	18	108	290	298
19	45	28	29	298	290
45	31	414	91	285	240
34	22	53	27	216	210
0	12	31	37	247	278
29	36	100	168	228	298
938	167	994	51	249	254
10	291	0	350	193	292
2	0	62	9	201	200
96	113	536	447	275	238
371	762	41	108	215	215
448	710	91	133	227	215
19	29	73	90	257	298
4	89	0	52	205	227
65	89	64	52	241	227
65	4	64	0	241	205
30	122	5	148	203	278
56	137	235	500	237	298
30	134	92	500	237	298
2	2	55	0	224	289
15	68	57	100	296	262
60	82	130	115	266	280
37	23	252	149	262	218
203	691	626	939	288	291
3	9	137	93	269	270
9	9	161	85	278	270
0	12	8	27	180	276
59	44	310	285	263	224
74	169	152	268	239	298
10	45	47	329	193	254
11	4	134	46	282	298
1	141	10	21	188	176
105	122	18	0	234	176
257	58	164	0	298	176
84	80	229	143	287	264
0	20	159	33	245	272
379	934	43	126	298	298
124	294	235	174	191	278
0	5	18	27	228	241
0	5	161	27	298	241
0	5	28	27	298	241
76	213	212	311	222	197
274	216	715	311	222	197
783	1617	73	95	266	272
83	662	20	29	298	231
258	728	85	107	295	298
310	515	105	131	295	265
152	57	69	20	264	295
151	457	69	145	264	295
37	140	143	239	290	298
156	78	523	304	298	269
15	1	76	124	298	274
48	11	60	47	298	212
8	8	52	44	252	298
11	7	99	72	298	298
8	69	22	89	202	298
5	13	70	32	298	298
6	93	62	257	197	227
21	3	726	271	228	197
21	3	726	254	228	192
19	29	63	99	239	241
23	468	13	552	191	298
72	121	88	93	261	213
104	138	112	223	298	290
31	138	23	223	213	290
81	138	160	205	213	290
284	1184	2	33	214	298
1677	5102	10	50	298	292
3781	6352	20	128	292	298
214	1	1162	73	235	235
911	9	1995	0	230	215
1	36	47	228	157	224
2	9	20	38	251	244
5	3	21	48	228	293
27	137	0	271	298	222
57	5	181	0	289	298
24	0	13	29	298	298
24	0	13	45	298	298
24	4	13	29	298	298
6	11	61	42	298	247
7	12	21	67	298	298
82	3	170	34	220	298
82	279	170	231	220	264
1	0	19	62	263	298
1	0	19	70	263	263
277	205	220	115	229	213
10	0	7	14	251	213
3	53	5	19	263	298
59	45	125	86	227	272
15	51	208	68	216	227
38329	9529	1417	173	251	251
18	35	3	41	294	295
18	35	3	41	275	295
55	55	121	129	298	224
45	27	188	115	285	242
6	55	21	206	207	267
1	13	67	138	298	294
0	6	17	18	186	298
23	48	0	18	298	293
5	20	15	5	200	298
30	173	37	153	274	273
5	0	77	2	233	193
150	102	594	283	298	245
150	294	594	714	298	245
10	18	61	96	224	203
22	64	81	222	203	255
74	58	58	91	223	265
80	22	147	171	278	263
4	15	13	19	233	233
12	19	115	141	207	240
6	13	125	252	298	280
0	13	185	252	298	280
26	23	21	74	225	263
25	18	142	186	247	270
0	1	12	0	247	274
6	1	60	0	271	274
63	84	130	175	235	262
107	2	197	12	229	235
72	0	196	10	246	229
71	75	142	255	221	229
72	75	196	265	246	229
162	217	177	218	237	266
151	244	104	188	236	237
276	146	392	138	298	289
16	96	63	217	298	242
20	81	87	163	298	242
5	0	93	14	247	202
5	10	93	103	247	298
0	13	55	118	227	234
0	6	33	18	287	275
5	5	26	3	298	298
37	0	96	12	298	298
37	0	96	2	298	298
1	20	0	87	220	298
46	33	123	18	218	182
177	146	153	201	252	233
23	84	4	103	241	249
13	126	0	99	241	225
13	110	0	85	241	221
4	31	0	41	231	285
16	15	63	40	298	271
58	56	223	115	279	246
795	663	121	65	188	298
1994	716	347	28	209	176
417	1057	66	76	176	209
13	116	55	211	204	298
5	5	0	10	267	236
452	443	201	272	209	217
58	158	134	89	230	264
560	109	2605	370	298	206
474	249	28	16	218	201
25	18	0	7	228	165
25	702	0	63	228	201
1	354	0	54	246	218
30	39	82	45	279	224
16	6	11	8	286	188
120	99	79	195	204	201
41	22	82	57	281	287
2	25	2	10	266	230
4	5	0	85	185	235
1	24	0	73	268	221
16	87	14	189	268	221
0	2	61	6	203	215
93	313	255	542	198	298
156	81	320	147	298	249
45	23	163	381	233	264
683	879	632	401	218	232
7	4	5	0	272	245
170	106	496	159	298	256
177	917	313	1537	222	298
66	131	340	480	230	295
2	31	86	78	272	277
4	744	9	11083	208	244
1	0	159	33	298	254
3	0	171	33	297	254
2	0	39	82	297	254
99	0	2396	82	230	254
1	0	159	3	298	298
3	0	171	3	297	298
2	0	39	61	297	298
99	0	2396	61	230	298
2	0	39	89	297	298
99	0	2396	89	230	298
1	0	159	4	298	271
3	0	171	4	297	271
99	0	2396	27	230	298
99	2	2396	39	230	297
206	181	3	0	298	298
2	37	36	176	250	298
2	3	30	0	294	264
625	1056	855	758	205	201
10	3	119	6	219	238
0	20	59	152	219	282
2	47	108	199	221	218
11	17	51	106	298	277
0	14	2	229	176	275
111	47	147	78	262	208
12	21	178	160	233	260
21	5	112	56	251	200
0	25	5	400	266	298
463	616	1367	1407	279	251
16	16	32	57	215	178
30	31	54	220	246	247
25	19	53	33	298	248
6	20	27	9	243	200
11	9	443	92	298	251
52	43	136	143	291	298
52	43	136	143	291	298
20	48	178	117	250	220
277	510	6	9	233	262
270	508	0	9	276	262
217	62	509	119	298	213
3	0	64	8	270	237
19	1	163	34	298	198
7	1	75	20	203	198
7	7	75	65	203	215
0	2	26	2	298	298
2	8	0	171	298	198
3	7	61	65	198	215
3	8	93	102	215	220
1	0	3	24	298	298
1	0	3	24	298	298
1	0	3	19	298	279
32	15	17	12	176	194
87	67	334	348	298	225
0	120	8	1176	193	298
3	120	147	1176	279	298
0	72	47	756	279	298
46	0	362	6	270	234
9	14	29	22	205	237
4	14	45	22	219	237
78	233	29	222	298	295
1835	263650	401	15794	298	297
53	263643	155	15768	298	297
15	81011	7	12337	253	298
8	22	12	118	238	276
19	21	183	300	266	298
23	2377	9	1654	231	298
441	1012	774	1276	250	298
58	23	86	120	264	190
205	42	144	93	298	224
244	27	144	34	298	224
111	25	186	54	224	298
111	78	186	146	224	298
7	3	50	91	298	298
85	131	56	58	217	230
93	359	96	187	230	275
5	7	39	56	290	217
3	49	30	112	222	261
11	12	0	20	254	221
18	68	25	28	200	244
11	5	15	10	277	298
27	50	82	77	268	289
13	5	106	34	298	218
5	0	0	21	298	272
734	1444	232	367	257	298
128	177	253	172	298	233
43	50	38	45	281	217
27	31	141	68	284	249
15	22	41	69	245	284
15	4	82	68	220	205
0	11	43	40	216	298
14	13	22	33	254	298
686	612	2180	978	298	298
259	161	539	300	298	216
148	305	211	377	216	247
46	19	8	15	267	215
32	62	220	184	267	260
11	116	28	570	273	298
2	15	30	142	220	238
22	19	282	97	238	240
16	36	196	43	240	272
16	28	196	34	240	213
16	30	196	87	240	237
15	30	86	87	272	237
17	29	43	105	237	239
6	519	0	604	247	225
583	462	978	392	217	204
10	421	0	313	229	298
58	5	329	0	262	197
66	0	81	56	298	237
80	151	0	12	216	200
2	151	0	12	289	200
60	9	297	138	298	176
8	59	10	60	298	282
88	30	68	16	287	274
4	13	0	111	272	298
10	4	154	98	230	287
95	55	62	0	251	283
302	7522	439	8718	245	298
2	0	24	12	243	289
1019	0	1379	4	259	271
3	38	43	78	298	298
36	38	153	78	285	298
12	12	7	103	298	298
13	21	28	243	233	286
0	21	3	243	190	286
28	33	135	208	201	282
59	53	153	52	252	298
0	17	108	172	298	298
4	6	14	9	298	298
93	396	17	50	298	298
76	396	38	50	298	298
72	214	227	326	215	298
11	27	3	24	184	199
112	27	162	24	232	199
39	6	40	44	247	247
106	4	231	113	229	229
33	0	195	5	298	298
136	235	91	113	298	218
406	510	256	367	248	288
150	13	324	123	227	257
8	15	154	143	260	298
82	55	865	916	298	224
3016	798	7070	1811	266	182
633	2	2201	24	206	298
41	77	31	176	210	298
3	138	0	290	226	240
359	99	870	454	226	251
9	5	17	80	268	297
18	7	6	15	255	175
8	0	0	4	251	199
8	7	0	32	251	298
8	7	0	7	251	232
8	7	12	32	298	298
0	7	4	32	199	298
0	7	4	7	199	232
23	26	120	403	212	298
0	4	14	25	248	248
22	76	89	94	206	227
18	67	0	5	264	266
128	410	26	17	298	297
3	214	3	428	182	281
27	27	121	148	242	298
82	125	368	429	282	257
86	62	93	67	298	298
0	4	30	38	229	222
58	39	124	208	260	230
323	395	497	449	227	278
225	199	1486	501	239	245
403	177	1517	357	236	230
202	334	376	458	242	236
2	134	19	301	161	278
22	42	121	234	194	263
0	19	10	433	272	298
30	62	500	358	288	298
42	55	541	520	289	288
61	28	569	473	298	289
3	55701	0	3020	298	298
21	33	0	1	245	212
187	77	1176	787	249	240
27	87	450	338	260	249
1	87	32	338	298	249
22	89	107	180	207	230
14	20	60	582	271	255
0	1	6	141	195	236
7	299	32	572	298	298
158	29	313	69	298	298
147	94	712	391	255	238
0	432	26	3889	298	298
0	21	11	28	218	185
7	22	16	73	195	298
10	4	126	3	233	178
26	3	74	18	199	210
3	6	69	121	196	221
14	6	110	103	236	298
10	0	38	158	227	182
40	52	388	421	230	218
25	397	43	508	283	217
15	397	29	508	259	217
36	66	31	280	249	271
19	5	31	103	249	271
282	28	7	0	244	298
282	207282	7	516	244	288
1	2	4	4	215	267
6	6	4	21	267	219
26	92	119	372	247	288
4	78	75	2	289	286
1	8	31	53	298	298
51	56	280	316	230	266
97	2	165	2	189	192
0	4	48	22495	220	298
1	5	8919	15569	298	269
0	4	3198	15425	298	269
3	2	12699	7002	269	227
29	53	173	123	298	298
12	1	23	11	279	267
0	2	10	0	267	241
5	0	4	13	267	228
5	2	24	0	267	241
70	128	152	311	224	220
0	2	5	3	216	216
27	27	49	113	294	298
38	10	228	82	274	213
9	9	48	163	238	298
29	59	160	188	255	298
123	47	256	83	298	188
5	6	51	0	298	172
0	4	11	45	202	298
9	0	36	6	261	202
43	10	41	7	269	274
5	1160	0	6582	198	282
1033	1130	7356	4722	282	289
5	4	32	55	294	298
6	30	34	58	205	226
1	13	43	74	243	276
14	7	55	14	276	213
20	70	51	23	288	292
13	70	21	23	261	292
18	29	100	46	296	247
5	23	20	48	260	205
261	263	75	173	251	220
12	10	99	69	298	272
760	2044	8089	17685	242	298
1731	2954	0	1	298	298
49	83	337	673	298	298
0	4	66	36	233	295
175	506	223	346	200	232
8	4	32	7	265	298
6	4	0	7	246	298
6	8	0	32	246	265
254	8	442	15	284	246
14	46	45	86	234	236
5	458	0	890	194	266
826	667	207	44	247	227
695	807	172	218	227	227
730	1016	131	155	227	202
6	32	8	33	251	266
18	32	123	33	258	266
21	2	111	10	193	287
24	9	118	173	193	287
485	502	3619	2722	287	245
30	268	33	401	279	239
334	464	533	467	294	279
11	0	107	37	260	226
2	9	34	0	248	248
3	14	0	17	227	254
17	0	108	17	272	275
2625	3	3121	12	248	293
32	47	12	160	223	218
1529	47	3689	160	230	218
3	0	29	6	298	296
4	2	16	51	282	194
55	31	663	218	298	239
37418	28364	176	38	298	246
7993	24512	136	163	224	298
7993	254	136	0	224	176
1935	2434	14	34	200	188
1935	3121	14	34	200	203
110	0	400	6	214	252
12	6	0	29	227	200
2	22	3	20	227	288
2	14	0	47	227	186
11504	10648	1063	547	298	226
13	40	42	19	298	267
68	106	407	721	241	269
6	14	0	287	272	231
63	10	13	27	224	183
0	60	8	516	298	240
0	22	8	129	298	196
12	0	88	35	298	298
176	523	3	10	237	298
3	8	44	65	246	298
77	76	313	130	221	248
0	23	28	30	240	212
530	66	436	5	246	203
2	29	0	38	290	253
0	23	26	125	217	271
0	8	73	42	298	257
2	4	66	46	296	282
4	118	0	425	298	241
4	43	0	123	298	226
93	73	321	185	298	223
58	23	401	121	269	298
124	22	654	25	289	233
49	83	273	160	298	298
5	5	36	8	217	240
109	4	373	0	228	250
109	373	373	860	228	243
0	8	15	37	222	244
2	3	82	83	298	298
35	85	95	144	218	276
7	116	29	80	221	233
16	116	40	80	185	233
0	4	6	46	270	298
3	8565	6	14329	192	298
3	37	6	85	192	298
13	2	66	0	249	183
24	8	203	21	246	183
35	8	255	21	249	183
17	0	58	7	216	249
0	100	7	110	288	298
15	4	22	0	271	264
17	18	24	17	249	298
9	8	0	19	265	298
2	0	0	17	294	203
2	7	0	24	294	205
7	0	26	24	263	205
14	2	15	0	263	294
16	2	17	0	298	263
7	7	16	15	193	298
0	8	138	71	239	298
1908	1	23	0	257	234
44	11	40	15	298	298
61	41	127	20	236	199
64	50	182	87	298	236
0	30	22	60	245	271
37	5	13	0	298	298
0	3	55	42	217	193
13	3	163	42	286	193
6	7	8	112	209	277
11	3	125	89	277	285
10	33	99	178	235	238
5	12	0	59	232	256
5	44	0	230	232	282
0	2	7	64	199	242
0	2	11	64	199	242
2	0	0	34	205	199
257	273	206	305	298	236
154	567	720	837	298	298
154	567	720	837	298	298
23	567	129	841	192	298
10	445	73	1411	192	298
1492	1333	443	420	216	226
41	34	236	284	226	276
57	30	463	154	285	226
88	215	379	602	192	298
402	260	1519	523	298	227
18	17	44	116	282	236
21	129	115	158	202	186
0	179	10	276	242	202
5	59	53	115	240	202
1	0	45	18	208	228
1	0	53	18	234	228
12	18	21	76	203	298
59	53	170	172	293	275
7	1	83	0	260	240
581	25	783	22	227	227
97	307	418	821	206	298
314	14	982	12	267	298
364	202	1292	614	267	203
9	44	19	167	259	259
50	116	538	1958	298	298
1	45	0	195	232	298
999	1907	5581	8464	298	249
656	95	316	78	257	175
6	17	6	5	222	211
71	119	174	255	207	255
98	105	154	79	297	221
25	68	150	129	213	240
8	10	155	176	231	298
114	439	180	409	268	270
114	10	180	21	268	289
21	5	251	155	285	246
102	143	96	16	256	289
1	20	57	113	276	298
72	65	685	472	244	274
5	16	79	119	250	252
6	14	101	60	298	298
85	65	544	485	298	240
37	89	291	479	230	298
6	20	14	40	264	276
231	156	112	113	298	298
125	272	165	117	298	298
10	418	6	137	298	298
153	401	113	137	298	298
146	6	1371	1	255	278
75	6	589	1	265	278
22	86	630	981	255	291
22	37	630	527	255	202
53	28	256	330	298	226
1345	2711	35	19	239	262
325	577	769	1145	259	221
7	577	25	1145	284	221
70	187	29	39	202	220
3	7	58	12	271	281
9	4	49	118	298	298
1786	4069	1272	2435	254	296
8	42	0	49	247	267
97	215	95	17	214	254
97	98	95	0	214	214
325	313	138	79	254	244
264	949	31	162	223	294
8	6	16	9	241	201
124	528	115	428	298	298
0	8	87	128	298	298
9	14	41	30	298	298
2	10	92	29	235	232
87	88	248	247	235	236
10	10	0	26	200	251
521	864	323	669	232	229
881	395	1451	334	298	244
0	2321	8	4452	205	237
229	274	118	60	271	209
21	13422	54	20901	289	236
12	13422	22	20901	248	236
4	11	60	42	260	256
40	60	100	119	246	248
119	232	486	623	233	298
11	78	8	171	298	295
127	126	314	428	246	272
262	268	349	271	224	227
205	417	378	420	227	235
9	4	1	0	212	245
9	4	1	0	212	242
41	61	148	234	271	295
13264	53207	1547	2406	298	298
1380	230	47	0	298	280
359	696	878	1258	240	293
347	239	937	591	225	240
15	0	28	9	254	195
1140	783	2240	737	280	298
751	823	1256	841	259	224
62	823	121	841	224	224
8	16	66	56	298	272
36	64	273	1020	194	191
1	0	21	13	269	253
33	24	270	137	194	229
272	676	285	581	259	298
816	607	37	0	298	213
469	1040	32	58	241	298
2	13	0	19	198	266
4	389	0	945	269	212
61	389	119	945	182	212
170	506	0	1	282	240
12	44	113	930	247	298
1	4	31	11	214	257
25	36	31	108	221	298
0	1	3	49	242	265
0	1	3	67	242	298
19	0	63	18	237	251
3	171	0	279	280	258
95	210	156	338	258	290
240	230	321	253	290	245
61	112	466	412	188	206
177	349	500	847	280	298
90	153	110	164	257	254
69	458	134	781	273	298
93	80	290	23	266	204
94	118	290	157	266	259
94	157	290	205	266	298
36	22	137	82	266	251
19	32	62	66	213	221
21	3	62	3	213	221
33	95	9	74	188	269
10	0	46	45	298	205
0	2	4	11	159	226
264	901	1652	4174	243	276
5	15	62	17	273	256
6	8	12	0	298	223
17	16	13	32	216	235
22	182	6	294	209	267
8	6	11	129	197	218
0	5	18	0	296	298
633	2460	1885	5546	298	266
633	0	1885	4	298	284
43	73	128	68	247	198
487	439	2527	1577	298	246
14	102	34	4	293	298
381	369	316	228	263	251
180	155	149	185	272	199
105	132	135	251	191	223
24	111	83	151	272	223
0	7	4	36	205	199
15	17	234	0	223	210
9	3	75	61	225	210
505	437	3253	3392	234	244
109	311	869	2314	193	234
27	21	90	97	293	283
55	73	23	65	256	251
30	73	19	65	298	251
26	136	81	112	298	284
389	536	0	56	256	269
4	28	13	16	294	240
0	2	17	45	252	176
85	25	453	97	209	215
0	14	18	7	298	298
8	0	16	12	284	207
0	4	32	2	233	284
80	40	35	5	201	199
246	27	321	0	298	232
6	28	4	0	298	232
135	212	258	235	298	264
215	74	230	52	298	176
9	16	16	151	272	298
47	88	21	95	291	298
42	23	63	58	233	291
205	224	206	281	298	242
63	7	258	0	220	298
2850	540	1	0	298	164
317	482	730	611	262	298
35	9	78	28	298	294
0	16	11	57	298	298
21	17	169	25	267	233
125	313	318	465	175	239
114	2	326	3	175	239
211	628	618	671	239	211
211	834	618	854	239	238
24	89	118	243	237	298
56	27	377	44	298	192
23	57	122	152	281	264
17	10	23	21	298	298
15	4	40	41	298	298
9	46	217	119	258	277
8	6	13	0	215	223
8	12	13	0	215	226
2	388	0	287	258	223
0	12	27	35	243	298
0	12	14	15	261	298
0	12	21	35	261	298
0	12	14	15	261	298
0	12	21	15	261	298
0	12	27	15	243	298
85	174	145	252	234	254
3	0	0	11	298	298
10	290	0	52	263	293
6	290	0	52	279	293
6	290	0	52	279	290
0	45	20	53	248	298
1250	1315	1535	930	298	216
31	56	55	48	298	287
27	73	50	67	287	267
33	80	34	130	267	298
4	21	9	49	236	234
4	38	48	131	234	280
18	14	47	104	296	298
37	175	189	559	204	260
3662	2442	46	40	298	280
261	833	933	1766	245	281
130	5	741	0	245	245
125	315	715	868	245	245
9	7	154	11	298	254
2	4	32	14	254	210
5	13	8	30	210	298
126	102	338	382	298	298
190	571	503	1585	211	267
7	17	84	151	259	294
3	17	34	107	298	259
0	46	139	658	228	298
28	46	75	74	258	227
28	75	75	106	258	270
6	5	41	11	228	287
42	83	37	47	288	298
645	1405	1133	1715	250	263
388	350	198	124	298	242
5	3	20	0	263	298
0	2	5	10	239	281
4	85	40	570	298	298
80	85	484	570	278	298
12	8	453	193	298	298
22	36	97	156	233	298
6	5	50	88	282	293
11	40	208	125	275	298
117	3	81	6	239	203
12	4	87	21	237	256
71	262	108	181	278	239
2	12	0	6	257	257
2	12	0	6	257	257
103	12	149	6	278	257
103	2	149	0	278	257
69	1	108	0	278	257
152	239	111	309	214	264
216	121	227	91	264	227
6	102	11	105	213	256
36	90	74	89	266	209
10	157	9	185	298	266
34	157	27	185	298	266
19	295	89	1094	206	298
5	6	58	24	262	221
594	1318	0	19	275	298
37	26	35	66	260	260
206	86	72	19	281	207
5	3	10	0	287	203
5	10	23	29	212	298
724	45	1853	179	230	215
29	7	81	173	293	298
57	122	38	163	209	298
56	45	76	54	261	298
56	40	76	22	261	238
2	53	0	40	238	265
14	52	47	150	298	298
7337	11824	15748	15808	256	281
0	6	72	117	216	275
49	46	213	166	298	298
10357	19026	1	4	219	245
221	149	193	102	244	215
62	248	425	377	233	207
220	983	178	615	192	248
217	74	150	122	207	229
116	184	10	0	279	212
19	64	313	331	242	280
13	1	83	29	278	176
100	58	127	9	197	230
102	80	143	39	197	230
325	457	85	166	233	233
321	1128	85	200	233	298
307	1122	90	178	233	262
25	37	140	293	272	298
20	38	116	126	264	229
0	2	14	6	253	298
35	48	182	144	263	245
152	159	276	301	298	257
3	159	0	301	206	257
2	0	81	12	200	286
14	37	65	131	245	243
124	53	41	38	207	221
70	146	35	136	221	281
96	72	78	47	281	214
718	3025	1117	1722	252	279
3	186	0	90	290	283
75	26	76	13	237	203
61	142	36	118	203	273
8	201	12	327	242	254
2	5	15	20	243	264
1237	919	4318	2286	298	248
658	1100	2753	3297	298	298
9	1100	11	3297	298	298
223	1100	594	3297	298	298
13	50	0	34	260	298
6	9	0	110	197	239
0	9	24	64	243	298
4	0	15410	5107	230	231
10	0	23686	3591	239	298
10	3	23705	15490	239	298
3	3	7483	11787	221	239
3	16	0	7	206	212
58	154	238	686	193	291
8	1	31	166	211	257
24	39	189	105	253	225
445	67	1	0	298	298
288	420	20	52	298	288
4	59	19	28	213	245
30	9	93	0	224	265
61	51	171	64	268	260
383	882	236	216	239	290
9	13	213	147	257	215
11	56	124	278	298	266
11	5	124	15	298	298
32	121	297	445	266	298
1267	5789	0	10	202	283
20	8	124	43	262	256
2	1	21	16	181	231
5	1	28	159	231	298
12	6	34	89	246	260
12	0	34	12	246	298
46	156	148	331	298	298
0	54	45	184	298	294
0	394	334	6329	298	298
19	4	37	9	235	243
14	47	1607	2580	258	276
66	14	2275	590	291	176
922	1035	2147	1695	251	209
646	1142	1212	1823	209	219
609	1251	1305	1451	219	236
36	140	118	504	256	286
13	2	73	0	179	236
7	178	0	272	241	295
87	235	331	664	298	208
14	0	24	91	188	227
8	6	42	50	287	275
8	22	63	150	255	298
80	100	120	276	298	298
80	158	120	314	298	298
37	11	154	0	236	194
19	6	97	0	194	206
15	9	33	52	227	259
11	13	27	43	262	227
6	24	29	71	214	297
15	36	53	76	262	258
15	0	53	35	262	258
15	13	53	24	262	227
15	0	21	9	291	262
29	22	123	47	291	262
24	30	96	63	280	291
170	33	3957	886	230	191
13	20	74	106	239	209
68	32	136	47	228	271
69	4	46	0	298	220
62	3	46	0	298	220
62	71	46	98	298	271
62	32	46	42	298	247
62	35	46	51	298	271
3	71	0	98	220	271
3	32	0	42	220	247
35	21	66	6	271	226
35	81	58	175	290	284
11	13	72	98	283	298
139	1292	0	3	192	298
3	0	80	1	298	263
19	72	34	126	198	284
23	22	146	107	247	245
7927	27690	26	690	298	217
2	39	28	114	241	271
0	7	47	60	226	298
33	327	61	122	210	252
123	142	155	66	260	210
10	8	77	161	298	295
9	51	63	490	225	298
43	58	212	278	263	264
9	4	80	8	288	196
5	0	0	34	239	298
8	0	16	39	273	243
0	8	22	16	267	273
368	2143	2011	8106	239	298
3	31	13	59	230	278
21	48	35	18	230	281
70	69	14	129	298	230
85	1	40	0	298	239
139	1	54	0	298	239
139	2	54	0	298	217
85	2	40	0	298	217
37	47	30	184	243	298
73	150	141	164	213	298
97	163	277	274	298	242
344	140	231	116	266	209
27	18	13	34	298	242
13	1	44	23	234	250
4	2	99	87	298	237
4	0	2	12	268	298
74	92	226	161	298	272
80	80	173	323	252	298
7	26	0	57	216	298
52	73	52	97	187	238
49	12	117	0	238	298
66	70	219	227	298	241
61	56	120	185	298	298
7	7	32	31	251	247
5	11	141	85	279	208
96	63	570	348	224	205
22	9	105	63	247	217
18	0	23	6	291	221
30	2344	78	1100	225	298
17	28	29	105	234	212
4	0	3	10	270	208
11	15	28	63	216	237
0	15	43	63	194	237
0	26	57	82	235	216
6	6	56	64	194	235
349	1066	256	748	213	298
0	3	37	27	283	216
78	75	609	1773	212	221
0	6	25	15	298	220
0	2	5	0	250	212
102	64	114	65	265	236
264	116	965	425	298	230
2	0	23	2	298	256
50	15	1241	474	263	298
19	98	69	107	298	298
35	114	96	110	239	277
68	68	129	135	261	239
2	5	116	192	298	298
0	7	22	7	198	296
591	2498	2595	4543	266	298
753	1983	70	20	275	298
0	3	19	0	278	202
27	198	53	505	248	221
0	2	37	146	298	298
15	8	35	32	287	298
28	164	426	450	275	275
372	48	742	768	225	225
8	90	22	190	298	226
562	1079	1268	2225	242	191
357	3532	1	0	245	298
160	203	1005	427	241	205
27	9	154	79	298	298
2	17	51	121	287	280
18	71	12	95	230	209
0	23	13	132	186	258
19	0	135	18	250	298
0	2	3	0	298	288
56	321	63	396	212	298
51	185	212	827	218	269
357	757	569	1015	226	278
795	1240	906	771	232	229
510	1231	485	762	298	229
497	984	494	777	187	232
356	471	2035	1885	255	244
0	13	43	65	268	280
1	1	63	108	234	298
0	243	14	795	185	170
2433	2487	4671	3793	266	276
2466	2808	3816	5724	259	266
5	0	61	74	298	298
0	4	88	130	298	298
5	4	17	114	256	298
0	6	134	30	277	298
4	28	10	58	235	231
1	186	7	901	230	237
8	186	23	901	204	237
8	35	112	108	298	298
12	6	113	61	233	274
21	17	14	1	242	244
6	3	21	0	298	298
4	1	55	10	264	194
3	17	22	43	242	218
1	4	57	51	298	293
4	0	45	9	260	257
510	862	175	113	298	298
10	6	64	184	298	298
470	208	1862	501	263	263
65	116	234	125	182	202
261	39	579	77	245	182
3	259	24	547	298	230
3	447	24	1581	298	265
17	307	58	800	224	265
3	321	24	803	298	298
24	146	55	291	214	231
41	100	54	110	287	255
5	95	26	87	272	255
5	100	26	110	272	255
18	94	48	81	289	287
4	10	113	54	183	217
10	36	95	221	260	268
40	151	645	1132	230	233
15	52	50	131	298	295
526	470	1315	504	298	254
4	30	15	8	176	225
70	89	163	317	278	274
13	2	0	22	268	231
1028	2350	56	8	298	278
11	69	133	285	236	298
1853	205	1	0	298	281
0	18	18	80	220	298
18	0	80	41	298	298
2	41	0	148	225	227
5	5	7	5	227	207
24	8	40	68	298	257
9	22	0	26	298	236
9	22	0	26	298	236
4	0	22	26	234	298
11	8	126	14	278	234
3928	6912	10080	10489	268	298
7	0	13	18	221	215
5	0	17	18	226	215
5	7	17	13	226	221
10	4	3	1	242	291
10	2	3	0	242	291
14	3	14	29	294	298
442	449	1401	1416	298	269
168	167	180	227	298	298
0	93	25	237	245	298
2	0	78	65	248	298
23	118	28	207	224	298
23	94	28	246	224	209
118	94	207	246	298	209
8	0	5	2	231	227
42	113	71	60	232	232
781	772	524	782	290	229
113	26	269	25	219	224
259	6	707	40	219	224
259	6	707	62	219	221
29	86	123	162	224	221
29	34	123	42	224	298
0	116	3	180	220	221
122	59	428	302	298	298
138	222	345	327	287	298
19	0	12	66	230	237
2	0	783	1716	286	239
2	0	783	2215	286	271
0	3	7	10	254	164
75	48	303	229	298	224
1	76132	0	20262	230	298
65	76132	16	20262	215	298
349	76129	247	20262	215	298
0	8	5	122	245	298
183	146	250	180	298	227
1	2	9	23	284	298
5	0	32	38	257	188
21	100	7	32	298	258
25	100	101	32	298	258
139	68	921	1022	298	293
55	342	121	204	209	298
158	68	152	73	263	209
142	99	228	214	242	263
98	80	83	62	272	298
5	24	91	119	241	281
41	158	59	136	199	255
3351	1314	4373	1108	294	278
81	1314	144	1108	289	278
144	138	957	985	298	281
19	89	95	219	298	298
6	53	19	128	272	254
82	1	85	0	298	298
2	390	0	16	278	298
7	17	0	16	270	278
43	768	0	4	237	298
72	188	899	1310	298	272
23	35	103	44	212	173
8	0	141	41	298	233
0	4	6	47	298	231
2	6	20	74	290	298
4	0	53	60	298	251
21	36	150	207	298	298
0	54	10	230	239	298
0	14	49	32	237	234
4	12	36	19	193	237
6	20	39	19	298	298
74	92	1457	941	260	298
336	46	150	30	216	187
19	75	65	26	298	265
770	26	839	22	227	287
63	2	269	4	222	298
1	90	31	513	201	272
1	17	20	65	201	272
109	56	805	410	272	251
22	29	105	44	179	177
180	161	389	279	280	230
228	318	388	504	239	267
70	95	163	252	235	298
11	28	90	75	267	207
0	1	23	0	298	297
231	197	57	53	248	203
175	589	19	286	203	290
353	131	395	52	194	194
255	130	184	52	194	194
256	100	184	48	194	194
0	67	155	222	298	298
320	638	1174	1441	262	277
400	638	1550	1441	298	277
43	71	446	554	224	268
17	489	0	887	263	278
21	98	170	171	236	274
0	20	160	195	293	298
14	237	40	266	281	265
17	237	40	266	255	265
8	25	0	97	280	240
74	50	643	603	276	248
22	39	90	168	271	298
22	13	90	49	271	298
22	13	90	49	271	195
29	13	99	49	298	195
39	13	168	49	298	298
39	13	168	49	298	195
36	13	122	49	298	195
356	608	595	744	257	298
0	8	14	6	239	298
13	3	213	29	298	252
71	243	308	458	277	298
54	3	315	0	294	277
54	114	315	275	294	277
3	6	14	5	232	251
20	24	99	91	298	252
20	17	176	97	241	257
177	141	936	671	298	260
14	142	45	655	298	260
35	346	80	1739	280	298
21	51	828	722	269	269
0	8	34	36	285	298
2	0	16	14	282	298
20	10	100	129	298	230
12	23	41	32	218	206
0	6	6	23	298	255
2	0	19	23	298	255
15	63	125	409	252	248
77	232	189	252	298	287
26	1	174	0	221	221
3	8	258	116	266	248
4	35	155	298	248	298
852	1315	429	431	258	268
39	41	17	14	298	298
377	115	2123	472	216	191
3	21	60	0	258	298
0	14	24	31	257	281
0	21	73	31	290	281
15	21	92	123	298	288
3	1	74	32	298	298
54	204	69	253	210	245
91	282	162	281	245	298
0	4	49	31	298	298
5	16	63	46	236	292
8	1	86	29	194	191
77	48	1954	1180	292	269
143	153	185	91	259	237
136	112	219	181	242	246
10	0	0	14	298	243
0	97	16	338	222	298
0	3	18	20	295	261
2	7	30	20	298	232
306	677	465	469	244	222
1	4	8	0	246	238
47	99	607	208	277	252
16	21	141	46	298	298
5	31	49	107	218	226
8	22	121	36	218	209
39	50	79	60	214	177
41	79	212	99	269	257
383	427	709	614	298	231
8	5	0	21	254	254
7	26	14	23	234	298
31	87	97	96	298	298
4	0	7	84	223	298
0	5	10	0	191	235
9	2	127	0	298	298
27	1	467	200	298	237
0	5	28	19	254	257
69	116	345	560	224	253
140	48	422	302	267	240
29	57	239	293	225	270
0	15	5	81	221	221
4792	8153	13252	12068	211	262
78	89	395	274	275	275
10	12	68	56	298	227
10	2	82	0	298	227
15	25	0	40	298	285
42	128	280	697	298	218
0	6	56	23	297	298
46	0	178	1	298	190
31	0	192	1	206	190
43	97	63	128	236	236
3	0	0	70	292	298
3	1	0	20	292	298
0	1	70	20	298	298
5	5	45	46	231	190
15	5	59	46	255	190
5	55	45	248	231	243
15	55	59	248	255	243
616	1453	317	420	239	293
372	659	274	219	298	239
0	12	14	183	194	214
12	11	12	0	298	254
13	56	214	247	298	229
2	0	29	12	298	270
362	958	66	12	260	243
12	35	102	105	261	209
0	51	19	204	234	298
72	48	234	235	200	189
43	6	38	40	257	288
1	214	0	111	261	214
1	214	0	111	247	214
32	6837	115	26067	274	257
148	6837	417	26067	185	257
22	9	16	27	194	218
203	839	57	152	278	298
5	0	9	16	246	214
8	3	2	0	298	186
17	113	66	387	179	217
60	110	209	397	215	217
62	168	199	350	215	220
55	168	229	354	217	220
81	120	212	265	220	207
0	78	28	1194	175	270
98	13	1265	14	175	298
39	176	0	5	194	246
429	63	5	24	246	199
268	140	1044	682	289	246
374	681	1007	1403	245	298
5	0	0	45	260	259
2	0	0	17	166	257
36	42	104	90	298	298
5	1	11	77	204	267
19	9	340	83	275	208
87	160	23	64	298	298
13	0	60	12	298	252
2	0	19	6	298	252
25	25	85	62	298	280
48	3	524	148	277	211
37	88	93	90	204	245
0	36	24	345	251	216
0	81	24	636	251	298
8	13	15	55	226	294
1	0	0	10	298	218
14	21	44	47	201	239
23	5	60	0	194	206
173	116	498	148	289	225
10	66	34	320	298	272
4	62	0	405	203	298
6	144	0	658	267	285
83	98	310	392	253	285
37	11	18	12	298	298
15	6	0	26	267	252
6	5	26	0	291	290
19	8	23	52	290	225
89	70	239	53	298	229
8	25	72	90	228	274
16	86	101	341	206	298
729	1727	424	1202	211	231
529	1256	529	814	200	211
98	36	348	152	231	179
7	30	58	93	298	230
0	6	65	114	298	274
40	284	0	416	298	298
6	174	5	254	223	298
7	177	30	268	223	298
180	226	459	187	298	258
1	16	0	5	298	298
15	5	371	185	218	218
16	11	13	45	298	298
0	2	50	28	298	275
45	21	18	57	257	293
74	25	163	29	298	219
29	42	57	86	219	293
18	58	56	295	212	298
20	146	84	185	248	298
18	37	101	186	186	199
180	6497	546	9389	190	284
6	4	144	157	246	298
923	486	2496	590	232	298
489	18	1526	108	187	298
888	148	3104	590	245	173
1075	846	3885	2751	212	227
94	12	280	54	271	180
6	6	50	12	221	221
11	9	101	67	245	188
9	15	47	74	188	221
17	7	126	52	292	216
11	194	90	1070	180	257
31	17	78	0	241	211
3	13	2	37	180	241
0	4	8	0	298	184
2	39	8	32	195	298
388	890	0	1	266	289
0	58	13	436	298	209
21	255	24	168	298	233
8	542	9	382	298	286
346	444	197	168	286	285
573	234	384	52	285	207
50	9	892	30	268	166
22	9	332	30	298	166
14	16	60	95	284	295
148	93	644	250	264	205
26	352	162	609	194	298
26	98	149	243	194	205
4	4	32	11	205	276
8	84	11	175	225	220
44	0	121	6	298	242
29	0	122	6	298	242
7	0	88	30	215	298
10	56	5	20	225	257
2465	3356	3399	2002	248	256
2	0	4	21	296	284
45	112	125	198	227	298
65	975	94	366	298	298
63	65	94	19	298	298
63	362	94	87	298	200
65	362	19	87	298	200
656	361	260	87	298	200
627	308	241	35	298	196
2	2	43	0	260	290
2	5	0	58	259	233
60	25	70	8	298	237
26	92	86	121	225	298
4	91	0	99	225	298
41	39	108	45	238	225
7	0	0	12	229	244
7	0	0	12	229	298
69	293	85	203	246	298
149	122	437	180	246	246
12	8	225	84	242	179
0	8	24	84	191	179
0	15	99	258	203	194
58	88	105	187	251	249
8	1	77	27	298	278
79	171	200	290	232	228
18	69	32	466	195	279
0	22	18	36	253	180
1068	1292	10534	8286	298	263
845	4	8075	19	262	298
845	1467	8077	12123	262	298
9	13	67	106	266	272
0	3	16	29	298	298
27	23	44	4	241	294
24	13	44	17	241	223
107	277	60	182	298	279
1268	2254	56	59	298	298
360	408	0	29	247	238
4	9077	0	3392	298	289
5381	9077	3381	3392	298	289
105	163	83	297	260	267
0	46	23	123	186	213
108	46	250	123	240	213
104	4	74	0	259	247
35	4	22	0	234	247
25	62	21	33	221	290
2	132	21	407	218	298
187	75	62	14	270	236
0	6	163	147	247	298
1248	17	1562	18	269	298
1248	6759	1562	5286	269	290
12	2495	28	2607	298	269
1815	2495	3231	2607	298	269
1	12	14	9	236	270
5	16	0	8	298	298
28	14	10	0	201	186
43	0	21	19	272	298
27	4	79	0	298	252
88	58	185	33	298	252
28	17	79	0	298	211
28	17	80	0	298	211
1	21	1	0	298	211
15	16	17	0	298	211
15	16	17	0	298	234
95	1	230	0	298	298
119	1	204	0	298	298
3	26	0	16	187	298
3	1	0	1	187	298
3	1	0	1	187	298
9	15	0	17	187	298
4	1	0	1	187	298
95	1	230	1	298	298
119	1	204	1	298	298
3	14	0	16	187	298
95	4	230	0	298	187
119	4	204	0	298	187
91	1	185	0	298	187
86	1	185	0	298	187
100	5	201	37	298	187
86	5	185	37	298	187
4	31	4	78	164	224
67	179	124	369	267	263
0	34	43	98	172	250
3	0	30	16	221	245
1	3	12	31	242	260
139	38	1192	251	298	298
33	0	36	24	203	247
37	73	106	60	298	298
13	6	166	12	298	298
13	2	166	90	298	250
6	2	12	90	298	250
3	17	133	203	298	298
8	12	5	50	217	272
7	7	40	67	272	245
2	0	116	115	248	286
209	349	56	210	237	298
6868	22057	509	511	298	294
6868	12	509	0	298	285
67	122	176	386	215	298
19	14	27	19	227	244
7	12	0	10	222	227
5	14	19	35	230	222
27	15	168	0	298	221
1252	747	469	201	285	264
10	27	81	162	276	298
248	390	276	381	172	197
394	383	1026	346	298	197
298	160	786	300	203	172
341	156	809	285	179	172
254	207	657	395	203	298
256	215	657	312	203	179
294	208	786	340	203	179
75	492	325	1271	298	298
75	353	325	924	298	179
4	1	120	198	223	254
50	92	225	290	248	281
3287	5108	8	24	298	298
44	196	49	154	218	251
4	12	0	1	224	298
4	24	0	1	224	298
7	26	1	0	298	298
72	89	101	222	260	298
74	40	55	23	234	194
24	15	95	23	298	256
211	15	692	37	227	284
4	18	17	108	271	252
8	1	38	0	216	171
86	268	182	298	226	226
27	98	6	95	221	246
5	6	23	32	188	223
145	121	384	124	275	226
2	121	0	124	206	226
196	405	129	307	254	244
196	418	129	373	254	255
196	421	129	400	254	258
8	8	78	155	298	298
22	5	157	37	298	236
160	692	27	91	298	281
421	1179	428	671	217	257
33	88	143	241	253	289
31	66	336	494	298	298
62	323	39	60	204	298
62	141	39	26	204	195
55	241	39	109	204	253
275	246	43	109	298	253
2	4	27	20	298	298
0	95	2	236	267	282
0	95	2	236	272	282
74	7	46	9	298	277
41	41	26	41	298	298
9	18	24	5	217	208
1622	2058	13	1	285	288
2910	35	3329	15	298	268
8	67	6	171	258	266
85	61	254	107	298	272
72	55	79	58	272	226
126	137	535	354	271	245
87	975	257	3379	176	298
87	48	235	217	298	287
5	1	2969	12230	298	269
0	1	35	12049	298	269
21	508	263	1480	198	271
8	2	5	0	247	268
1	6	49	390	202	298
26	73	127	121	253	208
31	19	22	33	298	270
1	0	0	1	188	244
53	23	675	319	285	235
45	51	87	404	235	248
2	1	61	0	228	192
826	1144	348	225	286	298
9	545	0	376	251	298
17	35	106	129	236	234
17	35	106	129	241	234
237	233	403	547	269	254
18	4	135	57	254	298
3	121	0	156	156	291
231	521	1976	1048	298	298
3	2	0	24	298	298
33	80	75	234	183	200
54	0	261	41	224	238
57	92	662	480	260	210
30	24	111	38	298	298
5	3	41	14	298	218
22	24	26	63	242	264
10	9	66	15	254	242
18	45	87	259	217	289
0	3	2	54	195	278
0	6	2	71	195	278
2	6	9	71	249	278
2	6	39	71	254	278
2	0	9	2	249	195
2	0	39	2	254	195
2	7	47	9	295	213
9	6	34	11	298	232
9	6	38	11	223	232
0	6	1	11	283	232
8	13	21	72	223	232
0	9	1	34	283	298
0	9	1	38	283	223
25865	40709	249	183	298	282
521	305	61	9	221	221
62	256	14	0	221	221
10020	40321	305	301	238	298
65	5235	12	344	276	229
394	150	3168	941	240	230
394	153	3168	983	240	236
2	3	21	10	298	267
10	1	27081	8071	260	298
10	6	27081	13602	260	298
178	79	0	156	298	298
48	49	249	286	262	224
49	124	247	359	224	296
55	0	190	9	236	298
105	319	9	29	245	228
3	9	14	49	249	288
10	109	1	3	182	298
42	99	39	393	236	298
2	23	24	210	185	244
5	0	0	4	250	259
3	0	27	47	236	227
8	4	101	59	298	227
2	12	43	27	272	244
135	228	328	372	240	254
43	518	32	445	198	254
55	16	67	13	222	228
55	159	67	97	222	285
55	66	67	22	222	298
16	159	13	97	228	285
16	66	13	22	228	298
5	2	31	28	298	246
9	29	111	203	223	251
19	22	163	114	220	223
6	18	53	95	197	220
26	7	123	113	215	197
13	22	146	207	281	298
25	25	177	77	298	233
6	29	97	74	298	266
64	75	79	168	298	278
3	230	7	903	288	203
0	65	21	198	205	288
4	1	11	0	298	244
4	0	10	23	298	183
2	0	9	112	268	252
0	19	6	88	204	275
69	21	48	0	270	247
0	9	50	42	235	298
468	525	975	693	226	220
0	12	8	63	252	298
522	1305	221	419	258	253
6	11	0	18	278	262
6	11	0	30	278	298
6	0	0	1	278	256
11	0	18	1	262	256
11	0	30	1	298	256
47	138	195	292	274	298
81	68	95	96	272	280
81	0	95	15	272	277
68	0	96	15	280	277
3	53	8	312	203	255
21	17	113	136	232	298
4	8	8	19	251	197
87	254	67	226	244	256
39	118	147	269	230	273
17	89	119	119	215	230
71	55	897	731	284	257
3	0	0	14	263	290
27	64	7	24	298	273
18	49	0	24	267	273
209	18	2133	155	225	225
0	64	8	28	270	219
5	7	13	67	239	221
15	0	136	7	298	245
9	0	7	7	237	289
15	28	80	60	225	238
49	115	53	140	217	271
17	850	0	119	298	298
35	20	11	0	298	298
910	1664	215	230	298	298
900	2300	215	270	298	298
854	2285	119	259	298	298
195	454	287	454	298	298
186	198	328	664	203	257
639	885	3846	3588	267	298
25	298	31	688	240	240
0	110	4	288	240	240
213	2031	93	386	203	298
54	77	249	165	298	248
25	8	115	54	298	189
36	12	30	28	298	298
16	16	74	0	297	294
2	3	96	36	240	226
192248	333075	218	157	220	257
146	75	111	83	267	234
10	1412	0	324	171	274
386	827	95	200	249	274
4	17	93	107	275	298
126	297	181	330	257	290
6	0	47	20	206	194
41	19	289	212	298	298
14	21	95	60	265	221
26	24	84	47	297	298
103	46	52	0	212	171
48	60	20	12	171	278
102	2	503	24	236	254
38	62	182	253	236	275
6893	16537	688	1081	281	298
9350	10721	741	456	298	215
37	107	190	480	298	298
11	1	82	21	298	256
7	0	36	25	296	261
20	3	114	3	298	237
60	3	214	3	298	237
40	3	100	3	298	237
16	40	70	100	248	298
0	2	69	0	253	298
266	53	163	14	224	209
1	10	33	81	263	263
60	86	292	121	298	283
366	502	323	422	242	251
349	667	2302	3030	298	298
322	381	2996	1757	298	298
1	8	34	0	236	272
280	787	27	74	250	251
2	7	0	6	206	206
36	30	119	121	280	264
40	130	109	155	238	258
8935	13644	216	87	298	281
4146	13638	41	114	271	281
5156	17973	149	202	298	298
4181	9	41	7	271	298
4181	8941	41	223	271	298
0	1	11	15	282	238
0	3	22	17	298	253
14	2	37	0	298	298
14	16	10	33	227	298
18	28	179	80	298	298
10	0	0	10	246	218
0	14	13	97	241	290
0	65	11	233	172	298
6	0	60	7	212	224
0	7	30	14	265	205
27	249	26	272	212	207
308	7	2870	31	225	225
8	12	40	44	241	229
0	13	41	116	207	252
21	4	409	38	295	298
85	213	35	79	242	283
52	29	206	59	243	211
62	196	125	106	233	246
24	16	25	0	264	220
24	35	25	194	264	298
16	35	0	194	220	298
14	48	26	115	220	254
88	176	212	224	298	298
7	12	33	26	245	272
52	23	92	12	230	251
4	5	6	21	272	298
191	238	966	913	259	298
8	431	47	1874	298	298
38	55	36	34	191	279
18	17	44	32	222	188
0	18	28	70	272	265
48	5	65	0	231	298
48	423	65	304	231	298
237	442	111	169	248	247
15	56	183	276	298	298
26	37	42	76	216	298
432	823	373	481	298	298
143	67	106	46	243	298
139	125	154	137	298	298
17	13	22	14	221	298
192	159	279	82	298	240
2	0	7	21	197	241
151	123	136	87	234	263
395	682	672	637	298	258
8	0	38	33	184	298
3	6	65	21	298	196
4	18	0	38	298	188
12	2	3	21	298	298
11	2	0	21	277	298
62	98	240	585	298	296
1	48	0	126	203	263
385	554	543	387	234	208
2359	12765	3592	17382	177	298
7307	12765	12016	17382	244	298
12	2	20	18	298	298
147	14	216	0	289	247
147	81	216	133	289	247
153	198	119	206	289	255
153	217	119	223	289	289
63	217	125	223	270	289
30	122	62	216	253	289
40	12	181	0	298	251
0	12	13	0	293	251
1	0	3	17	247	298
1	0	0	17	260	298
3	225	0	497	221	298
11	225	9	497	280	298
6	0	9	34	272	298
0	4	28	9	281	269
41	32	159	104	224	203
8	0	14	8	222	272
0	2	21	0	298	278
0	6	44	15	285	237
1163	862	0	1	281	211
12	130893	0	24	294	273
107	130893	0	24	217	273
439	43	996	49	187	210
19	4	18	0	298	298
2	63	15	104	288	298
26	63	58	104	286	298
26	2	58	15	286	288
19	0	244	2	210	153
19	21	244	78	210	157
4	232	24	335	261	261
25	36	125	132	242	298
19	28	193	170	298	298
5	48	38	80	298	259
223	398	369	332	282	235
340	544	458	354	296	268
126	82	138	78	298	248
4	45	5	195	244	298
4	29	5	106	244	298
54	23	320	259	298	251
5	6	0	118	221	218
7	9	106	20	230	221
95	141	367	310	298	291
32	74	141	151	189	255
36	37	167	38	298	236
37	37	342	38	298	236
66	122	445	307	211	268
7	10	10	17	298	235
18	48	108	367	212	265
26	33	17	23	298	185
20	164	23	275	184	269
25	14	51	1	184	250
18	8	71	43	250	185
1	3	16	3	185	201
15	12	88	11	272	212
24	16	87	140	199	298
28	42	17	32	233	236
3	4	0	26	251	242
6	97	0	5	197	293
6	3	93	27	219	237
8	22	0	4	261	298
8	17	0	4	261	298
29	81	53	161	216	232
8	21	51	172	298	298
0	10	81	63	298	260
0	54	33	49	298	298
24	85	81	538	220	220
3	129	190	321	253	282
2295	4	1912	1	152	167
2295	0	1912	1	152	178
36	58	30	108	223	233
1	2	89	65	212	232
0	7	11	39	298	298
0	21	11	56	298	298
18	25	188	101	277	258
61	98	172	80	298	298
12	5	104	29	298	298
4	11	64	49	298	298
12	0	32	57	298	247
0	5	103	189	264	298
5	18	33	42	298	229
0	8	80	49	278	278
115	93	1056	635	219	196
460	742	4045	4839	270	280
16	48	87	362	298	247
671	646	3879	4022	269	245
682	114	4009	598	269	245
153	193	949	1558	246	298
51	193	241	1558	249	298
12	6	97	90	298	298
241	167	6466	4259	298	234
6	0	21	15	298	289
2	4	198	292	236	268
125	36	69	14	220	205
4	0	33	12	232	254
42	56	25	195	293	280
8	9	90	0	234	186
8	18	90	63	234	298
9	8	0	20	298	249
15	9	125	21	298	238
9	0	59	14	298	298
14	18	188	194	202	292
41	30	276	291	292	237
19	53	0	47	254	296
1	6	31	92	298	298
9	6	62	79	298	298
0	3	3	21	263	241
21	3	195	32	211	298
41	10	204	13	298	210
74	93	635	279	242	172
7	2	58	81	188	218
17	10	63	44	265	232
17	10	63	37	265	198
28	3	99	18	265	232
28	42	99	119	265	251
3	0	7	63	232	184
3	42	18	119	232	251
0	12	55	75	229	253
2174	23	4811	55	252	247
3068	39	6476	33	298	271
594	3	1089	19	206	187
594	43	1089	40	206	271
3718	3	6673	19	181	187
3718	43	6673	40	181	271
3718	33	6673	32	181	247
9	5	78	39	298	285
41	75	369	376	298	272
17	0	355	30	298	247
12	95	14	444	212	174
161	154	960	587	239	212
194	195	1676	632	248	239
85	201	1048	1038	219	210
40	5	113	130	247	216
27	133	182	642	203	284
53	13	169	56	298	210
57	34	313	307	251	257
1	0	43	13	298	284
1	0	79	19	298	269
59	230	288	1018	206	290
231	249	1329	878	290	293
2	10	86	0	260	298
22	33	16	0	298	273
6	0	11	11	280	241
21	14	239	95	288	298
5	0	113	58	298	266
14	21	254	202	266	298
6	18	40	134	222	239
6	17	40	99	222	235
91	106	431	426	215	252
3	166	0	600	225	298
16	1613	40	3387	274	271
20	1613	40	3387	298	271
0	9	7	59	221	298
101	299	411	577	231	261
127	165	842	453	287	231
5	0	72	30	298	202
20	7	134	26	298	236
62	157	43	111	294	298
1	10	1	165	298	216
0	43	13	223	217	259
14	83	64	247	275	298
6	136	0	55	287	298
7	10	25	40	223	225
9	18	53	80	225	247
20	60	173	375	281	275
26	19	61	31	253	230
21	28	113	43	298	262
11	87	72	41	280	298
0	59	24	154	265	298
0	94	24	197	265	298
5	132	46	80	298	268
3	83	0	41	298	298
40	132	89	80	298	268
16161	17608	25668	18900	296	298
0	13	19	9	222	246
6953	8989	1172	853	272	266
1928	2987	728	906	239	253
35	117	185	223	282	281
34	108	88	266	209	298
46	44	496	177	255	255
6	0	54	8	206	202
0	8	7	36	242	249
4	8	32	36	298	249
4	0	32	7	298	242
1585	2	5187	0	281	244
3	5	28	18	298	276
0	5	46	18	174	215
3	0	0	64	298	298
183	58	4988	2052	249	220
108	59	2799	2370	220	231
66	37	0	15	226	218
71	99	780	864	223	208
89	154	1207	1590	231	298
292	317	2672	1741	298	269
0	3	4	161	230	239
9	26	39	58	232	298
317	512	1229	964	278	253
34	33	141	58	257	226
13	148	50	220	187	298
27	28	175	48	298	227
