IJC_SAMPLE_1	SJC_SAMPLE_1	IJC_SAMPLE_2	SJC_SAMPLE_2	IncFormLen	SkipFormLen
1	4	0	4	193	204
0	6	2	9	329	204
27	12	3	6	203	222
16	11	7	2	1104	295
6	11	2	2	271	295
39	10	22	0	245	294
59	5	51	9	317	217
496	2005	933	526	246	219
8	48	14	7	254	231
122	98	10	15	294	234
4	56	0	5	209	221
3	8	0	2	211	294
2	118	0	13	211	221
3	8	0	2	294	294
113	4	4	0	210	210
113	17	4	1	210	337
89	28	4	2	210	264
4	20	0	1	185	337
4	22	0	3	185	354
38	2	12	4	275	298
0	21	23	39	233	245
0	9	17	5	326	220
4	142	55	127	228	220
5	376	54	148	228	235
108	375	78	150	220	235
5	204	9	37	216	301
445	387	289	203	229	211
0	11	8	19	313	428
9	0	16	10	305	313
3	4	8	10	275	305
7	0	19	2	219	186
2	2	27	5	247	273
2	2	0	5	223	273
2	2	0	27	223	247
0	2	3	20	258	247
0	258	3	136	203	374
69	73	27	25	294	197
12	2	22	1	297	508
5	2	16	0	297	187
12	2	22	0	297	187
7	0	2	7	301	330
21	56	5	6	201	241
20	5	19	32	277	468
25	3	30	28	320	468
2	1	1	12	269	494
130	229	100	129	264	281
0	2	19	172	219	360
6	3	2	2	270	260
22	56	2314	1873	272	336
0	3	439	198	308	212
23	5	2	4	456	254
22	6	23	0	260	254
9114	21372	11	33	244	327
9687	21328	7	33	276	327
9732	9592	7	16	276	244
11940	9584	22	16	358	244
11955	13801	22	16	358	276
2	87	6	140	307	294
31	5	1	1	241	191
30	7	1	0	241	281
100	2	49	0	437	242
36	143	8	15	1037	353
20	143	4	15	275	353
186	5	20	0	275	258
0	7	9	23	181	208
50	20	6	17	199	232
34	14	4	10	199	199
1	2	5	0	242	270
1	0	11	2	265	288
100	45	45	50	272	326
3	10	20	7	392	321
22	6	9	3	321	253
8	130	62	87	202	240
12	2	25	9	266	232
26	7	95	11	288	288
9	14	1	0	241	276
0	4	4	52	266	355
0	3	4	68	266	323
0	9	5	52	200	232
2	0	0	1	343	339
13	15	201	259	298	324
301	258	110	107	245	218
652	12	237	4	245	230
34	308	12	105	175	245
32	13	11	9	175	245
2	1	0	4	423	249
129	194	101	105	253	247
98	4	65	57	249	258
0	2	2	22	300	354
0	2	1	4	263	304
99	39	567	1015	245	325
466	21	1208	15	279	197
184	198	12	12	242	254
16	611	72	1111	260	279
16	321	72	500	260	307
11	4	38	24	292	278
72	748	40	194	240	291
285	2	83	0	222	221
32	0	361	5	235	352
127	336	170	316	285	295
145	144	91	22	287	279
136	1006	93	311	287	279
924	540	226	222	279	235
2	6	0	6	192	203
26	2	20	2	180	300
222	352	47	82	263	278
264	433	67	178	278	355
1	0	5	6	312	316
11	102	170	228	312	350
32	90	7	10	195	230
113	38	16	7	273	195
54	13	16	4	232	232
68	66	20	49	252	332
47	28	9	11	284	255
17	56	7	12	248	246
21	4	36	106	225	289
25	3	5	2	358	152
8	3	2	2	347	152
49	53	61	33	257	222
40	53	55	33	249	222
2	91	58	94	245	257
316	304	45	79	412	257
99	91	17	13	219	246
144	148	25	28	246	291
3	4	123	115	327	277
3	0	123	3	327	277
8	0	90	75	277	402
8	0	90	73	277	267
8	0	90	70	277	250
57	46	11	6	359	276
97	112	17	30	248	284
0	15	6	3	365	244
617	113	48	5	297	218
1957	550	354	238	259	226
1992	550	364	238	272	226
47	5	12	14	235	264
32	48	9	12	204	241
8	34	3	20	182	254
1011	138	1473	1675	254	271
253	188	57	35	370	344
1	60	173	1715	476	2753
1	60	173	1696	476	2762
2	829	79	1128	310	257
721	82	819	820	310	310
4	0	45	34	271	284
1480	5	1337	2	221	319
150	140	58	64	244	269
99	273	23	58	238	379
21	10	2	3	297	318
599	1008	19	38	227	241
795	598	25	30	269	227
47042	111307	10285	17283	246	347
60997	156813	20171	23553	338	329
71683	156785	18564	23542	326	329
71688	29495	18580	9330	326	246
45	34	1	1	419	434
40	14	26	10	206	172
75	41	32	30	212	206
2	105	0	60	193	186
183	1011	69	405	260	833
217	186	101	61	312	260
82	122	19	30	226	250
19	35	8	12	290	333
38	32	6	12	314	333
39	14	6	9	314	290
392	225	226	136	285	240
319	19	200	83	266	211
36	33	27	24	332	230
25	21	19	35	278	339
53	12	24	10	274	200
19	46	13	28	217	274
12	10	12	9	216	210
146	668	44	96	310	250
1	8	7	14	247	278
0	1	1	0	345	192
57	12	3	0	263	221
163	543	45	147	228	299
22	4	24	0	342	208
0	4	5	6	287	211
6	3	2	6	201	200
0	2	4	0	273	221
36	106	43	214	203	278
6	12	2	0	293	293
7	20	2	3	293	221
41	37	6	9	221	293
1	0	16	14	296	262
2	60	56	40	266	280
95	59	105	40	262	218
28	13	99	132	288	291
25	23	17	21	269	270
27	23	22	18	278	270
51	30	20	61	180	276
97	83	68	70	247	278
31	142	26	70	239	312
0	6	1	37	193	254
0	6	1	37	201	254
1	20	0	8	176	310
2	20	0	8	176	310
0	21	1	8	176	310
0	4	2	3	188	176
27	4	1	3	234	176
44	2	8	2	318	176
11	25	6	11	238	222
76	68	59	53	287	264
44	45	13	9	245	272
7	0	11	1	312	214
16	62	20	57	199	297
1	4	0	10	225	266
173	117	166	359	266	272
4	131	100	21	264	295
180	3	158	14	471	274
2	2	24	17	302	212
23	475	1	48	252	324
53	179	11	27	227	298
2	13	8	33	197	227
2	2	0	10	231	212
5	323	7	149	191	345
44	42	32	26	261	213
62	141	47	64	478	290
8	141	12	64	213	290
60	141	25	65	213	290
171	150	101	63	297	248
153	181	76	34	310	269
297	212	93	55	328	273
84	346	27	113	247	328
9	162	27	42	252	247
6	341	0	120	203	234
3	2	192	14	235	235
0	12	2	8	157	224
5	3	10	3	251	244
19	36	3	6	228	293
7	3	5	12	236	265
0	10	2	31	376	222
17	0	77	3	289	539
0	12	5	9	333	552
0	14	5	14	333	590
0	30	5	74	333	1485
38	0	55	17	349	266
1	5	13	17	263	323
2	0	4	2	253	323
10	0	4	2	256	323
1	13	13	22	263	263
2	8	4	6	253	263
10	8	4	6	256	263
9	11	5	4	266	196
0	3	44	16	358	266
38	44	32	14	307	272
17	459	73	180	229	213
22	29	18	18	195	209
59	3	27	0	259	323
28	167	7	44	353	221
88	4	11	0	353	206
73	4	124	34	303	308
1	40	0	118	263	308
15	382	408	165	251	251
2	0	0	2	294	295
4	0	0	2	275	295
72	24	75	45	285	242
40	0	12	18	266	291
179	40	171	203	305	294
4	0	5	15	186	299
4	0	5	1	247	254
62	6	58	30	308	245
78	63	65	99	308	245
12	0	6	24	224	203
6	15	58	48	223	265
213	48	297	76	777	293
0	38	19	16	662	273
207	1799	52	375	272	313
1938	988	433	271	313	244
636	979	465	465	357	340
1	166	0	163	240	240
0	3	2	9	247	270
66	0	48	2	308	270
0	1	118	29	251	210
17	0	13	8	247	414
2	4	254	257	317	324
0	22	14	184	211	281
2	0	2	2	326	317
2	9	8	13	220	179
0	4	12	35	220	514
3	2	0	3	271	230
19	3	9	15	218	182
13	25	27	36	252	233
12	80	3	45	241	249
0	2	4	0	348	271
93	90	20	29	343	260
38	16	24	17	279	246
0	22	75	44	188	320
57	0	95	50	209	176
18	2	32	4	176	209
2	0	229	3	266	339
22	79	65	19	317	206
161	71	60	34	281	287
0	2	6	291	199	299
46	2	34	2	778	271
16	2	6	2	327	271
1	0	0	2	253	326
0	11	4	10	185	235
10	0	25	1	974	249
191	76	114	53	261	221
11	58	2	2	185	268
94	23	168	51	203	215
133	331	131	262	204	282
1	33	1	1	276	224
21	35	17	45	233	264
43	150	32	36	303	318
972	1151	462	529	218	232
32	598	6	345	251	218
35	29	7	10	245	216
49	49	63	212	222	333
2	2	0	2	285	312
698	196	81	17	399	219
783	680	91	70	482	399
7	933	5	113	228	482
219	243	81	78	242	256
507	171	147	48	309	191
205	552	85	135	230	295
10	14	5	4	272	277
399	89	123	39	321	212
2	228	2	639	208	244
28	6	12	0	577	254
6	6	21	0	426	254
0	6	5	0	297	254
28	2	12	0	577	254
27	2	12	0	552	254
6	2	16	0	426	254
27	2	50	0	230	254
6	28	21	12	426	577
0	28	5	12	297	577
6	28	16	12	426	577
27	28	50	12	230	577
6	27	16	12	426	552
27	27	50	12	230	552
27	6	50	16	230	426
42	37	16	16	252	292
1414	12	88	48	334	332
5	110	1	74	250	354
93	24	27	2	268	186
705	7070	202	1972	271	1555
48	6	40	5	202	206
21	52	0	3	232	308
128	2	2	0	211	237
13	3	14	0	294	264
23	38	7	18	205	246
49	28	35	7	299	247
0	109	1	20	249	278
87	110	19	21	249	278
124	78	36	14	307	249
80	11	37	2	219	238
47	81	10	44	219	282
61	68	23	108	221	218
187	103	75	61	267	211
11	10	20	18	307	266
4	0	22	10	1044	218
18	24	37	12	375	277
37	38	22	15	292	234
116	235	31	53	203	290
168	131	22	26	222	250
69	137	54	128	233	260
143	52	84	33	251	200
0	120	4	221	266	359
176	20	21	10	214	220
176	206	21	35	214	345
1	34	0	8	246	282
0	1	4	3	224	280
33	241	239	184	300	295
119	16	18	1	315	279
4	2	6	1	243	200
7	5	2	3	190	219
7	0	23	11	312	251
6	3	4	1	270	237
57	44	32	18	203	198
53	57	30	18	203	215
9	6	3	2	330	458
9	2	3	0	330	243
6	2	2	0	458	243
2	1	1	0	458	243
2	202	1	64	458	198
1	202	0	64	243	198
72	61	25	20	198	215
3	54	2	28	215	220
76	54	22	28	215	220
12	79	14	33	478	2204
8	19	2	7	176	194
8	0	139	53	324	225
2	2	1	4	263	251
4	54	1	148	193	321
25	54	10	148	279	321
15	54	3	141	279	321
8	25	7	9	205	237
20	25	14	9	219	237
677	781	49	52	795	423
75798	99374	75017	45490	799	420
7	158806	0	96465	253	799
25	54	15	30	238	276
66	107	143	243	266	341
32	48	85	100	225	250
154	65	88	36	264	190
469	88	152	27	305	224
481	39	151	19	305	224
125	144	51	92	224	309
141	0	29	49	230	275
4	31	0	3	189	204
4	56	2	10	189	204
21	14	37	17	290	217
10	4	1	2	254	221
2	2	4	11	200	244
120	233	274	97	290	206
145	100	31	44	320	359
90	0	8	2	216	191
67	1	11	0	216	185
230	24	148	27	347	218
0	25	1	46	233	529
29	52	0	4	207	242
160	2	19	0	242	188
44	12	3	14	248	284
230	720	198	166	234	209
186	80	158	133	257	302
80	53	20	15	233	233
70	141	44	33	341	233
39	24	12	12	220	205
133	54	18	8	322	266
3	16	2	7	273	215
0	2	12	9	254	344
826	284	272	205	311	236
1023	1251	579	445	305	328
154	133	142	65	323	216
7	250	7	63	273	307
5	280	10	74	220	238
104	184	36	40	238	240
260	330	65	60	240	272
260	206	65	42	240	213
260	205	65	41	240	237
280	205	72	41	272	237
224	259	21	88	237	239
1	570	0	185	247	225
0	30	2	439	229	395
178	1	83	5	262	197
2	3	5	0	288	247
2	3	5	3	288	271
1	0	2	3	260	268
21	0	12	1	237	212
7	0	26	1	317	212
7	21	26	12	317	237
99	182	353	120	279	182
13	32	0	3	207	281
145	7	12	0	361	176
30	5	9	4	198	191
21	10	7	0	281	232
266	50	102	17	363	221
534	341	180	125	733	495
54	547	18	192	267	733
112	234	14	35	220	350
3	105	0	22	219	228
209	167	93	86	287	311
37	164	4	83	287	311
91	161	72	66	230	287
82	876	9	130	236	239
16	6	32	5	251	283
219	6364	799	4260	245	333
155	134	60	91	253	315
124	71	53	31	297	240
57	1	35	2	243	289
99	431	38	165	418	311
207	838	71	358	311	456
17	6	23	14	343	343
15	45	9	10	197	261
1	79	155	279	201	282
38	1	14	4	248	213
5838	7403	373	485	255	240
6	8	7	12	224	206
24	18	10	4	224	188
154	132	0	1	342	440
256	132	1	1	388	440
17	0	51	14	232	199
304	41	123	28	229	229
189	84	46	6	308	307
9	1146	270	586	248	288
83	873	45	582	288	290
1157	660	596	362	290	239
106	124	44	24	343	313
77	86	124	75	341	224
157	59	109	104	237	238
1	59	0	104	182	238
269	205	348	134	315	243
7	93	23	40	251	287
32	44	11	35	275	277
6	77	5	16	264	275
706	52	238	19	1948	325
0	307	3	180	226	240
71	150	124	149	226	251
6	103	37	118	268	297
83	192	96	133	257	368
2	16	11	29	233	555
0	18	8	30	251	555
63	36	48	40	231	232
4	4	2	1	246	261
59	257	8	63	212	803
324	208	74	49	305	263
123	184	280	283	293	342
139	296	48	80	228	263
44	373	15	96	248	248
21	27	4	1	264	266
105	290	269	975	282	332
569	222	525	1197	241	378
795	222	927	78	341	297
795	290	927	975	341	332
791	224	928	1196	341	378
222	290	78	975	297	332
685	517	28	8	283	245
421	953	11	30	240	283
768	555	14	23	257	240
1	20	3	4	238	303
6	15	5	4	289	303
9	4	5	0	289	238
0	1	4	5	227	215
1	1	10	5	281	215
2	1	15	15	316	335
29	69	59	32	260	230
31	70	59	35	260	259
30	8	48	68	227	278
0	289	2	1444	198	1901
0	290	1	1443	198	1901
2	162	3	61	158	257
261	201	75	93	238	228
237	179	100	79	242	236
607	756	374	454	288	340
671	375	432	414	289	288
14	0	57	32	245	212
0	1	473	2	347	245
0	50	473	123	347	245
63	9	162	63	249	240
1	3	4	2	215	237
11	0	7	2	215	266
8	0	20	23	207	230
32	23	16	16	233	219
20	92	5	16	271	255
1	76	0	23	232	232
2	142	4	39	232	232
4	10	2	2	232	342
1	10	2	2	332	342
1	4	2	2	332	232
20	20	2	12	202	236
159	265	65	70	255	238
117	114	40	46	203	264
115	6	40	0	203	264
8	35	9	17	218	185
29	244	21	83	195	334
9	39	0	21	256	642
2	102	4	34	225	286
49	21	14	4	233	178
40	57	22	24	196	221
69	131	28	61	236	312
67	32	27	14	236	312
0	39	2	18	227	182
53	350	88	119	191	206
168	623	98	245	206	263
678	484	237	179	263	230
497	585	192	169	230	218
1	10	2	1	328	248
2	26	0	6	226	232
104	64	66	46	341	368
1	10	3	3	229	214
861	1114	555	660	201	221
76	213	38	73	233	283
18	6	5	0	215	267
15	4	5	0	267	262
15	2	5	0	267	286
15	13	5	24	267	219
4	13	0	24	262	219
2	13	0	24	286	219
207	3025	1267	1090	547	305
20	965	96	1308	289	286
1	0	6	2	207	191
175	181	43	66	282	349
5	788	4	676	213	222
6	142	1	94	253	333
100	190	61	67	333	407
12	10	1	0	248	230
3	32	6	11	293	272
3	0	8	1	189	192
378981	218297	32563	19280	377	263
201148	168498	17453	15774	263	275
14	35	30	8	431	350
1	13	0	9	188	254
1	13	0	9	197	254
195	1	60	0	226	166
36	32	23	19	279	267
50	33	25	9	267	228
272	1231	2550	21250	3110	5411
359	603	235	284	262	261
94	326	29	176	294	832
523	354	177	123	299	256
2512	6605	180	292	294	291
5891	6602	254	294	306	291
18	0	80	21	274	213
67	28	27	8	382	256
126	26	58	23	279	225
6	2	6	25	202	317
2	0	7	2	261	202
6	30	7	11	193	199
967	792	2	3	276	234
101	3	19	0	219	288
117	34	31	7	269	274
324	238	127	124	346	269
21	69	9	68	294	442
97	6	7	13	273	246
39	73	23	50	329	358
399	59	158	15	789	263
0	1	21	2	242	328
16	34	3	9	243	276
35	25	19	6	276	213
294	259	76	80	235	194
498	472	107	105	224	235
1	33	0	2	265	806
3367	431	408	35	323	176
57	27	13	10	337	930
92	54	13	13	314	281
0	2	127	104	263	203
129	0	25	1	264	294
6	3	0	1	260	205
124	266	77	104	210	257
197	132	69	103	211	252
97	119	72	56	200	211
73	96	89	34	203	200
38	139	135	387	346	284
137	139	434	387	331	284
22	0	25	25	251	220
38	232	13	42	248	371
17	3	9	8	239	206
16	12	21	12	314	272
0	1	2	5	203	170
16	3	2	7	247	296
77	131	37	33	272	343
79	9	17	0	221	276
5	1	2	0	212	310
11	2	13	11	233	295
80	178	22	28	223	253
34	4	7	0	205	228
6	2	18	25	246	237
6	4	10	15	265	333
2	4	3	14	265	333
8	4	26	14	246	333
8	2	26	3	246	265
2	3	4	5	252	183
56	65	23	13	234	236
4	809	4	153	194	266
23	0	12	1	188	242
0	2	1551	735	247	227
6	0	929	817	227	227
6	23	700	2009	227	1197
6	3	700	1019	227	212
0	4	841	938	227	202
0	9	6	14	253	253
440	626	72	112	262	298
1354	331	316	60	827	246
3	628	19	747	322	382
2	14	0	4	233	332
12	264	10	203	254	2283
78	76	45	45	193	287
83	144	49	74	193	287
48	3539	30	965	173	170
898	619	565	437	287	245
669	1143	216	391	216	255
2	17	2	0	242	272
513	306	102	48	330	320
2	0	4	16	227	254
128	7	91	5	272	275
185	149	108	88	275	293
225	8	148	3	228	234
225	519	148	556	228	230
631	505	128	124	273	275
6	0	6	3	339	296
3	36	8	17	282	194
1171	1565	493	466	287	266
1295	2134	430	647	256	287
1458	933	441	415	281	256
10	41	19	71	237	710
3	26	33	25	298	239
7	81	664	1503	224	381
7	6	664	6	224	176
1452	85	311	121	200	188
1452	163	311	225	200	203
7	50	2	21	292	366
26	50	2	21	273	366
8	49	3	20	273	366
26	7	2	2	273	292
0	7	8	9	227	200
0	12	8	12	227	288
1	12	0	12	277	288
937	910	303	471	269	319
771	740	301	314	241	269
239	169	130	129	288	230
0	240	2	126	272	231
86	29	1	3	224	183
4	788	2	543	306	240
4	239	2	124	306	196
112	86	130	148	347	398
1121	51	1156	109	1783	347
0	2	1	2	194	182
136	96	98	55	332	307
4	1	6	0	351	265
175	3	140	3	325	247
102	2	92	2	325	247
73	88	34	31	242	263
1324	3642	46	243	237	369
3953	2737	136	140	281	237
46	185	22	271	291	224
244	185	453	271	309	224
100	171	39	53	246	321
100	80	39	34	246	233
98	51	39	6	246	321
136	1118	51	379	321	1106
3	1118	4	379	233	1106
26	214	35	128	347	852
6	5	5	20	214	2898
198	1	89	5	246	203
11	192	34	285	290	253
185	471	142	458	217	271
42	10	42	46	356	361
1	0	2	2	206	409
69	56	66	90	257	256
106	79	200	96	344	257
50	73	60	90	209	257
81	54	119	135	296	282
59	18	84	25	262	305
42	0	66	3	262	247
4	7	16	4	197	262
466	771	48	173	251	350
194	367	62	45	318	251
0	53	16	502	615	241
0	3	16	132	615	226
2	0	282	122	302	223
2	42	1	14	190	247
159	133	100	64	343	311
5	2	4	0	243	241
4	4	3	4	247	273
22	22	15	4	217	240
19	39	13	18	217	284
490	19	380	451	311	344
262	137	367	289	276	311
1	6	1	2	271	258
38	60	8	14	280	268
37	23	8	10	244	204
2	24	1	1	222	244
44	7	16	4	279	253
0	7	4	5	461	401
2	178	4	66	254	450
51	178	17	66	257	450
143	96	9	15	206	297
246	29	48	2	216	407
247	12	43	0	338	216
52	179	9	54	270	466
61	3	5	0	249	183
92	16	13	5	246	183
125	16	14	5	249	183
56	2	15	0	216	249
114	36	42	1	326	216
80	29	24	14	264	610
80	111	24	26	264	326
3	52	19	103	249	1106
129	107	23	34	249	378
5	0	0	10	265	451
286	0	129	169	224	287
214	5	70	0	223	211
140	66	46	25	294	203
140	79	46	33	294	205
46	76	9	27	294	205
76	76	28	27	263	205
76	46	28	9	263	294
78	234	34	45	263	294
211	105	74	35	390	263
32	178	4	64	193	390
148	0	29	2	280	320
23	34	27	8	328	328
0	113	2	62	245	271
48	97	86	71	286	241
48	102	86	73	286	245
6	12	1	11	217	193
18	12	10	11	286	193
1267	1645	2991	201	352	284
1267	114	2991	16	352	242
36569	7912	9156	3637	674	352
37	7	20	2	247	179
28	74	14	19	288	225
315	64	104	16	431	208
258	133	64	81	232	308
5	47	34	63	235	238
203	179	30	32	239	242
196	253	30	41	239	276
205	262	28	41	242	276
2	63	0	40	232	256
2	144	0	94	232	282
52	90	26	47	238	296
9	116	2	48	195	209
1	0	2	3	233	289
1	0	0	3	366	289
12	4	3	0	308	233
29	66	5	14	199	242
125	66	25	14	199	242
26	64	5	14	199	242
15	89	1	32	205	199
1	69	0	5	233	289
66	34	102	28	323	186
126	340	57	209	267	365
274	208	94	90	334	267
95	204	31	91	715	267
90	241	30	102	715	334
56	0	24	2	296	254
394	640	100	139	240	255
584	464	150	131	255	243
151	82	24	14	240	192
50	203	27	36	247	259
35	35	2	27	243	281
133	577	49	260	192	312
809	529	449	294	312	227
90	93	39	27	244	282
84	2	39	1	244	282
116	79	34	28	282	236
43	65	9	28	249	328
37	13	23	3	280	200
35	8	2	22	255	316
5	192	0	30	287	202
16	71	1	10	174	232
10	6	10	4	208	228
11	6	15	4	234	228
9	12	6	16	203	311
31	107	29	60	293	275
366	135	49	21	279	224
152	292	21	37	224	239
82	71	45	36	260	254
0	2	8	1	260	240
31	76	17	36	200	236
2	9	0	2	290	284
2	5	0	1	290	364
7934	766	247	33	227	227
130	248	4	12	284	206
374	138	373	289	267	203
161	420	308	368	316	305
18	270	38	146	295	399
3	213	0	67	232	547
202	203	132	82	243	250
8	2	69	18	641	249
17	180	28	63	199	220
174	264	167	237	317	359
284	150	38	8	297	221
180	506	43	150	231	323
108	1105	96	308	268	270
108	149	96	28	268	289
9	15	2	0	285	246
352	107	65	46	256	289
26	36	20	29	234	313
2	1	0	8	239	220
23	119	13	19	285	352
21	19	7	10	276	314
13	3904	110	2370	209	479
13	1116	109	808	209	273
958	234	392	100	828	311
37	94	7	118	311	1343
107	9	165	158	302	311
7	17	31	166	311	299
19	21	144	164	311	299
223	8	64	0	255	278
105	8	24	0	265	278
103	126	37	33	255	291
103	36	37	12	255	202
428	126	42	11	308	226
15	19	9	6	263	365
23	10	7	5	347	263
89	204	34	33	306	312
45	6	25	38	194	219
38	8	7	0	200	200
46	10	13	0	200	212
30	61	5	22	200	209
6	21	1	2	200	212
557	567	227	200	259	221
23	567	3	200	284	221
20	1	62	84	202	220
37	40	13	16	271	281
70	94	24	6	266	218
0	81	104	351	214	254
0	58	104	201	214	214
8	7	265	294	254	244
7	2	241	299	223	294
0	8	65	204	441	371
0	2	2	6	206	300
57	162	82	94	189	182
288	302	34	16	419	410
6	133	20	37	257	324
107	95	35	28	235	232
14	40	63	107	235	236
12	32	5	10	200	251
16	117	11	29	245	341
2	58	0	19	274	301
571	334	223	625	254	491
76	689	179	268	261	254
3	9	2	0	242	203
396	443	96	137	232	229
121	82	109	50	391	218
6	0	19	15	271	209
13	8	25	4	260	256
125	241	47	82	233	302
120	47	34	7	271	197
26	166	5	70	184	253
258	140	71	125	287	343
272	112	107	46	310	208
134	3054	41	962	208	1544
276	796	80	317	277	712
17	25	13	42	258	335
65	215	211	152	224	227
0	1	9	12	260	248
6	17	14	53	198	227
0	8	34	28	256	236
22	25	13	33	271	295
36106	3001	454	220	423	300
197	192	6	0	250	289
4	9	2	4	300	279
0	31	5	5	204	252
62	198	66	187	245	314
615	88	267	56	394	192
0	88	1	56	188	192
171	40	82	9	254	195
354	311	143	167	304	272
0	24	4	11	197	323
199	708	193	927	194	191
177	455	191	466	194	188
2	356	1	342	188	185
0	356	1	342	188	185
312	386	428	453	185	213
23	16	1	5	355	429
23	5	1	3	355	305
5	1	2	0	470	422
5	1	2	0	470	422
58	41	41	69	194	229
32	7	49	138	241	328
0	2	1	2	229	188
1825	209	39	1	905	232
236	177	2	4	252	220
0	12	10	9	214	257
4	1	30	6	301	226
8	3	12	5	221	323
491	45	37	6	272	269
491	3707	37	374	272	2972
45	3707	6	374	269	2972
25	10	67	6	237	251
152	1372	11	381	280	258
1244	1259	238	341	258	290
1959	1296	549	384	290	245
347	428	97	103	188	206
2	7	0	1	237	252
170	702	32	33	259	309
0	45	39	120	273	311
8	7	33	17	266	204
8	3	33	42	266	259
8	9	33	73	266	317
0	6	1	0	287	293
10	8	49	19	266	251
16	4	2	1	335	262
0	38	3	68	221	221
5	332	128	215	251	237
5	4	2	1	359	352
38	60	10	15	232	246
8	36	9	9	178	232
331	448	46	29	292	349
19	1611	12	839	258	1257
536	356	128	119	290	293
542	33	129	19	290	293
428	448	140	98	293	315
727	75	200	33	512	256
287	6	74	9	273	185
113	79	36	33	361	256
67	22	14	3	307	223
105	608	20	124	209	267
74	73	41	25	234	215
55	72	10	24	192	215
58	45	18	19	197	218
5	2	3	0	314	314
24	66	6	20	225	226
1880	978	215	124	345	245
135	1	123	0	271	319
1	5	5	18	198	191
694	1764	539	599	315	246
0	8	26	8	272	199
35	7894	27	2190	341	380
0	9	11	15	191	223
15	219	8	90	210	267
3	128	3	54	210	267
85	128	15	54	223	267
12	10	0	8	273	262
85	3	15	3	223	210
12	29	0	25	273	210
176	7	43	9	223	210
63	26	24	31	242	251
102	1086	273	580	244	263
800	829	95	125	344	345
48	31	17	28	293	283
2	28	5	16	256	251
0	28	3	16	358	251
0	21	9	3	235	269
0	190	1	57	190	253
201	8	6	0	322	245
118	187	8	1	258	299
107	49	2	6	258	258
32	2	210	1	291	197
8	4	41	24	209	215
1	7	0	5	239	229
0	5	2	8	265	235
78	42	28	8	201	199
271	15	151	3	331	232
75	152	47	99	272	341
4	0	7	29	291	401
3	11	13	4	233	291
33	0	207	289	262	335
1	0	32	2	300	294
22	43	29	30	352	308
3	43	4	30	262	308
115	59	31	13	267	233
19	199	16	63	175	239
174	401	48	126	239	238
7	1	2	2	381	397
4	3	0	1	204	245
7	3	4	2	245	344
0	2	2	0	270	225
10	2	9	2	322	322
49	19	30	10	373	303
1	2	2	5	243	330
1	2	4	4	261	330
0	2	2	5	261	330
1	2	4	6	261	371
0	2	2	6	261	371
1	2	2	6	243	371
1	0	2	2	243	261
2	0	4	3	243	344
2	1	0	2	304	243
13	56	9	22	207	270
19	2	27	0	254	221
19	73	26	99	254	255
467	694	74	239	233	335
804	871	151	195	294	292
4	0	13	1	1021	329
0	7	1	14	367	433
0	62	3	38	359	359
7	15	4	17	222	222
66	859	13	320	303	821
5	0	5	2	249	211
101	88	86	35	334	287
86	40	27	27	287	267
60	69	27	37	267	309
0	5	4	26	236	234
4	66	28	66	234	280
0	20	4	35	208	243
62	26	32	22	311	233
67	41	32	25	296	302
4	49	0	4	204	260
15	42	0	9	241	215
151	109	71	97	307	279
136	43	114	146	279	351
46	5	4	1	223	223
1	0	0	268	185	378
2	16	12	34	234	296
0	2	1	0	225	296
2	0	12	2	419	212
1111	1282	346	276	285	302
227	522	61	144	245	245
0	4	99	534	211	308
0	14	17	24	325	321
0	117	95	564	277	239
14	32	0	1	389	380
11	18	5	3	294	220
54	1	3	0	161	225
330	17	83	16	227	344
183	361	44	74	216	290
260	333	46	85	250	281
268	429	102	95	281	299
191	214	64	41	245	222
48	55	24	20	258	227
48	90	24	34	258	270
51	114	45	32	263	221
99	69	50	26	238	228
99	9	50	0	238	228
49	148	24	49	228	287
130	4	47	0	204	240
8	141	0	6	207	373
124	2	23	7	216	291
8	14	3	1	263	312
10	1	3	1	239	281
497	292	671	513	351	345
43	83	16	24	282	293
64	83	28	23	268	293
70	490	46	94	275	344
23	20	0	10	235	304
215	161	102	102	256	218
4	0	1	1	668	486
194	104	309	249	311	240
75	109	226	278	383	237
20	108	4	94	326	256
8	389	4	185	271	835
88	117	50	39	255	299
483	3887	897	999	275	314
3370	110	3036	687	604	275
37702	19812	1490	1067	344	326
26739	3294	1211	223	326	326
86	23	33	11	409	290
1353	7219	322	808	349	505
315	453	2879	5909	227	302
533	295	5962	4907	302	271
8	26	23	46	216	251
42	23	66	39	257	212
42	7	63	0	257	212
20	47	51	57	212	302
94	4	51	2	273	227
61	60	46	22	320	273
159	260	62	115	293	376
8	71	18	96	209	376
34	17	36	19	452	209
1	49	9	55	191	337
18	49	16	55	196	337
1	76	9	83	191	452
18	76	16	83	196	452
159	273	33	63	261	301
151	96	31	17	261	238
11	79	3	9	238	265
1	305	36	697	253	257
1	0	13	6	280	216
153	119	19	27	355	323
155	96	110	32	280	321
4	23	70	95	278	318
2	8	1	2	323	302
30	26	8	6	314	305
9531	33	6943	9	333	238
9531	959	6947	2690	333	238
1675	5540	3789	5630	257	333
1	3	11	0	295	238
107	200	46	124	233	207
18	174	66	170	192	248
62	184	4	10	213	305
6	2	0	2	224	245
227	4	136	0	315	243
187	379	55	85	242	280
290	117	110	36	280	209
5	13	2	6	243	388
101	25	103	217	233	262
98	47	17	10	272	315
2	3	2	0	235	298
70	14	15	2	314	264
49	14	12	2	327	264
49	70	12	15	327	314
85	19	46	46	264	229
57	10	28	23	263	245
35	14	18	2	200	286
8	90	3	69	284	284
15	1269	80	150	207	221
549	3341	136	397	221	281
494	212	132	7	221	281
1989	2642	282	205	281	214
2872	3096	520	799	252	279
0	169	2	154	565	237
46	1	70	8	237	203
96	8	31	47	203	273
0	94	2	53	242	254
124	237	188	171	244	276
203	383	197	91	236	298
33	91	34	38	225	251
0	1	2	11	197	239
64	20	21	23	283	317
61	257	37	102	243	512
171	52	74	13	314	218
1	6	0	5	276	362
4	6	0	5	279	362
251	73	87	24	362	254
35	50	25	19	206	212
64	47	15	27	326	278
46	63	9	37	278	251
13	44	12	5	240	280
118	1	33	36	224	232
67	52	15	32	211	257
242	182	60	42	340	338
2	4	0	30	233	191
94	98	62	63	253	225
6	0	38	5	301	323
262	304	35	34	213	245
185	2	29	0	224	265
518	237	353	349	239	290
111	162	41	91	247	294
226	122	97	35	294	254
29	23	13	25	242	289
60	24	17	7	300	242
22	9	10	3	228	247
24	60	11	26	228	304
4	0	3	1	265	228
8	1	6	1	265	228
8	33	2	19	265	228
12	3	6	2	350	170
11	11	66	48	257	215
0	4	5	5	232	312
36	32	45	47	298	266
36	8	45	6	298	412
9	20	47	81	266	385
90	552	64	276	194	263
400	379	166	127	248	245
3	161	63	160	262	256
60	65	34	79	181	231
134	215	91	229	231	312
158	416	154	295	312	305
46	416	41	295	305	305
2	3	0	1	240	272
56	101	12	9	303	317
17	1	10	0	217	239
101	230	212	154	251	209
109	200	61	143	179	200
260	95	174	93	200	188
0	4	10	17	308	325
9	233	4	110	241	295
183	2	104	0	271	241
259	20	30	15	188	227
145	47	70	51	239	320
4	60	17	21	267	196
60	45	3	2	279	297
92	177	30	33	298	278
105	136	19	24	251	298
0	163	2	43	274	246
4	0	2	1	274	194
0	1	2	343	186	499
37	75	6	21	239	293
113	82	15	10	281	239
74	52	7	18	264	281
39	74	8	16	210	264
5	47	91	145	215	254
3848	2997	405	390	290	246
4558	4283	551	490	296	290
2838	4048	402	440	251	296
83	4037	11	440	251	296
5739	3325	609	405	332	251
4840	3946	623	417	270	304
4895	5908	625	678	270	316
12152	3738	1290	427	455	270
1549	12719	249	1347	228	455
4	11	0	6	193	341
51	26	31	26	227	259
58	19	27	22	262	227
0	2	4	0	384	260
1	22	0	14	221	258
17	22	21	14	227	258
37	1	22	0	262	227
40	9	24	5	262	227
39	18	28	25	291	262
19	51	37	32	280	291
0	51	12	34	202	291
37	10	534	155	230	191
9	5	1	1	239	209
1728	1338	1093	766	409	274
97	1709	10	769	212	1705
36	11	15	8	228	271
19	0	36	4	525	220
19	0	36	2	525	247
21	0	36	1	525	220
21	0	36	2	525	247
21	15	36	21	525	271
21	11	36	7	525	247
19	6	36	14	525	271
19	0	36	1	525	226
0	15	1	21	220	271
0	11	1	7	220	247
2	11	1	8	220	271
0	15	2	21	247	271
0	11	2	7	247	247
4	0	13	2	271	226
6	0	14	1	271	226
69	279	53	107	290	284
26	58	5	26	283	334
65	176	56	146	244	282
95	106	83	117	230	244
76	594	10	230	215	464
575	76	235	11	464	197
101	143	153	109	321	244
20	6	11	8	319	263
4	0	3	11	242	308
0	2	2	0	304	360
119	137	109	101	246	260
62	42	40	15	222	241
0	15	1	16	197	317
332	490	4	2	252	278
831	20	251	14	223	242
834	11	246	7	223	242
90	0	260	4	305	236
19	43	6	7	282	270
195	3	106	0	267	251
12	19	11	31	293	263
84	20	26	36	247	245
8	7	1	5	347	403
8	8	1	6	347	415
7	2	1	2	321	318
51	46	37	3	182	268
10	0	11	2	302	205
1044	663	158	138	365	314
1214	771	139	155	334	365
488	481	107	59	232	237
242	400	120	63	260	232
20	120	22	10	241	271
105	1	25	1	255	194
4	0	8	16	210	252
82	245	4	29	225	311
382	153	50	16	308	218
4	1	0	3	331	255
264	9	150	8	294	294
242	9	105	8	1789	294
3	355	1	337	239	1364
15	6	4	5	273	243
72	6	8	5	267	243
72	15	8	4	267	273
6	51	0	14	230	278
12	8	26	35	230	281
2	32	43	33	317	230
23	2	86	1	317	217
23	2	59	1	303	217
23	80	37	107	269	719
12	17	1	22	284	269
3	0	15	1	337	310
78	23	34	62	243	303
48	87	26	61	213	314
77	85	82	61	314	242
5	10	3	1	477	195
607	460	84	66	339	318
99	86	38	21	234	250
2	34	0	23	268	471
6	15	12	3	295	263
8	6	4	2	374	261
4	12	1	3	261	263
39	167	5	34	293	816
104	0	29	2	187	274
8	114	5	24	187	238
0	5	1	0	274	207
64	50	17	13	238	319
155	106	44	30	270	261
19	44	40	44	251	247
18	18	17	11	200	213
158	198	56	70	299	298
109	0	165	14	222	228
102	276	73	132	269	359
85	63	4	10	230	224
150	105	90	56	224	205
0	6	4	3	169	531
0	2	4	1	169	224
294	613	88	218	247	302
294	296	87	96	247	217
3	2	7	0	221	249
6	1	5	3	289	238
22	0	15	8	263	182
129	45	72	58	320	260
132	385	46	134	287	410
29	59	8	19	181	246
12	61	3	19	184	246
14	45	1	2	184	181
21	17	26	17	234	212
0	8	15	73	269	325
2	11	4	6	169	203
44	63	8	8	200	204
50	86	0	8	216	237
34	86	6	8	194	237
98	78	11	12	235	216
4	72	0	10	194	216
6	81	0	7	191	235
42	81	6	7	194	235
4	77	0	7	191	235
5	77	2	7	194	235
0	103	23	69	205	283
74	45	35	27	283	216
193	122	64	65	279	218
17	40	7	7	283	218
43	8	2	4	358	220
0	42	11	41	265	236
22	6	65	3	270	254
6	8	145	66	340	230
4	3	6	1	317	256
9	4	1	0	256	195
8218	25	270	3	277	316
39	277	0	9	244	318
31	153	44	63	299	357
67	146	35	61	321	357
40	34	49	6	314	209
99	76	23	20	242	237
1	45	1	18	205	227
73	53	22	32	227	268
192	201	89	151	335	347
4	9	0	14	233	236
9	5	2	0	198	296
623	7676	309	335	297	339
35	33	27	18	251	294
25	85	49	124	241	309
52	390	29	83	248	221
17	8	4	18	332	332
47	65	21	28	287	378
13	100	18	8	916	299
25	100	30	8	378	299
3	98	12	8	378	299
0	4	16	353	275	275
178	39	446	47	225	225
287	129	120	67	302	252
23	97	8	110	340	226
0	40	1	15	220	257
2	155	133	295	242	191
0	29	1	6	299	381
6559	4886	946	797	260	264
6446	5810	1076	896	264	263
6446	4920	1075	701	264	245
4832	4919	820	702	263	245
4461	11525	696	1841	245	416
16	16	5	13	253	296
234	98	211	130	231	205
309	99	269	132	241	205
4	227	0	64	212	250
99	67	52	9	250	192
67	214	29	69	215	362
501	9	504	11	199	253
248	149	73	55	287	280
168	153	35	57	226	212
19	92	8	10	243	285
108	25	15	4	285	256
8	22	4	19	186	258
18	23	4	15	241	258
27	27	6	8	275	265
61	50	11	23	271	354
235	26	36	5	347	271
1	395	127	241	187	232
581	1766	787	959	255	244
77	52	19	25	268	280
22	5	1	2	234	320
16	38	23	20	234	329
13	10	2	2	194	287
2	0	7	18	432	325
0	2	15	8	325	388
0	80	78	343	424	269
29	59	25	60	235	231
82	11	79	30	231	185
26	37	2	7	323	318
8	32	4	6	233	274
11	0	6	9	242	244
2	0	1	3	323	322
1	0	10	9	264	194
74	57	102	77	347	288
0	4	2	72	242	218
40	68	38	56	323	293
416	24	124	12	257	203
198	12	114	2	260	257
110	87	27	42	317	326
172	254	264	176	263	263
778	365	139	64	308	264
84	224	401	364	348	337
0	2	5	45	306	230
0	2	5	106	306	265
0	2	5	52	306	310
76	146	27	32	338	317
2	0	7	1	311	380
7	0	8	2	389	189
37	5	65	39	371	344
289	552	8	2	238	298
31	83	17	24	289	287
3	4	12	8	246	570
13	63	17	44	183	217
80	83	37	52	260	268
333	159	78	30	296	245
332	147	75	28	308	245
343	304	77	61	308	296
229	294	46	61	290	296
238	382	46	84	290	308
74	261	8	61	284	290
51	249	2	62	182	284
2	11	25	32	341	295
54	31	7	2	294	243
101	123	38	35	223	279
6786	2573	669	245	390	278
7296	6388	478	597	347	390
1	48	1	0	245	302
114	34	33	0	197	302
78	21	12	11	223	197
70	12	10	0	223	197
29	123	4	21	188	223
153	404	30	101	236	342
16	15	12	9	268	228
2	2	6	9	220	326
2	3	11	6	326	309
1	3	9	5	309	364
18	5	6	0	210	241
48	17	72	41	433	257
5	160	2	77	372	333
5	1237	0	284	219	219
358	566	98	111	219	247
2	0	1	3	234	322
1	3	4	2	278	234
0	7	2	3	184	315
1	34	9	17	238	219
4	7	0	1	226	215
2	306	4	168	216	312
13	1	12	5	242	291
4	3	3	0	383	279
2	3	3	0	349	279
628	519	360	321	299	269
2202	2339	828	816	326	299
8	39	6	89	245	321
99	27	37	24	299	216
114	172	60	71	341	278
117	102	1	1	273	268
6	40	3	11	248	306
38	40	10	11	273	306
36	83	8	92	224	308
36	75	8	32	224	209
83	75	92	32	308	209
67	61	13	14	276	265
2	86	0	24	220	347
2	10	3	2	198	195
10	12	8	4	227	231
2	0	0	3	321	270
0	2	2	0	302	321
29	15	8	7	236	243
962198	7735	370932	5182	7721	264
53	66	27	34	291	288
20	73	14	34	255	291
150	125	70	24	292	226
173	19	60	9	258	248
0	90	6	22	204	288
16	28	9	15	192	268
3	52	2	6	230	237
641	125	130	17	412	198
38	7	8	5	254	164
1283	148	482	81	567	327
12	111	7	10099	230	342
43	111	148	10099	215	342
34	122	12	37	245	337
687	228	172	79	321	227
265	425	65	94	227	263
5	1	10	6	284	308
6	3	12	10	299	284
80	4	25	4	348	179
244	249	204	112	305	293
213	491	51	121	248	326
44	247	31	229	209	301
220	73	115	49	263	209
207	144	134	79	242	263
27	2	27	36	303	281
1	28	0	32	239	281
30	28	15	32	241	281
30	1	15	0	241	239
92	4981	685	1370	294	278
19	4981	94	1370	289	278
39	36	14	11	241	232
1508	1678	794	755	359	342
269	183	79	55	305	312
107	230	44	32	219	275
40	4627	5	962	203	6130
0	22	1	17	272	254
7506	37342	336	1269	237	381
7845	20950	670	535	291	237
4031	150	168	10	289	177
748	370	88	59	436	272
450	1407	48	198	272	583
19	12	34	48	234	256
16	21	41	49	270	234
6	27	25	45	218	270
4	11	39	7	416	224
120	231	31	36	339	337
102	8	46	2	364	233
42	34	22	16	322	231
74	44	10	22	290	322
241	109	101	55	309	251
0	20	48	238	560	211
124	101	45	56	290	293
94	550	40	252	297	784
100	60	44	27	314	230
1	273	0	66	184	224
155	240	51	59	230	264
155	13	51	4	230	260
279	347	76	143	234	306
19	344	11	141	234	306
203	207	107	72	237	234
75	245	34	62	193	237
24	6	57	49	413	425
233	94	223	58	637	265
175	321	149	188	215	203
88	3	51	28	222	304
72	82	147	141	272	251
115	115	126	158	239	267
43	5	9	3	362	196
9	3	18	0	356	196
282	17	62	17	281	186
283	456	62	77	281	252
102	114	35	32	186	228
72	457	35	77	186	252
72	496	33	80	228	252
434	346	87	82	260	252
529	123	137	82	252	252
133	18	76	69	248	290
42	154	11	447	235	337
169	354	156	268	202	235
785	2518	813	1853	207	236
4	8	2	22	309	470
6	102	210	214	262	277
18	102	268	214	299	277
207	376	192	282	224	268
2577	37	1158	18	721	263
394	19	158	1	268	306
224	21	92	1	283	306
12	327	105	88	337	254
608	387	93	42	247	214
202	0	75	1	233	207
484	569	376	247	276	248
2	126	19	132	271	501
2	10	19	2	271	349
2	6	19	0	271	195
110	6	121	0	501	195
126	10	132	2	501	349
126	6	132	0	501	195
120	6	131	2	501	195
0	2	6	10	239	329
16	5	9	2	189	233
369	341	107	75	295	282
2	2	27	2	283	432
14	2	53	8	403	254
6	2	6	9	283	254
0	12	57	8	402	248
0	4	30	6	279	312
13	172	6	1	264	226
69	120	1	7	226	215
214	980	53	184	290	648
106	237	99	122	355	252
442	9	265	9	423	252
442	225	265	150	423	270
442	284	264	185	423	347
9	225	9	150	252	270
92	213	121	147	241	221
471	317	238	193	261	257
291	262	356	390	277	300
203	50	320	22	294	277
203	464	320	356	294	277
295	954	82	203	245	423
624	779	241	310	278	279
514	656	286	303	295	278
322	608	193	284	241	257
24	2	38	0	293	275
0	2	3	3	251	240
0	10	1	2	248	221
339	1	175	0	333	273
12	1	19	20	335	230
196	19	96	52	218	206
48	41	13	12	399	255
70	42	18	8	399	255
69	8	55	0	285	219
19	30	32	21	238	244
4	14	0	9	239	279
111	29	15	3	298	196
115	4	16	1	298	196
33	31	7	15	196	234
1537	1031	705	792	258	268
163	0	61	149	284	579
35	290	64	94	230	260
64	53	12	9	237	238
57	30	37	12	265	212
58	13	35	6	265	281
16	14	1	4	247	316
13	9	21	15	237	440
10	17	2	3	226	321
47	22	4	13	258	326
108	111	55	18	343	288
1	195	0	69	271	288
5	12	2	4	305	312
13	13	0	8	222	312
0	4	5	6	210	245
0	23	4	18	245	339
2	18	10	4	260	264
10	9	14	16	497	431
20	32	8	14	262	311
17	5	52	19	316	215
10	16	24	21	269	296
3	3	2	1	310	209
165	120	48	37	194	191
415	5	153	2	454	184
205	433	137	166	363	454
2	69	0	30	265	332
2	1	2	0	400	207
2	0	2	2	400	256
1	0	0	2	207	256
8	0	9	3	367	243
0	141	6	146	222	324
416	635	81	177	203	362
545	108	206	36	362	198
68	490	26	112	198	311
416	319	120	88	311	271
2	0	0	2	341	232
56	49	54	32	349	240
1	3	1	1	246	238
58	44	13	15	210	212
221	126	91	79	243	204
227	214	125	90	277	252
118	75	60	38	218	209
6	71	19	26	209	218
93	101	33	19	347	344
15	28	65	131	266	296
10	52	53	72	269	257
38	3	13	11	316	186
55	1	20	0	316	258
0	2	53	62	242	242
2	5	0	11	242	242
1	5	78	13	242	242
2	1	4	5	242	242
0	1	52	6	242	242
5	5	167	155	254	254
91	112	33	62	279	305
86	0	148	4	323	227
1	9	0	2	191	235
618	500	168	125	342	317
12	22	14	32	233	355
29	123	7	62	245	230
16	123	8	62	298	230
60	29	19	8	284	309
84	118	16	20	260	316
47	64	2	0	241	241
0	144	1	2	278	268
70	70	11	15	192	228
43	2	27	1	320	239
3	202	31	64	224	253
71	115	31	38	225	270
2	164	4	66	221	221
1	20	6	24	217	222
367	389	8	3	275	275
22	3	5	4	438	227
14	34	14	23	214	288
290	667	86	97	309	476
376	728	73	121	302	383
17	35	14	19	316	218
0	1478	3	859	222	272
4836	5176	1309	970	290	230
4836	5249	1309	993	290	233
28	25	4	22	248	220
122	26	31	11	297	302
1	130	4	45	208	217
4	223	6	8	345	235
44	44	0	4	308	267
88	238	3	8	265	282
16	19	0	8	238	272
108	386	21	19	236	236
6	2	4	23	250	345
5	1	2	0	292	380
5	30	2	5	292	300
1	30	0	5	380	300
18	259	25	56	210	258
3	12	4	11	231	190
5	12	18	11	255	190
3	139	4	48	231	243
5	139	18	48	255	243
353	2661	193	435	239	293
2296	1137	346	250	1137	239
1522	2977	317	574	248	338
2	4	2	51	248	367
0	418	2	137	267	204
137	69	92	50	480	255
116	69	80	50	454	255
12	95	9	54	194	214
58	30	9	6	254	195
24	91	4	10	299	254
386	364	112	86	242	224
266	381	129	252	227	341
1	22	0	5	268	270
1	36	0	10	268	377
1	38	0	8	208	270
22	36	5	10	270	377
30	11	16	9	234	339
347	480	219	342	273	289
7	55	2	14	209	231
91	48	25	16	227	257
404	14428	113	2697	243	352
7398	6324	1297	1144	254	260
5830	6270	908	1017	251	254
4379	6763	1185	1103	258	251
2616	6960	645	1165	225	258
7367	7398	8318	7799	259	268
9760	7398	11300	7800	326	268
2322	3712	4880	4560	257	239
43	18	56	53	349	272
31	15	77	73	203	200
12	4	30	89	214	203
42	152	8	53	282	381
0	2	5	191	261	214
0	2	2	191	247	214
1693	807	3387	5488	233	248
2044	1530	5527	4164	278	233
4350	2302	6878	5937	302	278
7	242	11	1530	274	257
36	242	44	1530	185	257
10	19	1	3	194	218
1047	5570	35	140	174	263
7007	5221	175	137	263	278
2	33	516	4625	293	1127
591	425	134	127	297	332
352	4	311	0	276	226
180	4	150	0	299	226
5022	8546	1898	2881	349	502
0	1	2	40	240	252
4	8	4	80	240	252
1	0	0	1	298	186
2	4	2	2	452	319
1094	8233	6	33	326	332
2	93	0	73	248	179
56	58	34	34	215	217
50	119	27	42	217	220
80	66	56	32	220	207
6	9	8	9	278	285
0	128	1	56	250	175
0	72	1	16	250	175
0	71	4	15	250	175
2	485	1	155	175	270
81	258	26	87	194	246
450	27	255	41	246	199
165	418	131	337	239	258
1	7	0	4	166	257
918	953	156	206	292	320
17	70	41	25	275	208
40	38	19	11	257	245
330	1188	162	238	310	326
150	72	50	20	332	252
70	79	25	35	266	272
89	82	39	33	381	280
80	86	441	68	230	277
81	480	446	725	230	277
701	2	1439	16	277	220
272	93	742	306	277	211
5	4	2	0	217	264
0	12	2	26	251	216
0	29	2	45	251	306
946	3367	3025	5170	238	322
22	112	5	12	226	294
6	1	0	2	335	283
1	106	64	84	201	223
24	123	64	58	223	226
85	86	23	52	233	267
72	6	35	3	414	194
2	2	33	2	276	230
14	185	1	47	298	1099
150	23	81	19	1004	285
8	0	1	2	272	366
135	0	59	2	236	194
2	193	2	130	195	209
298	1001	75	179	246	319
2	9	0	4	182	254
0	79	56	34	347	253
19	14	12	3	464	272
11	1166	0	3826	222	324
1253	1195	1096	3833	222	348
1253	1366	1096	3899	222	324
772	7599	1027	3814	348	309
4207	7599	3374	3814	324	309
1234	7046	3086	2375	309	244
4520	5722	2394	2773	244	254
313	435	78	65	222	258
24	435	0	65	196	258
34	35	49	33	270	253
51	68	26	36	253	316
39	38	14	11	212	233
922	693	235	155	251	265
49	17	5	0	242	200
20	17	3	3	317	326
2	4	3	0	290	225
2	4	3	3	290	225
4	31	19	13	237	191
9	16	25	19	391	284
253	56	133	66	567	283
305	56	163	66	659	283
2037	1891	1205	817	298	243
27	189	4	48	245	260
204	137	61	57	260	238
45	72	0	6	378	365
326	69	70	18	293	198
1980	201	499	58	1279	253
1	4	15	182	344	388
9	2	2	7	364	330
9	0	2	4	364	329
2728	6008	148	382	233	288
3446	7906	197	504	239	362
7	3	0	1	247	222
9	33	10	22	283	299
130	107	22	15	286	291
185	38	65	65	257	293
185	35	151	80	306	219
60	45	62	78	219	293
3	58	1	8	231	247
4	1	2	0	256	330
5	2	3	3	186	199
259	641	70	121	213	309
586	634	146	172	309	290
11	3	7	7	292	395
2	8	0	1	193	555
97	152	14	54	246	329
100	87	48	25	419	297
4	91	2	46	297	419
48	3616	36	1162	232	1495
7	171	7	51	187	378
17	16	24	4	245	173
44	55	31	19	212	227
652	583	433	394	323	291
625	236	65	23	271	180
5	9	2	2	248	319
3	9	2	2	221	319
15	3	4	0	221	176
42	74	12	20	221	209
66	102	13	18	209	292
1360	4582	43	133	248	392
4415	2558	103	68	392	314
65	23	41	47	237	236
14	72	13	53	270	235
47	119	39	22	235	221
43	79	21	23	221	239
6	5	1	0	317	266
6	0	1	2	317	266
68	63	118	141	235	239
220	210	46	54	219	247
0	11	196	396	266	289
913	342	492	104	515	290
913	429	492	122	515	302
890	775	482	167	515	296
9	2	9	24	323	233
10	5	18	47	236	329
66	63	315	124	287	225
80	75	210	209	225	226
0	49	2	13	244	220
204	0	249	89	264	205
77	9	81	242	194	300
77	1	80	90	194	205
472	1313	4	5	225	353
25	93	11	45	215	313
4	13	4	13	225	257
2144	1858	776	982	248	256
2	2	0	4	234	280
0	8	18	56	227	337
2087	590	88	10	1095	348
4	17	4	5	239	208
55	56	17	21	260	290
441	1833	348	494	228	245
4	0	2	3	259	233
1	3	0	14	238	225
1	3	19	12	238	225
0	11	3	40	229	238
1	0	3	2	229	244
1	0	3	4	229	331
36	0	18	24	246	320
2	12	73	49	246	246
21	18	1	2	203	244
80	133	13	24	203	278
28	4	21	48	232	228
0	2	2	12	253	180
100	16	0	1	302	235
34	69	23	27	266	272
50	194	19	97	411	610
482	372	138	78	250	290
484	46	150	13	353	250
483	361	150	86	353	250
183	656	55	181	207	341
103	150	30	52	241	294
101	34	28	8	241	294
101	156	28	46	241	223
34	156	8	46	294	223
6	78	2	22	223	202
62	73	17	19	223	202
105	223	39	73	202	257
2	248	0	39	181	395
71	56	20	12	244	229
31559	18172	2075	1285	335	255
31559	17500	2075	1208	335	326
44	307	80	91	291	278
437	246	64	41	326	254
166	512	39	70	254	302
296	180	84	18	382	235
296	275	84	39	382	279
224	288	33	42	279	289
412	57	67	82	230	290
726	650	100	92	292	265
1297	1453	85	103	310	376
463	1496	46	41	238	298
774	1496	26	41	247	298
774	463	26	46	247	238
1221	1036	55	93	247	238
119	35	152	38	372	233
69	35	40	38	316	233
127	165	258	286	443	345
158	159	5	2	243	277
63	138	0	6	249	321
30	249	1	2	270	277
142	14	95	12	380	172
7911	4685	4319	5286	410	425
37	0	51	46	241	244
8975	2621	232	62	269	537
8975	10677	232	513	269	290
7356	11068	161	282	364	269
20162	11068	629	282	375	269
11	144	0	4	228	311
4	5057	1	1078	210	3187
37	24	3	10	210	243
0	1	8	7	236	270
20	6	21	24	344	332
21	0	16	9	284	344
14	10	21	27	324	383
16	19	14	10	201	206
29	6	6	14	272	352
31	2	6	0	272	419
2	0	0	1	346	252
0	4	4	1	187	404
1	0	0	3	187	346
1	0	0	3	187	346
1	0	5	4	187	346
1	0	1	3	187	346
15	0	13	3	330	346
15	0	13	3	299	346
0	2	4	1	187	346
0	2	1	0	187	346
15	2	12	0	299	346
15	1	13	1	330	187
15	1	13	1	299	187
15	0	12	1	299	187
15	0	13	1	299	187
15	0	12	1	330	187
44	214	4	23	410	2144
15	1165	4	427	248	344
6	79	0	11	164	224
53	161	18	37	230	386
2	77	4	49	172	250
16	4	21	21	256	215
325	261	203	68	343	343
81	90	23	21	219	247
241	72	114	46	278	224
9	9	0	4	219	273
1	4	0	1	249	401
7	4	0	1	563	401
4	7	2	3	355	356
135	158	40	45	313	400
135	30	40	13	313	250
158	30	45	13	400	250
272	302	48	56	247	237
1408	61	2	0	266	227
8	6	28	12	401	278
143	501	78	185	260	271
0	89	2	126	247	310
592	670	20070	6615	1008	2157
1	35	1	3	208	242
12	9	1	0	268	264
59	9	4	0	315	264
25	9	3	0	273	264
47	14	3	0	315	285
2	12	0	1	290	268
59	12	4	1	315	268
25	12	3	1	273	268
59	2	4	0	315	290
25	2	3	0	273	290
25	59	3	4	273	315
16	46	1	3	273	315
141	236	42	50	233	251
100	158	17	55	255	233
27	90	18	8	222	227
0	97	25	18	230	222
135	42	81	39	300	221
21	59	4	5	188	245
13	40	50	74	276	337
41	33	85	139	172	197
143	31	176	136	370	197
77	23	121	79	179	172
46	82	122	135	203	370
44	28	126	72	203	179
55	29	65	71	203	179
2	133	11	63	223	254
30	8	20	41	224	236
455	16880	4340	8873	299	310
57	85	23	52	218	251
0	10	19	35	291	324
8	59	0	5	224	312
13	119	0	3	224	383
13	93	0	3	224	312
8	85	0	5	224	383
2	119	0	3	238	383
2	93	0	3	238	312
119	46	3	4	383	414
76	50	3	5	383	345
76	47	3	6	383	359
121	46	3	2	383	414
93	46	3	4	312	414
65	11	3	1	312	268
56	19	2	0	312	268
70	39	3	2	312	268
40	66	3	3	414	345
2	61	0	3	202	345
2	58	0	4	202	359
2	27	0	1	202	313
2	61	0	3	199	345
2	58	0	4	199	359
2	27	0	1	199	313
3	1	7	20	356	339
0	1	10	0	161	267
8	76	26	28	260	307
2	1	3	0	203	227
559	263	89	51	353	256
239	9	183	14	227	284
1	19	2	8	271	252
1	13	0	9	197	271
228	452	73	102	274	238
32	448	4	100	274	238
69	450	52	100	244	238
49	450	15	100	274	238
3914	450	1444	100	1408	238
27	7	14	4	216	171
6	0	58	74	226	226
18	44	18	53	221	246
122	93	44	71	319	323
32	32	29	42	230	248
17	0	13	6	188	223
2	3	0	2	280	262
959	12	193	104	251	233
12	189	0	73	274	222
171	92	63	41	275	226
1	92	0	41	206	226
254	244	493	492	256	227
0	2	84	96	254	244
0	10	84	89	254	255
0	10	84	84	254	258
44	49	14	17	326	301
52	77	12	27	284	305
74	39	48	27	272	304
134	241	162	303	217	257
20	126	25	59	253	289
429	667	115	196	243	294
103	182	66	73	321	263
25	0	80	3	360	202
3	7	3	2	212	188
5	2	3	4	246	325
382	465	294	810	205	384
373	121	293	414	205	384
429	852	372	440	319	338
0	2	12	16	344	253
40	157	45	94	310	336
0	4	16	54	324	402
8382	19334	1133	1011	285	288
25	38	4	54	258	266
92	98	78	60	248	251
7	25	44	121	269	293
0	4	19	10	353	272
0	1	33	7	272	226
12	0	24	1	263	257
181	80	409	254	271	245
84	142	1674	2874	377	274
0	92	750	932	189	241
116	346	69	163	286	358
98	593	119	834	176	311
751	544	367	240	290	239
3	8	181	83	313	287
17	6	8	10	300	222
948	455	331	212	284	233
0	44	1	21	265	420
177	15	76	5	250	194
65	1106	50	384	198	271
2	188	12	37	249	272
19	1	4	0	342	371
22	1	8	0	273	371
12	70	13	41	253	208
805	821	1000	608	299	251
258	820	142	607	299	251
64	1058	58	756	201	299
1314	269	194	123	285	235
292	450	52	130	235	248
231	347	67	76	236	234
247	347	68	76	241	234
64	29	9	8	229	239
25	0	29	5	398	239
66	0	54	5	1740	239
43	3	30	24	254	398
52	3	42	41	299	398
0	8	4	57	564	240
2	9	61	18	281	250
0	13	1	38	156	291
3	2	2	0	287	348
121	155	33	41	309	281
1400	452	177	63	338	200
20	71	17	60	227	305
102	136	20	30	244	260
27	0	15	8	1448	326
17	12	50	16	232	239
5	0	63	66	260	210
2	2	3	3	313	218
72	157	62	144	199	242
1	0	4	1	186	172
357	4	99	4	289	177
1	19	1	7	195	278
4	22	0	10	249	278
4	22	1	10	254	278
53	65	7	40	295	213
45	8	8	4	247	240
96	8	16	4	295	240
29	8	12	4	286	240
29	45	12	8	286	247
29	96	12	16	286	295
201	481	97	155	278	341
180	346	52	85	365	326
357	346	150	85	341	326
14	0	3	1	283	384
4	0	3	4	356	339
14	0	3	3	283	232
4	0	3	4	356	232
14	0	3	5	283	329
14	0	3	5	283	223
4	0	3	2	356	223
97989	339575	1144	27120	282	282
1025784	339575	26828	27120	282	282
1972396	339575	49845	27120	361	282
1972387	462224	49845	20753	361	247
83813	699408	1248	29670	282	279
977148	698681	23849	29652	282	279
240080	1592001	18791	50056	247	364
72445	823663	1153	25190	279	282
564179	823667	29371	25190	279	282
1342314	654569	34713	20915	288	373
1342314	473297	34713	23416	288	282
654569	473297	20915	23416	373	282
0	20	12	22	221	221
0	20	2	18	221	221
102	126	12	29	270	282
30605	26345	5995	9262	238	337
64	472	116	96	240	230
64	492	116	105	240	236
2	7	5	2	533	267
29	47	15	15	213	244
4	11	30	48	436	251
29	1279	331	304	336	272
838	205	294	270	319	319
2	0	24	15	262	224
0	2	25	43	224	296
106	4	77	5	236	318
14	287	0	2	323	535
14	287	0	2	323	535
7	29	17	22	249	288
3119	7781	476	2756	182	319
11953	859	2082	1199	319	254
1390	10720	1809	1894	278	266
219	133	63	32	332	243
38	141	79	147	236	308
170	177	45	66	272	272
9	96	2	85	185	244
4	2	5	11	250	259
2	0	9	2	324	227
132	441	121	234	224	283
9	15	4	2	236	242
704	1	380	0	283	194
381	137	201	51	246	310
42	88	7	23	200	282
26	3	78	19	198	228
8	147	18	327	198	254
8	3	49	30	222	228
8	32	49	50	222	285
8	11	49	22	222	300
3	32	30	50	228	285
3	11	30	22	228	300
310	106	134	150	223	251
160	110	95	111	220	223
3	109	1	111	220	223
28	263	23	153	197	220
16	227	61	81	215	197
119	107	44	27	300	233
177	1180	34	141	303	260
236	1793	38	259	303	343
9	0	3	1	295	180
129	1	47	0	234	218
199	130	76	26	339	266
3	0	0	2	207	196
3	2	0	2	207	324
0	2	2	2	196	324
33	30	18	8	256	230
26	42	8	18	230	238
43	76	88	68	342	278
11	138	5	66	228	350
27	21	15	0	321	183
7	199	4	60	268	252
0	30	4	18	226	268
426	334	144	107	230	247
282	9	197	9	327	230
105	494	144	202	321	327
4	5	2	1	229	287
2981	1700	472	347	297	249
2170	4	339	0	249	222
2	56	0	15	229	155
112	110	19	20	274	240
181	183	45	31	284	281
124	113	27	26	281	248
38	44	21	14	290	221
57	109	23	40	257	305
85	79	18	26	305	250
7	79	4	26	274	250
82	117	31	41	250	291
182	88	27	30	287	275
61	6	6	0	270	247
2958	475	593	134	916	358
3	3	2	0	205	269
142	263	33	45	235	310
85	95	21	42	235	285
408	1305	440	390	339	306
5	0	2	2	271	230
0	11	1	4	320	384
40	479	6	80	252	406
578	477	275	215	269	215
1	695	74	1610	240	748
139	107	56	41	299	253
0	1	2	3	271	450
3	2	4	1	278	262
3	4	4	3	278	351
0	2	2	2	463	351
90	159	17	40	227	237
0	2	448	358	221	249
2	3	16	1	280	277
7	147	0	80	203	255
13	41	14	43	310	325
159	281	37	42	236	240
5515	1369	240	174	331	284
157	3	72	6	217	228
155	78	89	57	242	217
163	177	124	113	252	242
76	156	74	127	244	256
172	234	81	161	230	273
51	275	54	95	215	230
0	2	4	9	263	290
34	26	7	7	215	219
17	219	4	86	239	663
2	8	0	9	300	273
9	0	6	6	267	273
58	35	34	35	339	363
5	3	34	5	473	298
7	7	3	4	319	279
7	0	3	1	319	388
7	0	4	1	279	388
1	4	50	48	329	374
5	2	26	3	225	225
18	1	4	0	302	245
7	32	2	10	272	201
6	1	3	0	272	366
6	1	3	0	272	233
10	2	7	0	237	294
10	2	7	0	237	289
16	55	8	27	182	316
2	4	2	2	260	263
0	6	3	10	225	238
64	1717	11	1662	346	481
79	101	4	961	346	481
18	100	1	959	346	481
607	12413	1689	1992	481	408
606	8578	1687	1177	481	313
6138	8517	1525	1176	408	313
170	181	79	65	282	276
91	57	34	24	219	182
146	22	45	69	259	440
2	0	49	28	260	239
78	358	12	39	362	479
9	4	66	113	269	345
23	163	29	149	177	257
2409	3734	1270	3656	211	278
573	269	292	347	308	384
1186	406	495	230	412	308
108	25	1680	1672	308	302
1	0	1575	959	302	257
2077	3283	768	1236	267	323
2543	1715	1215	633	323	223
3166	6884	113	238	251	353
15081	6157	458	191	412	274
37	2	13	0	282	322
37	4	13	0	282	387
143	5	15	3	313	218
4	0	8	49	240	240
661	134	397	588	242	290
0	1	1	2	289	323
58	81	32	46	317	330
731	1283	258	410	301	248
288	1282	84	406	296	248
57	10	167	15	254	340
57	159	167	222	254	232
15	30	1	0	297	294
12	19	3	4	240	226
7	2027	19	5709	171	274
980	1230	1788	2452	249	274
1227	2891	2449	3147	238	255
2	18	37	55	608	428
89	51	12	14	236	223
89	102	36	31	275	298
373	1100	66	157	221	296
0	2	8	11	196	299
2	3	8	5	216	196
2	3	7	9	182	196
2	2	7	10	182	216
11	86	36	114	257	290
3	9	7	2	206	194
1	0	22	6	337	278
22	16	49	54	236	275
43	38	70	87	321	329
20	46	79	77	235	321
9	6	9	6	302	164
13	6	10	6	332	164
121	38	56	18	263	326
0	164	2056	8197	259	218
95	4	10726	6880	218	338
95	29	10748	21123	218	338
402	142	27566	8793	338	206
384	453	20407	21630	281	306
570	1176	153	383	263	362
570	443	153	140	263	399
0	7	26	76	298	378
0	6	15	11	301	256
1	7	13	18	296	261
0	2	42	0	364	237
12	2	73	0	338	237
12	2	43	0	396	237
2	12	24	43	248	338
3	10	5	30	253	302
0	4	28	715	257	251
418	512	63	39	258	257
969	1050	254	106	377	315
1974	1371	199	206	299	377
33	2	15	0	236	272
539	225	98	55	360	259
122	528	66	122	333	360
2636	3395	450	733	215	338
2636	1377	450	467	215	272
8521	5083	1213	1184	338	317
269	5083	16	1184	272	317
7	11	2	2	268	531
289	5273	1455	2354	221	280
24478	967	2761	3076	303	281
16696	969	3012	3077	271	281
24476	128	2765	5470	303	362
16698	127	3011	5471	271	362
28	45	7	9	229	242
27	32	5	14	242	267
405	183	72	28	295	239
50	297	10	38	330	297
705	297	134	38	592	297
40	90	89	182	233	318
199	215	151	212	263	349
256	357	245	296	349	353
0	4	3	4	271	233
5	0	16	1	390	271
107	1430	34	249	227	727
244	158	116	71	342	315
457	185	161	60	293	212
35	32	30	20	249	228
0	1	1	2	203	294
54	5	43	13	271	281
229	205	330	476	276	383
0	43	4	44	265	205
0	43	2	44	247	205
4	25	48	58	286	264
4	241	7	142	212	207
4	23	0	2	439	306
1034	693	84	72	392	297
35	237	202	127	225	212
429	8	463	5	225	225
2	27	3	3	241	229
2	24	1	7	207	252
32	37	34	7	275	226
43	0	0	1	295	343
168	3	7	0	278	206
472	377	119	144	392	347
0	1	445	673	283	328
1	9	258	523	242	283
143	103	48	43	315	300
2	0	8	8	264	303
8	0	6	7	220	254
3284	1975	2162	1669	287	281
1	0	3	3	281	374
1	0	13	24	230	251
2	10	0	14	203	223
11	117	5	226	474	309
5	9	21	16	222	188
12	52	19	18	257	229
174	150	33	39	327	309
52	236	19	47	216	326
32547	28592	1027	948	289	278
27108	33618	1496	1026	357	289
12538	33623	477	1027	357	289
32675	39716	1364	1434	362	357
45003	47686	1581	1329	362	323
64290	48979	1938	1525	397	362
31	2	64	50	371	260
51	68	10	18	264	293
38	86	28	35	238	276
58	18	3	1	257	323
2	0	7	20	375	312
0	58	6	18	197	241
0	4	5	26	184	422
2	0	20	2	422	196
6	4	0	1	236	360
0	26	9	22	406	337
0	26	2	22	277	337
273	288	278	339	312	296
5	20	3	23	203	263
73	533	17	93	300	336
23	224	8	63	287	279
57	107	42	14	235	236
36	12	29	2	235	236
119	36	30	18	295	255
633	286	204	87	314	263
230	70	238	1412	177	337
398	70	711	1412	244	337
297	222	10	26	228	289
49	6	21	2	202	273
0	2	1	1	220	217
124	156	126	73	289	247
20	156	4	72	289	247
132	140	113	98	289	255
132	159	113	109	289	289
124	159	154	109	270	289
124	12	153	9	270	289
126	11	152	15	270	289
188	9	82	16	276	289
124	115	151	128	270	289
5	24	3	10	553	1469
196	125	45	36	221	241
5	0	10	2	247	321
1	0	5	2	260	321
4	0	5	2	240	321
0	195	2	64	221	321
13	195	11	64	280	321
6	259	8	70	280	271
413	769	81	117	225	252
15	88	10	21	183	215
0	4	2	1	281	269
80	93	28	23	236	245
294	498	25	60	203	228
1360	233	111	42	320	185
341	883	29	130	185	264
5	0	5	2	222	272
2	0	3	1	222	272
1	3703	188	870	197	267
1369	2339	596	477	267	245
2105	2721	471	609	225	250
2921	2721	643	609	245	250
148	84	33	29	314	282
29	49	44	20	285	237
185	0	131	3	187	210
35	0	20	5	308	332
35	0	20	2	308	267
35	0	20	46	308	235
327	81	216	114	227	269
315	479	59	80	331	406
1	5	2	2	239	354
64	21	50	2	210	157
0	2	189	117	406	228
226	22	107	9	269	261
34	85	11	20	242	402
54	61	24	30	402	377
17	26	49	40	319	259
26	10	132	72	282	235
169	0	88	68	296	268
1536	3224	6085	4614	317	1616
1536	96	6085	99	317	266
15	3	16	18	272	259
3	55	5	53	244	403
3	31	5	31	244	301
583	238	117	67	298	218
103	238	14	67	294	218
4	331	32	73	303	251
271	355	646	319	419	321
191	274	233	209	314	232
173	536	168	333	232	319
146	94	14	25	220	230
22	9	0	7	221	218
642	246	55	20	305	229
8	670	9	106	210	297
499	379	111	73	297	233
32	22	174	107	294	271
5	27	178	161	361	274
19	7	18	0	353	201
0	14	2	0	243	285
16	1	4	3	182	197
41	12	37	14	323	236
42	12	87	14	326	236
85	534	62	122	211	268
272	99	227	49	413	230
2	0	1	9	233	331
2	0	1	2	233	223
19	9	10	7	292	338
24	9	22	13	292	338
22	7	22	0	338	185
28	215	13	56	184	250
25	56	12	23	184	185
182	58	30	25	250	185
30	36	17	8	250	185
8	22	4	5	185	201
36	22	11	5	185	201
2	0	1	1	209	389
63	130	82	35	283	314
292	7	63	0	1304	204
8	61	5	4	251	225
35	19	2	3	258	290
23	244	4	8	199	485
58	103	13	19	233	236
29	1	15	6	280	242
1	3	2	6	251	242
2678	2508	570	380	388	314
1751	1744	288	627	280	388
369	1715	264	245	284	280
124	1838	39	291	293	284
189	1846	63	292	293	284
524	1920	203	297	293	284
350	113	297	7	293	292
415	119	321	7	293	292
72	119	0	7	242	292
750	120	461	11	293	292
18	120	1	11	197	292
72	415	0	321	242	293
18	750	1	461	197	293
75	189	0	67	242	293
19	524	0	207	197	293
171	54	34	5	197	242
0	3	3	7	261	304
387	172	50	17	211	236
98	105	45	35	216	232
493	261	113	107	299	311
59	188	9	62	306	314
2	5	15	9	347	260
174	218	122	139	268	311
63	18	73	12	236	268
64	128	80	119	236	268
51	184	14	126	233	322
0	472	4	321	323	288
32	509	0	33	249	203
762	711	63	90	220	220
38	31	8	8	248	236
14	63	2	8	177	248
58	31	14	3	258	177
99	0	25	2	258	417
35	6	21	5	311	243
28	241	13	96	253	282
533	4	1418	1	152	167
15	20	14	18	223	233
272	211	98	42	377	261
87	180	32	29	212	232
167	66	54	12	305	218
6	3	1	0	215	251
36	0	15	1	233	251
2	0	2	3	224	278
0	11	10	13	866	311
0	13	10	64	866	518
64	62	110	104	277	258
2	11	3	0	214	274
6	0	39	35	347	336
264	228	179	191	254	293
6	1	3	0	268	330
0	10	27	58	315	361
2	25	58	75	361	344
0	24	4	22	290	238
8	65	4	7	193	199
109	2451	31	561	278	1505
11	0	12	5	264	325
17	348	3	79	295	309
167	4	27	0	280	284
77	4	15	0	295	284
2	760	87	361	208	297
74	132	12	22	366	229
78	162	106	53	278	278
117	399	26	133	253	395
2214	4347	336	919	250	356
960	2078	282	396	287	249
224	288	6235	3513	272	278
12	0	269	12	294	294
511	993	217	267	196	208
1196	873	459	273	219	196
192	481	90	428	301	677
190	133	85	178	301	378
105	357	24	98	206	320
7329	3021	9988	4428	318	234
21	20	0	3	299	289
11	84	3	5	236	268
5	2	2	0	209	255
168	140	84	41	293	280
170	25	82	4	293	280
117	189	28	75	280	336
7503	4377	1484	946	296	248
4226	12801	805	2360	248	392
12406	6528	2410	1379	392	314
8202	2487	1801	629	334	214
18	84	26	61	234	335
31	36	26	25	335	249
81	65	77	37	335	238
429	0	568	10	2498	308
35	23	6	12	254	296
3	30	0	10	288	282
2	0	264	1	301	289
304	710	50	110	333	657
663	589	58	47	306	288
327	350	32	42	275	290
24	11	5	1	278	188
176	338	68	65	261	258
14	90	6	28	188	218
80	34	55	38	265	232
80	20	55	17	265	198
81	93	57	79	265	336
81	5	57	4	265	232
81	4	57	12	265	184
84	4	75	7	265	232
84	1	75	3	265	198
84	15	75	49	265	251
5	93	4	79	232	336
5	4	4	12	232	184
4	15	7	49	232	251
27	16	27	49	232	251
1	15	3	49	198	251
9	7	2	4	241	241
12	10	7	6	229	253
303	497	99	205	284	333
450	1	460	4	252	247
816	1	691	6	586	271
299	0	169	6	206	187
299	1	169	12	206	271
690	0	680	6	181	187
690	1	680	12	181	271
690	1	680	3	181	247
89	68	29	25	330	285
238	98	63	60	257	227
42	80	73	85	301	272
17	167	0	76	212	174
456	348	175	124	239	212
579	466	248	153	248	239
202	364	69	160	219	210
3782	3321	4248	4406	322	290
1829	3321	1229	4406	345	290
10	125	12	39	213	277
11	15	7	9	304	271
298	146	191	159	251	257
64	16	55	9	514	284
16	0	9	1	352	269
4	247	4	69	352	225
16	0	10	1	348	265
4	289	4	109	348	232
149	987	36	156	206	290
928	775	184	155	290	293
54	104	27	45	233	256
56	1	34	0	260	319
664	597	236	265	269	236
286	795	116	308	203	269
13	43	24	16	336	373
13	69	24	7	336	207
13	37	24	3	336	310
43	37	16	3	373	310
69	37	7	3	207	310
122	85	54	37	332	229
2	2	2	0	280	241
206	320	37	59	288	360
2	0	74	243	227	341
14	209	49	160	266	380
81	145	23	13	309	319
89	137	31	37	305	289
8	19	0	4	325	264
0	2	3	11	215	240
52	130	19	29	222	239
52	49	19	13	222	235
257	173	53	21	343	250
102	247	63	114	215	252
1389	2	188	0	216	180
20	914	5	1789	274	271
89	914	41	1789	378	271
114	77	19	13	285	206
47	125	46	103	221	334
16	1	15	3	209	228
9	190	7	187	209	334
113	53	23	7	317	202
218	21	60	9	758	244
0	23	20	6	319	236
8	2	20	19	294	305
9	149	4	43	343	216
0	4	1	0	279	224
1	4	7	0	282	224
0	2	1	0	282	224
8	21	20	18	275	312
9	16	39	31	331	295
4	46	8	18	223	225
44	24	14	23	225	247
43	4	14	3	225	247
60	39	24	11	247	239
65	57	19	32	233	3094
65	80	18	16	233	288
65	2	18	0	233	238
290	130	197	86	439	262
6	174	21	75	280	321
6	44	23	2	280	321
1	33	2	84	265	365
1	45	2	146	265	354
18	174	30	75	365	321
26	1561	4977	5323	296	335
96	33	111	85	248	250
88	5	105	16	248	250
787	22	26081	22038	272	266
64	874	19334	21894	239	253
0	6	309	133	361	251
21	62	10	18	224	255
407	228	84	64	255	255
9	5	4	0	284	227
2	0	9	2	495	242
3	95	5	28	220	191
1	33	0	22	218	280
20	52	26	19	350	276
1141	1568	448	804	254	293
35	135	23	30	174	215
9	7	16	4	325	316
331	377	199	199	223	230
84	47	82	66	336	250
369	253	1	1	226	218
180	113	2	1	226	218
1146	756	1304	1274	223	208
3217	1229	4131	2104	365	269
21	2382	1852	3189	269	276
16	2382	33	3189	265	276
17	29	15	10	206	221
135	317	49	110	223	293
6	1	28	1	293	287
235	43	88	36	320	207
54	63	27	15	214	216
49	50	37	45	257	226
35	146	15	47	187	328
54	204	17	71	431	179
47	93	31	39	303	263
112	70	6	4	257	199
56	62	8	5	239	257
47	33	22	8	359	239
