IJC_SAMPLE_1	SJC_SAMPLE_1	IJC_SAMPLE_2	SJC_SAMPLE_2	IncFormLen	SkipFormLen
68	5	40	0	182	149
5	24	7	70	180	149
4	194	36	868	274	149
4	4	36	8	274	149
4	5	13	18	354	149
15	6	251	0	273	149
10	8	22	31	280	149
16	1419	6	981	254	149
10	0	0	9	982	149
33	1930	37	2411	1041	149
9	0	38	3	665	149
4	0	0	32	161	149
36	9	124	43	166	149
21	3	61	0	158	149
3	3	47	0	201	149
3	21	47	61	192	149
20	27	80	23	296	149
26	2	117	7	208	149
558	0	1105	11	1232	149
534	0	995	11	1173	149
42	192	29	168	204	149
22	6	68	0	171	149
68	178	69	279	267	149
11	5	117	24	155	149
2	25	66	88	200	149
10	103	2	337	153	149
0	58	7	25	177	149
0	20	8	96	316	149
0	11	2	39	196	149
11	77	0	18	164	149
548	26	2958	40	2962	149
177	5	349	14	204	149
9	57	90	64	154	149
22	4	12	18	154	149
7	13	0	12	240	149
2	13	49	8	153	149
123	79	39	22	208	149
16	36	4	58	159	149
43	0	58	13	208	149
4	47	0	35	165	149
68	3	340	0	227	149
0	4	30	0	327	149
10	13	0	49	210	149
21027	2	28797	0	168	149
6	53	36	65	431	149
0	13	19	38	169	149
40	6	343	448	365	149
0	23	27	358	328	149
0	4	31	134	328	149
15	15	900	117	243	149
37	7	47	12	228	149
1	3	70	0	373	149
29	10	45	11	201	149
16	0	5	52	229	149
36	8	22	0	290	149
27	7	93	36	164	149
72	373	18	439	158	149
41374	478	60342	659	159	149
156	478	196	659	327	149
156	41374	196	60342	317	149
40185	0	57341	9	524	149
0	17	1	16	153	149
321	44545	417	51538	173	149
88	4	113	0	551	149
33505	4	31340	0	384	149
22	312	29	489	284	149
33	270	0	578	266	149
16	0	48	17	204	149
32	24	28	4	161	149
2916	24	3237	4	1563	149
2904	20	3225	16	1551	149
0	260	13	3400	190	149
56	3	926	14	2099	149
121	34	169	82	1152	149
18	988	149	4166	232	149
8	76	2	489	233	149
122	0	254	3	234	149
38	0	145	96	164	149
66	195	123	107	191	149
752	131992	50	17182	183	149
187	14	224	55	284	149
1	41	18	179	583	149
171	49	77	14	155	149
11	271	90	445	329	149
7	79	0	161	431	149
78	8	287	24	164	149
0	5	58	18	911	149
0	440	58	893	911	149
20	195	28	392	237	149
13	2075	0	6	159	149
2	2105	8	1919	805	149
179	27	186	23	824	149
2282	27	2097	23	168	149
18	18	22	41	202	149
4	99	0	169	196	149
24768	530	33306	510	200	149
563	11	1939	11	153	149
9	19	35	8	159	149
3	0	66	14	511	149
1630	92	3749	95	159	149
2	0	8	15	578	149
12	741	24	541	175	149
10	57	0	177	204	149
2	147	0	229	183	149
25	101	236	424	156	149
1539	177	4628	601	156	149
66	100	0	157	207	149
0	19	10	28	321	149
915	8	1235	12	370	149
3	2	133	238	267	149
10	2	107	97	267	149
9	4	231	426	157	149
10	18	78	8	396	149
52	3	49	0	324	149
127	26	229	50	165	149
151	49	161	57	153	149
12	6	45	6	153	149
15	0	193	40	151	149
31	4087	47	3416	169	149
0	25	2	22	158	149
0	21	66	17	182	149
1902	25	1307	6	755	149
9	139	0	96	167	149
1	14	8	4	254	149
31	2	137	0	224	149
87	74	128	208	264	149
77	5	29	0	225	149
534	5	392	0	300	149
194	2	182	0	165	149
0	2	10	0	1635	149
3	0	272	5	333	149
70	0	82	12	342	149
1	71	14	103	287	149
3	32	31	419	254	149
60	44	36	76	399	149
41	7	14	165	165	149
3	8	130	35	215	149
1027	25	1673	26	170	149
468	1	720	5	754	149
0	137	7	159	446	149
12	84	6	237	158	149
631	4	733	0	259	149
17	15	155	35	175	149
1	0	45	9	308	149
115	7	267	15	710	149
1460	74	32	0	190	149
334	0	983	30	413	149
15	52	40	231	231	149
91	4	123	20	224	149
26	43	144	71	164	149
234	11	111	0	461	149
18	0	20	4	363	149
0	27	18	154	153	149
11	8	0	4	161	149
0	388	12	265	277	149
0	149	28	308	153	149
1730	41	1681	33	151	149
6	1	3	0	271	149
951	17	1211	53	1504	149
6	157	40	139	357	149
10	228	0	442	151	149
3	220	3	571	170	149
396	15	142	4	307	149
137	75	240	145	319	149
91	54	23	16	169	149
421	240	123	71	491	149
4	7	0	73	343	149
11	0	36	5	170	149
7	0	0	4	199	149
6	0	32	14	339	149
0	20	1	71	187	149
2	8	1	20	173	149
23	201	175	1749	516	149
33	134	36	618	338	149
42	683	176	3148	171	149
5	12	10	28	173	149
0	204	24	1171	156	149
291	0	1603	6	580	149
95	8	0	9	179	149
0	47	36	256	228	149
0	21	25	192	292	149
44	19	24	24	619	149
26	19	49	46	154	149
36	4	49	0	158	149
29	4	46	0	153	149
11	60	52	26	633	149
69	35	119	31	319	149
35	0	139	17	701	149
10	739	33	1641	177	149
4	203	7	292	220	149
12	2	22	16	566	149
21	9	22	0	159	149
17	266	22	464	247	149
20	266	46	464	442	149
8	5	24	0	344	149
0	31	23	80	203	149
35	4	29	12	203	149
0	24	24	196	474	149
3522	50	1076	6	152	149
0	218	19	977	323	149
3	16	3	52	245	149
0	70	19	140	224	149
496	120	623	80	270	149
462	1	523	12	187	149
9	171	53	441	161	149
333	47	247	0	174	149
99	1452	45	554	209	149
57	12	45	0	280	149
6406	10	6621	14	5323	149
0	3	8	12	166	149
1315	26	1653	46	222	149
0	1	41	0	632	149
0	6	25	25	201	149
0	37	15	252	156	149
42	67	139	116	176	149
13	192	9	210	203	149
14	192	42	210	1032	149
14	13	33	0	978	149
18	13	25	14	155	149
692	0	3194	1	215	149
0	245	63	1735	222	149
29	3	115	0	215	149
12	4	104	9	189	149
89	4	357	9	2474	149
79	2	268	15	2434	149
271	0	794	67	1039	149
1	192	3	472	230	149
3	278	0	168	283	149
6	0	38	1	155	149
148	2752	36	932	162	149
37	2	25	0	162	149
20	0	11	7	226	149
0	2	19	0	273	149
24	762	30	525	210	149
46	140	115	51	431	149
19	11004	0	902	158	149
150	9867	75	3960	250	149
38	6038	34	3183	202	149
49	0	155	4	589	149
105	1449	245	2438	835	149
56	1449	94	2438	395	149
8	1449	0	2438	151	149
86	1406	81	1974	709	149
76	1406	82	1974	665	149
55	1406	60	1974	591	149
1562	2	2239	0	169	149
1	0	22	1	327	149
2	101	55	189	234	149
9	116	36	198	191	149
4	182	0	318	151	149
1	8	87	58	345	149
2214	0	14672	14	165	149
0	2	7	4	159	149
327	6	594	17	963	149
3	12	0	110	185	149
95	6	189	43	483	149
9	218	0	105	153	149
0	21	44	59	323	149
9	203	0	1119	208	149
56	16	129	40	351	149
61	16	125	40	337	149
10	15	4	0	163	149
15	0	78	6	259	149
15	4	78	13	263	149
0	4	6	13	153	149
0	452	3	1001	185	149
8	26	7	83	246	149
2569	24	768	1	930	149
105	1	354	0	646	149
68	18	589	61	1913	149
73	0	623	12	1913	149
34	0	135	67	161	149
3	36	0	83	196	149
20	15	251	50	252	149
6	9	3	174	1011	149
56	2	166	0	769	149
0	30	7	56	199	149
299	1	284	0	284	149
0	51	2	140	336	149
8	146	18	152	181	149
34	0	54	6	299	149
1341	6	273	6	579	149
0	34	4	121	175	149
242	22	92	9	215	149
3	117	22	395	197	149
54	60	127	113	155	149
3	86	15	597	192	149
58	72	359	491	171	149
0	411	41	895	188	149
20	82	4	111	287	149
12	8	82	36	429	149
12	0	161	7	526	149
8	0	115	7	246	149
0	4	14	102	282	149
1	85	85	343	311	149
20	0	167	3	155	149
430	3	458	0	211	149
499	17	510	60	340	149
0	541	12	934	158	149
0	4	2	4	602	149
4	0	4	19	161	149
28	53	38	170	420	149
31	357	13	355	169	149
6	50	9	461	486	149
0	6	4	143	212	149
3	2	6	3	151	149
143	39	126	35	341	149
2	99	0	140	153	149
0	6	14	20	242	149
64	14	332	178	158	149
11	12	3	61	178	149
8	78	0	334	285	149
6	6	45	0	181	149
24	6	107	0	233	149
18	0	79	17	201	149
139	1	424	23	1619	149
15	30	74	140	155	149
61	19	155	10	189	149
14	336	8	208	276	149
525	1	207	0	192	149
32	2	289	105	173	149
5	13	15	0	173	149
738	4	1588	16	243	149
16	0	119	11	983	149
65	62	110	172	297	149
94	2	149	6	155	149
17	3	11	0	287	149
191	16	317	182	503	149
9	4	21	13	164	149
0	1	4	0	417	149
77	385	66	808	161	149
4	95	39	86	215	149
4	117	28	197	215	149
7	17	44	102	195	149
66	596	139	1078	179	149
2	27	6	72	230	149
96	10	237	5	472	149
78	7	266	0	652	149
13	6	50	2	155	149
9	0	17	10	161	149
64	1922	5	38	164	149
269	125	9	1	206	149
1239	1130	32	81	206	149
5	4	37	13	158	149
18	35	41	233	168	149
12	18	0	71	161	149
80	40	82	69	182	149
49	8	39	15	409	149
2	15	0	48	259	149
77	12	18	0	182	149
272	165	358	57	505	149
151	2510	0	10	159	149
0	25	25	162	228	149
0	16	12	279	275	149
3	67	20	393	222	149
0	90	16	215	274	149
76	30	57	16	173	149
20	7	82	40	181	149
194	5	294	0	167	149
796	10	335	0	167	149
133	5	136	0	204	149
84	0	54	16	1044	149
77	348	95	289	1671	149
0	9	12	18	377	149
47	364	71	243	329	149
67	2	58	9	180	149
42	25	83	363	523	149
0	10	6	13	359	149
34	9	71	0	166	149
1	136	4	262	203	149
76	0	136	20	174	149
1	9	77	5	424	149
7	31	0	13	168	149
2	12	121	174	1298	149
21	1194	5	620	197	149
502	2	251	0	1096	149
134	14	369	20	182	149
39	1424	48	760	175	149
12	0	30	25	151	149
127	4	140	4	263	149
272	4	311	4	273	149
147	2	171	0	159	149
12	21	8	62	513	149
45	8	301	95	180	149
0	17	8	23	205	149
3047	139	108	7	197	149
0	29	3	110	158	149
4	91	11	351	156	149
3	51	0	199	167	149
6081	64424	208	1504	305	149
1	0	159	15	170	149
6	3	32	0	156	149
28	394	22	179	272	149
11	8	113	94	278	149
5	8	53	94	280	149
1	13	0	18	2832	149
14	33	22	44	315	149
0	232	12	423	166	149
28	395	26	588	265	149
2	1284	16	5990	161	149
26	3	128	0	193	149
5409	13	346	0	593	149
5	19	4	7	174	149
2	47	9	64	2056	149
28	166	76	184	202	149
17	2	36	2	203	149
425	4	476	12	512	149
213	0	401	4	280	149
135	3	305	50	381	149
176	5	62	0	213	149
14	0	137	20	361	149
170	0	1528	8	171	149
13	12	54	0	185	149
21	43	40	40	1537	149
44	5	284	28	211	149
0	218	7	100	153	149
211	3	634	28	200	149
9	223	37	400	192	149
11	94	38	207	366	149
4	0	109	253	164	149
35	116	35	97	219	149
4	4	4	51	215	149
25	218	21	95	171	149
5	6	54	0	267	149
231	68	26	11	204	149
1786	68	145	11	181	149
3618	364	445	39	347	149
1432	14	183	0	347	149
29	23	31	125	317	149
36	2	54	0	340	149
30	2	148	0	172	149
124	21	110	2	308	149
2568	23	557	0	200	149
80	39	306	52	851	149
85	39	293	52	855	149
5	0	0	13	153	149
1476	10	1190	27	182	149
74	8	146	40	176	149
45	379	94	703	153	149
106	234	180	187	170	149
87	2	111	0	170	149
9	2	7	4	345	149
7	2	22	24	194	149
4	2	10	24	258	149
0	3	8	20	213	149
0	300	15	1014	153	149
6	17	28	40	158	149
2	61	0	74	252	149
159	24	333	0	198	149
125	0	313	9	307	149
237	0	299	2	331	149
4	20	14	46	305	149
36	7	102	55	369	149
53	494	12	225	243	149
112	16	16	14	268	149
5	29	0	12	169	149
118	886	2	38	186	149
1641	2	55	0	180	149
47	24	24	18	158	149
8	131	4	360	163	149
22	783	0	619	153	149
175	0	223	59	297	149
59	4	384	0	268	149
0	11	22	133	550	149
36	159	109	301	724	149
26	15	13	0	283	149
23	413	13	30	283	149
68	0	170	1	301	149
34	2	89	0	301	149
7	7	129	80	194	149
163	1	230	0	181	149
25	35	46	241	244	149
134	4	221	0	476	149
0	53	34	217	153	149
59	341	98	327	751	149
60	2	171	50	360	149
7	0	57	143	156	149
6	4	8	68	166	149
12	2	115	0	236	149
29	48	56	9	348	149
354	19	1218	110	436	149
88	75	87	58	155	149
12	95	21	109	157	149
182	0	431	18	263	149
232	17	1038	121	2017	149
15	61	3	188	215	149
2	11	0	48	270	149
0	8	3	6	153	149
9	0	84	11	241	149
1	1017	86	14097	159	149
0	2	34	16	278	149
0	2	13	105	372	149
15	0	130	2	258	149
2	180	15	545	466	149
2	180	5	545	158	149
44	16	55	0	244	149
8	3	67	63	289	149
17	16	67	62	185	149
119	12	311	0	376	149
14	36	4	65	179	149
89	43	10	0	151	149
102	2	75	16	182	149
32	1	90	14	196	149
9	27	8	6	197	149
0	49	9	353	327	149
5	28	110	72	197	149
2	121	0	67	212	149
20	134	6	88	288	149
0	91	1	203	226	149
4	74	7	132	236	149
32	8	87	45	161	149
8	10	37	0	168	149
0	10	10	16	169	149
17	0	133	21	164	149
2	14	0	131	178	149
0	8	16	32	162	149
19	0	260	6	912	149
54	0	466	6	1456	149
9	5	5	2	420	149
3	0	118	34	2170	149
6	51	25	175	294	149
8	9	2	0	159	149
64	25	210	16	277	149
24	15	178	26	173	149
0	32	21	80	161	149
3	0	114	4	161	149
85	0	506	10	617	149
1	94	0	491	178	149
908	6	775	0	283	149
1454	2	926	0	414	149
32	152	28	15	470	149
2588	197525	275	16822	369	149
15	19	260	76	167	149
4	10	14	63	395	149
12	28	47	78	188	149
107	24	168	54	164	149
10	0	97	10	220	149
1336	18	1963	28	165	149
394	19	190	37	634	149
13	4	70	62	185	149
0	80	4	231	175	149
0	3	5	242	238	149
5	307	35	263	205	149
8	45	44	67	440	149
12	4	73	55	161	149
115	68	82	68	194	149
218	0	415	22	188	149
56	1	133	0	513	149
70	23	187	28	644	149
15	23	54	28	280	149
104	499	736	5096	1687	149
0	319	5	2413	245	149
80	313	1270	2882	2544	149
21	313	666	2882	1396	149
7	313	98	2882	312	149
5	250	119	4211	502	149
4	250	136	4211	262	149
119	3	768	0	1090	149
44	4	123	0	311	149
2	146	33	668	374	149
0	23	4	145	211	149
366	9	407	0	280	149
6	55	3	307	189	149
50	1	195	0	259	149
8	60	0	148	164	149
12	0	206	34	1526	149
333	9	417	0	292	149
430	4	602	46	403	149
106	4	185	46	260	149
1	7	99	31	155	149
4	22	12	299	212	149
2	2	0	8	212	149
0	69	16	97	1939	149
161	3	233	0	2266	149
340	0	265	26	153	149
58	7	60	15	229	149
46	7	37	15	218	149
61	216	37	217	218	149
0	9	20	104	187	149
2	106	0	102	153	149
27	43	80	154	208	149
21	1451	114	3185	223	149
29	260	15	789	153	149
2	282	0	197	155	149
207	4	835	7	193	149
1023	2	2047	5	970	149
1677	0	3965	23	647	149
117	4	198	6	518	149
155	23	193	51	172	149
3	2	10	20	172	149
39	215	48	186	560	149
127	0	438	57	397	149
82	37	132	362	291	149
14	48	108	229	319	149
25	869	30	760	156	149
0	22	61	333	155	149
72	0	230	10	240	149
194	1204	989	3421	188	149
177	0	30	12	182	149
657	0	226	1	211	149
2	279	16	223	219	149
5	6	0	14	159	149
13	213	0	191	203	149
14	213	14	191	193	149
19	16	127	4	210	149
113	16	747	4	215	149
94	0	638	18	154	149
13	145	2	683	219	149
0	12	10	81	188	149
53	26	122	8	762	149
0	9	6	226	161	149
16	2	14	0	213	149
2	14	0	10	174	149
7	78	33	25	182	149
34	391	14	228	256	149
38	36	14	30	256	149
9	0	4	27	153	149
0	79	32	389	1060	149
47	11	463	0	1098	149
48	0	255	10	389	149
14	138	4	22	259	149
20	0	252	12	188	149
3	11	36	146	219	149
60	16967	99	30495	182	149
93	0	855	26	175	149
85	3	110	0	154	149
3	0	73	10	206	149
6	0	33	4	194	149
16	823	47	2342	251	149
45	10	127	10	604	149
24	10	31	10	315	149
0	14	15	30	159	149
1	69	14	14	191	149
15	68	12	257	216	149
0	114	7	184	224	149
39	39	246	86	653	149
2	2	90	0	203	149
0	1079	7	4548	166	149
0	54	16	294	196	149
1045	25	2604	160	292	149
0	420	6	732	153	149
0	2	12	38	165	149
0	74	5	13	207	149
0	8	4	16	170	149
4	8	41	16	574	149
4	0	41	4	553	149
6	5	52	101	182	149
10	16	17	0	156	149
1	14	0	21	392	149
1	14	0	21	313	149
34	1094	78	1126	305	149
122	7	461	0	337	149
20	44	328	53	224	149
1	44	1	53	153	149
260	369	765	629	200	149
13	607	1	1294	163	149
2	5	11	105	194	149
1	4	33	0	322	149
1	3	33	0	272	149
250	0	465	9	769	149
689	1558	1927	6428	438	149
11	6	0	25	219	149
11	793	31	1731	170	149
20	6	125	0	353	149
21	381	95	398	1270	149
9	8	66	59	245	149
55	6981	126	11456	153	149
3790	0	7859	4	265	149
10716	0	19189	4	261	149
40	71	166	115	423	149
0	95	6	315	226	149
143	14	459	9	1361	149
74	389	51	599	368	149
57	2367	71	2743	174	149
12	0	0	2	259	149
4	16	28	264	310	149
140	0	685	8	203	149
9	4	95	10	251	149
26	9	37	17	153	149
1975	0	2607	7	288	149
3	3	8	0	159	149
42	7	316	0	179	149
7890	50	4219	18	257	149
5	0	353	3	215	149
11	26	208	61	548	149
354	42	2484	371	215	149
555	0	2320	18	553	149
303	2	979	0	328	149
1202	3	3055	52	152	149
3	20	11	17	152	149
98	23	97	25	200	149
48	10	71	0	166	149
166	0	416	13	167	149
66	421	82	461	152	149
11	12	110	79	155	149
90	9	1289	8	1200	149
436	0	658	20	181	149
9	8	32	24	263	149
1	0	0	15	220	149
1	61	0	569	348	149
0	61	15	569	277	149
0	9	10	53	256	149
6	0	16	32	291	149
0	672	24	3248	318	149
390	220	733	129	821	149
1	10	0	95	154	149
10	5	59	8	243	149
28	0	125	24	622	149
245	315	427	264	647	149
25	12	37	91	259	149
125	23	375	68	296	149
0	19	30	132	167	149
0	5	3	95	194	149
10	59	49	254	291	149
101	3	244	0	186	149
0	7	13	7	267	149
9	0	39	5	240	149
0	8	22	24	194	149
8	29	8	152	169	149
8	64	18	736	169	149
2	75	70	488	337	149
0	1	7	36	162	149
9187	632	14077	316	226	149
5688	20	6213	3	203	149
2490	20	3262	3	585	149
34	3232	49	3000	531	149
53	5	308	79	368	149
2807	110050	19	397	296	149
12	42	34	60	220	149
276	20	660	18	176	149
5	8	55	62	197	149
2	0	136	9	3097	149
7	0	36	13	161	149
2	34	0	85	231	149
1	67	14	313	357	149
316	0	800	10	360	149
114	3	163	0	360	149
4	7	33	0	167	149
5	347	0	376	283	149
94	39	390	112	386	149
1	9	13	28	156	149
33	33	209	55	1098	149
22	6	50	34	172	149
279	4	625	0	2411	149
177	0	781	19	2256	149
68	7	213	11	181	149
4	2	0	62	1044	149
0	7	21	84	1088	149
0	5	27	123	161	149
1	9	29	217	161	149
6	3	31	0	193	149
408	15	951	50	494	149
0	3	9	111	155	149
2	5	0	115	160	149
32	152	4	168	311	149
28	127	8	179	161	149
0	60	5	246	153	149
121	277	116	105	173	149
4	103	122	5345	297	149
2	0	10	47	203	149
20	24	121	58	161	149
7	449	60	1881	339	149
1128	0	2269	4	181	149
0	7	12	13	389	149
32	3	68	3	152	149
37	3	81	0	188	149
8	3	16	0	185	149
75	2	285	21	405	149
5	114	14	581	762	149
6	1	11	0	182	149
47	30	237	460	210	149
0	7	5	12	154	149
40	3	38	0	196	149
5	3	26	0	209	149
0	35	11	23	162	149
144	296	199	682	275	149
0	3	30	34	197	149
1	133	12	246	179	149
53	53	86	55	158	149
54	7	152	0	203	149
6933	16	2464	10	522	149
716	1	734	0	1137	149
303	8	440	0	153	149
9	6	33	8	282	149
40	0	82	9	183	149
32	0	140	4	176	149
13	3	12	0	309	149
231	697	595	1880	274	149
13	98	0	169	184	149
0	3	14	15	261	149
85	8	396	0	609	149
30	383	120	513	1760	149
0	92	25	228	400	149
353	46	163	11	230	149
10	13	11	0	158	149
3375	6	336	12	309	149
21	34	33	49	169	149
0	2	14	11	905	149
6	75	0	30	159	149
105	2	227	0	863	149
2	0	3475	9	2502	149
31	1	182	0	218	149
69	1	544	0	321	149
38	0	395	33	252	149
106	3786	94	6822	166	149
635	0	3333	10	584	149
376	12	2648	54	158	149
366	4	3577	0	293	149
51	4	539	0	197	149
46	0	119	20	154	149
8	59	0	72	165	149
59	4	93	0	157	149
731	6	1278	0	1280	149
105	344	218	580	930	149
330	0	878	15	176	149
71	6	194	0	257	149
21	3530	49	4667	153	149
53	122	144	316	312	149
3562	122	4762	316	308	149
3559	40	4833	83	490	149
135	40	392	83	331	149
183	1212	482	2894	440	149
183	39	482	111	444	149
96	1212	274	2894	345	149
96	39	274	111	349	149
1212	39	2894	111	153	149
7	192	0	466	153	149
8	2	23	26	467	149
34877	815	337	11	354	149
11828	40	184	0	335	149
16	78	121	220	158	149
0	3	111	6	812	149
43	12	318	13	187	149
19330	5	1080	0	518	149
2137	33	145	0	518	149
16	1170	16	2624	234	149
1	0	0	4	176	149
0	178	2	597	192	149
257	11	530	2	294	149
289	11	614	2	315	149
6	36	21	34	847	149
0	36	18	34	675	149
0	23	8	114	346	149
17	8	16	2	155	149
0	5	33	72	196	149
14	0	126	9	352	149
0	8	83	0	713	149
84	8	214	49	179	149
7	0	80	27	233	149
25	3	22	70	304	149
0	28	14	18	760	149
2	0	18	28	224	149
20	12	2	0	167	149
1163	0	486	22	4346	149
8	1096	29	356	458	149
0	5	1	0	337	149
4	157	53	441	166	149
7	0	86	7	443	149
0	10	34	0	820	149
0	2	34	7	820	149
17	13	13	21	236	149
13	0	152	14	197	149
87	4	293	7	884	149
13	14	8	0	215	149
0	35	14	89	182	149
12	16	85	201	593	149
2	2	0	66	249	149
49	46	39	140	396	149
14	104	2	56	158	149
5	4	12	60	197	149
18	0	29	27	182	149
7	0	56	27	318	149
10	0	145	27	358	149
7	18	56	29	285	149
10	18	145	29	325	149
14	0	147	7	167	149
833	34	1082	24	309	149
4	94	0	121	153	149
13	12	99	24	350	149
301	2	2872	0	307	149
117	4	163	26	481	149
56	0	162	5	733	149
11	44	138	143	185	149
39	5	31	0	202	149
3055	3	931	0	286	149
6024	3	1689	0	286	149
214	5	214	34	610	149
569	1	766	0	601	149
5	6	21	66	385	149
28	22	12	22	197	149
8	30	36	210	165	149
132	2654	403	4662	227	149
36	8569	111	14359	166	149
2	0	80	6	233	149
0	30	8	108	433	149
10	1	48	25	278	149
8	0	39	38	267	149
4	26	18	48	232	149
48	2	103	0	316	149
35	2	39	0	268	149
17	4	64	0	197	149
54	2	137	0	394	149
23	4	98	0	275	149
14	3	53	19	227	149
19	3	35	19	269	149
5	0	0	18	191	149
5	141	16	203	172	149
4	0	10	40	159	149
9	3	0	53	250	149
31	0	244	20	215	149
3	36	24	209	645	149
85	8	379	0	172	149
26	56	30	233	205	149
54	8	346	0	291	149
669	9	308	0	154	149
805	20	403	16	204	149
145	20	95	16	199	149
1453	10	212	0	218	149
318	20	89	0	174	149
80	122	0	17	205	149
108	122	0	17	169	149
2	20	0	11	282	149
0	8	7	36	164	149
186	6	254	0	297	149
53	6	257	23	195	149
3	294	0	140	204	149
144	239	76	210	224	149
6	0	14	5	181	149
6	27	7	71	161	149
10	38	0	96	252	149
331	0	423	16	340	149
8	61	19	164	361	149
58	662	12	587	152	149
1	15	0	10	220	149
17	214	50	399	155	149
9	128	0	371	151	149
0	29	7	242	200	149
376	9	657	0	397	149
66	403	25	1061	291	149
0	414	12	1120	598	149
3	7	59	192	159	149
0	10	14	104	662	149
23	7	219	48	445	149
653	0	1002	7	438	149
111	5	6	9	164	149
3023	6	1041	0	931	149
21	6	170	76	212	149
343	2	1478	9	225	149
291	4	785	26	575	149
5	22	6	21	723	149
392	90	173	20	158	149
12	40	68	72	215	149
2	17	18	77	180	149
19	87	118	282	215	149
5	7	26	14	180	149
7	25	89	60	215	149
77	105	91	175	167	149
305	7	1068	68	167	149
328	230	1078	838	170	149
30	230	78	838	152	149
12	3	19	27	314	149
11	35	20	82	261	149
1042	2	3823	0	290	149
143	4	1113	19	265	149
23	39	362	391	1414	149
137	62532	9	4078	174	149
109	4	1561	19	211	149
2	4	54	19	172	149
0	96	84	1421	477	149
85	0	1266	7	310	149
19	23	92	166	152	149
85	19	340	61	211	149
0	13	8	70	234	149
25	0	148	45	293	149
7	30	17	110	213	149
8	944	0	288	157	149
45	1	11	0	210	149
175	9	302	57	175	149
187	5	766	5	301	149
2	32	55	229	1232	149
25	472	21	483	168	149
0	16	216	309	173	149
20	67	130	166	198	149
175	6	29	0	371	149
169	0	582	28	248	149
29	12	177	45	567	149
5	0	28	16	256	149
2	1	94	0	183	149
1	12	23	58	161	149
49	101	510	848	360	149
39	2	447	9	360	149
21	0	185	6	272	149
25	0	277	19	154	149
23226	0	82428	42	695	149
0	71	8	790	159	149
6	4	41	0	371	149
2	8	0	30	282	149
0	2	23	115	158	149
2	117	18	188	154	149
31	4	157	19	251	149
8	1044	1	1322	187	149
156	0	788	6	176	149
197	1	245	18	209	149
0	4	23	32	155	149
1482	87	1248	35	329	149
16	0	29	2	329	149
92	1	317	0	260	149
307	0	533	37	1099	149
7	9	11	110	162	149
977	2	187	0	541	149
19	4	66	0	209	149
0	8	21	128	175	149
9	2	30	103	372	149
17	5	90	0	525	149
0	138	40	271	257	149
4	77	0	81	153	149
16	118	0	114	385	149
2	97	64	223	321	149
13	6	302	0	203	149
7	5	132	10	377	149
114	11	417	29	493	149
0	352	19	520	163	149
22	121	18	159	224	149
154	7	414	39	198	149
8	7	59	39	165	149
9	211	15	821	198	149
3	177	0	995	185	149
117	42	150	45	164	149
661	0	859	23	976	149
0	83	19	958	250	149
3	18	98	48	178	149
8	0	38	4	442	149
12	281	0	123	362	149
305	4	173	0	160	149
58	339	81	79	266	149
527	5	242	14	420	149
2	4	42	0	523	149
19	0	175	32	807	149
21	0	133	32	433	149
7	0	61	32	203	149
8	3	5	0	153	149
100	1	325	0	151	149
0	8	5	23	161	149
4	3	83	83	462	149
727	0	792	11	350	149
995	0	1191	2	1919	149
11	8	27	0	677	149
163	1251	169	556	260	149
6	102	0	354	184	149
3	5	21	15	248	149
176	0	644	15	1524	149
356	11	1591	0	346	149
78	4	180	0	284	149
1021	8	1784	22	573	149
361	2912	849	5122	215	149
67	0	366	4	242	149
29	11	97	120	155	149
19	8	73	53	352	149
0	9	19	46	173	149
246	447	79	83	167	149
871	2	374	0	179	149
259	40	108	23	176	149
20	5	43	34	152	149
0	29	5	226	197	149
212	4	208	0	159	149
3	0	74	78	161	149
2	17	4	132	222	149
23	1	28	2	169	149
3	218	13	204	348	149
0	16	15	84	153	149
36	393	28	899	269	149
0	19	4	131	287	149
132	0	2230	11	361	149
346	8	3543	52	3316	149
6	0	5	14	273	149
0	2	41	45	232	149
78	1	394	0	3231	149
2	248	0	458	180	149
2	248	12	458	191	149
3	0	86	2	153	149
15	1	228	0	806	149
0	1	43	20	158	149
55	6	206	49	152	149
10	2	4	29	863	149
4	7	0	68	231	149
303	7	1843	10	215	149
10	1545	0	1975	153	149
27	6	654	0	4559	149
4	20	74	44	191	149
8	1	0	44	305	149
22124	8	34865	22	347	149
29	6	149	0	296	149
9	61	24	614	247	149
111	5	265	0	855	149
176	3	332	0	2098	149
3	171	23	303	153	149
53	2	84	60	218	149
230	12	659	35	167	149
5	231	0	544	162	149
125	1	146	4	366	149
96	1	82	4	346	149
50	21	64	0	169	149
0	3	24	39	314	149
7	98	9	161	169	149
14	0	59	7	301	149
12	482	14	200	153	149
4	109	5	577	232	149
7	0	0	38	389	149
5	0	5	8	251	149
9	0	5	8	298	149
77	7	411	29	150	149
16	6	5	20	210	149
185	143	969	179	1173	149
28685	0	61181	16	192	149
0	29	6	204	165	149
35	10	160	0	195	149
10	10	6	22	238	149
9	11	24	63	152	149
2	3360	47	7759	167	149
0	31	37	93	693	149
0	8	103	3	197	149
2638	8	10882	0	898	149
230	9	97	0	328	149
79	26	212	43	465	149
588	0	431	16	355	149
4	0	0	6	184	149
4	205	0	162	184	149
537	4	540	0	288	149
35	14	54	0	189	149
5	0	80	18	164	149
3	15	59	164	164	149
14	963	18	6495	212	149
257	8	442	16	335	149
0	9	22	46	223	149
3	2796	0	6693	185	149
3	88	0	126	153	149
6	1	28	0	264	149
175	34	379	18	3460	149
102	111	139	230	158	149
1828	31	178	10	745	149
1	47	24	83	188	149
31	4	101	12	156	149
0	7	10	75	156	149
0	3	12	45	239	149
572	79	931	171	227	149
21	940	47	1061	208	149
27	0	309	9	204	149
0	6	56	183	538	149
0	6	36	183	303	149
2	811	138	22358	309	149
4	322	103	474	280	149
71	0	929	16	502	149
519	0	2951	4	436	149
9	68	0	69	196	149
778	0	1058	14	1992	149
0	482	3	611	153	149
1070	0	1682	28	858	149
17	0	36	8	161	149
12	0	133	10	1314	149
12	6	141	14	1347	149
0	6	18	14	182	149
0	13	27	160	182	149
39	78	32	168	354	149
46	22	240	36	171	149
0	31	7	29	160	149
23	9	30	7	153	149
1	3	0	93	333	149
1	5	0	54	153	149
2	5	8	54	1348	149
2	1	8	0	1344	149
6	141	9	503	169	149
179	0	564	10	1741	149
9	0	357	14	286	149
27	16	128	156	176	149
31	5	176	13	1069	149
0	11	3	148	222	149
393	4	252	18	420	149
6	7	290	55	2075	149
1	0	0	12	189	149
437	0	1438	6	154	149
14	1085	44	2531	262	149
0	39	8	197	221	149
3	30	27	408	186	149
6	40	29	163	287	149
483	7	1316	3	358	149
2	3	14	0	187	149
813	3188	3646	10551	1708	149
3	93	0	76	353	149
1	0	107	18	254	149
29	0	68	22	256	149
3	0	64	256	451	149
0	9	17	262	228	149
6	0	0	110	195	149
0	12	51	91	816	149
2696	275	2600	586	494	149
6	405	8	607	452	149
6	501	41	576	383	149
88	0	171	3	309	149
4282	31	85	1	400	149
2090	1381	20	16	153	149
6	2	14	97	254	149
0	3	10	30	183	149
33	3	39	0	252	149
5	2	65	67	161	149
200	3	1215	0	211	149
867	107	2302	281	194	149
945	268	1800	620	1230	149
375	32	183	34	194	149
112	26	494	60	205	149
11	3	58	11	222	149
5	7	16	24	342	149
100	1	202	11	1963	149
19	0	5	16	164	149
1	46	0	122	165	149
125	124	543	445	396	149
28	124	135	445	298	149
36	124	166	445	333	149
0	23	18	56	305	149
15	18	24	12	214	149
149	3	376	47	2682	149
383	71	846	135	155	149
860	6	3496	5	1417	149
1	10	51	104	165	149
5	7	63	30	161	149
35	3319	0	1247	156	149
72	3	129	6	208	149
10	154	3	378	259	149
16	209	234	224	3418	149
177	0	221	1	416	149
11	12	12	0	165	149
0	28	168	638	258	149
0	4	10	48	205	149
96	2	415	0	233	149
966	2	1022	15	416	149
50	2	114	15	267	149
44	207	65	597	317	149
283	0	683	12	176	149
0	223	10	732	254	149
117	14387	389	19527	265	149
14464	20	19822	33	553	149
23	113	43	168	215	149
0	2	57	14	169	149
18	12	114	52	309	149
20	12	71	52	289	149
18	6	80	0	309	149
393	22	198	0	154	149
93	25	268	45	159	149
0	4	35	307	361	149
8	8	38	88	545	149
33	1	71	0	401	149
55	114	59	246	236	149
0	37	80	711	161	149
25	179	361	3827	173	149
62	179	992	3827	161	149
0	1037	6	159	609	149
1272	10	1522	0	203	149
42	1	4	0	438	149
16	3	6	17	1662	149
72	2	188	42	304	149
1768	2	4081	0	1749	149
419	472	1387	1356	1122	149
630	91	255	109	449	149
165	0	930	18	3042	149
51	3	296	10	153	149
66	2567	136	3164	279	149
52	0	72	9	158	149
15	28	10	85	383	149
11	28	0	85	200	149
70	9	100	22	176	149
78	54	222	15	176	149
27	22	117	44	176	149
3	18	4	50	286	149
86	0	87	8	234	149
6	31	43	240	171	149
1	0	190	11	304	149
12	13	68	138	254	149
2	51	17	22	159	149
93	48	476	87	401	149
109	0	269	42	691	149
202	48	703	87	943	149
2	10	0	5	182	149
2	8	1	16	265	149
3445	25	1169	5	497	149
5	2	4	63	164	149
41	49	38	41	167	149
56	21	106	35	158	149
47	7	115	0	188	149
114	0	329	22	506	149
2	287	0	50	283	149
128	33	90	15	427	149
1474	4	350	0	354	149
2	0	0	20	215	149
2	210	0	693	224	149
0	210	20	693	158	149
9	8	106	0	213	149
9	12	101	0	415	149
196	8	339	0	507	149
103	8	141	7	208	149
6	22	0	27	159	149
4	32	5	59	321	149
0	14	43	219	321	149
0	172	13	184	269	149
4	7	0	14	269	149
35	0	124	23	197	149
0	80	14	287	233	149
5	75	18	149	176	149
0	153	25	530	253	149
59	19	101	24	194	149
0	69	2	93	162	149
3	62	0	103	163	149
128	3	269	0	460	149
103	8	185	68	153	149
136	2	447	50	575	149
0	147	20	191	182	149
37	2	11	0	301	149
70	3	152	0	201	149
59	0	404	10	199	149
40	1	157	0	223	149
96	2	396	0	647	149
2	12	1	113	153	149
36	9677	62	12686	354	149
12	748	23	1571	247	149
5	7	8	15	252	149
0	5	7	0	164	149
54	23	96	117	158	149
72	3	75	17	158	149
3	42	67	143	724	149
3	0	39	26	404	149
3	0	39	29	438	149
22	22	54	48	334	149
34	2	343	21	287	149
186	0	92	10	433	149
0	9	13	87	167	149
0	3	16	109	205	149
3	8	42	271	247	149
30	58	34	308	295	149
5	372	73	977	157	149
647	98	854	201	152	149
235	1	716	19	176	149
16	135	42	589	269	149
2	14	8	114	257	149
2	14	4	114	339	149
10	12	41	162	498	149
53	4	108	76	155	149
50	0	294	13	1377	149
12	12	32	42	155	149
12	6	115	4	209	149
0	239	13	4506	153	149
15	184	0	2593	365	149
562	15	464	0	540	149
2	127	31	875	486	149
23	6	32	69	169	149
4	0	0	6	178	149
3	11	164	1334	197	149
0	33	13	42	188	149
0	146	6	528	350	149
15	14	55	2	1174	149
18	0	20	8	232	149
73	0	216	90	194	149
146	18	99	5	194	149
0	2	4	85	207	149
12	6	39	0	276	149
478	0	4347	14	167	149
21	19	62	12	209	149
1	24	0	103	185	149
23	9	20	17	550	149
20	1	54	0	161	149
205	91	413	125	161	149
58	8	15	17	379	149
26	17	88	50	755	149
7	11	8	59	152	149
33	511	33	710	301	149
21	37	213	150	626	149
6	30	34	221	347	149
2	4	27	0	153	149
737	25	897	9	294	149
244	5	359	15	176	149
92	6	289	31	153	149
80	15	321	35	184	149
6	16	30	102	243	149
2280	5	3500	21	254	149
4	451	32	1324	222	149
54	30	221	100	265	149
37	22	122	31	179	149
86	33	120	90	395	149
15	263	1	2	187	149
146	26	204	96	234	149
70	8	81	0	234	149
3	318	22	1108	265	149
4	338	9	1137	252	149
34	318	44	380	170	149
12	0	92	4	191	149
1284	1	11	0	244	149
439	85	2057	114	1790	149
7	48	17	75	161	149
74	51	277	104	3007	149
29	2	190	3	1101	149
1	35	31	92	485	149
1	35	20	92	397	149
0	32	1	226	160	149
20	60	35	132	291	149
20	9	35	32	291	149
4	0	22	36	248	149
27	134	0	232	278	149
8	45	11	130	316	149
102	20	37	0	207	149
56	6	2	0	216	149
325	6	31	0	234	149
8	1745	27	2414	163	149
0	21	22	124	243	149
69	0	156	6	333	149
11	24	21	86	262	149
120	1	308	7	223	149
20	1162	12	1213	187	149
298	26	432	14	213	149
40	32	136	478	282	149
1	29	0	182	155	149
392	1	433	14	347	149
5	0	28	49	399	149
630	432	876	455	1406	149
738	0	900	10	176	149
4	57	22	1077	271	149
122	9	444	0	250	149
5041	103	499	8	236	149
6073	40	534	30	287	149
1135	40	43	30	200	149
11	4	98	12	281	149
2	0	18	5	243	149
127	9	984	0	923	149
6	1	46	0	158	149
90	10	254	64	179	149
13	159	41	337	284	149
26	127	79	269	166	149
7	32	0	59	163	149
10	108	69	161	611	149
9	0	20	10	220	149
94	0	308	9	185	149
1081	1	1892	0	251	149
1	0	4	16	207	149
1	19	16	141	224	149
0	19	28	141	166	149
4	35	13	78	194	149
4	0	100	1	869	149
54	131	62	168	164	149
0	18	13	20	191	149
0	90	6	101	177	149
22	32	3	62	930	149
422	0	1072	10	185	149
15	0	173	29	154	149
32	0	118	10	1342	149
33	30	120	103	1370	149
1	30	12	103	177	149
96	0	83	8	308	149
0	211	22	481	184	149
22	124	156	268	281	149
362	98	487	62	244	149
118	3	180	19	680	149
85	0	163	11	385	149
83	9	85	0	287	149
22	9	16	0	167	149
57	1459	37	2503	287	149
0	10	9	78	248	149
7	10	10	0	155	149
53	13	62	37	155	149
10	1	16	0	155	149
41	8	59	25	155	149
365	3820	713	8647	215	149
17	0	170	15	304	149
0	4	17	0	155	149
28	11	200	173	530	149
8	0	183	11	167	149
17	0	8	24	201	149
0	24	12	89	598	149
14	4	0	10	456	149
12	247	10	1210	244	149
10	1	83	0	574	149
1287	2	495	0	1492	149
17	13	22	36	223	149
14	4563	28	16566	279	149
33	5331	213	16264	176	149
103	141	284	273	329	149
7	3	24	43	373	149
20	1401	12	1101	153	149
296	648	231	668	239	149
2	2	70	19	277	149
2087	0	17543	2	639	149
123	26	1192	419	1681	149
4	173	67	649	186	149
19	132	9	662	268	149
8	76	28	144	184	149
235	0	1087	16	222	149
273	11	1128	0	226	149
38	11	57	0	153	149
2	3	5	21	161	149
10	75	0	83	154	149
0	93	117	360	230	149
6	5	5	0	189	149
6	50	5	188	196	149
5	50	0	188	156	149
48	13	229	16	435	149
32	13	101	16	336	149
5	19	33	69	258	149
5	3	23	51	240	149
48	6	56	57	182	149
12	4	22	0	615	149
2	0	46	10	152	149
1	0	53	4	326	149
5	28	51	150	183	149
8	41	45	155	576	149
19	2	166	22	398	149
2	22	0	171	406	149
12	11	153	116	229	149
20	4	102	0	187	149
9	6	41	0	222	149
4	0	0	10	384	149
120	3	215	8	808	149
8	2860	53	3568	173	149
38	3011	116	4977	202	149
109	18	225	217	470	149
39	22	111	372	483	149
18	17	23	0	197	149
3141	61	771	5	188	149
15	6	58	0	2809	149
6	188	28	323	231	149
16	8	29	37	161	149
0	8	6	8	155	149
4	0	53	15	1166	149
7	16	0	41	237	149
2	0	245	28	153	149
3	0	15	6	1477	149
714	230	811	71	177	149
11	2	27	0	177	149
0	15	70	12	164	149
1	15	0	63	158	149
1287	8	421	0	589	149
6	178	0	238	352	149
8	252	35	417	273	149
3	435	0	652	179	149
5	0	21	6	266	149
5	0	0	6	241	149
2137	14	1945	9	432	149
99	9	172	11	213	149
67	4	76	11	213	149
232	4	484	11	535	149
177	12	408	0	471	149
643	5	490	20	337	149
0	15	10	191	153	149
0	19	5	213	154	149
101	0	232	3	1411	149
0	22	5	58	168	149
5	24	0	54	189	149
899	92	1467	123	158	149
0	150	6	239	161	149
0	3	24	24	786	149
0	10	23	45	245	149
288	2	1762	21	215	149
32	272	66	1319	932	149
8757	7	16184	5	303	149
474	8710	864	16126	407	149
0	28	11	62	175	149
32	3	158	38	484	149
0	1	20	34	167	149
5	52	16	110	174	149
3	124	41	775	200	149
2884	44	510	0	580	149
2	15	114	86	2020	149
3	2	6	0	200	149
3	72	0	118	200	149
4	345	5	370	188	149
745	19	1024	0	213	149
846	0	919	14	512	149
21	3	23	0	284	149
4	16	0	164	403	149
364	0	838	29	429	149
1032	43	2621	76	158	149
30	4	299	0	195	149
43	2	88	0	301	149
19	7	80	84	548	149
33	162	97	333	173	149
12	4	30	12	245	149
12	22	43	31	298	149
4	22	25	31	202	149
0	32	11	93	153	149
15	5	63	33	170	149
63	314	187	940	242	149
0	56	12	243	172	149
49	8	40	0	199	149
16	0	104	7	151	149
260	5	237	4	174	149
1584	30	2328	36	163	149
20	171	14	135	288	149
23	4	7	0	353	149
33	35	13	14	429	149
14	35	6	14	225	149
13	2	6	0	225	149
141	27	259	32	179	149
913	21	76	0	153	149
902	331	76	0	153	149
0	7	8	50	167	149
1	12	19	30	367	149
375	0	1654	6	2140	149
9	10	23	4	153	149
74	0	274	3	230	149
7	160	23	127	189	149
115	33	583	126	170	149
0	5	35	0	673	149
1800	9	7420	25	152	149
32	73	90	487	207	149
32	1723	90	6057	207	149
67	18	690	25	161	149
254	1	1808	3	179	149
444	1	2832	3	200	149
459	1	2904	3	203	149
195	5	1031	7	170	149
210	5	1103	7	173	149
17	2	93	21	152	149
50	1	126	0	152	149
228	1	948	0	170	149
1	0	9	7	152	149
5	0	14	7	158	149
37	349	128	130	153	149
184	2	764	0	1813	149
20	105	156	419	288	149
256	6	261	0	176	149
20	21	66	187	625	149
94	37	83	8	795	149
6	25	12	12	153	149
8	7657	5	13014	164	149
0	8	7	232	199	149
215	4	157	0	164	149
139	175	271	212	196	149
18	11	117	0	245	149
661	0	240	26	2470	149
101	1099	428	3789	172	149
18	3	69	0	271	149
51	4	486	0	178	149
0	63	117	138	2656	149
256	6	613	0	2206	149
9	0	0	20	167	149
0	5	6	26	200	149
101	95	36	178	291	149
11	13	61	27	355	149
2	21	37	294	178	149
22	272	88	625	289	149
11	14	21	20	285	149
17	0	76	4	263	149
74	1	471	0	719	149
38	1	306	0	517	149
6	19	21	40	274	149
9	141	0	489	202	149
158	14	632	0	1896	149
0	4	35	139	204	149
13658	42	28367	168	209	149
9	34	19	14	541	149
8	0	131	8	169	149
5	17	37	0	192	149
23	81	46	187	192	149
1	0	76	4	172	149
44	0	100	19	181	149
40	7	118	2	303	149
10	6	105	103	2837	149
123	18	156	18	162	149
0	268	34	371	172	149
6	252	0	88	153	149
220	2	105	9	175	149
156	0	67	7	428	149
2	25	12	94	167	149
794	23	1982	53	179	149
754	92	1662	258	301	149
561	0	1453	5	158	149
52	40	399	304	190	149
1	16	61	37	267	149
153	2	268	0	585	149
154	0	268	8	587	149
3	0	0	8	151	149
20	5	74	0	157	149
0	45	12	107	156	149
108	0	126	33	187	149
1	72	12	268	173	149
28	4	249	86	156	149
5	61	40	38	778	149
7	8	233	35	179	149
230	8	433	24	187	149
47	0	194	59	551	149
56	0	235	59	554	149
10	1	41	0	152	149
263	6	459	24	399	149
171	700	240	403	316	149
9	4	25	0	162	149
112	34	255	41	162	149
117	0	421	27	190	149
24	0	71	27	164	149
0	9	8	39	160	149
6	0	17	1	335	149
33	156	3	123	158	149
1	30	9	20	164	149
2	0	126	14	260	149
43	2	135	6	2288	149
578	1	2160	0	152	149
0	4	9	142	152	149
29	23	170	64	298	149
15	9	85	0	160	149
120	0	584	8	382	149
114	0	499	8	371	149
7	154	65	199	1876	149
190	21	118	14	153	149
452	495	408	222	667	149
596	154	404	112	261	149
27	74	211	551	218	149
2	354	0	49	199	149
440	5	62	19	218	149
5	0	119	2	227	149
152	9	191	0	399	149
81	9	96	0	314	149
2	61	7	161	212	149
20	33	11	14	277	149
0	1074	92	4988	334	149
0	1439	13	6876	153	149
1600	70	4935	187	864	149
4	14	8	35	158	149
1	0	0	14	166	149
513	2	1611	0	186	149
747	26	1712	29	2204	149
738	8	1662	0	359	149
27	718	73	1236	357	149
973	2	1652	1	541	149
0	16	7	105	168	149
7	14	76	85	193	149
51	0	103	11	347	149
37	23	40	42	159	149
21	10	14	106	183	149
21	15	20	89	155	149
16	6	0	18	915	149
13	223	19	231	189	149
24	39	53	302	727	149
7	17	37	161	186	149
0	14	20	26	221	149
204	1	433	0	199	149
53	4	209	71	211	149
0	11	10	25	281	149
5	105	18	187	286	149
7	158	14	427	212	149
7	9	123	24	153	149
11	3541	52	12032	322	149
4	3541	52	12032	271	149
131	0	7015	2	194	149
33	161	35	112	278	149
103	1	209	0	296	149
7	64	0	272	177	149
146	5	21	0	215	149
508	2	37	0	193	149
556	34	40	0	215	149
50	34	3	0	171	149
8	4384	57	8030	476	149
16	9	120	50	578	149
164	1	505	6	190	149
67	121	96	251	1168	149
2	0	69	1	226	149
18	17	83	100	236	149
2	23	75	191	610	149
29	0	336	78	184	149
7	1030	0	43	234	149
22	14	28	23	184	149
71	339	330	537	397	149
665	2	753	6	678	149
89	6	46	0	278	149
284	0	809	7	186	149
388	3	2812	0	810	149
17	11	64	45	154	149
6	0	4	5	188	149
7	791	65	1241	196	149
1	551	13	643	153	149
38	14	90	10	693	149
5	7	0	9	154	149
2	9	0	42	194	149
0	9	101	309	193	149
2	82	0	253	168	149
150	19	515	29	837	149
16	36	49	193	772	149
0	40	23	115	227	149
389	1	144	0	494	149
28	0	3130	7	153	149
0	95	23	359	163	149
0	17	24	157	576	149
0	10	9	164	153	149
2	216	0	240	158	149
6	5	111	14	177	149
124	145	209	796	448	149
1	98	21	210	178	149
0	18	74	83	312	149
3	0	2	45	179	149
0	17	15	175	216	149
0	17	5	175	156	149
0	31	109	297	275	149
0	1	8	29	1597	149
4	50	12	287	250	149
22	5	95	0	185	149
7	4317	33	4084	198	149
155	19	80	19	161	149
39	19	2	19	297	149
11	127	2	80	285	149
267	6	192	5	775	149
0	3	34	35	267	149
8	78	37	474	167	149
159	0	174	12	227	149
84	0	128	4	167	149
6	0	37	6	244	149
52	2	1472	118	181	149
21	7	462	10	181	149
106	0	4741	6	2313	149
16	52	513	1524	368	149
55	159	139	199	176	149
348	0	689	13	408	149
5	240	0	524	162	149
349	2	183	0	313	149
14	67	102	485	173	149
0	10	18	33	173	149
3	23	25	125	325	149
6	53	13	201	153	149
45	16	142	0	175	149
5	33	42	153	164	149
3	21	0	40	162	149
0	30	29	66	153	149
12	0	149	34	468	149
9	0	78	39	161	149
11	55	155	201	209	149
4	29	50	212	292	149
1919	44	2033	76	217	149
10	742	57	877	174	149
55	3	61	13	153	149
4	2	28	0	153	149
0	1	5	119	178	149
547	1	1731	0	2802	149
107	10	744	186	613	149
26	0	62	7	167	149
243	43	669	46	164	149
22	237	87	613	280	149
41	56	296	286	158	149
3	26	112	49	197	149
36	12	468	35	227	149
59	13	578	237	182	149
2	9	11	0	157	149
0	64	53	95	189	149
0	64	54	95	184	149
12796	2	13	0	266	149
2	0	0	32	182	149
125	15	1117	38	626	149
5	362	0	51	265	149
0	5	18	42	268	149
0	2	13	35	188	149
3	65	0	171	184	149
10612	5	16168	0	154	149
0	82	3	59	167	149
0	15	5	20	188	149
0	1	13	0	188	149
1	52	0	52	240	149
0	45	16	144	198	149
21	13916	88	15232	305	149
470	0	960	13	1843	149
432	2	825	0	471	149
489	7	565	8	152	149
118	5	154	0	593	149
551	0	862	7	530	149
1348	3	1691	33	530	149
0	1	46	156	207	149
122	0	354	7	174	149
10	1	20	23	532	149
1	0	53	9	368	149
28	17	103	184	285	149
1	26	68	54	178	149
37	21	24	28	236	149
21	21	47	28	249	149
24	21	47	28	255	149
3	19	23	0	162	149
6	19	23	0	168	149
55	9	160	28	272	149
16	6	65	0	176	149
0	6	53	98	410	149
8	187	0	75	153	149
10	1752	173	14816	354	149
6	164	18	208	160	149
39	0	72	7	195	149
197	0	262	7	184	149
19	11	67	18	847	149
4	0	16	7	178	149
45	5	17	11	210	149
61	4	118	0	189	149
43	13	143	0	204	149
103	21	349	115	266	149
56	21	161	115	333	149
56	103	145	333	216	149
0	3	147	140	155	149
0	96	17	268	187	149
9176	47	35244	395	1168	149
18367	153	73752	429	257	149
20	5	39	0	151	149
9	6	77	36	874	149
1	173	0	425	168	149
21	239	3	726	192	149
6	239	3	726	195	149
3	198	7	491	153	149
9	3	21	0	415	149
18	1341	16	1458	159	149
92	6	17	6	262	149
147	6	25	6	240	149
29	23	125	22	159	149
20	30	8	147	172	149
2	29	8	118	179	149
248	328	788	514	2556	149
0	328	17	514	193	149
2	408	100	3545	207	149
34	433	100	3800	234	149
0	62	22	296	267	149
2	81	7	171	164	149
2	100	16	65	289	149
5	0	22	4	155	149
22	16	246	43	155	149
6	19	0	101	203	149
0	5	14	0	340	149
6	69	14	246	238	149
50	14	81	53	155	149
24	0	101	4	403	149
68	8	476	92	239	149
0	28	14	79	236	149
179	75	442	225	180	149
5	297	10	902	164	149
37	0	308	21	154	149
6	22	43	122	287	149
3	485	26	511	230	149
4	413	14	442	195	149
27	194	75	440	162	149
10	0	18	11	279	149
40	0	492	47	168	149
2	0	28	47	192	149
0	38	14	478	173	149
32	6	46	0	164	149
31	9	300	0	283	149
31	223	14	104	315	149
208	8	1439	0	222	149
38	6	150	0	317	149
192	3	820	9	398	149
0	14	11	155	175	149
4	10	19	34	161	149
2	0	63	19	197	149
5	215	0	224	185	149
954	10867	1138	21581	285	149
15	10	0	12	2445	149
4	145	14	134	239	149
3	24	92	138	3725	149
44	247	0	316	230	149
15	67	36	176	596	149
0	1	14	20	217	149
133	277	98	190	157	149
80	0	1318	16	197	149
0	45	31	164	227	149
62	5	140	0	3727	149
281	447	839	973	190	149
2	22	4	0	175	149
2	3	21	85	379	149
42	8	395	46	1151	149
122	1	174	7	443	149
6	2	2	45	341	149
15	1287	10	1122	164	149
0	35	20	171	190	149
11	39	79	158	250	149
5	0	20	52	222	149
131	7	315	0	1233	149
58	21	358	229	292	149
21	80	108	126	371	149
1	125	0	258	175	149
225	6	534	0	484	149
51	3	65	0	152	149
69	0	735	5	1310	149
30	8	492	9	317	149
53	4101	32	2093	233	149
20	3	76	33	396	149
16	3	65	33	392	149
37	1	198	0	817	149
2	4	16	56	268	149
2	4	16	56	288	149
2	4	16	56	274	149
4	13219	54	27726	202	149
50	10	214	8	159	149
0	6	12	28	162	149
410	36	1834	77	152	149
6009	0	12857	16	1651	149
6495	48	13471	91	1651	149
5979	48	12832	91	1588	149
2621	11	11530	21	470	149
5	7	9	20	200	149
36	368	36	407	197	149
547	3	674	18	153	149
51	3	264	12	415	149
2	0	52	13	241	149
4218	4	3	0	462	149
32	11	37	51	268	149
0	61	12	177	212	149
580	0	3183	4	280	149
20	167	13	247	180	149
27	124	43	277	160	149
8	9	167	236	642	149
0	5	28	216	157	149
6	2	8	0	646	149
4	23	44	168	207	149
2	23	3	168	196	149
170	0	838	27	261	149
95	11	386	52	261	149
0	164	23	724	158	149
43	152	59	468	160	149
4	38	0	107	373	149
19	38	12	107	170	149
25	1	88	0	153	149
1856	26	2603	22	153	149
7	54	18	159	330	149
15	80	46	463	242	149
0	104	106	385	976	149
8	121	24	510	246	149
10	121	11	510	268	149
14	121	23	510	345	149
3	1	0	13	171	149
7	1	12	13	248	149
100	0	279	9	490	149
30	6	281	86	4013	149
0	17	27	145	248	149
60	3	83	0	157	149
5	0	72	8	172	149
9	0	180	8	242	149
5	0	82	8	331	149
4	0	142	34	219	149
10	18	22	25	157	149
41	8195	199	6150	184	149
56	8899	125	7950	166	149
57	8899	124	7950	172	149
1	0	20	21	155	149
17	13	81	31	3872	149
0	27	6	126	170	149
471	142	476	127	411	149
14	0	57	25	173	149
0	5	3	3	184	149
18	88	99	1100	219	149
56	72	110	347	152	149
0	5	8	88	155	149
83	20	311	224	165	149
4	97	111	1180	265	149
539	1584	1683	2338	167	149
587	3	840	0	172	149
9352	4	3491	0	483	149
96	21	342	111	266	149
28	272	75	397	204	149
13	138	74	361	208	149
0	2	12	38	279	149
58	0	257	30	210	149
52	1	314	35	981	149
29	90	63	206	218	149
384	95	434	89	770	149
7	32	0	273	381	149
2	2	16	13	261	149
0	107	8	398	544	149
6	129	19	320	153	149
52	0	565	51	836	149
17	5958	131	10725	237	149
1	63	10	171	317	149
3	48	46	15	213	149
8	119	37	174	165	149
461	3	426	0	572	149
4	31	23	202	220	149
125	35	226	69	206	149
38	6975	124	5484	396	149
935	0	4409	12	2226	149
0	2	14	5	211	149
0	7	3	11	187	149
5	4	17	0	578	149
1	1	0	1	207	149
9	33	45	19	180	149
57	9	110	50	457	149
31	7	72	0	388	149
97	0	165	9	585	149
33	9	38	50	218	149
73	0	93	9	346	149
49	0	105	9	277	149
0	20	74	67	666	149
0	2	10	34	343	149
4572	78	109	0	799	149
2852	14	16	0	274	149
292	6	1	0	246	149
1	1098	0	2448	314	149
3	4	0	180	240	149
18	131	50	400	486	149
49	1	126	21	309	149
31	3	44	19	350	149
31	0	44	2	350	149
21	6	29	0	153	149
1	16	103	93	208	149
10	21	18	24	160	149
10	3	60	0	419	149
9	0	98	7	214	149
22	0	300	29	186	149
100	2	62	16	190	149
346	0	286	6	335	149
386	0	416	24	373	149
102	2	158	16	186	149
348	0	382	6	331	149
388	0	512	24	369	149
248	0	240	6	294	149
288	0	370	24	332	149
40	0	136	24	187	149
242	0	1067	19	227	149
0	5	95	67	515	149
4	7	0	23	166	149
30	10	113	0	278	149
30254	5	568	0	1889	149
14520	10	855	0	4211	149
2007	18133	38	823	744	149
32648	2	1678	0	4211	149
2672	18	1812	0	353	149
1	0	0	9	241	149
2	250	20	286	467	149
0	250	20	286	463	149
15	244	57	584	641	149
306	32	324	49	168	149
35	94	51	178	279	149
17	0	38	25	230	149
1375	13240	131	1106	162	149
22	155	7	92	159	149
1353	7	636	0	337	149
1342	7	694	0	358	149
595	31	535	5	230	149
0	25	78	257	268	149
17	88	53	128	191	149
4	9	0	66	229	149
1230	17	2105	0	376	149
1418	10	2619	35	340	149
101	6	232	12	391	149
286	12	659	8	430	149
191	12	439	8	188	149
282	6	659	15	430	149
1524	9	2858	0	391	149
1709	2	3285	28	430	149
194	2	427	28	188	149
1052	827	1981	1979	188	149
8	0	18	35	164	149
12	24	78	54	200	149
0	2	9	25	158	149
39	16	172	55	194	149
0	23	20	57	237	149
66	1	186	0	257	149
53	7	115	0	538	149
178	3	268	40	199	149
301	1	1505	0	1386	149
16	1	167	0	222	149
19	25	180	0	214	149
35	10	306	56	214	149
35	0	306	16	309	149
171	7	118	53	167	149
9	7	0	53	218	149
3	165	0	118	200	149
23	0	109	41	197	149
6	5	9	38	160	149
3	0	50	40	175	149
7	1	67	0	163	149
3	583	18	406	173	149
1	0	61	4	158	149
0	1	10	14	328	149
0	1	10	14	686	149
20	1	72	0	195	149
38	26	34	62	153	149
875	0	1838	9	3862	149
0	4	6	0	158	149
0	4	6	0	153	149
10	20	15	68	253	149
6	33	0	80	257	149
88	343	35	511	160	149
124	2	113	1	158	149
0	117	21	198	164	149
9	200	0	145	336	149
6	18	0	11	259	149
9	275	0	43	178	149
519	7	174	0	698	149
911	3	142	0	153	149
9	3	132	0	823	149
13	1	242	0	1139	149
0	22	13	25	225	149
32	47	10	87	219	149
33	1479	77	681	163	149
49	0	264	22	780	149
6	4	22	6	175	149
31	6	44	5	161	149
16	6	12	5	234	149
23	6	12	5	240	149
2	17	12	44	222	149
9	17	12	44	228	149
17	0	121	29	210	149
40	0	298	29	214	149
21	0	128	29	235	149
4	23	0	170	170	149
4	0	15	7	153	149
0	3	3	72	267	149
9	0	104	44	234	149
0	81	13	254	226	149
98	0	289	6	677	149
114	3	228	14	497	149
31	13	61	9	158	149
24	2	21	8	158	149
9	26	7	4	193	149
5	0	50	8	295	149
0	1660	18	1278	282	149
11	989	9	3849	165	149
23	4	37	5	153	149
39	5	90	7	369	149
7	199	59	1654	294	149
12	120	60	585	215	149
32	46	210	379	548	149
4	0	0	62	170	149
0	3	3	90	160	149
0	18	9	30	161	149
5	2	8	0	324	149
8	409	17	1074	159	149
6	5	23	58	163	149
1	0	10	4	239	149
24	20	64	37	153	149
25	3	36	0	176	149
35	3	33	0	212	149
10	0	0	3	185	149
117	8	149	0	176	149
108	94	314	248	274	149
163	4	393	0	208	149
21	4	96	0	214	149
3	145	0	297	155	149
5574	18	2979	0	166	149
0	7	4	49	1985	149
2	371	0	304	254	149
0	1	12	0	456	149
65	0	749	24	1767	149
18	157	7	963	314	149
3	216	5	649	152	149
0	42	19	347	227	149
25	78	34	137	681	149
13	1	151	62	198	149
41	0	98	8	182	149
3	29	32	76	156	149
103	18	399	82	589	149
11	40	42	40	180	149
20	245	23	130	180	149
395	0	286	13	196	149
33	567	9	1624	445	149
14	13	19	77	195	149
17	14	0	89	153	149
6	0	32	43	191	149
14	4	53	105	164	149
15	47	0	128	158	149
15	6	45	0	185	149
47	6	173	0	176	149
6	57	57	30	168	149
24	70	50	103	168	149
4	105	0	108	257	149
7	12	23	286	182	149
12	0	150	6	162	149
6	394	17	1119	200	149
1	3	0	7	167	149
429	17	545	6	167	149
5	154	73	455	156	149
0	28	47	595	428	149
105	95	625	521	2632	149
16	23	27	11	229	149
18	2	41	0	153	149
25	1	92	6	200	149
0	17	5	33	162	149
16	218	72	352	153	149
0	3	5	39	215	149
6	2	35	0	173	149
8	39	9	185	194	149
26	5	345	101	293	149
16	2	71	69	158	149
70	0	626	2	1566	149
210	33	240	35	182	149
547	660	512	523	182	149
0	3	13	7	184	149
5	8	4	13	255	149
5	8	6	13	194	149
59	0	142	14	193	149
4147	390	3112	420	236	149
1	197	1	1402	180	149
406	0	2440	15	2912	149
316	0	2151	47	180	149
0	451	11	4101	231	149
0	451	22	4101	213	149
6	451	28	4101	189	149
456	9	4141	44	844	149
3	9	0	44	538	149
2	9	0	44	363	149
2	9	0	44	238	149
5	75	15	527	195	149
1	76	17	486	159	149
5	20	86	46	173	149
32	0	129	43	188	149
63	0	390	56	374	149
136	3	475	0	207	149
128	0	399	9	643	149
540	2	1873	21	383	149
2	107	38	169	232	149
2	12	38	11	232	149
0	19	18	36	205	149
74	178	43	103	164	149
0	3	148	9	904	149
0	14	7	27	220	149
19	0	7	19	490	149
0	5	21	81	191	149
68	18862	136	39265	276	149
150	145	707	244	3226	149
2	0	62	12	267	149
4	124	49	686	169	149
7	5	96	0	153	149
77	30	237	138	174	149
3	2	0	59	161	149
53	19	288	18	277	149
119	8	348	15	425	149
15	7	18	25	531	149
115	30	223	34	236	149
145	819	28	635	172	149
0	30	9	139	1234	149
4	37	0	25	159	149
0	2	6	0	154	149
1151	62	1919	76	253	149
1163	12	3267	55	307	149
111	5	471	0	503	149
33	24	26	45	152	149
8	13	0	88	391	149
0	11	5	96	236	149
27	3	96	46	153	149
39	6	129	0	386	149
0	2	108	58	152	149
2330	3	2178	5	156	149
14	19	30	299	180	149
30	2	66	37	225	149
4	3	20	0	153	149
10	21	130	72	225	149
14	27	17	184	246	149
29	4	30	0	187	149
5	85	0	217	168	149
6	0	9	14	306	149
4845	29	5566	59	206	149
17	5	32	0	167	149
69	4	54	12	170	149
41	106	36	165	211	149
9	10	161	75	161	149
300	3	683	0	1502	149
22	1	17	0	170	149
638	0	1297	14	895	149
79	6	31	0	167	149
41	34	16	0	196	149
1011	0	1284	21	303	149
9	2	99	8	663	149
17	5	18	0	267	149
17	6	18	20	267	149
18	6	18	20	335	149
23	6	45	20	447	149
41	1	73	4	502	149
0	25	154	252	471	149
5	1	9	0	256	149
0	1	9	0	153	149
2804	44597	0	193	296	149
8	233	0	39	266	149
4	2	8	0	176	149
7	0	205	7	273	149
0	807	7	304	196	149
49	17	54	2	174	149
29	7	50	17	158	149
5	85	20	468	173	149
11	6	46	2	383	149
19	2	50	0	383	149
65	0	13	10	192	149
13	310	92	548	701	149
19	0	70	10	164	149
152	5	123	2	199	149
10	0	17	11	161	149
4	0	95	22	237	149
8	0	18	59	211	149
49	2	140	0	169	149
121	2	168	0	287	149
0	311	7	117	162	149
353	6	176	0	336	149
2	10	0	64	314	149
8	4	37	12	261	149
12	10	65	0	483	149
10	107	0	180	195	149
327	60	1286	180	194	149
12	152	20	275	269	149
2	41	24	95	190	149
5	0	37	13	383	149
9	170	123	200	312	149
65	71	260	159	924	149
19	0	37	13	188	149
1	0	48	6	194	149
21	0	114	20	188	149
13	101	16	42	179	149
183	39	597	126	2984	149
55	21	62	9	268	149
66	100	68	194	268	149
736	6	2950	69	204	149
876	83	5023	623	153	149
1949	83	7938	623	298	149
1949	876	7926	5011	294	149
48	8	209	15	222	149
12	0	109	11	153	149
1347	0	5346	11	298	149
1347	12	5334	97	294	149
46	2810	329	13973	425	149
0	261	1	123	196	149
155	141	241	209	160	149
533	0	615	5	439	149
0	11	31	17	323	149
360	1	882	34	218	149
6	187	11	297	199	149
87	15	382	16	183	149
0	4	8	12	159	149
4	2	17	33	158	149
0	54	4	61	167	149
69	488	172	459	1021	149
3	0	1	11	158	149
3	0	71	27	158	149
12	4	28	29	155	149
22	6	232	187	989	149
0	9	14	24	232	149
5	10	2	44	549	149
5	0	2	34	561	149
10	0	44	34	161	149
6	1	180	2	152	149
24	1	85	0	260	149
21055	0	32630	4	388	149
24813	0	40670	9	801	149
20751	2	39005	0	562	149
128	4593	246	10907	772	149
17	6	82	0	212	149
1	3	63	0	163	149
2	5	9	19	154	149
62	0	33	3	153	149
16	97	27	120	301	149
144	4	198	0	173	149
45	10	60	46	233	149
20	0	184	18	206	149
64	93	17	162	305	149
18	7	38	0	216	149
10	239	16	49	315	149
89	48	243	36	792	149
4	56	0	361	167	149
233	2	265	8	233	149
5	6	22	26	458	149
0	21	15	12	215	149
1	6	8	14	154	149
12	40	5	100	268	149
4	0	40	83	192	149
2	0	0	1	1763	149
200	44	16	0	317	149
350	833	392	362	440	149
821	81	615	22	494	149
1304	81	585	22	203	149
2733	9	1520	0	650	149
6	134	39	938	251	149
13	133	12	99	233	149
17	117	74	233	371	149
298	0	532	8	1009	149
519	12	431	12	251	149
2503	3	528	0	862	149
1402	6	332	0	182	149
1	60	0	292	157	149
0	2	23	78	245	149
12	2373	20	466	153	149
23	3	16	0	158	149
2	4	7	0	158	149
401	0	405	1	424	149
235	11	808	104	153	149
111	10	433	38	153	149
2405	9	3495	23	155	149
773	1	391	0	201	149
10	265	12	287	199	149
0	24	4	90	167	149
16	17	15	66	164	149
26	8	105	15	185	149
2	110	0	162	191	149
53	60	67	66	386	149
39	16	60	18	681	149
0	4	6	92	200	149
12	4	139	1	578	149
603	4	975	0	198	149
3	8	26	0	189	149
9	8	26	6	189	149
96	0	566	11	200	149
9	96	0	112	174	149
36	1153	0	14	298	149
38	58	90	32	191	149
2	4	22	0	154	149
279	60	2988	638	537	149
373	0	279	24	443	149
0	2	22	87	153	149
0	9	22	211	158	149
96	0	259	2	156	149
0	5	8	2	231	149
0	5	8	2	307	149
2	0	26	16	158	149
8	16	17	0	233	149
16	700	68	1278	336	149
84	0	198	58	179	149
2	30	46	95	1493	149
9	3	135	0	253	149
105	0	580	8	396	149
120	19	399	0	176	149
47	151	34	213	185	149
11	0	128	85	278	149
7	18	50	22	158	149
8	18	106	22	161	149
8	7	90	34	152	149
152	0	328	2	153	149
1205	14	1298	16	212	149
12	440	102	933	153	149
79	0	127	33	240	149
0	11	50	27	173	149
0	5	94	12	173	149
7	3	33	192	222	149
7	4	43	22	222	149
4	7	30	124	171	149
10	7	33	124	222	149
9	3	7	4	200	149
7	3	41	54	222	149
20	2	122	20	494	149
205	5	1579	55	323	149
6	13	42	126	266	149
22	2	10	14	326	149
11	7	70	20	173	149
16	43	43	292	265	149
35	0	96	4	221	149
1	73	0	120	161	149
19	4	79	56	261	149
30	28	75	130	389	149
6	35	36	172	172	149
18	325	9	237	215	149
134	2	282	0	254	149
0	77	16	182	178	149
5	2	0	7	154	149
6	325	21	612	155	149
279	5	590	0	161	149
1496	2	1180	0	1084	149
26	195	123	961	429	149
66	2	320	0	1111	149
11	641	0	426	160	149
1	63	12	270	275	149
267	139	706	1314	565	149
0	3	5	80	356	149
67	4	148	24	1602	149
11	418	16	304	155	149
16	231	10	102	161	149
555	8	567	0	396	149
80	4	508	6	291	149
100	207	72	69	509	149
83	93	330	46	1846	149
17	67	36	107	298	149
24	9	37	7	395	149
26	0	37	25	407	149
11	0	7	25	161	149
151	12	259	0	167	149
8	92	34	146	237	149
79	850	59	834	158	149
32	74	34	150	393	149
279	11	414	0	238	149
11	7	3	0	278	149
145	6	846	0	601	149
6	15	19	18	296	149
22	105	35	123	160	149
68	472	7	202	160	149
2	0	0	87	152	149
1	21	3	11	161	149
20393	73	42745	83	196	149
2724	72	6434	141	169	149
9397	23	15039	30	862	149
4951	3	8424	0	216	149
48	4	17	0	212	149
2	5	14	128	691	149
3	46	6	37	702	149
125	1	14	0	155	149
0	41	31	300	933	149
14	7	18	0	208	149
154	3	317	18	252	149
159	29	284	23	171	149
6	0	103	15	195	149
529	5	367	0	337	149
0	1	6	79	310	149
0	1	1	79	159	149
2	178	4	726	213	149
89	0	91	18	169	149
6	0	39	5	171	149
37	7	152	14	157	149
72	4	265	0	773	149
3	77	13	513	179	149
89	0	472	29	182	149
7299	6	14682	0	270	149
101	42	146	93	177	149
12	814	2	25	246	149
4	814	0	25	181	149
386	15	130	32	715	149
603	6	141	0	319	149
12	452	25	338	247	149
73	0	507	2	153	149
35	16	134	98	246	149
0	16	1	98	153	149
168	80	237	79	227	149
4	93	0	141	151	149
0	43	9	179	152	149
71	3	178	0	251	149
56	2	249	0	338	149
4	2	0	60	158	149
18	23	76	85	161	149
21	362	1	285	155	149
4	33	0	55	166	149
76	2	251	0	500	149
0	2	52	74	179	149
2	0	86	13	230	149
4	0	108	13	200	149
2	0	239	37	629	149
3030	55	6039	100	153	149
32	3	6	8	223	149
60	5	23	0	257	149
31	5	25	0	183	149
9	4	17	8	153	149
3	1	0	18	191	149
0	292	13	193	179	149
3	14	19	56	298	149
22	5	8	0	152	149
28	19	47	76	152	149
65	35	122	0	239	149
56	35	151	0	236	149
14	60	42	92	158	149
7	2	19	32	158	149
6	2	44	24	400	149
2	0	5	27	153	149
48	4	8	0	153	149
27	48	143	138	155	149
29	0	51	5	556	149
756	273	257	120	302	149
8	16	87	100	268	149
26	16	283	100	319	149
18	0	208	12	200	149
1960	43	1438	46	192	149
1092	0	971	11	1440	149
5	693	51	589	236	149
481	259	833	195	197	149
168	8	378	8	197	149
595	10	683	93	164	149
25	57	114	236	286	149
21	18	149	88	573	149
39	8	115	6	1048	149
4	85	22	220	173	149
22	0	165	13	173	149
6	0	0	5	3462	149
121	23	157	8	153	149
78	0	236	7	741	149
17	3	93	21	155	149
125	3	271	0	599	149
22	264	11	368	160	149
117	6	29	0	161	149
7	0	20	1	174	149
32	159	8	97	288	149
0	28	20	65	475	149
0	31	8	140	294	149
1	2	4	13	220	149
1	40	4	66	217	149
1	40	4	66	271	149
96	1	26	0	235	149
358	7	335	4	211	149
369	20	312	26	211	149
7	11	17	17	164	149
52	43	123	17	155	149
60	3	77	0	165	149
1	60	0	77	153	149
10	55	53	105	161	149
3	54	15	93	227	149
0	8	18	16	179	149
0	20	40	127	179	149
0	30	9	65	181	149
0	20	11	19	347	149
5	21	0	64	153	149
3	17	11	56	296	149
8	3	28	21	169	149
0	5	21	2	498	149
0	3	38	20	204	149
27	0	264	14	271	149
1	0	11	18	174	149
4	4	320	12	166	149
143	15	391	40	701	149
4	15	26	40	172	149
170	2	497	13	311	149
5	1074	0	979	181	149
3	10	0	62	224	149
10	0	0	11	180	149
26	4	633	167	1325	149
0	6	3	76	179	149
6	7	116	17	155	149
157	3	441	0	298	149
270	0	548	15	298	149
0	8	12	23	548	149
1	4	17	55	202	149
0	19	8	47	165	149
4	5	13	0	254	149
0	30	8	112	197	149
3	120	0	85	199	149
8	0	24	12	225	149
0	7	15	109	216	149
113	0	421	12	1698	149
2	2	11	0	259	149
6	1	45	9	217	149
229	3	775	0	3062	149
113	3	366	0	1310	149
10	17	35	12	1469	149
69	11	307	0	385	149
24	182	121	704	263	149
419	7	462	0	407	149
62	32	23	8	167	149
3	3	0	36	274	149
8	4	75	60	154	149
0	35	9	179	295	149
49	11	268	73	256	149
0	11	60	73	296	149
0	49	51	259	189	149
0	11	19	27	188	149
114	0	288	3	523	149
20	2	185	0	175	149
19	540	118	1093	164	149
20	82	25	281	176	149
0	9	27	370	1077	149
8	4	30	32	284	149
4094	21	7286	57	483	149
68	2	94	19	233	149
247	8	292	0	170	149
1	3	12	57	182	149
18	7	10	0	153	149
507	1	528	34	324	149
35	520	79	465	156	149
12	8	36	17	173	149
56	31	289	403	255	149
24	4870	60	9036	179	149
235	4870	239	9036	280	149
226	15	239	60	250	149
171	29	255	26	494	149
22	82	41	72	161	149
11	7	133	0	154	149
74	329	184	1200	721	149
26	58	92	280	206	149
0	44	2	440	163	149
2	2	0	32	153	149
29	174	629	1383	158	149
0	174	7	1383	162	149
135	2	972	24	191	149
34	1	108	0	154	149
219	1	298	0	186	149
7	419	28	2393	170	149
16	0	195	4	381	149
13	0	188	17	381	149
1	0	0	3	234	149
154	10	415	20	191	149
455	21	91	0	166	149
33	79	46	117	268	149
0	9	27	112	162	149
8	406	75	3477	274	149
65	4337	124	8207	403	149
34	0	255	4	381	149
10	0	42	3	482	149
109	67	96	99	155	149
0	27	7	244	154	149
52	7	129	7	426	149
34	7	96	7	528	149
5	23	6	39	251	149
22	35	135	78	390	149
1	11	10	0	181	149
5064	1	7713	0	190	149
24545	5	32006	27	190	149
5046	46	7694	109	190	149
150	11192	270	21656	160	149
109	22	201	61	173	149
16	79	46	326	378	149
18	302	2	452	193	149
4	18	1	44	212	149
7	0	48	257	203	149
8	0	203	65	262	149
1	0	412	65	208	149
119	33	612	149	287	149
820	25	101	5	233	149
505	7	203	0	154	149
0	579	67	2240	496	149
52	107	132	111	229	149
5	4	74	24	196	149
49	237	221	953	668	149
9	0	40	4	216	149
114	10	1449	78	202	149
0	142	35	1911	159	149
354	0	2080	17	909	149
0	28	68	277	291	149
0	5	10	10	570	149
3	3	33	46	158	149
11	33	46	60	192	149
69	0	33	34	421	149
52	132	25	175	160	149
692	8	634	0	423	149
68	14	65	0	196	149
