ID
1
2
5
7
13
14
17
19
20
21
22
27
41
43
44
47
48
49
50
51
57
58
61
62
65
68
69
71
72
75
76
78
83
84
85
88
94
95
100
102
103
105
117
120
121
122
123
124
127
131
134
143
145
146
158
159
162
163
167
169
170
181
193
195
196
197
199
209
210
211
215
216
217
218
219
220
221
223
224
225
226
230
239
247
249
251
252
253
254
255
256
260
261
263
264
265
266
267
268
269
270
271
272
273
274
275
276
277
278
279
280
286
291
292
293
294
295
296
297
298
300
301
302
303
307
308
313
314
320
322
323
324
325
332
338
339
342
343
344
345
346
347
348
350
351
352
353
354
361
364
368
372
380
390
391
392
393
395
396
397
398
399
400
402
403
404
405
406
407
408
409
410
411
413
414
415
416
417
418
420
421
422
423
447
448
450
452
453
454
455
456
458
459
460
461
462
463
464
465
466
467
476
478
479
480
482
483
485
486
487
489
492
494
496
498
499
503
504
507
509
514
515
516
517
520
521
522
523
524
525
528
529
534
536
538
539
540
544
545
547
549
553
555
556
557
558
559
560
562
564
567
568
569
570
572
573
578
579
582
583
584
585
587
588
610
611
612
613
614
615
616
617
619
620
622
623
625
629
630
632
634
635
637
638
639
640
641
642
643
644
645
649
650
651
652
654
655
659
662
663
664
665
666
667
668
669
670
674
675
687
689
690
701
702
703
706
707
711
714
715
716
717
718
723
726
727
732
733
734
736
737
738
742
750
752
753
754
756
757
758
759
760
761
764
767
773
774
775
777
780
782
783
784
786
791
792
797
798
822
823
824
831
832
835
845
847
848
849
855
856
860
861
862
867
868
869
870
871
883
895
896
897
899
900
902
903
904
908
910
912
916
921
938
942
943
950
953
954
957
958
959
960
973
974
975
976
978
980
983
985
986
987
991
994
995
996
997
998
999
1001
1003
1004
1006
1009
1013
1018
1025
1026
1027
1028
1029
1030
1031
1032
1034
1035
1036
1037
1039
1043
1044
1053
1056
1057
1058
1060
1061
1063
1064
1066
1067
1071
1072
1075
1076
1077
1078
1079
1080
1082
1084
1085
1086
1088
1090
1091
1092
1101
1102
1109
1111
1114
1116
1119
1121
1122
1123
1129
1130
1131
1133
1135
1137
1138
1140
1141
1144
1154
1158
1159
1160
1163
1165
1166
1167
1168
1171
1192
1193
1198
1199
1203
1204
1205
1206
1209
1210
1214
1216
1220
1223
1224
1225
1226
1228
1232
1234
1236
1238
1244
1248
1251
1253
1255
1256
1268
1269
1270
1271
1273
1278
1281
1283
1287
1288
1290
1291
1296
1300
1301
1302
1303
1310
1320
1321
1326
1328
1331
1332
1334
1335
1337
1340
1343
1347
1350
1352
1356
1357
1359
1360
1361
1362
1364
1369
1373
1374
1376
1379
1380
1382
1384
1387
1391
1392
1393
1394
1395
1405
1407
1408
1410
1415
1416
1417
1418
1420
1421
1424
1425
1427
1432
1436
1437
1440
1443
1446
1452
1453
1454
1455
1456
1457
1459
1461
1462
1466
1469
1472
1477
1480
1482
1484
1485
1487
1488
1500
1508
1510
1511
1513
1520
1522
1523
1524
1525
1528
1532
1537
1540
1541
1542
1546
1548
1549
1552
1553
1554
1555
1556
1557
1558
1559
1562
1567
1569
1570
1576
1578
1579
1580
1581
1586
1589
1590
1595
1597
1603
1618
1620
1621
1624
1627
1629
1630
1631
1633
1634
1635
1639
1641
1642
1643
1646
1647
1648
1654
1658
1660
1662
1664
1665
1670
1671
1672
1673
1676
1677
1680
1689
1690
1692
1693
1694
1708
1713
1717
1718
1719
1721
1722
1724
1725
1727
1737
1745
1753
1754
1761
1764
1766
1767
1768
1771
1773
1775
1783
1785
1786
1787
1788
1789
1790
1791
1792
1794
1795
1796
1802
1807
1808
1809
1810
1812
1817
1818
1819
1825
1828
1830
1834
1835
1836
1844
1847
1851
1852
1853
1859
1860
1865
1870
1871
1872
1875
1876
1877
1878
1883
1885
1886
1888
1889
1893
1894
1895
1896
1897
1898
1903
1904
1905
1907
1908
1911
1915
1925
1928
1929
1931
1932
1933
1934
1935
1936
1937
1938
1939
1940
1944
1954
1955
1956
1957
1958
1971
1972
1974
1975
1978
1987
1996
1997
2003
2004
2010
2011
2013
2014
2015
2016
2017
2018
2020
2023
2027
2028
2031
2032
2033
2035
2036
2037
2038
2040
2047
2053
2059
2060
2064
2065
2067
2072
2074
2075
2076
2078
2079
2080
2081
2082
2083
2084
2085
2086
2088
2090
2091
2097
2098
2119
2121
2124
2125
2130
2131
2132
2133
2134
2135
2137
2138
2140
2141
2152
2168
2177
2192
2193
2194
2195
2196
2197
2212
2215
2216
2217
2218
2220
2221
2230
2234
2236
2238
2240
2245
2251
2253
2256
2257
2258
2264
2269
2270
2273
2275
2277
2278
2279
2280
2286
2288
2294
2295
2297
2306
2310
2311
2312
2313
2316
2320
2321
2326
2328
2329
2331
2332
2333
2334
2335
2336
2337
2338
2344
2345
2347
2349
2350
2354
2355
2357
2359
2360
2361
2364
2365
2366
2374
2375
2378
2379
2380
2385
2386
2387
2389
2397
2403
2404
2407
2408
2414
2415
2416
2417
2418
2423
2425
2427
2443
2444
2445
2446
2451
2454
2455
2456
2457
2461
2462
2463
2468
2470
2471
2473
2476
2477
2478
2482
2483
2484
2485
2486
2487
2488
2489
2490
2492
2493
2494
2495
2498
2500
2501
2502
2504
2506
2511
2514
2520
2521
2522
2526
2532
2534
2536
2541
2542
2549
2551
2562
2575
2582
2583
2585
2588
2590
2591
2598
2599
2612
2613
2614
2615
2616
2618
2625
2639
2641
2644
2645
2646
2648
2649
2650
2651
2652
2657
2660
2664
2665
2669
2670
2671
2675
2676
2677
2678
2681
2683
2684
2689
2690
2691
2695
2698
2699
2700
2701
2702
2703
2704
2705
2706
2707
2708
2709
2710
2711
2712
2714
2715
2716
2719
2720
2721
2722
2723
2732
2735
2748
2749
2751
2755
2756
2757
2759
2760
2761
2762
2763
2764
2765
2766
2767
2768
2769
2770
2779
2782
2783
2785
2796
2797
2798
2799
2800
2805
2806
2808
2811
2812
2813
2819
2821
2822
2824
2825
2826
2827
2828
2829
2838
2841
2844
2845
2846
2848
2849
2850
2851
2856
2858
2863
2864
2866
2867
2868
2873
2877
2886
2887
2890
2891
2895
2902
2904
2906
2910
2911
2913
2914
2915
2918
2920
2921
2922
2926
2930
2931
2932
2946
2947
2948
2959
2960
2961
2962
2965
2966
2969
2973
2979
2981
2982
2984
2985
2986
2989
2991
2997
2998
3001
3002
3003
3004
3005
3009
3010
3011
3012
3013
3018
3024
3026
3027
3028
3032
3034
3035
3036
3043
3045
3046
3047
3052
3053
3054
3055
3066
3071
3072
3073
3076
3077
3078
3083
3084
3086
3087
3090
3092
3097
3098
3099
3101
3103
3104
3108
3114
3116
3120
3122
3123
3147
3149
3150
3151
3152
3159
3160
3163
3164
3170
3171
3172
3173
3174
3175
3180
3185
3186
3187
3188
3191
3192
3193
3200
3204
3211
3214
3221
3231
3232
3233
3234
3235
3248
3252
3253
3256
3277
3300
3303
3304
3306
3307
3313
3317
3318
3322
3325
3326
3327
3328
3329
3330
3334
3345
3347
3349
3350
3362
3365
3366
3368
3376
3381
3382
3383
3384
3385
3386
3390
3391
3393
3394
3395
3400
3403
3404
3405
3406
3411
3412
3422
3428
3429
3433
3434
3435
3436
3437
3438
3439
3444
3445
3450
3451
3453
3455
3456
3458
3460
3461
3462
3464
3467
3470
3471
3473
3477
3478
3479
3481
3484
3490
3491
3493
3494
3496
3502
3508
3513
3522
3526
3530
3539
3542
3550
3554
3555
3556
3559
3562
3563
3565
3568
3569
3570
3571
3573
3574
3575
3576
3577
3579
3580
3581
3585
3587
3588
3589
3590
3591
3592
3594
3595
3596
3601
3607
3611
3613
3614
3615
3616
3624
3625
3628
3630
3632
3633
3634
3635
3641
3644
3645
3646
3647
3648
3650
3651
3652
3657
3658
3660
3662
3663
3664
3665
3666
3667
3668
3672
3673
3675
3676
3677
3679
3680
3681
3685
3697
3698
3699
3700
3702
3704
3707
3708
3710
3722
3723
3724
3726
3727
3728
3730
3733
3744
3747
3748
3749
3752
3761
3762
3767
3776
3779
3780
3781
3782
3783
3784
3785
3788
3790
3791
3799
3800
3801
3802
3803
3813
3816
3818
3820
3821
3825
3827
3828
3833
3834
3835
3838
3841
3843
3847
3848
3849
3850
3852
3856
3860
3863
3864
3866
3867
3872
3874
3875
3878
3880
3881
3882
3883
3884
3885
3886
3887
3888
3891
3894
3895
3896
3897
3898
3899
3904
3907
3910
3911
3912
3914
3915
3916
3919
3921
3922
3923
3924
3925
3927
3929
3934
3936
3949
3956
3957
3964
3966
3967
3969
3974
3977
3978
3979
3985
3986
3987
3988
3990
3991
3995
3996
4007
4010
4018
4033
4034
4044
4048
4049
4056
4058
4071
4072
4074
4078
4080
4081
4082
4083
4085
4086
4087
4088
4091
4092
4097
4100
4101
4103
4106
4107
4108
4120
4127
4128
4129
4133
4134
4137
4140
4143
4144
4145
4146
4147
4149
4153
4155
4156
4157
4158
4161
4163
4164
4168
4170
4174
4175
4176
4177
4178
4185
4186
4187
4192
4195
4200
4202
4204
4206
4209
4213
4214
4216
4218
4219
4221
4223
4225
4226
4227
4229
4234
4239
4241
4251
4252
4256
4257
4258
4259
4261
4263
4264
4266
4268
4271
4273
4274
4275
4287
4289
4300
4301
4302
4303
4305
4308
4309
4310
4313
4315
4344
4345
4347
4348
4349
4350
4351
4352
4357
4358
4360
4361
4368
4378
4382
4384
4386
4387
4388
4389
4392
4399
4400
4403
4404
4405
4406
4407
4409
4410
4412
4415
4416
4418
4419
4420
4423
4424
4425
4426
4427
4429
4435
4436
4437
4438
4440
4442
4443
4446
4447
4450
4452
4455
4459
4467
4471
4477
4482
4485
4491
4492
4498
4499
4501
4506
4507
4511
4512
4513
4522
4523
4524
4529
4530
4532
4538
4539
4547
4565
4574
4575
4583
4585
4586
4591
4594
4595
4597
4598
4599
4604
4608
4609
4613
4616
4617
4619
4632
4633
4634
4635
4636
4637
4638
4639
4640
4641
4642
4643
4644
4645
4647
4650
4653
4657
4658
4659
4669
4672
4674
4677
4682
4683
4687
4696
4697
4699
4700
4702
4703
4704
4710
4711
4713
4716
4722
4723
4725
4726
4730
4736
4739
4740
4742
4743
4746
4751
4753
4754
4756
4758
4759
4761
4762
4763
4765
4766
4767
4768
4770
4774
4775
4776
4777
4783
4787
4790
4791
4794
4802
4803
4805
4807
4808
4809
4810
4814
4815
4816
4817
4822
4823
4826
4829
4830
4834
4836
4847
4850
4852
4854
4858
4859
4860
4867
4875
4876
4878
4879
4880
4886
4891
4892
4895
4904
4907
4908
4911
4915
4920
4923
4924
4925
4929
4930
4932
4933
4934
4935
4937
4941
4946
4947
4948
4949
4951
4960
4963
4964
4968
4973
4974
4975
4976
4982
4987
4989
4990
4997
4999
5002
5004
5009
5010
5014
5016
5017
5018
5019
5023
5027
5029
5032
5039
5040
5041
5043
5044
5045
5046
5051
5056
5058
5059
5079
5081
5083
5088
5089
5090
5091
5092
5093
5094
5100
5104
5110
5111
5112
5113
5116
5118
5119
5124
5128
5129
5130
5133
5134
5138
5148
5151
5152
5153
5154
5158
5159
5162
5167
5168
5169
5172
5173
5180
5182
5187
5191
5194
5195
5197
5198
5202
5203
5206
5207
5208
5211
5214
5218
5220
5221
5225
5226
5227
5228
5229
5230
5231
5232
5233
5235
5238
5248
5249
5252
5253
5256
5257
5260
5266
5268
5269
5280
5289
5291
5294
5310
5314
5315
5316
5317
5318
5322
5323
5327
5328
5330
5331
5332
5333
5334
5335
5338
5344
5345
5347
5348
5349
5351
5352
5356
5363
5369
5370
5371
5388
5389
5391
5392
5398
5400
5402
5405
5407
5429
5430
5431
5435
5437
5438
5441
5442
5443
5444
5446
5447
5448
5449
5456
5463
5466
5469
5471
5472
5475
5476
5479
5481
5483
5484
5485
5488
5489
5491
5499
5505
5509
5514
5518
5519
5520
5523
5524
5526
5528
5529
5530
5531
5532
5533
5534
5539
5540
5541
5542
5544
5545
5550
5555
5558
5559
5560
5561
5562
5563
5565
5566
5567
5568
5569
5570
5571
5572
5573
5575
5576
5578
5579
5581
5586
5590
5591
5594
5596
5604
5605
5609
5610
5613
5614
5621
5624
5625
5626
5631
5632
5633
5644
5646
5648
5649
5654
5655
5656
5657
5658
5659
5660
5663
5664
5665
5668
5671
5674
5675
5678
5683
5684
5687
5688
5690
5691
5695
5696
5697
5706
5707
5708
5712
5713
5714
5715
5723
5724
5727
5732
5739
5740
5743
5750
5766
5772
5776
5777
5778
5779
5780
5781
5782
5783
5784
5786
5788
5789
5790
5792
5800
5813
5815
5816
5819
5820
5823
5828
5829
5830
5831
5832
5833
5846
5847
5848
5850
5856
5857
5858
5864
5865
5866
5868
5869
5872
5873
5877
5878
5879
5881
5882
5883
5884
5886
5887
5888
5889
5890
5893
5898
5899
5902
5912
5913
5917
5919
5920
5931
5932
5933
5934
5939
5940
5941
5945
5946
5950
5953
5956
5957
5958
5959
5960
5961
5962
5963
5972
5973
5974
5978
5983
5984
5992
5993
5994
5995
5996
5997
5998
6008
6010
6012
6018
6026
6031
6039
6040
6042
6053
6056
6057
6060
6061
6062
6063
6064
6065
6066
6067
6068
6069
6079
6080
6081
6086
6087
6090
6091
6092
6100
6101
6102
6104
6107
6109
6113
6117
6119
6120
6121
6123
6124
6126
6133
6134
6136
6137
6141
6144
6147
6149
6150
6152
6159
6161
6167
6169
6171
6175
6185
6187
6188
6190
6191
6193
6194
6196
6197
6198
6202
6215
6221
6222
6223
6224
6225
6229
6237
6238
6240
6244
6246
6249
6253
6254
6256
6257
6258
6260
6261
6264
6267
6268
6269
6270
6271
6272
6273
6274
6275
6276
6279
6283
6286
6299
6300
6306
6309
6311
6315
6321
6322
6325
6328
6332
6340
6341
6344
6345
6347
6348
6349
6351
6371
6376
6379
6380
6384
6389
6392
6396
6398
6402
6403
6409
6410
6411
6412
6424
6428
6440
6441
6450
6451
6453
6455
6463
6467
6468
6469
6470
6471
6484
6487
6489
6493
6496
6497
6498
6502
6504
6505
6507
6512
6522
6524
6526
6527
6528
6533
6536
6545
6546
6547
6553
6554
6557
6561
6562
6568
6573
6576
6582
6583
6586
6591
6593
6594
6595
6596
6600
6609
6610
6613
6615
6616
6617
6618
6619
6621
6622
6623
6625
6626
6633
6634
6635
6637
6639
6640
6643
6644
6645
6646
6647
6650
6651
6663
6665
6666
6667
6668
6669
6672
6676
6681
6682
6684
6685
6688
6689
6690
6691
6692
6693
6694
6695
6696
6698
6704
6705
6708
6709
6713
6718
6719
6721
6723
6724
6726
6727
6732
6745
6747
6752
6753
6756
6757
6758
6759
6760
6761
6764
6769
6775
6776
6778
6781
6782
6788
6791
6798
6799
6803
6806
6814
6822
6824
6831
6834
6841
6850
6851
6852
6860
6872
6873
6874
6875
6876
6877
6878
6879
6880
6881
6882
6886
6887
6891
6892
6899
6901
6902
6904
6905
6906
6910
6913
6914
6915
6918
6919
6921
6923
6924
6925
6931
6937
6944
6951
6953
6954
6955
6956
6958
6959
6962
6967
6971
6972
6975
6977
6978
6982
6985
6986
6987
6992
6993
6994
7007
7011
7014
7015
7022
7024
7025
7026
7027
7029
7030
7031
7032
7033
7035
7036
7053
7054
7059
7061
7064
7065
7066
7068
7069
7071
7077
7078
7079
7080
7081
7082
7083
7084
7086
7088
7089
7090
7092
7093
7097
7102
7104
7105
7108
7113
7114
7115
7120
7121
7122
7127
7128
7132
7133
7134
7135
7139
7143
7144
7146
7147
7148
7149
7150
7152
7153
7154
7156
7157
7159
7162
7163
7165
7168
7169
7172
7173
7174
7176
7178
7180
7181
7182
7183
7184
7186
7187
7188
7191
7192
7194
7195
7196
7200
7203
7206
7208
7210
7223
7225
7232
7233
7251
7259
7262
7264
7275
7277
7279
7280
7281
7282
7283
7284
7285
7286
7288
7289
7292
7293
7300
7307
7308
7309
7310
7311
7314
7316
7317
7328
7330
7331
7332
7334
7335
7336
7341
7352
7358
7360
7361
7366
7369
7370
7373
7378
7379
7380
7381
7391
7396
7398
7399
7400
7401
7402
7403
7406
7408
7413
7417
7418
7419
7423
7424
7425
7426
7428
7431
7437
7438
7439
7440
7441
7442
7444
7449
7453
7456
7457
7458
7464
7466
7467
7468
7469
7470
7471
7472
7476
7479
7482
7484
7488
7492
7496
7502
7503
7504
7508
7510
7513
7518
7521
7522
7524
7525
7526
7529
7530
7531
7532
7534
7535
7537
7542
7547
7550
7551
7552
7553
7554
7556
7559
7564
7565
7566
7571
7572
7575
7577
7586
7588
7590
7592
7598
7599
7600
7602
7603
7606
7609
7611
7616
7621
7625
7634
7637
7650
7655
7658
7659
7660
7662
7663
7669
7677
7678
7685
7689
7694
7695
7699
7702
7709
7711
7712
7717
7718
7721
7739
7740
7741
7751
7753
7754
7755
7756
7760
7761
7762
7763
7764
7765
7766
7767
7769
7770
7774
7777
7779
7780
7781
7782
7783
7786
7789
7790
7795
7796
7799
7803
7804
7806
7807
7808
7809
7810
7816
7817
7818
7819
7820
7821
7830
7831
7832
7833
7837
7838
7839
7842
7846
7852
7869
7874
7875
7876
7877
7878
7881
7882
7883
7884
7886
7892
7899
7900
7901
7911
7914
7917
7919
7927
7928
7929
7932
7933
7937
7940
7941
7942
7943
7944
7951
7952
7953
7959
7964
7978
7979
7980
7981
7982
7996
7997
7998
8007
8008
8009
8011
8013
8015
8016
8018
8020
8023
8024
8027
8028
8030
8033
8034
8038
8046
8048
8049
8050
8052
8058
8059
8061
8062
8063
8064
8065
8076
8077
8079
8081
8086
8087
8091
8092
8094
8108
8111
8113
8114
8115
8126
8127
8128
8132
8136
8137
8138
8149
8150
8158
8160
8162
8163
8164
8177
8178
8179
8180
8182
8186
8195
8196
8199
8200
8201
8215
8216
8224
8225
8226
8229
8242
8243
8245
8246
8251
8252
8253
8255
8256
8259
8261
8262
8263
8264
8268
8269
8273
8275
8276
8277
8281
8283
8285
8287
8290
8299
8300
8301
8302
8304
8307
8310
8313
8323
8332
8340
8345
8346
8349
8352
8355
8357
8358
8360
8361
8362
8363
8375
8378
8379
8381
8384
8387
8388
8389
8391
8393
8395
8396
8397
8398
8399
8412
8416
8418
8421
8422
8423
8424
8425
8426
8427
8433
8434
8445
8449
8450
8451
8458
8460
8462
8466
8474
8476
8479
8480
8481
8482
8485
8486
8487
8492
8493
8501
8505
8510
8511
8514
8515
8516
8517
8521
8522
8527
8528
8532
8534
8535
8536
8538
8541
8542
8544
8545
8546
8547
8548
8549
8551
8552
8553
8554
8555
8561
8562
8563
8565
8566
8567
8568
8569
8572
8573
8574
8575
8577
8578
8580
8582
8583
8584
8585
8588
8593
8594
8595
8596
8600
8605
8609
8611
8617
8620
8624
8627
8628
8630
8633
8638
8639
8640
8641
8642
8643
8644
8645
8646
8648
8650
8651
8652
8653
8655
8658
8660
8661
8687
8689
8690
8691
8692
8694
8701
8719
8721
8722
8724
8731
8732
8736
8745
8746
8749
8750
8759
8760
8764
8765
8766
8770
8771
8777
8778
8780
8782
8784
8785
8796
8797
8804
8805
8814
8815
8824
8825
8828
8831
8833
8834
8841
8842
8846
8851
8852
8853
8854
8855
8856
8857
8867
8868
8869
8872
8873
8874
8885
8889
8892
8894
8895
8896
8897
8898
8900
8901
8904
8905
8906
8910
8918
8928
8930
8935
8936
8937
8939
8941
8954
8955
8956
8957
8969
8976
8977
8978
8979
8980
8981
8988
8997
8998
8999
9000
9001
9002
9003
9004
9006
9010
9012
9016
9019
9023
9027
9031
9032
9034
9035
9036
9038
9039
9040
9042
9043
9045
9051
9056
9057
9058
9059
9060
9061
9063
9065
9066
9067
9068
9070
9071
9072
9073
9076
9077
9078
9079
9080
9082
9084
9085
9086
9087
9088
9089
9092
9101
9104
9110
9111
9112
9122
9124
9134
9136
9138
9139
9146
9148
9149
9151
9172
9177
9185
9186
9187
9189
9193
9201
9202
9203
9212
9213
9214
9215
9217
9219
9222
9223
9228
9229
9243
9244
9245
9246
9247
9248
9249
9254
9258
9259
9260
9263
9264
9267
9268
9270
9271
9272
9273
9274
9275
9276
9278
9279
9281
9283
9284
9285
9291
9295
9296
9297
9300
9301
9302
9305
9306
9307
9309
9311
9314
9316
9317
9320
9322
9323
9326
9337
9338
9339
9340
9345
9346
9348
9350
9352
9356
9370
9371
9377
9380
9385
9386
9387
9388
9390
9392
9393
9394
9397
9398
9399
9401
9402
9409
9411
9412
9413
9414
9415
9417
9419
9420
9422
9423
9425
9435
9436
9437
9438
9447
9448
9452
9455
9456
9459
9460
9461
9481
9482
9484
9493
9496
9498
9501
9502
9506
9510
9511
9513
9514
9516
9518
9519
9523
9524
9527
9530
9536
9537
9546
9549
9550
9551
9554
9558
9571
9573
9575
9578
9581
9584
9586
9587
9588
9592
9593
9597
9598
9599
9607
9608
9619
9621
9622
9625
9626
9636
9637
9639
9641
9643
9648
9649
9652
9653
9654
9659
9660
9661
9663
9664
9667
9670
9674
9676
9679
9682
9683
9688
9690
9692
9693
9694
9695
9697
9702
9708
9724
9731
9732
9733
9734
9738
9744
9746
9747
9749
9750
9751
9753
9754
9755
9756
9758
9761
9766
9767
9770
9773
9778
9779
9781
9782
9792
9798
9815
9820
9827
9833
9834
9835
9841
9843
9845
9848
9849
9856
9860
9861
9866
9867
9872
9893
9896
9900
9901
9903
9904
9908
9910
9911
9912
9913
9916
9920
9931
9932
9933
9934
9938
9939
9947
9953
9954
9956
9963
9965
9967
9968
9971
9972
9973
9976
9977
9978
9979
9983
9984
9985
9986
9987
9988
9992
9994
9995
9998
10005
10007
10010
10021
10026
10030
10035
10044
10045
10051
10052
10062
10065
10066
10071
10072
10075
10076
10077
10078
10079
10080
10082
10083
10091
10094
10095
10096
10098
10100
10101
10102
10103
10105
10106
10107
10108
10110
10111
10113
10114
10115
10117
10119
10120
10127
10128
10129
10131
10138
10140
10141
10142
10148
10149
10157
10158
10168
10169
10170
10175
10176
10179
10181
10182
10183
10188
10191
10192
10194
10199
10202
10203
10206
10207
10208
10211
10212
10213
10215
10216
10221
10222
10223
10224
10229
10231
10232
10234
10236
10238
10239
10244
10245
10250
10256
10257
10259
10269
10272
10274
10276
10280
10281
10282
10286
10289
10291
10295
10298
10303
10305
10313
10316
10320
10356
10357
10361
10363
10364
10365
10371
10373
10374
10385
10388
10389
10390
10393
10395
10396
10397
10398
10402
10404
10405
10406
10407
10408
10409
10410
10411
10412
10413
10414
10415
10416
10427
10428
10430
10444
10448
10449
10450
10452
10456
10458
10459
10460
10465
10469
10471
10472
10473
10474
10475
10477
10480
10481
10487
10488
10490
10491
10492
10493
10495
10496
10497
10498
10499
10500
10503
10504
10505
10506
10507
10508
10510
10512
10513
10516
10517
10518
10519
10520
10523
10524
10525
10526
10527
10528
10529
10531
10532
10534
10535
10542
10543
10549
10555
10556
10557
10558
10559
10560
10564
10566
10568
10573
10574
10575
10576
10577
10578
10580
10584
10586
10589
10590
10591
10592
10593
10594
10595
10596
10597
10598
10599
10600
10602
10605
10607
10608
10609
10612
10613
10614
10616
10618
10619
10626
10628
10630
10631
10639
10640
10641
10643
10644
10645
10648
10654
10656
10657
10660
10662
10673
10676
10677
10679
10680
10683
10684
10685
10700
10708
10709
10719
10721
10722
10725
10726
10727
10730
10734
10740
10741
10742
10744
10747
10754
10756
10765
10768
10771
10772
10777
10778
10779
10781
10784
10785
10786
10789
10793
10794
10795
10796
10797
10801
10802
10803
10804
10807
10808
10813
10814
10815
10817
10832
10835
10837
10838
10842
10847
10850
10851
10852
10859
10860
10861
10863
10869
10870
10872
10878
10879
10880
10882
10888
10892
10896
10897
10902
10908
10909
10910
10911
10913
10914
10915
10922
10927
10929
10930
10932
10935
10964
10967
10972
10975
10976
10977
10978
10980
10982
10983
10984
10985
10989
10990
10991
11007
11016
11039
11042
11043
11044
11045
11046
11050
11053
11054
11055
11057
11066
11069
11070
11074
11075
11076
11077
11082
11083
11088
11089
11100
11105
11107
11108
11109
11110
11111
11112
11119
11120
11121
11122
11123
11124
11125
11126
11128
11129
11132
11136
11139
11143
11144
11145
11146
11147
11148
11151
11153
11155
11156
11157
11158
11159
11165
11166
11167
11178
11179
11182
11183
11184
11185
11186
11187
11188
11191
11192
11193
11196
11200
11201
11202
11203
11205
11206
11209
11210
11212
11215
11216
11220
11221
11222
11224
11226
11231
11233
11234
11237
11239
11240
11241
11242
11243
11244
11245
11246
11247
11249
11250
11251
11254
11255
11259
11260
11262
11280
11281
11282
11284
11285
11287
11289
11290
11292
11293
11297
11299
11300
11301
11302
11303
11304
11305
11306
11307
11308
11309
11310
11311
11312
11313
11314
11315
11322
11326
11330
11332
11336
11337
11339
11342
11343
11347
11348
11350
11362
11365
11366
11368
11371
11374
11376
11378
11379
11382
11384
11385
11386
11387
11388
11393
11394
11400
11409
11410
11412
11414
11416
11417
11419
11431
11444
11445
11446
11451
11452
11453
11454
11461
11467
11468
11469
11471
11472
11474
11475
11476
11478
11482
11483
11484
11485
11486
11489
11490
11492
11494
11495
11497
11503
11510
11513
11517
11519
11520
11521
11522
11523
11524
11525
11526
11527
11529
11531
11533
11534
11535
11537
11538
11539
11540
11541
11543
11544
11545
11549
11550
11551
11552
11553
11560
11563
11564
11565
11566
11567
11572
11575
11576
11577
11580
11584
11589
11591
11592
11593
11604
11605
11606
11607
11608
11623
11624
11627
11630
11648
11652
11653
11656
11657
11659
11667
11673
11675
11677
11681
11682
11683
11692
