IJC_SAMPLE_1	SJC_SAMPLE_1	IJC_SAMPLE_2	SJC_SAMPLE_2	IncFormLen	SkipFormLen
0	3	2,0,0,0	78,0,0,0	199	149
4	4	3,0,2,0	0,2,0,0	298	149
0	2	13,0,0,0	0,0,0,0	273	149
3	1	23,115,48,42	7,228,53,80	298	149
0	1	9,10,6,4	7,228,53,80	199	149
0	72	16,0,2,1	207,18,6,6	254	149
3	610	4,0,1,1	530,341,166,154	298	149
2	184	0,4,2,1	96,118,52,37	153	149
8	4	0,2,1,0	0,1,0,0	161	149
38	9	28,3,4,2	16,7,2,4	166	149
32	2	63,123,103,94	8,31,13,4	158	149
11	2	12,9,12,12	8,31,13,4	201	149
7	28	6,3,9,9	57,117,100,91	192	149
0	2	0,0,0,4	0,0,0,0	159	149
5	1	6,0,0,4	0,0,0,0	222	149
6	1	6,0,0,4	0,0,0,0	239	149
7	1	7,0,0,4	0,0,0,0	298	149
0	10	4,0,0,0	17,4,0,1	204	149
2	3	1,0,0,0	0,0,0,0	179	149
0	696	4,0,0,2	403,333,124,85	220	149
5	50	5,1,2,8	1,3,18,3	298	149
22	2	17,10,2,6	0,2,0,0	153	149
3	35	5,2,4,0	50,8,6,10	298	149
3	35	5,0,0,0	50,8,6,10	298	149
17	0	21,6,2,0	1,0,0,0	230	149
1	0	1,0,0,0	13,0,0,0	196	149
73	4	101,20,28,19	0,0,0,0	298	149
15	4	27,21,11,9	0,0,1,0	204	149
9	49	3,5,2,4	9,19,12,27	154	149
5	6	4,3,3,0	4,1,7,6	154	149
4	1	10,2,0,0	0,0,0,0	298	149
0	14	1,0,0,0	20,10,0,8	160	149
16	0	2,5,0,1	0,0,0,2	205	149
1	3	5,0,0,2	2,0,0,0	184	149
6	2	10,0,0,0	33,7,0,4	184	149
0	2	4,0,0,0	2,0,0,0	210	149
38	0	12,32,16,27	2,0,0,0	243	149
45	1	10,32,14,27	0,0,0,0	243	149
12	4	10,0,0,0	5,0,0,0	298	149
0	1	3,0,0,0	0,0,0,0	153	149
3	0	7,0,0,0	2,0,0,2	201	149
164	1	1587,327,20,25	2,2,0,0	159	149
0	1	50,0,0,0	2,2,0,0	298	149
0	164	33,0,0,0	1569,327,20,25	298	149
0	11	20,0,0,0	718,1,1,6	173	149
4	0	32,0,0,0	2,0,0,0	298	149
113	19	113,41,62,66	0,2,2,4	298	149
0	5	4,0,0,0	196,10,1,0	232	149
44	25939	38,2,2,1	8757,1489,700,3911	183	149
23	0	90,44,6,13	21,0,0,0	284	149
3	0	2,5,0,4	0,0,2,0	161	149
0	20	4,0,0,0	17,5,2,6	298	149
0	4	2,1,0,0	49,4,0,0	161	149
3	0	0,0,0,2	0,2,0,0	298	149
2	0	7,2,1,2	0,1,0,0	298	149
4	99	7,2,1,2	33,32,18,8	298	149
0	23	2,0,0,0	11,0,0,0	159	149
10	0	73,8,0,2	2,0,0,0	298	149
7	0	84,4,1,0	2,1,0,0	212	149
0	56	1,4,0,0	68,32,15,16	196	149
5	0	344,18,0,1	3,0,0,0	200	149
51	0	29,19,4,7	0,1,0,0	153	149
38	0	367,41,2,12	9,2,0,0	159	149
1	2	0,0,0,0	21,2,0,0	204	149
1	0	0,0,0,0	11,0,0,0	298	149
52	0	108,50,13,12	2,0,0,0	298	149
4	0	6,12,2,5	2,0,3,0	298	149
2	2	8,0,0,0	1,0,0,0	165	149
10	0	3,0,2,6	2,2,0,0	263	149
0	1	3,0,4,2	0,3,0,8	209	149
0	18	3,0,4,2	16,23,23,29	226	149
1	18	0,3,0,8	16,23,23,29	166	149
9	0	5,1,0,0	2,2,0,6	227	149
0	8	13,0,0,0	16,3,0,0	298	149
15	0	21,13,9,9	2,2,5,6	153	149
5	9	17,12,7,2	61,5,0,2	182	149
1	0	4,0,0,0	2,0,0,0	298	149
17	0	19,6,2,2	1,0,0,0	172	149
2	0	0,0,0,3	0,2,0,0	224	149
7	2	18,0,0,0	6,0,0,0	225	149
0	4	1,0,0,0	64,3,0,0	260	149
0	7	0,0,0,1	1,0,0,0	298	149
17	19	6,0,4,10	3,0,3,0	298	149
0	25	1,2,0,2	119,24,13,12	231	149
4	4	30,0,4,6	8,3,0,2	164	149
0	10	4,1,0,0	36,11,2,8	153	149
4	0	103,1,0,3	4,0,0,0	151	149
4	0	30,14,0,1	4,0,0,0	298	149
0	2	1,0,0,0	41,2,0,4	151	149
0	17	5,0,0,0	70,27,4,6	187	149
0	4	3,0,0,0	4,4,0,6	173	149
25	215	30,13,6,21	83,94,133,126	298	149
4	2	5,4,15,11	0,1,0,0	298	149
2	0	4,10,11,11	0,0,1,0	280	149
10	109	17,18,2,2	184,151,30,23	171	149
8	22	4,1,0,0	19,10,6,6	217	149
0	17	4,0,0,0	222,16,4,2	156	149
3	0	38,0,0,0	13,0,0,0	179	149
0	6	1,0,0,0	18,1,0,0	228	149
8	22	4,6,1,6	23,20,6,13	292	149
12	42	11,24,33,16	21,21,39,59	160	149
0	4	7,5,0,6	2,11,1,8	160	149
2	1	0,0,0,0	9,0,0,0	298	149
18	2	25,12,7,2	4,0,0,0	298	149
6	239	4,4,7,2	290,325,147,106	177	149
9	19	0,0,0,0	0,0,0,4	159	149
20	293	5,3,2,0	68,90,92,94	195	149
6	154	7,7,0,1	205,165,80,57	247	149
7	154	7,6,0,1	205,165,80,57	298	149
12	1	8,12,6,8	0,2,0,0	298	149
8	19	15,0,2,8	26,7,40,4	203	149
16	6	28,21,10,11	1,8,3,4	203	149
2	5	2,6,0,0	15,2,4,2	298	149
6	1	3,2,3,4	3,1,2,0	203	149
8	230	14,0,1,4	186,149,96,64	298	149
47	5	76,16,1,4	38,2,0,0	270	149
20	0	99,18,2,4	1,0,0,0	187	149
65	2	135,26,11,12	0,0,0,0	298	149
3	27	2,1,13,2	39,30,24,24	161	149
49	2	85,30,49,51	0,0,0,4	215	149
1514	0	539,174,68,35	2,0,0,0	298	149
1444	2	584,717,870,478	0,4,5,0	222	149
1	4	0,1,0,0	3,2,1,0	206	149
8	4	5,1,4,2	3,2,1,0	298	149
11	97	2,5,15,13	15,41,58,59	201	149
2	0	130,7,2,0	1,0,0,0	173	149
21	27	19,5,5,6	11,6,4,12	176	149
0	2	2,0,0,0	33,2,0,2	203	149
0	2	2,0,0,0	33,2,0,2	298	149
2	2	6,1,0,0	17,1,0,0	155	149
1081	0	1400,1095,512,321	0,1,2,0	215	149
11	1554	12,9,5,10	950,1052,1220,857	222	149
14	0	72,7,2,3	3,0,0,0	298	149
178	2	94,99,62,111	0,2,0,0	215	149
15	0	1,16,6,4	3,0,2,0	229	149
574	12	249,319,330,250	1,6,8,0	292	149
16	0	135,36,4,5	2,0,0,0	189	149
4	2	108,3,0,4	2,0,0,0	298	149
0	2	7,0,0,0	105,3,0,4	230	149
1	21	0,0,0,0	27,3,0,2	283	149
4	0	8,15,6,7	0,0,0,1	298	149
350	41	62,83,116,93	3,16,18,10	155	149
67	1722	22,34,53,20	612,798,863,690	162	149
92	6	65,55,38,23	9,2,0,0	296	149
42	0	35,11,14,14	1,0,0,0	260	149
45	0	39,15,16,19	1,0,0,0	298	149
48	0	39,15,16,17	1,0,0,0	298	149
34	0	26,1,13,3	0,0,0,2	298	149
34	1	15,19,13,12	0,4,0,0	226	149
1	47	46,2,1,0	1009,209,28,25	250	149
15	0	562,78,2,2	7,2,0,0	298	149
62	0	1526,285,29,27	7,2,0,0	215	149
3	662	5,3,0,0	1646,1212,457,428	202	149
0	57	6,0,0,0	530,71,19,30	298	149
0	57	6,0,0,0	530,71,19,30	298	149
3	0	7,3,2,0	4,0,0,0	298	149
0	2	8,2,0,0	1,0,0,0	298	149
1	228	3,1,1,1	122,169,189,188	153	149
2	76	2,0,0,0	100,59,31,28	208	149
4	0	7,4,4,10	2,0,2,0	263	149
0	56	1,0,0,0	106,76,43,57	185	149
2	0	21,13,0,0	1,0,2,0	211	149
43	167	25,7,24,25	47,41,40,53	165	149
156	0	31,105,114,60	0,0,1,0	298	149
2	0	5,4,2,5	0,2,0,0	158	149
16	0	29,2,8,12	0,6,0,0	298	149
16	10	28,1,10,12	11,13,7,8	298	149
7	11	8,11,0,0	7,0,0,2	161	149
29	4	17,26,13,6	0,0,2,0	252	149
2	29	3,0,5,0	11,26,13,6	298	149
0	2	6,0,0,2	0,0,0,0	298	149
1	0	7,3,6,1	2,0,0,0	298	149
2	6	3,0,1,0	9,13,2,0	199	149
550	2	176,243,168,119	0,0,0,0	233	149
2	18	0,0,0,0	7,5,1,8	175	149
45	2	166,3,2,1	7,0,0,0	298	149
0	45	2,0,0,0	159,3,0,0	153	149
4	1	3,2,4,4	0,0,0,0	191	149
7	151	9,1,0,1	98,46,40,40	298	149
13	0	0,8,4,6	0,2,0,0	153	149
144	0	102,76,72,68	2,0,0,0	298	149
6	48	4,2,0,0	111,39,15,10	188	149
24	2	6,12,0,17	0,1,0,0	176	149
62	0	34,34,27,20	3,0,0,4	176	149
0	6	1,0,0,0	66,22,2,2	188	149
7	12	119,2,3,2	13,2,2,2	298	149
2	21	0,2,0,0	20,14,5,11	298	149
5	19	4,0,0,2	10,18,12,12	169	149
26	0	15,1,2,2	49,6,0,2	298	149
91	2	96,74,39,53	0,2,0,0	284	149
5	11	7,1,0,0	10,0,0,6	298	149
5	10	4,2,10,8	12,8,1,7	242	149
181	42	83,39,49,81	11,0,0,10	158	149
0	21	4,2,0,0	119,34,11,2	285	149
1	3	0,3,0,0	0,0,0,0	181	149
3	3	7,7,4,2	0,0,0,0	233	149
3	1	7,4,4,2	0,0,0,0	201	149
61	80	26,27,27,6	19,28,51,40	155	149
0	1	3,0,0,0	35,4,0,2	276	149
23	0	14,5,5,0	1,0,0,0	173	149
162	17	123,85,118,106	11,0,7,4	298	149
256	9	57,169,138,53	0,0,0,0	229	149
36	0	95,28,3,9	2,0,0,0	298	149
3	54	6,0,4,2	22,23,27,29	187	149
43	0	121,20,6,12	2,0,0,0	243	149
138	2	111,116,37,53	0,1,0,0	287	149
0	4	20,0,0,0	5,2,0,0	298	149
46	3	10,23,15,14	0,0,2,5	229	149
2	0	9,9,0,0	0,2,0,0	291	149
0	5	25,0,0,0	547,0,0,0	164	149
34	0	475,6,3,2	184,0,0,0	206	149
2	5	0,0,0,0	15,0,0,2	158	149
0	3	5,0,0,2	18,13,4,3	168	149
2	2	0,0,0,0	5,2,0,2	161	149
52	0	90,51,11,19	4,1,0,1	298	149
4	0	76,0,0,0	5,0,0,0	298	149
0	1	3,0,0,0	44,0,0,0	159	149
0	21	6,0,0,0	27,6,8,4	228	149
870	4	497,502,334,285	0,1,0,0	177	149
0	68	3,0,0,2	89,22,9,20	222	149
4	0	12,2,5,0	12,0,0,0	173	149
23	5	17,2,4,1	10,2,6,6	181	149
5	0	51,2,0,2	4,0,0,0	167	149
53	0	103,28,10,20	6,0,0,0	204	149
12	0	8,7,1,4	0,0,0,1	298	149
0	7	9,1,0,0	42,19,13,17	167	149
0	7	4,0,0,1	42,19,13,17	171	149
8	0	20,0,0,0	1,0,0,0	180	149
0	7	3,0,0,0	30,4,0,2	298	149
96	13	57,55,30,35	6,2,1,2	276	149
0	37	2,0,0,0	99,48,61,66	298	149
4	1	6,0,2,0	2,0,4,4	168	149
2	161	3,0,0,0	191,82,87,94	153	149
18	82	13,5,12,17	19,36,55,29	298	149
3	23	6,2,0,1	59,28,30,15	275	149
0	8	9,3,0,0	185,7,1,0	197	149
28	4	17,19,10,4	0,0,2,0	258	149
67	2	141,22,17,51	0,0,0,0	298	149
0	106	6,0,0,0	100,40,31,32	216	149
0	7	14,0,0,0	124,6,6,5	175	149
7	2	132,6,6,12	0,0,0,0	194	149
24	50	50,35,30,24	34,17,13,15	180	149
741	9	285,11,22,10	15,0,2,0	197	149
1	152	0,0,1,0	66,81,123,133	158	149
1100	1	503,262,270,283	0,0,0,0	298	149
8	7	10,10,1,1	90,28,6,2	298	149
2	109	0,1,3,0	96,179,158,133	175	149
0	1	5,2,0,0	0,0,0,0	298	149
148	4	92,130,236,216	3,1,0,0	177	149
0	49	5,3,1,3	43,16,26,22	162	149
2	2	0,1,0,3	23,2,0,0	166	149
18	2	59,87,67,54	4,15,4,5	170	149
0	2	0,0,2,2	2,0,0,0	298	149
4	12	0,0,0,0	0,3,0,2	298	149
104	0	180,45,16,31	2,0,0,0	162	149
0	5	1,0,0,0	37,2,0,0	265	149
0	12	3,0,0,0	548,37,8,5	161	149
2	0	0,0,0,0	4,0,0,0	151	149
2	0	12,0,0,0	8,0,0,0	202	149
0	2	52,0,1,0	8,0,0,0	224	149
38	2	20,0,0,2	0,0,0,0	213	149
0	45	3,0,0,0	27,30,20,46	153	149
4	0	0,0,0,1	0,1,0,0	189	149
111	0	99,51,58,103	2,0,0,0	259	149
0	1	59,0,0,0	90,4,0,0	185	149
2	88	3,0,1,2	69,44,36,30	298	149
139	0	128,90,106,115	6,2,2,0	211	149
2	0	18,1,0,0	10,6,0,1	197	149
0	19	2,0,0,0	27,4,2,10	182	149
123	2	195,63,66,91	0,0,0,0	288	149
0	19	2,0,0,2	71,17,13,14	153	149
0	1	2,0,0,0	39,2,0,0	192	149
55	2	58,44,38,24	2,2,0,2	251	149
4	0	3,0,0,0	17,0,0,0	206	149
0	2	0,1,0,0	3,2,0,1	215	149
6	2	12,2,2,0	5,0,0,0	204	149
20	2	33,4,3,5	5,0,0,0	181	149
129	3	129,34,8,10	22,1,0,2	298	149
2	6	0,0,0,0	4,0,0,0	298	149
2	0	0,0,0,0	3,0,0,0	298	149
6	0	4,0,0,0	3,0,0,0	172	149
2	0	12,0,0,2	1,0,0,0	203	149
308	3	417,188,114,122	7,2,6,0	182	149
0	184	0,1,0,0	98,65,71,70	153	149
1	4	2,0,0,0	3,0,0,0	203	149
0	2	1,0,0,0	13,2,0,0	252	149
0	8	5,0,0,0	69,0,0,0	186	149
83	8	57,40,39,16	22,1,0,2	297	149
17	24	9,6,1,7	12,4,7,2	298	149
0	2	3,0,0,0	100,2,2,2	283	149
217	2	201,56,63,51	0,0,0,0	298	149
0	2	2,0,0,0	7,0,0,0	194	149
2	0	8,1,2,0	8,0,0,0	298	149
2	0	56,0,0,2	6,0,0,0	298	149
0	2	5,0,0,0	0,0,0,0	298	149
8	2	15,3,0,0	33,2,0,2	298	149
4	10	2,0,2,7	14,21,0,0	156	149
3	34	0,0,0,0	15,7,17,7	154	149
7	39	4,3,0,0	2,5,2,8	166	149
6	3	0,2,0,0	2,0,0,1	166	149
1	3	1,0,0,0	12,0,1,3	298	149
55	0	30,27,19,51	2,0,0,2	154	149
56	0	75,54,48,29	0,2,0,0	173	149
3	25	2,1,0,1	22,40,16,21	211	149
9	0	129,9,0,4	5,0,0,0	298	149
1	3	43,5,0,1	24,6,2,0	155	149
0	2	3,1,0,0	8,0,0,0	153	149
1	2	5,6,0,2	4,0,0,0	153	149
199	6	327,113,135,93	4,0,0,6	263	149
189	0	200,122,93,99	1,4,1,0	298	149
130	1	58,73,109,42	0,0,1,0	156	149
16	322	3,11,11,9	92,120,99,71	215	149
549	2	325,215,236,154	2,4,1,4	261	149
7	38	3,5,4,8	10,32,25,14	270	149
4	0	3,1,2,1	0,1,2,0	153	149
0	509	1,0,0,0	746,501,192,149	153	149
0	930	0,1,0,0	772,532,386,290	156	149
5	334	9,9,4,2	695,262,118,114	159	149
1	2	2,0,1,1	0,0,0,0	174	149
1	0	13,0,0,2	0,2,0,0	278	149
1	2	15,0,0,0	0,0,0,0	298	149
0	2	4,2,0,0	0,0,0,0	242	149
30	1	36,27,40,35	0,0,0,0	251	149
0	49	6,4,2,1	18,34,41,24	153	149
702	0	353,390,376,419	2,0,0,0	268	149
373	5	143,151,193,120	1,12,12,6	270	149
2	2	0,0,1,0	3,3,0,0	298	149
104	4	61,43,23,26	5,0,2,0	169	149
256	1	106,101,108,106	1,1,0,0	244	149
14	730	12,5,9,10	334,346,400,241	298	149
7	730	5,5,5,5	334,346,400,241	158	149
17	134	21,12,20,16	108,73,90,54	244	149
21	1	11,10,14,2	0,0,0,0	189	149
17	7	50,10,9,3	40,7,2,0	289	149
3	117	0,0,0,0	72,78,63,35	153	149
48	58	34,22,21,15	14,34,19,17	185	149
18	2	46,5,12,7	0,0,0,4	298	149
27	49	4,7,11,8	49,27,48,17	179	149
124	0	154,1,9,0	2,0,0,0	223	149
3	68	0,0,4,0	52,37,21,22	156	149
0	29	4,0,0,0	20,18,9,6	212	149
0	2	3,0,2,0	14,0,0,5	288	149
0	10	6,0,0,0	82,4,2,1	236	149
551	2	551,400,477,370	0,0,0,0	298	149
13	87	36,5,16,7	136,34,43,43	170	149
138	36	217,44,53,72	49,29,21,13	164	149
3	18	0,0,0,0	22,10,8,16	178	149
26	216	19,2,6,13	102,60,50,48	229	149
1	4	2,0,0,0	8,5,0,0	162	149
85	0	73,46,43,43	0,0,0,2	298	149
112	2	51,59,54,44	0,0,2,4	298	149
190	2	99,111,139,85	0,0,2,4	298	149
165	2	121,100,128,84	0,4,2,0	298	149
4	0	1,0,0,2	2,0,0,0	180	149
0	9	0,0,1,0	5,3,1,4	166	149
2	0	6,0,0,0	18,0,2,0	298	149
87	48	65,31,30,23	40,26,23,17	298	149
9	3	8,6,9,11	9,19,2,6	197	149
5	60	8,6,9,11	19,33,10,16	197	149
9	13	7,6,9,11	11,5,4,1	197	149
27	7	12,13,19,11	1,6,6,7	154	149
7	0	5,2,5,14	0,4,4,0	237	149
13	0	0,2,11,13	0,5,0,6	218	149
1	0	2,0,1,0	3,0,0,0	294	149
6	0	15,4,8,2	0,0,1,0	161	149
2	0	15,4,8,0	0,0,1,0	161	149
79	1	111,128,77,79	0,1,2,0	153	149
1	83	0,2,11,0	41,33,50,70	153	149
6	0	4,4,3,0	2,0,0,0	153	149
30	74	30,10,5,7	77,18,22,28	298	149
6	12	3,1,1,0	21,2,0,0	298	149
223	68306	176,255,70,136	28707,74669,45629,41284	298	149
2	0	0,5,0,0	3,2,0,0	167	149
67	0	66,51,46,73	1,0,3,9	153	149
3	4	6,0,2,0	3,11,2,2	298	149
119	92	30,27,48,53	90,39,62,78	188	149
22	0	157,37,14,15	15,0,0,0	164	149
366	4	354,336,207,164	5,0,0,0	165	149
2	8	30,1,0,2	10,4,0,0	298	149
5	98	7,0,3,4	60,42,22,37	185	149
0	13	1,1,0,0	76,12,4,2	175	149
38	3	27,15,14,16	2,0,0,0	298	149
713	1	137,210,131,150	0,0,0,0	158	149
0	5	3,0,0,0	14,2,1,0	205	149
933	1	418,157,212,209	0,0,0,0	188	149
65	2	56,27,31,46	7,2,2,5	173	149
2	37	0,0,0,0	25,2,4,13	251	149
19	23	14,14,2,7	18,17,4,0	161	149
222	3	170,127,53,50	2,0,0,0	188	149
2	301	0,0,1,0	138,153,119,148	153	149
1	40	6,0,2,2	41,47,30,32	164	149
0	10	1,0,0,0	5,0,0,0	298	149
0	10	1,0,0,0	5,0,0,0	280	149
0	78	5,0,0,0	17,27,13,22	298	149
1	44	2,0,0,0	21,17,0,2	298	149
1	44	2,0,0,0	21,17,0,2	298	149
1	44	2,0,0,0	21,17,0,2	298	149
2	42	0,0,0,0	5,13,7,5	298	149
0	42	0,0,2,0	5,13,7,5	262	149
205	6	104,95,144,141	5,2,1,2	298	149
377	5	195,365,238,239	1,0,0,0	286	149
245	1	93,47,54,78	2,1,4,0	298	149
89	44	20,22,43,66	6,24,11,9	196	149
66	3	19,23,34,67	0,9,0,15	196	149
24	130	4,2,1,4	92,83,54,72	180	149
1	261	1,2,0,0	171,176,81,57	298	149
55	35	3,7,10,3	4,5,10,14	173	149
532	2	267,269,238,159	1,2,0,2	280	149
6	60	1,3,4,0	29,46,13,30	189	149
753	7	273,253,305,236	2,5,5,2	259	149
26	301	6,12,14,4	203,123,153,141	164	149
119	22	61,29,28,17	19,16,8,17	298	149
1254	8	201,268,297,224	1,0,4,12	292	149
991	2	118,180,326,205	1,2,4,5	298	149
380	2	30,55,144,86	1,2,4,5	260	149
70	11	93,27,29,28	24,12,3,2	155	149
4	85	0,2,8,2	25,37,37,38	212	149
1	9	0,0,2,0	0,2,5,2	212	149
46	348	12,10,23,10	157,207,385,278	298	149
185	2	130,128,64,56	2,0,0,0	298	149
413	0	185,183,206,198	2,0,0,0	298	149
2	0	2,4,0,0	4,0,0,0	229	149
2	0	2,4,0,0	4,0,0,0	218	149
2	4	2,4,0,0	9,4,0,1	218	149
1	0	43,6,2,0	16,4,0,0	208	149
106	2	95,103,35,45	0,0,0,0	154	149
142	0	154,126,80,62	3,0,0,0	248	149
19	338	5,9,4,0	297,307,107,139	223	149
96	2	30,21,31,23	0,0,0,0	203	149
2	19	2,0,0,0	38,13,0,2	153	149
45	3	50,21,5,14	0,0,0,0	193	149
15	0	40,10,0,2	1,0,0,0	298	149
22	5	54,8,0,2	11,2,0,0	172	149
2	0	6,1,0,0	2,0,0,0	172	149
4	17	10,6,0,1	7,1,5,0	298	149
0	50	9,0,0,0	233,65,12,24	156	149
35	0	45,11,15,2	2,0,2,0	240	149
4	2	2,7,4,2	0,0,1,0	251	149
2	0	4,1,2,0	0,0,2,0	182	149
151	552	163,153,60,54	760,495,212,208	188	149
0	486	5,0,0,0	100,25,20,6	174	149
0	323	1,0,0,0	76,20,13,7	219	149
6	7	1,0,0,0	13,0,0,0	203	149
6	7	1,0,0,0	13,0,0,0	193	149
4	0	28,4,0,0	6,0,0,0	210	149
4	0	55,12,0,0	6,0,0,0	215	149
0	4	2,0,0,0	36,7,0,0	219	149
1	33	0,0,0,0	14,24,4,7	161	149
0	8	0,0,0,2	94,39,7,8	256	149
2	3	3,0,0,0	10,1,0,4	153	149
17	274	2,1,1,3	14,34,14,21	298	149
131	4	19,22,11,7	1,3,0,0	298	149
36	0	61,31,16,30	1,0,0,0	298	149
19	16	4,6,13,21	35,30,25,27	259	149
3	139	1,1,1,4	147,133,85,77	165	149
260	6	237,197,104,115	0,0,2,0	188	149
17	252	25,4,10,2	174,167,160,72	219	149
48	0	47,5,0,2	13,5,0,0	182	149
55	5640	50,6,2,3	2877,2995,1361,1410	182	149
578	16	502,345,342,277	7,3,16,4	254	149
340	2	407,213,209,232	3,0,0,7	175	149
34	2	13,14,14,5	0,2,2,2	175	149
54	24	49,27,34,39	19,5,18,30	206	149
1	68	4,5,3,0	16,24,22,27	224	149
2	0	0,1,1,2	0,2,0,0	298	149
2	197	3,4,0,0	239,212,92,91	251	149
4	17	4,0,1,0	0,7,2,4	153	149
22	6	16,12,16,11	2,7,0,3	298	149
12	18	11,8,3,11	17,11,21,12	298	149
16	18	9,15,2,14	17,11,21,12	298	149
15	3	10,11,3,11	1,2,0,2	298	149
4	1	0,1,0,0	0,0,0,1	159	149
1	5	0,0,0,1	2,4,6,2	159	149
218	1	88,220,288,152	4,0,0,4	174	149
0	2	3,0,0,0	32,0,0,0	191	149
3	0	5,0,0,0	0,3,0,0	172	149
16	41	13,6,1,2	67,39,13,18	216	149
17	0	4,6,9,2	0,0,0,1	153	149
223	2	194,138,235,117	1,2,0,0	298	149
1	11	9,1,0,0	38,0,2,4	298	149
16	2	14,16,2,3	0,0,0,0	203	149
10	2	29,13,9,17	0,0,0,0	153	149
0	669	1,0,0,0	79,129,105,134	166	149
0	9	5,0,0,0	137,2,0,0	196	149
0	13	3,0,0,1	21,9,4,3	165	149
2	0	7,0,0,0	1,0,0,0	194	149
330	0	95,114,195,150	0,0,2,0	298	149
12	14	15,6,3,3	28,9,9,13	182	149
111	852	30,26,26,22	153,138,100,109	298	149
247	7	87,56,20,29	2,5,1,2	298	149
198	90	66,40,17,22	38,20,17,18	224	149
7	90	2,0,1,4	38,20,17,18	153	149
16	222	9,1,3,20	197,129,63,58	298	149
13	3	19,6,2,10	4,0,0,0	298	149
0	3	97,5,3,0	114,6,0,0	200	149
13	1102	11,15,10,5	524,1071,604,457	163	149
31	1307	24,18,23,5	669,1217,1055,1002	188	149
3	0	0,0,0,0	1,0,0,2	162	149
109	0	51,33,41,47	1,0,0,0	205	149
8	78	3,1,4,10	23,26,40,42	194	149
4	97	3,0,0,0	43,27,31,26	154	149
51	108	128,83,7,14	382,67,18,13	298	149
0	2	7,0,0,4	0,0,0,0	298	149
1	3	3,3,2,1	0,0,0,0	298	149
0	35	4,0,0,2	87,28,21,17	298	149
1	0	6,0,0,0	48,4,2,0	245	149
2	0	27,4,0,0	4,0,0,0	153	149
2	33	28,4,0,0	2485,122,4,5	153	149
2	0	0,0,0,2	1,0,0,0	153	149
59	11	49,37,24,20	6,0,0,0	298	149
18	244	19,14,13,13	144,115,100,82	298	149
4	0	4,7,0,3	3,4,0,0	251	149
8	2	4,7,0,5	1,0,0,0	285	149
6	2	5,4,0,2	1,0,0,0	183	149
30	0	27,10,4,3	0,2,0,0	172	149
155	0	227,200,187,155	0,0,2,1	179	149
3	0	0,0,0,0	0,1,1,0	157	149
4869	16	2295,2427,2583,2076	15,6,6,2	257	149
0	19	4,0,0,0	49,14,6,4	183	149
3	42	16,0,0,5	41,14,20,28	215	149
23	3	16,4,0,6	2,0,0,0	152	149
30	82	7,10,0,1	73,28,18,14	192	149
5	2	0,10,3,8	0,0,0,0	234	149
23	182	15,8,27,10	71,75,108,97	152	149
1	322	3,0,0,2	143,210,317,268	167	149
24	0	50,9,1,2	1,0,0,0	167	149
6	114	7,0,0,1	81,61,69,42	225	149
84	59	33,25,16,19	28,36,21,33	155	149
100	2	28,55,17,10	0,0,0,0	244	149
54	0	53,15,10,42	0,0,0,2	181	149
2	5	1,0,5,4	1,1,0,4	263	149
8	4	29,15,2,8	18,5,2,1	237	149
0	26	2,1,0,0	159,73,7,5	277	149
2	6	1,0,0,0	13,2,2,0	256	149
5	338	2,0,0,2	282,196,245,167	298	149
0	2	2,0,0,0	0,0,0,0	159	149
0	8	4,2,3,0	19,14,0,4	298	149
2	6	0,0,0,0	8,9,0,0	154	149
16	0	2,0,3,2	0,2,0,2	226	149
0	2	8,0,0,0	15,0,0,0	298	149
12	104	6,11,5,8	49,45,81,75	167	149
1	11	0,2,6,2	2,16,5,9	194	149
0	2	1,0,0,0	43,0,0,0	291	149
1	154	3,0,5,0	36,59,47,47	193	149
172	3	41,61,64,80	0,1,0,3	178	149
2	45	0,0,1,4	6,9,0,13	163	149
113	0	49,53,64,78	0,0,0,2	298	149
2	21	1,0,0,0	11,3,12,22	267	149
16	111	10,3,13,10	29,60,28,58	205	149
0	109	4,0,2,2	22,52,52,77	194	149
133	9	74,23,24,13	5,5,7,0	203	149
1	39	0,2,2,0	22,23,10,8	169	149
2	253	5,5,4,0	181,165,90,140	169	149
1	5	4,0,0,0	27,3,0,0	298	149
933	0	232,292,212,102	2,2,0,0	158	149
1	85	0,1,0,0	37,32,33,38	162	149
2	4	7,3,2,0	0,0,2,0	216	149
1445	147	1541,945,507,508	115,128,48,19	226	149
6895	10	2471,3521,4039,3186	8,1,0,7	203	149
1911	10	689,858,865,706	8,1,0,7	298	149
11	4993	16,2,11,4	1792,2665,3183,2482	298	149
20	0	4,3,5,14	0,2,0,0	298	149
16	152	7,0,0,0	95,10,0,1	296	149
7	6	2,0,0,6	2,11,0,1	173	149
15	31	5,10,4,2	19,18,8,13	220	149
3	2	2,0,0,2	0,0,0,0	227	149
125	30	99,33,34,33	15,7,11,4	176	149
8	24	2,0,2,1	22,10,9,17	275	149
7	0	2,0,2,1	2,1,2,0	275	149
451	88	185,151,373,256	24,47,59,89	161	149
39	0	27,33,46,87	0,0,1,2	245	149
13	102	9,9,2,6	46,123,72,56	231	149
48	0	43,30,30,18	0,1,0,0	298	149
17	0	0,28,34,44	0,1,0,0	195	149
7	47	5,4,8,8	33,6,72,45	158	149
69	4	46,46,50,67	1,0,0,0	249	149
2	39	1,0,0,0	17,23,20,21	153	149
258	0	85,126,132,100	6,0,0,0	298	149
258	1	85,126,132,101	6,3,1,0	298	149
2	28	0,0,0,0	4,2,3,6	202	149
32	0	49,20,36,40	1,0,0,0	153	149
0	61	10,0,0,0	236,57,14,13	283	149
54	4	26,10,30,46	6,4,7,11	164	149
11	18	14,6,4,4	56,34,15,9	156	149
3	0	4,0,0,0	6,0,0,0	298	149
21	0	3,5,10,6	2,0,0,0	172	149
2	2	21,8,3,0	1,0,0,0	181	149
0	58	2,0,2,0	47,37,33,9	165	149
1	15	0,0,0,0	25,9,5,11	154	149
50	6	32,39,26,54	0,0,0,0	298	149
36	17	0,3,9,2	2,26,6,3	298	149
1	3	15,0,2,4	76,8,2,8	298	149
0	29	2,1,0,0	91,21,11,12	160	149
0	6	6,0,1,0	27,2,0,1	161	149
0	6	7,0,0,0	28,8,0,1	161	149
2	25	3,4,0,2	54,11,1,2	158	149
69	0	86,11,14,12	35,8,0,0	298	149
11	255	19,10,9,6	154,196,229,192	155	149
93	4	90,45,42,38	0,0,0,0	241	149
0	2	1,0,0,0	5,2,0,2	160	149
47	2	1,7,2,16	0,0,0,0	298	149
3	57	1,1,6,19	88,211,99,115	297	149
1134	2	1971,1243,655,767	0,0,0,0	151	149
35	2	73,65,15,14	2,2,0,0	193	149
0	9	12,0,2,0	53,12,3,4	174	149
2	81	0,6,1,7	35,25,50,32	229	149
73	52	10,90,22,74	5,57,33,28	161	149
115	0	70,54,95,82	0,2,0,2	298	149
12	1	54,12,23,8	4,2,2,0	236	149
18	4	2,2,10,3	0,0,0,0	231	149
20	0	5,6,6,9	0,0,0,6	179	149
1	8	2,4,2,5	8,2,0,3	298	149
99	4	18,56,80,66	2,0,0,0	195	149
46	0	31,27,27,10	3,1,0,0	298	149
3	100	5,0,0,3	67,63,41,38	205	149
3	100	8,1,0,3	67,63,41,38	298	149
4	0	3,0,0,0	0,0,2,0	298	149
11	15	5,13,13,12	0,5,7,4	182	149
3	11	5,0,0,0	0,0,0,0	242	149
0	109	7,1,2,0	349,51,34,37	155	149
6	99	0,3,1,2	61,70,60,56	154	149
18	0	0,12,28,19	0,0,2,0	153	149
188	277	186,126,143,165	309,297,383,426	275	149
166	2	119,68,121,147	0,1,0,0	275	149
21	27	18,7,20,16	10,15,17,10	197	149
12	1	8,3,12,19	1,2,1,0	188	149
41	3	43,45,43,60	0,0,1,1	298	149
73	43	122,90,53,30	48,48,34,37	158	149
36	0	83,22,13,26	1,0,0,0	203	149
157009	50	46528,349609,467787,255926	13,178,279,200	298	149
0	1	3,0,0,0	0,0,0,0	205	149
8	0	200,14,8,3	4,0,0,0	153	149
49	0	33,91,45,57	1,0,0,0	187	149
12	0	10,8,3,3	1,0,0,0	199	149
2	39	0,0,0,0	23,83,42,54	161	149
7	0	4,4,0,0	0,0,2,0	282	149
243	6	72,91,121,127	2,10,2,2	183	149
133	2	164,218,142,149	0,6,6,4	176	149
10	0	5,0,0,0	3,5,1,0	298	149
9	24	11,4,0,0	66,12,4,8	274	149
104	0	57,52,69,65	1,0,1,0	179	149
0	187	0,0,1,3	47,57,89,109	176	149
3	35	0,0,0,0	9,11,7,2	261	149
0	83	0,0,0,8	25,16,25,19	153	149
0	33	4,1,2,0	35,14,8,5	298	149
18	5	6,0,6,12	0,4,1,2	224	149
53	0	1076,121,36,40	12,0,0,0	298	149
1	0	3,2,4,5	0,4,0,0	163	149
0	4	2,8,0,0	1,0,0,0	169	149
6	0	20,10,3,6	2,0,0,0	298	149
0	20	6,0,0,0	32,8,5,0	159	149
5	94	5,2,2,4	76,52,18,41	177	149
151	1	38,121,142,77	0,0,0,6	218	149
364	1	65,260,307,176	0,0,0,6	298	149
337	30	42,209,269,148	8,20,47,10	252	149
38	2515	67,44,22,40	4924,1687,1527,2670	166	149
1426	4	2217,1177,880,1241	7,4,1,1	298	149
1022	22	2346,929,547,1019	29,23,12,24	158	149
1595	2	2944,1095,1030,1553	4,2,0,1	245	149
1347	4	2715,982,867,1290	0,0,2,2	293	149
5	4	125,7,0,5	0,0,2,2	197	149
1	2	0,3,3,2	0,2,0,0	298	149
6	0	56,8,0,2	3,0,0,0	154	149
0	2	1,0,0,0	16,2,0,0	165	149
156	6	120,122,67,60	0,2,4,0	298	149
30	88	28,19,3,1	63,60,26,22	298	149
1	47	1,0,0,1	49,24,21,35	221	149
881	3	719,553,290,279	2,5,1,2	176	149
25	144	14,12,11,4	100,92,96,62	207	149
5	4	2,2,0,4	21,4,8,11	167	149
221	4	178,203,261,352	0,9,6,0	257	149
6	765	4,2,4,3	955,1013,327,421	153	149
60	52	29,22,25,30	16,28,17,5	298	149
822	52	984,1034,350,448	16,28,17,5	298	149
795	7	962,1024,333,433	7,5,1,4	298	149
82	7	23,39,23,17	7,5,1,4	298	149
3	59	1,2,0,2	77,103,17,6	298	149
0	3	1,2,0,1	8,1,0,0	298	149
3	59	1,2,0,2	77,103,17,6	298	149
0	3	1,2,0,1	8,1,0,0	298	149
59	3	77,103,17,6	8,1,0,0	153	149
46	2	30,16,4,12	2,0,0,0	261	149
34	503	17,5,31,23	133,216,362,356	152	149
1	18	0,1,0,0	20,7,13,8	152	149
14	378	7,4,3,8	135,115,73,86	153	149
41	1	8,18,15,31	2,0,2,4	298	149
19	32	2,14,2,5	2,30,25,20	164	149
176	147	804,102,29,52	95,113,39,45	298	149
1565	3	737,827,541,310	4,2,4,0	298	149
0	6	4,0,0,0	25,0,0,0	158	149
16	3	12,9,6,2	0,0,0,0	298	149
15	1	11,9,6,0	0,2,0,0	298	149
43	11	22,23,18,7	9,8,0,0	298	149
6	31	0,1,5,2	16,14,40,26	159	149
6	0	20,21,0,4	0,1,0,0	187	149
19	12	0,5,5,0	1,1,1,2	298	149
3741	0	1393,992,343,406	3,0,0,0	298	149
5	2	0,1,2,0	3,5,2,8	220	149
8	781	5,0,0,0	163,335,294,220	230	149
31	31	15,8,15,6	17,17,46,30	241	149
0	3	4,0,0,0	231,6,0,7	234	149
131	1	242,83,35,72	3,0,2,7	221	149
3	120	11,3,1,1	366,107,28,37	192	149
0	3	79,0,1,0	0,0,0,1	294	149
0	3	78,0,0,0	0,0,0,1	298	149
19	0	20,6,0,3	1,0,1,0	170	149
2	50	6,0,2,0	27,20,16,4	298	149
2	50	6,0,2,0	27,20,16,4	298	149
2	0	0,0,0,0	3,0,0,0	155	149
4	1	1,0,0,0	2,3,2,0	155	149
14	37	10,12,9,6	34,17,18,28	196	149
188	1	126,144,177,208	2,1,0,2	214	149
78	0	51,77,61,67	2,0,0,0	214	149
190	0	125,104,256,276	4,1,0,0	298	149
0	11	5,2,0,0	92,25,22,7	171	149
29	0	7,21,9,7	0,4,0,0	298	149
88	11	57,35,44,45	12,4,4,2	179	149
6	2	0,6,0,2	0,0,0,0	180	149
27	2	12,29,13,20	2,0,0,0	233	149
144	27	42,41,38,65	0,10,7,26	298	149
467	0	280,1044,987,568	0,1,0,0	286	149
1	0	0,0,0,0	3,8,0,1	298	149
2	0	11,3,14,4	9,0,0,0	167	149
224	2	252,84,45,51	0,0,0,0	298	149
10	217	4,1,0,3	247,77,43,50	298	149
1	4	0,0,0,0	0,1,3,2	298	149
10	26	5,4,5,9	7,19,4,8	236	149
13	0	5,2,4,5	0,3,0,0	236	149
253	1	286,510,435,292	0,1,0,0	298	149
316	5	263,349,518,355	0,5,0,5	153	149
392	0	356,584,763,512	0,5,0,0	298	149
0	16	11,0,0,0	24,4,0,2	298	149
3	32	2,0,1,2	50,27,30,15	249	149
6	4	9,0,2,0	6,2,0,0	197	149
1	0	0,0,0,0	0,2,0,0	298	149
0	27	38,0,1,2	139,48,27,6	210	149
11	1	4,11,10,23	0,2,1,0	203	149
3	2	0,0,2,0	0,0,0,0	298	149
8	2	14,10,6,13	0,0,0,0	298	149
3	2	0,0,2,0	0,0,0,0	285	149
8	2	14,10,6,13	0,0,0,0	298	149
8	3	17,10,6,13	0,0,2,0	189	149
4	0	0,0,0,0	1,0,0,0	238	149
3	0	0,0,2,0	1,0,0,0	279	149
8	0	14,10,6,13	1,0,0,0	298	149
3	4	0,0,2,0	0,0,0,0	190	149
8	4	17,10,6,13	0,0,0,0	230	149
62	0	154,27,12,21	9,0,0,0	298	149
205	0	89,85,78,50	2,0,0,0	263	149
21	8	7,12,0,2	5,3,0,0	298	149
2	0	26,13,1,0	4,0,0,0	298	149
10	0	69,42,11,19	3,0,0,0	197	149
1	2	4,3,0,5	7,1,6,2	179	149
11	0	8,9,2,6	3,0,0,2	179	149
2	0	5,1,0,2	13,2,0,0	185	149
0	1	9,0,0,0	12,0,0,0	298	149
2	4	5,2,0,0	10,0,0,0	298	149
2	0	23,3,0,0	1,0,0,0	173	149
4	16	8,8,2,3	33,21,9,21	165	149
0	236	20,3,0,0	343,279,21,33	227	149
22	5144	10,22,12,10	2150,3075,1472,1307	166	149
0	11	0,0,0,1	16,8,2,4	170	149
56	0	56,24,25,23	1,1,0,4	233	149
6	96	6,2,0,1	46,32,32,35	298	149
5	129	0,0,0,1	37,53,74,61	156	149
4	7	0,0,0,0	5,0,0,2	278	149
0	36	2,0,0,0	85,7,17,11	159	149
0	5	15,2,0,0	20,4,0,0	232	149
33	0	32,30,12,14	1,0,2,0	178	149
6	2	45,3,0,2	18,0,0,0	298	149
4	2	17,4,2,4	0,0,0,0	212	149
0	2	43,2,0,2	18,0,0,0	268	149
7	0	10,1,0,0	2,0,0,0	197	149
0	2	43,2,0,2	18,0,0,0	298	149
5	0	13,0,0,0	2,0,0,0	275	149
4	6	14,0,0,0	3,1,0,0	227	149
8	6	14,2,2,2	3,1,0,0	269	149
4	0	3,2,2,2	1,0,0,0	191	149
0	2	4,0,0,0	14,0,4,1	172	149
112	0	29,37,38,60	0,0,1,0	229	149
0	2	0,4,0,0	0,0,0,0	153	149
24	0	90,3,3,5	2,0,0,0	185	149
0	19	2,0,0,0	53,11,9,7	153	149
0	67	0,1,0,0	31,18,25,17	155	149
3	79	3,3,0,0	39,37,47,55	162	149
0	55	3,0,0,0	181,34,4,5	298	149
0	14	1,0,0,0	157,8,4,8	155	149
13	111	8,6,4,12	17,66,28,24	205	149
8	4	4,2,4,14	0,2,0,0	205	149
462	2	171,249,400,316	1,2,0,0	291	149
407	3	119,203,173,138	0,0,2,2	154	149
541	22	169,235,228,200	5,3,6,5	204	149
137	22	50,32,57,64	5,3,6,5	199	149
24	0	77,58,31,49	1,0,2,2	236	149
186	0	10,138,220,194	0,0,0,2	298	149
861	5	1066,365,304,199	47,15,0,1	191	149
439	11	120,83,162,108	0,1,2,2	287	149
3	49	0,0,0,0	9,9,4,5	164	149
18	0	74,20,5,8	3,1,0,2	297	149
124	0	47,59,119,77	0,0,0,2	298	149
0	11	2,0,0,0	10,2,0,0	226	149
88	2	158,118,138,81	0,0,0,0	181	149
12	4	15,3,0,6	9,7,4,2	250	149
26	5	28,13,18,15	11,3,2,0	153	149
3	3	15,8,5,2	13,9,14,10	250	149
97	22	70,86,112,68	23,5,16,13	153	149
10	7	6,2,0,0	23,3,0,0	161	149
2	64	0,0,5,0	30,29,53,26	155	149
0	15	5,1,0,0	39,9,4,7	252	149
8	94	1,0,3,3	48,53,53,88	266	149
5	62	7,6,0,0	85,26,8,9	152	149
2	1	0,4,0,0	0,1,0,0	220	149
10	155	0,3,3,3	30,60,63,31	155	149
0	29	0,1,0,0	37,16,3,0	151	149
5	164	0,0,1,0	69,75,69,59	200	149
1	0	4,0,0,0	2,0,0,0	158	149
3	39	2,2,0,0	55,80,4,15	291	149
0	6	1,0,0,0	207,23,2,8	298	149
90	441	19,47,51,42	72,207,209,227	159	149
11	0	3,5,5,5	2,0,0,0	159	149
0	4	0,2,0,0	4,0,2,12	298	149
10	9	11,1,0,0	2,7,2,7	298	149
608	1	46,217,194,197	0,0,0,0	298	149
92	25	48,40,42,77	3,17,8,11	212	149
324	22	167,259,226,141	5,12,8,0	225	149
450	8	326,266,241,289	4,2,3,0	298	149
30	122	2,2,7,5	26,33,39,23	298	149
2	2	17,0,0,0	6,0,0,0	158	149
72	2	33,30,16,23	0,0,0,0	298	149
0	4	4,0,0,2	0,0,6,2	154	149
27	92	4,12,2,4	54,47,48,20	215	149
2	8	4,1,2,2	0,0,0,0	180	149
16	4	0,5,4,0	2,7,4,5	215	149
61	79	35,31,33,41	37,76,95,65	167	149
84	1	37,57,21,18	0,2,1,0	237	149
2	90	7,0,0,0	223,86,32,25	298	149
204	0	70,71,21,36	3,1,0,1	167	149
204	109	74,72,21,36	102,45,21,20	170	149
0	109	7,2,0,1	102,45,21,20	152	149
2	113	0,2,2,1	15,54,30,38	153	149
5	9	9,4,0,0	40,16,4,5	298	149
230	1	338,81,24,58	0,0,0,0	290	149
0	41	1,2,0,0	72,56,45,35	165	149
0	6	1,2,0,0	0,0,0,0	165	149
2	165	2,7,14,9	58,97,170,131	272	149
14	0	38,0,0,2	1,0,0,0	191	149
108	9	71,53,69,48	13,4,0,5	298	149
91	1	80,31,86,65	4,3,0,4	298	149
55	140	13,9,28,31	73,125,132,162	298	149
7	5073	32,9,0,0	4979,2555,760,1191	174	149
13908	0	6212,5565,2659,2981	1,0,1,2	150	149
1	2	5,0,0,2	6,0,0,2	291	149
658	2	290,573,503,594	1,0,0,0	188	149
663	0	304,589,507,599	2,0,2,0	211	149
9	0	17,16,4,5	2,0,2,0	172	149
0	97	3,0,0,0	72,101,41,62	298	149
5	23	4,6,2,1	15,4,0,2	152	149
91	2	2,14,5,10	0,0,0,0	197	149
52	5	12,19,11,11	0,3,5,9	211	149
585	4	61,188,102,107	1,0,0,1	293	149
53	2	46,25,18,35	1,2,0,3	298	149
0	16	5,1,0,0	15,4,10,3	213	149
1	103	7,3,0,0	243,63,52,42	157	149
7	0	13,4,4,6	0,2,0,1	186	149
57	2	146,42,12,16	16,0,2,2	175	149
46	1	3,20,13,14	0,0,2,0	203	149
568	1	344,310,295,327	3,0,3,2	298	149
38	166	12,16,7,12	183,138,69,83	298	149
13	501	1,5,2,0	212,282,475,444	218	149
19	524	7,2,7,15	139,212,191,184	168	149
221	5	219,103,115,142	0,0,1,0	298	149
0	2	2,0,0,0	0,0,0,0	173	149
28	60	13,14,8,6	16,42,30,36	198	149
2	2	3,0,2,0	0,0,0,0	198	149
266	8	56,119,108,51	3,0,0,1	248	149
6	8	18,0,7,22	2,3,24,11	298	149
4	2	0,0,0,0	0,1,0,0	256	149
6	0	6,4,13,2	0,0,3,4	183	149
2	1	1,0,7,4	0,0,0,0	152	149
10	13	1,2,3,2	7,5,0,0	161	149
6	42	9,18,0,0	7,8,3,6	298	149
8	4	9,15,0,0	0,0,0,0	298	149
224	1	75,53,65,54	0,0,2,0	298	149
1	4	35,0,1,1	0,0,0,0	298	149
70	2	69,35,18,14	6,8,4,1	154	149
0	2	0,0,2,0	5,0,6,1	298	149
28832	2	25451,26789,7529,6806	2,0,0,0	298	149
33572	3	31674,32238,9624,9876	0,2,0,0	158	149
0	48	2,0,0,0	27,27,16,13	212	149
4	198	1,3,1,0	44,109,82,122	159	149
11	111	8,3,12,11	36,97,76,79	158	149
3	65	6,1,6,2	65,45,35,33	154	149
41	18	82,27,17,18	11,12,6,5	251	149
1	51	5,0,0,0	267,55,15,10	187	149
286	3	141,102,115,91	0,1,0,0	176	149
10	94	4,7,4,4	54,42,27,13	155	149
72	32	19,39,36,40	0,10,18,3	168	149
141	0	126,48,66,37	2,0,0,0	298	149
0	11	1,2,0,0	27,7,0,3	298	149
18	0	64,6,4,2	2,0,0,0	260	149
17	122	5,5,0,31	6,35,38,71	175	149
2	22	2,9,0,0	3,8,4,5	298	149
11	6	19,9,7,7	11,2,0,0	182	149
2	150	9,0,0,0	81,76,33,25	298	149
74	0	45,59,72,38	2,0,0,0	298	149
36	0	21,34,25,23	0,0,1,0	298	149
2	0	0,0,0,0	2,0,0,2	173	149
40	0	208,45,7,12	2,0,0,0	182	149
0	7	5,1,0,0	84,14,0,4	224	149
1	90	6,1,2,0	307,82,25,19	198	149
90	2	317,85,25,19	0,0,0,0	298	149
2	138	7,0,0,0	370,142,49,62	185	149
34	0	39,13,5,2	3,0,0,0	164	149
443	0	171,299,275,178	2,0,0,0	298	149
0	29	3,0,0,0	23,21,29,15	250	149
10	0	12,0,2,0	0,0,0,2	194	149
48	2	92,91,73,60	2,1,2,2	298	149
45	0	72,90,63,48	4,0,0,0	298	149
39	2	71,62,50,38	11,15,1,0	298	149
18	0	52,48,19,16	4,0,0,0	298	149
12	2	51,20,6,6	11,15,1,0	298	149
3	2	26,3,1,0	11,15,1,0	203	149
10	0	49,21,4,4	3,0,0,1	298	149
17	0	20,6,11,6	0,0,0,1	258	149
89	0	57,42,32,22	3,0,0,0	158	149
0	46	1,0,0,0	44,8,0,12	156	149
160	4	182,201,64,68	1,0,0,0	298	149
45	70	30,15,14,15	58,30,25,47	161	149
199	69	80,67,73,68	31,22,22,55	176	149
0	3	1,0,0,0	3,9,4,3	298	149
6	0	23,2,0,4	1,0,0,0	176	149
14	3	34,4,2,0	0,0,1,0	298	149
206	2	245,132,132,82	0,0,0,0	298	149
2	4	4,0,0,0	6,1,2,0	298	149
2	103	7,2,1,2	148,77,26,42	260	149
0	4	4,0,0,0	7,6,0,0	184	149
9	103	5,7,6,9	38,115,70,75	164	149
0	187	0,1,0,0	55,164,102,158	161	149
18	0	7,7,7,14	1,2,0,4	215	149
64	128	104,53,4,14	378,139,7,9	215	149
73	10	23,19,19,12	6,7,0,10	155	149
5	8	30,0,0,0	29,6,0,0	167	149
12	0	9,2,0,0	3,0,0,0	152	149
12	3	3,0,0,1	0,0,0,0	169	149
2	85	5,3,2,0	61,98,60,67	298	149
0	1	0,0,1,0	0,0,0,0	153	149
2	62	2,4,3,0	19,24,11,22	153	149
7	315	12,3,1,0	229,115,101,81	269	149
4	254	4,2,7,2	115,49,97,76	153	149
1	3	6,3,0,0	0,0,0,0	246	149
11	3	9,6,4,4	0,0,0,0	294	149
140	0	801,435,164,177	0,0,1,2	298	149
1003	3	3458,3248,2128,2191	16,13,12,15	298	149
6	53	0,0,0,0	13,26,22,16	279	149
19	2	9,11,2,4	0,0,0,0	273	149
0	96	0,1,0,0	121,89,34,37	185	149
0	6	0,1,0,2	1,3,1,2	188	149
60	0	103,37,19,22	2,0,0,0	298	149
0	36	3,0,0,0	76,21,2,7	180	149
0	36	5,0,0,0	76,21,2,7	191	149
214	0	93,161,108,147	0,0,1,0	298	149
9	0	61,19,16,37	0,2,0,0	298	149
9	0	61,19,16,37	0,1,0,0	298	149
0	5	1,0,0,0	32,21,5,18	153	149
55	18	40,28,15,12	11,10,1,2	152	149
27	19	5,1,1,5	6,12,4,5	298	149
0	36	2,2,0,0	139,21,15,20	231	149
84	2	106,54,15,23	0,0,0,0	215	149
0	12	0,1,0,0	99,19,3,4	153	149
2	12	2,2,3,0	10,10,5,18	164	149
7	2	19,11,2,3	2,3,7,2	176	149
0	1	10,2,0,0	3,3,6,2	191	149
18	5	4,8,3,3	19,5,2,1	298	149
67	15	47,36,19,31	3,1,2,1	296	149
0	2	2,0,0,0	6,0,2,0	247	149
1	76	0,0,0,0	23,1,13,10	156	149
11	1127	2,1,0,0	137,203,170,91	153	149
1347	7	125,208,203,90	0,0,15,2	298	149
1253	0	148,177,191,104	0,0,0,1	298	149
1185	2	132,161,171,84	0,0,0,0	151	149
54	2	1,11,9,10	0,0,0,0	155	149
38	1169	1,10,6,10	132,160,168,84	153	149
9	1090	7,5,6,0	309,156,146,136	298	149
33	17	16,23,16,23	5,10,0,7	218	149
14	0	6,3,1,11	1,0,0,0	298	149
14	0	6,3,1,11	1,0,0,0	298	149
255	5	58,95,85,63	4,2,2,3	167	149
0	207	0,2,0,2	74,117,107,61	162	149
31	10	2,3,9,0	0,2,4,12	202	149
1	4	0,4,0,0	0,0,0,0	177	149
0	10	0,2,0,0	6,2,0,0	164	149
1	2	0,0,0,2	0,0,0,0	235	149
7	31	3,3,4,0	8,23,18,27	298	149
21	0	14,1,0,0	4,0,0,0	298	149
5	2	2,0,0,0	0,0,0,0	298	149
52	2	65,18,16,2	0,0,0,0	188	149
2	23	6,0,6,13	73,5,18,21	241	149
5	134	5,0,0,0	128,43,49,68	232	149
2	4	1,24,0,9	0,0,0,0	227	149
211	8	211,138,235,264	2,3,2,1	150	149
10	2	11,6,4,1	7,3,0,1	210	149
459	4	534,153,209,216	0,0,0,1	298	149
1	0	7,0,0,0	13,1,0,0	298	149
0	6	1,0,0,0	21,3,2,4	290	149
1	2	1,0,5,1	18,3,2,1	224	149
2	2	2,12,4,1	16,13,3,0	170	149
1	1	0,1,4,8	0,0,0,0	298	149
5	0	95,0,1,2	1,0,0,0	230	149
9	67	3,6,4,4	88,43,22,50	298	149
107	0	107,42,44,83	0,0,0,1	298	149
117	10	36,110,113,105	4,6,10,5	195	149
15	129	2,7,9,11	18,67,72,83	298	149
2	0	0,1,0,0	0,4,0,0	298	149
0	4	2,0,0,0	0,0,0,0	238	149
3	296	3,0,0,0	79,130,132,99	169	149
98	84	47,39,16,16	25,48,16,24	152	149
5	0	0,2,2,2	0,1,0,0	153	149
176	41	34,49,87,80	14,4,14,14	298	149
0	292	5,0,0,0	248,151,35,54	167	149
15	88	9,5,0,1	49,53,29,31	298	149
55	14	39,5,15,22	10,4,0,4	197	149
1089	0	861,689,404,419	1,2,0,0	298	149
340	0	154,145,190,225	0,0,2,2	219	149
512	4	206,246,279,263	2,1,0,0	298	149
11	2	14,18,8,24	0,0,0,0	153	149
368	2	244,279,283,226	0,0,0,10	153	149
196	1	73,104,90,95	0,0,0,1	179	149
9	6	18,7,8,1	12,2,0,0	298	149
11	0	144,13,0,3	10,2,0,0	288	149
0	2	2,0,0,0	4,0,0,0	189	149
2	11	1,5,0,5	0,6,4,0	298	149
1	0	1,0,0,0	1,0,0,0	203	149
38	0	24,9,0,3	0,1,0,0	298	149
0	16	5,0,0,0	20,12,1,4	201	149
51	10	157,18,17,46	25,1,0,2	164	149
39	45	30,23,13,20	97,22,25,19	164	149
17	549	11,15,0,0	486,935,478,298	212	149
342	18	165,463,319,264	4,15,2,6	298	149
0	2	3,1,0,0	26,3,2,0	223	149
12	9	11,5,5,4	0,0,1,2	264	149
0	61	0,0,0,2	43,15,15,27	298	149
4	84	3,2,0,0	37,34,35,41	188	149
1	48	4,0,2,2	34,8,15,5	183	149
55	1	41,85,105,128	4,4,11,4	298	149
2	17	0,1,1,8	4,1,3,8	203	149
14	6	17,1,2,3	6,2,1,0	227	149
0	10	2,0,1,0	241,18,0,7	208	149
68	12	6,34,13,40	0,2,4,15	204	149
0	9	5,0,0,0	119,18,0,0	280	149
203	2	37,104,134,103	0,0,0,0	298	149
155	1	46,56,48,59	0,0,0,0	163	149
138	11	6,2,16,31	2,0,0,0	205	149
0	11	0,0,1,0	3,3,7,3	160	149
192	2	12,56,29,14	0,0,0,0	298	149
47	3	190,41,27,14	2,0,0,6	298	149
0	13	0,0,2,0	15,5,4,0	196	149
130	2	35,66,96,75	1,0,0,0	298	149
12	83	11,13,21,8	29,58,50,37	182	149
840	5	966,631,354,334	0,0,0,2	298	149
47	300	82,12,31,15	213,317,203,213	298	149
56	21	76,54,35,16	15,6,8,4	171	149
1	46	0,0,1,0	35,12,13,24	160	149
31	20	32,12,11,30	5,2,2,0	153	149
30	0	18,41,19,26	0,1,0,0	298	149
5	0	3,0,0,2	0,0,0,1	298	149
0	14	0,2,4,0	3,4,6,2	298	149
20	4	52,26,1,17	8,0,0,0	260	149
7	274	3,2,4,3	94,78,119,80	153	149
22	274	3,5,12,11	94,78,119,80	298	149
29	1	76,31,7,10	1,1,0,6	298	149
31	2	23,6,0,8	0,0,0,0	235	149
2	0	17,0,0,0	16,0,0,0	176	149
2	3	0,0,0,0	2,6,0,2	176	149
15	0	48,11,3,5	2,0,0,0	298	149
8	1	11,4,9,2	6,1,0,0	298	149
0	21	2,0,0,0	140,12,3,4	262	149
169	4	63,136,82,150	0,0,0,0	268	149
23	0	5,15,25,21	0,0,0,2	298	149
36	23	8,23,39,27	2,19,11,11	298	149
15	56	4,0,4,4	3,16,34,8	186	149
3	0	21,0,0,0	1,0,0,0	154	149
2	0	0,0,0,0	0,0,0,2	287	149
3	329	13,3,0,3	154,104,25,68	298	149
23	120	18,3,1,2	100,53,38,38	298	149
0	128	1,0,0,0	682,358,61,68	153	149
116	4	87,94,80,113	2,2,10,0	253	149
105	51	233,86,67,70	34,30,37,46	254	149
4	3	8,0,0,2	2,0,0,2	249	149
192	93	231,325,117,65	75,70,22,1	298	149
22	264	24,11,4,6	864,252,79,102	298	149
0	38	40,2,0,0	733,36,18,9	298	149
87	2	66,21,5,3	1,0,0,0	194	149
1	53	0,0,0,0	12,21,10,5	226	149
13	4	0,3,6,2	0,0,0,0	298	149
96	2	153,38,21,8	0,0,0,0	241	149
411	2	164,184,297,219	0,0,0,0	282	149
22	111	0,8,3,7	84,77,50,75	254	149
3	22	11,0,2,0	9,17,7,12	185	149
11	5	3,4,0,2	0,0,0,0	252	149
1	0	0,0,0,0	14,4,1,0	153	149
58	52	21,16,17,7	5,4,3,8	161	149
10	24	3,2,0,2	6,6,16,5	273	149
53	7	248,56,11,9	14,1,2,0	194	149
37	114	194,33,1,6	100,78,36,33	298	149
1	0	27,4,0,2	5,2,0,0	194	149
15	0	47,33,22,9	0,0,0,2	298	149
390	0	258,165,101,126	2,0,0,0	254	149
10	12	2,8,14,6	2,10,7,5	298	149
22	0	9,1,2,5	0,1,0,0	298	149
12	0	3,1,1,1	0,1,0,0	298	149
2	10	4,2,0,4	6,0,1,4	298	149
3	11	2,5,0,0	0,0,0,0	164	149
2	54	0,0,0,0	44,25,2,3	165	149
3	206	7,0,0,1	77,101,66,49	211	149
7	20	30,7,3,6	88,25,7,8	298	149
0	20	3,0,0,0	88,25,7,8	298	149
0	20	2,0,0,0	88,25,7,8	298	149
7	0	30,7,3,6	1,0,0,0	247	149
6	264	3,1,4,16	207,186,120,82	228	149
31	1019	18,5,14,8	408,534,699,509	194	149
1	12	0,3,0,4	0,0,0,7	152	149
17	4	3,1,6,11	2,6,2,12	298	149
5	87	4,2,5,1	13,25,13,17	298	149
4	0	197,6,2,2	45,2,0,0	155	149
0	8	0,0,0,4	0,2,4,2	150	149
18	4	1,1,11,7	0,0,0,0	150	149
6	0	2,0,0,0	2,0,4,0	180	149
13	0	9,6,2,6	2,0,4,0	260	149
0	1	2,0,0,0	14,4,0,2	165	149
6	118	2,1,2,1	74,83,130,115	156	149
4	694	13,1,0,1	492,150,158,140	156	149
1	0	10,0,0,0	3,0,0,0	208	149
18	129	3,5,2,5	23,33,48,32	259	149
2	8	0,3,0,0	7,2,0,0	298	149
4	12	6,2,2,3	14,13,3,11	152	149
0	2	2,0,0,0	37,0,0,0	254	149
18	8	9,7,9,19	1,0,0,4	298	149
20	2	17,9,6,9	2,0,0,0	298	149
26	0	15,7,4,8	0,0,2,0	298	149
26	4	13,7,4,8	3,0,0,2	298	149
16	2	11,4,3,4	2,0,0,0	194	149
24	0	11,4,3,4	0,0,2,0	205	149
24	4	11,4,3,4	3,0,0,2	212	149
10	0	2,0,0,0	0,0,2,0	160	149
10	4	2,0,0,0	3,0,0,2	167	149
0	4	0,0,2,0	3,0,0,2	156	149
0	5	0,1,0,8	0,2,3,0	227	149
2	4	0,0,0,0	0,0,2,0	242	149
192	9040	238,115,45,49	6455,6036,2602,2413	265	149
9040	6	6466,6036,2602,2413	13,4,0,0	298	149
1	3	4,0,2,2	0,4,3,4	169	149
1	0	2,0,2,2	4,2,4,4	298	149
3	0	0,4,3,4	4,2,4,4	289	149
1	4	27,8,0,0	0,0,0,0	154	149
0	6	4,3,5,0	4,6,0,4	270	149
0	2	1,0,0,0	1,0,0,4	153	149
145	5	48,94,217,102	2,9,5,10	256	149
1	55	4,4,7,10	32,42,131,84	298	149
0	8	2,0,0,0	1,5,0,0	164	149
0	4	2,0,0,0	32,0,0,0	236	149
88	3	45,37,47,36	4,2,1,0	298	149
400	1	310,120,89,81	4,0,0,0	220	149
27	3	2,10,12,9	3,0,2,2	194	149
107	0	67,62,49,13	0,0,3,1	196	149
0	1	2,0,0,0	8,1,2,5	161	149
0	1	1,0,0,0	0,0,0,0	154	149
1489	4	486,566,585,497	6,10,1,2	203	149
77	2	49,23,33,33	6,4,2,0	197	149
6	11	10,5,3,2	9,6,15,10	298	149
29	0	22,17,9,8	0,1,0,0	160	149
35	3	19,17,7,11	0,9,12,5	298	149
45	14	104,62,110,82	6,3,8,5	298	149
41	2	54,13,2,30	2,0,0,0	197	149
0	20	2,0,0,0	53,2,2,1	236	149
0	20	2,0,0,0	53,2,2,1	298	149
6	0	17,2,0,2	5,0,0,0	173	149
16	9	3,0,0,0	10,0,0,0	170	149
1	1	6,2,0,0	0,0,0,0	153	149
1	674	9,0,0,0	325,508,69,102	279	149
45	0	71,22,27,9	0,2,0,0	298	149
9	0	26,12,16,18	2,0,0,0	158	149
0	3	2,0,0,0	8,6,0,0	200	149
8	0	16,0,1,0	4,0,0,0	176	149
62	0	34,64,19,33	1,7,2,2	223	149
10	25	5,4,0,0	7,13,3,4	286	149
2	2	0,0,0,0	0,0,0,4	153	149
5	7	17,0,0,0	4,1,0,0	206	149
0	21	1,2,1,0	2,3,14,19	161	149
14	4	17,4,0,0	0,0,0,0	152	149
0	4	7,2,0,0	1,0,0,0	252	149
44	317	11,22,26,31	121,135,71,84	254	149
2	6	4,1,0,5	28,15,16,8	159	149
51	5	44,48,41,57	13,18,7,8	298	149
2	0	37,4,3,2	1,0,0,0	298	149
51	5	44,48,41,57	13,18,7,8	298	149
8	0	112,16,54,34	4,0,2,2	173	149
3	2	2,4,13,4	92,28,50,50	197	149
0	3	3,0,0,2	0,0,0,0	265	149
5	5	4,10,2,2	6,7,4,12	263	149
1	4	2,7,2,0	8,2,2,4	177	149
0	11	5,3,0,0	24,6,0,0	298	149
4	32	0,6,0,4	52,35,27,26	164	149
1	16	0,0,2,0	11,11,7,7	199	149
187	20	107,54,61,89	5,0,1,2	251	149
21	29	3,8,0,23	16,14,11,16	176	149
78	5	46,26,18,36	0,0,2,0	188	149
57	0	86,33,17,18	4,3,0,0	298	149
0	4	4,0,0,0	34,0,0,0	283	149
7	16	1,5,1,1	7,3,0,4	298	149
0	3	0,0,2,0	8,0,0,0	215	149
0	55	3,0,2,0	233,43,23,42	224	149
3	55	11,0,0,0	233,43,23,42	158	149
16	0	35,13,14,16	1,0,0,0	182	149
2	0	31,0,0,0	2,0,0,0	213	149
14	0	64,2,4,4	4,0,0,0	298	149
2	0	7,0,0,0	3,0,0,0	298	149
4	0	51,1,1,0	6,2,0,0	208	149
2	15	4,4,2,0	11,11,15,6	210	149
8	350	8,2,5,7	74,194,236,172	245	149
1	26	1,0,2,0	6,8,19,16	298	149
2	6	2,2,0,0	20,2,0,0	269	149
13	35	6,2,2,3	5,14,3,8	269	149
8	2	3,0,0,0	0,0,0,0	298	149
4	20	2,0,0,0	22,8,4,2	298	149
11	65	12,9,2,2	89,41,10,43	253	149
4	117	8,0,4,7	73,61,57,59	298	149
5	15	8,3,3,2	54,26,1,11	176	149
2	0	48,0,0,2	4,0,0,0	293	149
0	62	5,0,0,0	101,46,28,47	161	149
119	0	62,63,145,100	0,0,0,4	199	149
2	0	7,0,0,0	1,0,0,0	168	149
6	2	85,10,1,3	0,0,0,0	298	149
9	0	10,0,2,7	0,1,0,0	267	149
39	8	61,23,22,18	0,0,1,3	298	149
0	6	1,0,0,0	16,4,0,0	153	149
9	383	3,3,7,4	595,510,612,565	247	149
0	12	1,0,0,0	44,4,8,0	153	149
5	61	16,0,3,5	37,9,15,26	252	149
83	2	62,29,26,21	0,1,0,0	211	149
4	11	1,0,0,2	4,0,0,0	164	149
24	0	26,8,3,0	1,0,0,0	298	149
14	2	15,14,8,8	3,0,0,2	158	149
19	0	13,13,0,0	3,0,0,0	158	149
38	144	33,9,10,13	67,49,53,54	298	149
2	19	0,0,0,2	7,9,0,1	298	149
19	2	5,13,9,27	0,0,0,0	200	149
3	0	77,5,1,2	2,0,0,0	290	149
9	170	5,0,7,6	26,65,88,57	298	149
4	0	16,3,0,0	1,0,0,0	287	149
14	66	5,0,0,0	44,83,48,46	205	149
2	41	4,2,0,0	38,29,10,10	242	149
8	44	34,5,0,0	153,30,9,13	247	149
7	37	12,4,2,2	90,52,40,35	295	149
10	3	1,2,1,1	4,3,0,0	298	149
0	10	6,0,0,0	153,15,2,0	157	149
40	5	128,38,7,13	29,16,0,0	152	149
276	39	234,160,88,72	6,11,12,18	176	149
15	445	13,12,1,1	194,180,146,138	269	149
2	53	3,2,0,0	117,35,57,51	157	149
4	102	28,6,10,2	135,57,46,43	257	149
4	102	28,4,8,2	135,57,46,43	298	149
5	0	17,2,0,0	1,2,2,0	231	149
14	98	24,3,5,5	107,64,30,37	298	149
3	0	5,0,0,0	2,0,0,0	155	149
19	17	2,3,1,6	8,6,10,15	155	149
129	2	23,30,44,31	6,5,2,3	209	149
2	152	0,0,0,0	63,138,75,53	153	149
7	4	25,0,0,0	4,0,0,0	298	149
46	37	29,35,4,25	13,30,12,12	169	149
44	9	37,22,33,22	1,0,1,0	174	149
2	0	13,4,5,4	2,0,0,0	190	149
24	20	2,8,6,2	2,13,6,2	193	149
156	4	54,57,91,133	0,0,2,2	298	149
3	0	0,0,0,0	0,0,0,1	197	149
0	4	1,0,0,0	52,4,0,2	195	149
1	104	0,0,0,0	30,54,40,40	298	149
11	73	6,0,3,2	100,38,38,13	298	149
19	0	95,27,6,6	3,0,0,0	298	149
0	2	27,7,0,0	0,0,0,0	164	149
19	0	11,13,7,20	2,5,0,0	298	149
0	57	2,0,0,0	54,20,24,32	298	149
6	6	20,43,4,6	0,13,3,0	194	149
28	0	98,44,19,7	5,0,0,0	194	149
1157	0	547,1179,1069,725	0,0,1,4	277	149
8	230	2,4,18,4	59,137,242,204	207	149
80	0	95,43,34,36	2,0,0,0	191	149
35	23	58,14,39,21	35,6,30,35	276	149
0	1	19,0,0,0	3,0,0,0	209	149
0	2	5,1,1,0	19,6,1,5	185	149
4	2	0,2,0,1	1,4,0,0	199	149
686	0	430,703,847,754	0,6,0,2	246	149
5	0	38,4,0,10	15,0,0,0	161	149
6	45	3,0,0,2	16,18,13,19	298	149
26	185	20,11,28,24	52,137,110,117	298	149
53	1	65,54,28,22	8,0,1,4	183	149
10	49	6,5,3,10	26,14,18,19	152	149
6967	16	854,1802,2198,1979	4,2,2,4	298	149
4	6	0,0,0,0	1,0,2,0	159	149
9	4	23,15,7,2	2,0,3,0	153	149
0	35	0,1,2,13	4,42,11,19	243	149
101	0	1012,107,16,23	5,0,0,0	254	149
0	20	2,0,0,0	82,45,8,9	222	149
30	0	13,16,4,15	1,0,2,0	194	149
0	1	0,1,4,0	2,0,0,2	179	149
2	2	0,0,1,3	0,2,0,0	269	149
90	4	2,0,5,0	0,0,4,0	187	149
161	1853	4,0,11,0	33,20,51,19	187	149
2	15	2,2,0,0	8,7,1,1	265	149
0	25	14,0,0,2	87,16,15,20	170	149
0	1	26,1,1,0	8,0,2,0	191	149
134	75	77,76,27,48	61,49,35,26	298	149
3	14	7,4,0,0	23,11,2,1	161	149
8	0	24,3,3,0	1,4,0,0	298	149
1	29	6,0,0,0	17,9,8,7	298	149
1	29	6,0,0,0	17,9,8,7	298	149
0	107	0,0,0,1	87,80,23,52	160	149
0	2	4,0,0,0	2,0,0,0	240	149
0	5	5,0,0,0	6,3,2,1	291	149
25	6	10,1,0,0	0,0,0,2	298	149
26	1	10,1,0,0	0,0,0,0	298	149
320	31	13,9,6,28	4,0,4,1	207	149
93	17	13,3,4,10	5,0,0,0	216	149
323	17	26,8,33,37	5,0,0,0	234	149
0	163	0,3,1,0	65,71,150,199	154	149
0	34	0,0,1,0	4,1,4,10	154	149
3	38	6,0,0,0	251,15,0,7	163	149
0	10	4,0,0,0	16,0,0,0	262	149
0	4	4,8,5,2	2,1,2,0	190	149
0	121	0,1,4,0	64,37,39,33	153	149
142	200	91,37,72,59	103,75,51,67	282	149
5	151	1,2,0,0	98,46,79,71	155	149
123	3	633,83,3,8	0,0,0,0	275	149
2	2	1,0,0,1	0,2,1,0	298	149
0	3	2,0,0,0	1,0,0,0	298	149
3	43	0,0,2,1	15,27,24,18	161	149
242	6	94,127,149,167	3,4,0,0	250	149
25	0	377,1,0,0	5,0,0,0	236	149
20	0	337,1,0,0	1,0,0,0	287	149
10	2	1,1,3,2	4,4,0,2	281	149
4	0	0,1,11,2	2,1,0,0	243	149
4	127	0,0,0,0	67,61,96,155	153	149
1	26	2,0,0,0	41,15,0,9	192	149
0	53	8,0,0,0	10,17,4,0	228	149
9	0	2,3,9,0	0,0,0,2	158	149
20	5	15,13,5,9	4,0,4,2	179	149
7	3	32,9,4,1	18,9,3,1	284	149
8	11	0,0,0,2	11,17,4,7	166	149
2	48	7,0,0,0	20,31,43,42	163	149
37	0	18,53,70,52	0,1,3,0	161	149
2	534	2,1,0,1	365,346,403,478	194	149
12	4	12,2,10,8	0,0,1,2	158	149
87	0	50,2,6,2	2,0,0,0	220	149
14	0	35,29,0,6	2,0,0,0	152	149
14	2	0,1,0,0	0,0,0,0	207	149
15	1	0,2,0,3	0,0,0,0	224	149
3	1	0,1,0,3	0,0,0,0	166	149
12	1	0,1,0,0	0,0,0,0	207	149
13	24	0,2,0,3	0,5,3,2	224	149
2	24	0,1,0,3	0,5,3,2	166	149
0	4	5,0,0,0	36,4,0,0	194	149
200	0	152,164,151,117	0,2,0,0	298	149
3	2	0,1,2,0	0,0,0,0	298	149
14	1	0,8,2,1	0,0,0,0	298	149
1	0	0,0,5,3	1,0,0,0	298	149
22	58	22,7,4,19	43,24,23,19	164	149
47	232	14,19,10,8	58,83,68,66	177	149
2	130	4,1,4,10	30,93,114,69	177	149
129	9	43,76,100,131	0,6,2,2	153	149
17	37	12,4,11,17	19,15,9,12	298	149
51	1	55,68,36,34	1,3,1,0	154	149
2	6	10,0,0,1	12,3,3,0	298	149
1	6	0,0,0,1	12,3,3,0	177	149
2	0	1,0,0,1	1,0,0,2	160	149
0	2	3,0,0,0	63,0,2,0	184	149
0	15	4,0,0,0	46,1,0,2	281	149
3	2	0,10,4,18	0,6,0,7	166	149
16	2	49,13,4,8	19,1,0,0	244	149
764	2	89,161,235,201	1,4,4,0	154	149
31	1	3,10,4,4	0,2,0,0	154	149
2	2	6,2,0,4	2,0,0,0	298	149
1	153	5,0,0,0	411,197,37,35	287	149
0	15	1,0,0,0	58,2,5,0	179	149
5	40	7,1,9,8	23,10,4,21	248	149
6	4	4,4,2,2	6,0,2,0	155	149
0	6	2,4,2,4	6,1,4,5	159	149
2	14	0,0,0,2	21,26,58,30	159	149
59	422	65,35,3,6	273,141,38,69	215	149
1	0	5,0,0,0	12,0,2,4	296	149
0	6	4,0,0,0	36,12,1,7	242	149
2	4	12,0,0,2	5,0,0,0	298	149
2	0	3,0,0,0	1,0,0,0	201	149
2	2	0,0,0,0	3,2,0,0	159	149
88	16	29,38,30,39	6,3,4,6	298	149
5	0	17,5,2,6	2,0,0,0	243	149
5	2	17,4,1,4	0,0,0,0	243	149
2	22	0,0,0,0	65,30,6,3	244	149
198	2	73,114,102,127	0,2,4,2	167	149
686	12	1707,377,171,290	3,0,0,0	298	149
36	27	23,12,32,20	4,7,11,6	164	149
20	192	8,1,2,13	86,66,115,104	289	149
0	523	2,0,0,0	5784,1665,152,168	279	149
68	487	261,134,68,71	6412,1456,303,457	176	149
2	28	1,0,0,0	11,15,2,8	161	149
21	17	9,0,0,0	2,0,0,0	298	149
0	13	40,1,0,2	60,19,2,0	298	149
9	1	3,2,2,3	1,0,1,0	298	149
0	132	4,0,0,0	267,130,63,69	153	149
247	85	38,118,126,71	57,67,43,53	277	149
674	537	223,186,214,242	317,395,324,286	298	149
5	36	12,2,5,0	95,10,37,12	268	149
71	0	210,104,17,53	1,0,0,0	222	149
78	0	222,106,17,57	3,2,0,0	226	149
7	0	13,2,0,4	3,2,0,0	153	149
25	69	28,17,10,21	26,16,18,24	161	149
5	4	10,0,0,3	2,0,0,0	230	149
4	118	10,0,0,3	51,78,13,47	230	149
0	16	5,0,0,1	72,9,0,7	196	149
0	16	3,0,0,1	72,9,0,7	156	149
11	113	23,6,7,6	35,59,27,48	298	149
11	113	23,6,7,6	35,59,27,48	298	149
2	0	5,0,0,2	7,1,0,0	240	149
13	2	168,22,8,5	15,1,0,2	182	149
20	3	2,2,2,2	0,0,0,0	298	149
0	8	4,4,0,0	3,10,4,0	183	149
2	50	10,6,2,6	28,94,44,40	298	149
0	2	0,0,2,0	0,0,4,0	298	149
11	0	9,17,11,4	1,1,4,4	187	149
48	6	67,43,33,34	4,6,9,2	222	149
8	7	9,1,5,11	8,2,1,0	182	149
16	0	13,28,5,4	4,3,1,0	298	149
57	2	44,27,13,11	4,4,2,0	298	149
8	0	75,8,4,10	6,0,0,0	298	149
9	1109	1,1,0,1	736,895,471,289	173	149
48	664	60,43,16,13	578,529,303,218	202	149
16	1	99,6,3,4	3,0,0,0	298	149
20	31	3,0,0,0	72,10,6,3	298	149
8	327	4,8,6,1	184,110,192,183	153	149
0	22	2,0,0,0	67,19,3,5	297	149
21	22	26,7,0,7	39,5,1,5	161	149
2	27	1,0,0,0	29,12,10,12	155	149
4	75	0,0,1,0	41,46,25,26	163	149
18	1	2,7,7,3	0,0,4,4	155	149
5	0	3,4,0,0	4,0,0,0	298	149
9	1	4,7,0,0	2,0,0,0	155	149
2	4	4,0,0,0	5,10,7,2	298	149
0	16	2,0,1,0	22,12,8,9	298	149
26	40	16,13,12,24	13,34,15,15	237	149
3	0	21,0,0,1	12,0,1,0	177	149
25	111	3,0,2,4	67,30,21,18	158	149
0	29	0,4,2,0	35,8,5,6	298	149
6	38	7,0,0,0	93,26,14,9	273	149
0	36	1,0,0,0	114,27,9,12	179	149
2503	2	1705,1469,1865,1289	0,0,0,0	298	149
2645	4	2318,1598,1982,1463	2,5,10,0	298	149
2	48	14,0,4,2	412,29,22,31	228	149
631	4	504,585,339,298	1,3,0,4	298	149
2	2	17,6,1,0	5,0,0,0	213	149
0	55	0,1,0,0	55,15,14,25	161	149
4	27	7,8,6,7	7,13,10,27	162	149
0	10	1,0,0,0	38,5,1,2	153	149
3	8	0,0,0,0	2,1,3,0	181	149
14	0	24,23,24,32	0,0,0,6	298	149
16	8	34,23,25,37	0,0,0,2	298	149
6	8	16,0,2,11	0,0,0,2	191	149
6	0	16,0,2,6	0,1,1,0	191	149
1	14	4,1,1,4	11,12,11,9	298	149
91	0	87,67,146,196	0,1,0,0	298	149
12	29	1,6,12,3	6,18,14,23	168	149
0	2	0,1,0,0	2,0,0,0	189	149
236	4	183,48,59,61	10,2,0,2	158	149
0	2	0,0,0,1	0,0,0,0	298	149
8	508	7,4,1,2	20,37,49,67	180	149
2	101	5,1,0,2	304,39,14,22	298	149
2	59	84,1,0,0	1496,104,8,19	298	149
1	0	3,7,9,7	0,1,0,0	298	149
4	23	3,0,0,0	17,6,6,6	194	149
4	3	3,0,0,0	0,4,0,0	194	149
1	11	4,0,0,0	10,13,0,5	220	149
2	9	1,2,5,0	0,0,0,1	167	149
3	34	1,3,7,4	18,23,16,11	167	149
3	246	3,2,6,3	114,122,112,90	174	149
1	0	0,0,0,0	9,0,0,0	169	149
0	4	2,0,0,0	42,12,0,0	200	149
0	4	2,0,0,0	48,2,0,3	298	149
14	0	105,11,2,0	1,0,0,0	298	149
10	130	5,0,2,5	33,81,114,102	298	149
11	0	8,0,4,0	0,2,2,0	200	149
2	54	12,1,9,0	147,98,43,34	200	149
0	2	2,0,0,0	13,8,0,2	188	149
108	0	352,176,24,37	5,0,0,0	213	149
101	0	193,130,32,25	0,4,0,0	298	149
60	2	15,8,5,2	0,0,4,0	284	149
18	0	36,1,7,9	2,0,0,0	298	149
2	0	51,2,0,6	2,0,0,0	158	149
508	1	253,310,245,274	0,0,0,1	195	149
3	3	7,8,2,2	16,0,0,2	298	149
2	9	0,0,0,0	41,4,2,6	158	149
65	149	29,33,34,20	64,49,48,55	173	149
280	0	134,129,195,180	2,0,1,0	153	149
27	12	0,10,4,2	4,2,2,2	170	149
10	237	14,7,9,9	88,137,155,74	242	149
2	2	0,0,1,4	1,1,1,0	155	149
4	0	2,3,0,0	2,0,0,0	199	149
70	4	87,141,149,106	7,2,10,3	151	149
4	79	5,1,1,0	18,31,20,17	153	149
0	8	1,0,0,0	120,6,0,0	288	149
5	11	19,2,2,0	21,0,0,0	298	149
5	11	18,2,2,0	21,0,0,0	225	149
6	0	19,2,2,0	3,0,0,0	225	149
8	0	12,7,0,6	0,0,0,2	214	149
10	0	13,7,0,6	2,0,0,2	214	149
9	4	17,18,4,0	3,0,2,0	179	149
29	0	164,1009,104,120	0,0,2,0	153	149
33	9	164,1010,116,122	9,112,30,30	153	149
2	4	0,1,0,1	7,0,4,2	167	149
287	2	71,122,252,46	2,0,4,4	230	149
0	4	2,4,0,0	5,0,0,0	189	149
10	1	33,12,3,7	0,0,0,0	298	149
18	5	56,19,2,0	17,6,0,0	170	149
2	4	0,0,6,4	0,0,0,0	230	149
3	0	12,2,0,0	1,0,0,0	298	149
0	1356	6,0,0,0	1015,552,627,868	153	149
4	2	1,0,1,0	0,0,0,0	207	149
4	206	1,0,3,0	51,149,99,38	207	149
5	4	21,3,0,4	9,0,0,0	161	149
17	0	75,32,6,0	4,3,2,0	179	149
32	0	87,38,14,2	4,3,2,0	200	149
30	0	87,38,14,2	4,3,2,0	203	149
15	0	16,8,8,2	4,2,0,0	170	149
13	0	16,8,8,2	4,2,0,0	173	149
3	0	10,0,0,0	0,0,0,2	242	149
3	0	10,0,0,0	0,0,0,2	245	149
3	0	10,0,0,0	0,0,0,2	251	149
6	26	10,2,0,0	6,9,3,8	153	149
5	0	1,0,0,0	4,0,0,0	153	149
174	2	162,84,32,31	0,2,0,0	298	149
0	8	0,0,1,0	33,29,28,19	158	149
2	0	37,0,0,1	44,1,0,0	288	149
4	6	0,0,0,0	3,0,0,2	153	149
12	0	169,24,1,8	9,0,0,0	176	149
2	2	14,0,0,2	3,0,0,0	185	149
2	24	8,2,1,3	19,19,20,4	298	149
22	2	46,20,22,16	0,0,0,0	292	149
101	4	108,93,82,65	5,0,0,1	292	149
5	58	9,3,1,7	39,26,28,22	298	149
0	2	3,0,0,0	19,0,0,4	298	149
4	172	2,3,0,0	1077,253,14,30	164	149
2	0	2,1,0,0	6,7,5,6	199	149
76	4	19,63,56,47	3,5,3,4	188	149
100	0	51,64,28,41	2,7,0,5	164	149
9	50	4,6,3,1	37,101,69,51	230	149
7	69	2,0,0,2	30,71,62,49	153	149
228	155	126,78,85,61	40,46,37,37	196	149
10	3	77,18,10,0	12,4,2,9	245	149
7	32	0,0,0,0	2,0,0,0	160	149
6	30	11,1,0,0	1,0,0,0	235	149
4	0	1,0,1,0	0,0,1,1	298	149
4	33	6,0,0,0	39,6,15,13	262	149
3	11	2,0,0,0	0,0,2,0	175	149
324	44	137,166,347,314	4,9,15,13	271	149
11	39	1,1,2,1	26,12,5,17	298	149
0	2	1,0,0,0	0,0,0,0	192	149
9	29	0,4,9,4	6,3,3,5	259	149
319	4	111,203,170,209	0,0,0,0	298	149
10	0	10,13,20,12	0,0,0,2	150	149
19	52	24,11,13,20	32,11,26,22	167	149
4	13	0,0,0,0	17,4,0,2	188	149
6	0	0,0,0,2	2,0,0,1	298	149
15	126	2,3,0,0	6,19,13,24	178	149
5	0	3,2,3,2	1,0,0,0	210	149
0	2	1,0,0,0	8,0,0,0	289	149
2	6	2,0,0,0	0,1,0,0	289	149
15	7	80,30,18,22	10,12,3,7	263	149
5	62	2,0,4,0	28,45,29,31	153	149
113	0	183,67,38,50	2,0,0,0	298	149
13	162	11,2,0,0	176,74,86,65	202	149
430	0	150,180,208,128	0,0,2,0	298	149
0	13	2,2,0,0	5,9,1,4	189	149
1	55	1,0,1,2	12,9,16,33	167	149
9	23	0,4,1,1	2,29,9,11	204	149
3135	3	4883,1865,680,908	22,6,2,0	209	149
2	2	0,0,0,0	1,0,0,0	217	149
0	5	1,1,0,0	0,6,0,0	172	149
41	3	32,29,17,30	0,0,2,0	181	149
108	3	15,40,55,56	6,0,2,8	298	149
6	9	9,0,9,6	10,7,9,3	298	149
1	8	2,0,0,0	33,6,2,0	153	149
9	0	44,13,2,0	1,0,0,0	175	149
5	2	35,10,0,1	1,0,0,0	298	149
1	23	0,2,0,0	16,4,5,6	167	149
24	2	14,12,26,7	0,0,0,0	298	149
74	0	98,26,22,9	1,2,0,0	179	149
49	0	89,20,7,8	6,1,0,0	298	149
211	3	115,62,86,21	0,0,0,0	158	149
772	2	466,207,275,306	4,0,0,0	298	149
0	4	29,0,0,0	26,2,0,0	190	149
40	2	16,21,16,13	0,0,0,1	197	149
2	2	0,0,0,0	0,0,0,2	153	149
0	2	2,0,2,4	0,0,0,2	295	149
0	2	2,0,2,4	0,0,0,0	291	149
24	107	20,17,15,18	36,36,42,33	267	149
260	0	99,159,136,85	0,2,0,0	298	149
2	0	7,0,0,0	3,0,0,0	157	149
7	0	42,9,0,1	2,0,0,0	187	149
16	184	10,7,8,2	244,256,129,151	173	149
0	114	0,1,3,1	243,196,61,77	167	149
1	14	0,0,0,1	5,7,6,1	157	149
6	0	20,0,0,1	5,2,2,2	179	149
114	1858	12,2,5,6	277,33,57,20	157	149
5	0	18,2,1,3	1,1,0,0	162	149
1763	0	424,1220,1304,849	0,0,0,2	298	149
5	8	19,12,0,0	2,3,9,4	298	149
11	8	21,7,0,2	2,3,9,4	298	149
6	0	4,2,0,2	2,7,0,0	152	149
6	14	18,3,0,0	64,22,0,3	298	149
3	31	3,0,0,4	13,14,18,25	160	149
43	1	22,16,21,28	0,0,0,0	298	149
95	0	65,74,74,66	1,3,2,0	298	149
2	2	0,0,0,0	26,0,0,0	158	149
29	27	11,6,11,15	26,24,14,18	164	149
10	0	6,3,0,10	0,5,0,0	164	149
126	6	108,72,115,129	4,0,0,0	260	149
43	0	25,53,26,40	0,1,0,0	298	149
0	695	4,8,3,3	356,502,670,584	161	149
368	0	128,114,130,139	0,0,0,1	298	149
490	2	428,600,605,514	0,3,0,0	152	149
15	7	3,15,4,0	8,4,1,0	160	149
90	0	28,40,56,49	0,1,0,0	298	149
84	0	33,32,53,49	0,1,0,0	298	149
11	76	9,5,1,11	39,38,39,30	298	149
221	14	141,97,176,193	2,1,13,0	153	149
12	23	4,2,0,6	18,5,7,5	166	149
6	25	65,10,0,0	84,35,3,2	218	149
2	0	63,0,0,0	5,0,0,0	218	149
145	4	75,54,41,34	4,2,0,4	257	149
19	2	10,2,0,2	0,0,0,0	298	149
9	2	4,0,0,0	0,0,0,0	298	149
3	0	21,2,0,4	2,0,0,0	232	149
15	1708	14,19,10,6	1583,1936,916,753	298	149
5	2541	2,5,0,2	2099,2330,1941,1827	153	149
3895	52	3799,3634,4303,3888	39,35,60,42	298	149
0	60	2,0,0,1	50,30,52,47	166	149
65	1	59,40,40,49	0,0,0,0	298	149
18	2	56,17,10,5	1,1,0,0	186	149
118	2	212,124,24,40	1,1,0,0	298	149
100	0	158,107,16,35	2,0,2,0	298	149
4	28	2,0,1,0	142,41,4,13	298	149
128	4	183,99,32,50	0,0,0,0	298	149
2	6	0,0,0,0	7,2,0,2	168	149
3	13	0,0,0,0	34,2,0,3	168	149
51	38	8,5,2,10	25,11,0,4	193	149
532	2	27,0,0,6	0,0,0,0	298	149
4	0	49,2,2,0	1,0,0,0	298	149
0	2	4,0,0,0	0,0,0,0	161	149
0	6	3,0,0,0	1,0,0,2	298	149
1	0	27,0,0,0	14,2,0,0	155	149
4	3	0,0,0,0	11,2,2,2	298	149
2	56	2,2,0,0	49,11,10,10	189	149
52	463	23,7,29,14	108,159,217,202	298	149
1	44	1,0,0,2	35,12,15,17	153	149
1	0	12,3,0,0	4,1,0,0	186	149
17	32	21,10,9,11	27,22,18,5	186	149
17	77	11,8,20,9	40,79,45,44	221	149
6	12	16,3,0,1	5,3,4,12	281	149
0	13	2,0,0,0	42,9,5,5	286	149
0	172	0,0,0,4	50,94,57,33	153	149
19	151	13,2,2,0	126,66,29,34	212	149
0	5254	5,1,0,0	2834,4975,1720,1405	298	149
0	5254	5,1,0,0	2834,4975,1720,1405	271	149
5202	1	3026,5183,2943,2865	0,2,0,0	222	149
15269	1	7507,15032,7967,7367	0,2,0,0	298	149
14102	0	5747,13117,7874,7141	0,1,0,1	187	149
2	4	10,0,0,0	37,0,0,0	278	149
113	5	81,46,61,44	0,0,0,2	296	149
4	425	0,6,2,2	108,206,292,228	177	149
25	0	38,9,3,4	2,0,0,2	249	149
39	0	34,22,22,18	4,0,0,8	298	149
57	5	59,27,23,20	8,1,9,8	249	149
4	18	6,0,9,0	24,14,10,14	298	149
6	31	7,0,9,0	32,16,15,27	298	149
63	1	49,30,37,31	13,8,0,11	153	149
14	0	51,5,3,4	2,0,0,0	194	149
21	1	24,13,20,18	0,0,0,0	298	149
316	4	138,178,89,108	0,0,0,0	171	149
2	45	23,1,11,8	105,29,22,23	298	149
1	0	0,0,0,0	2,0,0,0	218	149
119	22	25,46,13,28	10,11,0,3	236	149
6	69	12,6,8,11	154,124,27,50	298	149
53	11	34,22,9,17	18,7,6,0	184	149
35	1040	45,2,0,0	1291,16,6,0	234	149
0	2	2,0,0,0	0,0,0,0	219	149
87	0	66,66,51,57	2,0,0,1	233	149
1	486	2,2,0,0	285,251,201,199	187	149
0	9	3,0,0,0	0,2,0,0	154	149
0	1	8,0,0,0	7,0,0,0	266	149
8	2	1,1,0,0	0,0,0,0	188	149
4	47	0,0,0,0	7,1,0,6	298	149
0	28	0,2,0,0	5,7,9,10	153	149
0	1	2,0,0,0	2,2,2,0	154	149
94	1	56,51,60,65	0,1,6,1	298	149
10	35	3,0,0,0	17,24,15,13	194	149
0	8	1,0,0,0	5,0,0,4	193	149
31	2	19,15,14,20	0,6,0,0	298	149
0	10	3,0,0,0	37,9,8,3	298	149
3	81	1,0,0,0	30,18,20,31	227	149
50	0	128,52,20,12	2,0,0,0	298	149
2	48	1,5,0,2	18,10,24,18	161	149
42	304	17,22,17,29	265,344,202,177	163	149
0	8	0,4,1,0	23,3,2,2	298	149
2	1	2,0,0,0	2,0,0,0	153	149
7	192	2,5,0,0	43,65,63,76	153	149
5	87	0,4,0,0	19,67,36,24	158	149
2	8	2,0,2,1	0,2,11,4	188	149
16	0	1,26,34,37	0,2,4,0	177	149
1	1	9,1,4,4	1,4,0,3	298	149
2	1	5,1,2,5	1,4,0,3	298	149
0	1	7,1,2,2	1,4,0,3	298	149
2	1	0,0,0,3	4,0,2,2	168	149
0	1	2,0,2,0	4,0,2,2	191	149
0	2	2,0,2,0	0,0,0,3	172	149
2	2	5,1,2,4	0,0,0,0	298	149
0	2	5,1,2,2	0,0,0,0	298	149
0	2	5,1,2,2	0,0,0,0	298	149
0	2	0,0,2,0	0,0,0,2	191	149
2	3	13,3,0,0	77,4,1,0	298	149
2	5	2,2,2,2	9,7,2,3	178	149
11	0	61,25,0,11	0,2,0,0	159	149
2	0	2,4,0,0	6,3,0,0	209	149
2	17	2,4,0,0	22,19,16,10	216	149
0	17	6,3,0,0	22,19,16,10	156	149
0	11	2,3,0,0	90,14,0,2	256	149
0	4	4,0,0,0	18,2,0,2	275	149
18	45	7,4,11,20	8,18,54,67	298	149
86	0	143,209,241,232	0,1,4,1	218	149
40	0	82,108,143,159	0,0,1,0	218	149
9	243	8,2,6,1	170,128,128,103	250	149
168	2	119,106,167,158	1,0,0,0	219	149
124	0	196,104,220,256	4,0,0,0	209	149
0	170	2,0,0,0	804,129,40,38	198	149
6	0	37,2,0,6	0,2,0,0	161	149
0	6	1,0,0,0	31,2,0,6	285	149
181	21	84,93,103,127	3,4,3,5	235	149
4	18	3,4,0,0	12,8,6,13	201	149
120	2	82,85,34,40	0,0,0,0	164	149
2	5	1,4,0,0	0,0,2,0	167	149
4	70	5,5,2,0	56,22,4,10	167	149
0	3	2,0,0,0	0,0,0,0	180	149
0	3	1,0,0,0	33,1,2,0	162	149
273	5	117,221,165,138	0,0,1,0	275	149
17	0	4,6,12,5	0,2,0,0	173	149
2	46	14,2,9,3	32,15,36,15	298	149
0	35	1,2,0,0	38,12,10,24	153	149
8	47	4,4,5,7	4,24,23,21	164	149
2	0	2,0,4,0	2,1,1,0	298	149
2	96	0,0,2,1	25,31,44,49	289	149
2	4	1,0,0,0	15,7,4,4	162	149
6	31	9,4,6,0	73,35,7,10	153	149
83	64	19,21,30,8	30,69,59,48	298	149
0	2	1,0,0,0	26,0,0,0	251	149
209	58	205,86,68,101	56,28,39,24	161	149
4	8	0,0,0,0	5,2,0,0	209	149
0	14	7,1,0,0	12,4,10,0	292	149
60	0	112,55,26,25	0,0,2,0	298	149
69	3	115,70,16,37	2,2,0,0	209	149
0	3	0,0,1,2	2,3,6,7	298	149
2	7	0,0,0,0	0,0,2,0	163	149
3	0	2,1,0,0	0,0,1,0	153	149
76	0	53,63,39,32	0,2,0,2	161	149
2	70	6,0,0,0	538,91,25,19	199	149
2	186	0,1,0,0	80,87,114,109	178	149
0	65	2,0,0,0	78,46,28,25	298	149
17	19	8,0,9,4	11,5,2,1	298	149
177	111	41,56,47,59	18,30,37,55	158	149
0	24	1,1,0,0	18,16,6,1	196	149
43	54	50,32,22,49	89,28,26,32	197	149
27	1	10,12,7,17	0,0,0,0	197	149
2	0	0,4,4,2	0,2,0,0	270	149
45	6	131,30,7,20	69,1,0,2	227	149
112	0	116,128,54,48	0,0,2,0	157	149
21	0	13,30,13,8	0,1,0,0	157	149
0	23	0,0,2,0	67,25,2,25	184	149
783	0	727,39,7,6	2,0,0,0	266	149
0	74	5,0,4,2	31,15,18,32	166	149
5	11	0,1,0,2	4,0,4,1	182	149
24	6	10,22,9,20	0,6,0,1	298	149
2	15	2,0,1,0	15,12,3,0	188	149
2	0	0,0,0,2	13,2,2,1	184	149
9416	10	1985,4009,2588,2570	0,1,0,0	154	149
2	3	0,0,0,0	13,2,0,0	240	149
827	11	489,233,218,173	16,3,3,1	202	149
266	10	56,104,133,78	2,15,5,6	228	149
89	0	19,20,53,28	0,1,0,0	228	149
7	69	7,4,3,7	25,37,28,22	198	149
7	4	10,4,5,2	3,2,0,2	198	149
192	0	70,70,44,67	0,0,2,0	273	149
0	51	8,0,0,1	1179,159,14,14	298	149
2	6	0,0,6,0	1,0,0,0	154	149
276	0	216,181,177,195	0,0,1,0	298	149
200	4	210,131,67,50	4,0,1,0	152	149
8	3	12,4,0,4	23,0,2,2	191	149
5	18	6,2,2,0	12,19,10,8	159	149
11	18	2,2,2,4	13,17,3,9	298	149
0	38	3,0,0,0	22,13,6,11	165	149
13	14	161,8,0,2	0,0,0,2	298	149
3	171	0,1,2,4	84,173,160,142	153	149
0	8	2,0,0,2	35,19,18,12	155	149
70	1	12,29,30,17	0,2,0,9	171	149
3	0	5,6,2,3	2,0,0,0	298	149
26	12	10,5,0,2	3,4,3,0	298	149
75	33	14,29,18,29	35,21,15,17	285	149
32	0	37,5,9,9	2,0,0,0	216	149
4	2	1,0,0,2	2,0,4,0	161	149
0	2	7,0,0,0	10,0,0,2	236	149
0	2	7,0,0,0	10,0,0,2	249	149
0	2	7,0,0,0	10,0,0,2	255	149
0	3	10,3,2,0	1,2,0,0	272	149
230	8	53,88,93,230	2,9,4,9	176	149
10	309	0,0,0,0	12,11,4,13	153	149
16	340	1,1,0,3	11,12,13,8	298	149
63	2	21,28,26,11	0,0,0,1	298	149
0	2	26,17,160,8	5,11,11,8	263	149
10	311	1,1,0,3	71,37,65,55	153	149
0	521	4,0,0,0	305,476,138,161	298	149
0	4	1,0,0,0	58,0,0,0	160	149
7	0	10,0,1,0	3,0,0,0	195	149
11	0	67,0,1,0	3,0,0,0	184	149
2	10	5,4,3,2	59,277,96,125	298	149
3	0	0,11,1,13	0,0,0,6	279	149
0	2	14,2,0,0	0,0,0,0	178	149
3	2	2,0,2,2	2,0,0,0	201	149
6	2	2,0,4,2	2,0,0,0	228	149
2	6	5,0,2,1	21,1,5,0	253	149
2	5	2,0,0,0	27,3,3,9	164	149
17	0	13,3,0,3	4,1,1,0	204	149
2	10	5,0,0,1	2,1,2,0	266	149
16	10	14,1,0,2	2,1,2,0	298	149
16	2	12,1,0,2	3,0,0,1	216	149
2	13	8,0,4,2	13,29,13,24	151	149
21	296	12,4,9,5	177,182,199,204	187	149
262	3	1292,232,48,64	7,4,2,2	298	149
474	11	2611,489,105,131	10,10,4,2	257	149
3	0	19,0,0,2	2,0,0,0	229	149
102	4	418,559,243,182	6,16,2,2	298	149
4	5	37,3,2,3	20,12,2,0	158	149
164	2	88,25,27,16	2,1,2,0	177	149
9	0	8,1,2,8	34,3,0,0	298	149
2	47	4,0,0,0	111,27,6,6	192	149
0	47	7,0,0,0	111,27,6,6	195	149
0	2	4,0,0,0	1,0,0,0	152	149
0	99	0,1,0,0	124,46,30,38	153	149
5	0	1,0,0,0	0,0,0,2	196	149
7	0	5,2,0,0	0,0,0,2	298	149
0	5	0,0,0,2	0,4,0,0	162	149
23	1	22,5,9,5	0,1,0,0	155	149
25	9	23,6,9,5	0,0,0,0	159	149
3	9	1,2,0,0	0,0,0,0	153	149
3	11	0,0,0,0	15,1,0,0	172	149
2	2	19,2,0,0	35,17,4,2	179	149
17	239	17,2,13,15	165,86,92,96	298	149
26	0	136,20,10,12	2,0,0,0	298	149
0	239	3,0,3,0	165,86,92,96	193	149
26	0	136,20,10,12	2,0,0,0	295	149
265	0	298,106,102,108	2,0,0,0	251	149
24	0	93,18,9,12	2,0,0,0	221	149
32	0	148,30,13,18	1,0,0,0	151	149
1	32	3,0,0,0	146,29,13,18	178	149
0	18	1,1,0,0	147,21,5,3	259	149
5	10	4,0,0,0	11,1,6,0	219	149
49	0	19,23,18,9	0,4,0,0	298	149
10	71	3,3,5,2	107,40,11,9	207	149
25	114	7,7,19,17	187,66,8,16	234	149
1	154	7,0,0,1	123,56,36,41	267	149
33	13	10,2,2,2	2,0,0,0	155	149
0	2	2,0,0,0	6,0,0,0	203	149
32	103	10,10,39,43	15,57,70,29	238	149
74	8	10,2,0,0	0,0,0,0	221	149
111	0	43,57,134,96	2,0,1,0	298	149
417	2	338,230,526,430	2,0,0,0	298	149
8	0	27,23,13,14	4,0,0,0	298	149
19	0	108,11,1,20	2,0,0,0	298	149
51	47	67,53,72,90	23,25,22,15	239	149
7	108	9,7,6,11	160,183,149,112	236	149
47	0	3,24,31,16	0,0,0,2	298	149
1	15	0,0,0,0	81,32,12,8	164	149
50	53	42,30,26,16	83,17,30,50	287	149
1	42	3,0,0,0	147,54,6,5	195	149
9	76	3,11,1,2	102,40,20,11	162	149
5	2	3,0,0,0	0,0,0,0	279	149
3	9	6,0,1,7	5,0,2,0	193	149
72	9	61,53,44,57	5,0,2,0	298	149
6	1	15,0,0,0	15,0,0,0	281	149
14	2	7,0,0,2	4,0,0,0	168	149
8	2	4,0,0,2	4,0,0,0	192	149
0	6	1,0,0,0	4,0,0,0	173	149
2	0	0,0,0,0	3,2,0,0	298	149
125	0	23,32,35,35	1,1,0,0	298	149
356	0	181,173,165,151	0,0,2,0	222	149
8	0	55,15,5,6	6,0,0,0	298	149
423	0	92,385,342,281	0,0,0,2	298	149
96	4	33,17,11,8	1,0,0,0	298	149
98	0	58,48,34,63	0,0,1,4	298	149
2	18	0,0,0,0	15,0,2,0	278	149
1	0	1,0,0,2	0,3,0,0	162	149
1	6	0,0,0,4	13,10,16,12	162	149
1	0	0,0,0,2	0,4,0,0	162	149
78	615	180,68,10,15	3337,564,75,84	285	149
3	67	2,0,0,0	27,21,4,7	239	149
52	40	14,22,20,4	15,15,1,6	298	149
2	10	3,5,4,0	35,8,8,16	298	149
0	10	2,0,0,0	35,8,8,16	178	149
0	2	0,1,0,0	0,0,0,0	185	149
3	56	7,2,0,1	23,8,11,8	156	149
46	0	19,11,1,15	0,2,0,0	270	149
12	17	4,3,0,2	7,8,0,1	157	149
0	4	2,0,0,0	0,0,0,0	155	149
3	1098	1,3,0,0	612,513,406,483	155	149
2	86	1,2,4,5	31,30,12,12	175	149
8	115	2,0,0,0	19,40,36,21	227	149
9	2	0,3,5,7	0,0,0,0	298	149
261	289	92,126,151,147	135,184,125,146	190	149
91	0	66,62,52,36	0,0,0,2	190	149
1	0	8,0,0,0	2,0,0,0	175	149
96	12481	9,0,0,0	959,3,0,0	200	149
2	1	0,0,1,3	0,0,0,0	159	149
0	30	0,2,0,0	14,6,3,2	298	149
5	0	18,1,0,0	2,0,0,0	298	149
40	2	44,12,21,14	9,4,0,0	298	149
45	3607	20,4,10,16	1295,826,939,968	164	149
0	4	0,0,2,0	4,2,4,0	190	149
11	1	34,14,0,13	2,0,0,0	166	149
24	1	24,15,17,12	0,3,3,2	218	149
116	1	36,47,54,50	0,0,0,0	155	149
4	75	0,4,14,21	24,13,29,58	277	149
3	0	5,5,1,0	0,5,0,0	298	149
0	44	0,1,0,0	3,46,1,5	233	149
83	32	40,62,27,29	15,21,5,19	292	149
2	90	9,0,0,2	155,65,22,21	175	149
33	3	35,30,13,17	0,0,2,1	207	149
4	0	23,11,9,4	0,2,0,0	152	149
2	51	5,0,0,0	355,44,9,9	233	149
4	0	0,3,2,0	0,2,0,2	154	149
2	0	2,0,0,0	7,0,0,1	153	149
9	6890	11,9,4,4	2430,5738,2632,1673	202	149
34	10	11,32,21,15	4,0,0,0	159	149
0	15	0,0,1,3	12,5,13,8	162	149
2	3	4,0,0,0	0,0,0,0	295	149
81	6	23,29,17,12	4,1,0,1	152	149
17	0	8,1,15,11	0,0,1,0	154	149
8	2	2,1,0,2	0,0,0,0	203	149
109	0	67,47,58,57	0,0,0,2	298	149
109	2	67,47,58,59	0,0,2,0	298	149
248	4	179,79,144,192	3,0,0,0	298	149
124	4	79,54,70,61	3,0,0,0	298	149
580	4	413,234,318,356	9,6,0,1	298	149
29	188	21,20,16,6	171,140,66,64	197	149
16	0	13,28,5,16	2,0,0,0	298	149
36	2	5,3,2,2	0,0,0,0	298	149
33	1	6,5,7,7	0,0,0,0	159	149
42	63	6,5,7,7	5,4,4,3	176	149
10	63	0,0,0,0	5,4,4,3	166	149
13	48	14,0,0,2	34,11,8,27	158	149
321	20	112,153,176,147	27,4,22,5	298	149
0	25	2,0,0,0	63,14,12,16	161	149
35	17	50,64,52,83	9,4,1,8	241	149
11	2	5,9,1,2	3,0,0,0	298	149
381	293	97,61,91,119	106,77,97,72	161	149
10	5	20,22,4,4	30,22,3,0	268	149
0	3	4,0,0,0	90,9,2,0	180	149
6	93	25,7,4,2	173,73,58,69	160	149
0	13	4,0,0,0	23,10,5,4	207	149
7	217	12,12,13,2	602,284,186,307	158	149
6	0	558,23,6,2	3,0,0,0	246	149
153	15	6,1,4,0	0,0,0,0	288	149
0	2	0,4,0,0	3,5,0,4	298	149
0	11	2,4,0,0	24,0,4,2	298	149
2	11	5,5,0,4	24,0,4,2	170	149
2	12	0,0,0,0	7,2,10,4	213	149
7	7	0,0,0,0	0,0,0,2	157	149
4	0	3,4,29,20	0,8,4,14	298	149
5	0	185,6,4,0	2,0,0,0	153	149
82	0	170,22,18,8	2,0,0,0	256	149
1	17	0,0,0,0	2,7,3,2	153	149
3	11	0,0,0,0	2,4,6,4	208	149
2	16	3,2,0,0	4,6,0,1	298	149
10	109	20,9,0,6	82,30,24,41	242	149
0	10	4,0,0,0	60,1,1,0	298	149
0	21	2,0,0,0	76,29,8,8	246	149
0	21	2,0,0,0	76,29,8,8	268	149
0	21	2,0,0,0	76,29,8,8	298	149
15	32	5,0,0,3	10,3,4,16	298	149
22	31	9,20,7,12	6,32,40,66	206	149
19	108	1,0,0,4	8,5,11,5	298	149
42	12	2,15,11,0	0,0,11,0	153	149
41	1	41,16,8,13	24,0,0,2	298	149
119	0	60,65,78,55	0,1,0,2	172	149
89	0	53,75,88,108	2,0,2,0	232	149
85	0	40,42,54,69	0,0,2,0	232	149
4	1	8,1,8,8	0,0,0,0	197	149
203	56	41,81,69,36	9,37,20,6	173	149
16	0	2,4,2,3	0,0,2,0	173	149
457	3	97,236,222,123	0,0,0,0	298	149
80	3	47,50,34,28	0,7,0,0	154	149
12	104	3,3,8,2	49,57,47,72	184	149
1916	30	1605,2017,2586,2418	29,39,42,39	202	149
63	544	113,36,85,70	410,543,456,381	219	149
6	65	7,2,4,5	24,32,23,25	152	149
0	139	1,0,1,3	19,36,27,33	155	149
1	128	0,1,0,0	20,47,39,62	170	149
70	13	9,27,29,36	2,2,7,18	193	149
0	2	2,0,0,0	8,3,0,2	265	149
225	0	173,173,145,122	0,0,0,1	298	149
21	111	134,66,18,9	391,222,66,49	167	149
4	22	2,0,0,0	0,0,0,0	162	149
21	22	8,0,0,0	0,0,0,0	207	149
5	7	105,7,5,2	55,9,0,0	266	149
0	2	9,0,0,0	2,0,0,0	204	149
0	34	0,1,0,1	11,65,9,32	208	149
6	0	32,6,1,4	2,2,0,2	298	149
2	2	3,0,0,0	40,0,2,0	218	149
4	23	3,3,0,3	28,23,11,6	163	149
436	0	1086,384,222,170	0,5,0,0	163	149
13	2	6,8,2,0	7,2,0,2	171	149
2	0	0,0,0,0	2,0,0,0	298	149
44	343	8,13,23,24	114,283,241,298	298	149
39	0	21,13,21,36	2,0,0,0	261	149
10	354	3,10,3,4	137,201,133,94	153	149
18	15	8,1,2,4	2,4,3,0	298	149
19	568	6,1,1,4	46,310,350,63	298	149
1	142	11,7,0,0	1097,368,30,14	237	149
5	64	2,0,0,2	36,21,11,12	213	149
0	19	1,2,0,0	37,14,13,6	165	149
58	30	32,33,8,4	18,7,6,17	206	149
104	2276	11,75,28,49	238,3390,1228,1048	298	149
5490	0	458,6071,4869,4411	2,0,1,0	298	149
6290	4	521,7171,5710,5049	0,0,0,0	298	149
829	4	73,1119,855,656	0,0,0,0	210	149
829	2	71,1120,854,656	0,3,0,4	210	149
5084	4	289,5612,5363,4140	0,3,2,0	210	149
36	0	18,24,51,28	0,0,2,0	298	149
17	20	4,15,10,1	17,17,10,10	211	149
2	3	1,0,2,0	2,0,1,0	187	149
30	0	13,8,21,37	0,0,0,2	298	149
4	2	5,0,1,2	0,0,0,0	207	149
5	2	1,0,0,0	1,2,2,0	180	149
12	1	16,4,1,4	5,2,2,0	298	149
28	2	15,8,17,16	0,0,2,1	298	149
3	0	12,3,1,0	0,0,2,0	298	149
3	1	7,0,2,1	5,2,2,0	218	149
2	0	6,0,2,1	0,0,2,0	298	149
1	0	10,2,2,0	0,0,2,0	277	149
1	0	7,0,0,0	4,0,0,0	218	149
898	61	155,4,22,7	9,2,2,0	246	149
3	33	4,0,0,1	9,2,11,26	245	149
0	19	0,0,2,0	4,6,5,20	240	149
0	42	7,1,0,0	236,20,2,13	298	149
46	1	448,174,94,117	20,7,0,5	298	149
15	0	266,43,6,10	1,0,0,0	298	149
0	4	24,3,0,0	12,1,2,1	298	149
1	2	3,2,0,0	0,0,0,0	198	149
13	4	18,10,17,23	4,1,0,0	153	149
21	36	0,0,2,1	15,10,9,9	208	149
7	104	0,2,10,0	22,39,40,44	217	149
0	131	0,6,2,2	86,153,121,104	165	149
2	2	0,2,2,0	0,1,0,2	172	149
0	2	1,0,0,0	8,4,0,0	158	149
22	0	38,24,20,23	0,2,2,0	156	149
15	0	113,16,4,4	2,0,0,0	248	149
0	2	3,4,2,6	5,3,0,2	200	149
184	7	72,101,111,69	2,0,0,0	153	149
120	0	38,28,64,90	0,0,0,2	214	149
224	2	80,92,158,191	0,0,3,0	214	149
0	28	1,0,0,0	31,4,7,0	207	149
63	0	106,32,14,27	3,10,1,2	186	149
73	0	45,64,38,44	0,1,0,0	298	149
76	3	42,76,57,76	10,0,0,2	298	149
4	0	43,8,1,1	7,0,0,0	186	149
77	0	81,68,38,45	0,1,0,0	298	149
80	3	78,80,57,77	10,0,0,2	298	149
73	0	51,64,38,44	0,1,0,0	294	149
76	3	49,76,57,76	10,0,0,2	298	149
9	3	19,15,19,32	10,0,0,2	187	149
0	31	4,0,0,0	52,3,0,0	154	149
18	57	26,13,17,9	112,89,37,48	298	149
1	79	0,0,0,7	62,30,38,61	158	149
5	32	4,2,1,9	36,65,18,29	298	149
0	4	3,0,0,0	20,0,0,0	166	149
957	0	2677,1595,495,1099	0,1,0,0	298	149
2	2	87,9,3,4	0,0,0,0	298	149
4	368	66,10,1,4	2410,648,168,244	298	149
18	0	602,23,5,9	11,0,0,0	298	149
0	4	0,2,0,0	1,1,6,12	241	149
0	16	0,0,3,0	40,16,0,0	298	149
2	1	3,1,0,0	2,0,0,0	168	149
15	18	9,5,6,13	6,2,0,3	230	149
18	0	9,0,0,4	3,0,0,0	203	149
154	885	186,23,7,34	933,110,67,127	162	149
0	22	2,2,0,1	13,34,17,13	268	149
3	17	9,4,10,8	44,11,2,2	191	149
61	2	16,47,63,52	0,0,0,0	174	149
1	116	2,3,0,2	36,43,62,52	229	149
0	16	3,0,0,0	40,23,12,5	163	149
339	4	706,402,205,135	1,0,0,0	298	149
855	16	805,736,377,339	11,17,12,12	298	149
79	2	137,131,45,64	0,0,0,0	188	149
1124	0	882,1034,617,602	2,0,0,0	298	149
1172	4	984,1133,616,625	2,5,0,4	298	149
79	4	139,129,45,64	2,5,0,4	188	149
559	344	628,729,343,402	265,381,141,148	188	149
654	1	955,757,299,291	0,0,0,0	298	149
73	11	11,0,4,0	1,0,0,0	298	149
11	4	3,0,0,0	0,0,0,0	163	149
71	54	11,0,4,0	2,0,2,0	298	149
3	0	2,0,0,1	1,1,0,0	164	149
28	2	12,12,0,0	2,0,0,0	259	149
0	2	13,3,0,2	9,2,0,0	200	149
2	60	0,3,0,0	34,17,35,30	160	149
1	2	58,0,0,0	6,2,0,0	194	149
57	7	160,66,32,28	3,2,7,0	176	149
24	2	3,5,17,11	0,0,0,0	155	149
12	15	14,0,11,12	16,4,5,6	237	149
3	0	14,11,8,9	4,0,0,1	298	149
22	0	13,1,10,10	0,1,0,2	171	149
0	3	0,2,0,4	0,1,0,0	155	149
354	3	136,226,207,151	0,7,1,6	298	149
161	2	39,28,46,38	0,0,0,0	199	149
685	100	83,181,166,161	16,27,24,15	199	149
482	4	104,126,142,162	0,0,0,0	298	149
735	0	164,178,198,234	1,0,0,0	298	149
781	7	143,151,165,232	0,6,5,2	298	149
328	7	45,44,56,95	0,6,5,2	222	149
75	35	13,10,8,2	0,7,6,4	214	149
365	116	40,62,75,65	32,28,8,31	214	149
310	13	31,55,68,63	2,4,4,7	298	149
4	11	4,0,2,0	0,0,0,0	201	149
40	3	37,6,7,7	3,0,0,0	167	149
9	3	9,3,2,4	3,0,0,0	218	149
0	31	2,2,0,0	30,5,5,3	200	149
16	0	4,3,7,4	2,0,0,0	236	149
27	11	9,9,13,13	5,9,21,13	236	149
1	0	9,1,4,1	2,0,0,0	197	149
20	37	2,15,11,10	11,0,8,11	160	149
411	45	212,299,146,110	14,23,22,23	160	149
9	0	23,5,3,5	5,6,0,0	175	149
69	0	95,54,24,41	0,0,2,0	163	149
26	0	1,58,46,5	0,1,0,0	298	149
26	1	1,58,46,5	0,0,0,3	298	149
0	1	0,1,0,0	0,0,0,3	153	149
12	0	5,30,17,10	0,1,6,0	153	149
4	2	0,4,0,0	2,0,0,0	233	149
10	49	5,8,4,6	13,27,32,37	298	149
14	49	5,8,6,6	13,27,32,37	298	149
1	0	8,5,0,0	2,2,0,1	153	149
614	0	74,476,346,400	0,0,0,2	212	149
9	73	8,5,7,9	28,74,26,28	253	149
21	2	21,10,9,20	0,0,0,0	199	149
0	104	4,0,0,0	53,19,12,6	257	149
0	24	2,1,0,0	8,10,2,11	298	149
10	0	93,0,2,0	2,0,0,0	282	149
24	3	29,13,0,1	16,1,0,0	158	149
0	69	9,3,1,3	60,29,8,11	164	149
9	361	12,0,2,2	318,47,99,116	259	149
248	1	646,283,199,269	1,7,0,0	183	149
3	6	7,1,3,1	4,0,0,0	298	149
26	0	105,4,5,1	4,0,0,0	298	149
13	0	19,15,7,20	0,2,0,0	298	149
13	0	23,15,7,20	0,1,0,0	298	149
19	4	8,21,1,3	4,1,0,0	298	149
6	4	29,10,17,3	12,2,4,2	298	149
7	1	23,12,0,0	7,2,0,0	161	149
2	1	12,2,0,0	7,2,0,0	234	149
2	1	12,2,0,1	7,2,0,0	240	149
0	5	7,0,0,0	18,10,0,0	222	149
0	5	7,0,0,1	18,10,0,0	228	149
63	4	25,23,22,30	2,0,0,0	210	149
255	4	134,143,191,153	2,0,0,0	214	149
71	4	36,24,32,40	2,0,0,0	235	149
194	2	111,122,169,123	0,2,0,0	153	149
10	2	13,3,10,10	0,2,0,0	174	149
10	194	3,2,8,2	101,121,167,115	170	149
63	4	37,22,24,40	0,0,2,2	214	149
65	4	33,22,27,38	0,0,2,2	235	149
4	2	0,0,3,0	4,0,0,2	170	149
53	2	10,18,27,43	2,0,0,0	298	149
0	164	0,1,0,0	301,119,68,104	164	149
2	0	8,0,1,0	2,0,0,0	158	149
33	0	33,3,17,12	4,0,2,0	158	149
24	11	14,1,14,6	4,2,10,0	166	149
1	1	1,0,0,4	20,12,0,0	269	149
58	0	11,17,25,34	0,1,0,1	295	149
77	1	25,17,40,50	0,1,0,0	295	149
0	35	2,0,0,0	265,49,4,7	282	149
2	406	18,10,3,2	942,448,167,132	165	149
0	16	0,4,0,2	0,2,0,0	185	149
2	0	77,4,0,0	3,0,0,0	298	149
25	3	56,19,10,14	5,3,0,6	298	149
3	29	2,2,6,3	71,72,35,18	215	149
15	37	22,25,27,36	70,92,51,45	298	149
18	0	33,38,31,53	0,0,2,0	298	149
47	0	88,113,67,71	0,0,2,0	185	149
6	8	1,0,0,0	10,10,2,2	161	149
0	2	2,0,0,0	0,0,0,0	298	149
8	89	11,2,7,4	53,42,58,52	163	149
3	20	0,0,0,2	13,19,13,15	239	149
21	31	4,0,2,12	18,21,11,8	153	149
4	15	12,4,0,1	26,8,3,2	274	149
228	6	140,116,120,105	2,1,0,2	208	149
54	6	44,34,40,45	2,1,0,2	214	149
1	175	2,3,1,7	98,85,81,67	155	149
0	8	1,0,0,0	7,14,12,6	191	149
463	2	824,220,61,99	2,0,0,0	166	149
21	52	8,4,4,2	26,34,34,45	298	149
6	134	8,7,10,3	166,257,191,147	254	149
841	4	141,306,301,199	1,0,0,0	298	149
13	806	8,1,4,2	231,427,279,294	298	149
5	11	6,2,4,8	17,12,0,0	227	149
3	4	4,2,4,8	2,6,6,2	227	149
9	51	17,9,5,0	39,40,21,14	298	149
2	172	0,0,0,0	53,88,151,117	153	149
32	67	30,25,11,13	82,46,15,30	298	149
19	36	16,23,44,28	19,23,53,34	180	149
22	204	25,23,69,43	222,132,344,293	180	149
11	0	5,6,10,14	1,2,0,0	154	149
0	5	2,0,0,0	80,2,0,0	298	149
7	30	0,0,1,1	15,22,21,21	152	149
91	2	37,42,42,58	0,2,0,0	194	149
14	63	9,11,12,2	18,12,23,11	153	149
48	40	39,32,12,28	15,29,19,9	191	149
4	0	1,0,2,0	0,0,4,2	298	149
0	2	11,0,0,0	34,4,1,3	182	149
3	0	2,2,0,0	2,0,0,0	162	149
0	19	0,2,0,0	2,6,0,0	153	149
0	35	4,0,0,0	193,4,3,2	200	149
24	0	140,25,16,14	1,0,0,0	298	149
49	0	156,31,21,12	3,0,0,0	167	149
1	79	4,0,0,3	53,50,32,38	156	149
2	19	0,0,0,0	54,30,6,2	298	149
0	2	4,0,0,2	3,0,1,0	167	149
2	20	0,0,0,0	8,7,6,9	215	149
0	64	6,2,0,0	40,54,51,41	191	149
9	11	9,2,0,0	0,4,1,0	293	149
2	0	0,0,0,0	0,2,0,0	217	149
44	27	20,30,18,38	16,5,8,12	158	149
101	0	25,14,27,19	2,0,0,0	298	149
44	1	13,5,16,7	0,0,4,0	282	149
0	4	21,0,0,0	12,2,4,2	182	149
5	46	44,2,2,0	81,37,11,11	182	149
0	1	4,0,0,0	3,0,0,0	184	149
5	5	0,0,2,1	0,3,0,0	258	149
359	4	150,290,214,175	2,2,3,0	193	149
17	0	142,13,3,7	12,2,0,2	236	149
41	531	15,82,113,126	126,1222,1017,967	180	149
834	0	192,1554,2109,2214	0,2,0,2	298	149
602	2	180,1437,1490,1402	0,0,0,0	179	149
496	0	112,951,842,764	0,2,2,2	180	149
1	9	0,0,0,0	23,24,2,1	231	149
9	6	27,25,2,1	0,17,10,2	298	149
0	6	4,1,0,0	0,17,10,2	298	149
0	6	4,1,0,0	0,17,10,2	298	149
0	6	4,2,0,0	0,17,10,2	238	149
0	2	2,0,0,0	6,0,0,0	159	149
25	9	18,27,7,14	1,3,5,5	173	149
1	0	0,0,1,2	0,0,0,10	198	149
3	0	0,0,2,2	0,0,1,1	232	149
6	35	0,5,0,2	17,28,42,38	269	149
132	4	25,80,104,133	0,0,2,1	298	149
6	6	45,13,3,0	12,3,0,2	298	149
48	0	49,24,11,13	2,0,1,0	298	149
46	0	64,24,13,13	2,0,2,0	298	149
0	73	4,2,0,0	541,196,275,199	158	149
2	0	5,0,1,0	5,0,0,0	298	149
0	3	2,0,0,0	16,2,0,0	232	149
420	7	498,461,531,646	3,3,6,3	290	149
18	0	9,1,0,6	0,2,0,0	254	149
12	26	2,6,16,9	25,6,7,13	218	149
0	4	1,0,0,0	0,0,0,0	186	149
9	12	4,6,9,2	6,12,5,6	164	149
36	2	30,17,13,11	0,0,0,0	152	149
162	2	36,36,69,34	0,0,0,0	165	149
477	5	130,247,301,199	2,0,3,2	165	149
0	12	0,0,0,1	15,55,40,55	155	149
12	1	33,41,39,57	0,0,0,0	153	149
15	2	37,65,86,117	0,3,0,0	298	149
7	4	18,41,11,19	0,0,0,0	201	149
0	14	2,4,4,0	41,16,6,4	191	149
2	150	14,0,0,0	1904,204,24,21	276	149
52	307	10,21,27,22	62,288,292,293	298	149
4	12	0,0,0,0	19,12,13,13	191	149
29	0	19,12,7,6	0,0,0,2	232	149
0	20	4,2,0,0	19,48,11,12	169	149
1	0	0,1,0,7	0,0,1,0	153	149
21	20	8,7,3,9	4,15,8,9	153	149
6	3	29,10,2,1	17,8,0,3	174	149
0	1	2,0,0,0	12,6,0,0	165	149
0	1	2,1,0,0	12,6,0,0	161	149
2	2	36,4,0,0	7,0,0,0	277	149
8	2	31,0,0,0	2,4,0,0	298	149
0	35	0,0,2,1	29,21,16,28	153	149
20	61	6,8,6,4	67,104,67,38	236	149
8	5	19,6,1,8	0,0,0,0	263	149
0	6	3,0,2,0	47,2,2,0	172	149
70	7	40,37,28,23	0,0,0,0	298	149
0	68	0,0,1,2	34,38,42,39	298	149
36	0	26,18,18,4	0,2,0,0	160	149
14	123	15,0,8,3	81,73,68,63	159	149
4	4	2,0,0,0	0,0,0,0	151	149
1292	16	63,277,239,325	0,0,2,0	253	149
666	49	66,178,53,85	0,14,2,9	298	149
70	2	136,58,29,12	2,0,0,6	298	149
0	12	0,2,0,3	0,37,25,36	153	149
249	0	68,109,138,190	0,0,2,0	298	149
308	5	98,167,152,209	2,0,0,1	298	149
727	3	335,476,406,390	2,1,2,0	298	149
10	44	5,3,6,4	42,20,9,7	298	149
32	0	29,9,13,6	0,0,2,0	298	149
2	2	30,0,0,0	21,2,0,0	298	149
2	12	0,0,0,0	1,0,0,2	158	149
22	19	9,11,10,7	2,5,7,2	152	149
2107	19	1771,1184,808,745	2,4,2,0	156	149
7	2	19,11,1,5	0,0,0,0	151	149
1971	3	1556,1278,555,413	2,0,0,0	151	149
4174	8	2545,2152,1461,1204	1,1,0,2	236	149
1	20	2,4,4,4	4,20,6,12	180	149
5	307	1,0,4,4	190,147,169,154	170	149
3	2	1,0,0,1	0,3,0,0	170	149
4	0	18,6,11,11	6,0,4,0	154	149
1	1	0,30,16,14	0,5,2,2	236	149
28	1	75,56,37,48	0,0,0,0	153	149
3	5	6,6,7,11	2,0,0,0	225	149
4	4	3,2,1,0	2,1,4,0	153	149
34	104	36,40,44,26	77,69,74,47	225	149
0	83	5,0,0,0	65,70,24,17	246	149
214	0	207,115,155,147	1,2,0,0	271	149
2	0	7,0,0,0	0,1,0,0	161	149
2	0	2,0,0,0	8,0,0,0	238	149
17	0	23,1,4,3	0,0,1,0	298	149
5	97	5,0,2,0	89,35,49,39	218	149
1	45	0,0,0,1	70,52,31,38	168	149
20	14	18,7,3,19	16,7,14,10	155	149
4	42	4,0,0,0	30,16,8,5	211	149
1	23	0,0,1,0	6,6,17,5	153	149
2	2	7,5,1,0	2,0,0,0	267	149
2	2	7,5,1,0	2,0,0,0	298	149
2	2	7,5,1,0	2,0,0,0	298	149
0	3	10,0,0,2	65,8,0,0	298	149
18	123	7,4,2,0	45,15,0,2	296	149
232	10	98,62,89,87	6,2,4,0	298	149
0	5	3,0,0,0	87,8,2,0	266	149
0	2	0,9,0,1	0,7,2,1	248	149
4	10	6,5,0,0	9,1,0,0	176	149
151	10	118,76,44,77	1,0,2,2	298	149
5	126	3,2,2,0	34,67,45,42	153	149
2	270	5,1,4,0	160,47,43,52	196	149
0	55	0,2,0,0	36,37,8,19	173	149
4	0	39,3,0,0	0,0,0,1	191	149
11	130	8,0,4,5	208,110,48,52	298	149
0	26	4,0,4,0	12,14,10,18	188	149
33	13	25,17,20,11	4,14,4,16	161	149
15	3	9,2,0,0	12,9,9,7	296	149
3	5	0,0,4,8	7,0,3,2	211	149
4	3	5,4,0,4	0,0,0,0	257	149
6	0	62,0,0,0	2,0,0,0	298	149
4	5	10,0,2,3	16,0,2,2	298	149
4	0	2,2,0,0	1,0,0,0	271	149
10	6	6,2,1,6	4,0,2,6	261	149
41	5	6,6,23,12	4,3,5,1	298	149
22	2	34,6,13,15	0,0,0,0	298	149
12	2	3,0,4,1	0,1,0,0	194	149
6	39	12,1,0,0	115,55,8,22	269	149
0	58	0,0,0,2	29,32,31,20	156	149
2	58	0,5,0,0	29,32,31,20	190	149
2	0	0,5,0,0	0,0,0,2	183	149
946	2	1023,962,624,579	1,0,0,0	298	149
7	13	14,7,9,4	15,2,3,2	298	149
4	136	0,0,0,2	26,25,8,22	298	149
4	0	38,4,2,7	6,0,0,0	298	149
3	0	41,8,0,0	2,0,0,0	164	149
3	0	102,7,0,4	11,0,0,0	164	149
20	4	132,33,32,20	10,6,2,2	217	149
1	0	22,0,0,0	38,0,0,0	179	149
42	2	132,63,25,32	0,0,0,0	197	149
15	0	41,6,5,0	2,1,0,0	165	149
325	37	478,225,185,237	35,23,4,19	298	149
0	9	4,0,0,0	21,13,7,9	268	149
157	22	37,24,10,6	9,3,0,0	153	149
60	22	35,23,1,3	9,3,0,0	298	149
60	157	31,23,1,3	33,24,10,6	294	149
21	4	12,3,2,1	0,0,0,0	222	149
13	1228	4,3,0,0	310,384,174,159	298	149
8	131	2,0,0,0	95,50,59,64	175	149
64	4	410,51,3,19	2,0,0,0	160	149
1	4	0,0,0,0	49,6,0,1	298	149
8	0	91,9,2,7	0,2,0,0	218	149
2	3	0,0,0,0	3,0,0,0	154	149
23	0	48,71,50,46	0,1,0,0	298	149
27	0	47,68,35,67	0,0,2,0	298	149
3	3	5,1,1,0	2,7,1,2	177	149
5	3	9,1,1,0	2,7,1,2	224	149
3	1	4,0,0,0	0,0,0,0	196	149
2	1	5,1,1,0	0,0,0,0	177	149
32	34	19,15,9,17	9,17,14,9	158	149
0	113	4,0,0,0	51,47,44,44	191	149
7	89	7,2,4,0	100,104,50,66	211	149
10	110	31,0,3,10	390,238,140,110	257	149
19	0	23,8,9,11	10,0,0,0	298	149
10	0	5,1,0,1	1,1,0,0	153	149
17	10	7,3,7,10	4,6,13,6	158	149
77	24	56,62,24,37	14,18,26,11	158	149
8	0	12,1,2,2	0,0,5,0	193	149
2	0	15,0,0,0	1,0,0,0	155	149
0	31	0,2,0,0	30,54,20,27	298	149
0	7	0,0,0,3	30,9,3,0	179	149
6	25	3,6,0,0	9,14,8,3	232	149
5	2	15,12,0,1	0,1,0,1	161	149
55	6	125,29,13,43	9,2,0,4	152	149
8	65	7,5,2,8	50,38,31,28	289	149
5	718	33,8,1,0	3067,757,427,508	298	149
0	2	0,0,2,0	2,5,5,2	178	149
78	21	119,51,32,31	26,13,8,14	212	149
38	0	56,23,12,22	2,2,0,0	212	149
30	5	75,12,12,12	1,0,0,2	192	149
3	29	4,1,0,1	55,8,14,9	203	149
355	4	222,238,276,210	3,4,1,4	233	149
2	0	5,0,0,0	34,0,0,0	298	149
2	32	0,0,0,0	36,21,8,3	163	149
40	6	51,13,12,15	2,0,0,0	173	149
17	4	0,0,0,3	0,0,0,0	184	149
0	2	32,4,0,4	7,9,2,4	206	149
24	15	2,7,2,4	30,12,2,1	298	149
10	2	14,36,21,32	2,2,2,0	178	149
0	46	2,0,0,0	92,20,15,10	167	149
152	0	54,77,80,119	1,0,0,0	153	149
302	8	46,55,87,54	0,0,1,10	233	149
0	2	3,0,0,0	16,0,0,0	215	149
0	5	2,0,0,0	20,2,0,0	154	149
0	18	7,0,0,0	40,9,2,2	268	149
0	18	1,0,0,0	40,9,2,2	175	149
59	0	72,23,14,14	0,0,1,0	298	149
12	3	52,2,4,1	0,0,0,0	191	149
0	13	2,0,0,0	9,6,5,11	192	149
19	0	52,12,12,14	3,0,0,0	298	149
1	5	17,2,0,0	12,0,0,0	178	149
0	2	5,0,0,3	37,2,0,1	298	149
0	21	1,0,0,0	52,13,2,8	298	149
2	0	9,0,0,0	1,0,0,0	153	149
5	0	119,1,0,0	2,0,0,0	201	149
6	0	49,0,0,0	2,0,0,0	201	149
2	52	0,1,0,1	35,22,16,6	167	149
0	2	2,0,0,0	24,0,0,0	191	149
0	1	5,0,0,0	2,0,0,0	181	149
30	0	2,2,11,14	0,0,0,1	168	149
21	2	20,16,3,17	0,4,0,0	168	149
209	0	134,128,148,126	0,1,0,0	298	149
3	39	9,1,2,5	33,22,12,12	249	149
17	87	16,6,1,7	96,55,46,51	298	149
53	87	46,27,13,18	96,55,46,51	200	149
68	91	21,13,18,13	21,28,40,40	298	149
35	4	172,14,12,7	8,0,0,4	263	149
47	0	70,16,2,3	2,0,0,0	200	149
40	782	14,3,0,2	431,40,33,17	298	149
21	0	328,28,6,9	2,0,0,0	202	149
572	137	401,273,124,229	91,102,48,56	298	149
988	0	518,519,297,399	0,0,4,0	298	149
6	0	12,9,11,23	2,0,2,0	251	149
9	0	9,15,22,15	0,2,0,0	265	149
2	4	10,0,5,0	21,0,0,0	153	149
9	72	0,0,5,2	17,43,7,49	158	149
191	3	196,464,430,296	0,0,0,0	298	149
16	10	1,4,0,2	3,4,2,0	191	149
11	2	4,13,4,7	0,1,0,0	298	149
18	3	18,1,3,5	0,1,0,0	283	149
0	3	0,2,0,0	7,5,0,0	298	149
0	2	3,0,0,0	0,0,5,0	158	149
2	1	5,6,0,2	0,0,0,0	167	149
1	0	1,2,0,0	2,0,0,1	262	149
4	2	0,0,2,0	0,0,0,0	158	149
1	0	0,0,1,1	2,0,0,0	298	149
2	0	59,2,0,0	3,0,0,0	179	149
9	232	2,2,5,5	58,95,111,74	298	149
25	2	59,13,7,2	0,0,0,0	176	149
0	4	4,1,0,0	2,0,0,0	158	149
7	4	12,0,0,2	2,0,0,0	161	149
7	0	10,0,0,2	2,1,0,0	152	149
79	0	190,54,17,12	2,0,0,0	212	149
3	1	2,11,2,0	2,7,4,0	173	149
8	0	11,4,2,2	1,0,0,4	173	149
67	83	16,12,15,17	49,37,42,38	222	149
3	11	5,2,2,3	38,17,6,9	171	149
59	11	11,11,13,13	38,17,6,9	222	149
56	0	7,9,11,10	1,0,0,0	200	149
6	80	8,2,2,3	33,18,17,14	171	149
92	80	28,13,17,15	33,18,17,14	222	149
89	3	24,11,15,12	4,0,0,0	200	149
56	7	11,10,13,15	4,4,0,2	222	149
10	2	17,8,0,1	2,8,0,0	298	149
0	3	0,0,0,2	21,13,2,3	298	149
4	122	2,0,0,4	49,103,79,58	298	149
57	2	29,58,15,32	0,0,0,0	298	149
26	107	19,17,10,12	367,137,55,39	265	149
0	8	2,0,0,0	11,5,0,0	298	149
52	0	217,35,15,23	4,0,0,0	254	149
2	16	0,0,0,0	53,16,4,4	178	149
32	0	21,7,19,21	0,0,0,2	231	149
0	1	2,0,0,0	0,0,0,0	154	149
1	0	2,0,0,0	2,0,0,0	226	149
0	11	3,0,0,0	70,11,2,13	298	149
104	0	130,89,72,62	0,2,0,0	298	149
2	57	31,4,0,1	279,71,32,16	298	149
10	117	8,1,12,17	29,39,49,56	298	149
0	211	0,1,0,1	80,88,64,63	167	149
78	273	7,16,9,29	32,392,283,305	161	149
4	3	0,0,0,0	9,0,0,2	217	149
154	2	93,128,160,211	0,0,6,0	286	149
0	13	13,0,0,0	120,26,7,2	158	149
2	0	8,0,0,0	4,0,0,0	298	149
26	0	55,10,4,2	2,0,0,0	298	149
480	0	780,516,182,276	1,0,1,0	250	149
12	2	3,12,3,4	0,0,0,0	171	149
96	13	16,54,34,49	15,14,16,0	171	149
3	10	2,2,0,3	14,15,1,12	152	149
14	37	18,8,6,5	81,35,11,11	152	149
21	4	33,18,5,3	0,0,0,0	168	149
0	6	1,0,0,0	22,0,0,2	154	149
3322	4	1793,2388,636,557	2,7,2,0	196	149
612	0	380,381,129,149	7,0,0,0	169	149
21	0	512,47,6,4	0,1,0,0	298	149
5	80	0,0,2,8	12,36,33,17	298	149
12	0	1,2,0,2	0,4,0,0	224	149
176	2	140,146,128,110	0,0,0,5	153	149
0	74	0,0,2,2	89,31,35,21	298	149
11	2	9,16,5,1	1,0,0,0	159	149
15	0	11,2,0,11	1,0,0,0	208	149
580	9	165,243,284,281	2,0,9,2	252	149
285	14	134,205,138,159	0,13,6,7	171	149
14	4	2,0,0,0	0,0,0,0	298	149
3	133	1,1,1,2	70,63,60,50	240	149
3	133	5,1,1,2	70,63,60,50	218	149
4	44	0,1,0,4	12,4,11,14	298	149
3	29	1,2,0,0	9,13,12,7	298	149
1	29	0,0,0,0	9,13,12,7	159	149
0	48	0,0,2,2	6,21,2,29	167	149
67	0	31,32,63,48	0,0,0,1	194	149
1	374	1,0,0,0	305,231,114,213	231	149
488	0	381,299,141,229	2,0,0,0	176	149
2	30	1,2,0,0	158,32,12,13	213	149
59	0	8,89,38,76	0,1,1,6	171	149
34	6	131,76,114,146	18,13,1,0	157	149
1	56	2,2,2,2	28,37,25,27	153	149
6	78	0,3,0,0	3,9,12,19	179	149
71	1	2,13,10,6	0,0,0,0	182	149
2	2	17,3,0,0	5,0,0,0	177	149
6	0	92,3,0,0	2,0,0,0	298	149
2	0	8,2,0,0	2,0,2,0	298	149
2	0	9,2,0,0	2,2,0,0	298	149
152	0	59,159,138,106	0,0,0,2	182	149
261	2	338,123,126,155	2,0,2,0	298	149
3	26	3,1,5,3	12,50,78,46	166	149
8	1	10,4,2,11	0,0,0,0	246	149
9	8	10,3,2,11	4,0,0,0	246	149
8	5	10,4,2,11	5,9,2,0	246	149
1	5	0,0,0,0	5,9,2,0	153	149
10	1	10,3,2,13	0,0,0,0	246	149
149	7	280,180,68,40	0,0,0,0	195	149
5	16	68,8,0,0	42,9,2,2	227	149
57	0	77,25,1,2	2,0,0,0	194	149
0	1043	0,2,0,0	363,351,179,126	164	149
36	2	15,10,2,5	0,0,0,0	298	149
2	72	2,0,3,2	72,89,42,54	151	149
22	2	17,11,17,11	2,0,0,0	164	149
92	2	87,100,56,63	2,0,0,0	162	149
2	19	2,0,0,0	63,32,8,14	152	149
192	0	144,174,159,172	0,0,2,0	298	149
92	1	150,105,50,33	0,2,0,0	191	149
114	1	2486,625,380,492	2,7,0,4	298	149
13	3	47,10,2,15	4,0,3,0	251	149
2	0	0,0,0,0	5,15,9,12	298	149
2	8	48,10,0,0	110,17,0,2	161	149
30	206	17,10,5,0	262,25,14,13	155	149
43	0	58,22,25,51	7,7,5,5	298	149
16	0	19,7,0,0	2,0,0,0	298	149
2	7	26,0,0,0	70,2,2,0	298	149
15	15	2,11,11,16	33,16,15,11	179	149
17	18	4,12,12,16	8,6,2,3	230	149
17	18	35,17,16,11	8,6,2,3	200	149
96	39	51,30,74,73	16,19,17,16	298	149
153	0	369,167,48,75	6,5,0,2	153	149
4	0	3,1,0,0	0,2,0,0	196	149
0	3	10,1,0,0	6,0,1,4	223	149
3	0	13,0,1,4	3,4,1,0	183	149
27	5	7,18,12,17	0,4,0,0	153	149
9	34	1,0,0,4	38,19,30,46	283	149
34	61	21,12,14,15	17,21,6,11	298	149
126	0	64,39,55,35	2,0,0,0	298	149
3222	0	966,2746,3845,3019	0,0,1,0	298	149
2	1965	0,0,0,1	660,1990,1894,1278	158	149
6	1965	0,0,0,1	660,1990,1894,1278	153	149
86	0	13,31,72,39	0,6,2,5	280	149
2	0	11,5,8,1	2,5,1,0	257	149
46	0	8,2,2,0	0,0,1,3	152	149
62	6	42,38,29,28	6,10,10,10	152	149
127	19	84,67,46,70	12,0,2,4	239	149
72	19	48,39,27,52	12,0,2,4	236	149
24	76	22,13,8,5	32,31,11,20	158	149
5	25	3,2,0,2	2,4,2,2	158	149
11	11	18,1,5,3	9,2,10,32	298	149
0	7	3,0,0,0	29,14,1,7	193	149
3	10	8,3,0,0	14,5,3,7	153	149
53	132	31,34,35,34	70,53,17,42	155	149
5	3	8,2,0,0	0,0,0,0	298	149
0	16	2,0,0,0	10,10,0,3	268	149
2	16	1,2,0,0	10,10,0,3	298	149
2	0	1,2,0,0	2,0,0,0	200	149
217	6	249,82,52,80	8,0,1,7	192	149
6	0	4,0,0,2	13,0,0,0	236	149
3	0	90,0,0,0	22,1,0,0	197	149
3	0	32,0,0,0	3,0,0,0	197	149
9	0	107,10,0,0	3,0,0,0	164	149
0	27	42,2,0,0	95,21,11,6	286	149
0	1	2,0,0,0	60,26,2,4	298	149
140	3	20,1,2,0	1,0,0,0	185	149
10	169	0,0,2,2	156,66,75,99	173	149
0	5	5,0,0,0	36,11,3,25	154	149
4	22	0,0,0,0	2,20,2,4	161	149
2	111	0,0,0,0	24,4,5,0	152	149
34	32	27,27,11,16	19,12,9,12	173	149
3	2	1,0,0,0	33,2,0,0	183	149
38	78	14,5,11,0	102,37,14,4	298	149
6	82	5,0,0,2	41,48,36,46	180	149
43	37	42,12,12,17	14,19,1,9	298	149
46	37	38,11,11,15	14,19,1,9	298	149
41	18	23,8,14,22	14,6,10,8	298	149
42	6	41,18,19,17	0,0,0,6	298	149
2	4	0,0,0,0	0,1,0,0	160	149
85	19	37,26,46,53	6,5,10,8	153	149
0	2	2,0,0,1	6,7,0,2	162	149
0	10	2,2,9,0	7,10,7,7	164	149
11	0	9,15,13,15	0,3,0,0	298	149
58	8	27,36,24,26	0,0,0,0	298	149
60	4	246,259,114,106	63,35,11,16	155	149
2	0	12,0,0,0	5,0,0,0	164	149
2	0	5,0,0,0	6,0,0,0	155	149
2	1	5,0,0,0	2,0,0,0	173	149
16	0	127,28,5,13	3,0,0,0	185	149
15	0	89,21,11,9	3,0,0,0	298	149
5	0	98,7,2,5	4,0,0,0	254	149
5	0	77,12,3,11	2,0,0,0	165	149
0	21	1,1,2,0	73,11,9,24	227	149
0	2	3,0,0,0	16,1,0,0	181	149
2	4	14,0,5,8	14,0,0,5	298	149
69	117	14,19,21,27	19,29,48,24	153	149
22	0	62,4,0,0	1,0,0,0	298	149
2	45	9,8,0,2	28,18,6,13	296	149
17	2	96,6,3,3	1,0,0,0	267	149
1	2	4,0,0,0	14,3,2,3	298	149
0	7	10,1,2,0	9,7,4,7	204	149
0	4	0,1,0,0	11,6,4,9	227	149
0	2	2,0,0,1	0,0,0,0	232	149
0	2	1,0,0,2	2,0,0,0	156	149
0	16	1,0,2,3	4,11,3,9	156	149
0	1	1,0,0,0	0,0,3,0	156	149
20	0	15,11,25,7	2,0,0,3	207	149
2	0	7,6,0,0	3,0,0,0	298	149
2	7	0,0,0,1	15,19,0,11	178	149
16	33	0,0,2,1	3,9,10,13	179	149
4494	20	5879,4650,2413,2874	60,31,10,9	234	149
46	52	6,0,15,28	4,5,14,22	224	149
10	4	0,0,0,4	0,1,0,0	180	149
92	27	6,22,14,19	4,11,11,9	298	149
56	2	4,54,80,158	0,0,0,0	298	149
67	1	0,57,81,147	0,4,0,2	298	149
0	206	4,2,12,7	142,91,123,167	153	149
210	14	227,125,133,202	0,0,7,0	298	149
1	33	1,0,2,0	33,21,6,7	298	149
12	0	5,1,7,1	4,0,0,0	177	149
0	12	0,0,2,0	2,3,2,5	202	149
5	17	3,0,0,8	5,4,11,19	165	149
21	112	3,1,0,4	37,60,57,62	165	149
67	31	12,15,9,13	2,0,0,2	254	149
4	17	3,0,0,2	48,8,0,3	197	149
99	0	298,64,132,73	3,0,0,0	298	149
0	77	0,0,0,1	209,45,30,62	153	149
0	77	4,0,0,0	209,45,30,62	215	149
1	36	9,5,0,0	146,42,41,35	199	149
7	40	0,2,1,0	9,29,20,12	216	149
0	4	2,0,0,0	37,3,0,0	191	149
14	223	4,6,3,3	78,94,73,135	184	149
37	12	91,30,54,15	0,0,1,3	217	149
137	0	304,77,77,52	0,3,0,0	298	149
167	0	230,84,54,86	4,0,0,0	298	149
64	12	24,2,8,3	58,24,33,46	298	149
79	4	0,8,14,23	0,0,0,2	201	149
298	0	123,163,255,174	0,1,0,0	198	149
7	0	10,1,0,8	2,0,0,0	282	149
43	2	6,13,10,12	0,0,0,0	298	149
45	2	10,11,12,13	1,0,0,2	298	149
151	3	74,106,151,206	4,4,0,2	298	149
0	4	6,0,0,0	32,0,0,0	263	149
5	0	91,3,1,0	3,0,0,0	155	149
7	58	10,3,7,10	25,41,51,31	274	149
2	90	4,0,0,0	68,34,31,19	261	149
16	13	2,4,2,4	0,4,2,4	154	149
4	10	4,0,0,0	22,12,2,4	295	149
12	2	23,3,9,3	2,3,2,1	256	149
0	2	2,0,0,0	2,3,2,1	296	149
6	66	2,0,3,2	30,35,19,18	188	149
68	17	44,16,10,1	3,0,0,0	298	149
2	1	7,0,3,2	0,0,2,0	298	149
119	1240	132,85,43,53	919,936,351,387	164	149
501	2	201,286,292,255	0,0,0,0	298	149
44	437	20,5,15,31	171,219,336,282	298	149
45	85	21,6,18,33	4,32,24,14	298	149
6	5	11,0,0,0	15,2,2,0	284	149
680	2	464,458,173,189	0,0,0,0	298	149
1276	0	501,759,407,484	0,0,0,1	298	149
6	14	9,4,4,16	11,4,4,1	182	149
1	3	1,0,1,0	0,0,0,0	193	149
0	14	6,0,0,0	66,9,0,1	156	149
8	383	6,3,1,0	608,332,75,71	179	149
22	383	37,12,5,0	608,332,75,71	280	149
16	2	33,9,6,2	2,0,0,0	250	149
6	9	7,2,0,2	44,8,6,2	161	149
9	747	4,13,12,11	553,274,489,503	298	149
0	2	0,2,0,0	2,8,2,0	298	149
218	2	113,65,112,110	0,0,0,0	218	149
2	0	7,1,0,2	0,2,0,0	298	149
15	8	4,3,8,7	0,0,0,0	298	149
6	0	21,8,9,11	0,0,2,0	298	149
18	26	4,12,15,11	7,10,2,12	158	149
1	6	0,8,0,2	0,0,0,0	196	149
55	8	19,29,55,36	1,14,7,13	154	149
570	0	381,1243,2206,2117	2,0,2,2	164	149
0	236	0,0,0,1	56,128,126,101	160	149
2	1	2,0,0,0	3,0,0,2	242	149
92	1296	7,28,37,23	165,398,566,391	170	149
15	0	18,9,9,16	2,0,2,0	298	149
2	0	7,5,4,8	0,4,0,0	298	149
251	0	81,137,136,139	0,0,1,0	298	149
1	251	2,0,4,0	134,105,133,108	180	149
0	61	1,0,5,1	19,22,54,20	243	149
5	3	2,3,4,6	0,0,0,0	234	149
4	4	0,4,0,4	0,0,4,0	154	149
299	0	66,159,82,151	0,0,4,0	298	149
5	0	2,5,0,0	5,0,0,0	187	149
32	0	553,430,212,430	5,0,0,0	166	149
430	0	220,244,294,254	0,2,0,0	298	149
137	0	35,25,31,23	1,0,0,2	253	149
2	0	0,0,2,8	0,0,0,3	161	149
15	94	2,11,7,4	42,57,95,104	162	149
149	2	67,90,47,39	2,5,2,2	154	149
40	2098	10,15,10,14	242,1276,1036,350	274	149
174	1276	148,28,66,109	981,765,420,509	298	149
26	0	24,12,7,14	2,0,0,0	298	149
8	0	13,5,4,2	0,0,2,0	298	149
0	30	0,2,0,0	22,6,15,18	163	149
50	70	14,23,19,14	39,26,20,17	155	149
2	2	24,17,3,10	117,86,20,32	154	149
42	0	75,37,6,21	6,0,0,1	153	149
4	3	5,2,13,10	10,0,3,5	164	149
22	2	48,26,8,9	2,1,0,0	298	149
10	2	14,14,6,2	2,1,0,0	298	149
4	70	32,6,6,2	93,38,22,30	298	149
4	0	398,16,1,3	2,0,0,0	190	149
19	1499	36,19,5,4	3330,1449,576,597	160	149
327	110	96,280,175,118	28,79,42,41	173	149
1	2	12,0,0,0	2,0,0,0	287	149
40	9	92,15,15,38	1,0,0,0	233	149
0	2	2,0,0,0	24,2,0,0	229	149
498	0	511,511,236,256	0,0,0,2	157	149
457	2	136,226,249,166	0,0,0,0	239	149
9	0	23,6,4,5	4,2,0,0	196	149
1	75	0,1,0,2	46,64,30,49	163	149
2	9	0,0,0,0	30,6,2,4	298	149
2	0	7,9,6,0	0,2,0,0	244	149
11	11	0,2,3,7	6,0,1,5	201	149
226	33	363,274,155,145	31,33,12,5	202	149
3228	0	2848,4046,3138,2694	2,0,0,0	197	149
634	0	690,780,577,586	2,0,0,0	207	149
4	2598	14,7,2,6	2172,3273,2563,2114	159	149
1433	4	1581,1677,1405,1083	2,0,0,0	298	149
4	0	12,5,2,0	2,0,0,0	298	149
27	58	1,9,7,5	14,26,20,40	291	149
1	117	0,0,0,0	39,67,80,46	154	149
26	21	3,0,0,0	1,0,0,0	162	149
311	0	158,159,168,140	0,1,0,0	298	149
42	62	15,32,40,53	20,26,47,46	158	149
0	4	6,0,0,0	12,1,4,3	192	149
2	0	4,0,0,3	2,0,0,0	199	149
5	3	1,0,4,0	0,0,0,0	160	149
12	167	9,0,6,4	41,26,28,31	160	149
