IncLevel1	IncLevel2	IncLevelDifference
0.0	0.007	-0.007
0.043	0.048	-0.005
0.161	0.237	-0.076
0.016	0.02	-0.004
0.035	0.03	0.005
0.029	0.006	0.023
0.085	0.102	-0.017
0.022	0.135	-0.113
0.311	1.0	-0.689
0.334	0.734	-0.4
0.013	0.006	0.007
0.845	0.47	0.375
0.188	0.192	-0.004
0.932	1.0	-0.068
0.178	0.113	0.065
0.551	0.195	0.356
0.111	0.174	-0.063
0.072	0.0	0.072
0.008	0.0	0.008
0.982	1.0	-0.018
0.495	1.0	-0.505
0.0	0.168	-0.168
0.089	0.027	0.062
0.818	0.333	0.485
1.0	0.879	0.121
0.879	0.695	0.184
0.583	1.0	-0.417
1.0	0.932	0.068
0.058	0.084	-0.026
1.0	0.978	0.022
1.0	0.781	0.219
0.145	0.017	0.128
1.0	0.0	1.0
1.0	0.0	1.0
0.122	0.0	0.122
1.0	0.0	1.0
0.382	0.0	0.382
0.311	0.261	0.05
0.113	0.049	0.064
0.406	0.434	-0.028
1.0	0.99	0.01
1.0	0.909	0.091
0.364	0.159	0.205
0.337	0.754	-0.417
0.758	1.0	-0.242
0.797	0.481	0.316
0.014	0.035	-0.021
0.074	0.067	0.007
1.0	0.726	0.274
0.0	0.25	-0.25
0.015	0.0	0.015
0.931	1.0	-0.069
0.104	0.0	0.104
0.178	0.139	0.039
0.855	0.0	0.855
0.222	0.3	-0.078
0.159	0.0	0.159
0.014	0.0	0.014
0.976	0.986	-0.01
0.424	0.694	-0.27
0.0	0.105	-0.105
0.89	0.612	0.278
0.752	0.672	0.08
0.564	0.591	-0.027
0.102	0.038	0.064
0.853	0.396	0.457
0.556	0.505	0.051
0.543	0.745	-0.202
0.113	0.104	0.009
0.748	0.472	0.276
1.0	0.986	0.014
1.0	0.868	0.132
1.0	0.463	0.537
0.046	0.068	-0.022
0.542	0.159	0.383
1.0	0.849	0.151
0.035	0.041	-0.006
0.191	0.0	0.191
0.016	0.067	-0.051
1.0	0.978	0.022
1.0	0.969	0.031
0.301	0.416	-0.115
0.248	0.262	-0.014
0.671	0.554	0.117
0.147	0.374	-0.227
1.0	0.978	0.022
0.994	1.0	-0.006
0.991	0.967	0.024
0.982	0.98	0.002
0.95	0.937	0.013
0.156	0.137	0.019
0.943	0.977	-0.034
0.2	0.174	0.026
0.015	0.047	-0.032
0.028	0.041	-0.013
1.0	0.982	0.018
0.987	0.972	0.015
1.0	0.999	0.001
0.001	0.001	0.0
1.0	1.0	0.0
1.0	1.0	0.0
0.05	0.17	-0.12
0.078	0.0	0.078
0.557	0.388	0.169
0.226	0.126	0.1
0.988	1.0	-0.012
0.968	1.0	-0.032
0.057	0.062	-0.005
0.98	0.961	0.019
0.998	0.997	0.001
0.991	0.954	0.037
0.003	0.0	0.003
0.007	0.012	-0.005
0.997	0.995	0.002
0.781	0.913	-0.132
0.625	0.222	0.403
1.0	0.932	0.068
0.372	0.309	0.063
0.0	1.0	-1.0
0.034	0.055	-0.021
0.189	0.139	0.05
0.112	0.11	0.002
0.338	0.419	-0.081
0.115	0.065	0.05
0.069	0.057	0.012
0.668	0.398	0.27
0.477	1.0	-0.523
0.865	1.0	-0.135
1.0	0.892	0.108
0.838	0.905	-0.067
0.655	0.618	0.037
0.059	0.2	-0.141
0.022	0.044	-0.022
0.076	0.0	0.076
0.077	0.076	0.001
0.049	0.026	0.023
0.119	0.344	-0.225
0.164	0.285	-0.121
0.505	0.801	-0.296
0.486	0.827	-0.341
0.478	0.829	-0.351
0.977	1.0	-0.023
0.008	0.0	0.008
0.233	1.0	-0.767
0.303	0.0	0.303
1.0	0.979	0.021
0.263	0.293	-0.03
0.995	0.996	-0.001
0.27	0.0	0.27
0.417	0.185	0.232
0.0	0.063	-0.063
0.359	0.0	0.359
1.0	0.6	0.4
0.977	0.999	-0.022
0.698	0.656	0.042
0.143	0.333	-0.19
0.043	0.039	0.004
0.625	0.633	-0.008
0.0	0.021	-0.021
0.864	0.846	0.018
0.151	0.143	0.008
0.01	0.013	-0.003
0.697	0.446	0.251
0.495	0.611	-0.116
0.977	0.978	-0.001
0.114	0.047	0.067
0.567	0.0	0.567
0.833	0.596	0.237
0.791	1.0	-0.209
0.924	0.915	0.009
0.914	0.931	-0.017
0.318	0.604	-0.286
1.0	0.984	0.016
0.0	0.162	-0.162
0.815	0.81	0.005
0.06	0.091	-0.031
0.053	0.172	-0.119
0.004	0.0	0.004
0.0	0.026	-0.026
0.595	0.024	0.571
0.333	0.303	0.03
0.14	0.634	-0.494
0.069	0.066	0.003
0.615	0.784	-0.169
0.647	0.604	0.043
0.046	0.196	-0.15
0.112	0.246	-0.134
0.185	0.222	-0.037
1.0	0.8	0.2
1.0	0.896	0.104
0.51	0.319	0.191
0.763	1.0	-0.237
0.081	0.099	-0.018
0.886	0.9	-0.014
0.719	0.648	0.071
0.019	0.0	0.019
0.033	0.035	-0.002
1.0	0.999	0.001
0.042	0.029	0.013
0.65	0.672	-0.022
0.933	1.0	-0.067
0.88	1.0	-0.12
1.0	0.915	0.085
0.078	0.0	0.078
0.071	0.0	0.071
0.937	1.0	-0.063
0.45	0.2	0.25
0.56	0.597	-0.037
1.0	0.369	0.631
1.0	0.846	0.154
1.0	0.667	0.333
0.0	0.481	-0.481
0.264	0.0	0.264
1.0	0.979	0.021
0.478	1.0	-0.522
0.82	1.0	-0.18
0.818	1.0	-0.182
1.0	0.368	0.632
1.0	0.721	0.279
1.0	0.937	0.063
0.836	1.0	-0.164
0.975	1.0	-0.025
0.982	0.962	0.02
1.0	0.971	0.029
0.396	0.26	0.136
0.969	1.0	-0.031
0.118	0.123	-0.005
1.0	0.574	0.426
0.153	0.293	-0.14
0.531	0.787	-0.256
0.385	0.0	0.385
0.026	0.033	-0.007
0.324	0.422	-0.098
0.799	0.542	0.257
0.405	0.467	-0.062
1.0	0.875	0.125
0.0	0.026	-0.026
0.078	0.017	0.061
0.862	0.908	-0.046
1.0	0.703	0.297
0.846	1.0	-0.154
1.0	0.0	1.0
0.058	0.054	0.004
0.953	1.0	-0.047
0.121	0.254	-0.133
1.0	0.79	0.21
1.0	0.891	0.109
0.219	0.37	-0.151
0.123	0.032	0.091
0.141	0.083	0.058
0.028	0.106	-0.078
1.0	0.942	0.058
0.78	1.0	-0.22
1.0	0.787	0.213
0.946	0.972	-0.026
0.995	1.0	-0.005
0.076	0.087	-0.011
0.0	1.0	-1.0
1.0	0.5	0.5
0.274	0.623	-0.349
0.005	0.0	0.005
0.915	1.0	-0.085
0.315	0.533	-0.218
0.768	0.824	-0.056
1.0	0.992	0.008
0.935	1.0	-0.065
0.003	0.039	-0.036
0.29	0.386	-0.096
0.315	0.32	-0.005
0.608	0.322	0.286
0.495	1.0	-0.505
0.993	1.0	-0.007
0.831	1.0	-0.169
0.0	0.061	-0.061
0.019	0.0	0.019
0.609	0.406	0.203
1.0	0.972	0.028
0.94	0.48	0.46
0.784	0.845	-0.061
1.0	0.944	0.056
0.995	1.0	-0.005
0.76	1.0	-0.24
0.0	0.0	0.0
0.976	0.98	-0.004
0.0	0.0	0.0
0.977	0.98	-0.003
0.998	0.999	-0.001
0.802	0.854	-0.052
0.004	0.0	0.004
0.999	1.0	-0.001
1.0	0.0	1.0
0.017	0.015	0.002
0.016	0.02	-0.004
0.988	0.979	0.009
0.073	0.047	0.026
1.0	0.919	0.081
0.955	0.974	-0.019
1.0	0.96	0.04
0.993	1.0	-0.007
0.977	1.0	-0.023
0.979	1.0	-0.021
1.0	0.964	0.036
0.984	1.0	-0.016
0.021	0.0	0.021
0.631	0.706	-0.075
0.822	0.758	0.064
0.997	1.0	-0.003
0.12	0.0	0.12
0.089	0.0	0.089
0.976	1.0	-0.024
0.644	0.676	-0.032
0.171	0.231	-0.06
0.859	0.0	0.859
0.031	0.0	0.031
0.923	1.0	-0.077
0.069	0.132	-0.063
0.0	0.662	-0.662
0.992	0.955	0.037
1.0	0.765	0.235
0.955	1.0	-0.045
0.872	1.0	-0.128
0.039	0.0	0.039
0.849	0.935	-0.086
0.032	0.055	-0.023
1.0	0.996	0.004
0.063	0.179	-0.116
0.973	1.0	-0.027
0.011	0.032	-0.021
1.0	0.567	0.433
0.198	0.025	0.173
0.034	0.028	0.006
0.0	0.049	-0.049
0.881	0.855	0.026
0.0	0.695	-0.695
0.481	0.732	-0.251
0.551	0.794	-0.243
1.0	0.722	0.278
0.089	0.0	0.089
0.867	1.0	-0.133
0.946	0.72	0.226
0.882	0.612	0.27
0.269	0.333	-0.064
0.493	0.0	0.493
0.041	0.014	0.027
1.0	0.0	1.0
0.747	0.26	0.487
0.027	0.018	0.009
0.034	0.033	0.001
0.242	0.092	0.15
0.911	1.0	-0.089
0.753	0.913	-0.16
0.143	0.017	0.126
0.22	0.111	0.109
1.0	0.744	0.256
0.894	1.0	-0.106
0.488	0.69	-0.202
0.043	0.016	0.027
1.0	0.995	0.005
0.026	0.006	0.02
0.469	0.46	0.009
0.217	0.197	0.02
0.409	0.392	0.017
0.947	1.0	-0.053
1.0	0.817	0.183
0.709	0.814	-0.105
1.0	0.916	0.084
0.796	0.918	-0.122
0.662	0.787	-0.125
0.89	0.835	0.055
0.972	1.0	-0.028
0.025	0.06	-0.035
0.979	0.912	0.067
0.412	0.0	0.412
0.704	0.801	-0.097
0.822	1.0	-0.178
1.0	0.985	0.015
0.009	0.008	0.001
0.988	1.0	-0.012
0.667	1.0	-0.333
0.859	1.0	-0.141
0.905	0.912	-0.007
0.913	1.0	-0.087
0.106	0.018	0.088
1.0	0.319	0.681
0.0	1.0	-1.0
0.984	0.992	-0.008
0.939	1.0	-0.061
0.014	0.0	0.014
1.0	0.822	0.178
0.009	0.07	-0.061
0.782	0.717	0.065
1.0	0.4	0.6
0.151	0.062	0.089
0.0	0.016	-0.016
0.053	0.059	-0.006
0.8	0.8	0.0
0.624	0.825	-0.201
0.795	1.0	-0.205
0.0	1.0	-1.0
0.074	0.235	-0.161
0.756	1.0	-0.244
0.407	0.174	0.233
1.0	0.0	1.0
0.269	0.098	0.171
0.543	0.246	0.297
1.0	0.734	0.266
0.137	0.0	0.137
0.922	0.861	0.061
0.879	0.857	0.022
0.007	0.03	-0.023
0.998	1.0	-0.002
0.017	0.02	-0.003
0.988	0.999	-0.011
0.995	0.987	0.008
0.998	0.996	0.002
0.994	0.984	0.01
0.999	1.0	-0.001
0.969	1.0	-0.031
0.021	0.009	0.012
0.977	1.0	-0.023
0.008	0.0	0.008
0.014	0.0	0.014
0.018	0.077	-0.059
1.0	0.0	1.0
0.017	0.0	0.017
0.102	0.0	0.102
0.995	1.0	-0.005
1.0	0.935	0.065
1.0	0.674	0.326
1.0	0.913	0.087
0.968	1.0	-0.032
0.017	0.058	-0.041
0.0	0.507	-0.507
0.949	1.0	-0.051
0.627	0.292	0.335
0.902	0.877	0.025
0.0	0.375	-0.375
0.011	0.009	0.002
0.274	0.0	0.274
0.551	0.961	-0.41
1.0	0.667	0.333
0.459	0.236	0.223
0.9	0.928	-0.028
0.735	0.538	0.197
0.0	0.021	-0.021
1.0	0.983	0.017
0.054	0.16	-0.106
0.539	0.0	0.539
0.953	1.0	-0.047
0.974	0.926	0.048
0.0	0.035	-0.035
0.02	0.0	0.02
0.074	0.116	-0.042
0.092	0.106	-0.014
0.618	0.414	0.204
0.636	0.576	0.06
0.955	1.0	-0.045
0.044	0.034	0.01
0.14	0.0	0.14
0.597	1.0	-0.403
0.0	0.089	-0.089
0.906	1.0	-0.094
1.0	0.922	0.078
0.088	0.0	0.088
0.0	0.241	-0.241
0.0	0.22	-0.22
0.0	0.148	-0.148
0.164	0.0	0.164
0.493	0.834	-0.341
0.0	0.174	-0.174
1.0	0.945	0.055
0.388	0.043	0.345
0.012	0.007	0.005
0.837	0.943	-0.106
1.0	0.897	0.103
0.207	0.192	0.015
0.054	0.0	0.054
0.05	0.453	-0.403
0.112	0.103	0.009
0.543	0.0	0.543
0.0	0.029	-0.029
0.197	0.187	0.01
0.972	0.915	0.057
1.0	0.674	0.326
0.987	1.0	-0.013
0.791	0.756	0.035
0.359	0.413	-0.054
0.096	0.056	0.04
0.149	0.21	-0.061
0.667	1.0	-0.333
0.667	1.0	-0.333
0.979	0.898	0.081
0.092	0.118	-0.026
0.14	0.315	-0.175
0.844	0.809	0.035
0.071	0.0	0.071
0.954	0.945	0.009
0.046	0.029	0.017
1.0	0.999	0.001
0.316	0.616	-0.3
0.02	0.0	0.02
0.959	1.0	-0.041
0.013	0.025	-0.012
0.973	0.982	-0.009
0.055	0.028	0.027
0.758	0.908	-0.15
1.0	0.952	0.048
0.004	0.028	-0.024
0.06	0.022	0.038
0.026	0.056	-0.03
0.185	0.075	0.11
1.0	0.927	0.073
0.662	0.6	0.062
0.988	1.0	-0.012
1.0	0.692	0.308
0.191	0.0	0.191
0.987	1.0	-0.013
0.75	0.929	-0.179
0.0	0.677	-0.677
0.0	0.167	-0.167
0.0	0.139	-0.139
0.0	0.193	-0.193
0.0	0.153	-0.153
1.0	0.861	0.139
0.66	0.931	-0.271
0.835	1.0	-0.165
0.976	0.846	0.13
0.976	0.863	0.113
1.0	0.664	0.336
1.0	0.816	0.184
0.125	0.201	-0.076
0.003	0.0	0.003
0.214	0.118	0.096
1.0	0.397	0.603
1.0	0.397	0.603
0.938	0.885	0.053
0.0	0.5	-0.5
1.0	0.866	0.134
0.985	1.0	-0.015
0.983	0.907	0.076
1.0	0.986	0.014
0.569	0.715	-0.146
0.901	1.0	-0.099
0.74	0.507	0.233
1.0	0.982	0.018
0.182	0.041	0.141
0.031	0.107	-0.076
0.578	0.793	-0.215
0.0	1.0	-1.0
1.0	0.983	0.017
0.862	0.945	-0.083
0.71	0.875	-0.165
0.0	0.12	-0.12
0.849	0.528	0.321
0.361	0.198	0.163
1.0	0.673	0.327
0.927	0.828	0.099
0.238	0.0	0.238
0.962	1.0	-0.038
0.025	0.289	-0.264
0.443	0.3	0.143
0.495	1.0	-0.505
1.0	0.528	0.472
0.514	0.415	0.099
0.041	0.033	0.008
0.898	0.839	0.059
0.914	1.0	-0.086
0.0	0.427	-0.427
0.0	0.396	-0.396
0.422	0.154	0.268
0.818	1.0	-0.182
0.983	1.0	-0.017
0.982	0.927	0.055
0.067	0.078	-0.011
0.942	0.869	0.073
0.729	0.413	0.316
0.91	1.0	-0.09
0.349	0.291	0.058
1.0	0.946	0.054
0.735	0.841	-0.106
1.0	0.847	0.153
0.057	0.053	0.004
0.325	0.0	0.325
0.655	0.391	0.264
1.0	0.932	0.068
0.769	1.0	-0.231
0.963	0.962	0.001
0.064	0.0	0.064
1.0	0.391	0.609
0.424	0.0	0.424
0.132	0.123	0.009
0.502	0.416	0.086
0.0	0.089	-0.089
0.991	1.0	-0.009
0.035	0.017	0.018
0.707	0.802	-0.095
0.011	0.097	-0.086
0.967	0.815	0.152
0.966	1.0	-0.034
0.951	0.925	0.026
0.963	1.0	-0.037
0.148	0.145	0.003
0.944	0.966	-0.022
0.211	0.307	-0.096
0.013	0.0	0.013
0.921	1.0	-0.079
0.059	0.03	0.029
0.012	0.031	-0.019
0.009	0.0	0.009
0.736	1.0	-0.264
0.683	0.184	0.499
0.224	0.039	0.185
0.1	0.13	-0.03
0.984	1.0	-0.016
0.715	0.77	-0.055
1.0	0.269	0.731
1.0	0.0	1.0
0.044	0.375	-0.331
0.02	0.342	-0.322
0.875	1.0	-0.125
0.007	0.031	-0.024
0.0	0.544	-0.544
0.952	1.0	-0.048
1.0	1.0	0.0
1.0	1.0	0.0
0.977	0.971	0.006
1.0	0.811	0.189
0.913	0.884	0.029
0.066	0.094	-0.028
0.167	0.0	0.167
0.99	1.0	-0.01
0.022	0.015	0.007
0.016	0.0	0.016
0.0	0.298	-0.298
0.083	0.175	-0.092
0.284	0.385	-0.101
0.0	0.149	-0.149
0.556	0.892	-0.336
0.698	0.92	-0.222
0.0	0.122	-0.122
0.0	0.121	-0.121
0.724	1.0	-0.276
0.148	0.0	0.148
1.0	0.825	0.175
0.947	0.882	0.065
0.995	0.964	0.031
1.0	0.866	0.134
0.039	0.08	-0.041
0.0	0.114	-0.114
0.43	0.0	0.43
0.055	0.0	0.055
0.055	0.0	0.055
0.029	0.0	0.029
0.176	0.0	0.176
0.244	0.148	0.096
0.032	0.017	0.015
0.0	0.039	-0.039
0.016	0.0	0.016
0.33	0.19	0.14
0.83	0.0	0.83
0.0	0.061	-0.061
1.0	0.849	0.151
1.0	0.917	0.083
1.0	0.839	0.161
1.0	0.787	0.213
0.0	0.169	-0.169
1.0	0.0	1.0
0.246	1.0	-0.754
0.981	0.918	0.063
0.94	0.922	0.018
0.818	0.862	-0.044
0.123	0.158	-0.035
0.0	0.064	-0.064
1.0	0.362	0.638
1.0	0.818	0.182
0.759	1.0	-0.241
0.74	0.412	0.328
0.969	0.994	-0.025
0.056	0.0	0.056
0.192	0.033	0.159
0.0	0.441	-0.441
0.481	0.756	-0.275
1.0	0.408	0.592
0.684	0.65	0.034
0.004	0.044	-0.04
0.182	0.163	0.019
0.231	0.398	-0.167
0.489	0.311	0.178
0.0	0.541	-0.541
0.105	0.138	-0.033
0.901	0.913	-0.012
0.138	0.244	-0.106
1.0	0.691	0.309
1.0	0.84	0.16
0.573	0.26	0.313
0.595	0.357	0.238
0.977	0.87	0.107
0.12	0.081	0.039
1.0	0.987	0.013
0.35	1.0	-0.65
0.974	1.0	-0.026
1.0	0.926	0.074
1.0	0.0	1.0
0.989	1.0	-0.011
1.0	0.64	0.36
0.538	0.909	-0.371
0.121	1.0	-0.879
1.0	0.53	0.47
1.0	0.638	0.362
0.0	0.281	-0.281
0.951	1.0	-0.049
0.991	1.0	-0.009
1.0	0.623	0.377
0.92	1.0	-0.08
0.039	0.0	0.039
0.049	0.0	0.049
0.03	0.009	0.021
1.0	0.089	0.911
1.0	0.384	0.616
0.276	0.864	-0.588
0.087	0.058	0.029
0.229	0.131	0.098
0.051	0.067	-0.016
0.066	0.058	0.008
0.669	0.495	0.174
1.0	0.0	1.0
0.069	0.034	0.035
0.531	0.0	0.531
0.368	1.0	-0.632
0.267	0.067	0.2
0.442	0.0	0.442
0.999	1.0	-0.001
0.014	0.011	0.003
1.0	0.595	0.405
0.01	0.012	-0.002
0.223	0.419	-0.196
0.409	1.0	-0.591
0.874	0.851	0.023
0.0	0.036	-0.036
0.012	0.076	-0.064
0.88	0.886	-0.006
0.93	0.827	0.103
0.412	0.0	0.412
0.407	0.594	-0.187
0.989	0.86	0.129
0.62	0.329	0.291
0.726	0.722	0.004
0.048	0.093	-0.045
1.0	0.895	0.105
0.023	0.024	-0.001
0.663	0.675	-0.012
1.0	0.863	0.137
1.0	0.902	0.098
1.0	0.965	0.035
0.975	1.0	-0.025
0.733	0.873	-0.14
0.112	0.244	-0.132
0.848	0.7	0.148
0.217	0.336	-0.119
0.952	1.0	-0.048
0.84	1.0	-0.16
0.907	1.0	-0.093
0.07	0.459	-0.389
0.047	0.069	-0.022
0.008	0.0	0.008
0.475	0.615	-0.14
1.0	0.838	0.162
0.889	1.0	-0.111
0.382	0.307	0.075
0.0	0.058	-0.058
0.342	0.094	0.248
0.925	0.624	0.301
0.958	1.0	-0.042
0.0	0.31	-0.31
0.971	0.985	-0.014
1.0	0.986	0.014
0.0	0.441	-0.441
0.0	0.116	-0.116
0.024	0.057	-0.033
0.203	0.0	0.203
0.95	1.0	-0.05
0.976	1.0	-0.024
0.594	0.338	0.256
0.989	1.0	-0.011
0.809	0.908	-0.099
0.188	0.201	-0.013
0.12	0.0	0.12
0.978	1.0	-0.022
1.0	0.631	0.369
0.046	0.015	0.031
0.653	1.0	-0.347
0.069	0.074	-0.005
0.978	0.821	0.157
0.037	0.048	-0.011
0.025	0.0	0.025
0.0	0.834	-0.834
0.03	0.0	0.03
1.0	0.848	0.152
0.036	0.0	0.036
0.162	0.355	-0.193
0.517	0.59	-0.073
0.079	0.167	-0.088
0.0	0.001	-0.001
0.05	0.0	0.05
0.064	0.0	0.064
0.845	0.881	-0.036
0.154	0.161	-0.007
0.084	0.048	0.036
0.0	0.023	-0.023
0.0	0.303	-0.303
1.0	0.935	0.065
0.082	0.055	0.027
1.0	0.952	0.048
0.574	0.957	-0.383
0.969	0.916	0.053
0.932	0.0	0.932
0.951	1.0	-0.049
0.0	1.0	-1.0
0.0	0.076	-0.076
0.525	0.506	0.019
0.0	0.312	-0.312
0.049	0.005	0.044
0.028	0.058	-0.03
0.545	0.595	-0.05
0.578	1.0	-0.422
0.0	0.094	-0.094
0.999	0.999	0.0
0.0	0.02	-0.02
1.0	0.754	0.246
0.81	1.0	-0.19
0.567	0.545	0.022
1.0	0.98	0.02
0.943	0.876	0.067
0.0	0.058	-0.058
0.579	0.603	-0.024
0.041	0.037	0.004
0.958	0.993	-0.035
0.604	0.943	-0.339
0.0	0.045	-0.045
1.0	0.872	0.128
0.045	0.031	0.014
0.191	0.0	0.191
0.234	0.031	0.203
0.63	1.0	-0.37
0.0	0.492	-0.492
0.01	0.0	0.01
0.044	0.035	0.009
1.0	0.0	1.0
0.016	0.01	0.006
0.49	0.407	0.083
0.0	0.205	-0.205
0.077	0.751	-0.674
1.0	0.963	0.037
0.043	0.0	0.043
0.979	0.579	0.4
0.127	0.0	0.127
0.329	0.99	-0.661
1.0	0.799	0.201
1.0	0.438	0.562
1.0	0.392	0.608
0.476	0.211	0.265
0.15	0.073	0.077
0.943	0.699	0.244
0.578	0.091	0.487
0.0	0.333	-0.333
0.68	0.984	-0.304
0.328	0.0	0.328
0.047	0.037	0.01
0.972	1.0	-0.028
0.903	0.951	-0.048
0.991	1.0	-0.009
0.961	0.987	-0.026
0.82	0.848	-0.028
1.0	0.921	0.079
0.565	1.0	-0.435
0.019	0.139	-0.12
0.183	0.192	-0.009
0.041	0.0	0.041
0.93	0.875	0.055
0.209	0.0	0.209
0.0	0.045	-0.045
0.054	0.04	0.014
0.957	1.0	-0.043
0.017	0.0	0.017
0.078	0.0	0.078
0.749	0.865	-0.116
0.058	0.085	-0.027
1.0	0.976	0.024
0.683	0.792	-0.109
1.0	0.393	0.607
0.0	0.81	-0.81
1.0	0.991	0.009
0.013	0.02	-0.007
0.013	0.02	-0.007
0.014	0.008	0.006
0.058	0.062	-0.004
0.185	0.521	-0.336
0.033	0.083	-0.05
0.099	0.083	0.016
0.007	0.018	-0.011
0.707	0.509	0.198
0.47	0.888	-0.418
0.025	0.0	0.025
0.166	0.0	0.166
0.887	0.838	0.049
0.685	0.674	0.011
0.412	0.511	-0.099
0.268	0.116	0.152
0.349	0.652	-0.303
0.798	1.0	-0.202
1.0	0.984	0.016
0.009	0.014	-0.005
0.932	0.957	-0.025
0.99	1.0	-0.01
0.0	0.027	-0.027
0.0	0.039	-0.039
0.0	0.053	-0.053
0.967	0.962	0.005
0.028	0.0	0.028
0.072	0.0	0.072
1.0	0.831	0.169
0.633	0.676	-0.043
1.0	0.975	0.025
1.0	0.956	0.044
0.977	0.996	-0.019
1.0	0.814	0.186
0.026	0.026	0.0
0.125	0.0	0.125
0.054	0.0	0.054
1.0	0.954	0.046
0.033	0.0	0.033
0.0	0.238	-0.238
0.888	1.0	-0.112
0.132	0.14	-0.008
0.115	0.122	-0.007
0.065	0.0	0.065
0.865	1.0	-0.135
0.0	0.055	-0.055
0.296	0.174	0.122
0.129	0.16	-0.031
0.143	0.046	0.097
0.623	0.625	-0.002
0.031	0.068	-0.037
0.537	0.197	0.34
1.0	0.927	0.073
1.0	0.753	0.247
0.938	0.905	0.033
0.14	0.205	-0.065
0.0	0.013	-0.013
0.0	0.013	-0.013
1.0	0.622	0.378
0.005	0.024	-0.019
0.137	0.199	-0.062
0.986	0.992	-0.006
0.992	1.0	-0.008
0.994	1.0	-0.006
0.906	1.0	-0.094
0.643	0.879	-0.236
0.0	0.055	-0.055
0.459	0.0	0.459
0.986	1.0	-0.014
0.001	0.0	0.001
0.873	0.661	0.212
0.461	0.533	-0.072
0.0	0.022	-0.022
0.031	0.036	-0.005
0.948	1.0	-0.052
0.968	1.0	-0.032
1.0	0.647	0.353
0.6	1.0	-0.4
1.0	0.578	0.422
0.613	0.0	0.613
0.972	0.919	0.053
0.264	0.259	0.005
0.148	0.609	-0.461
0.0	0.047	-0.047
0.982	0.998	-0.016
0.01	0.0	0.01
0.851	0.842	0.009
0.078	0.0	0.078
0.997	1.0	-0.003
0.994	1.0	-0.006
0.95	1.0	-0.05
0.048	0.051	-0.003
0.411	0.589	-0.178
0.314	0.459	-0.145
0.136	0.081	0.055
0.107	0.118	-0.011
0.993	0.908	0.085
0.961	0.376	0.585
0.954	0.813	0.141
0.927	1.0	-0.073
0.739	0.312	0.427
0.205	0.035	0.17
0.789	0.888	-0.099
0.739	0.819	-0.08
0.03	0.052	-0.022
0.098	0.216	-0.118
1.0	0.996	0.004
0.0	0.204	-0.204
0.96	0.97	-0.01
0.009	0.005	0.004
0.042	0.038	0.004
0.092	0.0	0.092
0.921	1.0	-0.079
1.0	0.699	0.301
1.0	0.517	0.483
0.261	0.459	-0.198
0.166	0.0	0.166
0.89	0.998	-0.108
0.021	0.0	0.021
0.0	0.011	-0.011
1.0	0.461	0.539
1.0	0.956	0.044
0.803	0.933	-0.13
1.0	0.963	0.037
1.0	0.0	1.0
0.992	0.993	-0.001
0.87	0.91	-0.04
0.0	0.37	-0.37
1.0	0.821	0.179
0.0	1.0	-1.0
1.0	0.627	0.373
0.793	0.938	-0.145
0.0	0.106	-0.106
1.0	0.426	0.574
1.0	0.021	0.979
0.359	1.0	-0.641
0.395	0.756	-0.361
0.037	0.105	-0.068
0.768	0.9	-0.132
0.985	1.0	-0.015
0.991	1.0	-0.009
0.175	0.141	0.034
0.154	0.226	-0.072
0.462	0.638	-0.176
0.059	0.053	0.006
0.045	0.0	0.045
0.07	0.0	0.07
0.0	0.004	-0.004
0.361	0.626	-0.265
0.036	0.434	-0.398
0.925	0.659	0.266
0.468	0.824	-0.356
0.0	0.403	-0.403
0.0	0.409	-0.409
1.0	0.85	0.15
0.0	0.023	-0.023
0.819	0.817	0.002
0.528	0.896	-0.368
0.495	0.147	0.348
0.979	1.0	-0.021
0.369	0.545	-0.176
0.868	0.9	-0.032
1.0	0.966	0.034
0.643	0.459	0.184
0.795	1.0	-0.205
0.348	0.293	0.055
0.002	0.0	0.002
0.991	0.993	-0.002
0.872	1.0	-0.128
0.246	0.368	-0.122
0.006	0.0	0.006
0.988	0.984	0.004
0.943	0.961	-0.018
0.995	1.0	-0.005
0.9	1.0	-0.1
0.0	0.163	-0.163
0.137	0.061	0.076
0.184	0.092	0.092
0.0	0.185	-0.185
0.12	0.177	-0.057
0.989	1.0	-0.011
0.0	0.154	-0.154
0.878	0.748	0.13
0.272	0.199	0.073
0.595	0.757	-0.162
0.702	0.336	0.366
0.907	0.787	0.12
0.031	0.032	-0.001
1.0	0.649	0.351
0.533	0.238	0.295
0.125	0.728	-0.603
0.0	0.034	-0.034
0.515	0.212	0.303
0.883	1.0	-0.117
0.167	0.082	0.085
0.733	0.708	0.025
0.938	0.863	0.075
0.324	0.283	0.041
0.851	0.659	0.192
0.892	0.766	0.126
1.0	0.887	0.113
0.109	0.07	0.039
0.03	0.016	0.014
0.108	0.053	0.055
0.821	0.802	0.019
0.009	0.016	-0.007
0.774	0.043	0.731
0.008	0.012	-0.004
0.061	0.097	-0.036
0.067	0.214	-0.147
0.882	0.918	-0.036
0.227	0.0	0.227
0.0	0.099	-0.099
0.19	0.148	0.042
1.0	0.0	1.0
0.996	0.994	0.002
0.959	1.0	-0.041
1.0	0.791	0.209
0.611	0.0	0.611
0.506	1.0	-0.494
0.01	0.014	-0.004
0.911	0.879	0.032
0.617	0.682	-0.065
0.649	0.934	-0.285
0.067	1.0	-0.933
0.05	0.041	0.009
0.008	0.005	0.003
0.0	1.0	-1.0
0.951	0.935	0.016
0.998	0.992	0.006
1.0	0.877	0.123
0.734	0.0	0.734
0.71	1.0	-0.29
0.934	1.0	-0.066
0.877	0.747	0.13
1.0	0.947	0.053
0.0	0.207	-0.207
0.0	0.024	-0.024
0.963	0.973	-0.01
1.0	0.957	0.043
0.064	0.132	-0.068
0.0	0.019	-0.019
1.0	0.974	0.026
0.021	0.047	-0.026
0.987	1.0	-0.013
1.0	0.969	0.031
0.771	0.824	-0.053
0.0	0.003	-0.003
0.979	0.965	0.014
0.072	0.105	-0.033
0.992	1.0	-0.008
0.021	0.0	0.021
1.0	0.795	0.205
0.195	0.244	-0.049
0.009	0.0	0.009
1.0	0.954	0.046
0.246	0.654	-0.408
0.927	1.0	-0.073
0.019	0.069	-0.05
0.0	0.69	-0.69
1.0	0.772	0.228
1.0	0.395	0.605
0.719	0.969	-0.25
0.011	0.022	-0.011
1.0	0.949	0.051
0.992	0.971	0.021
0.219	0.173	0.046
0.211	0.494	-0.283
0.018	0.04	-0.022
0.062	0.037	0.025
0.0	0.079	-0.079
1.0	0.884	0.116
0.752	0.77	-0.018
1.0	0.95	0.05
1.0	0.857	0.143
0.057	0.014	0.043
0.129	0.248	-0.119
1.0	0.577	0.423
0.182	0.24	-0.058
0.973	1.0	-0.027
0.0	0.065	-0.065
0.094	0.211	-0.117
0.384	0.582	-0.198
0.849	0.602	0.247
0.057	0.01	0.047
0.007	0.005	0.002
1.0	0.983	0.017
0.445	0.466	-0.021
0.0	0.01	-0.01
0.0	0.035	-0.035
1.0	0.635	0.365
1.0	0.92	0.08
1.0	0.845	0.155
0.357	0.309	0.048
0.051	0.067	-0.016
1.0	0.919	0.081
0.0	0.214	-0.214
0.977	0.946	0.031
0.93	0.853	0.077
0.614	0.799	-0.185
0.514	0.395	0.119
0.49	0.828	-0.338
0.0	0.172	-0.172
0.694	0.839	-0.145
0.148	0.192	-0.044
1.0	0.829	0.171
0.972	0.994	-0.022
0.973	0.981	-0.008
0.023	0.028	-0.005
0.426	0.222	0.204
0.048	0.0	0.048
0.632	0.753	-0.121
0.175	0.21	-0.035
0.318	1.0	-0.682
0.478	0.353	0.125
0.138	0.095	0.043
0.581	0.545	0.036
0.632	0.579	0.053
0.816	0.877	-0.061
0.71	1.0	-0.29
0.168	0.26	-0.092
0.888	1.0	-0.112
0.895	1.0	-0.105
0.519	0.706	-0.187
0.567	0.752	-0.185
0.53	0.447	0.083
0.253	0.226	0.027
0.954	1.0	-0.046
0.75	0.602	0.148
0.003	0.003	0.0
0.012	0.004	0.008
0.708	0.279	0.429
0.981	1.0	-0.019
0.0	0.047	-0.047
0.0	0.151	-0.151
0.056	0.098	-0.042
0.0	0.019	-0.019
0.088	0.152	-0.064
0.279	0.313	-0.034
0.062	0.088	-0.026
0.744	0.559	0.185
0.82	0.884	-0.064
0.027	0.0	0.027
0.0	0.261	-0.261
0.245	0.471	-0.226
0.06	0.117	-0.057
0.533	0.145	0.388
0.0	0.009	-0.009
0.792	0.838	-0.046
0.847	0.981	-0.134
0.023	0.036	-0.013
0.989	1.0	-0.011
0.927	0.81	0.117
0.027	0.0	0.027
0.805	1.0	-0.195
0.964	0.986	-0.022
1.0	0.211	0.789
0.217	0.345	-0.128
0.136	0.414	-0.278
0.0	0.003	-0.003
1.0	0.938	0.062
1.0	0.999	0.001
1.0	1.0	0.0
0.031	0.028	0.003
0.996	0.975	0.021
0.999	0.994	0.005
0.887	1.0	-0.113
0.516	1.0	-0.484
1.0	0.871	0.129
1.0	0.412	0.588
0.554	0.633	-0.079
0.637	0.652	-0.015
0.943	1.0	-0.057
0.675	0.816	-0.141
0.92	0.821	0.099
0.848	0.563	0.285
1.0	0.331	0.669
0.988	1.0	-0.012
0.911	0.857	0.054
0.264	0.731	-0.467
0.0	0.024	-0.024
0.05	0.037	0.013
1.0	0.662	0.338
0.546	1.0	-0.454
1.0	0.534	0.466
1.0	0.919	0.081
0.989	0.983	0.006
0.395	0.873	-0.478
1.0	0.797	0.203
0.022	0.023	-0.001
1.0	0.918	0.082
0.758	0.434	0.324
0.188	0.0	0.188
0.058	0.016	0.042
0.993	1.0	-0.007
0.0	0.063	-0.063
0.063	0.014	0.049
0.948	1.0	-0.052
1.0	0.904	0.096
0.728	0.685	0.043
0.935	0.903	0.032
1.0	0.961	0.039
0.945	1.0	-0.055
0.941	0.819	0.122
1.0	0.652	0.348
0.093	0.053	0.04
0.98	1.0	-0.02
0.0	0.152	-0.152
0.976	1.0	-0.024
0.02	0.021	-0.001
0.981	1.0	-0.019
0.818	1.0	-0.182
0.0	0.167	-0.167
0.638	0.942	-0.304
0.913	1.0	-0.087
0.598	0.0	0.598
0.98	1.0	-0.02
1.0	0.702	0.298
1.0	0.934	0.066
0.0	0.086	-0.086
0.571	0.44	0.131
0.273	0.05	0.223
1.0	0.0	1.0
0.087	0.067	0.02
0.02	0.064	-0.044
0.662	0.427	0.235
0.907	0.824	0.083
0.919	0.901	0.018
0.97	0.979	-0.009
0.487	0.422	0.065
0.012	0.002	0.01
0.967	0.972	-0.005
0.84	0.957	-0.117
0.355	0.0	0.355
0.0	0.203	-0.203
0.084	0.049	0.035
0.0	0.044	-0.044
0.0	0.044	-0.044
0.162	0.0	0.162
0.112	0.0	0.112
0.016	0.031	-0.015
0.27	0.0	0.27
0.996	1.0	-0.004
0.984	1.0	-0.016
0.999	1.0	-0.001
0.583	1.0	-0.417
0.047	0.2	-0.153
0.025	0.018	0.007
1.0	0.791	0.209
0.922	0.846	0.076
0.238	1.0	-0.762
1.0	0.868	0.132
1.0	0.857	0.143
0.952	1.0	-0.048
0.0	0.028	-0.028
0.927	1.0	-0.073
1.0	0.929	0.071
0.009	0.002	0.007
0.796	0.685	0.111
1.0	0.977	0.023
0.0	0.012	-0.012
0.0	0.028	-0.028
0.025	0.098	-0.073
0.562	1.0	-0.438
0.0	0.811	-0.811
0.189	0.279	-0.09
0.514	1.0	-0.486
1.0	0.714	0.286
0.058	0.065	-0.007
0.629	0.659	-0.03
0.377	0.557	-0.18
0.038	0.056	-0.018
0.96	1.0	-0.04
0.275	0.428	-0.153
1.0	0.846	0.154
0.273	0.0	0.273
0.789	1.0	-0.211
0.476	1.0	-0.524
0.03	0.116	-0.086
0.0	0.23	-0.23
0.0	0.098	-0.098
0.116	0.099	0.017
0.0	0.111	-0.111
0.0	0.113	-0.113
1.0	0.659	0.341
0.023	0.0	0.023
0.0	0.028	-0.028
0.209	0.022	0.187
0.059	0.809	-0.75
0.263	1.0	-0.737
0.0	0.146	-0.146
0.33	0.143	0.187
1.0	0.569	0.431
0.0	0.738	-0.738
0.988	0.972	0.016
0.0	1.0	-1.0
0.333	1.0	-0.667
0.0	0.01	-0.01
0.143	0.329	-0.186
0.0	0.257	-0.257
0.391	0.631	-0.24
0.938	1.0	-0.062
0.72	0.473	0.247
0.102	0.09	0.012
0.67	0.326	0.344
0.005	0.0	0.005
0.01	0.0	0.01
1.0	0.929	0.071
0.006	0.023	-0.017
1.0	0.92	0.08
0.934	1.0	-0.066
0.969	0.875	0.094
0.0	0.095	-0.095
0.628	0.659	-0.031
1.0	0.854	0.146
0.141	0.0	0.141
0.302	0.194	0.108
0.0	0.347	-0.347
0.0	0.133	-0.133
0.042	0.027	0.015
0.013	0.0	0.013
1.0	0.918	0.082
0.874	0.803	0.071
0.99	0.977	0.013
1.0	0.291	0.709
0.0	0.056	-0.056
0.987	0.973	0.014
0.992	1.0	-0.008
0.989	1.0	-0.011
0.994	0.936	0.058
0.766	0.278	0.488
0.008	0.025	-0.017
0.169	0.181	-0.012
0.005	0.054	-0.049
0.932	1.0	-0.068
0.367	0.082	0.285
0.0	0.11	-0.11
0.864	0.576	0.288
0.214	0.152	0.062
0.697	0.842	-0.145
0.92	1.0	-0.08
0.301	0.0	0.301
0.936	0.924	0.012
0.96	0.955	0.005
0.981	0.924	0.057
0.321	0.371	-0.05
0.089	0.016	0.073
0.621	0.797	-0.176
1.0	0.963	0.037
0.722	0.4	0.322
0.331	0.237	0.094
0.016	0.006	0.01
1.0	1.0	0.0
0.056	0.028	0.028
0.982	1.0	-0.018
0.058	0.088	-0.03
1.0	0.522	0.478
0.662	1.0	-0.338
0.818	1.0	-0.182
0.131	0.0	0.131
0.424	0.306	0.118
0.026	0.044	-0.018
0.17	0.004	0.166
0.972	1.0	-0.028
0.018	0.072	-0.054
0.6	0.918	-0.318
0.758	0.942	-0.184
0.025	0.0	0.025
0.959	0.989	-0.03
0.396	0.459	-0.063
0.301	0.447	-0.146
0.449	0.105	0.344
0.933	0.92	0.013
0.958	0.94	0.018
0.0	0.645	-0.645
0.0	1.0	-1.0
0.0	1.0	-1.0
0.655	0.871	-0.216
0.965	1.0	-0.035
0.964	0.817	0.147
0.495	0.0	0.495
1.0	0.493	0.507
0.111	0.232	-0.121
0.864	1.0	-0.136
1.0	0.758	0.242
0.974	0.98	-0.006
1.0	0.824	0.176
0.7	1.0	-0.3
0.699	0.881	-0.182
0.946	0.982	-0.036
0.983	0.987	-0.004
0.165	0.807	-0.642
0.0	0.243	-0.243
0.823	0.799	0.024
0.011	0.005	0.006
0.527	0.19	0.337
0.999	1.0	-0.001
0.996	1.0	-0.004
0.969	0.829	0.14
0.0	0.287	-0.287
0.662	0.329	0.333
1.0	0.998	0.002
0.959	0.978	-0.019
0.063	0.024	0.039
0.845	0.255	0.59
0.0	1.0	-1.0
0.778	1.0	-0.222
0.876	1.0	-0.124
0.905	0.776	0.129
0.177	0.253	-0.076
0.083	0.105	-0.022
1.0	0.405	0.595
0.0	0.195	-0.195
0.889	0.884	0.005
0.256	0.0	0.256
0.877	0.934	-0.057
0.734	0.844	-0.11
0.178	0.225	-0.047
0.624	0.0	0.624
0.167	0.069	0.098
0.995	0.989	0.006
0.0	0.957	-0.957
0.837	0.858	-0.021
1.0	0.502	0.498
0.959	0.971	-0.012
1.0	0.986	0.014
0.977	0.983	-0.006
0.365	0.284	0.081
0.118	0.0	0.118
0.374	0.268	0.106
0.237	0.149	0.088
0.589	0.081	0.508
0.59	0.248	0.342
1.0	0.726	0.274
0.0	0.054	-0.054
0.308	0.163	0.145
0.0	0.395	-0.395
0.174	0.24	-0.066
0.045	0.087	-0.042
0.044	0.091	-0.047
0.937	0.949	-0.012
0.968	1.0	-0.032
0.067	0.064	0.003
0.0	0.036	-0.036
0.307	0.0	0.307
0.246	0.02	0.226
0.059	0.0	0.059
1.0	0.987	0.013
0.797	0.892	-0.095
0.0	1.0	-1.0
0.0	0.605	-0.605
1.0	0.985	0.015
0.02	0.015	0.005
0.674	0.932	-0.258
0.468	0.747	-0.279
0.036	0.032	0.004
0.991	0.987	0.004
1.0	0.913	0.087
0.95	1.0	-0.05
0.928	1.0	-0.072
0.0	0.015	-0.015
0.0	0.136	-0.136
0.03	0.032	-0.002
0.947	0.844	0.103
0.024	0.0	0.024
1.0	0.98	0.02
1.0	0.824	0.176
0.143	1.0	-0.857
1.0	0.0	1.0
0.0	1.0	-1.0
0.22	0.147	0.073
0.878	0.842	0.036
0.19	0.181	0.009
0.749	0.855	-0.106
1.0	0.917	0.083
1.0	0.873	0.127
0.0	0.211	-0.211
0.966	0.923	0.043
1.0	0.96	0.04
0.269	0.24	0.029
1.0	0.0	1.0
0.229	0.241	-0.012
0.142	0.571	-0.429
0.0	0.768	-0.768
1.0	0.746	0.254
0.167	0.0	0.167
0.0	0.037	-0.037
0.0	0.022	-0.022
0.0	0.089	-0.089
1.0	0.999	0.001
1.0	1.0	0.0
1.0	0.898	0.102
1.0	0.903	0.097
1.0	0.995	0.005
1.0	0.178	0.822
0.002	0.0	0.002
0.083	0.032	0.051
0.524	0.7	-0.176
0.998	1.0	-0.002
0.021	0.0	0.021
0.028	0.0	0.028
0.171	0.0	0.171
0.997	1.0	-0.003
1.0	0.588	0.412
0.053	0.027	0.026
0.071	0.08	-0.009
0.032	0.164	-0.132
0.666	0.607	0.059
0.694	1.0	-0.306
0.105	0.098	0.007
0.097	0.012	0.085
0.921	1.0	-0.079
0.996	1.0	-0.004
0.894	0.836	0.058
0.934	0.959	-0.025
0.952	1.0	-0.048
0.004	0.0	0.004
0.0	0.218	-0.218
1.0	0.895	0.105
0.014	0.01	0.004
0.02	0.014	0.006
0.0	0.0	0.0
0.988	0.961	0.027
0.996	0.99	0.006
0.115	0.4	-0.285
0.012	0.072	-0.06
0.041	0.018	0.023
0.101	0.187	-0.086
0.997	1.0	-0.003
0.006	0.027	-0.021
0.026	0.075	-0.049
1.0	0.997	0.003
0.696	0.918	-0.222
0.0	0.032	-0.032
0.074	0.0	0.074
0.424	1.0	-0.576
0.746	1.0	-0.254
0.495	0.13	0.365
1.0	0.992	0.008
0.142	0.0	0.142
0.384	0.246	0.138
0.327	0.738	-0.411
1.0	0.892	0.108
0.0	0.044	-0.044
0.0	0.087	-0.087
0.146	0.0	0.146
0.182	0.244	-0.062
0.29	0.741	-0.451
0.2	0.778	-0.578
1.0	0.995	0.005
0.008	0.008	0.0
0.096	0.129	-0.033
0.033	0.031	0.002
0.087	0.366	-0.279
0.831	0.774	0.057
0.416	0.85	-0.434
0.0	0.171	-0.171
0.95	0.981	-0.031
0.797	0.424	0.373
0.026	0.012	0.014
0.0	0.615	-0.615
0.126	0.223	-0.097
0.929	0.455	0.474
0.028	0.069	-0.041
1.0	0.995	0.005
0.611	0.535	0.076
1.0	0.937	0.063
0.026	0.023	0.003
0.079	0.009	0.07
0.0	0.688	-0.688
0.038	0.039	-0.001
1.0	0.879	0.121
0.818	0.501	0.317
0.156	0.037	0.119
0.005	0.024	-0.019
0.83	0.899	-0.069
0.95	0.904	0.046
0.738	0.918	-0.18
1.0	0.0	1.0
1.0	1.0	0.0
0.999	1.0	-0.001
0.001	0.002	-0.001
0.0	0.091	-0.091
0.951	0.706	0.245
0.054	0.114	-0.06
0.21	0.697	-0.487
0.948	1.0	-0.052
0.0	0.026	-0.026
1.0	0.022	0.978
0.033	0.078	-0.045
1.0	0.896	0.104
1.0	0.939	0.061
0.999	1.0	-0.001
0.914	0.905	0.009
0.323	0.358	-0.035
0.014	0.0	0.014
0.0	0.164	-0.164
1.0	0.979	0.021
0.92	1.0	-0.08
0.778	1.0	-0.222
1.0	0.842	0.158
0.806	1.0	-0.194
0.879	1.0	-0.121
0.495	0.485	0.01
0.847	1.0	-0.153
0.926	0.92	0.006
0.0	0.036	-0.036
0.035	0.007	0.028
1.0	0.229	0.771
0.992	0.982	0.01
0.935	1.0	-0.065
0.05	0.088	-0.038
0.015	0.036	-0.021
0.0	0.006	-0.006
0.994	1.0	-0.006
1.0	0.997	0.003
0.0	0.17	-0.17
1.0	0.0	1.0
0.881	1.0	-0.119
0.959	1.0	-0.041
0.958	0.761	0.197
0.076	0.0	0.076
0.304	0.049	0.255
0.762	1.0	-0.238
0.996	1.0	-0.004
0.0	0.011	-0.011
0.2	0.2	0.0
0.786	0.662	0.124
0.541	1.0	-0.459
1.0	0.788	0.212
1.0	0.805	0.195
0.02	0.034	-0.014
0.91	1.0	-0.09
0.999	0.996	0.003
0.048	0.0	0.048
0.024	0.006	0.018
0.0	0.266	-0.266
0.689	0.186	0.503
1.0	0.848	0.152
0.039	0.04	-0.001
1.0	0.916	0.084
0.066	0.034	0.032
0.92	1.0	-0.08
0.802	1.0	-0.198
0.054	0.106	-0.052
0.055	0.064	-0.009
0.234	0.59	-0.356
0.097	0.12	-0.023
0.887	0.968	-0.081
0.0	0.09	-0.09
0.068	0.06	0.008
0.361	1.0	-0.639
0.483	0.563	-0.08
0.005	0.004	0.001
0.0	0.016	-0.016
0.117	0.0	0.117
0.842	0.845	-0.003
0.065	0.103	-0.038
0.739	0.663	0.076
0.219	0.455	-0.236
0.173	0.244	-0.071
1.0	0.946	0.054
1.0	0.92	0.08
0.824	0.678	0.146
0.933	0.97	-0.037
1.0	0.935	0.065
0.293	0.386	-0.093
1.0	0.973	0.027
1.0	0.682	0.318
0.0	1.0	-1.0
1.0	0.983	0.017
0.998	0.999	-0.001
1.0	0.738	0.262
0.548	0.456	0.092
0.555	0.455	0.1
0.554	0.455	0.099
0.945	0.884	0.061
0.945	0.884	0.061
0.979	1.0	-0.021
0.0	0.005	-0.005
0.925	0.934	-0.009
0.13	0.058	0.072
0.963	0.893	0.07
0.789	0.781	0.008
0.0	1.0	-1.0
0.906	0.917	-0.011
0.083	0.08	0.003
0.056	0.186	-0.13
1.0	0.359	0.641
0.976	1.0	-0.024
1.0	0.984	0.016
1.0	0.123	0.877
0.031	0.0	0.031
1.0	0.976	0.024
0.108	0.072	0.036
0.059	0.06	-0.001
0.0	0.157	-0.157
1.0	0.995	0.005
0.0	0.361	-0.361
0.882	0.968	-0.086
1.0	0.981	0.019
0.945	1.0	-0.055
0.291	0.121	0.17
0.37	0.889	-0.519
1.0	0.592	0.408
1.0	0.667	0.333
1.0	0.565	0.435
0.481	1.0	-0.519
0.0	0.38	-0.38
1.0	0.644	0.356
0.805	0.895	-0.09
0.22	0.076	0.144
0.187	0.037	0.15
0.665	1.0	-0.335
0.324	0.602	-0.278
0.0	0.407	-0.407
0.831	1.0	-0.169
0.472	0.563	-0.091
0.04	0.017	0.023
0.981	1.0	-0.019
0.064	0.0	0.064
0.058	0.031	0.027
0.318	0.479	-0.161
0.984	1.0	-0.016
0.848	1.0	-0.152
1.0	0.782	0.218
0.061	0.078	-0.017
0.0	0.08	-0.08
0.777	0.797	-0.02
0.041	0.0	0.041
0.079	0.0	0.079
1.0	0.989	0.011
0.373	0.886	-0.513
1.0	0.99	0.01
0.0	0.12	-0.12
1.0	0.0	1.0
0.0	0.118	-0.118
0.04	0.0	0.04
0.335	0.571	-0.236
0.921	1.0	-0.079
0.205	0.0	0.205
0.996	1.0	-0.004
0.0	0.014	-0.014
0.604	0.975	-0.371
0.119	0.107	0.012
0.263	0.143	0.12
1.0	0.978	0.022
0.694	0.736	-0.042
0.029	0.0	0.029
0.0	0.007	-0.007
1.0	0.773	0.227
1.0	0.998	0.002
0.466	0.215	0.251
0.783	0.695	0.088
0.937	1.0	-0.063
0.029	0.086	-0.057
0.98	1.0	-0.02
0.758	0.905	-0.147
0.981	1.0	-0.019
0.972	1.0	-0.028
0.193	0.662	-0.469
1.0	0.962	0.038
1.0	0.886	0.114
0.933	0.814	0.119
0.0	0.1	-0.1
1.0	0.758	0.242
0.985	1.0	-0.015
0.061	0.082	-0.021
0.955	1.0	-0.045
0.98	1.0	-0.02
0.0	1.0	-1.0
0.073	0.0	0.073
0.079	0.0	0.079
0.018	0.0	0.018
0.032	0.008	0.024
0.996	0.989	0.007
0.988	1.0	-0.012
0.873	0.404	0.469
0.316	0.333	-0.017
0.93	0.874	0.056
0.008	0.008	0.0
0.007	0.007	0.0
1.0	0.977	0.023
0.0	0.048	-0.048
0.937	1.0	-0.063
0.107	0.127	-0.02
0.06	0.0	0.06
0.588	1.0	-0.412
0.956	1.0	-0.044
0.407	0.289	0.118
0.039	0.02	0.019
0.512	0.237	0.275
0.109	0.088	0.021
0.978	0.946	0.032
0.982	0.955	0.027
0.038	0.014	0.024
0.006	0.0	0.006
0.998	1.0	-0.002
0.93	1.0	-0.07
0.999	1.0	-0.001
0.977	1.0	-0.023
1.0	0.677	0.323
0.533	1.0	-0.467
0.169	0.118	0.051
0.033	0.0	0.033
0.131	0.02	0.111
0.044	0.029	0.015
0.331	0.292	0.039
0.052	0.052	0.0
0.033	0.083	-0.05
0.0	0.008	-0.008
0.983	0.954	0.029
0.43	0.429	0.001
0.428	0.07	0.358
0.648	0.535	0.113
0.993	1.0	-0.007
0.0	0.389	-0.389
0.986	1.0	-0.014
1.0	0.945	0.055
0.066	0.197	-0.131
0.353	0.288	0.065
0.0	0.849	-0.849
0.842	0.973	-0.131
0.466	0.404	0.062
0.14	0.018	0.122
0.993	1.0	-0.007
1.0	0.919	0.081
1.0	0.96	0.04
0.778	0.757	0.021
0.968	1.0	-0.032
1.0	0.62	0.38
1.0	0.394	0.606
0.983	1.0	-0.017
0.879	0.863	0.016
0.953	1.0	-0.047
0.76	1.0	-0.24
0.655	0.489	0.166
0.9	1.0	-0.1
0.0	1.0	-1.0
0.14	0.124	0.016
0.495	0.518	-0.023
0.339	0.109	0.23
0.952	0.87	0.082
1.0	0.825	0.175
0.037	0.0	0.037
0.019	0.069	-0.05
0.016	0.062	-0.046
0.667	0.059	0.608
0.019	0.027	-0.008
0.016	0.023	-0.007
1.0	0.836	0.164
0.983	0.975	0.008
0.591	0.495	0.096
0.266	0.077	0.189
0.076	0.0	0.076
0.993	1.0	-0.007
0.987	1.0	-0.013
1.0	0.253	0.747
1.0	0.983	0.017
0.113	0.074	0.039
0.027	0.045	-0.018
0.0	0.085	-0.085
0.902	1.0	-0.098
0.774	1.0	-0.226
1.0	0.423	0.577
0.769	1.0	-0.231
0.987	0.946	0.041
0.741	0.534	0.207
0.991	1.0	-0.009
0.265	0.074	0.191
0.966	1.0	-0.034
0.803	0.743	0.06
0.109	0.243	-0.134
0.628	0.697	-0.069
0.354	0.85	-0.496
0.905	1.0	-0.095
0.664	1.0	-0.336
0.378	0.0	0.378
0.14	0.0	0.14
1.0	0.495	0.505
1.0	0.0	1.0
1.0	0.673	0.327
0.236	0.15	0.086
0.027	0.105	-0.078
0.988	0.987	0.001
1.0	0.809	0.191
0.0	0.16	-0.16
0.636	0.0	0.636
0.105	0.0	0.105
0.375	0.149	0.226
0.0	0.467	-0.467
1.0	0.335	0.665
0.0	0.049	-0.049
0.0	0.037	-0.037
0.0	0.023	-0.023
0.998	1.0	-0.002
0.0	0.251	-0.251
0.229	0.551	-0.322
0.899	1.0	-0.101
0.744	1.0	-0.256
0.746	0.611	0.135
0.87	0.741	0.129
0.821	0.96	-0.139
0.502	0.535	-0.033
0.852	0.838	0.014
0.079	0.018	0.061
0.928	0.848	0.08
0.0	0.105	-0.105
0.963	1.0	-0.037
1.0	1.0	0.0
0.051	0.041	0.01
0.302	0.349	-0.047
0.734	0.927	-0.193
0.023	0.095	-0.072
0.0	0.298	-0.298
0.577	0.079	0.498
1.0	0.808	0.192
0.157	0.263	-0.106
0.192	0.076	0.116
0.048	0.011	0.037
0.049	0.023	0.026
0.528	0.329	0.199
0.0	0.119	-0.119
0.018	0.016	0.002
0.016	0.018	-0.002
0.924	0.949	-0.025
0.018	0.0	0.018
0.888	1.0	-0.112
0.809	1.0	-0.191
0.586	0.614	-0.028
0.777	0.122	0.655
0.959	0.611	0.348
0.182	0.157	0.025
0.652	0.791	-0.139
0.595	1.0	-0.405
0.0	0.015	-0.015
0.987	1.0	-0.013
0.009	0.036	-0.027
0.5	0.0	0.5
0.188	0.0	0.188
0.0	0.275	-0.275
0.289	0.67	-0.381
0.876	0.753	0.123
1.0	0.855	0.145
0.994	0.985	0.009
0.2	0.181	0.019
0.303	0.932	-0.629
0.0	0.184	-0.184
0.154	0.268	-0.114
0.451	0.724	-0.273
0.799	0.877	-0.078
1.0	0.935	0.065
1.0	0.958	0.042
0.009	0.007	0.002
0.656	0.611	0.045
1.0	0.978	0.022
0.91	1.0	-0.09
0.926	1.0	-0.074
0.955	1.0	-0.045
0.025	0.008	0.017
0.051	0.314	-0.263
1.0	0.653	0.347
0.865	1.0	-0.135
0.04	0.01	0.03
0.967	0.969	-0.002
0.898	0.851	0.047
0.037	0.014	0.023
0.099	0.071	0.028
0.119	0.06	0.059
0.793	0.355	0.438
0.459	0.0	0.459
1.0	0.0	1.0
0.246	0.107	0.139
0.0	1.0	-1.0
0.6	0.667	-0.067
0.988	1.0	-0.012
0.0	0.101	-0.101
0.586	0.0	0.586
0.574	0.648	-0.074
1.0	0.888	0.112
1.0	0.863	0.137
0.0	0.035	-0.035
0.382	0.899	-0.517
0.915	1.0	-0.085
0.971	1.0	-0.029
0.009	0.0	0.009
0.008	0.005	0.003
0.047	0.0	0.047
0.905	1.0	-0.095
0.951	1.0	-0.049
0.0	0.263	-0.263
1.0	0.826	0.174
0.329	0.0	0.329
0.797	0.87	-0.073
0.498	0.355	0.143
1.0	0.994	0.006
0.068	0.028	0.04
0.857	0.489	0.368
0.476	0.155	0.321
0.0	0.883	-0.883
0.961	0.899	0.062
0.57	0.428	0.142
0.113	0.125	-0.012
0.432	0.091	0.341
0.69	0.406	0.284
0.906	0.973	-0.067
0.883	0.947	-0.064
0.0	0.042	-0.042
0.0	0.322	-0.322
0.925	0.853	0.072
0.108	0.162	-0.054
0.871	0.938	-0.067
0.106	0.089	0.017
0.042	0.102	-0.06
0.0	1.0	-1.0
0.363	0.338	0.025
0.385	0.284	0.101
0.294	0.477	-0.183
0.887	0.929	-0.042
0.944	0.935	0.009
0.05	0.078	-0.028
0.936	0.797	0.139
0.842	0.849	-0.007
0.829	0.749	0.08
0.814	0.742	0.072
0.051	0.74	-0.689
0.056	0.29	-0.234
0.028	0.281	-0.253
0.555	0.0	0.555
0.284	0.0	0.284
0.901	1.0	-0.099
1.0	0.907	0.093
0.412	0.37	0.042
0.797	0.774	0.023
1.0	0.884	0.116
0.517	0.962	-0.445
1.0	0.0	1.0
1.0	0.0	1.0
0.0	0.507	-0.507
0.0	0.148	-0.148
1.0	0.662	0.338
0.899	0.845	0.054
0.057	0.057	0.0
0.989	0.905	0.084
0.919	1.0	-0.081
1.0	0.93	0.07
0.0	0.072	-0.072
0.085	0.111	-0.026
0.387	0.514	-0.127
0.854	0.91	-0.056
0.275	0.336	-0.061
0.615	0.658	-0.043
0.808	0.802	0.006
0.167	0.069	0.098
1.0	0.788	0.212
0.0	0.226	-0.226
0.0	0.098	-0.098
0.259	0.304	-0.045
0.109	0.019	0.09
1.0	0.637	0.363
0.036	0.026	0.01
0.962	0.943	0.019
0.897	0.916	-0.019
0.798	0.818	-0.02
1.0	0.969	0.031
0.046	0.024	0.022
1.0	0.991	0.009
0.867	0.707	0.16
0.96	0.854	0.106
0.53	0.91	-0.38
0.146	0.06	0.086
0.516	0.686	-0.17
1.0	0.333	0.667
0.148	0.279	-0.131
1.0	0.852	0.148
0.78	0.827	-0.047
0.077	0.0	0.077
0.777	0.664	0.113
0.433	1.0	-0.567
0.0	0.031	-0.031
1.0	0.994	0.006
0.242	0.115	0.127
0.243	0.124	0.119
0.777	1.0	-0.223
0.067	0.015	0.052
0.893	0.298	0.595
0.887	0.484	0.403
0.329	0.78	-0.451
0.815	1.0	-0.185
0.879	0.76	0.119
0.91	0.755	0.155
1.0	0.862	0.138
0.989	1.0	-0.011
0.205	0.016	0.189
0.75	1.0	-0.25
1.0	0.0	1.0
0.078	0.024	0.054
0.965	1.0	-0.035
0.117	0.233	-0.116
0.521	0.612	-0.091
0.333	0.075	0.258
0.229	0.039	0.19
0.699	1.0	-0.301
0.976	0.851	0.125
0.827	0.0	0.827
0.049	0.0	0.049
0.701	1.0	-0.299
0.011	0.0	0.011
0.0	0.016	-0.016
0.951	0.891	0.06
0.862	1.0	-0.138
0.457	0.342	0.115
1.0	0.61	0.39
0.0	0.558	-0.558
0.047	0.0	0.047
0.827	0.507	0.32
0.165	0.154	0.011
0.096	0.227	-0.131
0.0	0.245	-0.245
0.745	0.912	-0.167
0.695	0.509	0.186
0.743	0.481	0.262
1.0	0.843	0.157
0.189	0.13	0.059
0.797	0.671	0.126
0.04	0.025	0.015
0.756	0.547	0.209
0.958	0.791	0.167
0.706	0.0	0.706
1.0	0.995	0.005
0.046	0.0	0.046
0.947	1.0	-0.053
0.011	0.144	-0.133
0.083	0.322	-0.239
0.364	0.892	-0.528
0.0	0.04	-0.04
0.236	0.12	0.116
1.0	0.987	0.013
0.992	0.976	0.016
0.231	0.362	-0.131
0.0	0.137	-0.137
0.778	0.756	0.022
0.886	1.0	-0.114
0.066	0.0	0.066
1.0	0.374	0.626
1.0	0.924	0.076
0.009	0.0	0.009
0.98	0.953	0.027
0.0	0.18	-0.18
0.125	0.0	0.125
1.0	0.0	1.0
0.0	0.206	-0.206
0.0	0.596	-0.596
1.0	0.865	0.135
1.0	0.11	0.89
0.708	0.891	-0.183
0.453	1.0	-0.547
0.043	0.032	0.011
0.884	0.759	0.125
0.024	0.0	0.024
0.867	0.791	0.076
0.0	0.049	-0.049
0.906	0.957	-0.051
1.0	0.956	0.044
1.0	0.802	0.198
0.255	0.326	-0.071
0.429	0.541	-0.112
0.0	0.06	-0.06
0.742	0.289	0.453
0.182	0.017	0.165
0.01	0.047	-0.037
0.0	0.484	-0.484
0.329	1.0	-0.671
1.0	0.987	0.013
1.0	0.973	0.027
0.83	0.89	-0.06
0.859	0.778	0.081
0.952	1.0	-0.048
0.952	1.0	-0.048
0.825	0.751	0.074
0.428	0.516	-0.088
0.934	1.0	-0.066
1.0	0.65	0.35
0.03	0.035	-0.005
1.0	0.991	0.009
0.997	0.999	-0.002
0.926	0.873	0.053
0.072	0.153	-0.081
0.101	0.098	0.003
0.994	1.0	-0.006
0.996	1.0	-0.004
0.011	0.009	0.002
0.651	1.0	-0.349
0.335	0.0	0.335
1.0	0.952	0.048
1.0	0.307	0.693
0.962	0.273	0.689
0.793	1.0	-0.207
0.824	1.0	-0.176
0.979	1.0	-0.021
0.812	0.599	0.213
0.0	0.165	-0.165
0.065	0.0	0.065
0.975	1.0	-0.025
0.001	0.0	0.001
0.314	0.161	0.153
0.925	0.926	-0.001
0.072	0.0	0.072
1.0	0.994	0.006
0.679	0.308	0.371
0.504	0.097	0.407
0.819	0.791	0.028
0.714	0.766	-0.052
0.984	1.0	-0.016
0.022	0.023	-0.001
0.009	0.007	0.002
0.107	0.096	0.011
0.564	0.574	-0.01
0.564	0.459	0.105
0.779	0.526	0.253
1.0	0.962	0.038
0.122	0.268	-0.146
0.987	0.983	0.004
1.0	0.914	0.086
0.226	0.352	-0.126
1.0	0.964	0.036
0.012	0.082	-0.07
0.233	0.0	0.233
0.122	0.423	-0.301
0.0	0.023	-0.023
1.0	0.314	0.686
1.0	0.764	0.236
0.861	0.885	-0.024
0.783	0.84	-0.057
0.345	0.57	-0.225
0.907	0.854	0.053
0.07	0.238	-0.168
0.082	0.0	0.082
0.931	1.0	-0.069
0.067	0.009	0.058
0.0	0.093	-0.093
0.906	1.0	-0.094
0.805	0.799	0.006
0.714	0.0	0.714
0.077	0.709	-0.632
0.827	1.0	-0.173
0.015	0.011	0.004
0.226	0.381	-0.155
0.257	0.547	-0.29
0.0	1.0	-1.0
0.466	0.627	-0.161
1.0	0.502	0.498
0.211	0.759	-0.548
0.0	0.304	-0.304
0.0	0.047	-0.047
0.143	0.0	0.143
0.227	0.054	0.173
0.791	0.242	0.549
0.224	0.285	-0.061
0.467	0.625	-0.158
0.504	0.335	0.169
0.537	0.232	0.305
0.146	0.279	-0.133
0.064	0.015	0.049
0.0	0.252	-0.252
0.572	0.0	0.572
1.0	0.944	0.056
0.25	0.108	0.142
0.998	1.0	-0.002
0.32	0.263	0.057
0.998	1.0	-0.002
0.588	0.858	-0.27
1.0	0.987	0.013
0.071	0.16	-0.089
0.978	1.0	-0.022
1.0	0.999	0.001
0.026	0.042	-0.016
0.966	0.948	0.018
0.132	0.0	0.132
0.964	1.0	-0.036
1.0	0.0	1.0
1.0	0.844	0.156
0.057	0.17	-0.113
0.698	0.665	0.033
1.0	0.779	0.221
0.0	0.115	-0.115
0.047	0.019	0.028
0.005	0.0	0.005
0.962	0.988	-0.026
0.893	0.959	-0.066
0.0	0.029	-0.029
1.0	0.0	1.0
0.802	0.618	0.184
0.939	1.0	-0.061
0.208	0.0	0.208
0.94	0.943	-0.003
0.198	0.186	0.012
1.0	0.916	0.084
1.0	0.0	1.0
0.0	1.0	-1.0
0.978	0.983	-0.005
0.0	0.03	-0.03
0.224	0.0	0.224
1.0	0.978	0.022
0.092	0.038	0.054
0.0	0.031	-0.031
0.0	0.007	-0.007
0.295	1.0	-0.705
0.333	0.069	0.264
0.677	0.539	0.138
0.057	0.014	0.043
0.123	0.05	0.073
0.077	0.071	0.006
0.0	0.01	-0.01
0.0	1.0	-1.0
0.076	0.009	0.067
0.037	0.161	-0.124
0.776	0.648	0.128
0.232	0.307	-0.075
0.652	0.431	0.221
0.992	1.0	-0.008
0.0	0.448	-0.448
0.031	0.0	0.031
0.027	0.004	0.023
1.0	0.544	0.456
0.37	0.453	-0.083
0.784	0.353	0.431
1.0	0.407	0.593
1.0	0.629	0.371
1.0	0.652	0.348
1.0	0.723	0.277
0.0	1.0	-1.0
0.0	0.084	-0.084
0.905	0.987	-0.082
0.995	1.0	-0.005
0.876	1.0	-0.124
0.0	0.109	-0.109
1.0	0.275	0.725
0.0	0.887	-0.887
0.0	0.054	-0.054
1.0	0.93	0.07
0.308	0.0	0.308
0.026	0.01	0.016
1.0	0.769	0.231
0.204	0.161	0.043
0.0	0.181	-0.181
0.208	1.0	-0.792
0.022	0.011	0.011
0.985	1.0	-0.015
0.995	1.0	-0.005
0.876	1.0	-0.124
0.076	0.141	-0.065
0.083	0.0	0.083
0.0	0.135	-0.135
1.0	0.982	0.018
0.333	0.332	0.001
0.488	0.164	0.324
1.0	0.916	0.084
1.0	0.629	0.371
1.0	0.692	0.308
1.0	0.492	0.508
1.0	0.908	0.092
0.959	1.0	-0.041
0.964	1.0	-0.036
0.308	0.271	0.037
0.686	0.709	-0.023
0.977	1.0	-0.023
0.998	0.999	-0.001
1.0	0.769	0.231
0.567	0.964	-0.397
0.056	0.0	0.056
0.056	0.117	-0.061
1.0	0.0	1.0
0.0	0.5	-0.5
0.999	1.0	-0.001
0.056	0.018	0.038
0.043	0.025	0.018
0.0	0.093	-0.093
0.0	0.302	-0.302
0.022	0.015	0.007
0.024	0.043	-0.019
0.534	0.706	-0.172
0.632	0.879	-0.247
0.01	0.0	0.01
0.107	0.446	-0.339
0.998	1.0	-0.002
0.538	0.186	0.352
0.986	1.0	-0.014
0.89	0.939	-0.049
0.732	0.781	-0.049
0.09	0.012	0.078
0.587	0.882	-0.295
0.311	0.831	-0.52
0.993	1.0	-0.007
0.971	1.0	-0.029
0.177	0.674	-0.497
0.942	0.91	0.032
0.987	1.0	-0.013
0.0	1.0	-1.0
0.0	0.059	-0.059
0.729	1.0	-0.271
0.945	1.0	-0.055
0.748	1.0	-0.252
0.856	0.873	-0.017
0.0	0.099	-0.099
0.423	0.229	0.194
0.993	1.0	-0.007
0.237	0.295	-0.058
0.0	0.139	-0.139
0.0	0.291	-0.291
0.962	0.49	0.472
0.528	0.762	-0.234
0.035	0.02	0.015
0.059	0.047	0.012
0.654	0.565	0.089
0.854	0.735	0.119
0.003	0.0	0.003
1.0	0.976	0.024
0.022	0.066	-0.044
0.628	0.597	0.031
0.961	1.0	-0.039
0.997	1.0	-0.003
0.457	1.0	-0.543
0.03	0.063	-0.033
1.0	0.946	0.054
0.021	0.019	0.002
0.0	1.0	-1.0
0.011	0.0	0.011
0.196	0.201	-0.005
0.027	0.18	-0.153
0.972	1.0	-0.028
0.0	0.614	-0.614
0.975	0.707	0.268
1.0	0.83	0.17
0.07	0.0	0.07
0.98	1.0	-0.02
0.0	0.006	-0.006
0.011	0.008	0.003
0.0	0.001	-0.001
0.024	0.0	0.024
0.022	0.017	0.005
0.023	0.018	0.005
0.999	1.0	-0.001
0.706	0.643	0.063
0.016	0.008	0.008
0.354	0.451	-0.097
0.0	0.059	-0.059
0.972	1.0	-0.028
0.02	0.043	-0.023
0.758	1.0	-0.242
1.0	0.667	0.333
0.043	0.05	-0.007
0.013	0.002	0.011
0.047	0.06	-0.013
0.969	1.0	-0.031
1.0	0.0	1.0
0.638	0.0	0.638
0.135	0.0	0.135
1.0	0.326	0.674
0.622	0.524	0.098
0.951	1.0	-0.049
0.726	0.065	0.661
0.0	0.56	-0.56
1.0	0.354	0.646
1.0	0.163	0.837
1.0	0.198	0.802
0.097	0.339	-0.242
0.158	0.168	-0.01
0.57	0.893	-0.323
0.611	0.864	-0.253
0.467	0.414	0.053
0.696	0.627	0.069
0.581	1.0	-0.419
0.0	1.0	-1.0
1.0	0.738	0.262
1.0	0.771	0.229
0.013	0.045	-0.032
0.0	0.074	-0.074
0.08	0.032	0.048
0.093	0.052	0.041
0.527	0.607	-0.08
0.033	0.045	-0.012
0.029	0.029	0.0
1.0	0.191	0.809
0.503	0.611	-0.108
0.036	0.031	0.005
0.548	1.0	-0.452
0.058	0.0	0.058
0.717	0.593	0.124
0.651	1.0	-0.349
0.006	0.0	0.006
0.0	0.286	-0.286
1.0	0.554	0.446
1.0	0.925	0.075
0.706	0.329	0.377
1.0	0.911	0.089
0.0	0.093	-0.093
1.0	0.835	0.165
1.0	0.523	0.477
1.0	0.97	0.03
0.213	0.212	0.001
0.012	0.003	0.009
0.982	0.991	-0.009
0.746	0.797	-0.051
1.0	0.844	0.156
0.144	0.0	0.144
1.0	0.988	0.012
1.0	0.911	0.089
0.454	0.332	0.122
0.583	0.754	-0.171
0.595	0.447	0.148
0.805	1.0	-0.195
1.0	0.974	0.026
0.0	0.08	-0.08
0.023	0.251	-0.228
0.059	0.0	0.059
0.924	0.834	0.09
0.545	1.0	-0.455
1.0	0.624	0.376
0.08	0.069	0.011
0.987	1.0	-0.013
1.0	0.523	0.477
1.0	0.0	1.0
0.222	0.294	-0.072
0.258	0.35	-0.092
1.0	0.03	0.97
0.985	1.0	-0.015
0.913	0.69	0.223
0.818	0.412	0.406
0.943	0.841	0.102
0.254	0.106	0.148
1.0	0.947	0.053
0.053	0.097	-0.044
0.0	0.09	-0.09
0.935	1.0	-0.065
0.791	0.888	-0.097
0.032	0.0	0.032
0.715	0.407	0.308
0.996	1.0	-0.004
0.999	0.997	0.002
0.892	1.0	-0.108
0.953	0.947	0.006
0.935	0.97	-0.035
0.759	0.743	0.016
0.815	1.0	-0.185
1.0	0.44	0.56
1.0	0.712	0.288
0.763	0.301	0.462
0.0	0.051	-0.051
0.784	0.788	-0.004
1.0	0.998	0.002
1.0	0.665	0.335
0.511	0.69	-0.179
0.953	0.778	0.175
0.754	0.363	0.391
0.622	1.0	-0.378
0.012	0.008	0.004
0.604	0.558	0.046
1.0	0.91	0.09
1.0	0.783	0.217
0.782	1.0	-0.218
0.205	0.154	0.051
0.289	0.145	0.144
0.525	0.625	-0.1
0.14	0.151	-0.011
0.039	0.013	0.026
0.986	0.99	-0.004
0.235	0.543	-0.308
0.0	0.242	-0.242
0.985	1.0	-0.015
0.3	0.0	0.3
0.692	0.624	0.068
0.662	0.546	0.116
0.0	0.032	-0.032
0.969	0.667	0.302
0.033	0.128	-0.095
0.473	0.239	0.234
0.146	0.242	-0.096
0.564	0.0	0.564
0.554	0.0	0.554
0.219	0.324	-0.105
1.0	0.966	0.034
0.115	0.087	0.028
1.0	0.832	0.168
0.016	0.006	0.01
0.02	0.008	0.012
0.985	0.948	0.037
0.126	0.076	0.05
0.494	0.303	0.191
0.852	0.834	0.018
1.0	0.74	0.26
0.958	1.0	-0.042
0.787	1.0	-0.213
0.069	0.0	0.069
0.0	0.076	-0.076
0.469	0.828	-0.359
0.838	0.92	-0.082
0.25	0.528	-0.278
0.0	0.05	-0.05
0.597	0.301	0.296
1.0	0.911	0.089
0.125	0.06	0.065
1.0	0.935	0.065
0.015	0.018	-0.003
1.0	0.213	0.787
0.154	0.043	0.111
0.0	0.052	-0.052
1.0	0.925	0.075
0.567	1.0	-0.433
1.0	1.0	0.0
1.0	0.997	0.003
0.004	0.004	0.0
0.019	0.049	-0.03
0.0	1.0	-1.0
1.0	0.747	0.253
0.055	0.06	-0.005
0.072	0.041	0.031
0.0	0.702	-0.702
0.737	0.89	-0.153
0.725	0.905	-0.18
0.65	0.166	0.484
0.359	0.566	-0.207
0.0	0.013	-0.013
0.0	0.02	-0.02
0.109	0.136	-0.027
0.735	0.29	0.445
1.0	0.954	0.046
0.34	0.367	-0.027
0.055	0.391	-0.336
0.924	0.982	-0.058
0.94	1.0	-0.06
0.191	0.0	0.191
0.0	0.369	-0.369
0.905	1.0	-0.095
0.978	1.0	-0.022
0.788	0.633	0.155
1.0	0.894	0.106
0.0	0.584	-0.584
0.219	0.645	-0.426
0.441	0.087	0.354
0.289	0.039	0.25
0.997	1.0	-0.003
1.0	0.932	0.068
0.995	1.0	-0.005
0.997	0.972	0.025
0.992	0.892	0.1
0.906	0.937	-0.031
0.946	1.0	-0.054
0.276	0.364	-0.088
1.0	0.694	0.306
0.952	1.0	-0.048
0.78	1.0	-0.22
0.452	0.639	-0.187
0.087	0.415	-0.328
1.0	0.98	0.02
0.0	0.014	-0.014
0.0	0.047	-0.047
1.0	0.368	0.632
0.97	0.875	0.095
0.04	0.032	0.008
0.0	0.226	-0.226
1.0	0.875	0.125
0.005	0.053	-0.048
1.0	0.993	0.007
0.031	0.125	-0.094
0.62	0.552	0.068
1.0	0.951	0.049
0.026	0.0	0.026
0.476	0.0	0.476
0.85	1.0	-0.15
0.0	0.138	-0.138
0.0	0.124	-0.124
0.993	1.0	-0.007
1.0	0.329	0.671
1.0	0.236	0.764
1.0	0.989	0.011
0.664	1.0	-0.336
0.0	0.383	-0.383
1.0	0.935	0.065
0.0	0.048	-0.048
0.864	0.878	-0.014
1.0	0.997	0.003
0.821	1.0	-0.179
1.0	0.861	0.139
0.462	0.444	0.018
1.0	0.333	0.667
0.547	0.666	-0.119
0.8	0.619	0.181
0.974	0.96	0.014
0.995	0.999	-0.004
1.0	0.67	0.33
0.031	0.0	0.031
0.033	0.0	0.033
0.33	0.0	0.33
0.412	0.295	0.117
0.171	0.787	-0.616
0.088	0.135	-0.047
0.945	0.979	-0.034
0.042	0.048	-0.006
0.0	0.494	-0.494
0.0	0.512	-0.512
0.104	0.0	0.104
0.0	0.195	-0.195
0.956	0.823	0.133
0.685	0.986	-0.301
1.0	0.961	0.039
1.0	0.945	0.055
0.582	0.523	0.059
0.294	0.274	0.02
0.901	0.918	-0.017
0.266	0.435	-0.169
0.454	1.0	-0.546
0.868	0.937	-0.069
1.0	0.867	0.133
0.528	0.759	-0.231
0.017	0.0	0.017
0.042	0.106	-0.064
0.014	0.158	-0.144
0.047	0.102	-0.055
0.004	0.018	-0.014
0.041	0.0	0.041
0.993	1.0	-0.007
0.958	1.0	-0.042
1.0	0.973	0.027
0.0	0.178	-0.178
0.364	0.0	0.364
0.488	0.468	0.02
0.959	0.802	0.157
0.142	0.124	0.018
1.0	0.0	1.0
0.62	0.383	0.237
0.031	0.0	0.031
0.0	0.156	-0.156
0.662	0.473	0.189
1.0	0.084	0.916
0.374	0.256	0.118
0.211	0.02	0.191
1.0	0.823	0.177
0.341	0.273	0.068
0.0	0.039	-0.039
0.012	0.0	0.012
0.058	0.019	0.039
0.452	0.891	-0.439
0.25	0.0	0.25
0.357	0.0	0.357
0.969	0.974	-0.005
0.364	0.75	-0.386
0.372	0.708	-0.336
0.25	0.0	0.25
0.971	0.988	-0.017
0.0	0.072	-0.072
0.877	1.0	-0.123
0.867	1.0	-0.133
0.505	0.995	-0.49
0.99	0.993	-0.003
0.992	1.0	-0.008
0.0	0.001	-0.001
0.013	0.008	0.005
0.0	0.031	-0.031
0.0	0.029	-0.029
0.0	0.021	-0.021
0.16	0.045	0.115
0.141	0.045	0.096
0.128	0.25	-0.122
0.488	0.247	0.241
1.0	0.489	0.511
1.0	0.574	0.426
1.0	0.593	0.407
0.0	1.0	-1.0
0.092	0.168	-0.076
0.955	0.966	-0.011
0.117	0.035	0.082
0.991	1.0	-0.009
0.012	0.0	0.012
1.0	0.801	0.199
0.0	0.08	-0.08
1.0	0.985	0.015
0.586	1.0	-0.414
0.973	0.912	0.061
0.0	1.0	-1.0
0.263	0.0	0.263
0.663	0.77	-0.107
0.924	0.912	0.012
0.922	0.652	0.27
0.076	0.0	0.076
0.404	1.0	-0.596
0.891	1.0	-0.109
0.391	0.316	0.075
0.585	0.511	0.074
0.952	0.984	-0.032
0.0	0.965	-0.965
0.034	0.0	0.034
1.0	0.97	0.03
0.018	0.0	0.018
1.0	0.91	0.09
0.809	0.739	0.07
1.0	0.993	0.007
0.628	0.473	0.155
0.037	0.089	-0.052
1.0	0.948	0.052
0.294	0.076	0.218
0.059	0.127	-0.068
0.973	0.933	0.04
0.227	0.109	0.118
1.0	0.87	0.13
0.0	0.213	-0.213
0.98	0.972	0.008
0.429	0.495	-0.066
1.0	0.746	0.254
0.727	0.855	-0.128
0.117	0.771	-0.654
0.441	0.805	-0.364
0.92	0.91	0.01
0.007	0.021	-0.014
0.39	0.215	0.175
1.0	0.0	1.0
0.058	0.072	-0.014
0.018	0.022	-0.004
0.913	0.954	-0.041
1.0	0.953	0.047
1.0	0.516	0.484
0.017	0.029	-0.012
0.258	0.446	-0.188
0.811	0.421	0.39
1.0	0.78	0.22
0.093	0.219	-0.126
1.0	0.976	0.024
1.0	0.991	0.009
0.0	0.193	-0.193
0.0	0.042	-0.042
0.0	0.662	-0.662
0.815	1.0	-0.185
0.946	1.0	-0.054
0.843	0.766	0.077
0.495	1.0	-0.505
0.427	0.254	0.173
0.773	1.0	-0.227
1.0	0.772	0.228
0.037	0.057	-0.02
0.959	1.0	-0.041
0.991	1.0	-0.009
0.999	0.995	0.004
0.989	1.0	-0.011
0.969	0.948	0.021
0.988	0.985	0.003
1.0	0.988	0.012
0.707	0.647	0.06
0.075	0.137	-0.062
0.016	0.004	0.012
1.0	0.899	0.101
0.945	1.0	-0.055
0.027	0.028	-0.001
0.924	0.959	-0.035
0.981	1.0	-0.019
0.133	0.0	0.133
0.908	0.954	-0.046
0.985	1.0	-0.015
0.037	1.0	-0.963
0.493	0.176	0.317
0.023	0.019	0.004
0.016	0.019	-0.003
1.0	0.999	0.001
0.99	0.98	0.01
0.991	0.988	0.003
0.3	0.097	0.203
0.016	0.008	0.008
0.018	0.015	0.003
0.023	0.028	-0.005
1.0	0.0	1.0
0.011	0.012	-0.001
1.0	0.983	0.017
0.353	0.51	-0.157
0.0	0.957	-0.957
0.927	1.0	-0.073
0.743	1.0	-0.257
0.666	0.452	0.214
0.146	0.0	0.146
0.0	0.01	-0.01
0.847	1.0	-0.153
0.082	0.0	0.082
0.061	0.089	-0.028
0.873	0.651	0.222
1.0	0.239	0.761
0.06	0.019	0.041
0.0	0.03	-0.03
0.764	0.559	0.205
0.392	0.0	0.392
0.378	0.427	-0.049
0.514	0.673	-0.159
0.58	0.543	0.037
0.917	0.873	0.044
0.0	1.0	-1.0
0.5	1.0	-0.5
0.512	0.419	0.093
0.411	1.0	-0.589
0.102	0.148	-0.046
0.746	1.0	-0.254
0.998	1.0	-0.002
0.516	0.0	0.516
1.0	0.925	0.075
0.0	0.044	-0.044
0.288	0.0	0.288
0.075	0.251	-0.176
0.744	0.397	0.347
1.0	0.0	1.0
1.0	0.99	0.01
0.188	0.156	0.032
0.973	0.959	0.014
0.273	0.168	0.105
1.0	0.841	0.159
0.821	0.856	-0.035
0.119	0.056	0.063
0.0	0.207	-0.207
1.0	0.899	0.101
1.0	0.953	0.047
0.027	0.043	-0.016
0.414	0.247	0.167
0.002	0.022	-0.02
0.893	1.0	-0.107
0.92	1.0	-0.08
0.663	0.92	-0.257
0.429	0.689	-0.26
0.0	0.153	-0.153
0.0	0.015	-0.015
1.0	0.683	0.317
0.849	1.0	-0.151
0.074	0.09	-0.016
0.629	1.0	-0.371
1.0	0.0	1.0
1.0	0.961	0.039
1.0	0.987	0.013
1.0	0.766	0.234
0.622	1.0	-0.378
0.543	1.0	-0.457
0.01	0.0	0.01
0.988	1.0	-0.012
1.0	0.845	0.155
0.962	0.939	0.023
0.958	1.0	-0.042
0.873	0.207	0.666
0.937	0.829	0.108
0.08	0.0	0.08
0.061	0.012	0.049
0.0	0.127	-0.127
0.236	0.201	0.035
1.0	0.953	0.047
0.655	0.059	0.596
0.91	0.921	-0.011
1.0	0.984	0.016
0.165	0.241	-0.076
0.804	0.596	0.208
0.77	1.0	-0.23
0.269	0.254	0.015
0.902	1.0	-0.098
0.652	1.0	-0.348
0.62	1.0	-0.38
0.962	1.0	-0.038
0.988	0.981	0.007
0.0	0.043	-0.043
0.827	0.796	0.031
0.642	0.951	-0.309
0.076	0.738	-0.662
1.0	0.113	0.887
0.027	0.0	0.027
0.711	0.0	0.711
0.961	0.61	0.351
0.119	0.058	0.061
1.0	0.92	0.08
0.065	0.182	-0.117
0.807	1.0	-0.193
0.845	0.817	0.028
0.549	0.838	-0.289
0.117	0.569	-0.452
0.685	0.679	0.006
0.548	0.58	-0.032
0.273	0.257	0.016
0.029	0.179	-0.15
0.47	0.333	0.137
0.331	0.029	0.302
0.111	0.255	-0.144
0.0	0.639	-0.639
0.429	1.0	-0.571
1.0	0.907	0.093
0.314	0.064	0.25
0.0	0.021	-0.021
0.495	0.415	0.08
1.0	0.821	0.179
1.0	0.958	0.042
0.855	0.902	-0.047
0.333	0.612	-0.279
0.939	1.0	-0.061
0.935	1.0	-0.065
0.03	0.017	0.013
0.01	0.025	-0.015
0.024	0.038	-0.014
1.0	0.0	1.0
1.0	0.668	0.332
0.828	0.113	0.715
0.0	0.078	-0.078
0.972	0.966	0.006
0.958	0.971	-0.013
0.277	0.448	-0.171
0.806	0.935	-0.129
0.987	0.985	0.002
0.986	1.0	-0.014
0.534	0.603	-0.069
0.0	0.588	-0.588
1.0	0.524	0.476
0.001	0.0	0.001
0.993	1.0	-0.007
0.979	0.94	0.039
1.0	0.0	1.0
0.132	0.0	0.132
0.1	0.257	-0.157
0.041	0.0	0.041
0.037	0.054	-0.017
1.0	0.897	0.103
1.0	0.96	0.04
0.959	0.997	-0.038
0.99	1.0	-0.01
0.595	0.0	0.595
0.0	0.333	-0.333
0.029	0.093	-0.064
1.0	0.809	0.191
1.0	0.449	0.551
0.0	0.046	-0.046
0.238	0.153	0.085
0.101	0.298	-0.197
0.101	0.004	0.097
0.093	0.004	0.089
0.943	1.0	-0.057
0.0	0.017	-0.017
0.882	1.0	-0.118
0.982	0.971	0.011
0.935	0.88	0.055
0.021	0.0	0.021
1.0	1.0	0.0
1.0	0.993	0.007
0.009	0.034	-0.025
0.179	0.185	-0.006
0.0	0.523	-0.523
1.0	0.637	0.363
1.0	0.952	0.048
0.301	0.0	0.301
1.0	0.612	0.388
1.0	0.791	0.209
0.01	0.0	0.01
0.996	0.986	0.01
0.493	0.0	0.493
1.0	0.729	0.271
1.0	0.879	0.121
0.6	0.299	0.301
0.274	0.297	-0.023
0.995	0.91	0.085
0.916	0.944	-0.028
1.0	0.94	0.06
0.139	0.0	0.139
1.0	0.595	0.405
1.0	0.965	0.035
0.855	1.0	-0.145
1.0	0.0	1.0
1.0	0.182	0.818
1.0	0.924	0.076
0.011	0.142	-0.131
0.933	1.0	-0.067
0.006	0.026	-0.02
0.139	0.0	0.139
0.229	0.247	-0.018
0.022	0.027	-0.005
1.0	0.873	0.127
0.145	0.0	0.145
0.833	0.613	0.22
0.41	0.558	-0.148
0.484	0.431	0.053
0.5	0.398	0.102
0.061	0.042	0.019
1.0	0.469	0.531
0.177	0.0	0.177
1.0	0.978	0.022
0.143	0.302	-0.159
0.282	0.846	-0.564
1.0	0.999	0.001
0.085	0.033	0.052
0.883	0.921	-0.038
1.0	0.992	0.008
0.106	0.0	0.106
0.307	0.11	0.197
0.223	1.0	-0.777
0.573	0.585	-0.012
0.981	0.99	-0.009
0.026	0.0	0.026
0.988	0.869	0.119
0.289	0.479	-0.19
0.012	0.017	-0.005
0.142	0.0	0.142
0.856	0.0	0.856
0.113	1.0	-0.887
0.135	0.273	-0.138
0.0	0.046	-0.046
0.014	0.035	-0.021
0.005	0.005	0.0
0.673	1.0	-0.327
0.013	0.011	0.002
0.999	1.0	-0.001
0.996	1.0	-0.004
0.977	1.0	-0.023
0.048	0.103	-0.055
0.984	1.0	-0.016
0.946	0.905	0.041
0.982	1.0	-0.018
0.979	0.968	0.011
0.757	0.612	0.145
0.011	0.025	-0.014
0.932	0.47	0.462
0.023	0.106	-0.083
0.142	0.138	0.004
1.0	0.972	0.028
1.0	0.68	0.32
1.0	0.992	0.008
0.105	0.0	0.105
0.864	0.871	-0.007
0.75	1.0	-0.25
0.006	0.016	-0.01
0.015	0.0	0.015
0.155	0.155	0.0
0.014	0.0	0.014
0.94	1.0	-0.06
0.995	1.0	-0.005
1.0	0.892	0.108
0.031	0.124	-0.093
0.011	0.036	-0.025
0.93	0.98	-0.05
0.484	0.575	-0.091
1.0	0.484	0.516
0.009	0.105	-0.096
0.0	0.111	-0.111
0.992	1.0	-0.008
0.044	0.035	0.009
0.977	1.0	-0.023
0.993	1.0	-0.007
0.016	0.0	0.016
0.0	0.043	-0.043
0.997	0.997	0.0
0.217	1.0	-0.783
0.2	1.0	-0.8
0.484	1.0	-0.516
0.455	1.0	-0.545
0.999	1.0	-0.001
0.049	0.028	0.021
0.997	0.998	-0.001
0.988	0.971	0.017
0.118	0.046	0.072
0.136	0.539	-0.403
0.48	0.17	0.31
0.097	0.119	-0.022
0.103	0.396	-0.293
0.057	0.063	-0.006
1.0	0.696	0.304
0.0	1.0	-1.0
0.325	0.51	-0.185
0.605	0.481	0.124
0.429	1.0	-0.571
0.643	0.83	-0.187
0.0	0.567	-0.567
0.014	0.0	0.014
0.061	0.087	-0.026
0.08	0.064	0.016
0.583	0.481	0.102
0.0	0.05	-0.05
0.999	1.0	-0.001
0.103	0.0	0.103
0.312	0.472	-0.16
0.0	0.565	-0.565
1.0	0.705	0.295
0.848	1.0	-0.152
0.244	0.782	-0.538
0.0	0.044	-0.044
1.0	0.956	0.044
0.282	0.017	0.265
0.0	0.227	-0.227
1.0	0.921	0.079
1.0	0.968	0.032
0.879	1.0	-0.121
0.02	0.0	0.02
0.213	0.675	-0.462
0.744	0.97	-0.226
0.999	0.994	0.005
0.0	0.014	-0.014
0.027	0.006	0.021
0.011	0.006	0.005
0.029	0.057	-0.028
1.0	0.953	0.047
1.0	1.0	0.0
0.819	0.907	-0.088
0.999	0.997	0.002
0.997	0.998	-0.001
0.963	1.0	-0.037
0.0	0.855	-0.855
0.904	0.977	-0.073
0.95	0.961	-0.011
0.989	0.99	-0.001
0.029	0.028	0.001
1.0	0.689	0.311
1.0	0.0	1.0
0.821	0.801	0.02
0.991	1.0	-0.009
0.979	1.0	-0.021
0.08	0.0	0.08
0.083	0.11	-0.027
0.766	0.784	-0.018
0.035	0.058	-0.023
0.607	0.612	-0.005
0.197	0.319	-0.122
0.992	1.0	-0.008
0.997	1.0	-0.003
0.864	0.899	-0.035
0.987	0.987	0.0
0.982	1.0	-0.018
0.991	1.0	-0.009
0.997	1.0	-0.003
0.118	0.0	0.118
0.608	1.0	-0.392
0.914	1.0	-0.086
0.999	1.0	-0.001
0.826	0.749	0.077
1.0	0.996	0.004
1.0	0.628	0.372
0.074	0.097	-0.023
1.0	0.645	0.355
1.0	0.944	0.056
1.0	0.923	0.077
0.0	0.087	-0.087
0.981	1.0	-0.019
0.935	0.86	0.075
1.0	0.595	0.405
0.214	0.085	0.129
0.516	0.792	-0.276
0.024	0.015	0.009
0.044	0.132	-0.088
0.051	0.007	0.044
1.0	0.821	0.179
0.388	0.591	-0.203
0.999	0.998	0.001
1.0	0.822	0.178
0.984	1.0	-0.016
0.926	0.858	0.068
0.015	0.02	-0.005
0.082	0.191	-0.109
0.111	0.191	-0.08
0.142	0.177	-0.035
0.609	0.616	-0.007
0.682	0.592	0.09
0.583	0.884	-0.301
0.954	1.0	-0.046
0.9	1.0	-0.1
0.543	0.551	-0.008
0.896	0.797	0.099
0.0	0.011	-0.011
0.869	1.0	-0.131
0.077	0.362	-0.285
0.659	0.606	0.053
0.882	0.99	-0.108
0.688	0.0	0.688
0.0	1.0	-1.0
0.0	0.314	-0.314
0.901	1.0	-0.099
0.0	0.098	-0.098
1.0	0.986	0.014
0.884	0.755	0.129
1.0	0.981	0.019
0.739	0.478	0.261
0.505	0.154	0.351
0.505	1.0	-0.495
0.987	1.0	-0.013
0.991	0.829	0.162
0.992	0.829	0.163
1.0	0.965	0.035
0.17	0.0	0.17
1.0	0.912	0.088
0.002	0.0	0.002
0.946	0.854	0.092
0.544	1.0	-0.456
0.889	0.921	-0.032
0.975	0.985	-0.01
0.956	1.0	-0.044
0.996	1.0	-0.004
0.954	0.949	0.005
0.781	0.929	-0.148
0.158	0.2	-0.042
1.0	0.979	0.021
0.928	0.888	0.04
0.574	0.718	-0.144
1.0	0.968	0.032
1.0	0.301	0.699
0.0	0.118	-0.118
0.991	1.0	-0.009
0.981	1.0	-0.019
0.968	1.0	-0.032
0.444	1.0	-0.556
0.813	1.0	-0.187
0.452	0.339	0.113
0.182	0.0	0.182
0.18	0.0	0.18
0.173	0.0	0.173
0.443	0.207	0.236
0.0	0.11	-0.11
1.0	0.668	0.332
0.029	0.049	-0.02
1.0	0.0	1.0
1.0	0.925	0.075
1.0	0.471	0.529
0.054	0.003	0.051
0.015	0.02	-0.005
0.99	1.0	-0.01
0.782	0.59	0.192
0.0	0.107	-0.107
0.012	0.036	-0.024
0.004	0.117	-0.113
0.001	0.115	-0.114
0.972	1.0	-0.028
0.009	0.0	0.009
0.021	0.0	0.021
1.0	0.967	0.033
0.041	0.027	0.014
1.0	0.658	0.342
0.981	0.948	0.033
0.984	0.964	0.02
0.0	0.028	-0.028
0.01	0.0	0.01
0.0	1.0	-1.0
0.111	0.067	0.044
0.831	0.805	0.026
0.0	0.406	-0.406
0.581	0.857	-0.276
0.072	0.027	0.045
0.55	0.341	0.209
0.711	0.543	0.168
1.0	0.85	0.15
0.075	0.057	0.018
0.313	0.36	-0.047
0.913	0.958	-0.045
0.0	0.035	-0.035
0.0	0.186	-0.186
1.0	0.911	0.089
1.0	0.793	0.207
0.0	0.02	-0.02
0.0	0.02	-0.02
0.956	1.0	-0.044
0.65	0.047	0.603
0.954	0.917	0.037
1.0	0.932	0.068
0.74	0.324	0.416
0.995	0.966	0.029
0.009	0.013	-0.004
0.953	0.899	0.054
1.0	0.848	0.152
0.084	0.014	0.07
0.0	0.145	-0.145
0.333	0.388	-0.055
0.15	0.002	0.148
1.0	0.333	0.667
1.0	0.957	0.043
0.716	0.749	-0.033
0.111	0.292	-0.181
1.0	0.816	0.184
0.111	0.317	-0.206
0.523	0.71	-0.187
0.569	1.0	-0.431
0.198	0.546	-0.348
1.0	0.825	0.175
0.0	1.0	-1.0
0.99	1.0	-0.01
0.066	0.0	0.066
1.0	0.466	0.534
0.687	0.309	0.378
0.857	0.905	-0.048
0.495	0.453	0.042
0.073	0.1	-0.027
1.0	0.137	0.863
1.0	0.849	0.151
0.0	0.097	-0.097
0.06	0.199	-0.139
1.0	0.701	0.299
1.0	0.784	0.216
0.848	0.823	0.025
1.0	0.977	0.023
0.0	1.0	-1.0
0.961	1.0	-0.039
0.057	0.0	0.057
0.0	0.009	-0.009
0.766	0.656	0.11
0.0	0.117	-0.117
0.099	0.23	-0.131
1.0	0.994	0.006
0.0	0.005	-0.005
0.13	0.137	-0.007
0.051	0.207	-0.156
0.052	0.125	-0.073
0.526	0.412	0.114
0.171	0.336	-0.165
0.015	0.037	-0.022
0.0	0.058	-0.058
0.786	0.457	0.329
0.538	0.126	0.412
0.647	1.0	-0.353
0.654	0.092	0.562
0.883	1.0	-0.117
0.021	0.0	0.021
0.188	0.0	0.188
1.0	0.947	0.053
1.0	0.958	0.042
0.684	0.582	0.102
0.966	0.916	0.05
0.64	0.433	0.207
0.005	0.0	0.005
0.902	0.736	0.166
1.0	0.947	0.053
0.838	1.0	-0.162
0.21	1.0	-0.79
1.0	0.255	0.745
0.0	1.0	-1.0
0.982	1.0	-0.018
1.0	0.961	0.039
0.018	0.121	-0.103
0.07	0.099	-0.029
0.176	0.218	-0.042
0.99	1.0	-0.01
0.006	0.003	0.003
0.007	0.003	0.004
0.344	0.673	-0.329
0.098	0.019	0.079
1.0	1.0	0.0
0.035	0.135	-0.1
0.955	0.991	-0.036
1.0	0.975	0.025
0.964	1.0	-0.036
0.013	0.0	0.013
0.915	0.786	0.129
0.774	0.662	0.112
0.56	0.505	0.055
1.0	0.603	0.397
0.671	0.415	0.256
0.624	0.815	-0.191
1.0	0.853	0.147
0.588	0.82	-0.232
1.0	0.859	0.141
1.0	0.598	0.402
1.0	0.0	1.0
0.364	0.304	0.06
0.056	0.11	-0.054
0.402	0.051	0.351
0.904	0.928	-0.024
0.016	0.0	0.016
0.001	0.0	0.001
0.01	0.0	0.01
1.0	0.958	0.042
0.934	0.939	-0.005
0.0	0.068	-0.068
0.008	0.017	-0.009
0.023	0.01	0.013
0.376	0.0	0.376
0.898	0.94	-0.042
0.025	0.218	-0.193
0.72	0.877	-0.157
0.029	0.009	0.02
1.0	0.687	0.313
1.0	0.865	0.135
0.0	0.138	-0.138
0.0	1.0	-1.0
0.045	0.097	-0.052
0.85	0.936	-0.086
0.752	0.793	-0.041
0.048	0.093	-0.045
0.055	0.198	-0.143
0.926	0.996	-0.07
0.764	1.0	-0.236
0.7	1.0	-0.3
0.007	0.005	0.002
1.0	0.96	0.04
0.247	0.312	-0.065
1.0	0.8	0.2
0.0	0.059	-0.059
0.0	0.047	-0.047
1.0	0.521	0.479
0.031	0.04	-0.009
0.0	0.061	-0.061
0.0	0.027	-0.027
0.466	0.642	-0.176
0.023	0.035	-0.012
0.552	0.622	-0.07
0.959	0.95	0.009
0.43	0.849	-0.419
0.0	0.11	-0.11
0.0	0.202	-0.202
0.026	0.015	0.011
0.987	1.0	-0.013
1.0	0.643	0.357
0.0	0.423	-0.423
1.0	0.966	0.034
0.062	0.083	-0.021
0.886	1.0	-0.114
0.848	1.0	-0.152
0.263	0.385	-0.122
0.004	0.005	-0.001
0.021	0.02	0.001
0.04	0.043	-0.003
0.439	0.359	0.08
0.939	0.918	0.021
1.0	0.741	0.259
0.008	0.006	0.002
0.102	0.004	0.098
1.0	0.946	0.054
0.519	0.366	0.153
0.838	1.0	-0.162
0.658	1.0	-0.342
0.248	0.178	0.07
0.101	0.0	0.101
0.81	0.901	-0.091
0.729	0.777	-0.048
0.931	0.928	0.003
0.999	1.0	-0.001
0.944	1.0	-0.056
0.988	0.99	-0.002
0.985	0.991	-0.006
1.0	0.996	0.004
0.984	0.983	0.001
0.014	0.01	0.004
0.952	0.952	0.0
0.934	1.0	-0.066
0.88	0.936	-0.056
0.932	0.967	-0.035
0.015	0.014	0.001
0.224	0.242	-0.018
1.0	0.937	0.063
0.965	0.892	0.073
0.074	0.0	0.074
0.99	1.0	-0.01
0.903	0.93	-0.027
0.645	0.0	0.645
0.0	0.395	-0.395
0.983	0.988	-0.005
0.086	0.183	-0.097
0.918	1.0	-0.082
0.0	0.005	-0.005
0.206	1.0	-0.794
0.362	0.408	-0.046
1.0	0.951	0.049
0.989	1.0	-0.011
0.0	0.044	-0.044
0.031	0.059	-0.028
0.033	0.062	-0.029
0.916	0.986	-0.07
0.0	0.911	-0.911
0.315	0.0	0.315
0.939	0.963	-0.024
0.011	0.027	-0.016
0.0	0.447	-0.447
0.094	0.087	0.007
0.93	1.0	-0.07
0.972	1.0	-0.028
0.025	0.081	-0.056
0.014	0.099	-0.085
0.834	1.0	-0.166
0.009	0.0	0.009
0.906	0.686	0.22
0.964	0.808	0.156
0.859	0.697	0.162
0.997	0.965	0.032
0.954	1.0	-0.046
0.945	1.0	-0.055
0.974	1.0	-0.026
0.99	1.0	-0.01
0.973	0.983	-0.01
0.666	0.67	-0.004
0.864	1.0	-0.136
0.0	0.079	-0.079
0.107	0.935	-0.828
0.043	0.088	-0.045
0.815	0.495	0.32
0.016	0.094	-0.078
0.246	0.43	-0.184
0.016	0.016	0.0
0.061	0.0	0.061
0.023	0.011	0.012
0.999	1.0	-0.001
1.0	0.906	0.094
0.047	0.0	0.047
0.957	0.873	0.084
0.949	0.834	0.115
0.362	0.299	0.063
0.031	0.027	0.004
0.951	1.0	-0.049
0.006	0.014	-0.008
0.962	1.0	-0.038
0.996	1.0	-0.004
0.114	0.031	0.083
0.972	0.981	-0.009
0.453	0.674	-0.221
0.511	1.0	-0.489
0.802	0.897	-0.095
0.823	1.0	-0.177
1.0	0.989	0.011
1.0	0.994	0.006
0.0	0.107	-0.107
0.0	0.031	-0.031
0.434	0.136	0.298
0.929	1.0	-0.071
1.0	0.425	0.575
0.033	0.0	0.033
0.0	0.227	-0.227
0.051	0.103	-0.052
1.0	0.333	0.667
1.0	0.837	0.163
1.0	1.0	0.0
1.0	1.0	0.0
1.0	0.954	0.046
0.915	1.0	-0.085
0.164	0.0	0.164
0.132	0.0	0.132
1.0	0.659	0.341
0.824	1.0	-0.176
0.286	0.367	-0.081
0.341	0.29	0.051
0.5	0.526	-0.026
0.509	0.463	0.046
1.0	0.654	0.346
0.174	0.119	0.055
0.063	0.123	-0.06
0.936	1.0	-0.064
0.556	0.878	-0.322
1.0	0.728	0.272
0.181	0.235	-0.054
0.074	0.048	0.026
1.0	0.906	0.094
0.049	0.0	0.049
0.09	0.108	-0.018
0.149	0.26	-0.111
0.18	0.332	-0.152
0.584	0.849	-0.265
0.188	0.0	0.188
0.038	0.175	-0.137
0.043	0.175	-0.132
0.1	0.023	0.077
0.83	0.405	0.425
0.907	0.533	0.374
0.796	0.435	0.361
0.678	1.0	-0.322
0.51	1.0	-0.49
0.205	0.169	0.036
0.958	0.986	-0.028
0.106	0.189	-0.083
0.429	1.0	-0.571
0.925	1.0	-0.075
0.0	0.06	-0.06
0.0	0.025	-0.025
0.991	0.976	0.015
0.0	0.032	-0.032
0.0	1.0	-1.0
0.196	0.131	0.065
0.841	0.863	-0.022
0.934	0.967	-0.033
0.196	0.174	0.022
0.0	0.022	-0.022
0.996	0.845	0.151
0.015	0.052	-0.037
0.025	0.021	0.004
1.0	0.0	1.0
0.571	0.831	-0.26
0.667	1.0	-0.333
1.0	0.603	0.397
0.0	0.118	-0.118
0.873	0.352	0.521
0.216	0.273	-0.057
0.08	0.24	-0.16
0.126	0.331	-0.205
0.906	1.0	-0.094
0.978	0.982	-0.004
0.973	1.0	-0.027
1.0	0.839	0.161
0.943	1.0	-0.057
0.919	1.0	-0.081
1.0	0.707	0.293
0.037	0.0	0.037
0.103	0.065	0.038
0.133	0.158	-0.025
0.009	0.044	-0.035
1.0	0.543	0.457
0.037	0.007	0.03
0.091	0.099	-0.008
0.078	0.159	-0.081
0.912	0.896	0.016
0.999	1.0	-0.001
0.155	0.183	-0.028
0.989	1.0	-0.011
0.989	1.0	-0.011
0.52	0.241	0.279
0.268	0.271	-0.003
1.0	0.991	0.009
0.381	0.0	0.381
0.201	0.189	0.012
0.893	1.0	-0.107
0.0	0.053	-0.053
0.035	0.043	-0.008
1.0	0.454	0.546
0.991	1.0	-0.009
0.988	1.0	-0.012
1.0	0.99	0.01
0.654	0.408	0.246
0.296	0.219	0.077
0.037	0.089	-0.052
0.134	0.166	-0.032
0.01	0.0	0.01
0.011	0.0	0.011
0.728	0.919	-0.191
1.0	0.878	0.122
0.653	0.451	0.202
0.331	0.207	0.124
0.031	0.049	-0.018
0.246	1.0	-0.754
0.495	0.68	-0.185
0.963	0.98	-0.017
0.041	0.0	0.041
1.0	0.75	0.25
0.769	0.538	0.231
1.0	0.831	0.169
1.0	0.87	0.13
0.0	0.136	-0.136
1.0	0.891	0.109
0.0	0.267	-0.267
1.0	0.246	0.754
0.822	0.931	-0.109
0.076	0.045	0.031
0.154	0.166	-0.012
0.0	0.028	-0.028
0.0	0.042	-0.042
0.068	0.0	0.068
0.0	0.223	-0.223
0.082	0.292	-0.21
0.08	0.037	0.043
0.522	0.0	0.522
0.0	0.022	-0.022
0.191	0.254	-0.063
0.985	1.0	-0.015
0.986	0.98	0.006
0.0	1.0	-1.0
0.024	0.0	0.024
0.37	0.345	0.025
0.899	0.722	0.177
0.783	0.955	-0.172
0.0	0.153	-0.153
0.064	0.007	0.057
0.824	0.937	-0.113
0.951	0.985	-0.034
0.845	0.88	-0.035
0.145	0.0	0.145
0.027	0.124	-0.097
0.619	1.0	-0.381
0.0	0.11	-0.11
0.01	0.001	0.009
0.255	0.0	0.255
0.0	0.213	-0.213
0.0	1.0	-1.0
0.998	1.0	-0.002
0.0	1.0	-1.0
0.341	0.65	-0.309
0.397	0.781	-0.384
0.612	0.807	-0.195
0.002	0.0	0.002
0.0	0.01	-0.01
1.0	0.855	0.145
0.504	0.56	-0.056
0.275	0.507	-0.232
0.025	0.027	-0.002
0.936	1.0	-0.064
0.296	0.23	0.066
0.837	1.0	-0.163
1.0	0.0	1.0
0.292	1.0	-0.708
0.957	0.985	-0.028
1.0	0.982	0.018
0.921	0.907	0.014
0.444	0.185	0.259
0.96	0.911	0.049
0.098	0.148	-0.05
0.026	0.0	0.026
0.909	0.759	0.15
0.879	0.845	0.034
0.171	0.416	-0.245
0.948	1.0	-0.052
0.0	0.077	-0.077
0.003	0.0	0.003
0.0	0.059	-0.059
1.0	0.457	0.543
1.0	0.816	0.184
0.948	0.746	0.202
0.931	1.0	-0.069
0.303	0.374	-0.071
0.01	0.0	0.01
0.051	0.0	0.051
0.509	0.504	0.005
0.983	1.0	-0.017
0.051	0.004	0.047
0.108	0.082	0.026
0.918	0.866	0.052
0.0	0.054	-0.054
0.569	0.5	0.069
0.903	1.0	-0.097
1.0	0.73	0.27
0.817	1.0	-0.183
0.062	0.059	0.003
0.985	1.0	-0.015
0.76	0.761	-0.001
0.949	0.868	0.081
0.976	0.989	-0.013
0.974	0.944	0.03
0.976	0.941	0.035
0.831	1.0	-0.169
0.981	1.0	-0.019
0.007	0.014	-0.007
0.0	0.014	-0.014
0.911	0.879	0.032
0.917	0.903	0.014
0.984	1.0	-0.016
1.0	0.971	0.029
0.167	0.017	0.15
0.097	0.093	0.004
0.884	0.377	0.507
0.164	0.555	-0.391
1.0	0.901	0.099
1.0	0.957	0.043
1.0	0.662	0.338
0.061	0.162	-0.101
0.858	0.704	0.154
0.99	1.0	-0.01
0.032	0.0	0.032
1.0	0.751	0.249
0.141	0.225	-0.084
0.857	0.608	0.249
0.81	0.641	0.169
1.0	0.995	0.005
0.045	0.062	-0.017
0.002	0.006	-0.004
0.039	0.025	0.014
0.741	0.662	0.079
0.941	0.937	0.004
1.0	0.633	0.367
1.0	0.049	0.951
1.0	0.414	0.586
1.0	0.517	0.483
1.0	0.55	0.45
1.0	0.055	0.945
1.0	0.897	0.103
0.113	0.058	0.055
0.034	0.0	0.034
0.2	0.0	0.2
0.898	0.964	-0.066
0.154	0.034	0.12
0.974	0.967	0.007
0.999	1.0	-0.001
0.013	0.013	0.0
0.996	0.999	-0.003
1.0	0.966	0.034
0.0	0.014	-0.014
0.213	0.296	-0.083
0.357	0.794	-0.437
0.091	0.062	0.029
0.951	1.0	-0.049
0.0	0.046	-0.046
0.539	0.594	-0.055
0.84	1.0	-0.16
0.159	0.0	0.159
0.097	0.0	0.097
0.282	0.392	-0.11
0.287	0.259	0.028
0.733	1.0	-0.267
1.0	0.643	0.357
0.974	0.896	0.078
0.428	0.07	0.358
0.33	0.603	-0.273
0.966	1.0	-0.034
0.071	0.0	0.071
0.507	0.673	-0.166
1.0	0.997	0.003
1.0	0.896	0.104
1.0	0.0	1.0
0.769	1.0	-0.231
1.0	0.909	0.091
0.233	0.087	0.146
0.87	1.0	-0.13
1.0	0.785	0.215
0.0	0.067	-0.067
0.075	0.0	0.075
1.0	0.777	0.223
0.986	1.0	-0.014
0.174	0.343	-0.169
1.0	0.93	0.07
0.055	0.0	0.055
0.0	1.0	-1.0
0.039	0.0	0.039
1.0	0.838	0.162
1.0	0.959	0.041
0.164	0.074	0.09
0.764	0.835	-0.071
0.422	0.0	0.422
0.503	0.125	0.378
0.759	0.687	0.072
0.028	0.0	0.028
0.019	0.017	0.002
0.927	0.932	-0.005
0.158	0.116	0.042
1.0	0.975	0.025
0.17	0.139	0.031
0.199	0.12	0.079
0.957	0.214	0.743
1.0	0.842	0.158
1.0	0.934	0.066
0.989	1.0	-0.011
0.984	1.0	-0.016
0.95	0.934	0.016
0.077	0.0	0.077
0.367	0.742	-0.375
0.0	0.083	-0.083
0.508	0.913	-0.405
0.831	0.71	0.121
0.308	1.0	-0.692
0.0	0.004	-0.004
0.13	0.0	0.13
1.0	0.879	0.121
0.02	0.0	0.02
0.989	0.991	-0.002
0.885	0.912	-0.027
0.007	0.008	-0.001
0.04	0.057	-0.017
0.068	0.029	0.039
0.983	0.927	0.056
0.664	0.0	0.664
0.129	0.371	-0.242
0.722	1.0	-0.278
0.813	1.0	-0.187
0.974	0.806	0.168
1.0	0.0	1.0
1.0	0.81	0.19
0.795	0.803	-0.008
0.651	0.818	-0.167
1.0	0.905	0.095
0.901	0.845	0.056
0.69	0.409	0.281
0.328	0.021	0.307
0.0	0.028	-0.028
0.109	0.535	-0.426
0.956	1.0	-0.044
0.995	1.0	-0.005
1.0	0.917	0.083
0.0	0.635	-0.635
0.019	0.0	0.019
0.916	0.751	0.165
0.191	0.161	0.03
0.252	0.478	-0.226
0.099	0.0	0.099
1.0	0.93	0.07
0.066	0.035	0.031
0.07	0.062	0.008
0.09	0.105	-0.015
0.727	0.771	-0.044
0.889	0.913	-0.024
0.283	0.218	0.065
0.99	0.991	-0.001
0.961	0.998	-0.037
0.045	0.022	0.023
0.708	0.582	0.126
0.157	0.107	0.05
0.864	1.0	-0.136
0.952	1.0	-0.048
0.0	0.159	-0.159
0.626	1.0	-0.374
1.0	0.442	0.558
0.816	0.887	-0.071
0.459	0.497	-0.038
0.467	0.522	-0.055
0.136	0.085	0.051
0.141	0.095	0.046
0.04	0.0	0.04
1.0	0.589	0.411
1.0	0.613	0.387
0.595	0.588	0.007
0.218	0.134	0.084
0.934	1.0	-0.066
1.0	0.927	0.073
0.444	0.235	0.209
0.52	0.613	-0.093
1.0	0.934	0.066
0.0	0.213	-0.213
1.0	0.065	0.935
0.0	1.0	-1.0
0.0	1.0	-1.0
0.994	1.0	-0.006
0.926	1.0	-0.074
0.0	0.323	-0.323
0.076	0.0	0.076
0.031	0.019	0.012
1.0	0.943	0.057
0.953	1.0	-0.047
0.944	0.945	-0.001
0.0	0.232	-0.232
0.6	0.429	0.171
1.0	0.857	0.143
1.0	0.592	0.408
1.0	0.72	0.28
0.194	0.194	0.0
0.22	0.298	-0.078
0.683	1.0	-0.317
0.605	0.919	-0.314
0.778	0.973	-0.195
0.097	0.21	-0.113
0.323	0.466	-0.143
0.0	0.273	-0.273
0.0	0.002	-0.002
0.988	1.0	-0.012
0.718	0.759	-0.041
0.068	0.035	0.033
0.98	1.0	-0.02
0.023	0.006	0.017
0.972	1.0	-0.028
0.997	1.0	-0.003
0.818	0.52	0.298
0.953	1.0	-0.047
0.239	0.196	0.043
0.967	0.951	0.016
0.992	0.99	0.002
0.973	0.955	0.018
1.0	0.92	0.08
1.0	0.803	0.197
0.981	1.0	-0.019
0.0	0.15	-0.15
0.898	0.826	0.072
0.745	0.396	0.349
0.973	1.0	-0.027
0.2	0.116	0.084
0.138	0.0	0.138
0.04	0.177	-0.137
0.167	0.171	-0.004
0.199	0.192	0.007
0.735	0.598	0.137
0.146	0.164	-0.018
0.997	1.0	-0.003
0.999	1.0	-0.001
0.0	0.022	-0.022
0.459	0.347	0.112
0.009	0.01	-0.001
0.087	0.08	0.007
1.0	0.632	0.368
1.0	0.677	0.323
1.0	0.689	0.311
0.355	0.442	-0.087
0.311	0.753	-0.442
0.789	0.607	0.182
0.994	1.0	-0.006
0.0	0.061	-0.061
1.0	0.671	0.329
1.0	0.682	0.318
0.416	1.0	-0.584
0.0	0.307	-0.307
0.0	0.13	-0.13
0.0	0.015	-0.015
0.843	1.0	-0.157
1.0	0.588	0.412
0.774	0.888	-0.114
0.0	0.122	-0.122
0.0	1.0	-1.0
0.076	0.662	-0.586
1.0	0.974	0.026
0.857	0.767	0.09
1.0	0.986	0.014
0.764	0.777	-0.013
0.045	0.191	-0.146
0.693	0.489	0.204
0.329	1.0	-0.671
0.388	1.0	-0.612
0.756	0.968	-0.212
1.0	0.971	0.029
0.769	0.179	0.59
0.015	0.031	-0.016
0.008	0.0	0.008
0.063	0.0	0.063
0.0	0.182	-0.182
0.655	0.685	-0.03
0.719	1.0	-0.281
1.0	0.861	0.139
0.016	0.033	-0.017
0.029	0.044	-0.015
0.019	0.0	0.019
0.976	1.0	-0.024
0.019	0.0	0.019
0.0	0.003	-0.003
0.0	0.045	-0.045
0.009	0.006	0.003
0.655	0.807	-0.152
0.632	0.608	0.024
0.011	0.011	0.0
0.912	0.804	0.108
0.996	0.991	0.005
0.976	0.988	-0.012
0.946	0.922	0.024
0.981	0.943	0.038
0.995	0.992	0.003
0.987	0.995	-0.008
0.942	0.846	0.096
0.988	0.981	0.007
0.973	0.99	-0.017
0.971	0.961	0.01
0.972	0.989	-0.017
0.968	0.988	-0.02
0.947	1.0	-0.053
0.095	0.093	0.002
0.053	0.007	0.046
0.148	0.056	0.092
0.66	1.0	-0.34
0.761	1.0	-0.239
0.404	0.451	-0.047
1.0	0.76	0.24
0.572	0.738	-0.166
0.698	0.795	-0.097
0.429	0.76	-0.331
0.938	0.987	-0.049
0.186	0.0	0.186
0.92	0.941	-0.021
1.0	0.0	1.0
0.889	1.0	-0.111
1.0	0.997	0.003
0.967	1.0	-0.033
1.0	0.805	0.195
0.95	1.0	-0.05
0.048	0.0	0.048
0.719	1.0	-0.281
0.037	0.02	0.017
0.037	0.039	-0.002
0.011	0.019	-0.008
0.818	1.0	-0.182
0.991	0.977	0.014
0.854	0.848	0.006
0.128	0.148	-0.02
0.0	0.021	-0.021
1.0	0.979	0.021
0.548	0.587	-0.039
1.0	0.792	0.208
0.649	0.223	0.426
0.34	0.063	0.277
1.0	0.987	0.013
0.007	0.0	0.007
0.02	0.017	0.003
0.473	0.781	-0.308
1.0	0.0	1.0
0.954	1.0	-0.046
0.988	0.993	-0.005
0.972	0.989	-0.017
0.597	0.747	-0.15
1.0	0.876	0.124
0.0	0.082	-0.082
0.0	0.155	-0.155
0.127	0.079	0.048
1.0	0.318	0.682
0.08	0.044	0.036
0.047	0.0	0.047
0.004	0.01	-0.006
0.964	0.958	0.006
0.074	0.017	0.057
0.51	0.909	-0.399
0.294	0.969	-0.675
0.0	1.0	-1.0
0.562	1.0	-0.438
1.0	0.957	0.043
0.228	0.065	0.163
0.003	0.0	0.003
0.097	0.366	-0.269
0.828	1.0	-0.172
0.0	0.08	-0.08
0.0	0.422	-0.422
0.0	0.115	-0.115
0.568	0.242	0.326
0.0	0.285	-0.285
1.0	0.941	0.059
1.0	0.329	0.671
0.104	0.323	-0.219
1.0	0.0	1.0
0.998	0.998	0.0
0.995	0.993	0.002
0.004	0.003	0.001
1.0	1.0	0.0
1.0	1.0	0.0
0.957	0.829	0.128
1.0	1.0	0.0
0.86	1.0	-0.14
0.333	1.0	-0.667
0.014	0.008	0.006
0.947	0.949	-0.002
0.22	0.818	-0.598
1.0	0.847	0.153
0.728	0.993	-0.265
0.557	0.987	-0.43
0.933	0.981	-0.048
0.891	0.819	0.072
0.797	0.843	-0.046
0.633	0.742	-0.109
1.0	0.755	0.245
0.975	1.0	-0.025
0.994	0.99	0.004
1.0	0.794	0.206
0.044	0.068	-0.024
0.049	0.05	-0.001
0.914	1.0	-0.086
0.019	0.015	0.004
0.453	0.483	-0.03
0.954	0.973	-0.019
0.802	0.854	-0.052
0.02	0.0	0.02
0.0	0.021	-0.021
0.304	0.737	-0.433
0.269	0.486	-0.217
1.0	0.791	0.209
0.661	0.5	0.161
0.206	0.16	0.046
1.0	0.997	0.003
0.0	0.001	-0.001
0.464	0.747	-0.283
0.994	0.994	0.0
0.926	1.0	-0.074
0.358	0.641	-0.283
0.313	0.614	-0.301
0.622	0.646	-0.024
0.0	0.751	-0.751
0.527	0.194	0.333
0.0	0.412	-0.412
0.436	0.924	-0.488
0.0	0.049	-0.049
1.0	0.926	0.074
0.0	0.037	-0.037
0.959	1.0	-0.041
0.862	0.776	0.086
0.616	0.438	0.178
1.0	0.777	0.223
0.179	0.188	-0.009
0.152	0.0	0.152
0.423	0.118	0.305
0.869	1.0	-0.131
0.638	0.898	-0.26
0.964	1.0	-0.036
0.351	0.241	0.11
0.12	0.0	0.12
