IJC_SAMPLE_1	SJC_SAMPLE_1	IJC_SAMPLE_2	SJC_SAMPLE_2	IncFormLen	SkipFormLen
0	4	0,2	2,2	180	149
5	19	2,0	0,0	332	149
36	2	403,592	237,234	874	149
0	2	22,36	237,234	199	149
0	140	3,1	34,40	254	149
33	403	26,10	192,264	1041	149
5	84	0,1	36,26	153	149
43	7	36,27	7,2	166	149
7	0	100,59	11,18	158	149
2	0	14,19	11,18	201	149
2	7	8,14	94,54	192	149
2	8	1,0	6,5	204	149
0	4	0,2	8,4	159	149
0	8	2,0	8,2	267	149
2	418	3,2	163,115	220	149
3	12	14,3	10,3	381	149
10	0	9,3	4,0	153	149
4	40	15,6	17,5	316	149
4	40	15,6	17,5	317	149
0	2	2,0	0,0	196	149
1370	4	1688,1008	0,0	2962	149
20	2	12,7	0,1	204	149
13	16	3,1	15,6	154	149
2	2	2,2	2,1	154	149
0	15	2,1	16,17	160	149
15	2	1,0	0,0	205	149
2	0	0,4	2,0	211	149
175	2	181,57	0,0	521	149
2	9	2,3	18,26	184	149
92	0	305,179	2,0	2503	149
2	1	0,4	2,5	365	149
8	0	19,15	2,0	243	149
9	3	2,8	2,6	373	149
0	2	1,2	1,0	153	149
2	0	0,6	0,2	201	149
85	8	88,95	0,2	159	149
14	8	10,34	0,2	327	149
13	84	10,34	88,95	317	149
166	1	72,135	0,0	1563	149
391	4	845,572	1,0	2099	149
4	21	0,3	21,2	232	149
60	29980	12,7	5104,4072	183	149
79	6	87,73	0,2	284	149
1	0	2,6	5,0	161	149
0	8	6,6	18,12	583	149
0	2	1,0	0,3	329	149
0	9	0,1	6,3	161	149
1	20	0,0	32,26	152	149
16	77	19,22	37,44	911	149
0	33	0,2	29,16	196	149
34	0	31,46	2,2	159	149
0	5	0,2	6,0	226	149
4	5	0,2	6,0	166	149
4	2	8,12	10,13	304	149
3	4	20,27	2,15	153	149
10	15	10,6	29,31	182	149
10	0	19,12	1,0	172	149
50	2	8,0	2,0	225	149
0	1	20,4	2,0	1095	149
7	2	39,17	4,0	308	149
1	2	0,0	4,0	156	149
7	1	39,17	0,0	301	149
7	5	4,19	1,6	164	149
0	6	0,2	16,35	160	149
6	9	2,2	12,21	153	149
24	0	4,21	0,2	151	149
0	2	0,2	2,0	491	149
1	26	7,4	24,21	187	149
1	6	0,0	0,4	173	149
32	63	67,54	78,53	338	149
5	76	4,5	68,52	171	149
4	6	5,0	4,4	217	149
67	0	241,226	2,2	580	149
2	0	0,0	2,0	228	149
0	20	10,6	36,45	292	149
9	11	23,8	40,20	160	149
3	2	6,7	4,6	160	149
5	2	8,2	0,0	619	149
2	2	3,5	2,0	154	149
7	3	8,6	0,0	633	149
11	228	6,1	173,179	177	149
13	159	3,1	57,49	195	149
10	0	2,1	3,2	195	149
9	82	15,12	154,166	247	149
31	82	61,26	154,166	442	149
24	2	46,16	0,2	344	149
2	14	17,8	16,13	203	149
24	1	10,4	4,2	203	149
3	20	2,2	7,3	474	149
70	0	45,60	1,3	152	149
0	2	3,2	4,0	203	149
2	94	10,0	110,97	323	149
37	8	39,36	5,8	270	149
2	30	7,11	33,17	161	149
392	0	121,56	2,0	222	149
6	0	32,2	2,0	689	149
9	11	13,4	52,12	201	149
16	2	3,7	0,2	173	149
0	9	15,6	8,3	176	149
2	6	11,10	0,0	1032	149
4	2	4,6	9,13	155	149
8	687	13,4	680,403	222	149
5	0	39,83	2,2	1106	149
410	9	185,137	4,6	292	149
0	25	0,2	11,29	197	149
13	0	18,20	2,0	543	149
104	7	117,34	6,8	155	149
24	635	13,6	343,180	162	149
58	4	30,11	2,0	296	149
13	0	7,10	0,1	260	149
49	0	21,22	0,1	405	149
64	0	39,47	0,1	696	149
25	5	16,5	2,9	226	149
2	500	2,4	690,1182	202	149
4	51	6,4	56,88	835	149
4	51	2,4	56,88	395	149
4	8	6,24	4,11	709	149
3	8	4,19	4,11	665	149
1	0	0,2	0,2	197	149
2	120	2,0	55,33	153	149
132	2	46,39	0,0	592	149
0	24	1,0	14,15	323	149
2	2	2,2	0,0	351	149
2	2	2,2	0,0	337	149
4	0	10,2	2,0	259	149
4	4	10,2	0,0	263	149
0	4	2,0	0,0	153	149
0	27	2,4	32,55	185	149
12	4	13,5	0,0	211	149
43	115	31,18	70,38	165	149
69	0	46,48	1,0	646	149
51	2	147,117	4,3	1913	149
51	0	147,121	2,0	1913	149
7	7	5,1	6,10	161	149
4	0	9,6	0,1	417	149
7	2	14,6	6,0	252	149
7	7	22,2	14,6	1011	149
3	22	2,2	4,8	199	149
26	2	12,25	0,0	284	149
2	5	1,0	8,8	175	149
125	0	20,86	0,1	1046	149
4	95	0,0	14,63	153	149
4	2	4,14	0,0	191	149
0	9	0,4	3,0	560	149
4	2	23,12	0,0	392	149
4	47	23,14	91,90	392	149
8	0	20,6	2,2	153	149
0	9	0,1	9,16	192	149
3	33	7,0	14,54	188	149
3	0	12,8	2,0	176	149
18	0	53,30	3,6	176	149
8	0	1,12	2,0	429	149
30	4	31,107	0,2	340	149
4	2	8,8	0,0	602	149
4	4	8,8	0,0	614	149
0	5	2,1	2,0	420	149
19	14	39,8	17,13	486	149
38	0	52,35	0,2	284	149
82	0	45,39	2,0	999	149
5	9	14,15	6,10	341	149
6	22	16,4	19,6	242	149
63	17	132,96	11,6	158	149
6	54	10,8	67,82	285	149
1	0	2,3	2,0	181	149
1	0	12,5	2,0	233	149
1	1	10,4	0,2	201	149
10	0	84,160	3,0	1619	149
39	47	38,19	48,12	155	149
0	7	0,2	4,0	276	149
4	0	14,32	1,0	173	149
0	17	1,0	8,10	154	149
152	7	89,37	0,0	229	149
2	25	2,6	21,12	187	149
2	0	0,4	1,0	503	149
10	1	19,4	2,0	229	149
16	0	17,15	1,0	217	149
1	0	2,0	2,0	164	149
0	2	2,4	20,8	152	149
0	13	2,0	17,10	230	149
1	0	4,4	3,9	652	149
53	12	16,25	5,0	206	149
0	2	0,2	0,9	158	149
45	0	76,46	3,0	366	149
10	2	12,7	0,0	466	149
0	2	0,2	0,0	259	149
2	11	4,0	3,13	228	149
13	2	11,19	0,0	302	149
460	1	338,175	2,0	177	149
0	8	1,0	13,17	275	149
6	41	8,1	41,8	222	149
2	3	11,13	13,24	181	149
14	0	17,11	2,0	167	149
51	3	84,108	2,8	204	149
10	2	38,23	9,16	1671	149
0	14	1,4	17,17	171	149
0	6	4,0	16,8	209	149
0	4	0,2	16,23	523	149
44	1	56,39	4,4	276	149
2	11	3,1	44,14	359	149
84	13	190,46	12,14	1298	149
4	48	19,6	69,75	275	149
0	22	2,0	43,28	197	149
11	0	35,15	2,2	1096	149
13	0	42,6	1,0	258	149
58	0	161,160	2,0	568	149
2	42	2,1	69,101	216	149
0	12	1,0	14,27	175	149
0	6	4,0	11,6	513	149
20	21	21,19	13,5	180	149
466	24	103,129	4,22	197	149
0	33	2,0	65,19	158	149
0	311	0,2	233,322	180	149
61	0	153,81	2,0	153	149
1520	0	855,990	0,2	306	149
42	138	47,70	38,25	305	149
9	0	68,88	0,2	178	149
0	24	5,3	154,97	175	149
0	2	2,2	1,1	194	149
2	22	5,0	26,5	162	149
4	0	51,21	3,2	170	149
74	0	46,97	2,0	162	149
0	7	1,2	16,17	166	149
2	2	1,0	12,3	2056	149
2	7	2,0	25,11	2056	149
0	4	11,0	13,12	227	149
25	0	117,86	0,4	212	149
0	2	2,4	0,0	213	149
0	23	4,0	37,24	153	149
1	2	8,2	0,1	189	149
1	0	1,0	2,2	159	149
0	12	3,2	17,7	281	149
87	2	242,151	0,0	259	149
548	0	360,166	2,0	171	149
0	13	3,8	7,20	185	149
10	66	58,24	104,46	1537	149
76	0	212,97	0,1	1215	149
2	0	4,8	0,2	299	149
69	0	181,88	3,5	211	149
0	5	27,21	15,4	197	149
0	4	0,2	48,31	153	149
31	0	15,11	2,0	200	149
0	14	2,0	3,4	192	149
134	3	18,48	2,1	251	149
0	6	2,2	2,8	206	149
2	0	0,0	0,4	178	149
2	0	8,4	2,0	362	149
1	0	2,3	0,1	204	149
39	0	10,17	0,1	181	149
122	5	53,62	2,6	347	149
19	2	4,5	0,0	347	149
23	1	66,70	0,0	399	149
176	0	300,184	2,2	182	149
2	77	1,1	114,81	153	149
51	3	76,71	4,7	297	149
0	8	0,2	6,0	550	149
13	10	6,10	4,10	724	149
135	0	36,32	4,0	301	149
18	1	23,12	0,1	600	149
0	2	2,8	0,0	451	149
2	2	8,0	0,0	376	149
28	1	47,36	1,2	751	149
0	6	1,2	9,12	156	149
0	11	0,5	8,0	166	149
2	1	4,3	0,2	166	149
0	8	0,4	0,2	348	149
0	21	7,1	27,14	211	149
9	0	8,22	0,4	436	149
0	2	2,14	4,4	155	149
0	3	2,1	0,0	153	149
165	2	260,240	6,8	2017	149
1	0	0,0	0,2	274	149
71	2	26,14	0,0	156	149
19	162	9,10	52,54	215	149
385	5	191,122	1,2	261	149
4	14	2,2	19,13	270	149
0	4	2,0	2,0	153	149
0	330	4,2	880,689	156	149
3	308	4,8	690,733	159	149
22	0	17,38	2,0	375	149
20	0	15,37	2,0	350	149
94	6	119,54	6,8	270	149
2	2	0,10	0,2	372	149
64	2	47,17	5,4	169	149
117	4	61,52	0,2	244	149
18	297	15,7	144,88	466	149
6	297	4,1	144,88	158	149
39	109	27,16	52,11	244	149
2	2	16,4	5,0	189	149
1	9	11,6	10,0	289	149
0	57	0,2	53,37	153	149
25	55	18,14	36,12	185	149
3	15	0,1	16,11	179	149
78	0	197,115	1,0	1048	149
24	0	90,73	2,0	462	149
0	40	2,0	61,46	156	149
16	0	21,24	2,0	223	149
1	15	2,2	20,11	212	149
6	56	15,14	85,84	170	149
103	32	156,78	44,31	164	149
2	9	2,3	6,11	178	149
6	150	11,11	43,38	229	149
2	1	0,0	1,2	162	149
221	0	132,123	3,0	693	149
103	2	115,80	0,0	727	149
335	35	301,232	18,23	2170	149
7	20	7,7	0,0	197	149
0	7	6,0	4,0	154	149
6	1	22,17	0,2	237	149
2	0	10,6	0,2	173	149
2	13	0,0	18,14	153	149
2	2	0,2	0,4	151	149
9	2	10,3	0,4	155	149
7	0	10,3	0,2	153	149
37	88	93,77	31,11	470	149
51	51	18,15	5,4	464	149
427	52664	148,235	21725,32614	369	149
1	0	9,9	2,2	167	149
37	0	40,15	0,2	153	149
8	9	2,6	9,2	395	149
34	69	31,28	59,21	188	149
29	3	40,48	0,4	164	149
251	0	150,119	2,0	165	149
23	13	8,6	0,2	634	149
12	25	16,9	40,26	185	149
1	14	2,2	31,41	175	149
44	2	47,26	0,0	964	149
7	0	21,11	0,2	191	149
7	0	6,8	2,0	179	149
16	4	14,10	2,1	173	149
17	14	11,3	13,4	161	149
159	3	205,76	2,0	188	149
2	21	2,0	17,7	164	149
3	0	21,14	0,1	513	149
3	2	21,14	2,0	644	149
0	2	0,1	2,0	280	149
2	1	2,2	2,1	473	149
18	205	34,49	41,85	1687	149
14	79	44,67	29,51	2544	149
12	79	28,36	29,51	1396	149
6	79	2,10	29,51	312	149
1	60	0,0	11,15	502	149
408	0	672,356	2,0	1090	149
198	0	254,117	0,2	286	149
84	2	85,36	0,2	311	149
10	18	14,8	12,18	196	149
6	0	9,0	2,0	196	149
6	53	3,1	73,30	180	149
2	162	4,2	155,40	374	149
33	12	25,21	9,5	173	149
2	14	0,0	22,10	189	149
553	1	161,84	8,1	259	149
9	25	7,1	0,0	164	149
20	343	7,2	138,84	164	149
516	5	641,259	11,14	1526	149
549	0	493,235	1,0	287	149
794	6	147,64	2,0	292	149
943	2	179,70	1,0	403	149
155	2	34,6	1,0	260	149
6	1	2,0	0,0	155	149
52	17	33,21	4,0	155	149
4	34	4,0	31,3	212	149
247	109	285,135	116,37	1939	149
233	2	218,145	2,0	2266	149
2	2	0,0	3,6	218	149
2	0	6,6	6,0	208	149
53	0	66,31	0,1	154	149
8	207	5,0	140,161	223	149
1	5	4,0	14,24	153	149
42	6	10,9	0,0	172	149
2	4	0,0	2,2	172	149
7	3	12,13	0,0	397	149
11	9	0,0	11,2	319	149
2	49	1,4	72,83	156	149
20	0	15,14	0,2	240	149
3	1	2,2	0,0	494	149
106	354	97,53	322,272	188	149
3	409	6,8	59,40	219	149
1	10	2,0	0,0	203	149
1	10	2,0	0,0	193	149
7	0	2,0	1,0	213	149
4	43	1,2	22,28	256	149
0	4	0,4	6,3	153	149
2	45	35,17	40,9	1060	149
34	3	58,34	4,0	1098	149
58	0	72,52	2,0	389	149
9	29	19,2	47,16	259	149
9	0	10,0	0,2	244	149
1	46	9,1	80,50	165	149
124	2	108,70	0,0	188	149
12	93	24,9	78,40	219	149
45	0	75,48	2,0	244	149
11	2152	10,2	1267,681	182	149
411	7	399,284	11,2	254	149
277	7	316,187	8,0	175	149
25	1	57,21	18,15	206	149
3	35	14,6	42,36	224	149
4	0	0,2	2,0	194	149
4	152	0,2	92,64	251	149
7	9	8,10	4,3	153	149
44	5	90,59	18,3	604	149
12	5	26,19	18,3	315	149
18	2	29,19	1,0	315	149
65	0	108,58	4,0	174	149
0	4	4,0	0,2	191	149
7	0	0,0	2,0	172	149
31	46	9,4	16,4	216	149
16	17	31,17	14,14	653	149
9	4	23,11	0,2	203	149
0	76	0,2	46,53	166	149
2	28	0,0	10,7	177	149
8	2	22,10	0,0	286	149
2	0	0,4	1,0	194	149
0	11	1,6	15,9	182	149
91	539	31,33	217,106	305	149
298	8	82,71	0,2	337	149
171	1	51,36	0,2	220	149
179	65	53,41	31,11	224	149
9	65	2,7	31,11	153	149
28	145	55,24	81,37	493	149
21	0	23,24	0,6	407	149
11	17	11,6	10,4	200	149
3	332	2,2	413,276	163	149
23	419	14,8	506,396	188	149
6	32	14,0	48,22	194	149
0	3	6,3	0,0	322	149
89	78	33,37	37,52	438	149
10	0	10,11	2,0	353	149
26	26	37,39	30,53	1270	149
0	5	6,1	6,8	245	149
3	123	2,1	103,57	153	149
18	2	21,19	0,0	940	149
187	6	369,148	2,4	1361	149
10	26	62,20	132,80	310	149
2	0	15,11	0,2	251	149
0	8	1,3	18,27	159	149
0	49	0,4	88,71	157	149
2654	4	3036,1963	8,6	257	149
0	4	11,10	79,39	183	149
8	19	8,8	38,15	215	149
9	30	42,8	34,23	192	149
14	1	8,3	1,0	234	149
13	76	8,5	66,51	152	149
2	168	0,0	219,96	167	149
2	0	0,2	0,4	152	149
4	72	9,3	67,57	225	149
29	49	39,18	26,36	155	149
1	6	0,1	8,2	206	149
50	0	40,46	1,1	244	149
5	2	8,4	0,0	244	149
46	0	52,24	2,0	181	149
0	2	7,1	1,2	263	149
1	5	0,0	3,0	178	149
1	9	12,8	2,10	237	149
0	1	2,0	9,18	256	149
0	153	1,0	116,54	318	149
8	5	1,6	8,9	821	149
1	1	0,1	14,29	154	149
4	2	10,13	2,0	647	149
2	45	9,6	42,29	167	149
4	10	2,0	3,4	194	149
2	0	0,0	25,5	291	149
3	36	3,1	15,4	193	149
2	2	0,1	28,39	163	149
58	0	56,34	1,0	376	149
0	12	4,0	13,4	267	149
0	2	2,2	2,0	240	149
4	50	3,6	38,46	205	149
3	27	7,2	27,14	194	149
83	4	93,24	4,0	203	149
4	41	1,6	30,32	169	149
2	227	6,4	215,95	169	149
2	6	2,0	1,2	337	149
16	0	46,13	2,0	153	149
2	32	7,0	44,20	162	149
1062	84	1008,567	62,48	226	149
2569	0	1987,1258	4,4	203	149
678	0	626,400	4,4	585	149
22	1913	35,16	1396,874	531	149
28	207	0,0	0,1	296	149
4	0	0,0	4,0	173	149
7	20	10,14	26,10	220	149
77	13	76,46	10,12	176	149
3	10	15,3	18,19	275	149
160	16	190,51	22,18	161	149
18	0	22,2	0,2	245	149
9	61	4,14	54,41	231	149
8	11	5,3	19,12	158	149
26	0	35,32	2,0	249	149
2	14	0,0	13,29	153	149
13	0	44,23	2,0	266	149
0	96	10,6	150,102	283	149
2	2	3,2	2,3	386	149
3	0	23,18	2,0	164	149
9	22	8,10	29,12	156	149
15	0	47,25	2,2	1098	149
11	0	20,11	4,0	172	149
28	0	56,17	2,0	161	149
6	0	6,6	0,1	2256	149
2	0	0,4	2,0	181	149
0	12	0,1	20,22	154	149
58	6	107,41	10,10	1044	149
19	14	37,25	6,14	1088	149
0	36	1,2	28,12	160	149
0	14	11,6	13,6	161	149
3	10	2,2	21,13	161	149
0	10	5,4	11,17	158	149
27	2	17,28	2,2	494	149
7	126	4,0	92,33	155	149
35	0	34,23	2,2	241	149
1	7	3,1	6,13	160	149
1	3	0,0	10,2	161	149
0	12	37,23	592,280	297	149
0	25	4,0	36,16	174	149
0	17	3,0	28,14	229	149
28	11	27,11	21,7	161	149
4	0	6,3	2,0	236	149
2	7	1,0	9,6	389	149
9	2	19,10	2,0	405	149
4	45	1,6	40,38	205	149
12	45	16,20	40,38	762	149
7	1	5,5	7,8	182	149
2	100	0,0	155,128	155	149
2	32	2,0	34,14	154	149
0	1	0,4	2,4	162	149
85	160	150,71	212,122	275	149
17	15	7,10	8,5	197	149
2	2	5,10	0,2	188	149
52	30	110,31	49,22	158	149
57	2	33,25	0,0	203	149
79279	0	81956,69118	2,0	586	149
96398	56	107514,59431	59,35	522	149
0	24	2,1	14,13	161	149
79	2	122,52	15,3	183	149
91	2	140,152	2,0	176	149
5	41	2,0	22,8	274	149
0	97	11,2	60,52	176	149
6	8	0,0	4,0	261	149
0	2	0,2	4,5	1760	149
2	19	10,4	29,22	400	149
102	0	135,189	2,0	309	149
269	1	241,132	0,0	863	149
7	131	3,0	73,59	177	149
60	1	65,45	0,0	218	149
173	1	142,88	0,0	321	149
119	6	82,51	5,8	252	149
13	951	52,44	1566,1043	166	149
639	4	506,368	0,0	584	149
520	14	838,885	19,3	158	149
518	3	765,682	3,0	245	149
523	2	776,691	0,0	293	149
8	2	14,9	0,0	197	149
2	2	4,2	2,4	479	149
16	0	8,20	0,2	154	149
2	0	6,4	0,2	157	149
317	92	397,183	37,60	930	149
0	18	0,4	16,6	221	149
696	4	588,413	5,3	176	149
9	42	18,5	84,43	207	149
2	7	3,0	6,4	167	149
5	112	2,2	77,70	153	149
27	18	18,15	3,4	312	149
134	18	93,83	3,4	308	149
140	5	112,91	1,0	490	149
30	5	22,12	1,0	331	149
22	8	3,5	1,0	440	149
22	1	3,5	0,0	444	149
22	8	3,5	1,0	345	149
22	1	3,5	0,0	349	149
8	1	1,0	0,0	153	149
6	115	6,4	188,66	152	149
0	56	1,6	40,36	153	149
21	7	25,14	5,0	467	149
0	13	7,0	38,31	164	149
329	99	51,169	107,44	354	149
1159	4	267,409	1,3	335	149
43	5	78,56	8,8	812	149
43	0	32,15	2,0	187	149
3	1	2,0	2,0	302	149
1187	9	173,363	3,3	518	149
2	3	0,4	0,0	220	149
0	384	6,3	197,187	230	149
7	20	15,10	24,14	241	149
209	7	145,105	1,4	221	149
2	278	5,2	181,207	192	149
8	2	3,0	1,0	294	149
18	2	15,2	1,0	315	149
19	17	34,50	27,21	847	149
16	17	25,37	27,21	675	149
0	4	5,1	0,0	155	149
0	20	19,16	32,30	196	149
116	1	145,78	0,2	214	149
54	0	48,24	0,4	214	149
193	4	350,124	0,6	713	149
4	54	6,2	65,23	171	149
31	2	27,10	4,0	179	149
12	0	16,13	0,2	233	149
76	4	24,19	5,2	304	149
4	10	14,2	36,2	760	149
8	0	5,13	14,0	167	149
3	0	7,1	0,1	155	149
560	0	449,237	2,0	4346	149
8	386	5,8	187,104	458	149
0	1	0,1	0,0	820	149
4	21	3,0	7,8	236	149
5	2	3,0	2,0	236	149
460	2	2278,1025	16,0	884	149
292	2	526,189	8,4	153	149
3500	4	18188,6030	0,1	3025	149
0	2	2,5	3,5	593	149
1	30	13,3	57,38	249	149
7	4	4,0	4,6	197	149
18	61	25,6	140,97	210	149
2	0	3,4	1,0	203	149
8	0	11,6	1,0	358	149
8	0	11,6	1,0	325	149
8	0	11,6	0,2	189	149
8	0	11,6	3,0	319	149
8	0	11,6	2,0	230	149
30	0	22,28	2,0	309	149
131	8	61,24	2,0	263	149
15	6	4,6	1,0	350	149
1	23	3,1	21,37	196	149
0	6	0,2	2,6	610	149
6	2	12,8	12,1	385	149
2	0	2,9	4,0	173	149
1	12	2,0	14,7	165	149
6	247	3,2	112,72	227	149
6	1506	1,4	952,564	166	149
0	2	6,1	12,5	170	149
13	54	28,12	21,3	433	149
3	54	2,0	7,4	156	149
0	5	1,1	5,5	278	149
2	6	0,0	6,2	267	149
0	4	2,3	253,77	159	149
4	0	318,144	2,0	189	149
0	6	2,2	7,8	232	149
11	1	25,42	0,10	316	149
7	1	17,35	0,10	268	149
16	1	33,58	0,10	394	149
9	4	10,21	2,5	227	149
7	4	31,29	2,5	269	149
1	3	21,8	0,0	191	149
5	25	10,3	31,8	162	149
4	32	6,6	22,39	645	149
0	13	2,0	10,24	155	149
11	52	13,6	28,23	205	149
8	0	10,2	0,1	205	149
179	0	73,46	1,0	154	149
238	4	99,56	2,2	204	149
59	4	27,10	2,2	199	149
1	0	2,4	2,0	213	149
10	0	41,26	5,1	236	149
282	0	297,148	0,5	1771	149
1044	6	500,234	19,1	191	149
196	4	230,115	0,3	287	149
15	2	29,27	0,0	166	149
0	8	3,0	44,18	164	149
31	0	47,47	2,2	297	149
2	13	2,0	7,5	226	149
73	0	116,99	0,1	181	149
1	4	13,7	8,8	250	149
18	7	22,15	3,4	153	149
3	19	18,5	22,7	250	149
55	3	91,53	20,5	153	149
6	5	6,0	21,3	161	149
9	31	1,1	23,4	155	149
0	19	4,2	20,24	252	149
2	43	13,2	46,16	266	149
0	4	1,0	6,7	361	149
5	16	0,4	56,83	152	149
5	22	0,2	12,23	155	149
0	31	0,4	47,48	151	149
0	51	2,2	50,32	200	149
2	33	6,0	68,14	598	149
41	223	19,5	113,37	159	149
2	0	11,4	1,0	662	149
3	2	5,3	5,2	445	149
28	10	25,27	5,1	212	149
120	4	85,39	1,0	225	149
223	4	282,183	0,0	575	149
55	32	46,30	37,10	723	149
63	0	132,82	2,0	1855	149
6	40	4,19	21,10	215	149
2	2	2,2	0,0	156	149
26	43	16,16	63,41	167	149
31	0	42,11	2,0	237	149
0	21	5,6	62,37	158	149
2	37	4,1	66,47	309	149
122	6	50,33	0,0	167	149
122	129	50,33	20,35	170	149
6	129	0,0	20,35	152	149
2	40	0,0	3,16	153	149
7	28	15,10	30,25	326	149
0	31	6,1	47,26	165	149
2	45	1,4	57,32	272	149
78	10	170,83	8,11	626	149
147	90	158,180	52,40	1414	149
10	9491	6,7	2556,3969	174	149
18300	1	4125,4982	0,0	150	149
4	0	7,0	2,4	291	149
91	2	152,177	1,0	188	149
0	13	12,8	44,12	477	149
7	19	7,2	9,10	152	149
44	1	36,18	9,4	211	149
317	2	156,77	3,0	293	149
31	2	22,23	0,2	328	149
2	2	0,2	7,14	213	149
0	81	1,1	89,76	157	149
27	3	67,32	11,5	175	149
19	0	9,2	2,0	203	149
4	0	0,4	0,2	231	149
183	4	193,166	0,0	301	149
80	117	150,98	177,133	1232	149
2	190	2,9	268,276	218	149
6	482	11,1	221,56	168	149
888	0	538,296	2,0	726	149
2	4	4,3	5,8	173	149
9	17	2,2	11,8	198	149
68	1	30,10	2,2	248	149
2	3	5,4	2,3	161	149
5	0	0,0	2,0	272	149
77	2	146,67	2,0	1210	149
78	3	94,63	10,10	154	149
19485	0	14385,8606	2,0	695	149
1	73	2,0	94,79	159	149
14	0	18,9	2,0	371	149
2	78	7,0	88,61	158	149
3	50	3,1	70,15	154	149
35	14	34,20	12,6	251	149
0	87	0,2	57,90	187	149
110	0	88,42	0,1	176	149
3	48	4,0	30,31	155	149
19	12	19,3	3,0	168	149
1	7	7,3	8,6	314	149
1	15	1,5	13,8	175	149
5	9	0,1	11,2	372	149
5	6	5,7	1,7	182	149
4	2	2,2	6,7	385	149
0	4	0,4	0,0	154	149
1	106	3,0	72,35	321	149
82	2	86,43	1,1	377	149
0	2	3,0	9,10	224	149
14	1	26,21	0,0	198	149
0	1	6,1	0,0	165	149
2	29	3,0	20,44	198	149
2	65	4,7	63,69	185	149
10	1	11,15	0,0	164	149
422	3	549,282	2,0	976	149
2	0	4,2	0,4	194	149
8	14	2,2	6,3	266	149
45	0	578,332	24,5	523	149
85	8	919,557	25,6	807	149
40	8	365,230	25,6	433	149
3	8	71,38	25,6	203	149
6	0	23,19	1,0	258	149
32	0	59,30	2,0	158	149
399	0	208,102	2,0	972	149
16	61	35,19	30,39	161	149
54	40	87,62	18,15	176	149
1	0	0,0	2,3	317	149
12	4	9,0	1,0	438	149
4	0	0,0	2,0	189	149
2	0	12,12	4,0	677	149
1	43	20,0	74,39	260	149
159	3	190,91	0,2	346	149
2	0	15,3	0,7	215	149
52	0	80,67	2,2	573	149
46	139	14,14	67,20	215	149
31	4	32,23	16,2	155	149
6	0	4,7	4,0	167	149
0	8	0,1	2,4	197	149
1	0	17,10	0,2	2594	149
2	20	2,0	46,43	348	149
5	18	3,0	25,7	153	149
2	92	5,8	57,61	269	149
6	112	0,0	80,29	153	149
89	0	222,71	0,2	361	149
1890	0	5125,2141	9,1	3316	149
8	15	6,0	19,12	279	149
9	0	16,13	5,2	273	149
0	1	3,2	5,0	232	149
0	35	2,2	74,36	185	149
2	2	0,0	6,7	188	149
2	25	0,0	17,15	191	149
0	1	2,0	0,2	185	149
37	9	54,40	20,13	152	149
24	11	35,15	12,10	863	149
93	0	598,235	0,2	2802	149
1	39	3,2	33,31	231	149
2	0	0,0	13,3	164	149
7	4	8,6	0,0	176	149
51	0	135,84	0,1	4559	149
2	2	2,2	6,3	191	149
17	2	19,21	19,10	305	149
0	19	1,0	11,6	156	149
5	310	0,0	65,49	153	149
378	6	75,48	1,0	855	149
2	278	0,0	50,32	153	149
10	527	9,7	143,138	494	149
29	15	31,19	26,10	218	149
54	4	47,55	1,2	167	149
1	83	0,0	38,34	162	149
4	3	14,15	4,6	202	149
5	21	29,18	27,25	314	149
40	7	16,5	0,0	301	149
12	44	16,8	71,45	241	149
4	46	5,0	83,47	232	149
108	3	106,91	3,2	150	149
0	7	7,8	2,8	210	149
413	0	514,449	2,0	1697	149
18	3	19,21	6,6	1173	149
1	0	17,9	9,5	224	149
23	0	31,31	0,2	325	149
38	0	53,52	0,2	325	149
20	0	54,12	3,2	195	149
5	18	23,4	52,24	327	149
0	1	2,0	0,0	238	149
5	113	4,1	118,39	169	149
75	77	41,19	57,29	152	149
114	5	117,66	7,16	689	149
0	59	0,1	70,100	167	149
15	41	41,27	84,55	693	149
12	0	28,23	9,0	197	149
7812	6	8466,6965	0,2	1610	149
346	0	400,337	2,0	219	149
3010	0	3090,2886	1,0	898	149
327	9	252,72	3,2	153	149
55	0	66,28	0,1	179	149
4	3	23,7	4,4	465	149
0	2	0,6	4,0	189	149
14	0	34,33	0,4	323	149
3	30	1,2	19,12	201	149
60	6	124,95	25,7	164	149
19	43	39,16	60,69	164	149
7	166	5,12	731,354	212	149
2	1	0,0	0,2	227	149
410	10	355,156	6,0	335	149
0	6	6,2	6,3	223	149
10	1	23,12	0,0	264	149
0	87	2,2	32,22	306	149
0	38	3,0	49,38	188	149
3	30	0,0	25,18	183	149
34	0	77,72	7,2	410	149
1	2	1,2	5,2	203	149
23	2	17,12	3,1	204	149
2	0	0,0	8,7	538	149
2	0	0,0	8,7	303	149
131	0	120,78	2,0	385	149
17	28	3,0	6,4	182	149
453	2	541,354	0,0	421	149
66	160	74,35	85,64	354	149
33	8	18,8	10,2	171	149
0	23	2,0	21,2	160	149
21	3	18,4	7,0	153	149
31	0	24,11	2,0	292	149
1	3	6,0	11,0	333	149
80	3	97,74	8,10	260	149
3	100	1,0	85,30	153	149
71	100	96,60	85,30	1348	149
35	1	73,42	2,2	1741	149
2	1	2,1	0,2	176	149
2	4	15,14	0,0	420	149
21	0	240,146	2,0	917	149
20	2	143,156	18,12	2075	149
0	4	2,2	14,26	262	149
0	29	4,0	7,3	221	149
28	5	59,28	5,4	354	149
0	8	8,8	6,1	186	149
391	0	553,191	2,0	335	149
3	4	13,17	2,12	187	149
19	270	68,83	192,528	1708	149
11	58	13,12	26,11	353	149
62	1	53,18	0,4	253	149
81	5	136,94	12,0	254	149
239	93	93,57	8,4	494	149
6	240	25,19	469,317	452	149
0	74	1,0	106,120	383	149
75	2	27,25	0,0	194	149
0	57	26,2	99,35	254	149
2	25	0,1	43,27	185	149
14	12	36,23	11,4	161	149
0	5	6,7	19,13	273	149
295	0	186,178	1,6	211	149
90	8	48,29	10,2	194	149
123	123	140,126	68,34	1230	149
2	2	4,0	2,0	194	149
7	0	16,34	1,2	848	149
2	5	2,2	1,4	342	149
2	2	2,0	2,0	164	149
0	120	3,0	50,34	211	149
16	40	26,9	27,22	396	149
2	40	2,0	27,22	298	149
2	40	0,0	27,22	333	149
2	2	0,0	2,0	184	149
16	2	26,9	2,0	247	149
16	2	26,9	0,0	212	149
8	240	18,10	181,108	228	149
15	5	54,10	14,13	335	149
9	44	16,13	36,29	305	149
14	2	8,18	2,4	155	149
5	4	0,0	4,0	150	149
8	1	5,0	1,0	150	149
0	5	0,2	6,5	165	149
3	35	7,0	40,10	156	149
4	299	2,1	140,149	156	149
2	0	6,6	2,0	795	149
6	59	10,2	39,37	259	149
142	8	172,175	0,0	3418	149
1	7	2,0	3,7	152	149
68	3445	49,42	2018,1371	265	149
0	2	1,0	0,0	215	149
4	1	2,1	0,4	309	149
6	2	2,17	0,2	154	149
0	16	0,2	15,6	361	149
2	0	2,2	1,2	266	149
2	2	2,2	5,4	270	149
0	2	1,2	5,4	153	149
55	2	23,9	0,0	256	149
15	26	15,46	10,2	545	149
0	4	0,2	2,2	164	149
0	2	0,2	0,2	236	149
29	3	78,52	2,0	614	149
3	0	6,0	2,0	194	149
91	0	103,29	1,0	196	149
1	0	1,0	2,0	154	149
808	0	580,549	2,0	203	149
31	11	90,87	7,4	197	149
18	12	89,55	13,2	1662	149
26	3	22,21	4,2	304	149
1335	4	1752,1633	0,0	1749	149
647	35	836,872	55,8	1122	149
2	0	16,11	2,1	1145	149
29	0	72,46	1,2	197	149
0	7	4,0	22,28	236	149
0	7	7,12	22,28	349	149
0	1	7,8	0,0	173	149
12	11	9,7	8,2	170	149
1	4	1,0	23,13	170	149
6	0	3,2	1,0	3042	149
2	605	0,0	259,500	279	149
72	0	88,61	2,0	365	149
10	0	40,15	6,0	158	149
0	2	0,8	4,0	383	149
1	2	0,2	4,0	200	149
10	0	4,9	4,0	176	149
19	0	14,7	4,0	223	149
2	22	3,6	8,5	286	149
65	4	44,32	0,0	3274	149
4	0	21,5	2,4	299	149
1	0	6,4	0,4	206	149
0	5	1,0	21,4	161	149
44	74	24,26	43,35	254	149
5	18	2,1	13,8	159	149
92	15	85,84	18,1	401	149
77	2	74,78	2,2	691	149
167	15	157,160	18,1	943	149
2	0	2,6	0,2	158	149
0	6	0,2	0,0	629	149
85	0	57,67	6,0	497	149
1	3	1,0	4,0	263	149
2	4	6,0	6,0	177	149
2	11	16,14	9,20	638	149
1	30	3,0	32,25	164	149
1	10	1,0	11,2	154	149
63	2	28,24	0,0	256	149
92	11	119,83	9,4	251	149
1	0	4,4	14,8	176	149
46	4	46,43	2,0	188	149
135	2	171,121	0,6	506	149
3	6	9,0	8,7	444	149
2	42	5,0	102,30	158	149
5	0	3,6	0,2	208	149
3	7	3,8	6,8	210	149
2	130	9,2	63,50	245	149
0	4	2,0	10,6	321	149
0	4	7,2	4,0	269	149
4	2	0,0	8,0	269	149
2	16	7,4	8,2	316	149
2	0	6,2	2,0	183	149
0	58	7,0	47,39	253	149
2	0	0,2	1,0	194	149
36	18	166,67	28,17	3424	149
2	25	2,2	36,17	176	149
4	9	0,0	52,15	161	149
47	0	22,32	2,0	199	149
36	0	31,43	2,0	633	149
89	1	148,99	0,4	647	149
3	158	1,0	215,160	247	149
0	37	14,18	16,14	252	149
52	0	35,16	2,0	211	149
3	1	7,5	9,0	164	149
8	2	12,15	2,0	158	149
6	0	8,9	2,1	158	149
55	82	138,101	61,75	912	149
14	2	22,32	0,0	290	149
26	32	6,6	16,12	334	149
0	64	6,0	31,19	205	149
2	1	6,1	0,0	189	149
2	22	6,0	39,20	242	149
0	32	2,1	46,47	153	149
5	35	7,8	53,59	247	149
2	29	6,8	73,72	295	149
9	3	6,13	1,2	387	149
0	2	25,16	0,0	261	149
1	27	0,2	17,8	157	149
166	28	107,101	16,13	152	149
304	6	242,261	2,5	176	149
30	306	36,25	226,257	269	149
1	207	2,0	82,41	157	149
15	243	30,9	93,27	257	149
24	243	55,12	93,27	339	149
13	4	30,3	5,0	231	149
71	170	95,56	66,22	498	149
12	4	9,17	0,2	155	149
12	20	15,15	25,25	155	149
13	3	9,3	2,0	209	149
16	4	9,2	5,4	169	149
0	11	0,2	5,0	193	149
92	0	111,39	1,1	310	149
0	21	4,0	42,41	350	149
27	106	71,43	192,73	451	149
181	0	167,68	0,1	1174	149
6	0	13,9	4,1	194	149
18	6	35,53	2,2	194	149
455	2	416,326	4,0	277	149
7	62	13,1	83,32	207	149
29	21	59,10	32,14	276	149
4	0	3,6	0,2	209	149
1	2	7,15	10,8	185	149
5	6	0,0	2,2	199	149
8	4	3,2	0,0	161	149
1	22	2,3	12,23	379	149
57	89	71,63	55,49	755	149
18	0	70,47	4,2	183	149
4	17	9,2	29,26	152	149
4794	5	1617,712	2,4	359	149
13	5	3,10	3,5	153	149
8	0	4,0	0,2	200	149
42	0	20,17	0,2	200	149
4	9	10,2	43,35	243	149
6	2	5,3	0,0	194	149
1	1	6,0	1,0	179	149
0	6	2,4	4,7	269	149
567	2544	0,3	4,15	187	149
2	0	6,10	0,2	234	149
4	3	6,4	9,4	265	149
1	1	0,0	5,2	252	149
2	14	2,0	41,64	170	149
845	63	976,656	79,44	1790	149
3	8	1,0	13,6	161	149
13	0	48,42	2,0	1101	149
8	8	20,23	13,5	485	149
5	8	13,23	13,5	397	149
1	55	5,1	130,89	160	149
0	4	1,1	8,0	291	149
176	5	62,38	2,0	446	149
169	41	39,18	7,16	207	149
98	9	35,19	6,0	216	149
222	9	71,31	6,0	234	149
3	23	0,0	14,20	163	149
2	30	2,12	6,10	262	149
73	0	45,81	2,0	223	149
2	0	2,8	2,0	190	149
68	82	138,69	116,64	282	149
1	69	4,0	92,56	155	149
79	0	48,24	2,0	217	149
7	3	22,35	5,2	3119	149
1	47	10,4	88,123	271	149
138	4	53,40	3,2	250	149
40	2	4,9	0,0	287	149
11	3	22,17	3,4	281	149
3	0	4,0	2,0	243	149
5	2	6,0	0,0	238	149
0	76	0,2	102,30	153	149
4	108	0,2	31,20	228	149
425	1	912,391	0,2	923	149
22	2	49,13	0,0	216	149
22	1	16,10	1,0	179	149
24	18	26,14	13,10	284	149
9	13	0,0	16,9	166	149
1	15	0,0	20,20	163	149
0	2	2,8	0,3	611	149
23	0	18,19	0,1	161	149
6	2	3,0	0,0	206	149
11	2	1,0	0,0	224	149
13	28	3,0	3,4	224	149
0	2	2,0	0,1	179	149
128	2	204,129	0,0	1524	149
4	1	0,2	0,0	402	149
29	0	134,14	2,0	1732	149
23	48	27,17	49,51	164	149
7	45	6,3	86,25	177	149
0	45	1,2	70,52	177	149
46	2	41,24	0,4	153	149
126	17	39,63	4,8	930	149
12	0	38,19	0,4	260	149
33	2	50,22	0,0	154	149
0	4	24,37	6,14	1370	149
0	4	2,0	6,14	177	149
0	19	0,1	1,4	281	149
0	9	6,10	2,0	166	149
27	2	21,31	3,10	244	149
80	0	234,111	0,1	979	149
6	157	4,2	185,189	287	149
0	5	3,0	20,13	179	149
4	27	26,13	13,7	248	149
94	2	102,37	0,0	176	149
2	6	19,9	4,1	155	149
0	15	2,0	26,7	159	149
16	84	22,11	36,8	215	149
0	1	3,2	6,17	242	149
0	4	4,2	2,2	159	149
135	8	241,140	14,8	1489	149
2	0	12,14	0,2	243	149
131	7	161,100	0,2	167	149
3261	11	1223,1190	0,2	1492	149
7	0	11,4	2,0	329	149
32	7	24,18	8,0	164	149
11	52	55,11	65,28	289	149
21	452	52,40	973,1328	176	149
0	13	1,0	14,15	161	149
0	58	0,4	13,19	329	149
6	1	19,3	3,0	373	149
116	56	48,21	28,15	277	149
41	0	186,204	0,2	242	149
1976	233	2663,1099	268,95	1681	149
6	14	4,0	43,34	268	149
0	32	4,2	12,14	184	149
13	29	18,2	30,9	161	149
9	4	15,9	0,0	230	149
8	31	18,8	50,75	230	149
120	1	178,135	0,0	464	149
3	16	5,1	25,33	196	149
1	16	3,0	25,33	156	149
53	70	141,109	91,59	435	149
39	70	106,88	91,59	336	149
62	6	2,5	0,0	151	149
0	2	1,4	0,8	240	149
39	3	52,42	9,13	182	149
84	4	10,6	0,0	615	149
2	1	0,1	3,0	183	149
16	67	28,8	69,14	576	149
77	2	35,33	0,0	215	149
2	4	0,0	0,2	406	149
7	4	10,4	0,2	187	149
44	3	31,16	0,2	222	149
20	4	28,17	0,0	384	149
196	0	178,125	2,4	808	149
12	2	21,32	0,0	331	149
4	704	12,2	494,356	173	149
31	450	45,25	314,195	202	149
19	6	48,38	66,28	483	149
4	0	0,0	2,0	197	149
2	123	2,6	151,117	153	149
24	20	39,15	30,20	161	149
2	45	4,0	76,20	163	149
1	1	0,0	2,1	161	149
10	3	2,5	0,0	155	149
6	1	42,36	19,6	1166	149
0	3	6,0	30,24	348	149
21	49	34,16	20,13	237	149
2	90	6,13	87,38	158	149
0	2	2,0	12,17	352	149
5	48	19,15	72,109	273	149
2448	0	1736,1296	2,0	3132	149
1446	4	1802,1227	2,2	786	149
3	40	31,63	45,95	228	149
309	0	190,143	0,1	432	149
0	25	1,0	25,21	161	149
5	18	2,0	5,2	162	149
2	2	0,0	0,4	154	149
128	2	421,358	0,0	1453	149
0	2	18,15	0,0	191	149
106	0	179,118	2,2	2838	149
35	7	31,38	29,13	650	149
170	0	316,153	2,0	1759	149
8	10	2,2	10,1	168	149
320	10	171,75	3,0	158	149
0	9	0,2	2,22	161	149
25	3	2,0	0,0	786	149
7	381	0,4	19,11	180	149
3	6	0,0	2,2	245	149
5	66	19,9	238,284	932	149
1	91	1,4	71,84	407	149
67	0	68,57	2,0	415	149
3	29	0,0	25,14	167	149
6	140	5,2	136,70	174	149
0	2	0,2	0,2	169	149
0	15	0,2	14,14	200	149
0	6	13,24	15,26	415	149
35	38	89,58	71,25	2020	149
11	86	29,22	86,68	200	149
26	2	4,2	0,0	284	149
2	2	11,14	0,0	158	149
220	2	124,64	2,0	195	149
6	2	18,16	3,0	548	149
0	10	4,1	30,58	158	149
5	53	41,33	136,96	173	149
124	0	70,52	1,0	153	149
26	9	10,0	2,0	170	149
1	85	1,1	44,28	242	149
0	22	0,1	31,28	227	149
19	1	23,21	1,0	151	149
0	4	4,0	0,0	353	149
0	2	4,2	4,2	429	149
4	2	0,2	4,2	225	149
6	0	8,1	3,0	179	149
70	0	991,597	4,0	153	149
72	11	975,598	262,76	153	149
0	4	1,2	4,2	167	149
74	0	86,37	6,0	230	149
0	2	2,0	0,1	189	149
20	2	15,34	0,0	773	149
25	11	36,37	7,7	170	149
3	2	25,30	0,0	673	149
6	435	3,1	925,786	153	149
0	30	0,1	17,16	207	149
11	0	14,32	0,2	161	149
17	1	33,41	0,2	179	149
13	1	48,50	0,2	200	149
13	1	48,50	0,2	203	149
0	4	17,13	2,4	170	149
0	4	17,13	2,4	173	149
4	26	0,2	9,9	153	149
0	1	0,1	16,31	158	149
6	4	10,3	0,4	288	149
0	4	1,0	2,3	153	149
4	4	6,10	0,12	510	149
70	0	32,30	0,2	213	149
80	6	51,33	3,1	292	149
12	0	6,6	1,0	337	149
5	13	33,37	38,23	625	149
2	192	2,0	138,150	164	149
6	3	6,0	4,3	199	149
16	1	59,19	0,0	188	149
0	2	5,0	7,8	161	149
0	29	4,2	34,8	230	149
1	23	4,4	37,14	153	149
149	75	74,56	41,26	196	149
2	2	13,13	3,4	245	149
70	0	18,16	2,0	2470	149
12	87	1,1	0,0	160	149
15	88	5,4	0,0	235	149
2	7	10,2	20,2	262	149
2	16	0,0	4,2	175	149
264	13	119,63	10,2	271	149
80	0	194,122	0,4	3304	149
33	2	118,74	14,1	2656	149
1	0	21,6	2,0	259	149
12	12	13,32	30,23	167	149
0	16	0,1	16,12	188	149
1	2	0,2	0,0	175	149
8	38	6,2	25,14	178	149
14	1	26,19	6,2	210	149
49	3	84,20	6,4	263	149
5	0	19,19	2,0	719	149
2	0	4,2	2,0	517	149
8	169	0,0	119,69	202	149
401	0	211,84	2,0	1896	149
0	3	8,1	15,42	189	149
2	5	10,2	21,20	204	149
0	1	0,2	0,0	217	149
55	4	43,45	2,1	181	149
62	2	58,67	2,2	303	149
41	3	48,62	3,0	303	149
52	6	339,237	16,13	2837	149
2	6	1,0	8,6	153	149
8	0	11,9	0,2	175	149
2	4	0,0	12,6	167	149
25	2	48,26	0,0	179	149
34	0	70,54	2,1	301	149
874	0	1288,700	2,0	499	149
5	2	10,1	0,0	197	149
5	33	22,14	49,12	267	149
138	4	69,36	0,0	585	149
139	0	69,39	0,2	587	149
5	0	0,3	0,2	151	149
6	2	8,0	0,0	229	149
1	119	9,3	154,68	173	149
1	74	0,0	97,65	167	149
1	0	23,10	3,0	179	149
97	2434	2,0	401,205	157	149
16	48	2,0	3,0	157	149
8	0	25,21	4,2	162	149
1075	3	954,495	0,0	1256	149
11	0	11,11	1,1	551	149
13	0	12,13	1,1	554	149
4	2	1,2	0,0	152	149
71	1	50,56	0,1	399	149
19	57	25,11	68,20	316	149
1	12	2,0	11,6	160	149
33	2	60,30	0,2	1516	149
22	0	262,120	2,0	1989	149
77	0	57,27	1,0	861	149
8	23	11,1	19,3	164	149
46	5	74,42	5,1	260	149
1	251	4,4	297,276	161	149
141	1	213,221	0,0	152	149
1	2	1,8	0,0	160	149
103	49	165,91	30,11	1876	149
93	9	73,46	2,0	153	149
2	8	6,7	5,6	166	149
13	14	18,15	38,29	218	149
82	3	52,49	2,0	257	149
22	726	29,17	677,407	334	149
1190	16	1770,855	26,11	864	149
0	16	0,1	20,15	166	149
153	8	98,151	2,2	2204	149
15	0	10,19	2,2	186	149
152	0	96,146	2,2	396	149
2	102	1,8	45,77	357	149
1	21	0,4	4,9	168	149
0	31	1,0	4,2	290	149
25	19	22,14	40,27	193	149
8	0	2,2	0,2	159	149
2	21	3,2	17,31	189	149
130	206	82,41	108,34	727	149
0	16	3,0	27,21	153	149
14	26	19,5	18,23	186	149
191	2	75,50	2,0	296	149
55	133	34,18	77,46	221	149
6	15	1,6	4,2	281	149
2	28	0,2	34,51	286	149
0	57	3,4	252,178	153	149
12	200	8,12	106,66	212	149
2	1313	0,0	982,627	322	149
2	1313	0,0	982,627	271	149
2	0	0,0	0,2	278	149
10	2	8,13	0,0	332	149
61	2	40,33	0,0	296	149
3	147	6,0	157,56	177	149
2	0	36,21	2,0	249	149
53	0	227,179	2,0	2003	149
8	2	46,19	2,2	249	149
12	5	43,32	9,10	1161	149
41	16	121,139	26,33	3018	149
27	8	44,33	1,5	153	149
99	48	110,37	27,15	1168	149
72	11	58,60	14,18	236	149
29	73	20,18	48,20	610	149
24	8	31,11	11,2	184	149
146	9059	0,0	7,60	234	149
49	0	35,19	2,0	233	149
6	321	9,4	307,172	187	149
4	0	21,17	2,0	186	149
1	2	4,9	7,7	154	149
57	0	81,59	4,2	348	149
4	37	0,0	11,14	194	149
0	5	3,0	0,0	193	149
45	2	102,54	0,1	837	149
10	11	49,37	6,10	772	149
0	21	2,3	17,10	227	149
114	2	74,56	0,0	494	149
5	14	0,0	6,6	161	149
23	311	12,8	90,96	163	149
3	3	2,0	6,2	576	149
3	56	2,0	43,41	153	149
0	30	2,0	23,8	158	149
2	0	0,0	1,0	154	149
4	0	6,0	2,0	177	149
5	0	7,4	0,2	168	149
7	0	12,9	3,2	305	149
12	0	22,13	3,2	324	149
7	2	10,6	0,2	168	149
5	0	12,7	2,2	305	149
10	0	20,11	2,2	324	149
10	0	19,13	2,2	347	149
1	10	5,0	8,7	448	149
4	0	2,0	10,2	178	149
0	2	1,2	0,0	209	149
0	4	1,2	17,10	216	149
2	4	0,0	17,10	156	149
0	22	2,0	33,15	256	149
0	5	0,3	0,0	275	149
27	16	86,41	19,17	1597	149
11	118	4,2	116,73	250	149
0	154	4,0	411,336	198	149
18	0	12,4	4,0	161	149
2	0	0,0	4,0	297	149
2	3	10,0	2,1	725	149
59	1	54,31	1,3	235	149
6	15	1,11	10,14	201	149
1	53	13,4	78,56	167	149
10	1	11,14	2,2	173	149
2	33	11,11	29,19	325	149
2	18	8,6	24,32	153	149
2	9	2,4	23,4	164	149
6	0	56,39	7,7	977	149
4	18	0,2	28,35	289	149
0	2	1,0	6,7	162	149
4	24	3,0	30,22	153	149
107	45	128,130	77,31	468	149
100	24	75,38	24,12	161	149
3	19	10,3	26,17	292	149
218	0	169,177	0,2	1243	149
2	90	8,3	131,85	153	149
3	115	0,4	210,307	199	149
0	73	2,0	116,45	178	149
5	38	0,0	50,28	321	149
40	0	30,40	0,2	613	149
2	3	90,45	7,6	457	149
57	20	51,32	60,36	158	149
32	24	76,34	92,36	197	149
21	1	50,23	0,0	197	149
43	9	44,77	9,2	227	149
73	0	71,51	2,0	157	149
1	18	0,0	24,16	184	149
1323	4	89,69	0,0	266	149
3	24	2,4	30,14	166	149
2	10	0,0	4,0	182	149
0	10	2,1	8,9	188	149
4	0	5,6	2,0	161	149
249	3	540,221	4,4	202	149
70	1	58,30	0,0	228	149
16	45	11,7	16,11	198	149
17	4	11,7	0,0	198	149
0	80	0,2	47,57	305	149
123	2	170,86	2,0	869	149
304	3	335,193	2,0	1843	149
99	3	99,49	4,1	152	149
4	1	6,2	2,0	191	149
1	8	3,2	19,9	159	149
37	17	90,48	22,12	1551	149
2	15	0,0	9,4	165	149
54	0	76,108	0,2	530	149
0	1	1,0	7,3	155	149
14	1	15,9	0,0	171	149
4	2	2,6	0,0	532	149
10	1	2,2	5,7	368	149
2060	2	2262,997	0,0	251	149
9	27	25,4	66,26	285	149
7	0	2,8	2,0	1245	149
1	2	4,14	0,4	236	149
1	2	4,14	0,4	249	149
1	2	4,14	0,4	255	149
2	0	0,0	1,0	272	149
55	10	74,49	4,4	176	149
1	56	2,0	9,3	362	149
384	0	499,271	2,0	2469	149
8	1	6,14	0,0	419	149
9	410	1,0	49,42	153	149
2	319	2,1	315,60	354	149
0	1	2,2	0,0	195	149
0	1	2,2	0,0	184	149
2	1	11,57	49,110	847	149
2	0	2,0	2,0	340	149
336	2	293,245	0,0	248	149
2	0	0,0	0,2	201	149
2	0	3,0	0,2	228	149
0	3	3,0	8,11	253	149
3	7	2,0	6,9	164	149
2	0	2,2	2,2	204	149
5	4	0,7	2,0	266	149
3	4	2,4	2,0	333	149
3	5	2,4	0,7	216	149
0	7	0,6	6,9	151	149
8	129	16,14	250,117	187	149
403	7	614,522	5,0	1168	149
651	16	824,632	6,4	257	149
17	0	7,1	2,0	229	149
30	0	72,105	2,0	309	149
2	0	17,4	6,2	158	149
266	8	39,46	0,0	177	149
35	11	64,24	8,20	874	149
2	46	4,4	78,95	192	149
2	46	0,2	78,95	195	149
0	59	1,0	115,117	153	149
6	0	33,13	2,0	415	149
7	2	11,6	0,0	155	149
8	0	11,6	0,2	159	149
3	0	0,0	0,2	153	149
3	16	4,2	15,16	179	149
274	177	508,356	92,85	2556	149
319	1	551,419	0,0	2658	149
2	177	4,10	92,85	193	149
47	1	47,73	0,0	295	149
222	1	135,148	0,0	251	149
26	1	32,47	0,0	221	149
53	1	56,87	0,3	151	149
2	42	0,2	38,71	259	149
0	6	1,9	11,12	219	149
10	77	3,11	66,52	207	149
12	169	31,15	130,133	234	149
1	150	1,3	130,88	267	149
28	7	2,0	2,2	155	149
27	32	35,6	27,14	238	149
3	1	13,6	0,0	202	149
94	6	2,0	0,0	221	149
92	1	88,58	0,0	403	149
42	14	22,26	13,2	239	149
15	58	18,5	114,73	236	149
30	0	104,26	2,0	524	149
4	1	4,2	2,2	180	149
1	24	0,0	33,34	164	149
25	39	41,8	70,63	287	149
1	59	0,1	39,38	195	149
0	27	4,0	18,18	162	149
1	0	0,0	2,0	279	149
6	2	8,2	2,4	193	149
99	2	158,120	2,4	1700	149
10	0	5,6	0,2	281	149
3	0	1,0	0,2	155	149
0	2	1,0	3,0	173	149
0	2	4,4	2,0	385	149
150	4	136,62	2,0	222	149
0	2	2,0	9,0	177	149
176	2	505,247	0,0	377	149
74	2	113,61	0,0	767	149
2	5	2,0	2,0	278	149
84	667	69,24	331,336	285	149
56	0	61,20	0,4	285	149
2	88	8,5	40,34	239	149
210	68	353,140	25,12	3725	149
0	4	4,0	25,12	596	149
1	5	3,2	2,0	185	149
4	19	13,7	41,15	156	149
6	18	0,4	13,16	157	149
3	22	5,4	17,13	175	149
2	42	5,8	12,20	227	149
148	150	64,67	58,69	190	149
8	4	0,0	0,4	175	149
41	10351	6,5	119,210	200	149
0	5	1,0	0,0	197	149
0	33	0,2	11,5	379	149
170	0	84,60	2,2	1144	149
49	2611	6,4	327,191	164	149
1	19	13,11	42,16	277	149
9	0	51,18	1,0	2308	149
1	21	0,0	4,2	233	149
39	17	57,27	20,19	292	149
2	82	8,2	60,30	175	149
0	23	0,2	14,56	233	149
2	0	1,0	3,9	153	149
0	2	9,8	0,2	268	149
0	2	6,2	0,2	288	149
0	2	9,2	0,2	274	149
7	1426	15,3	735,475	202	149
26	4	12,10	1,4	159	149
2	20	7,3	12,6	162	149
10	0	36,32	7,8	152	149
3224	11	5575,3267	4,0	1651	149
3044	11	5289,3136	4,0	1588	149
299	2	515,306	0,0	470	149
30	201	18,22	171,122	197	149
0	6	11,6	20,4	176	149
3	11	9,2	19,22	158	149
173	7	186,98	7,0	415	149
111	1	82,44	0,0	766	149
0	22	2,4	35,20	161	149
18	1	11,17	4,4	241	149
7	3	5,0	2,2	355	149
179	131	47,41	65,41	161	149
5	15	10,19	19,8	268	149
9	98	4,2	86,85	160	149
1	2	4,1	0,0	642	149
52	2	4,4	0,2	261	149
22	2	5,5	2,2	261	149
181	0	440,208	1,0	160	149
7	135	7,4	296,232	158	149
0	1	2,10	2,0	160	149
200	37	4,0	0,0	288	149
2	8	2,5	1,12	352	149
5	12	3,5	30,21	373	149
11	12	2,12	30,21	170	149
0	19	4,2	9,6	213	149
0	2	0,4	17,0	192	149
0	4	2,5	6,14	330	149
7	59	16,14	67,92	242	149
8	2	31,34	7,0	976	149
66	2	150,67	14,10	4013	149
212	41	421,95	8,9	3872	149
212	1	46,118	0,0	1291	149
5	2	15,4	2,0	197	149
47	27	57,15	19,10	173	149
32	0	26,26	1,0	154	149
3	36	4,0	49,42	184	149
412	2	974,362	6,3	202	149
40	118	83,51	341,111	219	149
3	19	0,4	11,7	152	149
1	63	2,0	52,56	155	149
26	4	38,15	2,2	193	149
2	2	8,4	0,0	245	149
38	104	33,13	94,87	167	149
11847	1	880,378	0,0	1301	149
39	103	0,0	0,2	162	149
101	103	4,0	0,2	207	149
83	21	4,0	0,0	194	149
30	0	19,37	2,0	172	149
12	10	18,17	11,8	266	149
0	2	0,2	32,27	208	149
1	0	11,7	0,3	981	149
4	2	4,4	2,2	218	149
1	24	2,0	18,33	163	149
0	3	2,0	2,0	171	149
27	139	24,18	107,33	381	149
23	2	18,2	2,0	261	149
0	30	2,0	7,2	544	149
3	142	7,5	102,38	153	149
15	0	24,35	8,4	836	149
10	267	9,6	256,222	237	149
2	37	7,1	19,16	213	149
0	17	2,8	13,13	165	149
0	39	0,2	15,12	188	149
47	20	17,24	29,23	206	149
394	4183	114,97	670,621	396	149
9192	12	1625,2050	0,0	2226	149
5156	7	755,457	0,0	210	149
2	3	7,20	18,4	211	149
9	1	17,14	2,0	578	149
14	0	6,9	3,0	203	149
1	0	0,2	4,2	180	149
7	6	0,5	0,0	207	149
1	0	0,0	0,2	180	149
1	2	0,0	4,6	180	149
1	2	2,0	0,0	180	149
50	6	64,41	4,0	457	149
45	0	61,39	2,0	388	149
5	6	5,2	4,0	218	149
6	0	27,20	2,2	666	149
966	75	46,10	9,0	246	149
2	4	0,1	4,6	245	149
2	3	1,5	2,0	240	149
4	42	0,6	68,140	486	149
39	2	299,116	6,2	309	149
4	0	123,0	4,0	2729	149
6	1	9,11	6,20	350	149
0	2	0,4	0,0	198	149
14	5	10,12	0,0	153	149
2	29	3,0	34,4	208	149
8	45	1,8	71,19	217	149
0	44	1,0	134,99	165	149
9	2	23,7	0,0	225	149
87	0	71,43	5,0	153	149
3	0	4,1	0,4	158	149
44	5	106,45	3,2	186	149
48	7	38,44	2,0	373	149
2	0	6,11	0,2	186	149
50	7	41,53	2,0	369	149
48	7	35,44	2,0	332	149
9	7	10,14	2,0	187	149
18	4	13,9	0,0	429	149
13	25	30,53	55,101	515	149
4	44	2,4	50,24	158	149
5	25	15,9	27,25	553	149
13	290	42,23	746,420	744	149
2	10	0,0	8,13	463	149
6	2	11,8	2,2	230	149
109	642	39,99	186,376	162	149
5	12	0,5	39,31	191	149
2	32	3,8	28,28	229	149
228	1	266,226	0,2	376	149
279	5	270,183	4,6	340	149
132	0	98,51	2,0	391	149
175	2	127,81	2,0	430	149
43	2	31,30	2,0	188	149
390	2	393,231	0,2	430	149
162	129	110,76	214,108	188	149
10	11	0,0	2,0	163	149
197	19	8,9	0,0	477	149
0	4	2,6	0,0	164	149
1	36	0,6	62,50	160	149
3	0	6,2	3,2	194	149
91	0	129,143	4,1	176	149
4	14	19,3	12,13	237	149
2	0	9,1	2,0	171	149
252	2	123,70	4,0	538	149
275	32	218,92	21,6	199	149
2119	3	2502,1185	2,0	1313	149
2253	2	2636,1231	7,0	1386	149
137	2	136,46	7,0	222	149
32	21	50,7	41,11	214	149
34	0	54,7	4,0	309	149
23	0	45,11	4,0	244	149
143	84	138,60	76,19	214	149
145	7	142,60	7,4	309	149
29	2	14,11	2,2	167	149
3	2	2,2	2,2	218	149
0	26	0,2	12,11	200	149
3	4	12,0	4,3	236	149
2	0	6,2	2,0	197	149
3	3	0,0	6,0	160	149
18	3	0,6	0,0	175	149
101	5	43,29	2,0	163	149
6	0	4,10	2,0	595	149
12	0	15,26	3,2	916	149
0	17	5,0	6,0	328	149
2	17	5,2	6,0	686	149
6	2	0,6	2,2	153	149
1076	1	378,327	0,0	3862	149
1	0	4,2	1,0	160	149
311	2	159,118	0,0	212	149
9	45	44,5	51,40	253	149
16	0	23,8	2,0	199	149
25	0	31,11	0,2	199	149
1	54	0,0	14,11	257	149
20	6	12,6	0,0	158	149
2	23	0,2	54,31	164	149
17	412	10,10	155,95	259	149
309	0	246,181	1,1	183	149
36	1	54,43	2,0	1139	149
30	3	27,21	2,2	780	149
227	0	356,141	2,0	1006	149
6	4	0,1	0,0	161	149
1	4	2,1	0,0	234	149
2	4	2,1	0,0	240	149
1	6	2,1	0,1	222	149
2	6	2,1	0,1	228	149
13	2	21,20	2,0	210	149
85	2	86,53	2,0	214	149
19	2	29,26	2,0	235	149
74	2	65,34	0,1	153	149
8	2	8,7	0,1	174	149
6	72	6,7	63,34	170	149
15	2	27,19	2,0	214	149
7	0	2,1	5,0	267	149
22	0	41,25	1,0	497	149
7	14	37,21	14,0	166	149
19	0	53,26	1,0	306	149
2	10	2,1	8,7	269	149
4	4	2,4	6,5	193	149
30	3	29,6	2,5	295	149
44	0	42,25	0,4	295	149
0	23	0,2	33,39	282	149
5	175	2,8	199,153	165	149
27	3	34,14	5,0	340	149
3	17	2,5	39,40	215	149
12	14	53,33	43,30	548	149
22	0	72,46	4,0	584	149
24	0	62,43	4,0	185	149
0	2	2,2	2,6	161	149
6	24	1,4	43,25	163	149
3	13	1,2	17,11	239	149
9	6	4,0	11,4	153	149
4	18	14,9	8,2	274	149
130	0	123,51	8,1	208	149
28	0	23,11	8,1	214	149
0	102	1,0	101,40	155	149
18	21	102,51	41,25	1985	149
5	101	11,3	133,80	254	149
13	391	10,17	280,185	314	149
2	1	10,2	10,4	227	149
66	21	110,61	26,30	681	149
4	72	0,0	49,28	153	149
4	2	0,2	2,6	156	149
44	22	86,31	30,33	589	149
8	17	10,4	6,2	180	149
6	61	24,20	173,81	180	149
29	0	76,43	1,0	194	149
4	18	8,0	14,10	153	149
42	18	20,24	18,14	191	149
2	0	8,0	3,0	368	149
0	2	0,1	0,0	168	149
2	0	0,0	0,2	257	149
44	1	277,277	12,4	187	149
0	17	1,0	127,68	200	149
0	29	1,1	15,21	156	149
34	4	60,34	35,21	2632	149
3	0	6,3	4,0	167	149
2	20	0,1	11,4	162	149
1	47	0,4	34,28	191	149
5	3	4,1	0,0	293	149
0	1	2,0	0,4	259	149
40	14	41,23	22,5	158	149
203	0	298,170	0,2	1566	149
4	7	0,2	0,5	182	149
4	62	5,6	71,108	182	149
2	5	2,0	0,7	258	149
105	6	104,58	3,2	193	149
8	0	6,12	2,0	236	149
8	205	27,22	489,488	180	149
505	0	939,770	2,2	2912	149
166	0	378,250	1,0	180	149
5	17	16,7	10,6	844	149
4	17	2,4	10,6	538	149
4	17	2,2	10,6	363	149
7	10	14,7	9,1	173	149
26	16	16,1	0,0	232	149
17	134	22,14	31,20	269	149
104	0	89,33	2,2	187	149
19	0	19,23	3,4	374	149
82	0	109,123	0,2	479	149
19	0	393,545	0,4	643	149
0	11	1,1	177,144	158	149
2	6	20,4	0,0	839	149
308	2	565,412	2,0	290	149
2	10	2,4	30,21	205	149
14	2	18,16	1,0	182	149
5	15	17,7	6,9	218	149
16	34	13,22	49,55	164	149
23	0	14,9	1,0	165	149
108	2	83,44	4,0	165	149
6	0	81,28	0,1	904	149
400	155	824,398	97,79	3226	149
3	3	9,4	2,2	153	149
18	7	6,8	8,6	174	149
34	2	40,21	0,0	257	149
6	2	9,10	2,6	425	149
141	8	96,29	10,4	236	149
0	2	1,0	3,11	172	149
0	83	0,2	17,21	211	149
3	35	21,12	43,25	1234	149
1	30	7,1	18,17	159	149
404	7	150,141	4,2	253	149
353	8	188,104	4,3	307	149
48	3	45,88	1,0	503	149
0	5	4,1	38,14	153	149
478	2	456,268	0,1	855	149
1820	6	1702,829	0,3	1434	149
8	30	13,4	48,10	391	149
0	1	6,2	6,0	152	149
710	0	532,270	2,2	156	149
1	1	1,1	14,10	180	149
2	187	8,0	180,62	170	149
2	0	9,3	8,1	154	149
49	2	32,7	1,1	153	149
4	0	0,1	0,3	225	149
4	2	2,0	1,6	153	149
11	42	22,12	45,11	225	149
2	27	0,0	33,6	246	149
63	0	123,47	0,4	271	149
1	0	0,0	2,0	238	149
0	68	3,0	35,13	218	149
2	14	2,0	34,38	168	149
28	17	31,16	33,27	155	149
2	18	9,8	28,34	211	149
10	0	24,30	2,0	1502	149
4	16	6,0	25,8	471	149
23	212	0,0	0,10	296	149
2	22	0,0	11,7	266	149
6	6	10,18	15,10	176	149
127	3	483,618	5,12	374	149
6	2	9,2	0,0	273	149
5	74	4,0	80,20	153	149
3	172	2,0	65,36	196	149
0	35	2,1	57,31	173	149
29	1	58,34	2,0	159	149
16	4	10,14	0,0	192	149
11	119	51,10	139,118	701	149
2	23	5,0	55,30	188	149
18	4	18,10	17,5	161	149
1	43	2,0	38,29	174	149
5	11	11,4	6,16	296	149
6	0	11,6	0,2	384	149
12	0	6,18	0,2	237	149
1	0	5,0	4,0	211	149
0	3	2,0	0,0	198	149
2	5	0,0	6,2	314	149
2	0	2,2	2,0	271	149
0	4	20,5	1,4	261	149
19	0	48,22	2,0	483	149
14	1	45,18	2,0	483	149
3	0	1,4	0,2	194	149
5	38	13,16	41,41	269	149
2	22	0,2	15,3	156	149
2	22	0,2	15,3	190	149
93	2	135,103	0,5	203	149
701	0	704,626	3,2	323	149
0	4	5,0	10,0	383	149
2	58	0,0	26,11	312	149
2	0	13,11	0,4	164	149
30	1	80,135	13,12	217	149
4	3	2,2	3,4	179	149
65	0	40,71	2,0	197	149
851	17	1373,614	28,37	2984	149
1	5	0,0	5,0	268	149
67	8	16,8	0,0	153	149
58	8	3,8	0,0	298	149
58	67	3,8	16,8	294	149
35	2	4,2	1,0	222	149
60	975	4,5	164,167	425	149
1	68	2,2	44,42	175	149
0	4	5,0	0,4	160	149
28	0	50,63	0,2	439	149
1	11	11,2	0,3	323	149
2	0	10,16	0,2	183	149
2	0	6,7	2,0	158	149
0	2	2,1	5,5	154	149
2	0	3,3	3,4	184	149
69	0	155,181	1,0	362	149
7	8	4,0	1,0	177	149
5	8	5,0	1,0	224	149
1	3	1,0	0,0	196	149
6	4	4,0	0,0	177	149
6	9	8,9	11,19	158	149
0	26	2,0	15,28	191	149
15	54	10,6	71,49	211	149
6	134	68,24	390,242	257	149
39	7	56,35	2,2	414	149
0	4	3,27	0,0	1021	149
6	3	3,4	14,4	158	149
15	10	26,17	11,13	158	149
2	5	2,4	12,32	989	149
5	2	2,0	4,0	179	149
4	15	7,10	5,15	232	149
2	3	2,6	0,0	549	149
2	2	2,6	2,0	561	149
3	2	0,0	2,0	161	149
79	8	144,103	22,5	152	149
2	39	17,4	60,33	289	149
10	94	15,10	33,53	772	149
32	9	74,49	9,14	212	149
42	10	41,13	3,2	192	149
8	34	6,7	20,29	203	149
112	0	186,101	1,4	233	149
0	1	2,2	6,4	154	149
0	5	1,0	2,10	374	149
4	0	22,32	0,6	173	149
2	0	7,0	5,0	184	149
0	1	10,4	6,11	206	149
25	7	4,10	22,15	305	149
0	3	2,8	0,0	315	149
26	0	116,54	2,0	153	149
121	0	85,36	4,0	233	149
0	4	11,6	5,0	458	149
223	0	347,199	0,1	1913	149
10	2	33,28	0,0	154	149
4	0	24,17	2,0	191	149
9	8	6,1	14,12	192	149
2	0	9,3	6,4	178	149
1	10	0,0	13,8	371	149
0	18	4,0	14,16	167	149
2	0	1,4	2,0	386	149
2	2	1,0	0,0	181	149
3	0	28,32	2,0	168	149
17	21	25,24	5,6	249	149
24	82	42,33	48,44	300	149
28	82	22,15	48,44	200	149
45	28	94,63	50,47	578	149
8	0	46,39	2,1	263	149
62	915	25,4	227,73	298	149
452	164	437,408	65,52	537	149
0	2	2,0	8,3	153	149
0	19	0,6	29,23	158	149
261	0	913,263	0,1	302	149
0	2	2,2	2,0	191	149
11	1	11,8	0,0	283	149
3	2	4,2	6,6	158	149
2	7	2,1	2,2	336	149
57	114	101,43	64,25	1493	149
2	2	10,12	2,0	278	149
4	4	2,5	2,4	158	149
8	4	9,7	2,4	161	149
6	2	7,4	0,2	152	149
80	0	71,86	2,0	212	149
7	0	1,0	0,5	173	149
8	22	5,4	56,46	171	149
38	22	21,14	56,46	222	149
30	0	18,10	2,0	200	149
12	80	3,4	31,24	171	149
56	80	21,14	31,24	222	149
48	4	18,10	0,0	200	149
37	9	17,12	8,6	222	149
4	0	14,16	2,6	494	149
0	8	1,7	14,14	304	149
7	46	6,5	37,15	514	149
18	141	14,10	118,90	265	149
2	0	2,3	5,6	389	149
1	4	0,0	13,2	178	149
0	4	2,0	0,0	226	149
2	9	2,2	9,10	429	149
16	2	40,18	0,0	1111	149
26	0	32,29	2,0	157	149
35	35	20,51	109,99	565	149
2	2	14,12	1,0	1602	149
7	26	14,15	49,28	334	149
0	77	0,1	62,75	167	149
79	103	5,8	206,94	161	149
4	0	8,4	0,2	1846	149
0	4	1,0	0,0	217	149
56	0	41,27	1,0	286	149
2	7	6,4	18,17	158	149
31	0	105,77	2,11	238	149
29	0	79,72	2,0	197	149
282	2	391,250	0,0	250	149
40	6	16,8	6,10	171	149
0	11	5,3	13,9	152	149
7	48	13,9	40,22	152	149
20	0	20,16	0,2	168	149
9	13	23,10	14,2	691	149
22	30	21,11	31,9	933	149
3	0	6,2	4,1	159	149
0	2	5,7	0,0	156	149
4	0	4,2	3,0	208	149
4	2	4,5	0,0	208	149
216	2	126,57	2,0	252	149
94	8	38,48	5,8	171	149
0	2	2,13	2,0	482	149
11	0	16,4	4,0	1248	149
2	52	4,10	70,73	240	149
2	52	4,10	70,73	218	149
3	11	5,1	32,11	541	149
2	0	7,11	0,2	300	149
2	10	8,11	10,10	310	149
0	10	1,2	10,10	159	149
0	19	2,0	22,21	213	149
8	0	40,30	0,1	171	149
18	4	25,16	5,2	157	149
1	24	2,2	31,17	153	149
1	0	0,0	0,2	219	149
1	0	0,0	0,2	155	149
1	10	6,2	7,11	179	149
4	2	6,7	2,2	182	149
371	2	218,200	0,0	270	149
1	2	9,15	2,3	177	149
6	0	2,8	4,0	348	149
6	0	2,8	2,2	299	149
62	2	73,30	2,0	182	149
0	4	3,2	0,0	173	149
148	0	213,203	2,0	302	149
0	6	1,1	12,12	166	149
6	0	4,8	0,7	246	149
100	2	144,151	0,4	195	149
7	8	2,9	9,6	227	149
20	2	40,25	0,0	366	149
10	3	22,18	14,6	178	149
0	22	2,0	48,39	151	149
0	13	4,0	25,24	152	149
5	1	18,0	0,1	1105	149
0	1	2,0	0,1	684	149
2491	10	3071,2568	26,10	1499	149
26	2	28,21	0,0	251	149
21	266	2,0	67,26	155	149
60	7	46,19	1,0	689	149
0	15	2,0	7,2	166	149
2	0	18,11	0,2	500	149
4	8	13,8	7,8	179	149
5	8	15,8	6,12	230	149
9	8	9,8	6,12	200	149
82	5	200,53	5,10	629	149
170	2	134,144	0,2	153	149
2	8	2,0	31,6	283	149
12	22	25,27	33,19	298	149
0	495	2,0	834,286	153	149
46	2	50,66	0,0	280	149
1	0	3,17	2,2	257	149
2	0	18,9	0,1	152	149
21	2	29,8	8,1	152	149
51	12	61,23	18,3	239	149
32	12	40,16	18,3	236	149
15	38	12,4	51,15	158	149
3	9	2,0	4,0	158	149
8	6	0,4	5,0	400	149
4	17	1,2	14,16	193	149
2	3	2,3	9,12	153	149
3	46	1,0	17,21	160	149
28	73	19,3	46,20	155	149
0	13	2,0	7,3	268	149
3	13	0,0	7,3	319	149
3	0	0,0	2,0	200	149
144	2	114,136	1,0	192	149
11	0	15,10	2,0	164	149
12	40	9,7	32,47	286	149
4	3	29,29	11,21	573	149
34	0	32,3	1,0	185	149
4	128	10,5	162,150	173	149
0	2	3,0	2,5	161	149
2	28	0,0	50,9	152	149
32	11	22,20	8,10	173	149
2	3	1,1	5,0	183	149
20	0	17,22	2,0	572	149
116	56	498,338	65,33	2994	149
1	29	0,0	33,21	180	149
43	7	64,44	15,3	476	149
64	7	93,79	15,3	1025	149
27	6	39,39	10,4	698	149
39	6	68,36	9,4	153	149
2	0	1,0	3,2	164	149
2	2	2,6	0,0	172	149
46	9	202,122	40,15	155	149
47	0	99,77	2,2	599	149
13	0	8,10	2,0	175	149
10	0	19,18	2,0	174	149
2	2	2,2	0,0	288	149
2	14	0,0	2,0	217	149
2	14	0,0	2,0	271	149
3	0	0,1	0,2	155	149
52	0	113,121	2,0	855	149
10	0	38,30	2,0	185	149
2	6	3,0	23,23	227	149
3	4	12,5	18,4	347	149
20	44	8,2	14,16	153	149
6	13	0,0	5,2	192	149
9	31	26,5	28,26	296	149
2	7	4,0	4,8	169	149
5	4	5,8	5,3	498	149
5	11	6,5	5,2	204	149
1	19	8,4	12,4	227	149
2	22	0,0	22,21	181	149
0	4	0,1	18,19	178	149
7	5	8,0	14,6	179	149
0	1	11,6	19,9	224	149
62	14	108,71	10,7	1325	149
0	1	1,0	1,0	179	149
281	3	185,109	0,1	298	149
22	28	19,5	37,32	548	149
0	5	3,0	3,0	202	149
1	2	4,3	7,4	165	149
13	33	25,5	66,49	165	149
67	160	30,8	6,0	254	149
0	5	0,1	10,2	197	149
1	33	0,0	93,40	153	149
2	33	5,5	93,40	215	149
1	29	10,2	67,37	199	149
0	15	2,4	18,14	216	149
0	12	2,0	4,6	191	149
19	2	17,5	0,0	217	149
146	22	114,51	34,32	1469	149
31	1	5,5	0,0	201	149
24	0	23,26	2,0	385	149
235	4	352,120	2,0	1030	149
2	1	0,0	0,2	167	149
4	16	16,6	13,11	274	149
0	101	5,2	48,21	261	149
2	15	9,6	36,47	295	149
5	37	1,4	32,11	188	149
44	469	28,33	355,306	164	149
300	2	582,224	0,0	1710	149
66	130	353,96	200,57	1077	149
66	13	356,98	12,14	1077	149
3	8	27,22	4,0	284	149
547	0	459,353	3,0	483	149
4	14	7,14	34,24	182	149
2	9	1,0	12,3	156	149
2	185	2,0	179,119	179	149
23	185	16,6	179,119	280	149
2	16	6,0	6,8	161	149
18	282	16,21	305,165	721	149
0	2	0,2	6,13	191	149
156	0	232,65	2,0	218	149
10	0	9,4	4,0	363	149
21	2	31,13	2,0	384	149
9	0	63,19	1,0	524	149
17	0	43,22	2,2	946	149
21	17	4,2	1,4	158	149
18	45	2,0	1,0	196	149
12	5	12,7	2,0	154	149
213	0	523,348	0,2	164	149
3	138	9,1	176,85	170	149
12	0	12,3	2,0	381	149
0	119	5,3	101,49	180	149
9	2	3,6	0,0	601	149
0	2	5,0	0,0	199	149
295	0	317,124	1,0	434	149
2	0	2,6	2,0	191	149
515	3	235,298	0,2	166	149
7	23	4,1	54,17	162	149
60	0	140,58	2,0	154	149
80	304	17,11	84,41	274	149
1148	2	725,482	0,0	944	149
292	856	81,117	1016,735	403	149
0	13	2,0	18,18	163	149
22	38	21,18	44,19	155	149
2	0	4,0	0,4	158	149
2	0	0,2	4,4	920	149
20	2	8,6	0,0	426	149
11	2	0,4	0,0	528	149
1	10	0,0	8,2	251	149
28	56	21,8	37,37	390	149
10	1	7,2	2,2	190	149
8	441	2,2	255,254	160	149
130	62	140,97	70,49	173	149
2	0	2,1	2,22	193	149
2	2	3,2	0,0	287	149
30	3	30,14	0,0	233	149
1	3	0,2	0,0	385	149
7	3	18,16	2,6	196	149
0	66	3,0	69,44	163	149
0	54	0,1	48,26	153	149
2	4	22,14	48,4	668	149
17	14	6,8	2,2	201	149
75	16	124,67	20,15	202	149
4	953	3,3	1619,1116	159	149
25	1	76,36	2,0	1047	149
4	16	2,4	20,16	291	149
4	0	15,6	1,0	158	149
0	1	1,0	0,0	167	149
41	33	38,11	60,39	158	149
60	2	86,60	0,0	2098	149
1	8	0,0	7,2	192	149
3	1	4,0	7,2	160	149
16	89	12,4	50,15	160	149
