ID
2
10
13
14
15
17
19
21
22
23
24
57
60
62
67
75
76
79
80
85
88
89
90
91
111
112
114
120
122
123
141
143
147
148
149
163
164
165
174
182
184
194
196
197
199
203
205
206
218
228
233
268
269
277
278
286
299
302
331
332
333
334
345
346
351
357
372
385
390
392
394
395
399
405
406
409
411
419
420
424
430
438
439
441
442
443
444
458
461
463
469
481
485
487
496
506
508
510
512
514
516
520
533
535
544
556
561
562
565
567
568
569
573
587
592
594
596
597
617
633
634
636
639
640
642
643
644
645
653
654
656
659
660
665
669
675
676
685
686
704
705
706
712
717
723
724
735
742
744
745
746
750
757
763
764
766
770
771
774
781
785
794
798
799
800
801
802
803
809
812
814
817
823
831
835
836
839
840
850
852
858
859
865
866
874
881
882
884
885
886
895
896
898
912
917
920
924
925
927
946
952
953
956
960
963
964
970
980
981
986
987
996
1007
1010
1012
1014
1015
1024
1034
1043
1056
1058
1071
1072
1073
1076
1081
1082
1084
1085
1088
1092
1093
1097
1099
1100
1103
1107
1108
1113
1115
1116
1122
1124
1125
1129
1131
1132
1133
1134
1144
1160
1169
1195
1197
1199
1202
1203
1214
1218
1223
1229
1232
1233
1239
1245
1248
1249
1251
1256
1259
1262
1263
1264
1266
1267
1273
1274
1276
1277
1286
1287
1288
1289
1292
1293
1294
1296
1297
1299
1300
1304
1310
1313
1314
1316
1323
1338
1339
1342
1344
1349
1352
1353
1367
1368
1369
1370
1381
1404
1405
1406
1407
1420
1421
1422
1423
1424
1425
1429
1432
1438
1440
1444
1446
1447
1448
1449
1455
1458
1464
1467
1475
1476
1477
1478
1480
1486
1488
1489
1490
1493
1495
1497
1499
1500
1501
1502
1504
1508
1509
1510
1511
1514
1515
1516
1517
1518
1519
1520
1522
1524
1525
1531
1538
1541
1543
1544
1551
1552
1556
1559
1560
1567
1571
1572
1578
1580
1581
1597
1608
1610
1611
1615
1618
1619
1620
1621
1622
1623
1630
1631
1632
1633
1645
1646
1647
1655
1661
1663
1664
1665
1667
1669
1670
1671
1686
1688
1691
1693
1697
1699
1710
1719
1720
1721
1722
1723
1730
1731
1732
1733
1734
1740
1743
1747
1766
1767
1769
1772
1776
1784
1791
1793
1812
1815
1817
1820
1822
1826
1827
1828
1830
1837
1839
1840
1841
1842
1843
1844
1847
1848
1849
1871
1874
1880
1883
1888
1894
1897
1898
1899
1901
1906
1907
1911
1912
1913
1914
1915
1916
1919
1922
1923
1925
1926
1927
1928
1930
1931
1932
1937
1941
1943
1947
1948
1955
1957
1958
1959
1973
1976
1977
1978
1979
1980
1982
1983
1985
1987
1991
1994
1995
1996
1997
1999
2000
2002
2004
2005
2007
2013
2019
2020
2021
2027
2040
2057
2059
2060
2063
2065
2071
2074
2079
2080
2083
2087
2088
2089
2090
2097
2102
2103
2108
2113
2120
2122
2123
2129
2137
2138
2140
2141
2142
2149
2150
2151
2152
2153
2154
2156
2157
2159
2160
2161
2162
2163
2164
2167
2168
2169
2170
2171
2173
2174
2175
2176
2177
2181
2184
2187
2188
2189
2190
2192
2195
2197
2198
2203
2204
2205
2210
2213
2216
2217
2222
2223
2228
2230
2238
2239
2240
2243
2245
2248
2250
2255
2259
2260
2261
2262
2268
2269
2270
2272
2273
2274
2278
2280
2297
2300
2301
2305
2307
2308
2311
2313
2316
2318
2321
2323
2333
2335
2336
2338
2339
2340
2341
2343
2344
2345
2347
2348
2350
2351
2358
2359
2361
2363
2364
2365
2385
2391
2393
2399
2400
2404
2405
2406
2409
2420
2421
2422
2425
2427
2428
2430
2442
2449
2450
2451
2453
2454
2455
2456
2458
2461
2463
2471
2473
2474
2475
2480
2481
2483
2484
2491
2493
2494
2495
2498
2500
2501
2504
2505
2506
2507
2509
2510
2511
2512
2514
2523
2525
2535
2541
2543
2544
2545
2546
2549
2551
2554
2560
2561
2564
2567
2573
2578
2583
2584
2585
2587
2592
2593
2594
2596
2599
2610
2613
2614
2616
2618
2622
2625
2627
2628
2630
2631
2632
2638
2639
2641
2650
2654
2657
2661
2663
2664
2667
2675
2676
2678
2679
2681
2682
2686
2692
2696
2701
2703
2705
2706
2713
2716
2718
2719
2720
2721
2726
2728
2732
2734
2742
2743
2748
2750
2752
2757
2765
2769
2773
2776
2780
2782
2789
2790
2792
2793
2795
2796
2797
2800
2811
2813
2814
2822
2824
2831
2832
2834
2836
2839
2849
2850
2851
2855
2856
2857
2863
2864
2865
2876
2881
2885
2888
2894
2895
2899
2901
2910
2918
2919
2920
2921
2926
2927
2928
2932
2934
2936
2941
2942
2943
2944
2945
2947
2948
2959
2961
2963
2968
2969
2970
2975
2976
2981
2989
2991
2997
2998
3002
3008
3013
3015
3016
3028
3038
3039
3040
3041
3043
3044
3045
3047
3049
3050
3051
3055
3059
3066
3067
3068
3073
3078
3081
3082
3087
3088
3090
3091
3094
3096
3110
3111
3112
3113
3122
3123
3127
3129
3130
3132
3133
3134
3140
3143
3144
3148
3151
3152
3153
3154
3155
3156
3157
3159
3160
3163
3164
3165
3174
3177
3179
3198
3201
3202
3223
3247
3249
3252
3255
3262
3265
3266
3267
3274
3275
3276
3282
3283
3287
3288
3295
3296
3297
3299
3302
3303
3304
3305
3307
3308
3309
3312
3313
3315
3319
3324
3326
3327
3328
3329
3333
3335
3339
3340
3346
3347
3349
3359
3361
3362
3363
3364
3369
3371
3372
3373
3374
3376
3377
3379
3381
3382
3384
3387
3388
3395
3400
3407
3409
3412
3424
3425
3428
3432
3434
3437
3438
3458
3459
3473
3474
3480
3486
3491
3496
3497
3500
3504
3505
3506
3517
3518
3530
3531
3533
3536
3539
3540
3543
3544
3546
3547
3548
3549
3551
3552
3553
3554
3555
3556
3558
3559
3563
3567
3568
3572
3573
3580
3583
3584
3585
3586
3588
3590
3593
3596
3611
3613
3617
3618
3619
3623
3632
3640
3651
3653
3656
3659
3660
3670
3671
3673
3674
3675
3682
3686
3688
3690
3691
3692
3694
3703
3704
3705
3706
3711
3714
3715
3719
3725
3726
3730
3731
3734
3738
3740
3742
3745
3748
3749
3754
3757
3758
3760
3761
3762
3765
3766
3769
3780
3786
3788
3790
3800
3802
3805
3807
3808
3814
3815
3819
3822
3828
3830
3831
3836
3845
3846
3852
3857
3858
3859
3863
3864
3868
3872
3875
3893
3899
3901
3908
3912
3915
3917
3918
3924
3926
3929
3930
3934
3937
3940
3944
3945
3950
3954
3956
3957
3959
3960
3962
3963
3966
3967
3976
3977
3980
3981
3982
3986
3989
3992
4000
4001
4004
4005
4006
4012
4013
4014
4036
4039
4045
4046
4054
4055
4057
4067
4068
4069
4072
4074
4079
4080
4083
4084
4087
4092
4093
4094
4095
4096
4098
4100
4103
4108
4109
4110
4113
4124
4139
4141
4142
4143
4144
4145
4149
4150
4154
4159
4160
4162
4164
4165
4169
4175
4176
4182
4193
4202
4203
4204
4209
4214
4215
4216
4225
4229
4230
4231
4234
4239
4244
4245
4250
4251
4252
4253
4254
4266
4272
4274
4275
4281
4283
4285
4286
4288
4296
4298
4300
4302
4304
4305
4312
4315
4317
4323
4324
4329
4330
4331
4334
4335
4337
4340
4341
4349
4353
4360
4365
4368
4369
4375
4376
4378
4381
4385
4397
4398
4399
4400
4404
4405
4407
4409
4410
4412
4414
4418
4420
4421
4422
4429
4437
4439
4461
4462
4464
4465
4470
4471
4472
4473
4475
4476
4483
4484
4487
4489
4493
4496
4499
4500
4505
4508
4509
4516
4518
4527
4545
4547
4551
4554
4555
4556
4558
4561
4562
4563
4568
4576
4578
4579
4580
4582
4583
4592
4593
4594
4596
4599
4600
4608
4609
4614
4616
4619
4620
4621
4622
4623
4624
4643
4652
4653
4654
4657
4666
4668
4671
4677
4689
4690
4694
4698
4699
4701
4702
4703
4710
4712
4715
4717
4719
4723
4726
4727
4728
4729
4730
4731
4732
4737
4738
4743
4745
4748
4756
4757
4760
4768
4775
4776
4777
4779
4780
4781
4785
4803
4806
4807
4809
4812
4815
4816
4819
4822
4824
4829
4831
4835
4842
4847
4849
4850
4857
4863
4865
4866
4868
4891
4895
4896
4899
4900
4906
4915
4931
4932
4935
4938
4941
4944
4945
4946
4950
4952
4953
4954
4957
4960
4964
4965
4966
4967
4968
4972
4974
4975
4976
4980
4981
4987
4988
4993
4995
4996
4998
4999
5000
5002
5004
5006
5007
5012
5014
5017
5023
5024
5025
5027
5028
5034
5035
5036
5037
5038
5039
5048
5053
5054
5056
5062
5072
5073
5074
5076
5078
5080
5081
5083
5085
5086
5087
5089
5091
5096
5097
5098
5104
5121
5129
5132
5133
5139
5140
5141
5145
5146
5150
5152
5153
5154
5156
5157
5161
5165
5168
5171
5173
5180
5182
5185
5186
5194
5195
5212
5213
5215
5220
5221
5225
5234
5236
5249
5250
5251
5253
5261
5270
5273
5281
5287
5288
5294
5297
5315
5322
5323
5326
5328
5329
5330
5331
5339
5343
5344
5347
5350
5358
5362
5367
5370
5372
5373
5378
5382
5383
5389
5390
5403
5404
5411
5412
5414
5415
5416
5417
5418
5420
5443
5444
5446
5447
5458
5481
5485
5496
5497
5499
5500
5502
5503
5504
5505
5507
5508
5512
5513
5514
5515
5516
5521
5522
5524
5533
5534
5535
5537
5540
5541
5543
5544
5545
5546
5548
5554
5556
5558
5559
5560
5561
5564
5569
5573
5580
5581
5583
5584
5585
5586
5587
5590
5597
5603
5607
5608
5609
5610
5611
5615
5618
5625
5626
5629
5631
5636
5644
5645
5652
5656
5657
5659
5661
5662
5663
5668
5670
5671
5678
5683
5695
5701
5707
5713
5719
5720
5721
5722
5723
5724
5725
5728
5729
5730
5738
5742
5743
5745
5747
5751
5753
5755
5756
5757
5758
5759
5760
5761
5762
5764
5765
5766
5769
5770
5772
5774
5775
5791
5793
5797
5798
5803
5804
5805
5816
5818
5820
5821
5822
5826
5827
5834
5835
5839
5848
5852
5853
5854
5855
5856
5857
5860
5861
5862
5863
5864
5865
5866
5868
5877
5906
5907
5908
5909
5910
5911
5912
5913
5929
5931
5932
5933
5934
5942
5948
5951
5952
5961
5962
5963
5964
5976
5982
5988
5994
5996
5997
6003
6004
6005
6006
6023
6031
6034
6046
6047
6049
6051
6064
6072
6077
6086
6096
6099
6102
6107
6109
6110
6113
6114
6136
6137
6139
6140
6141
6143
6147
6148
6149
6158
6160
6161
6167
6168
6174
6183
6184
6186
6192
6193
6194
6197
6199
6204
6205
6212
6223
6231
6233
6235
6244
6251
6254
6257
6259
6263
6265
6266
6267
6269
6270
6271
6274
6282
6283
6288
6289
6293
6295
6296
6298
6299
6300
6302
6314
6324
6325
6326
6340
6343
6362
6372
6381
6383
6384
6385
6386
6387
6390
6392
6394
6400
6403
6404
6405
6406
6407
6408
6411
6418
6428
6429
6438
6439
6440
6443
6446
6449
6450
6455
6456
6457
6459
6464
6466
6470
6471
6473
6475
6477
6478
6479
6480
6481
6487
6489
6490
6492
6495
6501
6508
6509
6510
6511
6512
6513
6514
6522
6527
6528
6529
6530
6532
6533
6534
6537
6538
6540
6541
6542
6543
6544
6546
6549
6553
6554
6555
6556
6559
6564
6567
6571
6572
6574
6577
6580
6582
6583
6589
6590
6591
6593
6595
6607
6628
6635
6639
6641
6644
6645
6646
6649
6651
6655
6668
6672
6674
6676
6677
6685
6694
6697
6716
6734
6735
6736
6737
6739
6745
6748
6749
6750
6751
6752
6753
6754
6755
6756
6757
6767
6774
6781
6785
6793
6794
6796
6802
6804
6806
6807
6809
6817
6827
6833
6839
6842
6843
6851
6854
6855
6856
6857
6869
6876
6878
6880
6881
6882
6883
6884
6891
6893
6896
6897
6902
6904
6905
6906
6921
6925
6926
6929
6930
6932
6942
6943
6944
6947
6955
6956
6957
6959
6962
6963
6968
6973
6978
6989
6990
6992
6995
7001
7002
7003
7006
7015
7017
7019
7020
7024
7025
7026
7027
7029
7037
7040
7043
7044
7045
7046
7047
7048
7049
7050
7051
7052
7054
7057
7058
7061
7064
7065
7066
7068
7072
7073
7077
7081
7085
7092
7093
7094
7095
7096
7097
7098
7099
7100
7101
7107
7114
7118
7127
7128
7135
7136
7139
7144
7145
7153
7157
7158
7176
7184
7197
7202
7204
7210
7211
7212
7213
7227
7228
7229
7235
7237
7241
7247
7253
7256
7258
7259
7261
7265
7269
7270
7272
7282
7287
7292
7293
7298
7301
7302
7309
7311
7312
7332
7337
7343
7347
7348
7349
7350
7352
7355
7361
7364
7365
7368
7370
7371
7381
7383
7384
7387
7392
7394
7398
7400
7401
7407
7408
7417
7419
7425
7427
7429
7434
7442
7443
7444
7445
7446
7458
7459
7461
7474
7475
7476
7477
7478
7481
7482
7483
7486
7494
7495
7499
7510
7511
7512
7514
7518
7519
7520
7531
7532
7537
7541
7547
7551
7552
7561
7562
