IncLevel1	IncLevel2	IncLevelDifference
0.0	0.0,0.453	-0.227
0.106	1.0,NA	-0.894
0.754	0.225,0.301	0.491
0.0	0.065,0.103	-0.084
0.0	0.049,0.014	-0.032
0.012	0.019,0.005	0.0
0.055	0.0,0.036	0.037
0.846	0.822,0.924	-0.027
1.0	0.896,0.756	0.174
1.0	0.485,0.439	0.538
0.181	0.062,0.167	0.066
0.154	0.109,0.0	0.1
0.0	0.0,0.319	-0.16
0.0	0.122,0.0	-0.061
0.003	0.012,0.012	-0.009
0.089	0.354,0.281	-0.229
1.0	0.687,1.0	0.156
0.045	0.294,0.361	-0.283
0.045	0.293,0.361	-0.282
0.0	1.0,NA	-1.0
0.945	1.0,1.0	-0.055
0.88	1.0,0.836	-0.038
0.44	0.162,0.139	0.289
0.492	0.492,0.659	-0.084
0.0	0.104,0.052	-0.078
0.845	1.0,NA	-0.155
1.0	0.0,1.0	0.5
0.962	1.0,1.0	-0.038
0.153	0.083,0.085	0.069
1.0	0.901,1.0	0.049
0.449	0.0,0.246	0.326
1.0	0.853,1.0	0.074
0.545	0.285,0.348	0.229
0.0	0.493,1.0	-0.746
1.0	NA,0.69	0.31
0.909	1.0,0.978	-0.08
0.444	1.0,0.886	-0.499
0.068	0.051,0.144	-0.029
0.941	1.0,1.0	-0.059
0.874	0.984,1.0	-0.118
0.109	0.0,0.491	-0.137
0.002	0.002,0.001	0.001
0.874	1.0,0.95	-0.101
1.0	0.27,1.0	0.365
0.0	0.079,0.113	-0.096
0.0	1.0,0.0	-0.5
0.0	0.0,0.236	-0.118
0.047	0.0,0.0	0.047
0.033	0.077,0.076	-0.043
0.0	0.0,0.087	-0.043
1.0	0.936,0.956	0.054
0.0	0.0,1.0	-0.5
0.418	0.0,1.0	-0.082
0.495	0.282,0.311	0.199
0.422	0.907,0.637	-0.35
0.353	0.22,0.137	0.174
1.0	0.943,1.0	0.028
0.943	0.726,NA	0.217
0.0	0.576,1.0	-0.788
0.629	0.825,1.0	-0.283
0.323	0.0,NA	0.323
0.776	1.0,1.0	-0.224
0.56	0.784,0.742	-0.203
0.0	0.0,0.051	-0.025
0.394	0.14,0.085	0.281
1.0	1.0,0.912	0.044
0.0	0.0,1.0	-0.5
0.03	0.189,0.132	-0.131
0.126	NA,0.0	0.126
0.183	0.275,0.31	-0.109
0.054	0.049,0.077	-0.009
0.314	0.462,0.0	0.083
1.0	0.969,0.967	0.032
1.0	0.0,NA	1.0
0.0	0.124,0.064	-0.094
0.432	0.349,0.271	0.122
0.583	0.583,0.521	0.031
0.376	1.0,1.0	-0.624
0.492	0.592,1.0	-0.304
0.355	1.0,1.0	-0.645
0.039	0.028,0.005	0.022
0.059	0.039,0.015	0.032
1.0	0.337,0.276	0.694
0.062	0.055,0.042	0.013
0.113	0.118,0.05	0.029
0.839	1.0,0.776	-0.049
0.095	0.438,0.311	-0.279
0.946	0.647,0.595	0.325
0.045	0.082,0.173	-0.083
1.0	0.978,0.951	0.036
0.0	0.355,1.0	-0.677
0.01	0.04,0.0	-0.01
0.718	0.811,0.713	-0.044
0.058	0.164,0.375	-0.212
1.0	0.976,1.0	0.012
1.0	0.776,1.0	0.112
0.378	0.156,0.198	0.201
0.873	1.0,0.751	-0.002
0.0	0.614,0.629	-0.621
0.046	1.0,1.0	-0.954
0.658	0.299,0.307	0.355
0.008	0.013,0.007	-0.002
1.0	0.724,0.848	0.214
0.959	0.959,0.921	0.019
0.0	0.0,0.05	-0.025
1.0	0.712,1.0	0.144
0.935	0.949,0.803	0.059
0.034	0.034,0.03	0.002
0.88	0.883,1.0	-0.061
1.0	1.0,0.851	0.075
1.0	1.0,0.89	0.055
1.0	1.0,0.91	0.045
0.767	0.841,0.268	0.213
0.003	0.002,0.002	0.001
0.014	0.019,0.008	0.001
0.029	0.013,0.017	0.014
0.095	0.24,0.314	-0.182
0.078	0.183,0.279	-0.153
1.0	NA,0.431	0.569
0.016	0.034,0.0	-0.001
0.943	1.0,1.0	-0.057
0.0	0.032,0.0	-0.016
0.298	1.0,1.0	-0.702
0.307	1.0,1.0	-0.693
1.0	0.742,1.0	0.129
0.362	1.0,1.0	-0.638
0.0	1.0,NA	-1.0
0.0	0.048,0.055	-0.052
0.679	1.0,1.0	-0.321
0.252	0.286,0.3	-0.041
1.0	0.914,1.0	0.043
0.665	0.741,0.752	-0.081
1.0	0.851,1.0	0.075
0.481	0.435,0.085	0.221
1.0	1.0,0.682	0.159
0.674	0.58,1.0	-0.116
0.128	0.188,0.047	0.011
0.093	0.272,0.158	-0.122
0.872	1.0,1.0	-0.128
0.254	0.096,0.0	0.206
1.0	1.0,0.925	0.037
0.039	0.0,0.0	0.039
0.609	1.0,1.0	-0.391
0.0	0.0,1.0	-0.5
0.432	1.0,1.0	-0.568
0.031	0.088,0.056	-0.041
1.0	0.907,0.745	0.174
0.0	0.0,0.046	-0.023
0.067	0.284,0.0	-0.075
1.0	0.836,1.0	0.082
1.0	0.937,0.809	0.127
1.0	0.148,1.0	0.426
0.767	1.0,0.959	-0.213
0.331	1.0,1.0	-0.669
0.195	1.0,1.0	-0.805
0.0	0.262,1.0	-0.631
0.294	0.413,0.159	0.008
1.0	1.0,0.902	0.049
1.0	0.77,1.0	0.115
0.195	0.505,0.396	-0.256
0.144	0.341,0.291	-0.172
0.778	0.919,0.938	-0.15
0.055	0.072,0.049	-0.005
1.0	0.452,1.0	0.274
1.0	0.793,1.0	0.103
0.426	1.0,0.597	-0.372
1.0	0.72,1.0	0.14
0.444	0.432,0.603	-0.073
0.0	0.0,1.0	-0.5
1.0	0.923,1.0	0.038
0.0	0.108,0.0	-0.054
0.934	1.0,1.0	-0.066
0.06	0.071,0.285	-0.118
1.0	0.0,1.0	0.5
0.867	0.861,1.0	-0.064
1.0	0.921,1.0	0.039
1.0	0.476,NA	0.524
0.0	0.089,0.329	-0.209
0.0	0.071,0.0	-0.035
1.0	0.234,0.092	0.837
0.762	0.698,1.0	-0.087
0.0	NA,0.173	-0.173
1.0	0.912,1.0	0.044
0.615	1.0,1.0	-0.385
0.0	NA,1.0	-1.0
0.106	0.466,0.0	-0.127
0.762	1.0,1.0	-0.238
0.997	0.993,1.0	0.001
0.0	0.04,0.0	-0.02
0.089	0.116,0.077	-0.008
0.354	0.411,0.308	-0.006
1.0	0.884,1.0	0.058
0.925	0.968,0.908	-0.013
0.308	0.274,0.114	0.114
0.0	0.049,0.17	-0.11
0.0	0.151,0.0	-0.075
0.0	0.0,0.024	-0.012
0.96	0.883,0.84	0.099
0.07	0.028,0.029	0.042
0.426	0.645,0.274	-0.034
0.043	0.13,0.042	-0.043
0.0	0.034,0.0	-0.017
1.0	0.704,0.505	0.395
1.0	0.96,1.0	0.02
1.0	0.955,1.0	0.022
0.032	0.02,0.007	0.019
0.0	0.057,0.0	-0.029
0.0	0.096,0.0	-0.048
0.441	0.572,0.759	-0.224
0.936	0.951,0.816	0.053
0.0	0.028,0.0	-0.014
0.0	0.0,0.005	-0.003
1.0	0.987,1.0	0.006
1.0	1.0,0.996	0.002
0.129	0.377,0.578	-0.348
1.0	1.0,0.974	0.013
0.0	0.027,0.026	-0.026
0.0	0.606,0.606	-0.606
0.077	0.15,0.0	0.002
1.0	0.937,0.902	0.081
1.0	0.955,1.0	0.022
0.0	0.053,0.096	-0.074
0.068	0.006,0.0	0.065
0.02	0.006,0.0	0.017
0.0	0.357,0.0	-0.178
1.0	1.0,0.938	0.031
0.0	1.0,1.0	-1.0
0.0	0.095,0.0	-0.048
0.283	1.0,0.612	-0.523
1.0	0.319,0.0	0.841
0.0	0.086,0.132	-0.109
0.962	1.0,1.0	-0.038
1.0	0.994,1.0	0.003
0.0	0.257,0.244	-0.251
0.014	0.051,0.048	-0.036
1.0	1.0,0.922	0.039
1.0	1.0,0.666	0.167
1.0	0.977,0.926	0.048
0.0	0.577,0.799	-0.688
0.0	0.0,0.059	-0.029
1.0	0.848,1.0	0.076
0.0	0.341,0.0	-0.171
0.964	0.842,0.966	0.06
0.0	0.42,0.153	-0.286
1.0	NA,0.0	1.0
1.0	0.622,1.0	0.189
1.0	1.0,0.687	0.156
1.0	1.0,0.933	0.033
0.913	0.919,0.816	0.046
0.803	1.0,1.0	-0.197
0.896	1.0,1.0	-0.104
1.0	0.992,0.987	0.01
0.025	0.008,0.012	0.015
0.895	0.905,0.836	0.024
0.0	0.0,1.0	-0.5
0.211	0.236,0.171	0.007
1.0	0.817,1.0	0.092
0.817	1.0,0.749	-0.058
0.0	1.0,1.0	-1.0
0.284	1.0,NA	-0.716
0.847	0.903,0.781	0.005
0.0	0.096,0.137	-0.117
0.0	0.0,1.0	-0.5
0.642	1.0,0.574	-0.145
0.0	NA,0.461	-0.461
0.0	0.155,0.048	-0.102
1.0	1.0,0.653	0.173
0.0	0.325,0.771	-0.548
0.0	1.0,1.0	-1.0
0.859	0.762,0.689	0.133
1.0	NA,0.0	1.0
0.971	1.0,1.0	-0.029
0.075	0.107,0.114	-0.036
0.978	0.991,0.972	-0.004
0.136	0.055,0.078	0.07
0.0	0.493,NA	-0.493
0.0	0.004,0.003	-0.004
0.009	0.005,0.01	0.001
1.0	0.772,1.0	0.114
1.0	0.761,1.0	0.119
0.896	0.916,0.788	0.044
0.286	NA,0.667	-0.381
0.966	0.892,0.789	0.125
0.947	1.0,0.941	-0.023
0.019	0.032,0.025	-0.01
0.019	0.026,0.011	0.001
0.179	0.241,0.47	-0.176
0.441	0.716,1.0	-0.417
0.054	0.362,1.0	-0.627
0.0	0.0,0.05	-0.025
0.268	0.287,0.484	-0.117
0.143	0.0,0.07	0.108
1.0	0.966,1.0	0.017
1.0	0.936,1.0	0.032
0.0	0.03,0.0	-0.015
1.0	0.875,1.0	0.062
0.045	0.066,0.113	-0.044
0.086	0.134,0.127	-0.045
0.745	0.763,0.696	0.015
0.157	0.218,0.186	-0.045
0.025	0.143,0.158	-0.126
0.648	0.0,0.0	0.648
1.0	0.904,1.0	0.048
0.913	1.0,1.0	-0.087
0.397	0.534,0.409	-0.075
0.209	1.0,1.0	-0.791
0.0	0.592,NA	-0.592
0.79	1.0,0.842	-0.131
1.0	1.0,0.721	0.139
0.13	0.0,0.0	0.13
0.497	NA,0.33	0.167
0.812	1.0,0.419	0.103
1.0	1.0,0.594	0.203
0.118	0.487,0.689	-0.47
0.243	0.536,0.546	-0.298
0.003	0.003,0.003	0.0
1.0	0.801,0.801	0.199
1.0	1.0,0.88	0.06
0.251	0.077,0.531	-0.053
0.281	0.294,0.514	-0.123
0.898	1.0,0.916	-0.06
1.0	0.985,1.0	0.008
0.294	1.0,0.414	-0.413
0.279	0.244,0.218	0.048
0.057	0.052,0.04	0.011
0.773	1.0,1.0	-0.227
1.0	1.0,0.811	0.095
1.0	0.714,1.0	0.143
0.775	0.858,0.896	-0.102
0.529	0.439,0.41	0.105
0.977	0.988,1.0	-0.017
0.08	0.097,0.0	0.032
1.0	1.0,0.803	0.099
0.258	0.708,1.0	-0.596
0.0	0.0,1.0	-0.5
0.387	0.24,0.387	0.074
0.008	0.068,0.048	-0.05
0.01	0.082,0.071	-0.067
0.016	0.093,0.07	-0.066
0.035	0.032,0.086	-0.024
0.005	0.0,0.0	0.005
1.0	0.979,1.0	0.01
1.0	1.0,0.968	0.016
0.953	1.0,0.896	0.005
0.297	0.47,0.253	-0.065
1.0	0.774,NA	0.226
0.086	0.033,0.027	0.056
0.005	0.01,0.02	-0.01
0.703	0.705,0.783	-0.041
0.101	0.0,0.0	0.101
0.997	0.92,0.98	0.047
0.246	1.0,1.0	-0.754
0.05	0.044,0.021	0.018
0.91	0.851,0.644	0.162
1.0	0.996,1.0	0.002
0.985	0.974,1.0	-0.002
0.994	0.985,1.0	0.002
0.978	0.951,1.0	0.002
0.852	1.0,NA	-0.148
0.746	0.888,1.0	-0.198
0.076	0.083,0.0	0.034
0.148	0.159,0.219	-0.041
0.885	0.878,1.0	-0.054
0.406	0.0,0.0	0.406
1.0	0.417,1.0	0.291
1.0	1.0,0.968	0.016
0.025	0.023,0.0	0.014
0.163	0.218,0.0	0.054
0.858	1.0,1.0	-0.142
0.302	0.0,0.0	0.302
0.467	1.0,1.0	-0.533
0.363	0.0,0.0	0.363
0.038	0.013,0.044	0.01
1.0	1.0,0.813	0.094
0.475	1.0,1.0	-0.525
0.192	0.193,0.134	0.028
0.005	0.065,0.12	-0.087
0.068	1.0,NA	-0.932
0.072	1.0,NA	-0.928
1.0	0.583,NA	0.417
0.051	0.026,0.04	0.018
0.0	0.0,0.565	-0.282
0.006	0.11,0.21	-0.154
0.606	0.663,1.0	-0.226
1.0	0.932,1.0	0.034
0.151	0.189,0.067	0.023
1.0	1.0,0.0	0.5
0.019	0.092,0.018	-0.036
0.98	1.0,1.0	-0.02
0.081	0.173,0.133	-0.072
1.0	0.958,1.0	0.021
0.004	0.006,0.002	0.0
0.972	0.955,0.988	0.0
0.971	0.971,1.0	-0.015
0.948	0.696,0.503	0.349
0.054	0.181,0.1	-0.087
1.0	0.0,1.0	0.5
0.015	0.0,0.018	0.006
0.431	0.661,0.764	-0.282
0.685	0.552,0.829	-0.005
0.532	0.406,0.75	-0.046
0.81	0.932,1.0	-0.156
1.0	0.959,1.0	0.02
0.0	1.0,0.0	-0.5
1.0	0.0,NA	1.0
0.317	0.28,0.408	-0.027
0.177	0.336,0.217	-0.1
0.623	1.0,0.801	-0.278
0.0	0.0,0.033	-0.017
0.057	0.0,0.0	0.057
0.676	1.0,1.0	-0.324
1.0	0.0,1.0	0.5
0.0	0.052,0.353	-0.202
0.076	0.065,0.132	-0.023
0.943	1.0,0.94	-0.027
0.991	1.0,0.924	0.029
0.647	0.532,0.713	0.024
0.119	0.059,0.383	-0.102
0.055	0.17,0.164	-0.112
1.0	1.0,0.594	0.203
0.325	0.45,0.528	-0.164
0.008	0.004,0.007	0.003
0.042	0.021,0.016	0.024
0.126	0.183,0.0	0.035
0.0	1.0,1.0	-1.0
0.28	0.233,0.195	0.066
1.0	0.679,1.0	0.16
0.105	0.126,0.079	0.002
0.0	0.378,0.071	-0.225
0.023	0.019,0.017	0.005
0.588	1.0,1.0	-0.412
0.773	0.953,0.802	-0.104
0.156	0.184,0.107	0.011
1.0	1.0,0.766	0.117
0.0	0.049,0.094	-0.072
0.0	0.0,0.051	-0.025
0.997	0.995,0.995	0.002
0.0	0.102,0.173	-0.137
0.226	0.127,0.27	0.027
0.189	0.489,0.213	-0.162
0.899	0.836,1.0	-0.019
0.144	0.106,0.088	0.047
0.011	0.0,0.0	0.011
1.0	NA,0.329	0.671
0.035	0.082,0.034	-0.023
0.363	0.59,0.325	-0.095
0.108	0.0,0.266	-0.025
1.0	0.961,0.966	0.036
0.604	1.0,1.0	-0.396
1.0	0.955,1.0	0.022
0.0	0.799,0.221	-0.51
0.143	0.0,NA	0.143
0.065	0.79,0.335	-0.497
0.0	0.115,0.0	-0.058
0.0	0.004,0.0	-0.002
0.225	0.022,0.108	0.16
0.492	0.0,0.032	0.476
0.315	0.535,1.0	-0.453
0.038	0.161,0.156	-0.12
0.235	0.339,0.0	0.065
1.0	0.0,0.0	1.0
0.06	0.134,0.162	-0.088
0.478	0.0,0.023	0.466
1.0	0.957,1.0	0.022
0.0	0.147,0.0	-0.073
0.0	0.383,1.0	-0.692
0.055	0.054,0.087	-0.015
0.079	0.166,0.099	-0.054
0.938	0.945,1.0	-0.034
0.079	0.029,0.142	-0.006
0.008	0.024,0.036	-0.022
0.128	0.469,0.0	-0.106
1.0	0.957,1.0	0.022
0.054	0.128,0.0	-0.01
0.893	0.915,0.886	-0.008
1.0	0.997,0.996	0.004
1.0	0.976,0.962	0.031
0.003	0.007,0.005	-0.003
0.064	NA,0.0	0.064
1.0	0.0,NA	1.0
0.192	0.207,0.487	-0.155
0.834	0.865,0.764	0.019
0.14	0.311,0.079	-0.055
0.902	0.889,0.724	0.096
1.0	1.0,0.378	0.311
0.087	0.046,0.18	-0.026
0.407	0.199,0.191	0.212
1.0	0.913,1.0	0.043
0.122	0.0,0.0	0.122
1.0	0.925,1.0	0.037
0.0	0.034,0.03	-0.032
0.279	0.367,0.205	-0.007
1.0	0.913,1.0	0.043
0.281	0.209,0.443	-0.045
1.0	0.761,0.629	0.305
1.0	0.812,1.0	0.094
1.0	0.963,1.0	0.018
1.0	1.0,0.284	0.358
1.0	0.0,1.0	0.5
0.0	0.0,0.042	-0.021
0.58	0.604,0.369	0.093
0.157	0.458,0.196	-0.17
0.0	0.032,0.134	-0.083
0.0	0.439,0.481	-0.46
0.217	0.081,0.125	0.114
0.0	0.3,0.182	-0.241
0.803	0.719,0.809	0.039
0.051	0.04,0.0	0.031
1.0	0.913,0.877	0.105
0.117	0.318,0.067	-0.075
0.236	0.0,0.0	0.236
0.0	0.03,0.04	-0.035
0.0	0.087,0.0	-0.043
0.0	0.065,0.0	-0.033
0.702	0.543,0.593	0.134
1.0	0.654,1.0	0.173
0.099	0.041,0.0	0.079
0.623	0.778,1.0	-0.266
0.061	0.018,0.103	0.001
0.05	0.073,0.093	-0.033
0.851	0.369,0.338	0.497
0.019	0.0,0.0	0.019
0.057	0.054,0.0	0.03
0.0	0.0,0.479	-0.239
0.224	0.277,0.24	-0.035
0.462	0.398,0.602	-0.038
0.442	1.0,0.798	-0.457
0.62	0.679,0.571	-0.005
0.954	1.0,1.0	-0.046
1.0	1.0,1.0	0.0
0.998	0.998,0.998	0.0
0.0	0.117,0.066	-0.091
0.97	0.869,0.934	0.069
0.975	0.983,1.0	-0.017
0.062	0.047,0.0	0.038
0.0	0.134,0.032	-0.083
0.3	0.0,NA	0.3
0.0	0.0,0.033	-0.017
0.038	0.114,0.063	-0.05
1.0	0.97,1.0	0.015
0.979	1.0,1.0	-0.021
0.043	0.033,0.0	0.026
0.976	1.0,1.0	-0.024
0.988	1.0,1.0	-0.012
0.921	0.907,0.79	0.073
0.012	0.029,0.036	-0.021
0.976	1.0,1.0	-0.024
0.972	0.977,0.996	-0.014
0.991	0.994,1.0	-0.006
0.993	1.0,1.0	-0.007
0.752	1.0,1.0	-0.248
0.237	0.384,0.135	-0.023
1.0	1.0,0.906	0.047
1.0	1.0,0.655	0.172
0.356	0.632,0.328	-0.124
0.0	0.0,0.31	-0.155
0.993	0.99,0.991	0.003
0.134	0.134,0.077	0.028
0.203	0.308,0.0	0.049
0.042	0.025,0.027	0.016
0.417	0.741,0.642	-0.275
0.783	0.937,0.909	-0.14
0.895	0.971,1.0	-0.091
0.73	0.908,1.0	-0.224
0.482	0.504,1.0	-0.27
0.881	1.0,1.0	-0.119
0.543	0.564,1.0	-0.239
0.904	1.0,1.0	-0.096
0.886	1.0,NA	-0.114
0.049	0.03,0.056	0.006
0.0	0.024,0.14	-0.082
0.489	0.615,1.0	-0.319
0.0	0.143,0.0	-0.071
0.583	0.167,0.618	0.19
0.992	0.992,0.984	0.004
0.612	0.641,0.562	0.01
1.0	0.927,1.0	0.036
0.597	0.33,NA	0.267
0.974	0.943,0.972	0.016
0.311	NA,1.0	-0.689
0.0	0.019,0.01	-0.014
0.178	0.279,0.306	-0.114
0.953	0.99,0.947	-0.015
0.006	0.021,0.007	-0.008
0.67	0.603,NA	0.067
0.81	0.876,1.0	-0.128
0.164	0.181,0.295	-0.074
0.172	0.17,0.28	-0.053
0.0	1.0,1.0	-1.0
0.0	0.311,0.288	-0.299
0.988	1.0,0.964	0.006
1.0	1.0,0.807	0.097
0.91	1.0,0.812	0.004
0.061	0.074,0.07	-0.011
0.928	0.849,1.0	0.004
1.0	1.0,0.806	0.097
0.903	0.702,0.823	0.141
0.073	0.071,0.164	-0.044
1.0	0.242,1.0	0.379
1.0	1.0,0.49	0.255
1.0	0.885,1.0	0.057
0.007	0.009,0.024	-0.01
0.0	NA,1.0	-1.0
0.107	0.213,0.0	0.001
0.612	0.486,NA	0.126
0.975	0.96,1.0	-0.005
0.993	0.985,0.979	0.011
0.977	1.0,0.997	-0.021
0.0	0.143,0.201	-0.172
0.02	0.12,0.045	-0.062
0.57	0.431,0.0	0.354
0.173	0.112,0.042	0.096
1.0	0.688,1.0	0.156
1.0	0.821,1.0	0.09
1.0	0.835,1.0	0.083
1.0	1.0,0.703	0.149
1.0	0.631,1.0	0.184
1.0	0.781,1.0	0.109
1.0	0.841,1.0	0.08
0.903	0.945,1.0	-0.069
0.516	0.63,1.0	-0.299
0.032	0.098,0.02	-0.027
0.0	0.0,0.075	-0.037
0.537	0.279,0.756	0.019
1.0	0.301,1.0	0.35
0.07	0.114,0.0	0.013
0.016	0.017,0.018	-0.002
0.004	0.001,0.006	0.001
0.0	0.305,0.149	-0.227
0.077	0.315,0.579	-0.37
0.05	0.214,0.0	-0.057
0.0	0.097,0.097	-0.097
0.157	0.0,0.0	0.157
0.0	0.007,0.035	-0.021
1.0	0.992,1.0	0.004
0.0	0.155,0.138	-0.147
0.838	1.0,0.664	0.006
0.796	1.0,0.661	-0.034
0.858	1.0,0.687	0.014
0.596	0.766,0.734	-0.154
0.492	0.896,0.763	-0.338
0.206	1.0,1.0	-0.794
0.155	0.229,0.256	-0.087
0.028	0.059,0.034	-0.018
0.0	0.161,0.0	-0.081
0.133	0.252,0.159	-0.073
1.0	1.0,0.592	0.204
1.0	0.986,1.0	0.007
0.978	0.973,0.953	0.015
0.917	0.91,0.789	0.068
1.0	0.412,1.0	0.294
1.0	0.838,0.943	0.11
1.0	1.0,0.713	0.143
0.993	0.954,0.995	0.019
0.962	1.0,0.952	-0.014
0.871	1.0,1.0	-0.129
0.0	0.058,0.0	-0.029
1.0	0.922,0.922	0.078
0.092	0.159,0.0	0.012
1.0	1.0,0.988	0.006
0.13	0.492,0.343	-0.287
0.715	0.877,0.785	-0.116
0.086	0.328,0.299	-0.228
0.947	0.816,0.912	0.083
0.526	0.209,0.0	0.422
0.218	0.04,0.194	0.101
0.0	0.106,0.047	-0.076
0.025	0.137,0.065	-0.076
0.0	0.064,0.0	-0.032
0.234	0.0,0.045	0.212
0.179	0.0,0.077	0.14
0.0	0.0,0.076	-0.038
0.0	0.029,0.044	-0.036
0.015	0.022,0.0	0.004
0.147	0.136,0.112	0.023
1.0	0.712,1.0	0.144
0.334	0.251,0.334	0.042
0.663	0.778,0.95	-0.201
0.952	0.983,1.0	-0.04
0.935	1.0,1.0	-0.065
0.262	0.204,0.382	-0.031
1.0	0.841,1.0	0.08
0.094	0.117,0.568	-0.248
0.489	1.0,1.0	-0.511
0.35	0.185,0.258	0.128
1.0	0.93,1.0	0.035
0.0	0.071,0.133	-0.102
0.025	0.028,0.01	0.006
0.948	1.0,1.0	-0.052
0.453	0.687,0.452	-0.116
0.044	0.0,0.0	0.044
0.046	0.0,0.0	0.046
0.103	0.186,0.155	-0.067
0.0	0.103,0.034	-0.069
0.024	0.01,0.064	-0.013
0.65	0.835,0.642	-0.088
0.147	0.243,0.322	-0.135
0.001	0.002,0.002	-0.001
1.0	1.0,1.0	0.0
1.0	0.642,0.0	0.679
0.973	0.992,1.0	-0.023
0.0	0.079,0.172	-0.126
0.265	0.433,0.164	-0.033
0.969	0.739,0.761	0.219
0.988	0.964,1.0	0.006
0.876	1.0,0.839	-0.043
0.412	0.0,0.091	0.366
0.0	0.011,0.012	-0.011
0.885	0.838,0.845	0.044
1.0	0.768,1.0	0.116
1.0	NA,0.563	0.437
0.958	1.0,1.0	-0.042
0.076	0.093,0.082	-0.011
0.007	0.005,0.022	-0.006
0.011	0.042,0.016	-0.018
1.0	0.982,1.0	0.009
0.301	0.408,0.244	-0.025
0.285	0.12,0.158	0.146
0.976	0.9,0.75	0.151
0.382	0.698,0.552	-0.243
1.0	0.0,NA	1.0
0.826	0.9,1.0	-0.124
0.962	0.901,0.859	0.082
1.0	0.999,1.0	0.0
0.013	0.02,0.0	0.003
1.0	0.783,1.0	0.109
0.024	0.07,0.0	-0.011
0.055	0.04,0.061	0.004
0.597	0.627,0.664	-0.048
0.0	0.0,0.017	-0.009
1.0	1.0,0.973	0.014
0.057	0.114,0.0	0.0
0.584	0.849,1.0	-0.341
0.063	0.293,0.192	-0.179
0.054	0.061,0.347	-0.15
0.182	0.0,0.167	0.098
0.406	0.804,0.45	-0.221
0.436	0.114,0.1	0.329
0.0	NA,1.0	-1.0
0.004	0.019,0.0	-0.005
0.942	0.971,0.944	-0.016
0.0	0.181,0.0	-0.09
0.913	1.0,1.0	-0.087
0.0	1.0,1.0	-1.0
0.049	0.101,0.0	-0.002
0.024	0.049,0.076	-0.038
0.901	1.0,1.0	-0.099
0.956	0.977,1.0	-0.032
1.0	1.0,0.277	0.361
0.242	0.157,0.272	0.027
1.0	0.873,0.95	0.089
0.662	0.872,0.945	-0.246
0.632	0.834,0.93	-0.25
0.216	0.676,0.823	-0.534
1.0	0.93,1.0	0.035
1.0	0.965,1.0	0.018
1.0	0.941,1.0	0.03
0.195	0.519,0.311	-0.22
0.533	0.804,0.778	-0.258
1.0	0.0,0.0	1.0
0.505	0.754,NA	-0.249
1.0	0.0,NA	1.0
1.0	0.398,1.0	0.301
0.013	0.134,0.0	-0.054
0.958	1.0,0.951	-0.018
1.0	1.0,0.229	0.385
1.0	0.912,0.897	0.095
0.187	0.126,0.327	-0.04
0.882	0.658,0.917	0.094
1.0	0.472,1.0	0.264
0.0	0.0,0.159	-0.08
1.0	1.0,0.223	0.388
0.041	0.018,0.0	0.032
0.213	0.105,0.0	0.161
0.012	0.046,0.068	-0.045
0.05	0.0,0.0	0.05
1.0	1.0,0.936	0.032
1.0	0.962,0.99	0.024
0.222	0.144,0.0	0.15
1.0	0.636,0.78	0.292
0.0	0.278,1.0	-0.639
0.0	0.021,0.043	-0.032
0.442	0.0,0.0	0.442
0.059	0.0,0.0	0.059
0.0	1.0,0.0	-0.5
0.801	0.726,0.751	0.063
0.274	0.335,0.206	0.004
1.0	1.0,0.862	0.069
0.016	0.055,0.04	-0.032
1.0	0.0,0.0	1.0
0.597	1.0,1.0	-0.403
1.0	1.0,0.733	0.133
0.438	0.206,0.342	0.164
0.806	0.328,0.506	0.389
0.0	0.08,0.0	-0.04
0.015	0.0,0.0	0.015
0.917	0.929,1.0	-0.047
0.007	0.0,0.0	0.007
0.006	0.019,0.015	-0.011
0.569	0.449,0.565	0.062
0.923	0.977,0.961	-0.046
0.011	0.0,0.0	0.011
0.496	0.721,0.648	-0.189
0.102	0.338,0.255	-0.195
0.739	1.0,1.0	-0.261
0.144	0.122,0.099	0.033
0.053	0.037,0.0	0.035
0.973	0.972,0.978	-0.002
0.0	0.713,0.415	-0.564
1.0	0.958,1.0	0.021
0.433	0.287,0.308	0.136
1.0	0.557,0.545	0.449
1.0	1.0,0.877	0.061
1.0	1.0,0.923	0.038
1.0	0.932,0.821	0.123
0.112	0.168,0.071	-0.007
0.0	1.0,NA	-1.0
0.038	0.029,0.022	0.012
0.488	0.414,0.391	0.086
0.831	0.783,0.471	0.204
0.0	0.0,0.009	-0.004
0.073	0.095,0.095	-0.022
1.0	0.702,1.0	0.149
0.992	1.0,0.997	-0.006
1.0	0.993,1.0	0.004
1.0	0.998,1.0	0.001
0.973	0.988,0.972	-0.007
1.0	1.0,0.959	0.02
0.299	0.648,0.359	-0.205
0.0	0.0,1.0	-0.5
1.0	1.0,0.792	0.104
0.069	0.038,0.11	-0.005
0.901	0.818,0.925	0.03
0.286	0.371,0.174	0.014
0.029	0.005,0.023	0.015
0.568	NA,0.0	0.568
0.948	0.963,1.0	-0.034
0.0	0.401,0.308	-0.355
0.849	1.0,1.0	-0.151
0.0	0.03,0.042	-0.036
0.0	0.046,0.0	-0.023
0.075	0.0,0.0	0.075
1.0	0.8,0.929	0.135
0.268	0.128,0.423	-0.007
0.894	0.805,0.898	0.042
1.0	0.0,0.0	1.0
1.0	0.0,0.0	1.0
1.0	0.959,1.0	0.02
0.332	0.29,0.0	0.187
0.988	1.0,1.0	-0.012
0.148	0.268,0.187	-0.08
0.782	0.611,0.777	0.088
0.0	0.081,0.0	-0.041
0.872	0.715,1.0	0.015
1.0	0.86,1.0	0.07
0.13	0.196,NA	-0.066
0.939	0.874,0.809	0.097
0.028	0.011,0.0	0.022
0.073	0.111,0.181	-0.073
0.75	0.758,0.643	0.049
0.629	1.0,0.297	-0.019
0.151	1.0,1.0	-0.849
1.0	0.951,1.0	0.024
0.418	0.363,0.483	-0.005
0.0	0.075,0.042	-0.058
0.0	0.278,0.0	-0.139
0.702	0.832,0.747	-0.088
0.0	0.516,0.865	-0.691
1.0	0.992,1.0	0.004
0.374	0.838,0.53	-0.31
0.006	0.03,0.014	-0.016
0.074	0.174,0.315	-0.17
0.973	1.0,0.726	0.11
0.905	0.869,1.0	-0.029
0.437	0.778,0.811	-0.357
0.008	0.017,0.019	-0.01
0.0	0.004,0.0	-0.002
0.966	1.0,1.0	-0.034
0.0	0.133,0.032	-0.083
0.061	0.0,0.029	0.046
0.519	0.752,0.842	-0.278
0.0	0.147,0.227	-0.187
1.0	0.992,0.954	0.027
0.896	0.787,0.918	0.043
0.108	0.2,0.31	-0.147
0.434	0.606,NA	-0.172
1.0	0.738,0.749	0.256
0.148	0.466,0.179	-0.175
0.476	0.476,NA	0.0
0.0	0.041,0.0	-0.021
0.131	0.266,0.133	-0.069
0.024	0.036,0.0	0.006
0.022	0.0,0.0	0.022
0.447	0.0,NA	0.447
0.828	0.887,1.0	-0.116
0.849	1.0,1.0	-0.151
0.021	0.061,0.057	-0.038
0.572	0.632,0.255	0.128
0.091	0.178,0.18	-0.088
0.871	0.794,0.812	0.068
0.554	0.0,NA	0.554
0.888	0.832,NA	0.056
0.0	0.0,0.265	-0.133
0.076	0.143,0.0	0.005
0.013	0.013,0.006	0.003
1.0	0.36,1.0	0.32
0.055	0.129,0.03	-0.025
0.436	1.0,1.0	-0.564
0.123	0.395,0.0	-0.075
0.011	0.013,0.017	-0.004
0.0	1.0,NA	-1.0
0.659	1.0,0.108	0.105
0.744	1.0,0.892	-0.202
0.0	0.0,0.121	-0.06
1.0	0.528,0.359	0.556
0.356	0.181,0.216	0.157
0.0	0.163,0.327	-0.245
0.941	1.0,1.0	-0.059
0.136	0.291,0.863	-0.441
0.0	0.0,0.476	-0.238
0.0	NA,0.387	-0.387
0.701	0.904,1.0	-0.251
1.0	0.697,NA	0.303
1.0	0.987,1.0	0.006
1.0	0.326,NA	0.674
1.0	0.995,1.0	0.002
0.681	0.907,0.943	-0.244
0.119	0.38,0.711	-0.426
0.809	0.729,0.837	0.026
0.966	1.0,1.0	-0.034
0.711	0.669,0.935	-0.091
1.0	0.51,0.589	0.451
1.0	0.982,0.946	0.036
0.0	0.103,0.0	-0.051
0.0	0.12,0.155	-0.138
0.0	1.0,1.0	-1.0
0.489	0.496,0.754	-0.136
0.18	0.037,0.0	0.162
1.0	0.128,1.0	0.436
0.002	0.0,0.0	0.002
1.0	0.947,1.0	0.026
1.0	0.863,1.0	0.069
0.0	0.0,1.0	-0.5
0.271	0.0,1.0	-0.229
1.0	0.458,1.0	0.271
1.0	0.7,1.0	0.15
0.045	0.163,0.385	-0.229
0.425	1.0,1.0	-0.575
1.0	0.84,0.384	0.388
1.0	1.0,0.42	0.29
0.0	0.042,0.0	-0.021
0.259	0.247,0.304	-0.016
0.207	0.126,0.105	0.091
0.695	0.637,0.969	-0.108
0.892	0.889,0.894	0.001
0.638	0.58,0.962	-0.133
1.0	1.0,0.739	0.131
0.0	NA,1.0	-1.0
1.0	0.74,1.0	0.13
0.159	0.124,NA	0.035
0.296	0.457,NA	-0.161
0.041	0.293,0.141	-0.176
0.029	0.078,0.0	-0.01
0.088	0.081,0.0	0.047
0.948	1.0,1.0	-0.052
0.832	0.887,0.925	-0.074
1.0	0.195,0.297	0.754
0.901	0.948,1.0	-0.073
0.952	1.0,0.856	0.024
0.144	0.274,0.0	0.007
0.043	0.044,0.0	0.021
1.0	1.0,0.682	0.159
0.233	0.262,0.415	-0.106
0.009	0.08,0.024	-0.043
0.0	0.085,0.0	-0.043
0.0	0.492,1.0	-0.746
0.526	0.0,NA	0.526
0.056	0.292,0.485	-0.332
1.0	0.71,1.0	0.145
0.0	0.081,0.0	-0.041
1.0	0.0,1.0	0.5
0.08	0.205,0.146	-0.095
0.063	0.045,0.091	-0.005
0.291	0.0,0.0	0.291
1.0	0.892,1.0	0.054
1.0	0.785,1.0	0.107
0.953	1.0,0.851	0.027
0.011	0.003,0.0	0.009
0.0	0.341,0.432	-0.387
1.0	0.925,1.0	0.037
0.732	0.414,1.0	0.025
0.79	0.85,1.0	-0.135
1.0	0.79,0.895	0.157
0.099	0.27,0.18	-0.126
0.782	1.0,1.0	-0.218
0.266	0.143,0.182	0.104
0.0	0.123,0.0	-0.061
0.612	1.0,1.0	-0.388
0.053	0.087,0.0	0.01
0.0	0.041,0.02	-0.03
0.079	0.074,0.076	0.004
0.034	0.04,0.053	-0.012
0.536	0.698,0.714	-0.17
0.0	1.0,1.0	-1.0
0.034	0.0,0.192	-0.062
0.853	0.868,0.884	-0.023
0.977	0.99,0.978	-0.007
0.052	0.081,0.051	-0.014
0.005	0.023,0.0	-0.006
0.035	0.158,0.162	-0.125
0.042	0.206,0.163	-0.142
0.677	0.795,1.0	-0.22
0.111	0.301,0.432	-0.256
0.743	1.0,0.891	-0.203
0.366	0.366,0.366	0.0
0.755	0.762,1.0	-0.126
0.779	0.613,0.306	0.32
0.0	0.0,1.0	-0.5
1.0	0.982,0.949	0.034
0.0	0.039,0.0	-0.019
0.078	0.109,0.163	-0.058
1.0	1.0,0.896	0.052
1.0	0.714,0.874	0.206
0.697	0.931,0.953	-0.245
0.992	0.982,1.0	0.001
0.075	0.101,0.022	0.013
0.427	0.499,0.278	0.038
1.0	1.0,0.681	0.159
0.287	0.361,0.602	-0.195
0.384	0.0,0.0	0.384
0.649	1.0,1.0	-0.351
0.018	0.061,0.049	-0.037
0.112	0.203,0.202	-0.091
1.0	0.934,0.95	0.058
0.187	0.233,0.07	0.035
0.997	0.997,0.987	0.005
0.717	0.493,0.661	0.14
1.0	1.0,0.0	0.5
1.0	1.0,0.864	0.068
0.214	0.125,0.034	0.135
0.697	1.0,1.0	-0.303
0.454	0.833,NA	-0.379
0.0	0.217,0.24	-0.228
0.151	0.0,0.137	0.082
1.0	1.0,0.761	0.119
0.428	0.273,0.36	0.111
0.372	0.0,0.0	0.372
0.111	0.041,0.0	0.09
0.528	0.507,0.554	-0.002
0.258	0.066,0.0	0.225
1.0	0.765,1.0	0.117
0.235	0.321,0.586	-0.219
0.19	0.273,0.633	-0.263
0.017	0.035,0.01	-0.006
0.0	0.06,1.0	-0.53
0.922	0.912,1.0	-0.034
0.748	0.8,0.447	0.124
0.883	0.801,1.0	-0.018
0.94	0.883,1.0	-0.002
0.107	0.0,0.0	0.107
0.037	0.159,0.406	-0.246
1.0	0.938,1.0	0.031
1.0	0.44,1.0	0.28
0.305	0.386,0.363	-0.07
0.014	0.04,0.0	-0.006
1.0	0.943,1.0	0.028
0.1	0.174,0.455	-0.214
0.012	0.059,0.018	-0.026
0.954	0.913,0.923	0.036
0.912	1.0,1.0	-0.088
0.66	0.795,0.693	-0.084
1.0	0.551,NA	0.449
0.61	1.0,NA	-0.39
0.0	0.0,0.061	-0.03
0.024	0.0,0.061	-0.006
0.986	1.0,0.969	0.002
0.884	1.0,1.0	-0.116
0.948	0.93,1.0	-0.017
0.412	0.512,0.423	-0.056
0.383	0.0,0.0	0.383
0.057	0.0,0.0	0.057
0.0	1.0,0.394	-0.697
1.0	1.0,0.946	0.027
0.685	1.0,NA	-0.315
0.785	1.0,NA	-0.215
0.236	0.399,0.0	0.036
0.0	1.0,0.0	-0.5
0.862	1.0,1.0	-0.138
0.597	NA,1.0	-0.403
1.0	0.852,1.0	0.074
0.303	0.334,0.232	0.02
0.116	0.055,0.092	0.043
0.0	0.012,0.031	-0.021
0.957	1.0,0.854	0.03
0.543	0.61,0.558	-0.041
1.0	1.0,0.731	0.135
0.941	1.0,1.0	-0.059
0.0	0.303,0.223	-0.263
0.0	0.219,0.0	-0.11
0.0	0.0,0.117	-0.059
0.0	0.729,1.0	-0.865
0.892	0.81,0.654	0.16
1.0	1.0,0.944	0.028
0.019	0.011,0.005	0.011
0.0	0.111,0.0	-0.056
0.082	0.546,0.527	-0.454
0.975	1.0,1.0	-0.025
0.243	0.82,0.896	-0.615
0.0	0.067,0.0	-0.034
0.117	0.298,0.488	-0.276
0.0	0.235,0.068	-0.151
0.0	0.652,0.484	-0.568
0.628	0.633,0.637	-0.007
1.0	1.0,0.811	0.095
0.943	1.0,0.978	-0.046
0.967	1.0,0.983	-0.025
1.0	0.714,1.0	0.143
0.806	0.732,1.0	-0.06
0.098	0.304,0.168	-0.138
0.038	0.043,0.025	0.004
0.0	0.062,0.0	-0.031
0.0	0.0,0.087	-0.043
0.706	0.717,1.0	-0.153
0.527	0.48,0.43	0.072
1.0	1.0,0.984	0.008
0.429	0.468,0.506	-0.058
0.192	0.049,0.0	0.168
0.0	0.213,0.104	-0.159
0.293	0.357,0.171	0.029
0.593	1.0,1.0	-0.407
0.143	0.189,0.065	0.016
0.975	1.0,1.0	-0.025
0.125	0.132,0.023	0.048
0.056	0.103,0.0	0.005
0.206	0.347,0.388	-0.162
0.198	0.341,0.398	-0.172
0.911	1.0,1.0	-0.089
0.0	1.0,0.237	-0.619
0.914	0.825,0.726	0.139
0.836	1.0,1.0	-0.164
0.62	0.0,1.0	0.12
0.058	0.095,0.129	-0.054
0.964	1.0,1.0	-0.036
0.155	NA,0.0	0.155
0.582	1.0,0.614	-0.225
0.908	1.0,0.843	-0.013
0.66	1.0,1.0	-0.34
1.0	0.943,0.852	0.103
0.73	1.0,1.0	-0.27
0.005	0.02,0.005	-0.008
0.048	0.096,0.086	-0.043
0.494	0.183,0.295	0.255
1.0	0.0,NA	1.0
0.016	0.013,0.048	-0.014
0.526	0.546,0.41	0.048
0.039	0.046,0.0	0.016
0.481	0.0,0.0	0.481
0.762	1.0,1.0	-0.238
0.434	0.22,0.434	0.107
0.0	0.079,0.0	-0.04
0.212	0.517,0.436	-0.265
0.021	0.061,0.244	-0.132
0.0	0.066,0.0	-0.033
0.054	0.126,0.07	-0.044
1.0	0.976,1.0	0.012
0.986	0.994,0.991	-0.006
0.047	0.31,0.302	-0.259
1.0	1.0,0.98	0.01
0.0	0.036,0.0	-0.018
0.203	0.269,0.0	0.069
0.492	NA,0.0	0.492
0.868	1.0,1.0	-0.132
0.0	1.0,1.0	-1.0
1.0	0.825,0.756	0.21
0.534	0.197,0.401	0.235
1.0	0.93,1.0	0.035
0.415	0.151,0.639	0.02
0.968	0.982,1.0	-0.023
0.0	0.0,0.078	-0.039
0.612	1.0,NA	-0.388
0.015	0.0,0.231	-0.101
0.233	0.0,0.0	0.233
0.012	0.013,0.005	0.003
0.004	0.005,0.017	-0.007
1.0	0.924,1.0	0.038
0.084	0.0,0.0	0.084
0.035	0.031,0.024	0.008
0.0	NA,0.469	-0.469
0.0	0.0,0.096	-0.048
0.0	0.237,0.249	-0.243
0.064	0.085,0.146	-0.051
0.087	0.201,0.194	-0.111
0.872	1.0,1.0	-0.128
0.485	1.0,1.0	-0.515
0.988	0.979,1.0	-0.002
0.449	0.62,1.0	-0.361
0.0	0.112,0.016	-0.064
0.075	0.206,0.228	-0.142
1.0	0.986,1.0	0.007
0.717	0.814,NA	-0.097
0.007	0.014,0.022	-0.011
0.0	0.0,0.023	-0.011
0.949	0.958,1.0	-0.03
0.0	1.0,NA	-1.0
0.0	0.258,0.258	-0.258
0.57	0.0,0.398	0.371
1.0	0.689,1.0	0.155
1.0	0.996,1.0	0.002
0.864	0.784,0.885	0.029
0.0	0.182,0.472	-0.327
1.0	0.903,1.0	0.048
0.0	1.0,0.0	-0.5
0.658	1.0,1.0	-0.342
0.666	0.818,0.822	-0.154
0.249	1.0,1.0	-0.751
0.013	0.003,0.001	0.011
0.0	0.0,0.043	-0.021
1.0	1.0,0.937	0.031
0.934	1.0,0.945	-0.038
0.906	1.0,0.949	-0.068
0.905	1.0,0.948	-0.069
0.0	0.882,0.74	-0.811
0.0	0.88,0.737	-0.808
0.13	0.0,0.178	0.041
0.0	0.0,0.03	-0.015
0.437	1.0,0.28	-0.203
0.0	0.327,0.0	-0.164
0.226	1.0,0.196	-0.372
1.0	1.0,0.913	0.043
0.872	0.897,0.944	-0.048
1.0	0.726,1.0	0.137
0.084	0.172,0.277	-0.141
0.009	0.013,0.0	0.002
0.6	0.529,0.0	0.335
0.927	1.0,1.0	-0.073
0.0	0.398,0.0	-0.199
0.0	0.071,0.139	-0.105
0.041	0.095,0.218	-0.115
0.602	0.578,0.621	0.003
0.378	0.725,0.664	-0.317
1.0	0.352,1.0	0.324
0.114	1.0,1.0	-0.886
0.098	1.0,1.0	-0.902
0.14	0.221,0.363	-0.152
0.096	0.0,0.0	0.096
0.918	0.867,0.945	0.012
1.0	1.0,0.579	0.211
0.481	0.321,0.806	-0.083
1.0	0.858,1.0	0.071
0.472	0.279,0.554	0.055
0.0	0.0,0.062	-0.031
0.299	NA,1.0	-0.701
0.15	0.167,0.107	0.013
0.909	0.755,0.871	0.096
0.902	0.888,0.739	0.089
1.0	0.663,1.0	0.168
1.0	0.366,1.0	0.317
0.034	0.0,0.0	0.034
1.0	0.892,1.0	0.054
0.0	0.296,0.018	-0.157
0.226	0.258,0.068	0.063
0.0	NA,1.0	-1.0
0.919	0.947,0.974	-0.041
0.938	0.934,0.943	-0.001
0.87	0.887,1.0	-0.074
0.313	0.527,0.489	-0.195
0.245	0.109,0.0	0.191
1.0	1.0,0.793	0.103
0.308	0.0,0.0	0.308
0.912	1.0,1.0	-0.088
1.0	0.945,0.964	0.046
1.0	0.995,1.0	0.002
0.654	1.0,1.0	-0.346
0.078	0.2,0.394	-0.219
0.898	1.0,1.0	-0.102
1.0	1.0,0.832	0.084
1.0	NA,0.597	0.403
0.661	1.0,NA	-0.339
0.007	0.048,0.037	-0.035
0.012	0.0,0.0	0.012
1.0	0.865,1.0	0.068
0.036	0.005,0.0	0.033
0.24	0.388,NA	-0.148
1.0	0.852,0.906	0.121
0.977	1.0,1.0	-0.023
1.0	0.748,0.748	0.252
1.0	0.763,0.778	0.23
0.662	1.0,1.0	-0.338
0.964	1.0,0.954	-0.013
0.136	0.148,0.206	-0.041
0.072	0.145,0.0	-0.001
0.619	1.0,0.596	-0.179
1.0	0.908,1.0	0.046
1.0	0.908,1.0	0.046
0.24	0.345,0.232	-0.048
0.841	0.895,0.96	-0.087
0.004	0.012,0.013	-0.009
0.993	1.0,1.0	-0.007
0.318	1.0,1.0	-0.682
0.143	0.304,0.397	-0.208
0.91	0.973,1.0	-0.076
0.183	0.519,0.512	-0.333
0.388	0.245,0.261	0.135
0.941	0.938,1.0	-0.028
0.013	0.019,0.018	-0.005
0.928	0.922,0.931	0.001
0.0	0.0,0.056	-0.028
0.564	0.768,0.836	-0.238
1.0	0.8,0.884	0.158
1.0	0.948,0.965	0.044
0.008	0.009,0.042	-0.018
0.041	0.0,0.283	-0.1
0.0	0.114,0.0	-0.057
0.504	0.298,0.286	0.212
1.0	1.0,0.484	0.258
0.07	0.122,0.048	-0.015
0.115	0.135,0.198	-0.052
0.0	0.098,0.0	-0.049
0.301	0.458,0.148	-0.002
0.98	0.95,1.0	0.005
0.218	0.229,0.209	-0.001
0.175	0.117,0.614	-0.191
0.036	0.0,0.02	0.026
0.0	0.011,0.021	-0.016
0.04	0.05,0.113	-0.042
0.001	0.0,0.0	0.001
0.001	0.0,0.0	0.001
1.0	NA,0.0	1.0
0.692	1.0,1.0	-0.308
0.939	1.0,1.0	-0.061
0.017	0.031,0.0	0.002
1.0	0.915,1.0	0.042
1.0	0.894,1.0	0.053
0.705	0.932,0.85	-0.186
0.235	0.38,0.291	-0.101
0.112	0.187,0.172	-0.067
0.767	0.977,0.865	-0.154
0.208	0.342,0.239	-0.082
0.805	0.723,0.678	0.105
0.088	0.092,0.18	-0.048
0.708	0.695,0.817	-0.048
0.01	0.0,0.0	0.01
1.0	0.918,1.0	0.041
0.015	0.023,0.018	-0.005
1.0	0.894,1.0	0.053
0.326	0.356,0.554	-0.129
1.0	0.897,0.927	0.088
0.077	0.0,0.0	0.077
0.0	1.0,NA	-1.0
0.8	1.0,0.906	-0.153
0.149	0.612,0.417	-0.365
0.0	0.072,0.165	-0.118
0.945	1.0,1.0	-0.055
0.248	0.0,0.0	0.248
0.063	0.109,0.071	-0.027
0.206	0.079,0.0	0.166
0.05	0.043,0.0	0.029
0.0	0.076,0.0	-0.038
1.0	0.0,NA	1.0
1.0	0.716,NA	0.284
1.0	1.0,0.639	0.18
1.0	0.661,0.687	0.326
1.0	0.771,0.749	0.24
0.756	1.0,0.727	-0.107
1.0	0.746,0.631	0.311
1.0	0.821,0.717	0.231
1.0	0.803,0.736	0.23
0.032	0.172,0.0	-0.054
1.0	0.143,0.0	0.928
0.0	1.0,1.0	-1.0
0.0	0.039,0.121	-0.08
0.323	0.0,0.0	0.323
0.0	0.034,0.0	-0.017
0.0	NA,1.0	-1.0
0.136	0.297,0.184	-0.104
0.053	0.02,0.016	0.035
0.0	0.007,0.0	-0.004
1.0	0.735,1.0	0.133
1.0	0.0,NA	1.0
0.121	0.507,0.0	-0.133
0.974	0.972,0.868	0.054
0.229	0.069,0.368	0.011
0.017	0.129,0.06	-0.077
0.896	0.826,0.858	0.054
0.027	0.148,0.21	-0.152
0.098	0.245,0.154	-0.102
0.168	0.073,0.476	-0.106
1.0	0.55,0.459	0.495
0.103	0.0,0.029	0.088
0.0	0.133,0.0	-0.067
0.14	0.089,0.0	0.096
0.431	0.346,0.572	-0.028
0.794	0.743,0.746	0.05
0.075	0.164,0.083	-0.049
1.0	1.0,0.914	0.043
0.021	0.056,0.033	-0.023
0.019	0.0,0.01	0.014
0.0	0.014,0.0	-0.007
0.058	0.0,0.0	0.058
1.0	1.0,0.829	0.086
0.179	0.807,0.71	-0.579
0.729	0.445,0.456	0.278
0.502	0.385,0.417	0.101
0.941	1.0,1.0	-0.059
0.758	0.762,0.962	-0.104
1.0	0.971,1.0	0.014
0.043	0.0,0.0	0.043
0.995	1.0,1.0	-0.005
0.101	0.056,0.204	-0.029
0.141	0.0,NA	0.141
0.0	0.165,0.081	-0.123
1.0	0.698,1.0	0.151
0.984	0.99,0.976	0.001
0.979	1.0,1.0	-0.021
0.211	0.341,0.324	-0.122
0.762	1.0,1.0	-0.238
0.0	0.0,0.017	-0.009
0.913	0.936,1.0	-0.055
0.891	0.931,1.0	-0.075
0.97	0.96,0.98	0.0
0.757	0.701,1.0	-0.094
0.105	0.129,0.172	-0.045
0.173	0.282,0.278	-0.107
0.107	0.0,0.0	0.107
1.0	1.0,0.938	0.031
0.0	0.121,0.0	-0.06
0.924	1.0,1.0	-0.076
0.359	1.0,1.0	-0.641
0.802	0.139,0.104	0.681
0.998	1.0,1.0	-0.002
0.148	0.165,0.074	0.028
1.0	0.107,1.0	0.447
0.24	1.0,0.688	-0.604
0.23	1.0,0.677	-0.609
0.226	1.0,0.672	-0.61
1.0	0.0,NA	1.0
0.823	0.94,0.912	-0.103
0.007	0.084,0.0	-0.035
1.0	0.938,1.0	0.031
0.74	1.0,1.0	-0.26
0.021	0.019,0.0	0.012
0.003	0.003,0.007	-0.002
0.0	1.0,1.0	-1.0
0.0	1.0,1.0	-1.0
0.26	0.038,0.084	0.199
1.0	0.305,NA	0.695
0.99	1.0,1.0	-0.01
1.0	NA,0.0	1.0
1.0	1.0,0.0	0.5
0.0	0.181,0.0	-0.09
0.28	0.232,0.0	0.164
1.0	0.422,0.422	0.578
0.412	0.0,1.0	-0.088
0.251	0.309,1.0	-0.403
0.293	1.0,0.283	-0.348
0.0	0.0,0.397	-0.199
0.047	0.049,0.087	-0.021
0.88	0.94,1.0	-0.09
0.959	0.988,0.989	-0.029
1.0	0.695,1.0	0.153
1.0	0.946,1.0	0.027
1.0	0.728,0.654	0.309
0.966	1.0,1.0	-0.034
0.352	0.577,0.17	-0.022
0.033	0.038,0.032	-0.002
0.032	0.0,0.016	0.024
0.0	0.008,0.0	-0.004
1.0	0.856,1.0	0.072
0.771	1.0,1.0	-0.229
1.0	1.0,0.738	0.131
1.0	NA,0.0	1.0
0.135	0.182,0.094	-0.003
0.083	0.244,0.196	-0.137
0.947	1.0,1.0	-0.053
0.009	0.032,0.083	-0.049
0.96	1.0,1.0	-0.04
0.992	1.0,1.0	-0.008
0.946	1.0,1.0	-0.054
0.981	1.0,0.966	-0.002
0.027	0.0,0.016	0.019
0.0	0.058,0.338	-0.198
0.085	0.032,0.132	0.003
0.043	0.132,0.067	-0.057
0.004	0.004,0.019	-0.007
0.794	0.49,0.0	0.549
0.346	0.448,0.212	0.016
0.689	1.0,1.0	-0.311
0.914	1.0,NA	-0.086
0.971	1.0,1.0	-0.029
0.652	0.513,0.89	-0.049
0.14	0.091,0.041	0.074
1.0	0.937,1.0	0.031
0.768	0.623,0.453	0.23
0.036	0.0,0.0	0.036
0.25	0.233,0.062	0.102
0.013	0.0,0.02	0.003
0.0	0.17,0.0	-0.085
1.0	0.0,NA	1.0
0.698	0.755,0.279	0.181
0.813	0.874,0.724	0.014
1.0	1.0,0.614	0.193
1.0	1.0,0.0	0.5
0.0	0.223,NA	-0.223
0.0	0.436,1.0	-0.718
0.962	0.979,1.0	-0.028
0.0	0.158,NA	-0.158
0.972	1.0,1.0	-0.028
0.878	1.0,1.0	-0.122
0.177	0.349,NA	-0.172
0.062	0.098,0.036	-0.005
1.0	1.0,0.723	0.139
0.014	0.111,0.084	-0.084
0.11	0.361,0.318	-0.23
0.0	0.038,0.0	-0.019
0.139	0.547,1.0	-0.635
0.167	0.232,0.308	-0.103
0.24	0.0,0.192	0.144
0.104	0.2,0.208	-0.1
0.03	0.215,0.208	-0.181
0.436	0.464,0.432	-0.012
0.63	NA,0.0	0.63
0.003	0.036,0.017	-0.024
0.0	1.0,NA	-1.0
0.0	0.0,0.136	-0.068
1.0	0.845,0.796	0.179
0.017	0.016,0.019	-0.001
0.028	0.143,0.27	-0.179
1.0	0.767,1.0	0.117
0.03	0.0,0.0	0.03
0.539	0.593,0.42	0.033
0.02	0.102,0.054	-0.058
0.0	0.0,0.022	-0.011
1.0	0.245,0.0	0.877
0.0	1.0,0.69	-0.845
0.0	1.0,0.341	-0.67
0.0	1.0,0.352	-0.676
0.004	0.015,0.005	-0.006
0.859	0.918,0.701	0.049
0.084	0.349,0.315	-0.248
1.0	0.834,0.797	0.184
0.964	0.992,1.0	-0.032
0.963	0.992,1.0	-0.033
0.979	1.0,1.0	-0.021
0.101	0.074,0.12	0.004
0.0	0.318,0.559	-0.439
0.205	0.309,0.079	0.011
0.899	0.905,1.0	-0.053
0.956	1.0,1.0	-0.044
0.0	0.05,0.156	-0.103
0.918	0.63,0.724	0.241
0.495	0.512,0.0	0.239
0.558	0.401,0.481	0.117
0.156	0.226,0.569	-0.241
0.079	0.042,0.021	0.048
0.104	1.0,1.0	-0.896
0.937	1.0,0.533	0.171
0.863	0.588,0.588	0.275
1.0	0.998,1.0	0.001
0.047	0.022,0.016	0.028
0.0	0.482,1.0	-0.741
0.737	1.0,NA	-0.263
0.096	0.458,0.15	-0.208
0.143	0.038,0.087	0.08
0.446	0.055,0.334	0.252
0.0	0.237,0.189	-0.213
0.0	0.0,1.0	-0.5
0.0	0.131,0.139	-0.135
0.068	0.128,0.086	-0.039
0.379	0.403,1.0	-0.323
0.551	0.285,0.199	0.309
0.166	0.669,0.289	-0.313
0.961	1.0,1.0	-0.039
0.654	0.85,1.0	-0.271
0.6	0.721,0.564	-0.042
1.0	0.962,1.0	0.019
0.063	0.062,0.0	0.032
0.993	0.992,0.989	0.003
0.187	0.142,0.238	-0.003
0.134	0.0,0.359	-0.045
0.015	0.036,0.0	-0.003
0.834	0.936,0.853	-0.061
0.378	1.0,1.0	-0.622
0.246	0.239,0.118	0.068
0.999	1.0,1.0	-0.001
0.258	NA,0.0	0.258
0.414	1.0,0.0	-0.086
0.752	1.0,NA	-0.248
1.0	0.892,1.0	0.054
0.402	0.478,0.543	-0.108
0.0	0.0,0.05	-0.025
1.0	1.0,0.262	0.369
0.578	0.578,0.578	0.0
0.037	0.092,0.0	-0.009
0.0	0.466,NA	-0.466
0.071	0.081,0.176	-0.058
0.868	0.837,1.0	-0.05
0.0	0.073,0.0	-0.036
0.02	0.063,0.114	-0.068
1.0	0.348,0.609	0.522
0.023	0.022,0.017	0.003
0.036	0.205,0.042	-0.087
0.0	0.122,0.357	-0.239
0.0	0.0,0.117	-0.059
0.63	0.298,0.43	0.266
0.034	0.06,0.056	-0.024
0.981	1.0,1.0	-0.019
0.998	1.0,1.0	-0.002
0.32	0.215,0.779	-0.177
0.699	0.687,1.0	-0.145
1.0	0.595,1.0	0.203
1.0	0.0,0.453	0.773
0.456	NA,1.0	-0.544
1.0	NA,0.0	1.0
0.293	0.0,0.0	0.293
0.293	1.0,NA	-0.707
0.731	0.839,1.0	-0.189
1.0	0.921,1.0	0.039
0.363	0.461,1.0	-0.368
1.0	0.751,0.691	0.279
0.886	0.756,1.0	0.008
0.233	0.0,0.092	0.187
0.293	0.237,1.0	-0.326
0.028	0.0,0.013	0.022
0.904	0.96,0.965	-0.058
1.0	0.627,NA	0.373
0.719	0.39,0.19	0.429
0.0	NA,1.0	-1.0
0.732	1.0,1.0	-0.268
0.047	0.059,0.0	0.018
0.109	0.01,0.224	-0.008
0.0	0.007,0.0	-0.004
0.749	1.0,1.0	-0.251
1.0	0.933,1.0	0.033
1.0	1.0,0.191	0.404
0.876	0.966,0.947	-0.08
0.733	0.884,1.0	-0.209
1.0	1.0,0.815	0.093
0.743	0.892,1.0	-0.203
0.755	0.887,1.0	-0.189
0.506	0.799,1.0	-0.393
0.61	1.0,1.0	-0.39
0.131	0.136,0.132	-0.003
0.079	0.036,0.136	-0.007
0.051	0.13,0.088	-0.058
0.009	0.011,0.011	-0.002
0.06	0.0,0.0	0.06
0.66	0.781,0.722	-0.092
0.135	0.162,0.195	-0.043
0.245	0.0,0.112	0.189
0.039	0.065,0.157	-0.072
0.989	1.0,0.978	0.0
0.961	0.967,0.93	0.012
1.0	0.949,1.0	0.026
0.968	0.957,1.0	-0.01
0.945	0.925,1.0	-0.018
0.985	1.0,0.976	-0.003
0.499	0.289,0.358	0.175
0.454	0.0,NA	0.454
0.764	1.0,1.0	-0.236
0.0	1.0,1.0	-1.0
0.025	0.0,0.101	-0.026
1.0	0.606,0.434	0.48
1.0	0.965,0.992	0.022
0.152	0.499,0.127	-0.161
1.0	0.797,1.0	0.101
0.972	0.895,1.0	0.024
0.865	0.886,0.92	-0.038
0.988	0.993,1.0	-0.008
0.992	0.976,1.0	0.004
0.979	0.929,1.0	0.014
0.515	0.459,0.307	0.132
1.0	0.867,1.0	0.067
1.0	0.873,1.0	0.064
0.542	0.558,0.687	-0.081
0.909	0.907,0.879	0.016
0.928	0.862,0.831	0.082
0.506	0.406,0.406	0.1
0.0	0.0,0.119	-0.059
0.321	0.654,0.0	-0.006
1.0	0.694,1.0	0.153
0.482	0.0,NA	0.482
0.836	NA,1.0	-0.164
0.949	0.952,1.0	-0.027
1.0	0.334,1.0	0.333
1.0	0.449,0.679	0.436
0.0	0.275,NA	-0.275
0.025	0.153,1.0	-0.551
0.745	0.0,0.745	0.372
0.976	1.0,1.0	-0.024
1.0	0.788,1.0	0.106
0.991	1.0,1.0	-0.009
0.105	0.337,0.069	-0.098
1.0	0.896,1.0	0.052
1.0	1.0,0.805	0.097
0.011	0.0,0.0	0.011
0.759	1.0,1.0	-0.241
0.073	0.0,0.055	0.045
0.023	0.036,0.057	-0.024
1.0	0.995,0.993	0.006
0.825	0.779,1.0	-0.065
0.656	0.721,0.667	-0.038
1.0	0.963,1.0	0.018
0.581	NA,1.0	-0.419
0.137	1.0,1.0	-0.863
0.237	1.0,1.0	-0.763
0.101	1.0,0.402	-0.6
0.179	1.0,0.395	-0.518
0.822	0.882,1.0	-0.119
0.967	0.968,1.0	-0.017
0.858	0.902,1.0	-0.093
0.973	1.0,0.971	-0.013
0.774	1.0,0.857	-0.154
0.068	0.077,0.153	-0.047
0.839	0.904,1.0	-0.113
1.0	0.182,1.0	0.409
1.0	0.925,1.0	0.037
0.31	0.703,1.0	-0.541
1.0	0.963,1.0	0.018
0.1	0.122,0.073	0.003
0.436	0.205,0.382	0.143
0.835	0.88,0.377	0.206
1.0	1.0,0.759	0.121
0.0	0.0,0.026	-0.013
0.025	0.009,0.045	-0.002
0.798	0.749,1.0	-0.077
0.109	0.034,0.08	0.052
0.189	0.251,0.23	-0.051
1.0	0.821,1.0	0.09
1.0	0.926,1.0	0.037
0.0	0.481,0.236	-0.358
0.186	0.021,0.128	0.112
0.126	0.035,0.102	0.057
0.594	0.262,0.0	0.463
0.108	0.488,0.71	-0.491
1.0	0.917,0.973	0.055
1.0	0.667,0.885	0.224
0.0	0.009,0.0	-0.004
0.06	0.157,0.133	-0.085
0.028	0.046,0.022	-0.006
0.016	0.017,0.042	-0.014
0.568	0.396,0.247	0.246
0.407	0.481,0.308	0.013
0.051	0.0,0.0	0.051
0.656	0.0,0.241	0.536
0.336	0.42,0.192	0.03
0.28	0.58,0.623	-0.321
0.075	0.103,0.17	-0.062
1.0	0.983,1.0	0.008
0.178	0.358,0.0	-0.001
0.645	0.464,0.572	0.127
1.0	0.519,NA	0.481
0.0	NA,1.0	-1.0
1.0	NA,0.0	1.0
0.972	0.948,0.982	0.007
0.0	0.006,0.0	-0.003
0.0	0.06,0.044	-0.052
0.325	0.088,0.084	0.239
1.0	0.572,1.0	0.214
0.084	0.0,0.187	-0.009
0.016	0.0,0.1	-0.034
0.459	1.0,1.0	-0.541
0.0	1.0,0.0	-0.5
0.729	0.637,0.813	0.004
1.0	1.0,0.89	0.055
0.319	NA,0.247	0.072
0.05	0.055,0.044	0.001
0.188	1.0,0.0	-0.312
0.931	0.964,0.957	-0.029
1.0	0.654,1.0	0.173
0.031	0.044,0.036	-0.009
1.0	0.96,0.952	0.044
1.0	0.997,1.0	0.002
0.049	0.22,0.171	-0.147
0.061	0.052,0.156	-0.043
0.088	0.076,0.12	-0.01
0.376	0.573,0.858	-0.34
0.511	1.0,1.0	-0.489
0.066	0.282,0.279	-0.214
1.0	0.973,0.929	0.049
1.0	0.716,0.696	0.294
1.0	1.0,0.95	0.025
1.0	1.0,0.969	0.016
0.0	0.005,0.007	-0.006
0.056	1.0,1.0	-0.944
0.988	0.993,1.0	-0.008
0.127	0.046,0.122	0.043
0.851	0.936,1.0	-0.117
0.186	0.659,0.347	-0.317
0.299	0.194,0.267	0.068
1.0	0.927,1.0	0.036
0.98	0.949,1.0	0.006
1.0	1.0,0.822	0.089
0.106	0.282,0.189	-0.13
0.493	0.814,0.661	-0.245
0.688	0.391,0.533	0.226
0.908	1.0,1.0	-0.092
0.513	0.612,0.369	0.023
0.918	0.858,0.821	0.079
0.0	0.224,0.0	-0.112
0.0	0.0,0.063	-0.032
0.01	0.056,0.055	-0.045
0.03	0.267,0.052	-0.13
0.971	0.957,0.976	0.005
0.955	0.958,0.944	0.004
0.826	0.93,1.0	-0.139
0.0	0.093,0.065	-0.079
0.977	1.0,0.979	-0.013
0.969	1.0,0.966	-0.014
0.092	0.094,0.132	-0.021
0.0	0.495,1.0	-0.748
1.0	0.996,0.992	0.006
0.453	0.056,0.076	0.387
0.009	0.037,0.0	-0.009
1.0	0.521,0.744	0.367
0.96	0.969,0.872	0.039
1.0	NA,0.181	0.819
0.661	0.661,0.0	0.331
0.148	0.245,0.419	-0.184
0.043	0.0,0.0	0.043
1.0	1.0,0.866	0.067
1.0	0.0,NA	1.0
0.0	0.055,0.0	-0.028
0.112	0.05,0.0	0.087
0.613	0.475,0.363	0.194
0.073	0.185,0.142	-0.09
1.0	0.543,1.0	0.228
0.073	0.071,0.0	0.037
0.052	NA,0.0	0.052
0.048	0.0,0.0	0.048
0.458	0.361,0.604	-0.024
0.944	0.975,0.954	-0.02
0.621	1.0,1.0	-0.379
0.062	0.046,0.0	0.039
0.013	0.023,0.0	0.001
0.0	0.029,0.027	-0.028
0.965	0.965,1.0	-0.017
0.756	1.0,1.0	-0.244
0.019	0.072,0.018	-0.026
0.064	0.067,0.0	0.03
0.806	0.495,0.649	0.234
0.02	0.043,0.0	-0.001
0.186	0.48,0.112	-0.11
1.0	1.0,0.538	0.231
1.0	1.0,0.85	0.075
1.0	0.469,NA	0.531
0.0	1.0,NA	-1.0
0.16	0.0,0.0	0.16
1.0	0.355,1.0	0.323
0.0	0.919,0.416	-0.667
1.0	0.881,1.0	0.059
0.812	0.874,1.0	-0.125
1.0	1.0,0.606	0.197
0.068	0.149,0.178	-0.095
0.08	0.0,0.389	-0.115
0.067	0.0,0.343	-0.105
0.972	1.0,0.938	0.003
1.0	0.991,0.993	0.008
0.0	0.163,NA	-0.163
0.016	0.0,0.0	0.016
1.0	1.0,0.714	0.143
0.954	0.809,0.885	0.107
0.526	0.357,0.294	0.201
1.0	0.938,1.0	0.031
0.714	0.71,0.453	0.132
0.1	0.0,NA	0.1
0.891	1.0,1.0	-0.109
0.784	1.0,1.0	-0.216
0.305	0.087,0.336	0.093
0.922	0.729,1.0	0.057
0.021	0.008,0.01	0.012
0.012	0.037,0.039	-0.026
0.0	1.0,0.0	-0.5
1.0	1.0,0.914	0.043
0.04	1.0,0.235	-0.577
1.0	1.0,0.867	0.067
1.0	0.739,1.0	0.131
0.0	0.279,0.162	-0.221
1.0	0.447,0.378	0.588
1.0	0.985,1.0	0.008
0.424	0.771,NA	-0.347
0.294	0.769,NA	-0.475
0.202	1.0,NA	-0.798
0.558	1.0,NA	-0.442
0.386	0.407,0.309	0.028
0.0	0.094,0.0	-0.047
0.164	0.09,0.08	0.079
0.025	0.092,0.054	-0.048
0.667	0.91,0.863	-0.22
0.0	1.0,1.0	-1.0
0.654	0.168,0.485	0.328
0.586	0.69,0.552	-0.035
0.057	0.024,0.018	0.036
0.675	0.294,NA	0.381
0.146	0.473,0.3	-0.24
0.153	1.0,1.0	-0.847
0.21	0.21,1.0	-0.395
0.581	0.0,NA	0.581
0.906	0.865,0.953	-0.003
0.026	0.127,0.059	-0.067
0.02	0.081,0.035	-0.038
0.714	0.852,0.711	-0.068
0.765	0.914,0.835	-0.11
0.147	0.18,0.151	-0.018
1.0	0.992,0.942	0.033
0.0	0.244,0.326	-0.285
0.0	0.166,0.0	-0.083
1.0	1.0,0.821	0.09
1.0	0.531,NA	0.469
0.0	0.547,0.208	-0.378
0.636	0.082,0.246	0.472
0.0	1.0,1.0	-1.0
1.0	0.983,1.0	0.008
1.0	0.931,1.0	0.034
0.0	0.417,1.0	-0.709
1.0	1.0,0.939	0.03
0.829	1.0,1.0	-0.171
1.0	0.903,1.0	0.048
0.466	0.25,0.061	0.31
1.0	0.557,0.386	0.528
0.039	0.0,0.0	0.039
0.0	0.203,0.0	-0.102
1.0	0.162,1.0	0.419
0.452	1.0,NA	-0.548
1.0	0.925,1.0	0.037
0.326	0.749,0.705	-0.401
0.127	0.303,0.271	-0.16
0.203	0.255,0.203	-0.026
0.293	0.326,0.257	0.002
1.0	0.929,0.957	0.057
0.033	0.052,0.027	-0.006
0.433	0.651,0.685	-0.235
0.0	0.196,0.0	-0.098
0.0	0.0,0.197	-0.099
1.0	1.0,0.992	0.004
0.0	0.438,1.0	-0.719
0.853	1.0,1.0	-0.147
0.586	0.386,0.239	0.273
0.112	0.307,0.181	-0.132
0.048	0.136,0.147	-0.094
0.349	0.728,1.0	-0.515
0.485	0.485,0.541	-0.028
0.649	0.806,0.618	-0.063
0.746	1.0,0.662	-0.085
1.0	0.961,1.0	0.02
1.0	1.0,0.0	0.5
0.241	0.072,0.07	0.17
0.537	0.201,0.17	0.352
1.0	0.87,1.0	0.065
0.116	0.078,0.127	0.013
0.32	0.313,0.281	0.023
0.899	1.0,1.0	-0.101
0.734	0.588,0.573	0.153
1.0	0.679,0.446	0.438
0.0	0.034,0.197	-0.116
0.042	0.045,0.088	-0.025
0.067	0.063,0.059	0.006
1.0	0.133,0.161	0.853
0.173	0.0,0.0	0.173
0.0	1.0,NA	-1.0
0.072	0.072,0.065	0.003
0.518	1.0,1.0	-0.482
1.0	0.938,1.0	0.031
0.209	0.046,0.12	0.126
0.085	0.566,1.0	-0.698
0.107	0.113,0.193	-0.046
0.0	0.0,0.012	-0.006
0.415	0.022,0.073	0.367
1.0	1.0,0.139	0.43
0.0	1.0,NA	-1.0
1.0	0.955,1.0	0.022
0.212	0.239,0.182	0.002
1.0	0.97,0.814	0.108
1.0	0.968,1.0	0.016
0.988	1.0,1.0	-0.012
0.853	0.699,0.411	0.298
0.0	0.274,0.246	-0.26
0.125	0.242,0.286	-0.139
1.0	1.0,0.876	0.062
0.13	0.262,0.519	-0.261
0.105	0.098,0.163	-0.026
1.0	0.584,0.652	0.382
0.0	1.0,1.0	-1.0
1.0	0.489,1.0	0.256
0.589	1.0,1.0	-0.411
0.985	0.974,1.0	-0.002
0.911	0.869,0.839	0.057
0.0	0.236,1.0	-0.618
1.0	0.323,1.0	0.339
0.023	0.034,0.078	-0.033
0.026	0.038,0.086	-0.036
0.07	0.041,0.024	0.038
1.0	1.0,0.732	0.134
0.088	0.278,0.346	-0.224
0.0	0.086,0.158	-0.122
0.0	0.06,0.0	-0.03
1.0	1.0,0.963	0.018
0.81	0.826,0.884	-0.045
0.039	0.059,0.103	-0.042
1.0	NA,0.0	1.0
1.0	NA,0.0	1.0
0.077	0.416,0.131	-0.196
0.621	0.711,0.741	-0.105
0.99	1.0,1.0	-0.01
0.296	0.791,0.808	-0.504
1.0	0.176,1.0	0.412
1.0	0.333,0.666	0.5
0.962	0.968,1.0	-0.022
0.0	1.0,1.0	-1.0
1.0	0.981,1.0	0.01
0.0	0.07,0.07	-0.07
1.0	1.0,0.409	0.295
0.974	1.0,0.966	-0.009
0.365	0.127,0.496	0.053
0.803	1.0,1.0	-0.197
0.736	0.568,0.715	0.095
0.0	0.039,0.0	-0.019
0.0	0.136,0.0	-0.068
0.403	1.0,0.0	-0.097
0.0	1.0,0.0	-0.5
0.961	0.922,0.962	0.019
0.885	1.0,1.0	-0.115
0.071	0.028,0.0	0.057
0.65	0.909,1.0	-0.304
0.0	0.204,0.0	-0.102
1.0	1.0,0.621	0.19
0.294	0.607,0.454	-0.236
0.288	0.618,0.302	-0.172
0.456	0.528,0.332	0.026
0.795	0.905,0.557	0.064
0.988	1.0,0.986	-0.005
0.116	0.033,0.0	0.1
0.214	0.275,0.415	-0.131
0.0	0.002,0.0	-0.001
0.924	1.0,1.0	-0.076
1.0	0.465,0.831	0.352
1.0	1.0,0.898	0.051
0.911	0.78,0.887	0.078
0.726	0.679,0.827	-0.027
0.627	0.584,0.771	-0.05
0.271	0.182,0.201	0.08
0.239	0.32,NA	-0.081
0.332	0.0,1.0	-0.168
0.154	0.052,0.088	0.084
0.394	0.178,0.196	0.207
0.057	0.052,0.0	0.031
0.269	0.284,0.126	0.064
0.0	0.137,0.0	-0.069
0.097	0.0,0.0	0.097
1.0	0.0,NA	1.0
0.982	0.989,1.0	-0.012
1.0	0.872,1.0	0.064
0.135	0.128,0.072	0.035
0.257	0.407,0.264	-0.079
1.0	0.963,1.0	0.018
0.026	0.05,0.028	-0.013
0.0	0.581,0.0	-0.29
0.065	0.0,0.0	0.065
0.715	0.703,0.633	0.047
0.352	0.14,1.0	-0.218
1.0	0.689,1.0	0.155
0.093	0.276,0.338	-0.214
0.028	0.0,0.0	0.028
0.658	0.572,0.821	-0.038
0.571	0.474,0.793	-0.062
0.49	0.454,0.675	-0.075
0.864	0.88,0.898	-0.025
1.0	0.232,0.0	0.884
0.464	1.0,1.0	-0.536
0.831	0.829,0.887	-0.027
1.0	0.925,0.905	0.085
1.0	0.773,1.0	0.113
1.0	0.891,1.0	0.054
0.341	1.0,1.0	-0.659
0.089	0.0,NA	0.089
0.073	0.0,NA	0.073
1.0	NA,0.325	0.675
1.0	0.908,1.0	0.046
1.0	0.939,1.0	0.03
0.18	0.079,0.0	0.14
0.244	0.223,0.349	-0.042
0.307	0.358,0.109	0.074
0.264	0.0,0.0	0.264
0.128	0.319,0.088	-0.076
0.201	0.469,0.0	-0.033
0.272	0.23,0.444	-0.065
0.249	0.467,0.646	-0.307
0.033	0.304,0.396	-0.317
0.07	0.0,0.0	0.07
0.0	0.0,0.042	-0.021
0.538	0.322,0.0	0.377
0.0	0.278,0.307	-0.292
0.332	0.548,0.533	-0.208
0.0	0.454,NA	-0.454
0.979	1.0,0.982	-0.012
0.176	0.123,0.041	0.094
0.0	0.425,NA	-0.425
0.311	0.34,0.404	-0.061
0.262	0.255,0.084	0.092
0.197	0.746,1.0	-0.676
0.0	0.0,0.274	-0.137
0.029	0.0,0.0	0.029
0.04	0.036,0.08	-0.018
0.025	0.101,0.039	-0.045
0.0	0.071,0.165	-0.118
0.0	0.281,0.0	-0.141
0.867	1.0,1.0	-0.133
0.402	0.254,0.139	0.206
0.958	1.0,1.0	-0.042
1.0	0.817,1.0	0.092
0.895	0.962,1.0	-0.086
0.641	NA,0.0	0.641
0.12	0.401,0.229	-0.195
0.0	0.056,0.052	-0.054
0.063	0.112,0.061	-0.023
0.097	0.024,0.224	-0.027
0.079	0.067,0.089	0.001
0.929	1.0,1.0	-0.071
0.066	0.196,0.189	-0.127
0.413	0.804,0.492	-0.235
0.164	0.78,1.0	-0.726
1.0	0.979,1.0	0.01
0.19	0.144,0.323	-0.043
0.175	0.074,0.0	0.138
0.009	0.009,0.0	0.004
0.062	0.045,0.026	0.027
0.104	0.481,0.0	-0.137
0.013	0.011,0.026	-0.005
0.0	0.0,0.107	-0.053
1.0	0.988,1.0	0.006
1.0	0.48,1.0	0.26
0.803	0.857,1.0	-0.125
1.0	0.947,1.0	0.026
1.0	0.772,0.634	0.297
0.538	0.79,0.32	-0.017
0.233	0.603,NA	-0.37
0.699	0.853,1.0	-0.228
1.0	1.0,0.994	0.003
0.019	0.043,0.01	-0.007
1.0	0.701,1.0	0.149
0.0	0.039,0.048	-0.043
0.527	1.0,1.0	-0.473
0.0	1.0,NA	-1.0
1.0	0.991,1.0	0.004
1.0	0.438,1.0	0.281
0.994	1.0,0.993	-0.002
0.219	0.064,0.051	0.162
1.0	0.985,1.0	0.008
0.125	0.099,0.127	0.012
0.989	1.0,1.0	-0.011
0.112	0.029,0.056	0.07
0.0	0.092,0.0	-0.046
0.358	0.315,0.477	-0.038
1.0	1.0,0.0	0.5
1.0	0.0,0.075	0.963
0.778	1.0,1.0	-0.222
0.608	NA,1.0	-0.392
0.056	0.0,0.0	0.056
0.16	0.178,0.076	0.033
0.887	0.733,0.44	0.3
0.017	0.007,0.007	0.01
0.644	0.633,0.63	0.013
1.0	0.436,0.034	0.765
0.342	1.0,1.0	-0.658
0.865	1.0,1.0	-0.135
0.114	NA,1.0	-0.886
0.639	0.872,0.67	-0.132
0.0	0.038,0.0	-0.019
0.0	0.0,0.036	-0.018
0.1	0.093,0.438	-0.166
0.474	0.69,0.748	-0.245
0.776	0.821,0.767	-0.018
0.004	0.002,0.003	0.002
0.781	0.844,1.0	-0.141
0.113	0.049,0.113	0.032
1.0	0.934,1.0	0.033
0.0	1.0,NA	-1.0
0.54	0.374,0.21	0.248
0.681	1.0,1.0	-0.319
0.088	0.0,0.0	0.088
0.736	0.347,0.0	0.562
0.143	0.183,0.199	-0.048
