ID	IJC_SAMPLE_1	SJC_SAMPLE_1	IJC_SAMPLE_2	SJC_SAMPLE_2	IncFormLen	SkipFormLen	PValue
2	0	4	0,2	2,2	180	149	0.512216228211
10	5	19	2,0	0,0	332	149	1
13	36	2	403,592	237,234	874	149	8.27613321402e-05
14	0	2	22,36	237,234	199	149	0.0348517869785
15	0	140	3,1	34,40	254	149	0.798918378429
17	33	403	26,10	192,264	1041	149	0.837525394214
19	5	84	0,1	36,26	153	149	0.0265978671049
21	43	7	36,27	7,2	166	149	0.702751993846
22	7	0	100,59	11,18	158	149	0.00747053038822
23	2	0	14,19	11,18	201	149	0.00263186282392
24	2	7	8,14	94,54	192	149	0.605121187204
57	2	8	1,0	6,5	204	149	0.055743331445
60	0	4	0,2	8,4	159	149	0.693094945094
62	0	8	2,0	8,2	267	149	0.519758230248
67	2	418	3,2	163,115	220	149	1
75	3	12	14,3	10,3	381	149	0.0132615477501
76	10	0	9,3	4,0	153	149	0.0145666138594
79	4	40	15,6	17,5	316	149	3.18695677879e-05
80	4	40	15,6	17,5	317	149	3.18760243203e-05
85	0	2	2,0	0,0	196	149	1
88	1370	4	1688,1008	0,0	2962	149	0.0433438728427
89	20	2	12,7	0,1	204	149	0.0907202725904
90	13	16	3,1	15,6	154	149	0.00729692967387
91	2	2	2,2	2,1	154	149	0.675361029404
111	0	15	2,1	16,17	160	149	0.223164841005
112	15	2	1,0	0,0	205	149	1
114	2	0	0,4	2,0	211	149	0.0663558245226
120	175	2	181,57	0,0	521	149	0.922543305604
122	2	9	2,3	18,26	184	149	0.69368140131
123	92	0	305,179	2,0	2503	149	0.462269762845
141	2	1	0,4	2,5	365	149	0.330688106628
143	8	0	19,15	2,0	243	149	0.673821930059
147	9	3	2,8	2,6	373	149	0.221676837805
148	0	2	1,2	1,0	153	149	2.86368195566e-05
149	2	0	0,6	0,2	201	149	1
163	85	8	88,95	0,2	159	149	0.000553846937615
164	14	8	10,34	0,2	327	149	5.55004935439e-05
165	13	84	10,34	88,95	317	149	0.231883968561
174	166	1	72,135	0,0	1563	149	0.253392880345
182	391	4	845,572	1,0	2099	149	0.00257333637038
184	4	21	0,3	21,2	232	149	0.517897581896
194	60	29980	12,7	5104,4072	183	149	1
196	79	6	87,73	0,2	284	149	0.00336717121653
197	1	0	2,6	5,0	161	149	0.0176980920367
199	0	8	6,6	18,12	583	149	0.00864580913296
203	0	2	1,0	0,3	329	149	1
205	0	9	0,1	6,3	161	149	1
206	1	20	0,0	32,26	152	149	0.268551856321
218	16	77	19,22	37,44	911	149	0.0113695472494
228	0	33	0,2	29,16	196	149	0.722798926693
233	34	0	31,46	2,2	159	149	0.169758212429
268	0	5	0,2	6,0	226	149	0.182423922891
269	4	5	0,2	6,0	166	149	0.493129931371
277	4	2	8,12	10,13	304	149	0.354525811198
278	3	4	20,27	2,15	153	149	0.0916011433435
286	10	15	10,6	29,31	182	149	0.0725699540636
299	10	0	19,12	1,0	172	149	1
302	50	2	8,0	2,0	225	149	1
331	0	1	20,4	2,0	1095	149	0.000268594475742
332	7	2	39,17	4,0	308	149	0.216407130107
333	1	2	0,0	4,0	156	149	1
334	7	1	39,17	0,0	301	149	0.600271802454
345	7	5	4,19	1,6	164	149	0.21285139966
346	0	6	0,2	16,35	160	149	0.329051119517
351	6	9	2,2	12,21	153	149	0.0112354432771
357	24	0	4,21	0,2	151	149	0.361207100106
372	0	2	0,2	2,0	491	149	0.310079315614
385	1	26	7,4	24,21	187	149	0.0145937911691
390	1	6	0,0	0,4	173	149	1
392	32	63	67,54	78,53	338	149	0.0269256179231
394	5	76	4,5	68,52	171	149	0.862994781377
395	4	6	5,0	4,4	217	149	0.4960263186
399	67	0	241,226	2,2	580	149	0.390180717463
405	2	0	0,0	2,0	228	149	1
406	0	20	10,6	36,45	292	149	0.00335894661824
409	9	11	23,8	40,20	160	149	0.372366579431
411	3	2	6,7	4,6	160	149	0.855823713165
419	5	2	8,2	0,0	619	149	0.000390288955131
420	2	2	3,5	2,0	154	149	0.0558360568625
424	7	3	8,6	0,0	633	149	2.56693185817e-05
430	11	228	6,1	173,179	177	149	0.044515409317
438	13	159	3,1	57,49	195	149	0.0498429442407
439	10	0	2,1	3,2	195	149	4.99042697026e-05
441	9	82	15,12	154,166	247	149	0.617805399303
442	31	82	61,26	154,166	442	149	0.238592948257
443	24	2	46,16	0,2	344	149	0.144078829728
444	2	14	17,8	16,13	203	149	0.00578998340253
458	24	1	10,4	4,2	203	149	0.00884887257129
461	3	20	2,2	7,3	474	149	0.559000108164
463	70	0	45,60	1,3	152	149	0.403073206875
469	0	2	3,2	4,0	203	149	0.000842808852696
481	2	94	10,0	110,97	323	149	0.264603231694
485	37	8	39,36	5,8	270	149	0.624514424084
487	2	30	7,11	33,17	161	149	0.00872389832632
496	392	0	121,56	2,0	222	149	1
506	6	0	32,2	2,0	689	149	0.749534114731
508	9	11	13,4	52,12	201	149	0.0415373880717
510	16	2	3,7	0,2	173	149	0.358613036982
512	0	9	15,6	8,3	176	149	2.63895440689e-06
514	2	6	11,10	0,0	1032	149	3.53089779637e-11
516	4	2	4,6	9,13	155	149	0.0723222362326
520	8	687	13,4	680,403	222	149	1
533	5	0	39,83	2,2	1106	149	0.021705546443
535	410	9	185,137	4,6	292	149	0.644828601004
544	0	25	0,2	11,29	197	149	0.319927068895
556	13	0	18,20	2,0	543	149	0.681461461259
561	104	7	117,34	6,8	155	149	0.478910399768
562	24	635	13,6	343,180	162	149	0.781033915139
565	58	4	30,11	2,0	296	149	0.133484792947
567	13	0	7,10	0,1	260	149	1
568	49	0	21,22	0,1	405	149	1
569	64	0	39,47	0,1	696	149	1
573	25	5	16,5	2,9	226	149	0.267913030835
587	2	500	2,4	690,1182	202	149	1
592	4	51	6,4	56,88	835	149	0.935551384002
594	4	51	2,4	56,88	395	149	0.362717580469
596	4	8	6,24	4,11	709	149	0.0245358453674
597	3	8	4,19	4,11	665	149	0.0332676317775
617	1	0	0,2	0,2	197	149	1
633	2	120	2,0	55,33	153	149	0.750113756303
634	132	2	46,39	0,0	592	149	0.486997437748
636	0	24	1,0	14,15	323	149	1
639	2	2	2,2	0,0	351	149	0.000236781452951
640	2	2	2,2	0,0	337	149	0.000264001623976
642	4	0	10,2	2,0	259	149	0.899713697779
643	4	4	10,2	0,0	263	149	4.71761823762e-06
644	0	4	2,0	0,0	153	149	1
645	0	27	2,4	32,55	185	149	0.0687706617478
653	12	4	13,5	0,0	211	149	0.000195632185322
654	43	115	31,18	70,38	165	149	0.510588197256
656	69	0	46,48	1,0	646	149	1
659	51	2	147,117	4,3	1913	149	0.692511843181
660	51	0	147,121	2,0	1913	149	0.680494565266
665	7	7	5,1	6,10	161	149	0.134446478681
669	4	0	9,6	0,1	417	149	1
675	7	2	14,6	6,0	252	149	0.678212359444
676	7	7	22,2	14,6	1011	149	0.90014004464
685	3	22	2,2	4,8	199	149	0.520582423366
686	26	2	12,25	0,0	284	149	0.154370118229
704	2	5	1,0	8,8	175	149	0.0239736500127
705	125	0	20,86	0,1	1046	149	1
706	4	95	0,0	14,63	153	149	0.100196717632
712	4	2	4,14	0,0	191	149	0.0108725847984
717	0	9	0,4	3,0	560	149	0.0921377318228
723	4	2	23,12	0,0	392	149	0.00174872964965
724	4	47	23,14	91,90	392	149	0.0526480161139
735	8	0	20,6	2,2	153	149	0.0438375994611
742	0	9	0,1	9,16	192	149	1
744	3	33	7,0	14,54	188	149	0.808514150916
745	3	0	12,8	2,0	176	149	0.707365269827
746	18	0	53,30	3,6	176	149	0.0108882663119
750	8	0	1,12	2,0	429	149	0.103221412426
757	30	4	31,107	0,2	340	149	0.00373829429706
763	4	2	8,8	0,0	602	149	0.000230980603867
764	4	4	8,8	0,0	614	149	1.65491863768e-07
766	0	5	2,1	2,0	420	149	0.135526334778
770	19	14	39,8	17,13	486	149	0.970481938325
771	38	0	52,35	0,2	284	149	0.659992459652
774	82	0	45,39	2,0	999	149	0.895408587344
781	5	9	14,15	6,10	341	149	0.0447336417689
785	6	22	16,4	19,6	242	149	0.0428142179743
794	63	17	132,96	11,6	158	149	0.000967768813513
798	6	54	10,8	67,82	285	149	0.790971354381
799	1	0	2,3	2,0	181	149	0.418537063592
800	1	0	12,5	2,0	233	149	0.776151717017
801	1	1	10,4	0,2	201	149	0.088032018091
802	10	0	84,160	3,0	1619	149	0.180261112713
803	39	47	38,19	48,12	155	149	0.558129310832
809	0	7	0,2	4,0	276	149	0.214644097193
812	4	0	14,32	1,0	173	149	1
814	0	17	1,0	8,10	154	149	1
817	152	7	89,37	0,0	229	149	0.00236028323477
823	2	25	2,6	21,12	187	149	0.147823541018
831	2	0	0,4	1,0	503	149	1
835	10	1	19,4	2,0	229	149	0.841167606428
836	16	0	17,15	1,0	217	149	1
839	1	0	2,0	2,0	164	149	1
840	0	2	2,4	20,8	152	149	0.0172218145258
850	0	13	2,0	17,10	230	149	0.335621810592
852	1	0	4,4	3,9	652	149	0.00585266911257
858	53	12	16,25	5,0	206	149	0.165942125408
859	0	2	0,2	0,9	158	149	1
865	45	0	76,46	3,0	366	149	0.393541203912
866	10	2	12,7	0,0	466	149	0.00307341340938
874	0	2	0,2	0,0	259	149	1
881	2	11	4,0	3,13	228	149	0.693082218508
882	13	2	11,19	0,0	302	149	0.0397471300654
884	460	1	338,175	2,0	177	149	1
885	0	8	1,0	13,17	275	149	1
886	6	41	8,1	41,8	222	149	0.8025406859
895	2	3	11,13	13,24	181	149	0.910670863909
896	14	0	17,11	2,0	167	149	0.544296347611
898	51	3	84,108	2,8	204	149	0.6967251752
912	10	2	38,23	9,16	1671	149	0.534465182063
917	0	14	1,4	17,17	171	149	0.0265042266538
920	0	6	4,0	16,8	209	149	0.0833926234792
924	0	4	0,2	16,23	523	149	1
925	44	1	56,39	4,4	276	149	0.0772618163582
927	2	11	3,1	44,14	359	149	0.482466882337
946	84	13	190,46	12,14	1298	149	0.819967884187
952	4	48	19,6	69,75	275	149	0.128270680079
953	0	22	2,0	43,28	197	149	0.698536212725
956	11	0	35,15	2,2	1096	149	0.00130259750068
960	13	0	42,6	1,0	258	149	1
963	58	0	161,160	2,0	568	149	0.550124790549
964	2	42	2,1	69,101	216	149	0.819348652492
970	0	12	1,0	14,27	175	149	1
980	0	6	4,0	11,6	513	149	0.171742399611
981	20	21	21,19	13,5	180	149	0.0551859141862
986	466	24	103,129	4,22	197	149	0.0516132003185
987	0	33	2,0	65,19	158	149	0.622837232324
996	0	311	0,2	233,322	180	149	1
1007	61	0	153,81	2,0	153	149	1
1010	1520	0	855,990	0,2	306	149	1
1012	42	138	47,70	38,25	305	149	6.86422554352e-08
1014	9	0	68,88	0,2	178	149	1
1015	0	24	5,3	154,97	175	149	0.210648628141
1024	0	2	2,2	1,1	194	149	0.00185556519235
1034	2	22	5,0	26,5	162	149	0.885032969097
1043	4	0	51,21	3,2	170	149	0.101610814509
1056	74	0	46,97	2,0	162	149	1
1058	0	7	1,2	16,17	166	149	0.207412375526
1071	2	2	1,0	12,3	2056	149	0.653256813379
1072	2	7	2,0	25,11	2056	149	0.484426163465
1073	0	4	11,0	13,12	227	149	0.0119118322342
1076	25	0	117,86	0,4	212	149	0.567515033935
1081	0	2	2,4	0,0	213	149	3.88372285109e-07
1082	0	23	4,0	37,24	153	149	0.160386345679
1084	1	2	8,2	0,1	189	149	0.000705175224582
1085	1	0	1,0	2,2	159	149	2.5072929466e-07
1088	0	12	3,2	17,7	281	149	0.0338084858112
1092	87	2	242,151	0,0	259	149	0.883532088046
1093	548	0	360,166	2,0	171	149	1
1097	0	13	3,8	7,20	185	149	0.000700380414939
1099	10	66	58,24	104,46	1537	149	0.000207234071874
1100	76	0	212,97	0,1	1215	149	1
1103	2	0	4,8	0,2	299	149	0.65124587368
1107	69	0	181,88	3,5	211	149	0.0652750110717
1108	0	5	27,21	15,4	197	149	2.1479086878e-05
1113	0	4	0,2	48,31	153	149	0.517008429969
1115	31	0	15,11	2,0	200	149	0.691532800338
1116	0	14	2,0	3,4	192	149	0.667146877255
1122	134	3	18,48	2,1	251	149	0.900722345503
1124	0	6	2,2	2,8	206	149	0.0127579269069
1125	2	0	0,0	0,4	178	149	1
1129	2	0	8,4	2,0	362	149	0.613527761934
1131	1	0	2,3	0,1	204	149	1
1132	39	0	10,17	0,1	181	149	1
1133	122	5	53,62	2,6	347	149	0.481597075489
1134	19	2	4,5	0,0	347	149	0.0259686082677
1144	23	1	66,70	0,0	399	149	0.236376192512
1160	176	0	300,184	2,2	182	149	1
1169	2	77	1,1	114,81	153	149	0.565727128717
1195	51	3	76,71	4,7	297	149	0.633278619025
1197	0	8	0,2	6,0	550	149	0.330680410127
1199	13	10	6,10	4,10	724	149	0.76035644948
1202	135	0	36,32	4,0	301	149	0.0548114221347
1203	18	1	23,12	0,1	600	149	0.121601304428
1214	0	2	2,8	0,0	451	149	1.14008481766e-07
1218	2	2	8,0	0,0	376	149	1
1223	28	1	47,36	1,2	751	149	0.649770291821
1229	0	6	1,2	9,12	156	149	0.100376619468
1232	0	11	0,5	8,0	166	149	0.0101082971504
1233	2	1	4,3	0,2	166	149	0.351093808162
1239	0	8	0,4	0,2	348	149	1
1245	0	21	7,1	27,14	211	149	0.00535683061368
1248	9	0	8,22	0,4	436	149	0.00959304059936
1249	0	2	2,14	4,4	155	149	0.00105134237818
1251	0	3	2,1	0,0	153	149	1.47541366458e-07
1256	165	2	260,240	6,8	2017	149	0.161970967748
1259	1	0	0,0	0,2	274	149	1
1262	71	2	26,14	0,0	156	149	0.595376188067
1263	19	162	9,10	52,54	215	149	0.33179421089
1264	385	5	191,122	1,2	261	149	0.350823562585
1266	4	14	2,2	19,13	270	149	0.21671417048
1267	0	4	2,0	2,0	153	149	1
1273	0	330	4,2	880,689	156	149	1
1274	3	308	4,8	690,733	159	149	1
1276	22	0	17,38	2,0	375	149	0.764626907316
1277	20	0	15,37	2,0	350	149	0.725197983586
1286	94	6	119,54	6,8	270	149	0.619626910988
1287	2	2	0,10	0,2	372	149	1
1288	64	2	47,17	5,4	169	149	0.0348934627919
1289	117	4	61,52	0,2	244	149	0.137399068922
1292	18	297	15,7	144,88	466	149	0.269015407058
1293	6	297	4,1	144,88	158	149	0.782449606348
1294	39	109	27,16	52,11	244	149	0.0516973896221
1296	2	2	16,4	5,0	189	149	0.165247220694
1297	1	9	11,6	10,0	289	149	0.00129419856229
1299	0	57	0,2	53,37	153	149	0.664630458611
1300	25	55	18,14	36,12	185	149	0.287071591315
1304	3	15	0,1	16,11	179	149	0.013254533532
1310	78	0	197,115	1,0	1048	149	1
1313	24	0	90,73	2,0	462	149	0.326562132805
1314	0	40	2,0	61,46	156	149	1
1316	16	0	21,24	2,0	223	149	0.681665944072
1323	1	15	2,2	20,11	212	149	0.383058392343
1338	6	56	15,14	85,84	170	149	0.264173341804
1339	103	32	156,78	44,31	164	149	0.863537000758
1342	2	9	2,3	6,11	178	149	0.715707882121
1344	6	150	11,11	43,38	229	149	2.54672687154e-05
1349	2	1	0,0	1,2	162	149	0.000711898452678
1352	221	0	132,123	3,0	693	149	0.747060493528
1353	103	2	115,80	0,0	727	149	0.267156681193
1367	335	35	301,232	18,23	2170	149	0.309531463127
1368	7	20	7,7	0,0	197	149	3.92228582946e-10
1369	0	7	6,0	4,0	154	149	1
1370	6	1	22,17	0,2	237	149	0.844755256233
1381	2	0	10,6	0,2	173	149	0.667258684071
1404	2	13	0,0	18,14	153	149	0.162023637797
1405	2	2	0,2	0,4	151	149	1
1406	9	2	10,3	0,4	155	149	0.909069747085
1407	7	0	10,3	0,2	153	149	0.61631521162
1420	37	88	93,77	31,11	470	149	3.06050740306e-11
1421	51	51	18,15	5,4	464	149	0.00217377167185
1422	427	52664	148,235	21725,32614	369	149	1
1423	1	0	9,9	2,2	167	149	0.0463448910522
1424	37	0	40,15	0,2	153	149	0.875665536185
1425	8	9	2,6	9,2	395	149	0.68345197835
1429	34	69	31,28	59,21	188	149	0.197183494156
1432	29	3	40,48	0,4	164	149	0.293673081572
1438	251	0	150,119	2,0	165	149	1
1440	23	13	8,6	0,2	634	149	0.0666708770268
1444	12	25	16,9	40,26	185	149	0.590019959554
1446	1	14	2,2	31,41	175	149	0.779321017578
1447	44	2	47,26	0,0	964	149	0.0391504110698
1448	7	0	21,11	0,2	191	149	0.811666215557
1449	7	0	6,8	2,0	179	149	0.755034229859
1455	16	4	14,10	2,1	173	149	0.236269897801
1458	17	14	11,3	13,4	161	149	0.407227539493
1464	159	3	205,76	2,0	188	149	0.685470583131
1467	2	21	2,0	17,7	164	149	0.333803829942
1475	3	0	21,14	0,1	513	149	1
1476	3	2	21,14	2,0	644	149	0.00547117474238
1477	0	2	0,1	2,0	280	149	1
1478	2	1	2,2	2,1	473	149	0.524552553829
1480	18	205	34,49	41,85	1687	149	3.22730731028e-12
1486	14	79	44,67	29,51	2544	149	5.53490586697e-11
1488	12	79	28,36	29,51	1396	149	1.19240043939e-06
1489	6	79	2,10	29,51	312	149	0.258757032528
1490	1	60	0,0	11,15	502	149	1
1493	408	0	672,356	2,0	1090	149	1
1495	198	0	254,117	0,2	286	149	1
1497	84	2	85,36	0,2	311	149	0.321933589701
1499	10	18	14,8	12,18	196	149	0.601440071512
1500	6	0	9,0	2,0	196	149	1
1501	6	53	3,1	73,30	180	149	0.0592822525994
1502	2	162	4,2	155,40	374	149	0.885415891954
1504	33	12	25,21	9,5	173	149	0.647043759832
1508	2	14	0,0	22,10	189	149	0.240173719901
1509	553	1	161,84	8,1	259	149	0.00187856651318
1510	9	25	7,1	0,0	164	149	3.47331330364e-08
1511	20	343	7,2	138,84	164	149	0.207572611171
1514	516	5	641,259	11,14	1526	149	0.0201482687959
1515	549	0	493,235	1,0	287	149	1
1516	794	6	147,64	2,0	292	149	0.55392957075
1517	943	2	179,70	1,0	403	149	1
1518	155	2	34,6	1,0	260	149	0.704690240882
1519	6	1	2,0	0,0	155	149	1
1520	52	17	33,21	4,0	155	149	0.00131673957121
1522	4	34	4,0	31,3	212	149	0.727719678669
1524	247	109	285,135	116,37	1939	149	0.273119418375
1525	233	2	218,145	2,0	2266	149	0.228899469129
1531	2	2	0,0	3,6	218	149	0.0134419442814
1538	2	0	6,6	6,0	208	149	0.00844117921885
1541	53	0	66,31	0,1	154	149	1
1543	8	207	5,0	140,161	223	149	0.0996710019135
1544	1	5	4,0	14,24	153	149	0.361431698544
1551	42	6	10,9	0,0	172	149	0.000445173357962
1552	2	4	0,0	2,2	172	149	0.0101142499558
1556	7	3	12,13	0,0	397	149	9.01472786684e-05
1559	11	9	0,0	11,2	319	149	1.13836431936e-06
1560	2	49	1,4	72,83	156	149	0.837451188308
1567	20	0	15,14	0,2	240	149	0.954225231689
1571	3	1	2,2	0,0	494	149	0.036820433324
1572	106	354	97,53	322,272	188	149	0.328866656119
1578	3	409	6,8	59,40	219	149	1.76090275938e-06
1580	1	10	2,0	0,0	203	149	1
1581	1	10	2,0	0,0	193	149	1
1597	7	0	2,0	1,0	213	149	1
1608	4	43	1,2	22,28	256	149	0.326648282646
1610	0	4	0,4	6,3	153	149	0.0238263218407
1611	2	45	35,17	40,9	1060	149	3.30039695573e-09
1615	34	3	58,34	4,0	1098	149	0.24524052509
1618	58	0	72,52	2,0	389	149	0.332780099418
1619	9	29	19,2	47,16	259	149	0.889127215965
1620	9	0	10,0	0,2	244	149	0.0534348813733
1621	1	46	9,1	80,50	165	149	0.0730638927347
1622	124	2	108,70	0,0	188	149	0.527495675011
1623	12	93	24,9	78,40	219	149	0.039628079901
1630	45	0	75,48	2,0	244	149	0.46394000194
1631	11	2152	10,2	1267,681	182	149	1
1632	411	7	399,284	11,2	254	149	0.767106503148
1633	277	7	316,187	8,0	175	149	0.323000584024
1645	25	1	57,21	18,15	206	149	0.000566019802496
1646	3	35	14,6	42,36	224	149	0.0461564754441
1647	4	0	0,2	2,0	194	149	0.0761993911186
1655	4	152	0,2	92,64	251	149	0.963703965171
1661	7	9	8,10	4,3	153	149	0.0490210921251
1663	44	5	90,59	18,3	604	149	0.94500314172
1664	12	5	26,19	18,3	315	149	0.894025814307
1665	18	2	29,19	1,0	315	149	0.0251043573508
1667	65	0	108,58	4,0	174	149	0.837037662174
1669	0	4	4,0	0,2	191	149	0.0171395791336
1670	7	0	0,0	2,0	172	149	1
1671	31	46	9,4	16,4	216	149	0.829229703658
1686	16	17	31,17	14,14	653	149	0.179658445597
1688	9	4	23,11	0,2	203	149	0.00421682271735
1691	0	76	0,2	46,53	166	149	1
1693	2	28	0,0	10,7	177	149	0.523235114492
1697	8	2	22,10	0,0	286	149	0.0172814855137
1699	2	0	0,4	1,0	194	149	1
1710	0	11	1,6	15,9	182	149	0.00616135401132
1719	91	539	31,33	217,106	305	149	0.466735450876
1720	298	8	82,71	0,2	337	149	0.0640595077234
1721	171	1	51,36	0,2	220	149	0.510032757706
1722	179	65	53,41	31,11	224	149	0.668749044755
1723	9	65	2,7	31,11	153	149	0.568766280689
1730	28	145	55,24	81,37	493	149	5.90684206625e-06
1731	21	0	23,24	0,6	407	149	0.008053772054
1732	11	17	11,6	10,4	200	149	0.229309284578
1733	3	332	2,2	413,276	163	149	1
1734	23	419	14,8	506,396	188	149	0.0113015417068
1740	6	32	14,0	48,22	194	149	0.846568776946
1743	0	3	6,3	0,0	322	149	1.56417286901e-08
1747	89	78	33,37	37,52	438	149	0.127858464224
1766	10	0	10,11	2,0	353	149	0.62935747734
1767	26	26	37,39	30,53	1270	149	0.855639956556
1769	0	5	6,1	6,8	245	149	0.00708198544747
1772	3	123	2,1	103,57	153	149	0.521160775377
1776	18	2	21,19	0,0	940	149	0.00218924255683
1784	187	6	369,148	2,4	1361	149	0.0846571104921
1791	10	26	62,20	132,80	310	149	0.915358049771
1793	2	0	15,11	0,2	251	149	0.731395806214
1812	0	8	1,3	18,27	159	149	0.110427454369
1815	0	49	0,4	88,71	157	149	0.566453394561
1817	2654	4	3036,1963	8,6	257	149	1
1820	0	4	11,10	79,39	183	149	0.0160587884714
1822	8	19	8,8	38,15	215	149	0.577587715435
1826	9	30	42,8	34,23	192	149	0.0814930900535
1827	14	1	8,3	1,0	234	149	0.230531556846
1828	13	76	8,5	66,51	152	149	0.275099448011
1830	2	168	0,0	219,96	167	149	1
1837	2	0	0,2	0,4	152	149	1
1839	4	72	9,3	67,57	225	149	0.338709325471
1840	29	49	39,18	26,36	155	149	0.347147636833
1841	1	6	0,1	8,2	206	149	0.424321735016
1842	50	0	40,46	1,1	244	149	0.464033211682
1843	5	2	8,4	0,0	244	149	0.00465187895617
1844	46	0	52,24	2,0	181	149	0.369540895725
1847	0	2	7,1	1,2	263	149	0.0010418872399
1848	1	5	0,0	3,0	178	149	1
1849	1	9	12,8	2,10	237	149	0.00175923722471
1871	0	1	2,0	9,18	256	149	0.885697437463
1874	0	153	1,0	116,54	318	149	1
1880	8	5	1,6	8,9	821	149	0.0406159627324
1883	1	1	0,1	14,29	154	149	0.0626449485576
1888	4	2	10,13	2,0	647	149	0.0252842587496
1894	2	45	9,6	42,29	167	149	0.0124274214542
1897	4	10	2,0	3,4	194	149	0.111753096183
1898	2	0	0,0	25,5	291	149	3.1212979954e-06
1899	3	36	3,1	15,4	193	149	0.561928225531
1901	2	2	0,1	28,39	163	149	0.00408237854328
1906	58	0	56,34	1,0	376	149	1
1907	0	12	4,0	13,4	267	149	0.0743674442205
1911	0	2	2,2	2,0	240	149	0.000396869220651
1912	4	50	3,6	38,46	205	149	0.65054212179
1913	3	27	7,2	27,14	194	149	0.318682489369
1914	83	4	93,24	4,0	203	149	0.481812052993
1915	4	41	1,6	30,32	169	149	0.768631723576
1916	2	227	6,4	215,95	169	149	0.0956750903166
1919	2	6	2,0	1,2	337	149	0.406432549471
1922	16	0	46,13	2,0	153	149	0.34080707064
1923	2	32	7,0	44,20	162	149	0.520777449142
1925	1062	84	1008,567	62,48	226	149	0.552251943847
1926	2569	0	1987,1258	4,4	203	149	1
1927	678	0	626,400	4,4	585	149	0.08259988166
1928	22	1913	35,16	1396,874	531	149	1
1930	28	207	0,0	0,1	296	149	1
1931	4	0	0,0	4,0	173	149	1
1932	7	20	10,14	26,10	220	149	0.207560341185
1937	77	13	76,46	10,12	176	149	0.858721660653
1941	3	10	15,3	18,19	275	149	0.494466670989
1943	160	16	190,51	22,18	161	149	0.0905431767332
1947	18	0	22,2	0,2	245	149	0.367359131465
1948	9	61	4,14	54,41	231	149	0.66175308334
1955	8	11	5,3	19,12	158	149	0.0775724243303
1957	26	0	35,32	2,0	249	149	0.469752390584
1958	2	14	0,0	13,29	153	149	0.178432484872
1959	13	0	44,23	2,0	266	149	0.34242118108
1973	0	96	10,6	150,102	283	149	0.0124345986806
1976	2	2	3,2	2,3	386	149	0.880545739504
1977	3	0	23,18	2,0	164	149	0.449904913029
1978	9	22	8,10	29,12	156	149	0.853654447501
1979	15	0	47,25	2,2	1098	149	0.00605740526558
1980	11	0	20,11	4,0	172	149	0.0506637959388
1982	28	0	56,17	2,0	161	149	0.403154459133
1983	6	0	6,6	0,1	2256	149	1
1985	2	0	0,4	2,0	181	149	0.0848137903666
1987	0	12	0,1	20,22	154	149	1
1991	58	6	107,41	10,10	1044	149	0.490878743393
1994	19	14	37,25	6,14	1088	149	0.106467663293
1995	0	36	1,2	28,12	160	149	0.546907032422
1996	0	14	11,6	13,6	161	149	1.00349044668e-05
1997	3	10	2,2	21,13	161	149	0.26075146974
1999	0	10	5,4	11,17	158	149	0.00251843894312
2000	27	2	17,28	2,2	494	149	0.851569662542
2002	7	126	4,0	92,33	155	149	0.179262345115
2004	35	0	34,23	2,2	241	149	0.0499233890561
2005	1	7	3,1	6,13	160	149	0.75758750824
2007	1	3	0,0	10,2	161	149	0.445207625658
2013	0	12	37,23	592,280	297	149	0.0678895190808
2019	0	25	4,0	36,16	174	149	0.146823056112
2020	0	17	3,0	28,14	229	149	0.603091133944
2021	28	11	27,11	21,7	161	149	0.151228594391
2027	4	0	6,3	2,0	236	149	0.630516313875
2040	2	7	1,0	9,6	389	149	0.0970956967451
2057	9	2	19,10	2,0	405	149	0.078379554279
2059	4	45	1,6	40,38	205	149	0.738893110074
2060	12	45	16,20	40,38	762	149	0.153353115831
2063	7	1	5,5	7,8	182	149	0.00454534494403
2065	2	100	0,0	155,128	155	149	0.526483530389
2071	2	32	2,0	34,14	154	149	0.358570020197
2074	0	1	0,4	2,4	162	149	0.0161364573575
2079	85	160	150,71	212,122	275	149	0.298616518445
2080	17	15	7,10	8,5	197	149	0.791067927926
2083	2	2	5,10	0,2	188	149	0.0261647611001
2087	52	30	110,31	49,22	158	149	0.761998316491
2088	57	2	33,25	0,0	203	149	0.691322276717
2089	79279	0	81956,69118	2,0	586	149	1
2090	96398	56	107514,59431	59,35	522	149	1
2097	0	24	2,1	14,13	161	149	0.197687393721
2102	79	2	122,52	15,3	183	149	0.0166973530434
2103	91	2	140,152	2,0	176	149	0.638517265749
2108	5	41	2,0	22,8	274	149	0.134986085146
2113	0	97	11,2	60,52	176	149	0.000294214020487
2120	6	8	0,0	4,0	261	149	1
2122	0	2	0,2	4,5	1760	149	1
2123	2	19	10,4	29,22	400	149	0.13038590919
2129	102	0	135,189	2,0	309	149	1
2137	269	1	241,132	0,0	863	149	0.413221271858
2138	7	131	3,0	73,59	177	149	0.0743589786674
2140	60	1	65,45	0,0	218	149	0.37852859663
2141	173	1	142,88	0,0	321	149	1
2142	119	6	82,51	5,8	252	149	0.219912324237
2149	13	951	52,44	1566,1043	166	149	0.000534459805271
2150	639	4	506,368	0,0	584	149	0.399830032869
2151	520	14	838,885	19,3	158	149	0.0513202402805
2152	518	3	765,682	3,0	245	149	1
2153	523	2	776,691	0,0	293	149	1
2154	8	2	14,9	0,0	197	149	0.0393372577907
2156	2	2	4,2	2,4	479	149	0.746847405459
2157	16	0	8,20	0,2	154	149	0.412201418933
2159	2	0	6,4	0,2	157	149	0.679721073996
2160	317	92	397,183	37,60	930	149	0.197924574279
2161	0	18	0,4	16,6	221	149	0.0593283355934
2162	696	4	588,413	5,3	176	149	1
2163	9	42	18,5	84,43	207	149	0.844983794563
2164	2	7	3,0	6,4	167	149	0.971658415829
2167	5	112	2,2	77,70	153	149	0.300063874359
2168	27	18	18,15	3,4	312	149	0.0183809338252
2169	134	18	93,83	3,4	308	149	0.00276993077735
2170	140	5	112,91	1,0	490	149	0.00419453602711
2171	30	5	22,12	1,0	331	149	1
2173	22	8	3,5	1,0	440	149	0.00444383059445
2174	22	1	3,5	0,0	444	149	0.437163560793
2175	22	8	3,5	1,0	345	149	0.00362373321783
2176	22	1	3,5	0,0	349	149	0.308824454953
2177	8	1	1,0	0,0	153	149	1
2181	6	115	6,4	188,66	152	149	0.60464004861
2184	0	56	1,6	40,36	153	149	0.00863735671771
2187	21	7	25,14	5,0	467	149	0.0808639920796
2188	0	13	7,0	38,31	164	149	0.0313023512976
2189	329	99	51,169	107,44	354	149	0.0931325411644
2190	1159	4	267,409	1,3	335	149	1
2192	43	5	78,56	8,8	812	149	0.965865531861
2195	43	0	32,15	2,0	187	149	0.32246524264
2197	3	1	2,0	2,0	302	149	1
2198	1187	9	173,363	3,3	518	149	0.788588506598
2203	2	3	0,4	0,0	220	149	1
2204	0	384	6,3	197,187	230	149	0.918761095607
2205	7	20	15,10	24,14	241	149	0.197384450856
2210	209	7	145,105	1,4	221	149	0.247198905745
2213	2	278	5,2	181,207	192	149	0.696453177188
2216	8	2	3,0	1,0	294	149	1
2217	18	2	15,2	1,0	315	149	0.0324669729894
2222	19	17	34,50	27,21	847	149	0.248706443018
2223	16	17	25,37	27,21	675	149	0.416224701061
2228	0	4	5,1	0,0	155	149	1.39286475687e-08
2230	0	20	19,16	32,30	196	149	6.99879496247e-06
2238	116	1	145,78	0,2	214	149	1
2239	54	0	48,24	0,4	214	149	0.107656618889
2240	193	4	350,124	0,6	713	149	0.576137001973
2243	4	54	6,2	65,23	171	149	0.773457262232
2245	31	2	27,10	4,0	179	149	0.669323661662
2248	12	0	16,13	0,2	233	149	0.857498465308
2250	76	4	24,19	5,2	304	149	0.134048867194
2255	4	10	14,2	36,2	760	149	0.811071285566
2259	8	0	5,13	14,0	167	149	0.0086426718951
2260	3	0	7,1	0,1	155	149	1
2261	560	0	449,237	2,0	4346	149	0.50956239241
2262	8	386	5,8	187,104	458	149	0.626954215103
2268	0	1	0,1	0,0	820	149	1
2269	4	21	3,0	7,8	236	149	0.532121668491
2270	5	2	3,0	2,0	236	149	1
2272	460	2	2278,1025	16,0	884	149	0.786691365967
2273	292	2	526,189	8,4	153	149	0.342587390611
2274	3500	4	18188,6030	0,1	3025	149	0.449873447424
2278	0	2	2,5	3,5	593	149	0.0183998798291
2280	1	30	13,3	57,38	249	149	0.0188846420851
2297	7	4	4,0	4,6	197	149	0.0349880659039
2300	18	61	25,6	140,97	210	149	0.0230808969678
2301	2	0	3,4	1,0	203	149	1
2305	8	0	11,6	1,0	358	149	1
2307	8	0	11,6	1,0	325	149	1
2308	8	0	11,6	0,2	189	149	0.643925048826
2311	8	0	11,6	3,0	319	149	0.0748435348015
2313	8	0	11,6	2,0	230	149	0.871083778994
2316	30	0	22,28	2,0	309	149	0.849558915673
2318	131	8	61,24	2,0	263	149	0.0240250819566
2321	15	6	4,6	1,0	350	149	0.00196342353214
2323	1	23	3,1	21,37	196	149	0.547479213307
2333	0	6	0,2	2,6	610	149	0.334699310703
2335	6	2	12,8	12,1	385	149	0.614945165947
2336	2	0	2,9	4,0	173	149	0.02511961043
2338	1	12	2,0	14,7	165	149	0.882929080136
2339	6	247	3,2	112,72	227	149	0.911125334584
2340	6	1506	1,4	952,564	166	149	1
2341	0	2	6,1	12,5	170	149	0.00889420265385
2343	13	54	28,12	21,3	433	149	4.69261263298e-05
2344	3	54	2,0	7,4	156	149	0.472527459411
2345	0	5	1,1	5,5	278	149	0.226158219707
2347	2	6	0,0	6,2	267	149	0.139420213355
2348	0	4	2,3	253,77	159	149	0.669892876349
2350	4	0	318,144	2,0	189	149	1
2351	0	6	2,2	7,8	232	149	0.0423578709565
2358	11	1	25,42	0,10	316	149	0.942774248741
2359	7	1	17,35	0,10	268	149	0.794188174038
2361	16	1	33,58	0,10	394	149	0.727000728771
2363	9	4	10,21	2,5	227	149	0.334194238875
2364	7	4	31,29	2,5	269	149	0.0397899504769
2365	1	3	21,8	0,0	191	149	4.57975000523e-06
2385	5	25	10,3	31,8	162	149	0.366403725703
2391	4	32	6,6	22,39	645	149	0.416642576555
2393	0	13	2,0	10,24	155	149	0.845082037603
2399	11	52	13,6	28,23	205	149	0.237390348013
2400	8	0	10,2	0,1	205	149	1
2404	179	0	73,46	1,0	154	149	1
2405	238	4	99,56	2,2	204	149	0.727873628593
2406	59	4	27,10	2,2	199	149	0.835209639267
2409	1	0	2,4	2,0	213	149	0.374326756558
2420	10	0	41,26	5,1	236	149	0.0184047585593
2421	282	0	297,148	0,5	1771	149	0.0132451767909
2422	1044	6	500,234	19,1	191	149	0.0015901018126
2425	196	4	230,115	0,3	287	149	0.154069173285
2427	15	2	29,27	0,0	166	149	0.16076233121
2428	0	8	3,0	44,18	164	149	0.427262560537
2430	31	0	47,47	2,2	297	149	0.0846247941087
2442	2	13	2,0	7,5	226	149	0.300615724503
2449	73	0	116,99	0,1	181	149	1
2450	1	4	13,7	8,8	250	149	0.054832025457
2451	18	7	22,15	3,4	153	149	0.187560077968
2453	3	19	18,5	22,7	250	149	0.00559535525103
2454	55	3	91,53	20,5	153	149	0.0297094611008
2455	6	5	6,0	21,3	161	149	0.0235923930909
2456	9	31	1,1	23,4	155	149	0.00512054481213
2458	0	19	4,2	20,24	252	149	0.0361872051643
2461	2	43	13,2	46,16	266	149	0.00902723373153
2463	0	4	1,0	6,7	361	149	1
2471	5	16	0,4	56,83	152	149	0.00136121848567
2473	5	22	0,2	12,23	155	149	0.0184763075075
2474	0	31	0,4	47,48	151	149	0.275826683515
2475	0	51	2,2	50,32	200	149	0.479117360405
2480	2	33	6,0	68,14	598	149	0.744162698296
2481	41	223	19,5	113,37	159	149	0.513858348889
2483	2	0	11,4	1,0	662	149	1
2484	3	2	5,3	5,2	445	149	0.811487716869
2491	28	10	25,27	5,1	212	149	0.0289674539464
2493	120	4	85,39	1,0	225	149	0.0504673565808
2494	223	4	282,183	0,0	575	149	0.0231298177585
2495	55	32	46,30	37,10	723	149	0.956143126475
2498	63	0	132,82	2,0	1855	149	0.641100996762
2500	6	40	4,19	21,10	215	149	0.0373603114267
2501	2	2	2,2	0,0	156	149	0.00177209066619
2504	26	43	16,16	63,41	167	149	0.0472874550569
2505	31	0	42,11	2,0	237	149	0.31556004099
2506	0	21	5,6	62,37	158	149	0.00932073514279
2507	2	37	4,1	66,47	309	149	0.830439679218
2509	122	6	50,33	0,0	167	149	0.0114312976463
2510	122	129	50,33	20,35	170	149	0.173367800912
2511	6	129	0,0	20,35	152	149	0.0247894386152
2512	2	40	0,0	3,16	153	149	0.686027568411
2514	7	28	15,10	30,25	326	149	0.199995306459
2523	0	31	6,1	47,26	165	149	0.0204559351129
2525	2	45	1,4	57,32	272	149	0.749100835337
2535	78	10	170,83	8,11	626	149	0.303350263376
2541	147	90	158,180	52,40	1414	149	0.000275310799597
2543	10	9491	6,7	2556,3969	174	149	1
2544	18300	1	4125,4982	0,0	150	149	1
2545	4	0	7,0	2,4	291	149	8.02197415046e-05
2546	91	2	152,177	1,0	188	149	0.573359596742
2549	0	13	12,8	44,12	477	149	0.00199957639743
2551	7	19	7,2	9,10	152	149	0.896045378099
2554	44	1	36,18	9,4	211	149	0.00114592036688
2560	317	2	156,77	3,0	293	149	0.600789159923
2561	31	2	22,23	0,2	328	149	0.217935327955
2564	2	2	0,2	7,14	213	149	0.0421626058486
2567	0	81	1,1	89,76	157	149	1
2573	27	3	67,32	11,5	175	149	0.455565322424
2578	19	0	9,2	2,0	203	149	0.819364931424
2583	4	0	0,4	0,2	231	149	1
2584	183	4	193,166	0,0	301	149	0.0988526931396
2585	80	117	150,98	177,133	1232	149	0.4524630705
2587	2	190	2,9	268,276	218	149	0.957318489811
2592	6	482	11,1	221,56	168	149	0.0259844046749
2593	888	0	538,296	2,0	726	149	1
2594	2	4	4,3	5,8	173	149	0.854390346109
2596	9	17	2,2	11,8	198	149	0.0896698059926
2599	68	1	30,10	2,2	248	149	0.103194216472
2610	2	3	5,4	2,3	161	149	0.214471958512
2613	5	0	0,0	2,0	272	149	1
2614	77	2	146,67	2,0	1210	149	0.139108716254
2616	78	3	94,63	10,10	154	149	0.0239231238429
2618	19485	0	14385,8606	2,0	695	149	1
2622	1	73	2,0	94,79	159	149	1
2625	14	0	18,9	2,0	371	149	0.807705334737
2627	2	78	7,0	88,61	158	149	0.557877600848
2628	3	50	3,1	70,15	154	149	0.665188912585
2630	35	14	34,20	12,6	251	149	0.648279163665
2631	0	87	0,2	57,90	187	149	1
2632	110	0	88,42	0,1	176	149	1
2638	3	48	4,0	30,31	155	149	0.8336108426
2639	19	12	19,3	3,0	168	149	0.00483492064659
2641	1	7	7,3	8,6	314	149	0.0469620698156
2650	1	15	1,5	13,8	175	149	0.124890133582
2654	5	9	0,1	11,2	372	149	0.00294920049863
2657	5	6	5,7	1,7	182	149	0.306194785136
2661	4	2	2,2	6,7	385	149	0.045128768342
2663	0	4	0,4	0,0	154	149	1
2664	1	106	3,0	72,35	321	149	1
2667	82	2	86,43	1,1	377	149	0.406159502058
2675	0	2	3,0	9,10	224	149	0.276680629041
2676	14	1	26,21	0,0	198	149	0.227565347829
2678	0	1	6,1	0,0	165	149	1.29657330915e-05
2679	2	29	3,0	20,44	198	149	0.573312830877
2681	2	65	4,7	63,69	185	149	0.112412010279
2682	10	1	11,15	0,0	164	149	0.229768140411
2686	422	3	549,282	2,0	976	149	0.132013231
2692	2	0	4,2	0,4	194	149	0.0181541959851
2696	8	14	2,2	6,3	266	149	0.397262039062
2701	45	0	578,332	24,5	523	149	0.0111316726718
2703	85	8	919,557	25,6	807	149	0.00305045018054
2705	40	8	365,230	25,6	433	149	0.00814860667396
2706	3	8	71,38	25,6	203	149	0.000505588504282
2713	6	0	23,19	1,0	258	149	1
2716	32	0	59,30	2,0	158	149	0.545813088227
2718	399	0	208,102	2,0	972	149	0.288719849706
2719	16	61	35,19	30,39	161	149	0.00806590331974
2720	54	40	87,62	18,15	176	149	6.2723260732e-05
2721	1	0	0,0	2,3	317	149	2.97538085832e-05
2726	12	4	9,0	1,0	438	149	1
2728	4	0	0,0	2,0	189	149	1
2732	2	0	12,12	4,0	677	149	0.00900829629672
2734	1	43	20,0	74,39	260	149	0.00522309551441
2742	159	3	190,91	0,2	346	149	0.149161877041
2743	2	0	15,3	0,7	215	149	0.0140696705705
2748	52	0	80,67	2,2	573	149	0.0599001111569
2750	46	139	14,14	67,20	215	149	0.932549510039
2752	31	4	32,23	16,2	155	149	0.194687941047
2757	6	0	4,7	4,0	167	149	0.020663670087
2765	0	8	0,1	2,4	197	149	1
2769	1	0	17,10	0,2	2594	149	0.0686227541042
2773	2	20	2,0	46,43	348	149	0.679864183521
2776	5	18	3,0	25,7	153	149	0.0593542179571
2780	2	92	5,8	57,61	269	149	0.0103147832814
2782	6	112	0,0	80,29	153	149	0.0105718316016
2789	89	0	222,71	0,2	361	149	1
2790	1890	0	5125,2141	9,1	3316	149	0.0942558503543
2792	8	15	6,0	19,12	279	149	0.0634769186643
2793	9	0	16,13	5,2	273	149	0.00321474118321
2795	0	1	3,2	5,0	232	149	0.00181550021438
2796	0	35	2,2	74,36	185	149	0.672172395167
2797	2	2	0,0	6,7	188	149	0.00950282992793
2800	2	25	0,0	17,15	191	149	0.50107068261
2811	0	1	2,0	0,2	185	149	0.150467909676
2813	37	9	54,40	20,13	152	149	0.36787257317
2814	24	11	35,15	12,10	863	149	0.930846843423
2822	93	0	598,235	0,2	2802	149	0.858056041463
2824	1	39	3,2	33,31	231	149	0.176936698336
2831	2	0	0,0	13,3	164	149	7.54537027969e-07
2832	7	4	8,6	0,0	176	149	8.27650372905e-05
2834	51	0	135,84	0,1	4559	149	1
2836	2	2	2,2	6,3	191	149	0.403861140429
2839	17	2	19,21	19,10	305	149	0.00591119316327
2849	0	19	1,0	11,6	156	149	1
2850	5	310	0,0	65,49	153	149	0.839790483137
2851	378	6	75,48	1,0	855	149	0.0202986952403
2855	2	278	0,0	50,32	153	149	1
2856	10	527	9,7	143,138	494	149	0.227217719322
2857	29	15	31,19	26,10	218	149	0.436824827563
2863	54	4	47,55	1,2	167	149	0.131853447248
2864	1	83	0,0	38,34	162	149	1
2865	4	3	14,15	4,6	202	149	0.32945835244
2876	5	21	29,18	27,25	314	149	0.00556516641695
2881	40	7	16,5	0,0	301	149	5.39135376697e-05
2885	12	44	16,8	71,45	241	149	0.51162860696
2888	4	46	5,0	83,47	232	149	0.225365796595
2894	108	3	106,91	3,2	150	149	0.826819637447
2895	0	7	7,8	2,8	210	149	6.92700820885e-05
2899	413	0	514,449	2,0	1697	149	0.548764437817
2901	18	3	19,21	6,6	1173	149	0.364111492464
2910	1	0	17,9	9,5	224	149	0.00581121754813
2918	23	0	31,31	0,2	325	149	0.638284608879
2919	38	0	53,52	0,2	325	149	0.432635992995
2920	20	0	54,12	3,2	195	149	0.0489831240682
2921	5	18	23,4	52,24	327	149	0.581366068483
2926	0	1	2,0	0,0	238	149	1
2927	5	113	4,1	118,39	169	149	0.455023456384
2928	75	77	41,19	57,29	152	149	0.192714423386
2932	114	5	117,66	7,16	689	149	0.0606290935417
2934	0	59	0,1	70,100	167	149	1
2936	15	41	41,27	84,55	693	149	0.362584348381
2941	12	0	28,23	9,0	197	149	0.0100753308866
2942	7812	6	8466,6965	0,2	1610	149	1
2943	346	0	400,337	2,0	219	149	1
2944	3010	0	3090,2886	1,0	898	149	1
2945	327	9	252,72	3,2	153	149	0.164215425139
2947	55	0	66,28	0,1	179	149	1
2948	4	3	23,7	4,4	465	149	0.216378664228
2959	0	2	0,6	4,0	189	149	0.00858118615537
2961	14	0	34,33	0,4	323	149	0.0569515274452
2963	3	30	1,2	19,12	201	149	0.659037896615
2968	60	6	124,95	25,7	164	149	0.378068117039
2969	19	43	39,16	60,69	164	149	0.853396364197
2970	7	166	5,12	731,354	212	149	0.0848800733159
2975	2	1	0,0	0,2	227	149	1
2976	410	10	355,156	6,0	335	149	0.0745410830914
2981	0	6	6,2	6,3	223	149	0.000811429534912
2989	10	1	23,12	0,0	264	149	0.477081551049
2991	0	87	2,2	32,22	306	149	0.726750008817
2997	0	38	3,0	49,38	188	149	0.432333047205
2998	3	30	0,0	25,18	183	149	0.0563535066374
3002	34	0	77,72	7,2	410	149	0.00755655857992
3008	1	2	1,2	5,2	203	149	0.663062989455
3013	23	2	17,12	3,1	204	149	0.719800474393
3015	2	0	0,0	8,7	538	149	8.25125780268e-06
3016	2	0	0,0	8,7	303	149	2.37555951266e-06
3028	131	0	120,78	2,0	385	149	0.469292265455
3038	17	28	3,0	6,4	182	149	0.0880495544048
3039	453	2	541,354	0,0	421	149	0.704926094796
3040	66	160	74,35	85,64	354	149	0.0196411712983
3041	33	8	18,8	10,2	171	149	0.308715783673
3043	0	23	2,0	21,2	160	149	0.36118949491
3044	21	3	18,4	7,0	153	149	0.543245815343
3045	31	0	24,11	2,0	292	149	0.58946459006
3047	1	3	6,0	11,0	333	149	1
3049	80	3	97,74	8,10	260	149	0.05501511249
3050	3	100	1,0	85,30	153	149	0.491451610383
3051	71	100	96,60	85,30	1348	149	0.00456087195323
3055	35	1	73,42	2,2	1741	149	0.744211368751
3059	2	1	2,1	0,2	176	149	0.309747230754
3066	2	4	15,14	0,0	420	149	7.3619421892e-08
3067	21	0	240,146	2,0	917	149	0.371384732872
3068	20	2	143,156	18,12	2075	149	0.974689203316
3073	0	4	2,2	14,26	262	149	0.172244505681
3078	0	29	4,0	7,3	221	149	0.0225000708275
3081	28	5	59,28	5,4	354	149	0.380491741836
3082	0	8	8,8	6,1	186	149	8.33810935574e-06
3087	391	0	553,191	2,0	335	149	1
3088	3	4	13,17	2,12	187	149	0.144456555197
3090	19	270	68,83	192,528	1708	149	0.000235857680674
3091	11	58	13,12	26,11	353	149	0.0043875825527
3094	62	1	53,18	0,4	253	149	0.36571967039
3096	81	5	136,94	12,0	254	149	0.904763025599
3110	239	93	93,57	8,4	494	149	1.62082863908e-07
3111	6	240	25,19	469,317	452	149	0.0601462766438
3112	0	74	1,0	106,120	383	149	1
3113	75	2	27,25	0,0	194	149	0.682775368088
3122	0	57	26,2	99,35	254	149	3.95875074155e-05
3123	2	25	0,1	43,27	185	149	0.357680677544
3127	14	12	36,23	11,4	161	149	0.0127891269072
3129	0	5	6,7	19,13	273	149	0.00546193611765
3130	295	0	186,178	1,6	211	149	0.189502119772
3132	90	8	48,29	10,2	194	149	0.367229848754
3133	123	123	140,126	68,34	1230	149	2.88250747489e-05
3134	2	2	4,0	2,0	194	149	1
3140	7	0	16,34	1,2	848	149	0.0394741685349
3143	2	5	2,2	1,4	342	149	0.685233866567
3144	2	2	2,0	2,0	164	149	1
3148	0	120	3,0	50,34	211	149	0.445850534711
3151	16	40	26,9	27,22	396	149	0.185391654802
3152	2	40	2,0	27,22	298	149	0.558425231955
3153	2	40	0,0	27,22	333	149	0.52572646981
3154	2	2	0,0	2,0	184	149	1
3155	16	2	26,9	2,0	247	149	0.172493377199
3156	16	2	26,9	0,0	212	149	0.1225029392
3157	8	240	18,10	181,108	228	149	0.00766572992509
3159	15	5	54,10	14,13	335	149	0.428022512271
3160	9	44	16,13	36,29	305	149	0.0651193675724
3163	14	2	8,18	2,4	155	149	0.503293269453
3164	5	4	0,0	4,0	150	149	1
3165	8	1	5,0	1,0	150	149	1
3174	0	5	0,2	6,5	165	149	0.704904007667
3177	3	35	7,0	40,10	156	149	0.603441526042
3179	4	299	2,1	140,149	156	149	0.786433934301
3198	2	0	6,6	2,0	795	149	0.277992894921
3201	6	59	10,2	39,37	259	149	0.513099240994
3202	142	8	172,175	0,0	3418	149	1.87500920346e-08
3223	1	7	2,0	3,7	152	149	0.662543113069
3247	68	3445	49,42	2018,1371	265	149	0.143664877077
3249	0	2	1,0	0,0	215	149	1
3252	4	1	2,1	0,4	309	149	0.653193703973
3255	6	2	2,17	0,2	154	149	0.122558801651
3262	0	16	0,2	15,6	361	149	0.875312638585
3265	2	0	2,2	1,2	266	149	0.00337214994074
3266	2	2	2,2	5,4	270	149	0.549490530471
3267	0	2	1,2	5,4	153	149	0.0687339787065
3274	55	2	23,9	0,0	256	149	0.474541998693
3275	15	26	15,46	10,2	545	149	0.00416080455681
3276	0	4	0,2	2,2	164	149	0.53910138458
3282	0	2	0,2	0,2	236	149	1
3283	29	3	78,52	2,0	614	149	0.0126801847591
3287	3	0	6,0	2,0	194	149	1
3288	91	0	103,29	1,0	196	149	1
3295	1	0	1,0	2,0	154	149	1
3296	808	0	580,549	2,0	203	149	1
3297	31	11	90,87	7,4	197	149	0.000370040148308
3299	18	12	89,55	13,2	1662	149	0.000620132892804
3302	26	3	22,21	4,2	304	149	0.87376993563
3303	1335	4	1752,1633	0,0	1749	149	0.172065785995
3304	647	35	836,872	55,8	1122	149	0.103444649067
3305	2	0	16,11	2,1	1145	149	0.00749592888484
3307	29	0	72,46	1,2	197	149	0.47326775525
3308	0	7	4,0	22,28	236	149	0.258155489716
3309	0	7	7,12	22,28	349	149	0.00418339763591
3312	0	1	7,8	0,0	173	149	1.35231486225e-05
3313	12	11	9,7	8,2	170	149	0.427965969173
3315	1	4	1,0	23,13	170	149	0.191486029171
3319	6	0	3,2	1,0	3042	149	1
3324	2	605	0,0	259,500	279	149	1
3326	72	0	88,61	2,0	365	149	0.360737861276
3327	10	0	40,15	6,0	158	149	0.0287189415426
3328	0	2	0,8	4,0	383	149	0.0157043882162
3329	1	2	0,2	4,0	200	149	0.48101029859
3333	10	0	4,9	4,0	176	149	0.0210879479962
3335	19	0	14,7	4,0	223	149	0.0158693578199
3339	2	22	3,6	8,5	286	149	0.0118731913585
3340	65	4	44,32	0,0	3274	149	3.99501255566e-06
3346	4	0	21,5	2,4	299	149	0.00339395958491
3347	1	0	6,4	0,4	206	149	0.0178078040227
3349	0	5	1,0	21,4	161	149	1
3359	44	74	24,26	43,35	254	149	0.819889223537
3361	5	18	2,1	13,8	159	149	0.21521037054
3362	92	15	85,84	18,1	401	149	0.21125946905
3363	77	2	74,78	2,2	691	149	0.990972635434
3364	167	15	157,160	18,1	943	149	0.187306187101
3369	2	0	2,6	0,2	158	149	0.79469678365
3371	0	6	0,2	0,0	629	149	1
3372	85	0	57,67	6,0	497	149	0.00831258067526
3373	1	3	1,0	4,0	263	149	1
3374	2	4	6,0	6,0	177	149	1
3376	2	11	16,14	9,20	638	149	0.00676397023267
3377	1	30	3,0	32,25	164	149	0.827077737071
3379	1	10	1,0	11,2	154	149	1
3381	63	2	28,24	0,0	256	149	0.562181267647
3382	92	11	119,83	9,4	251	149	0.149659728907
3384	1	0	4,4	14,8	176	149	0.00328715142341
3387	46	4	46,43	2,0	188	149	0.0344300837276
3388	135	2	171,121	0,6	506	149	0.818469021604
3395	3	6	9,0	8,7	444	149	0.733584245701
3400	2	42	5,0	102,30	158	149	0.616379971996
3407	5	0	3,6	0,2	208	149	0.664204885236
3409	3	7	3,8	6,8	210	149	0.400646875072
3412	2	130	9,2	63,50	245	149	0.0073359230919
3424	0	4	2,0	10,6	321	149	0.418490485106
3425	0	4	7,2	4,0	269	149	0.000232695344654
3428	4	2	0,0	8,0	269	149	1
3432	2	16	7,4	8,2	316	149	0.00482286080532
3434	2	0	6,2	2,0	183	149	0.737836183319
3437	0	58	7,0	47,39	253	149	0.044902418541
3438	2	0	0,2	1,0	194	149	1
3458	36	18	166,67	28,17	3424	149	0.00702916169383
3459	2	25	2,2	36,17	176	149	0.962077522042
3473	4	9	0,0	52,15	161	149	0.000112286608844
3474	47	0	22,32	2,0	199	149	0.699478156791
3480	36	0	31,43	2,0	633	149	0.799071531011
3486	89	1	148,99	0,4	647	149	0.594139061673
3491	3	158	1,0	215,160	247	149	0.798841462879
3496	0	37	14,18	16,14	252	149	3.90610876977e-10
3497	52	0	35,16	2,0	211	149	0.334928544847
3500	3	1	7,5	9,0	164	149	0.877469150385
3504	8	2	12,15	2,0	158	149	0.100704107291
3505	6	0	8,9	2,1	158	149	0.0986646578906
3506	55	82	138,101	61,75	912	149	9.30771026997e-05
3517	14	2	22,32	0,0	290	149	0.0625823944604
3518	26	32	6,6	16,12	334	149	0.0946836806558
3530	0	64	6,0	31,19	205	149	0.016126661406
3531	2	1	6,1	0,0	189	149	0.119720300306
3533	2	22	6,0	39,20	242	149	0.552477206027
3536	0	32	2,1	46,47	153	149	0.426463125913
3539	5	35	7,8	53,59	247	149	0.896528625793
3540	2	29	6,8	73,72	295	149	0.435461314807
3543	9	3	6,13	1,2	387	149	0.357891976287
3544	0	2	25,16	0,0	261	149	2.0821619362e-07
3546	1	27	0,2	17,8	157	149	0.465008441807
3547	166	28	107,101	16,13	152	149	0.495818830561
3548	304	6	242,261	2,5	176	149	0.451838942228
3549	30	306	36,25	226,257	269	149	0.341467340022
3551	1	207	2,0	82,41	157	149	1
3552	15	243	30,9	93,27	257	149	7.31388608677e-07
3553	24	243	55,12	93,27	339	149	9.48946921042e-10
3554	13	4	30,3	5,0	231	149	0.258200432019
3555	71	170	95,56	66,22	498	149	2.84784029692e-08
3556	12	4	9,17	0,2	155	149	0.0171684822731
3558	12	20	15,15	25,25	155	149	1
3559	13	3	9,3	2,0	209	149	0.143182528878
3563	16	4	9,2	5,4	169	149	0.0849779271328
3567	0	11	0,2	5,0	193	149	0.15676364412
3568	92	0	111,39	1,1	310	149	0.431380730979
3572	0	21	4,0	42,41	350	149	0.536551963886
3573	27	106	71,43	192,73	451	149	0.0363673698156
3580	181	0	167,68	0,1	1174	149	1
3583	6	0	13,9	4,1	194	149	0.00768415096477
3584	18	6	35,53	2,2	194	149	0.00254406844996
3585	455	2	416,326	4,0	277	149	1
3586	7	62	13,1	83,32	207	149	0.860385713117
3588	29	21	59,10	32,14	276	149	0.879219740186
3590	4	0	3,6	0,2	209	149	0.663688099802
3593	1	2	7,15	10,8	185	149	0.315012605771
3596	5	6	0,0	2,2	199	149	3.75191345662e-05
3611	8	4	3,2	0,0	161	149	0.000198126948392
3613	1	22	2,3	12,23	379	149	0.172604648399
3617	57	89	71,63	55,49	755	149	0.00445003468905
3618	18	0	70,47	4,2	183	149	0.086947048369
3619	4	17	9,2	29,26	152	149	0.837605675107
3623	4794	5	1617,712	2,4	359	149	1
3632	13	5	3,10	3,5	153	149	0.549652322279
3640	8	0	4,0	0,2	200	149	0.0763780968265
3651	42	0	20,17	0,2	200	149	0.743841912372
3653	4	9	10,2	43,35	243	149	0.229614802356
3656	6	2	5,3	0,0	194	149	0.0109573221605
3659	1	1	6,0	1,0	179	149	1
3660	0	6	2,4	4,7	269	149	0.00771806206973
3670	567	2544	0,3	4,15	187	149	0.1040807503
3671	2	0	6,10	0,2	234	149	0.851384412569
3673	4	3	6,4	9,4	265	149	0.511571132593
3674	1	1	0,0	5,2	252	149	0.183007711701
3675	2	14	2,0	41,64	170	149	0.105144127385
3682	845	63	976,656	79,44	1790	149	0.989874123658
3686	3	8	1,0	13,6	161	149	0.00522947437943
3688	13	0	48,42	2,0	1101	149	0.828425254874
3690	8	8	20,23	13,5	485	149	0.126926420716
3691	5	8	13,23	13,5	397	149	0.0792964566443
3692	1	55	5,1	130,89	160	149	0.480939827339
3694	0	4	1,1	8,0	291	149	1
3703	176	5	62,38	2,0	446	149	0.147874697468
3704	169	41	39,18	7,16	207	149	0.326899041115
3705	98	9	35,19	6,0	216	149	0.918050678721
3706	222	9	71,31	6,0	234	149	0.887004320208
3711	3	23	0,0	14,20	163	149	0.0183846842375
3714	2	30	2,12	6,10	262	149	0.00079823021654
3715	73	0	45,81	2,0	223	149	0.552696786895
3719	2	0	2,8	2,0	190	149	0.438486577646
3725	68	82	138,69	116,64	282	149	0.154896565098
3726	1	69	4,0	92,56	155	149	0.51842527994
3730	79	0	48,24	2,0	217	149	0.300538995472
3731	7	3	22,35	5,2	3119	149	0.100954197479
3734	1	47	10,4	88,123	271	149	0.0832118071149
3738	138	4	53,40	3,2	250	149	0.642074270045
3740	40	2	4,9	0,0	287	149	0.270035520059
3742	11	3	22,17	3,4	281	149	0.606478202663
3745	3	0	4,0	2,0	243	149	1
3748	5	2	6,0	0,0	238	149	1
3749	0	76	0,2	102,30	153	149	1
3754	4	108	0,2	31,20	228	149	0.479138252205
3757	425	1	912,391	0,2	923	149	1
3758	22	2	49,13	0,0	216	149	0.182424665706
3760	22	1	16,10	1,0	179	149	1
3761	24	18	26,14	13,10	284	149	0.539243447687
3762	9	13	0,0	16,9	166	149	5.85559134514e-07
3765	1	15	0,0	20,20	163	149	0.25026471623
3766	0	2	2,8	0,3	611	149	0.00165823919292
3769	23	0	18,19	0,1	161	149	1
3780	6	2	3,0	0,0	206	149	1
3786	11	2	1,0	0,0	224	149	1
3788	13	28	3,0	3,4	224	149	0.304587888362
3790	0	2	2,0	0,1	179	149	0.157024534976
3800	128	2	204,129	0,0	1524	149	0.127435859181
3802	4	1	0,2	0,0	402	149	1
3805	29	0	134,14	2,0	1732	149	0.551594755785
3807	23	48	27,17	49,51	164	149	0.785840140744
3808	7	45	6,3	86,25	177	149	0.222868340366
3814	0	45	1,2	70,52	177	149	0.49318167611
3815	46	2	41,24	0,4	153	149	0.710922664465
3819	126	17	39,63	4,8	930	149	0.688787387272
3822	12	0	38,19	0,4	260	149	0.0542646006108
3828	33	2	50,22	0,0	154	149	0.486312344698
3830	0	4	24,37	6,14	1370	149	0.000106782155802
3831	0	4	2,0	6,14	177	149	0.763471813676
3836	0	19	0,1	1,4	281	149	1
3845	0	9	6,10	2,0	166	149	6.14398365517e-09
3846	27	2	21,31	3,10	244	149	0.0717670333271
3852	80	0	234,111	0,1	979	149	1
3857	6	157	4,2	185,189	287	149	0.354418688157
3858	0	5	3,0	20,13	179	149	0.300805063774
3859	4	27	26,13	13,7	248	149	4.55343823313e-07
3863	94	2	102,37	0,0	176	149	0.545622824288
3864	2	6	19,9	4,1	155	149	0.000373031166559
3868	0	15	2,0	26,7	159	149	0.30410971023
3872	16	84	22,11	36,8	215	149	0.000731253909337
3875	0	1	3,2	6,17	242	149	0.028248092358
3893	0	4	4,2	2,2	159	149	0.000247627045109
3899	135	8	241,140	14,8	1489	149	0.963243236975
3901	2	0	12,14	0,2	243	149	0.843653858589
3908	131	7	161,100	0,2	167	149	0.00416120973019
3912	3261	11	1223,1190	0,2	1492	149	0.0154499474244
3915	7	0	11,4	2,0	329	149	0.748882998824
3917	32	7	24,18	8,0	164	149	0.54915101015
3918	11	52	55,11	65,28	289	149	0.00338187757016
3924	21	452	52,40	973,1328	176	149	0.697438316961
3926	0	13	1,0	14,15	161	149	1
3929	0	58	0,4	13,19	329	149	0.237509029986
3930	6	1	19,3	3,0	373	149	0.744067676501
3934	116	56	48,21	28,15	277	149	0.349595835158
3937	41	0	186,204	0,2	242	149	1
3940	1976	233	2663,1099	268,95	1681	149	0.150771017901
3944	6	14	4,0	43,34	268	149	0.00201394503457
3945	0	32	4,2	12,14	184	149	0.00345006498842
3950	13	29	18,2	30,9	161	149	0.920234698834
3954	9	4	15,9	0,0	230	149	5.85259450506e-05
3956	8	31	18,8	50,75	230	149	0.795135946343
3957	120	1	178,135	0,0	464	149	0.36545605783
3959	3	16	5,1	25,33	196	149	0.586087841337
3960	1	16	3,0	25,33	156	149	0.524841004472
3962	53	70	141,109	91,59	435	149	0.000883204888666
3963	39	70	106,88	91,59	336	149	0.000763660171171
3966	62	6	2,5	0,0	151	149	0.00318613623504
3967	0	2	1,4	0,8	240	149	0.0223656646474
3976	39	3	52,42	9,13	182	149	0.0391510976986
3977	84	4	10,6	0,0	615	149	0.00222562801039
3980	2	1	0,1	3,0	183	149	0.0284288674137
3981	16	67	28,8	69,14	576	149	0.100286836414
3982	77	2	35,33	0,0	215	149	0.761222047688
3986	2	4	0,0	0,2	406	149	1
3989	7	4	10,4	0,2	187	149	0.0282534162016
3992	44	3	31,16	0,2	222	149	0.133576208424
4000	20	4	28,17	0,0	384	149	0.000104236247216
4001	196	0	178,125	2,4	808	149	0.0149639725689
4004	12	2	21,32	0,0	331	149	0.0313121789232
4005	4	704	12,2	494,356	173	149	0.647355522392
4006	31	450	45,25	314,195	202	149	0.00669306569504
4012	19	6	48,38	66,28	483	149	0.0152755429865
4013	4	0	0,0	2,0	197	149	1
4014	2	123	2,6	151,117	153	149	0.348034727533
4036	24	20	39,15	30,20	161	149	0.725741804875
4039	2	45	4,0	76,20	163	149	0.749993504913
4045	1	1	0,0	2,1	161	149	0.0704028121134
4046	10	3	2,5	0,0	155	149	0.00315970619813
4054	6	1	42,36	19,6	1166	149	0.739781162866
4055	0	3	6,0	30,24	348	149	0.144858967892
4057	21	49	34,16	20,13	237	149	0.000460836183944
4067	2	90	6,13	87,38	158	149	0.00130848046761
4068	0	2	2,0	12,17	352	149	0.465176093948
4069	5	48	19,15	72,109	273	149	0.163053677377
4072	2448	0	1736,1296	2,0	3132	149	1
4074	1446	4	1802,1227	2,2	786	149	0.700623548599
4079	3	40	31,63	45,95	228	149	2.39490270848e-06
4080	309	0	190,143	0,1	432	149	1
4083	0	25	1,0	25,21	161	149	1
4084	5	18	2,0	5,2	162	149	0.156618154207
4087	2	2	0,0	0,4	154	149	1
4092	128	2	421,358	0,0	1453	149	0.107294560942
4093	0	2	18,15	0,0	191	149	3.84621896554e-07
4094	106	0	179,118	2,2	2838	149	0.0245074828578
4095	35	7	31,38	29,13	650	149	0.0282923063834
4096	170	0	316,153	2,0	1759	149	0.305257922416
4098	8	10	2,2	10,1	168	149	0.339694281102
4100	320	10	171,75	3,0	158	149	0.0412560451659
4103	0	9	0,2	2,22	161	149	0.356349708553
4108	25	3	2,0	0,0	786	149	1
4109	7	381	0,4	19,11	180	149	0.138256099949
4110	3	6	0,0	2,2	245	149	0.00413113505336
4113	5	66	19,9	238,284	932	149	0.771054809044
4124	1	91	1,4	71,84	407	149	1
4139	67	0	68,57	2,0	415	149	0.396520849726
4141	3	29	0,0	25,14	167	149	0.0366547619053
4142	6	140	5,2	136,70	174	149	0.574790095266
4143	0	2	0,2	0,2	169	149	1
4144	0	15	0,2	14,14	200	149	0.538356644497
4145	0	6	13,24	15,26	415	149	0.000457544992198
4149	35	38	89,58	71,25	2020	149	0.0647655110613
4150	11	86	29,22	86,68	200	149	0.00653030025631
4154	26	2	4,2	0,0	284	149	0.123440435994
4159	2	2	11,14	0,0	158	149	0.00639612187146
4160	220	2	124,64	2,0	195	149	1
4162	6	2	18,16	3,0	548	149	0.110330310714
4164	0	10	4,1	30,58	158	149	0.15410205205
4165	5	53	41,33	136,96	173	149	0.00312254988428
4169	124	0	70,52	1,0	153	149	1
4175	26	9	10,0	2,0	170	149	1
4176	1	85	1,1	44,28	242	149	1
4182	0	22	0,1	31,28	227	149	1
4193	19	1	23,21	1,0	151	149	0.444102891381
4202	0	4	4,0	0,0	353	149	1
4203	0	2	4,2	4,2	429	149	0.013306421124
4204	4	2	0,2	4,2	225	149	0.013591861048
4209	6	0	8,1	3,0	179	149	0.088626831494
4214	70	0	991,597	4,0	153	149	1
4215	72	11	975,598	262,76	153	149	0.399131749766
4216	0	4	1,2	4,2	167	149	0.0487135128032
4225	74	0	86,37	6,0	230	149	0.032047140301
4229	0	2	2,0	0,1	189	149	0.153629676543
4230	20	2	15,34	0,0	773	149	0.00883628193994
4231	25	11	36,37	7,7	170	149	0.0780435648662
4234	3	2	25,30	0,0	673	149	0.000181161851801
4239	6	435	3,1	925,786	153	149	0.807200953711
4244	0	30	0,1	17,16	207	149	1
4245	11	0	14,32	0,2	161	149	0.271116431991
4250	17	1	33,41	0,2	179	149	0.898773915452
4251	13	1	48,50	0,2	200	149	0.852582552632
4252	13	1	48,50	0,2	203	149	0.856967787655
4253	0	4	17,13	2,4	170	149	9.92444132941e-06
4254	0	4	17,13	2,4	173	149	9.92967663982e-06
4266	4	26	0,2	9,9	153	149	0.113079026677
4272	0	1	0,1	16,31	158	149	1
4274	6	4	10,3	0,4	288	149	0.246116872928
4275	0	4	1,0	2,3	153	149	1
4281	4	4	6,10	0,12	510	149	0.244092273588
4283	70	0	32,30	0,2	213	149	0.497404479707
4285	80	6	51,33	3,1	292	149	0.310325984299
4286	12	0	6,6	1,0	337	149	1
4288	5	13	33,37	38,23	625	149	0.0240056383386
4296	2	192	2,0	138,150	164	149	1
4298	6	3	6,0	4,3	199	149	0.12634785554
4300	16	1	59,19	0,0	188	149	0.233520402219
4302	0	2	5,0	7,8	161	149	0.0152189727663
4304	0	29	4,2	34,8	230	149	0.0193941086227
4305	1	23	4,4	37,14	153	149	0.097331573987
4312	149	75	74,56	41,26	196	149	0.951240592096
4315	2	2	13,13	3,4	245	149	0.172172776346
4317	70	0	18,16	2,0	2470	149	0.237956838721
4323	12	87	1,1	0,0	160	149	2.41263274309e-05
4324	15	88	5,4	0,0	235	149	1.5234435935e-10
4329	2	7	10,2	20,2	262	149	0.349837837982
4330	2	16	0,0	4,2	175	149	0.255662561238
4331	264	13	119,63	10,2	271	149	0.739073099519
4334	80	0	194,122	0,4	3304	149	0.0131226388419
4335	33	2	118,74	14,1	2656	149	0.862693375097
4337	1	0	21,6	2,0	259	149	0.566119749912
4340	12	12	13,32	30,23	167	149	0.661735067087
4341	0	16	0,1	16,12	188	149	1
4349	1	2	0,2	0,0	175	149	1
4353	8	38	6,2	25,14	178	149	0.874561291069
4360	14	1	26,19	6,2	210	149	0.244711332076
4365	49	3	84,20	6,4	263	149	0.454826163311
4368	5	0	19,19	2,0	719	149	0.63725328977
4369	2	0	4,2	2,0	517	149	0.29690524286
4375	8	169	0,0	119,69	202	149	0.0161745164424
4376	401	0	211,84	2,0	1896	149	0.465680147277
4378	0	3	8,1	15,42	189	149	0.0268253070177
4381	2	5	10,2	21,20	204	149	0.647160867452
4385	0	1	0,2	0,0	217	149	1
4397	55	4	43,45	2,1	181	149	0.182709277472
4398	62	2	58,67	2,2	303	149	0.996197751488
4399	41	3	48,62	3,0	303	149	0.158911902424
4400	52	6	339,237	16,13	2837	149	0.0900452702304
4404	2	6	1,0	8,6	153	149	0.0248613936166
4405	8	0	11,9	0,2	175	149	0.808915548443
4407	2	4	0,0	12,6	167	149	0.0260226788544
4409	25	2	48,26	0,0	179	149	0.252325312003
4410	34	0	70,54	2,1	301	149	0.540664551408
4412	874	0	1288,700	2,0	499	149	1
4414	5	2	10,1	0,0	197	149	0.0107871131763
4418	5	33	22,14	49,12	267	149	0.00444227886232
4420	138	4	69,36	0,0	585	149	0.00694304619911
4421	139	0	69,39	0,2	587	149	0.807729871686
4422	5	0	0,3	0,2	151	149	1
4429	6	2	8,0	0,0	229	149	1
4437	1	119	9,3	154,68	173	149	0.020293019193
4439	1	74	0,0	97,65	167	149	1
4461	1	0	23,10	3,0	179	149	0.236982404003
4462	97	2434	2,0	401,205	157	149	6.81941660252e-07
4464	16	48	2,0	3,0	157	149	1
4465	8	0	25,21	4,2	162	149	0.0314250901213
4470	1075	3	954,495	0,0	1256	149	0.749449649824
4471	11	0	11,11	1,1	551	149	0.182932033757
4472	13	0	12,13	1,1	554	149	0.303697144065
4473	4	2	1,2	0,0	152	149	0.00651667651746
4475	71	1	50,56	0,1	399	149	1
4476	19	57	25,11	68,20	316	149	0.561172259357
4483	1	12	2,0	11,6	160	149	0.877524312552
4484	33	2	60,30	0,2	1516	149	0.102825161278
4487	22	0	262,120	2,0	1989	149	0.411529378895
4489	77	0	57,27	1,0	861	149	1
4493	8	23	11,1	19,3	164	149	0.512523734344
4496	46	5	74,42	5,1	260	149	0.22092393361
4499	1	251	4,4	297,276	161	149	0.721591855555
4500	141	1	213,221	0,0	152	149	1
4505	1	2	1,8	0,0	160	149	0.000758986353685
4508	103	49	165,91	30,11	1876	149	8.96553266373e-05
4509	93	9	73,46	2,0	153	149	0.00116352825955
4516	2	8	6,7	5,6	166	149	0.0378163777893
4518	13	14	18,15	38,29	218	149	0.170010253007
4527	82	3	52,49	2,0	257	149	0.198368875912
4545	22	726	29,17	677,407	334	149	0.257909317582
4547	1190	16	1770,855	26,11	864	149	0.893200399253
4551	0	16	0,1	20,15	166	149	1
4554	153	8	98,151	2,2	2204	149	0.0299939970897
4555	15	0	10,19	2,2	186	149	0.0386512464472
4556	152	0	96,146	2,2	396	149	0.276731098092
4558	2	102	1,8	45,77	357	149	0.106577429983
4561	1	21	0,4	4,9	168	149	0.211694065248
4562	0	31	1,0	4,2	290	149	1
4563	25	19	22,14	40,27	193	149	0.0174915954343
4568	8	0	2,2	0,2	159	149	0.48887766251
4576	2	21	3,2	17,31	189	149	0.872073307101
4578	130	206	82,41	108,34	727	149	0.120601395314
4579	0	16	3,0	27,21	153	149	0.460022859066
4580	14	26	19,5	18,23	186	149	0.949750201443
4582	191	2	75,50	2,0	296	149	0.804709734574
4583	55	133	34,18	77,46	221	149	0.990557531826
4592	6	15	1,6	4,2	281	149	0.4518215683
4593	2	28	0,2	34,51	286	149	0.725471077629
4594	0	57	3,4	252,178	153	149	0.747028006106
4596	12	200	8,12	106,66	212	149	0.112196821241
4599	2	1313	0,0	982,627	322	149	1
4600	2	1313	0,0	982,627	271	149	1
4608	2	0	0,0	0,2	278	149	1
4609	10	2	8,13	0,0	332	149	0.0154122380486
4614	61	2	40,33	0,0	296	149	0.446130134983
4616	3	147	6,0	157,56	177	149	0.751730587492
4619	2	0	36,21	2,0	249	149	0.399267114462
4620	53	0	227,179	2,0	2003	149	0.517614211463
4621	8	2	46,19	2,2	249	149	0.246854420158
4622	12	5	43,32	9,10	1161	149	0.334236633779
4623	41	16	121,139	26,33	3018	149	0.101504663518
4624	27	8	44,33	1,5	153	149	0.0159296500529
4643	99	48	110,37	27,15	1168	149	0.0953421502384
4652	72	11	58,60	14,18	236	149	0.132558631392
4653	29	73	20,18	48,20	610	149	0.315995605886
4654	24	8	31,11	11,2	184	149	0.896362455775
4657	146	9059	0,0	7,60	234	149	1
4666	49	0	35,19	2,0	233	149	0.381679123906
4668	6	321	9,4	307,172	187	149	0.489944415747
4671	4	0	21,17	2,0	186	149	0.538560462754
4677	1	2	4,9	7,7	154	149	0.42022557417
4689	57	0	81,59	4,2	348	149	0.0267102542693
4690	4	37	0,0	11,14	194	149	0.0167354705569
4694	0	5	3,0	0,0	193	149	1
4698	45	2	102,54	0,1	837	149	0.0313516157376
4699	10	11	49,37	6,10	772	149	0.000990845101957
4701	0	21	2,3	17,10	227	149	0.0257789874301
4702	114	2	74,56	0,0	494	149	0.512071297092
4703	5	14	0,0	6,6	161	149	0.000162642851758
4710	23	311	12,8	90,96	163	149	0.371337055993
4712	3	3	2,0	6,2	576	149	0.0603341089782
4715	3	56	2,0	43,41	153	149	0.151845772699
4717	0	30	2,0	23,8	158	149	0.326109555414
4719	2	0	0,0	1,0	154	149	1
4723	4	0	6,0	2,0	177	149	1
4726	5	0	7,4	0,2	168	149	0.597730889511
4727	7	0	12,9	3,2	305	149	0.00568759717377
4728	12	0	22,13	3,2	324	149	0.0119216349364
4729	7	2	10,6	0,2	168	149	0.143964585871
4730	5	0	12,7	2,2	305	149	0.00829770335101
4731	10	0	20,11	2,2	324	149	0.0199028601769
4732	10	0	19,13	2,2	347	149	0.0248231416678
4737	1	10	5,0	8,7	448	149	0.354487190614
4738	4	0	2,0	10,2	178	149	1.68286400226e-06
4743	0	2	1,2	0,0	209	149	5.96593605851e-07
4745	0	4	1,2	17,10	216	149	0.256871726325
4748	2	4	0,0	17,10	156	149	0.0337982371519
4756	0	22	2,0	33,15	256	149	0.539634169897
4757	0	5	0,3	0,0	275	149	1
4760	27	16	86,41	19,17	1597	149	0.0670850948511
4768	11	118	4,2	116,73	250	149	0.0194763636823
4775	0	154	4,0	411,336	198	149	1
4776	18	0	12,4	4,0	161	149	0.0186587581824
4777	2	0	0,0	4,0	297	149	1
4779	2	3	10,0	2,1	725	149	0.554728063606
4780	59	1	54,31	1,3	235	149	0.328000878152
4781	6	15	1,11	10,14	201	149	0.903431575537
4785	1	53	13,4	78,56	167	149	0.00542258305084
4803	10	1	11,14	2,2	173	149	0.474790686491
4806	2	33	11,11	29,19	325	149	0.000659990911985
4807	2	18	8,6	24,32	153	149	0.186977834115
4809	2	9	2,4	23,4	164	149	0.909244706023
4812	6	0	56,39	7,7	977	149	0.0042132744298
4815	4	18	0,2	28,35	289	149	0.0109290465999
4816	0	2	1,0	6,7	162	149	1
4819	4	24	3,0	30,22	153	149	0.087446803883
4822	107	45	128,130	77,31	468	149	0.814141113562
4824	100	24	75,38	24,12	161	149	0.394278089661
4829	3	19	10,3	26,17	292	149	0.311991576752
4831	218	0	169,177	0,2	1243	149	0.461547055209
4835	2	90	8,3	131,85	153	149	0.181004527202
4842	3	115	0,4	210,307	199	149	0.717346617859
4847	0	73	2,0	116,45	178	149	1
4849	5	38	0,0	50,28	321	149	0.0142341822865
4850	40	0	30,40	0,2	613	149	0.733459995102
4857	2	3	90,45	7,6	457	149	0.00329295770771
4863	57	20	51,32	60,36	158	149	0.000114465624083
4865	32	24	76,34	92,36	197	149	0.177971122217
4866	21	1	50,23	0,0	197	149	0.248114484638
4868	43	9	44,77	9,2	227	149	0.118434680529
4891	73	0	71,51	2,0	157	149	1
4895	1	18	0,0	24,16	184	149	0.277139473641
4896	1323	4	89,69	0,0	266	149	1
4899	3	24	2,4	30,14	166	149	0.818276835908
4900	2	10	0,0	4,0	182	149	1
4906	0	10	2,1	8,9	188	149	0.123577236062
4915	4	0	5,6	2,0	161	149	0.630962292292
4931	249	3	540,221	4,4	202	149	0.930290494863
4932	70	1	58,30	0,0	228	149	0.407791450364
4935	16	45	11,7	16,11	198	149	0.171813560099
4938	17	4	11,7	0,0	198	149	0.000619651646988
4941	0	80	0,2	47,57	305	149	1
4944	123	2	170,86	2,0	869	149	0.253713841866
4945	304	3	335,193	2,0	1843	149	0.106545109563
4946	99	3	99,49	4,1	152	149	0.922233648966
4950	4	1	6,2	2,0	191	149	0.584255853286
4952	1	8	3,2	19,9	159	149	0.486317878395
4953	37	17	90,48	22,12	1551	149	0.0880861142573
4954	2	15	0,0	9,4	165	149	0.21709834716
4957	54	0	76,108	0,2	530	149	0.307717454967
4960	0	1	1,0	7,3	155	149	1
4964	14	1	15,9	0,0	171	149	0.229297154813
4965	4	2	2,6	0,0	532	149	0.000350974819371
4966	10	1	2,2	5,7	368	149	4.34280122492e-05
4967	2060	2	2262,997	0,0	251	149	1
4968	9	27	25,4	66,26	285	149	0.858828322746
4972	7	0	2,8	2,0	1245	149	0.0200179326739
4974	1	2	4,14	0,4	236	149	0.0332232452375
4975	1	2	4,14	0,4	249	149	0.0308938168621
4976	1	2	4,14	0,4	255	149	0.0303439154036
4980	2	0	0,0	1,0	272	149	1
4981	55	10	74,49	4,4	176	149	0.0323917230011
4987	1	56	2,0	9,3	362	149	0.367622698153
4988	384	0	499,271	2,0	2469	149	0.28361222127
4993	8	1	6,14	0,0	419	149	0.27881417516
4995	9	410	1,0	49,42	153	149	0.149870598803
4996	2	319	2,1	315,60	354	149	1
4998	0	1	2,2	0,0	195	149	2.50142887995e-05
4999	0	1	2,2	0,0	184	149	2.66272582539e-05
5000	2	1	11,57	49,110	847	149	0.555890170665
5002	2	0	2,0	2,0	340	149	1
5004	336	2	293,245	0,0	248	149	1
5006	2	0	0,0	0,2	201	149	1
5007	2	0	3,0	0,2	228	149	0.051999475115
5012	0	3	3,0	8,11	253	149	0.307719572022
5014	3	7	2,0	6,9	164	149	0.0467991531638
5017	2	0	2,2	2,2	204	149	0.00193236226124
5023	5	4	0,7	2,0	266	149	0.833826162538
5024	3	4	2,4	2,0	333	149	0.109718330931
5025	3	5	2,4	0,7	216	149	0.345745640196
5027	0	7	0,6	6,9	151	149	0.00887415227058
5028	8	129	16,14	250,117	187	149	0.433051960218
5034	403	7	614,522	5,0	1168	149	0.0129836279811
5035	651	16	824,632	6,4	257	149	0.00132283585959
5036	17	0	7,1	2,0	229	149	0.72676744194
5037	30	0	72,105	2,0	309	149	0.56329335166
5038	2	0	17,4	6,2	158	149	0.00701020769319
5039	266	8	39,46	0,0	177	149	0.0263857686025
5048	35	11	64,24	8,20	874	149	0.903531863437
5053	2	46	4,4	78,95	192	149	0.756856817541
5054	2	46	0,2	78,95	195	149	0.791078121852
5056	0	59	1,0	115,117	153	149	1
5062	6	0	33,13	2,0	415	149	0.588630007999
5072	7	2	11,6	0,0	155	149	0.050668132726
5073	8	0	11,6	0,2	159	149	0.694413954748
5074	3	0	0,0	0,2	153	149	1
5076	3	16	4,2	15,16	179	149	0.927294460342
5078	274	177	508,356	92,85	2556	149	1.00842112438e-10
5080	319	1	551,419	0,0	2658	149	0.260559565843
5081	2	177	4,10	92,85	193	149	0.00224348756275
5083	47	1	47,73	0,0	295	149	0.285746179573
5085	222	1	135,148	0,0	251	149	1
5086	26	1	32,47	0,0	221	149	0.25563299889
5087	53	1	56,87	0,3	151	149	0.772874210797
5089	2	42	0,2	38,71	259	149	0.66954904445
5091	0	6	1,9	11,12	219	149	0.00571369523456
5096	10	77	3,11	66,52	207	149	0.860600416792
5097	12	169	31,15	130,133	234	149	0.00771487127371
5098	1	150	1,3	130,88	267	149	1
5104	28	7	2,0	2,2	155	149	0.00890619663124
5121	27	32	35,6	27,14	238	149	0.956455515161
5129	3	1	13,6	0,0	202	149	0.225169155941
5132	94	6	2,0	0,0	221	149	1
5133	92	1	88,58	0,0	403	149	0.336994515631
5139	42	14	22,26	13,2	239	149	0.632135437258
5140	15	58	18,5	114,73	236	149	0.0565707200458
5141	30	0	104,26	2,0	524	149	0.310381792806
5145	4	1	4,2	2,2	180	149	0.40680559773
5146	1	24	0,0	33,34	164	149	0.2970914211
5150	25	39	41,8	70,63	287	149	0.0776803216705
5152	1	59	0,1	39,38	195	149	1
5153	0	27	4,0	18,18	162	149	0.0839595730945
5154	1	0	0,0	2,0	279	149	1
5156	6	2	8,2	2,4	193	149	0.449115308754
5157	99	2	158,120	2,4	1700	149	0.854562350314
5161	10	0	5,6	0,2	281	149	0.584568153691
5165	3	0	1,0	0,2	155	149	0.109578391291
5168	0	2	1,0	3,0	173	149	1
5171	0	2	4,4	2,0	385	149	0.000212531139863
5173	150	4	136,62	2,0	222	149	0.104178003886
5180	0	2	2,0	9,0	177	149	1
5182	176	2	505,247	0,0	377	149	0.592760424548
5185	74	2	113,61	0,0	767	149	0.157664733842
5186	2	5	2,0	2,0	278	149	1
5194	84	667	69,24	331,336	285	149	0.715111461145
5195	56	0	61,20	0,4	285	149	0.0707306059426
5212	2	88	8,5	40,34	239	149	0.001346515574
5213	210	68	353,140	25,12	3725	149	5.13395925772e-09
5215	0	4	4,0	25,12	596	149	0.676222011546
5220	1	5	3,2	2,0	185	149	0.00372985570256
5221	4	19	13,7	41,15	156	149	0.312359314831
5225	6	18	0,4	13,16	157	149	0.107182688375
5234	3	22	5,4	17,13	175	149	0.244273314739
5236	2	42	5,8	12,20	227	149	0.00109471274
5249	148	150	64,67	58,69	190	149	0.835808708513
5250	8	4	0,0	0,4	175	149	1
5251	41	10351	6,5	119,210	200	149	0.0789404017591
5253	0	5	1,0	0,0	197	149	1
5261	0	33	0,2	11,5	379	149	0.859207234628
5270	170	0	84,60	2,2	1144	149	0.013602767776
5273	49	2611	6,4	327,191	164	149	0.769956970178
5281	1	19	13,11	42,16	277	149	0.00288500362356
5287	9	0	51,18	1,0	2308	149	1
5288	1	21	0,0	4,2	233	149	0.32790996324
5294	39	17	57,27	20,19	292	149	0.79420828549
5297	2	82	8,2	60,30	175	149	0.0272023715927
5315	0	23	0,2	14,56	233	149	1
5322	2	0	1,0	3,9	153	149	1.16774600889e-06
5323	0	2	9,8	0,2	268	149	2.01798997634e-05
5326	0	2	6,2	0,2	288	149	0.000150402431893
5328	0	2	9,2	0,2	274	149	6.90926372962e-05
5329	7	1426	15,3	735,475	202	149	0.860800881299
5330	26	4	12,10	1,4	159	149	0.882503229562
5331	2	20	7,3	12,6	162	149	0.0170348350596
5339	10	0	36,32	7,8	152	149	0.00384956218307
5343	3224	11	5575,3267	4,0	1651	149	0.00193762960525
5344	3044	11	5289,3136	4,0	1588	149	0.0017098607171
5347	299	2	515,306	0,0	470	149	0.531894114381
5350	30	201	18,22	171,122	197	149	0.739595164646
5358	0	6	11,6	20,4	176	149	0.000653238315682
5362	3	11	9,2	19,22	158	149	0.781944528679
5367	173	7	186,98	7,0	415	149	0.28989169277
5370	111	1	82,44	0,0	766	149	0.276558677236
5372	0	22	2,4	35,20	161	149	0.023086089221
5373	18	1	11,17	4,4	241	149	0.0415730319891
5378	7	3	5,0	2,2	355	149	0.169671456853
5382	179	131	47,41	65,41	161	149	0.0296617459239
5383	5	15	10,19	19,8	268	149	0.0600024186377
5389	9	98	4,2	86,85	160	149	0.0477969816641
5390	1	2	4,1	0,0	642	149	8.819979194e-06
5403	52	2	4,4	0,2	261	149	0.717664870272
5404	22	2	5,5	2,2	261	149	0.12114312387
5411	181	0	440,208	1,0	160	149	1
5412	7	135	7,4	296,232	158	149	0.0943386936297
5414	0	1	2,10	2,0	160	149	3.02053024757e-05
5415	200	37	4,0	0,0	288	149	1
5416	2	8	2,5	1,12	352	149	0.431743668389
5417	5	12	3,5	30,21	373	149	0.169429963085
5418	11	12	2,12	30,21	170	149	0.0286572970601
5420	0	19	4,2	9,6	213	149	0.00216240837243
5443	0	2	0,4	17,0	192	149	0.0220961997339
5444	0	4	2,5	6,14	330	149	0.0222107472313
5446	7	59	16,14	67,92	242	149	0.253057095519
5447	8	2	31,34	7,0	976	149	0.153493529677
5458	66	2	150,67	14,10	4013	149	0.0451770307214
5481	212	41	421,95	8,9	3872	149	0.00361731134271
5485	212	1	46,118	0,0	1291	149	0.290021404927
5496	5	2	15,4	2,0	197	149	0.0816041623113
5497	47	27	57,15	19,10	173	149	0.412914384132
5499	32	0	26,26	1,0	154	149	1
5500	3	36	4,0	49,42	184	149	0.371232028167
5502	412	2	974,362	6,3	202	149	1
5503	40	118	83,51	341,111	219	149	0.819723063313
5504	3	19	0,4	11,7	152	149	0.793068572461
5505	1	63	2,0	52,56	155	149	1
5507	26	4	38,15	2,2	193	149	0.24220330813
5508	2	2	8,4	0,0	245	149	0.000545324011966
5512	38	104	33,13	94,87	167	149	0.185187343022
5513	11847	1	880,378	0,0	1301	149	1
5514	39	103	0,0	0,2	162	149	1
5515	101	103	4,0	0,2	207	149	0.888352836762
5516	83	21	4,0	0,0	194	149	1
5521	30	0	19,37	2,0	172	149	0.900139885596
5522	12	10	18,17	11,8	266	149	0.396218366826
5524	0	2	0,2	32,27	208	149	0.53089609363
5533	1	0	11,7	0,3	981	149	0.0104050626036
5534	4	2	4,4	2,2	218	149	1
5535	1	24	2,0	18,33	163	149	0.552180910475
5537	0	3	2,0	2,0	171	149	1
5540	27	139	24,18	107,33	381	149	0.139959368684
5541	23	2	18,2	2,0	261	149	0.327815630637
5543	0	30	2,0	7,2	544	149	0.307186050383
5544	3	142	7,5	102,38	153	149	0.0187889518024
5545	15	0	24,35	8,4	836	149	0.00083041574677
5546	10	267	9,6	256,222	237	149	0.650822258667
5548	2	37	7,1	19,16	213	149	0.0704843163622
5554	0	17	2,8	13,13	165	149	0.000786710915954
5556	0	39	0,2	15,12	188	149	0.685719179287
5558	47	20	17,24	29,23	206	149	0.00297310663826
5559	394	4183	114,97	670,621	396	149	0.000420096523937
5560	9192	12	1625,2050	0,0	2226	149	0.0999643998876
5561	5156	7	755,457	0,0	210	149	1
5564	2	3	7,20	18,4	211	149	0.351796530517
5569	9	1	17,14	2,0	578	149	0.428116925268
5573	14	0	6,9	3,0	203	149	0.0953328461717
5580	1	0	0,2	4,2	180	149	7.58083533614e-06
5581	7	6	0,5	0,0	207	149	1
5583	1	0	0,0	0,2	180	149	1
5584	1	2	0,0	4,6	180	149	0.280757301209
5585	1	2	2,0	0,0	180	149	1
5586	50	6	64,41	4,0	457	149	0.0437487576345
5587	45	0	61,39	2,0	388	149	0.379416353499
5590	5	6	5,2	4,0	218	149	0.212738925015
5597	6	0	27,20	2,2	666	149	0.0189000011047
5603	966	75	46,10	9,0	246	149	0.509849571317
5607	2	4	0,1	4,6	245	149	1
5608	2	3	1,5	2,0	240	149	0.110528551914
5609	4	42	0,6	68,140	486	149	0.289119013086
5610	39	2	299,116	6,2	309	149	0.659319502793
5611	4	0	123,0	4,0	2729	149	1
5615	6	1	9,11	6,20	350	149	0.0301041152749
5618	0	2	0,4	0,0	198	149	1
5625	14	5	10,12	0,0	153	149	9.03360276254e-05
5626	2	29	3,0	34,4	208	149	0.735182839384
5629	8	45	1,8	71,19	217	149	0.386966929503
5631	0	44	1,0	134,99	165	149	1
5636	9	2	23,7	0,0	225	149	0.0377197097764
5644	87	0	71,43	5,0	153	149	0.112973961509
5645	3	0	4,1	0,4	158	149	0.0199860055996
5652	44	5	106,45	3,2	186	149	0.0578754645254
5656	48	7	38,44	2,0	373	149	0.00141765012963
5657	2	0	6,11	0,2	186	149	0.740915944099
5659	50	7	41,53	2,0	369	149	0.00096434208008
5661	48	7	35,44	2,0	332	149	0.00165350072097
5662	9	7	10,14	2,0	187	149	0.000482941677638
5663	18	4	13,9	0,0	429	149	6.86223794201e-05
5668	13	25	30,53	55,101	515	149	0.86405286881
5670	4	44	2,4	50,24	158	149	0.799299988475
5671	5	25	15,9	27,25	553	149	0.0948738019921
5678	13	290	42,23	746,420	744	149	0.755021935285
5683	2	10	0,0	8,13	463	149	0.554216146051
5695	6	2	11,8	2,2	230	149	0.61072992512
5701	109	642	39,99	186,376	162	149	0.0624621255314
5707	5	12	0,5	39,31	191	149	0.0143541248553
5713	2	32	3,8	28,28	229	149	0.0891211706902
5719	228	1	266,226	0,2	376	149	1
5720	279	5	270,183	4,6	340	149	0.728437766947
5721	132	0	98,51	2,0	391	149	0.333811088385
5722	175	2	127,81	2,0	430	149	0.49588080768
5723	43	2	31,30	2,0	188	149	0.349358068746
5724	390	2	393,231	0,2	430	149	0.75060268921
5725	162	129	110,76	214,108	188	149	9.46205321635e-05
5728	10	11	0,0	2,0	163	149	1
5729	197	19	8,9	0,0	477	149	0.000165787349449
5730	0	4	2,6	0,0	164	149	8.61294235932e-09
5738	1	36	0,6	62,50	160	149	0.510137942836
5742	3	0	6,2	3,2	194	149	0.00131219331938
5743	91	0	129,143	4,1	176	149	0.769652873213
5745	4	14	19,3	12,13	237	149	0.181471926677
5747	2	0	9,1	2,0	171	149	0.709141265827
5751	252	2	123,70	4,0	538	149	0.621457605467
5753	275	32	218,92	21,6	199	149	0.266776574389
5755	2119	3	2502,1185	2,0	1313	149	0.697670112613
5756	2253	2	2636,1231	7,0	1386	149	0.804463563908
5757	137	2	136,46	7,0	222	149	0.242746450436
5758	32	21	50,7	41,11	214	149	0.310085717822
5759	34	0	54,7	4,0	309	149	0.0607578766403
5760	23	0	45,11	4,0	244	149	0.0827054317527
5761	143	84	138,60	76,19	214	149	0.294849473886
5762	145	7	142,60	7,4	309	149	0.914898496166
5764	29	2	14,11	2,2	167	149	0.466046550643
5765	3	2	2,2	2,2	218	149	0.670615454947
5766	0	26	0,2	12,11	200	149	0.66869097936
5769	3	4	12,0	4,3	236	149	0.883610362497
5770	2	0	6,2	2,0	197	149	0.678170022052
5772	3	3	0,0	6,0	160	149	1
5774	18	3	0,6	0,0	175	149	1
5775	101	5	43,29	2,0	163	149	0.140867348505
5791	6	0	4,10	2,0	595	149	0.272064798371
5793	12	0	15,26	3,2	916	149	0.000765062433969
5797	0	17	5,0	6,0	328	149	1
5798	2	17	5,2	6,0	686	149	0.0770365179132
5803	6	2	0,6	2,2	153	149	0.221696703928
5804	1076	1	378,327	0,0	3862	149	0.382843073739
5805	1	0	4,2	1,0	160	149	1
5816	311	2	159,118	0,0	212	149	1
5818	9	45	44,5	51,40	253	149	0.143466910636
5820	16	0	23,8	2,0	199	149	0.452012798773
5821	25	0	31,11	0,2	199	149	0.796000816973
5822	1	54	0,0	14,11	257	149	1
5826	20	6	12,6	0,0	158	149	5.48951210353e-05
5827	2	23	0,2	54,31	164	149	0.170254332838
5834	17	412	10,10	155,95	259	149	0.0984402483442
5835	309	0	246,181	1,1	183	149	1
5839	36	1	54,43	2,0	1139	149	0.716455657228
5848	30	3	27,21	2,2	780	149	0.800581182977
5852	227	0	356,141	2,0	1006	149	0.441902869101
5853	6	4	0,1	0,0	161	149	1
5854	1	4	2,1	0,0	234	149	3.45758708331e-07
5855	2	4	2,1	0,0	240	149	1.44347189113e-06
5856	1	6	2,1	0,1	222	149	0.00142538602053
5857	2	6	2,1	0,1	228	149	0.00275253441513
5860	13	2	21,20	2,0	210	149	0.116922280786
5861	85	2	86,53	2,0	214	149	0.392704539899
5862	19	2	29,26	2,0	235	149	0.144034675157
5863	74	2	65,34	0,1	153	149	0.855024617058
5864	8	2	8,7	0,1	174	149	0.0305617657288
5865	6	72	6,7	63,34	170	149	0.376085137462
5866	15	2	27,19	2,0	214	149	0.135945324125
5868	7	0	2,1	5,0	267	149	0.00486811092308
5877	22	0	41,25	1,0	497	149	1
5906	7	14	37,21	14,0	166	149	0.000102254636965
5907	19	0	53,26	1,0	306	149	1
5908	2	10	2,1	8,7	269	149	0.909890744206
5909	4	4	2,4	6,5	193	149	0.385506367438
5910	30	3	29,6	2,5	295	149	0.316112989307
5911	44	0	42,25	0,4	295	149	0.0572772703992
5912	0	23	0,2	33,39	282	149	1
5913	5	175	2,8	199,153	165	149	0.895776059284
5929	27	3	34,14	5,0	340	149	0.7749961592
5931	3	17	2,5	39,40	215	149	0.503588780831
5932	12	14	53,33	43,30	548	149	0.394218837394
5933	22	0	72,46	4,0	584	149	0.0558213372788
5934	24	0	62,43	4,0	185	149	0.215653254149
5942	0	2	2,2	2,6	161	149	0.00454542786861
5948	6	24	1,4	43,25	163	149	0.0436262370448
5951	3	13	1,2	17,11	239	149	0.264826261174
5952	9	6	4,0	11,4	153	149	0.00780925279986
5961	4	18	14,9	8,2	274	149	0.000188092997517
5962	130	0	123,51	8,1	208	149	0.00558069466189
5963	28	0	23,11	8,1	214	149	0.000615050145265
5964	0	102	1,0	101,40	155	149	1
5976	18	21	102,51	41,25	1985	149	0.0052776893007
5982	5	101	11,3	133,80	254	149	0.640146127331
5988	13	391	10,17	280,185	314	149	0.128412773391
5994	2	1	10,2	10,4	227	149	0.426729008865
5996	66	21	110,61	26,30	681	149	0.86405620702
5997	4	72	0,0	49,28	153	149	0.0435582556839
6003	4	2	0,2	2,6	156	149	0.0051319873444
6004	44	22	86,31	30,33	589	149	0.678523675856
6005	8	17	10,4	6,2	180	149	0.0219635255495
6006	6	61	24,20	173,81	180	149	0.14293450539
6023	29	0	76,43	1,0	194	149	1
6031	4	18	8,0	14,10	153	149	0.827727696732
6034	42	18	20,24	18,14	191	149	0.171676969333
6046	2	0	8,0	3,0	368	149	1
6047	0	2	0,1	0,0	168	149	1
6049	2	0	0,0	0,2	257	149	1
6051	44	1	277,277	12,4	187	149	0.55621413335
6064	0	17	1,0	127,68	200	149	1
6072	0	29	1,1	15,21	156	149	0.771140486033
6077	34	4	60,34	35,21	2632	149	0.0016314469697
6086	3	0	6,3	4,0	167	149	0.0136404932876
6096	2	20	0,1	11,4	162	149	0.18370915427
6099	1	47	0,4	34,28	191	149	0.328710252204
6102	5	3	4,1	0,0	293	149	0.000128126613622
6107	0	1	2,0	0,4	259	149	0.20438842372
6109	40	14	41,23	22,5	158	149	0.808098011819
6110	203	0	298,170	0,2	1566	149	0.808046709287
6113	4	7	0,2	0,5	182	149	1
6114	4	62	5,6	71,108	182	149	0.948705577678
6136	2	5	2,0	0,7	258	149	0.53365311404
6137	105	6	104,58	3,2	193	149	0.219905678199
6139	8	0	6,12	2,0	236	149	0.594825032126
6140	8	205	27,22	489,488	180	149	0.435526242847
6141	505	0	939,770	2,2	2912	149	0.225002522625
6143	166	0	378,250	1,0	180	149	1
6147	5	17	16,7	10,6	844	149	0.00553381982343
6148	4	17	2,4	10,6	538	149	0.708268338555
6149	4	17	2,2	10,6	363	149	0.950607738033
6158	7	10	14,7	9,1	173	149	0.0591612488553
6160	26	16	16,1	0,0	232	149	4.85065736133e-07
6161	17	134	22,14	31,20	269	149	1.04490734021e-06
6167	104	0	89,33	2,2	187	149	0.387366926721
6168	19	0	19,23	3,4	374	149	0.0016277759478
6174	82	0	109,123	0,2	479	149	0.432528295164
6183	19	0	393,545	0,4	643	149	0.555954352155
6184	0	11	1,1	177,144	158	149	1
6186	2	6	20,4	0,0	839	149	5.77229375409e-11
6192	308	2	565,412	2,0	290	149	0.690203522961
6193	2	10	2,4	30,21	205	149	0.872175247503
6194	14	2	18,16	1,0	182	149	0.0387370197773
6197	5	15	17,7	6,9	218	149	0.0189947400104
6199	16	34	13,22	49,55	164	149	0.379521034952
6204	23	0	14,9	1,0	165	149	1
6205	108	2	83,44	4,0	165	149	0.671830466773
6212	6	0	81,28	0,1	904	149	1
6223	400	155	824,398	97,79	3226	149	7.31633407192e-07
6231	3	3	9,4	2,2	153	149	0.159190693081
6233	18	7	6,8	8,6	174	149	0.0965658568334
6235	34	2	40,21	0,0	257	149	0.253788262573
6244	6	2	9,10	2,6	425	149	0.707691833363
6251	141	8	96,29	10,4	236	149	0.174316937653
6254	0	2	1,0	3,11	172	149	1
6257	0	83	0,2	17,21	211	149	0.323604111078
6259	3	35	21,12	43,25	1234	149	0.000857463137341
6263	1	30	7,1	18,17	159	149	0.0286567887027
6265	404	7	150,141	4,2	253	149	0.836675899249
6266	353	8	188,104	4,3	307	149	0.923408297746
6267	48	3	45,88	1,0	503	149	1
6269	0	5	4,1	38,14	153	149	0.0847268315134
6270	478	2	456,268	0,1	855	149	0.683156655714
6271	1820	6	1702,829	0,3	1434	149	0.0809075889573
6274	8	30	13,4	48,10	391	149	0.867797106212
6282	0	1	6,2	6,0	152	149	0.000384393162887
6283	710	0	532,270	2,2	156	149	1
6288	1	1	1,1	14,10	180	149	0.249954812621
6289	2	187	8,0	180,62	170	149	0.171587699117
6293	2	0	9,3	8,1	154	149	0.00358078667985
6295	49	2	32,7	1,1	153	149	0.480907833747
6296	4	0	0,1	0,3	225	149	1
6298	4	2	2,0	1,6	153	149	0.0222628921796
6299	11	42	22,12	45,11	225	149	0.0400647861334
6300	2	27	0,0	33,6	246	149	0.815933276886
6302	63	0	123,47	0,4	271	149	0.273469555245
6314	1	0	0,0	2,0	238	149	1
6324	0	68	3,0	35,13	218	149	0.661573767501
6325	2	14	2,0	34,38	168	149	0.115919285326
6326	28	17	31,16	33,27	155	149	0.0491546782299
6340	2	18	9,8	28,34	211	149	0.131751311972
6343	10	0	24,30	2,0	1502	149	0.51325222102
6362	4	16	6,0	25,8	471	149	0.827782360741
6372	23	212	0,0	0,10	296	149	1
6381	2	22	0,0	11,7	266	149	0.679864296678
6383	6	6	10,18	15,10	176	149	0.841190470165
6384	127	3	483,618	5,12	374	149	0.749615224224
6385	6	2	9,2	0,0	273	149	0.00361515767515
6386	5	74	4,0	80,20	153	149	0.269988393045
6387	3	172	2,0	65,36	196	149	1
6390	0	35	2,1	57,31	173	149	0.427230115429
6392	29	1	58,34	2,0	159	149	0.561352522096
6394	16	4	10,14	0,0	192	149	0.000514879768027
6400	11	119	51,10	139,118	701	149	0.00605126438827
6403	2	23	5,0	55,30	188	149	0.630005525226
6404	18	4	18,10	17,5	161	149	0.0330185157358
6405	1	43	2,0	38,29	174	149	0.656461505643
6406	5	11	11,4	6,16	296	149	0.579738925198
6407	6	0	11,6	0,2	384	149	0.48768661106
6408	12	0	6,18	0,2	237	149	0.596296069495
6411	1	0	5,0	4,0	211	149	1
6418	0	3	2,0	0,0	198	149	1
6428	2	5	0,0	6,2	314	149	0.145093196097
6429	2	0	2,2	2,0	271	149	0.331836064711
6438	0	4	20,5	1,4	261	149	4.54971609768e-05
6439	19	0	48,22	2,0	483	149	0.517507984032
6440	14	1	45,18	2,0	483	149	0.868047639036
6443	3	0	1,4	0,2	194	149	0.596855327704
6446	5	38	13,16	41,41	269	149	0.034852178914
6449	2	22	0,2	15,3	156	149	0.467549269241
6450	2	22	0,2	15,3	190	149	0.459953321519
6455	93	2	135,103	0,5	203	149	0.964948539566
6456	701	0	704,626	3,2	323	149	1
6457	0	4	5,0	10,0	383	149	1
6459	2	58	0,0	26,11	312	149	0.545128800798
6464	2	0	13,11	0,4	164	149	0.0338254620163
6466	30	1	80,135	13,12	217	149	0.0487921949652
6470	4	3	2,2	3,4	179	149	0.321062954101
6471	65	0	40,71	2,0	197	149	0.54687586886
6473	851	17	1373,614	28,37	2984	149	0.149366356464
6475	1	5	0,0	5,0	268	149	1
6477	67	8	16,8	0,0	153	149	0.000693699234918
6478	58	8	3,8	0,0	298	149	0.000183617913596
6479	58	67	3,8	16,8	294	149	0.123718705229
6480	35	2	4,2	1,0	222	149	0.185068319312
6481	60	975	4,5	164,167	425	149	0.00899238383144
6487	1	68	2,2	44,42	175	149	0.372128319896
6489	0	4	5,0	0,4	160	149	0.00817800131315
6490	28	0	50,63	0,2	439	149	0.436526880031
6492	1	11	11,2	0,3	323	149	0.00111217744867
6495	2	0	10,16	0,2	183	149	0.597746969634
6501	2	0	6,7	2,0	158	149	0.688776218836
6508	0	2	2,1	5,5	154	149	0.0737808226629
6509	2	0	3,3	3,4	184	149	0.00111062805419
6510	69	0	155,181	1,0	362	149	1
6511	7	8	4,0	1,0	177	149	1
6512	5	8	5,0	1,0	224	149	1
6513	1	3	1,0	0,0	196	149	1
6514	6	4	4,0	0,0	177	149	1
6522	6	9	8,9	11,19	158	149	0.750075189635
6527	0	26	2,0	15,28	191	149	0.821238505226
6528	15	54	10,6	71,49	211	149	0.0661902509363
6529	6	134	68,24	390,242	257	149	0.0016716028683
6530	39	7	56,35	2,2	414	149	0.015756194413
6532	0	4	3,27	0,0	1021	149	1.82652781788e-11
6533	6	3	3,4	14,4	158	149	0.0467155990575
6534	15	10	26,17	11,13	158	149	0.71325745799
6537	2	5	2,4	12,32	989	149	0.643588893004
6538	5	2	2,0	4,0	179	149	1
6540	4	15	7,10	5,15	232	149	0.0547128854728
6541	2	3	2,6	0,0	549	149	1.47492042901e-06
6542	2	2	2,6	2,0	561	149	0.207053088685
6543	3	2	0,0	2,0	161	149	1
6544	79	8	144,103	22,5	152	149	0.852626401997
6546	2	39	17,4	60,33	289	149	0.0120300083281
6549	10	94	15,10	33,53	772	149	0.0152340449481
6553	32	9	74,49	9,14	212	149	0.435496234625
6554	42	10	41,13	3,2	192	149	0.0503085081566
6555	8	34	6,7	20,29	203	149	0.872808872001
6556	112	0	186,101	1,4	233	149	0.420040016439
6559	0	1	2,2	6,4	154	149	0.0227559210396
6564	0	5	1,0	2,10	374	149	1
6567	4	0	22,32	0,6	173	149	0.0334032731258
6571	2	0	7,0	5,0	184	149	1
6572	0	1	10,4	6,11	206	149	0.00628164442152
6574	25	7	4,10	22,15	305	149	1.06086952115e-05
6577	0	3	2,8	0,0	315	149	1.48764199848e-08
6580	26	0	116,54	2,0	153	149	1
6582	121	0	85,36	4,0	233	149	0.182842282183
6583	0	4	11,6	5,0	458	149	9.56890882086e-05
6589	223	0	347,199	0,1	1913	149	1
6590	10	2	33,28	0,0	154	149	0.0580773224496
6591	4	0	24,17	2,0	191	149	0.475609156866
6593	9	8	6,1	14,12	192	149	0.0171690943075
6595	2	0	9,3	6,4	178	149	0.00267763672915
6607	1	10	0,0	13,8	371	149	0.285503268781
6628	0	18	4,0	14,16	167	149	0.0682227825318
6635	2	0	1,4	2,0	386	149	0.115115405185
6639	2	2	1,0	0,0	181	149	1
6641	3	0	28,32	2,0	168	149	0.445057005626
6644	17	21	25,24	5,6	249	149	0.000133112931552
6645	24	82	42,33	48,44	300	149	0.000530245942205
6646	28	82	22,15	48,44	200	149	0.634079534726
6649	45	28	94,63	50,47	578	149	0.974098119154
6651	8	0	46,39	2,1	263	149	0.281668151842
6655	62	915	25,4	227,73	298	149	0.323089733422
6668	452	164	437,408	65,52	537	149	8.48018636423e-08
6672	0	2	2,0	8,3	153	149	0.752911767462
6674	0	19	0,6	29,23	158	149	0.0223056251511
6676	261	0	913,263	0,1	302	149	1
6677	0	2	2,2	2,0	191	149	0.000102349905787
6685	11	1	11,8	0,0	283	149	0.557413999256
6694	3	2	4,2	6,6	158	149	0.204992810399
6697	2	7	2,1	2,2	336	149	0.709338283331
6716	57	114	101,43	64,25	1493	149	1.33750359776e-06
6734	2	2	10,12	2,0	278	149	0.0110962084469
6735	4	4	2,5	2,4	158	149	0.86251387165
6736	8	4	9,7	2,4	161	149	0.590894218351
6737	6	2	7,4	0,2	152	149	0.16545540924
6739	80	0	71,86	2,0	212	149	1
6745	7	0	1,0	0,5	173	149	0.000392428825214
6748	8	22	5,4	56,46	171	149	0.0111197098752
6749	38	22	21,14	56,46	222	149	1.88422953573e-06
6750	30	0	18,10	2,0	200	149	0.578664865498
6751	12	80	3,4	31,24	171	149	0.538170663409
6752	56	80	21,14	31,24	222	149	0.690672973422
6753	48	4	18,10	0,0	200	149	0.0084731876591
6754	37	9	17,12	8,6	222	149	0.165668618838
6755	4	0	14,16	2,6	494	149	0.00301291820484
6756	0	8	1,7	14,14	304	149	0.0126223964173
6757	7	46	6,5	37,15	514	149	0.637067672646
6767	18	141	14,10	118,90	265	149	0.71801336967
6774	2	0	2,3	5,6	389	149	0.000541635029999
6781	1	4	0,0	13,2	178	149	0.603397207872
6785	0	4	2,0	0,0	226	149	1
6793	2	9	2,2	9,10	429	149	0.96586237029
6794	16	2	40,18	0,0	1111	149	0.00123347158541
6796	26	0	32,29	2,0	157	149	0.343799150381
6802	35	35	20,51	109,99	565	149	0.000429470830634
6804	2	2	14,12	1,0	1602	149	9.75696018244e-05
6806	7	26	14,15	49,28	334	149	0.422240243233
6807	0	77	0,1	62,75	167	149	1
6809	79	103	5,8	206,94	161	149	0
6817	4	0	8,4	0,2	1846	149	0.0232382351015
6827	0	4	1,0	0,0	217	149	1
6833	56	0	41,27	1,0	286	149	1
6839	2	7	6,4	18,17	158	149	0.951308164428
6842	31	0	105,77	2,11	238	149	0.00894185718299
6843	29	0	79,72	2,0	197	149	1
6851	282	2	391,250	0,0	250	149	0.773103309036
6854	40	6	16,8	6,10	171	149	0.012435548425
6855	0	11	5,3	13,9	152	149	0.00156423932883
6856	7	48	13,9	40,22	152	149	0.0525518735814
6857	20	0	20,16	0,2	168	149	0.707038941025
6869	9	13	23,10	14,2	691	149	0.0455859773724
6876	22	30	21,11	31,9	933	149	0.874768111661
6878	3	0	6,2	4,1	159	149	0.00361888404946
6880	0	2	5,7	0,0	156	149	2.73535431039e-06
6881	4	0	4,2	3,0	208	149	0.0494117711465
6882	4	2	4,5	0,0	208	149	0.00347353958484
6883	216	2	126,57	2,0	252	149	0.925257756285
6884	94	8	38,48	5,8	171	149	0.278294749517
6891	0	2	2,13	2,0	482	149	0.000297298931486
6893	11	0	16,4	4,0	1248	149	0.00514026903026
6896	2	52	4,10	70,73	240	149	0.121879496896
6897	2	52	4,10	70,73	218	149	0.121826158919
6902	3	11	5,1	32,11	541	149	0.499361207248
6904	2	0	7,11	0,2	300	149	0.757470232431
6905	2	10	8,11	10,10	310	149	0.0202939582435
6906	0	10	1,2	10,10	159	149	0.109020829206
6921	0	19	2,0	22,21	213	149	0.368398379334
6925	8	0	40,30	0,1	171	149	1
6926	18	4	25,16	5,2	157	149	0.677033081178
6929	1	24	2,2	31,17	153	149	0.366511116334
6930	1	0	0,0	0,2	219	149	1
6932	1	0	0,0	0,2	155	149	1
6942	1	10	6,2	7,11	179	149	0.0900741350612
6943	4	2	6,7	2,2	182	149	0.599579746696
6944	371	2	218,200	0,0	270	149	1
6947	1	2	9,15	2,3	177	149	0.0545574620411
6955	6	0	2,8	4,0	348	149	0.0115770512036
6956	6	0	2,8	2,2	299	149	0.000528476150106
6957	62	2	73,30	2,0	182	149	0.357018225539
6959	0	4	3,2	0,0	173	149	1.25763893744e-08
6962	148	0	213,203	2,0	302	149	1
6963	0	6	1,1	12,12	166	149	0.20839999323
6968	6	0	4,8	0,7	246	149	0.00549054260848
6973	100	2	144,151	0,4	195	149	0.767157420597
6978	7	8	2,9	9,6	227	149	0.609413701846
6989	20	2	40,25	0,0	366	149	0.0729451462666
6990	10	3	22,18	14,6	178	149	0.386603724306
6992	0	22	2,0	48,39	151	149	0.602357834759
6995	0	13	4,0	25,24	152	149	0.130532489518
7001	5	1	18,0	0,1	1105	149	0.850702536561
7002	0	1	2,0	0,1	684	149	0.368391821664
7003	2491	10	3071,2568	26,10	1499	149	0.188837401408
7006	26	2	28,21	0,0	251	149	0.183932971987
7015	21	266	2,0	67,26	155	149	0.00235982808431
7017	60	7	46,19	1,0	689	149	0.000196753825166
7019	0	15	2,0	7,2	166	149	0.760337921495
7020	2	0	18,11	0,2	500	149	0.564761615521
7024	4	8	13,8	7,8	179	149	0.11094011215
7025	5	8	15,8	6,12	230	149	0.268273409882
7026	9	8	9,8	6,12	200	149	0.717100166293
7027	82	5	200,53	5,10	629	149	0.827711060601
7029	170	2	134,144	0,2	153	149	0.81281642243
7037	2	8	2,0	31,6	283	149	0.125331107687
7040	12	22	25,27	33,19	298	149	0.140312202068
7043	0	495	2,0	834,286	153	149	1
7044	46	2	50,66	0,0	280	149	0.33554619223
7045	1	0	3,17	2,2	257	149	0.00552060579649
7046	2	0	18,9	0,1	152	149	1
7047	21	2	29,8	8,1	152	149	0.211582017382
7048	51	12	61,23	18,3	239	149	0.903082248095
7049	32	12	40,16	18,3	236	149	0.879174142182
7050	15	38	12,4	51,15	158	149	0.233390453525
7051	3	9	2,0	4,0	158	149	1
7052	8	6	0,4	5,0	400	149	0.462242252281
7054	4	17	1,2	14,16	193	149	0.163140177137
7057	2	3	2,3	9,12	153	149	0.423436919837
7058	3	46	1,0	17,21	160	149	0.0700612364443
7061	28	73	19,3	46,20	155	149	0.532428046486
7064	0	13	2,0	7,3	268	149	0.604098197506
7065	3	13	0,0	7,3	319	149	0.025456151121
7066	3	0	0,0	2,0	200	149	1
7068	144	2	114,136	1,0	192	149	0.528664657098
7072	11	0	15,10	2,0	164	149	0.592249577052
7073	12	40	9,7	32,47	286	149	0.354536606761
7077	4	3	29,29	11,21	573	149	0.523219491651
7081	34	0	32,3	1,0	185	149	1
7085	4	128	10,5	162,150	173	149	0.377352063701
7092	0	2	3,0	2,5	161	149	0.0718786885816
7093	2	28	0,0	50,9	152	149	0.428033003169
7094	32	11	22,20	8,10	173	149	0.647161770262
7095	2	3	1,1	5,0	183	149	0.251178728459
7096	20	0	17,22	2,0	572	149	0.618684926693
7097	116	56	498,338	65,33	2994	149	9.74984981639e-10
7098	1	29	0,0	33,21	180	149	0.340069606972
7099	43	7	64,44	15,3	476	149	0.869004477966
7100	64	7	93,79	15,3	1025	149	0.716940383204
7101	27	6	39,39	10,4	698	149	0.632257021078
7107	39	6	68,36	9,4	153	149	0.746108905794
7114	2	0	1,0	3,2	164	149	2.02634218405e-07
7118	2	2	2,6	0,0	172	149	0.00150873722027
7127	46	9	202,122	40,15	155	149	0.93138188499
7128	47	0	99,77	2,2	599	149	0.0757963129664
7135	13	0	8,10	2,0	175	149	0.750687016057
7136	10	0	19,18	2,0	174	149	0.581385403012
7139	2	2	2,2	0,0	288	149	0.000398992957336
7144	2	14	0,0	2,0	217	149	1
7145	2	14	0,0	2,0	271	149	1
7153	3	0	0,1	0,2	155	149	1
7157	52	0	113,121	2,0	855	149	0.519763632577
7158	10	0	38,30	2,0	185	149	0.324528553582
7176	2	6	3,0	23,23	227	149	0.194194404602
7184	3	4	12,5	18,4	347	149	0.836341266015
7197	20	44	8,2	14,16	153	149	0.387841984131
7202	6	13	0,0	5,2	192	149	8.99496157339e-05
7204	9	31	26,5	28,26	296	149	0.264812070624
7210	2	7	4,0	4,8	169	149	0.885080051258
7211	5	4	5,8	5,3	498	149	0.814053974703
7212	5	11	6,5	5,2	204	149	0.0691257043834
7213	1	19	8,4	12,4	227	149	0.000652989487309
7227	2	22	0,0	22,21	181	149	0.400005960623
7228	0	4	0,1	18,19	178	149	1
7229	7	5	8,0	14,6	179	149	0.0438554134181
7235	0	1	11,6	19,9	224	149	0.00817690308272
7237	62	14	108,71	10,7	1325	149	0.0320636000047
7241	0	1	1,0	1,0	179	149	1
7247	281	3	185,109	0,1	298	149	0.734411427565
7253	22	28	19,5	37,32	548	149	0.0309473356559
7256	0	5	3,0	3,0	202	149	1
7258	1	2	4,3	7,4	165	149	0.795118884725
7259	13	33	25,5	66,49	165	149	0.277141013245
7261	67	160	30,8	6,0	254	149	2.86553936135e-08
7265	0	5	0,1	10,2	197	149	1
7269	1	33	0,0	93,40	153	149	0.334820102052
7270	2	33	5,5	93,40	215	149	0.563403642898
7272	1	29	10,2	67,37	199	149	0.079877190133
7282	0	15	2,4	18,14	216	149	0.0167289982063
7287	0	12	2,0	4,6	191	149	0.669786715516
7292	19	2	17,5	0,0	217	149	0.149125688217
7293	146	22	114,51	34,32	1469	149	0.00087232132213
7298	31	1	5,5	0,0	201	149	0.282076936607
7301	24	0	23,26	2,0	385	149	0.929407269464
7302	235	4	352,120	2,0	1030	149	0.0318446447099
7309	2	1	0,0	0,2	167	149	1
7311	4	16	16,6	13,11	274	149	0.0327309692777
7312	0	101	5,2	48,21	261	149	0.014835577865
7332	2	15	9,6	36,47	295	149	0.468327380466
7337	5	37	1,4	32,11	188	149	0.655748195392
7343	44	469	28,33	355,306	164	149	0.92842375421
7347	300	2	582,224	0,0	1710	149	0.351691175923
7348	66	130	353,96	200,57	1077	149	3.11365433436e-09
7349	66	13	356,98	12,14	1077	149	0.0377197957526
7350	3	8	27,22	4,0	284	149	1.84716713025e-06
7352	547	0	459,353	3,0	483	149	1
7355	4	14	7,14	34,24	182	149	0.649702961347
7361	2	9	1,0	12,3	156	149	0.0315596852979
7364	2	185	2,0	179,119	179	149	1
7365	23	185	16,6	179,119	280	149	0.0933375129624
7368	2	16	6,0	6,8	161	149	0.492271173675
7370	18	282	16,21	305,165	721	149	0.502154699178
7371	0	2	0,2	6,13	191	149	0.481572667695
7381	156	0	232,65	2,0	218	149	1
7383	10	0	9,4	4,0	363	149	0.0082413364081
7384	21	2	31,13	2,0	384	149	0.157203279992
7387	9	0	63,19	1,0	524	149	1
7392	17	0	43,22	2,2	946	149	0.00643101007339
7394	21	17	4,2	1,4	158	149	0.900438502881
7398	18	45	2,0	1,0	196	149	1
7400	12	5	12,7	2,0	154	149	0.0131422091011
7401	213	0	523,348	0,2	164	149	1
7407	3	138	9,1	176,85	170	149	0.416893688758
7408	12	0	12,3	2,0	381	149	0.740325752778
7417	0	119	5,3	101,49	180	149	0.026102753171
7419	9	2	3,6	0,0	601	149	0.0015780178476
7425	0	2	5,0	0,0	199	149	1
7427	295	0	317,124	1,0	434	149	1
7429	2	0	2,6	2,0	191	149	0.437466043733
7434	515	3	235,298	0,2	166	149	1
7442	7	23	4,1	54,17	162	149	0.0137666186991
7443	60	0	140,58	2,0	154	149	1
7444	80	304	17,11	84,41	274	149	0.452533153182
7445	1148	2	725,482	0,0	944	149	1
7446	292	856	81,117	1016,735	403	149	4.05209199528e-12
7458	0	13	2,0	18,18	163	149	0.512624915261
7459	22	38	21,18	44,19	155	149	0.796099031444
7461	2	0	4,0	0,4	158	149	0.0105668357333
7474	2	0	0,2	4,4	920	149	7.36991074973e-05
7475	20	2	8,6	0,0	426	149	0.0191871755208
7476	11	2	0,4	0,0	528	149	1
7477	1	10	0,0	8,2	251	149	0.247433223013
7478	28	56	21,8	37,37	390	149	0.415798135703
7481	10	1	7,2	2,2	190	149	0.201220860507
7482	8	441	2,2	255,254	160	149	0.394746956309
7483	130	62	140,97	70,49	173	149	0.821539801439
7486	2	0	2,1	2,22	193	149	6.39332883858e-05
7494	2	2	3,2	0,0	287	149	0.000392656083723
7495	30	3	30,14	0,0	233	149	0.00885138294636
7499	1	3	0,2	0,0	385	149	1
7510	7	3	18,16	2,6	196	149	0.493648974346
7511	0	66	3,0	69,44	163	149	0.451314945869
7512	0	54	0,1	48,26	153	149	1
7514	2	4	22,14	48,4	668	149	0.267038238604
7518	17	14	6,8	2,2	201	149	0.0563322686443
7519	75	16	124,67	20,15	202	149	0.688067553825
7520	4	953	3,3	1619,1116	159	149	1
7531	25	1	76,36	2,0	1047	149	0.696638011662
7532	4	16	2,4	20,16	291	149	0.537671168317
7537	4	0	15,6	1,0	158	149	1
7541	0	1	1,0	0,0	167	149	1
7547	41	33	38,11	60,39	158	149	0.00514469425247
7551	60	2	86,60	0,0	2098	149	0.0119224906074
7552	1	8	0,0	7,2	192	149	0.232228896578
7561	3	1	4,0	7,2	160	149	0.0342780445434
7562	16	89	12,4	50,15	160	149	0.547178501522
