ID
7
8
9
11
18
23
24
26
27
28
29
30
31
33
38
44
45
47
55
56
57
58
59
65
66
67
68
72
74
77
78
79
80
81
82
83
96
97
98
99
100
101
104
106
107
108
116
117
118
120
124
125
127
135
146
152
153
157
158
159
160
161
162
166
176
183
184
185
186
189
193
194
195
201
203
217
218
219
220
221
222
223
228
231
243
244
245
248
250
251
253
254
255
257
258
259
260
261
262
263
264
276
283
284
287
291
306
309
310
311
312
313
314
315
316
318
319
320
321
322
323
328
329
331
332
334
340
341
342
344
345
346
349
350
351
352
357
358
359
360
361
363
364
365
369
372
376
381
382
383
384
385
386
388
394
395
396
397
398
399
400
401
403
405
406
407
409
410
411
413
415
418
419
420
423
424
425
427
433
434
437
438
439
442
444
445
446
447
448
449
450
452
454
456
457
458
459
460
461
468
469
470
471
472
473
476
477
478
480
483
484
485
487
488
489
490
491
492
494
495
496
503
510
511
512
513
515
516
517
529
530
532
539
540
541
543
544
545
546
547
548
559
561
562
563
565
566
567
569
571
574
575
576
577
582
583
585
586
588
589
591
598
599
600
601
603
604
605
606
611
614
619
621
622
623
624
626
627
628
629
630
631
633
636
637
638
639
640
641
642
646
647
648
651
652
653
654
657
658
661
662
665
666
667
669
671
672
673
674
676
677
679
680
681
682
683
684
685
686
688
689
690
691
692
693
694
695
696
697
700
701
702
705
706
707
708
709
710
713
714
715
716
718
719
724
727
728
729
730
734
735
736
737
738
739
740
744
746
749
751
752
753
754
755
756
758
759
763
764
765
767
768
769
770
771
772
773
774
777
779
780
781
782
783
784
785
786
790
792
793
794
796
797
798
799
800
801
802
803
804
806
807
808
810
812
815
819
823
824
827
828
833
834
835
838
839
843
844
845
846
847
848
849
850
851
852
853
854
855
856
857
860
864
865
867
868
869
871
872
873
878
879
884
888
889
890
891
892
893
894
895
896
897
898
900
901
906
908
909
910
911
912
931
932
933
934
935
936
937
938
939
940
944
945
948
949
952
953
954
955
956
957
959
961
966
976
977
987
991
993
994
995
1020
1021
1022
1024
1025
1026
1027
1028
1029
1031
1032
1035
1038
1039
1040
1043
1044
1045
1046
1047
1049
1050
1053
1054
1055
1057
1062
1063
1066
1067
1068
1069
1070
1071
1072
1073
1084
1085
1086
1087
1088
1089
1090
1091
1092
1095
1096
1102
1108
1109
1111
1112
1115
1116
1117
1118
1119
1121
1122
1123
1125
1126
1127
1128
1129
1130
1131
1132
1133
1134
1135
1138
1139
1140
1145
1147
1150
1151
1153
1158
1159
1160
1161
1162
1164
1165
1166
1167
1173
1174
1176
1177
1178
1179
1180
1181
1182
1183
1185
1186
1187
1188
1189
1193
1195
1197
1198
1199
1202
1203
1205
1206
1207
1210
1214
1216
1217
1218
1219
1220
1221
1222
1224
1225
1226
1228
1229
1231
1233
1234
1235
1236
1238
1239
1240
1241
1242
1245
1246
1247
1248
1249
1254
1255
1258
1259
1260
1261
1270
1271
1272
1273
1274
1276
1283
1284
1286
1287
1288
1289
1290
1291
1299
1300
1302
1303
1304
1305
1306
1307
1308
1315
1316
1317
1318
1323
1327
1334
1335
1336
1337
1339
1340
1345
1346
1347
1348
1350
1351
1352
1355
1356
1357
1358
1359
1360
1362
1363
1364
1368
1373
1375
1376
1377
1378
1379
1381
1382
1383
1384
1385
1387
1389
1392
1393
1394
1396
1399
1400
1403
1405
1407
1408
1414
1415
1416
1417
1418
1419
1420
1421
1425
1427
1428
1433
1434
1435
1439
1440
1441
1445
1446
1447
1448
1449
1450
1451
1452
1453
1454
1457
1461
1463
1464
1465
1468
1469
1470
1471
1472
1473
1474
1475
1476
1490
1491
1492
1493
1494
1495
1499
1500
1501
1502
1503
1506
1508
1509
1510
1511
1512
1514
1518
1519
1520
1522
1523
1524
1525
1526
1527
1528
1529
1530
1531
1532
1533
1534
1545
1547
1549
1560
1561
1563
1564
1565
1566
1567
1570
1571
1572
1573
1606
1607
1608
1609
1610
1611
1612
1613
1614
1615
1616
1619
1620
1622
1623
1624
1631
1636
1642
1643
1644
1645
1646
1647
1648
1649
1650
1651
1652
1653
1654
1655
1657
1658
1659
1660
1661
1662
1665
1666
1668
1669
1670
1672
1673
1675
1676
1677
1679
1683
1684
1685
1686
1697
1698
1699
1703
1704
1705
1706
1709
1710
1711
1719
1720
1723
1726
1727
1728
1729
1730
1731
1733
1734
1736
1737
1738
1739
1740
1741
1742
1743
1744
1745
1748
1750
1751
1752
1753
1754
1755
1757
1759
1760
1761
1762
1763
1764
1765
1767
1768
1769
1770
1772
1775
1777
1778
1780
1781
1782
1784
1785
1786
1787
1789
1794
1795
1796
1797
1798
1799
1800
1801
1803
1804
1805
1806
1808
1809
1810
1811
1812
1813
1817
1818
1819
1822
1823
1824
1825
1826
1827
1828
1831
1832
1833
1837
1838
1839
1841
1843
1844
1846
1850
1851
1852
1855
1856
1857
1858
1859
1860
1866
1867
1869
1870
1871
1872
1873
1874
1877
1878
1881
1885
1888
1889
1890
1896
1899
1900
1901
1902
1903
1904
1905
1912
1919
1927
1928
1929
1930
2014
2015
2016
2017
2018
2019
2020
2022
2023
2024
2025
2026
2027
2028
2029
2030
2032
2033
2034
2035
2036
2040
2044
2045
2046
2047
2048
2049
2050
2051
2053
2055
2056
2058
2061
2063
2066
2067
2068
2069
2070
2071
2072
2073
2074
2077
2078
2079
2080
2083
2086
2087
2089
2090
2091
2094
2095
2097
2098
2099
2100
2101
2106
2108
2110
2115
2116
2120
2121
2124
2125
2126
2127
2128
2129
2130
2132
2133
2134
2135
2137
2138
2139
2143
2144
2145
2146
2147
2149
2150
2155
2156
2169
2170
2171
2172
2173
2174
2175
2176
2177
2179
2181
2182
2183
2184
2186
2187
2195
2196
2198
2200
2201
2202
2203
2204
2205
2208
2211
2214
2215
2220
2221
2222
2223
2228
2245
2248
2249
2250
2251
2252
2255
2257
2258
2260
2261
2265
2267
2268
2269
2270
2271
2272
2274
2275
2276
2278
2281
2282
2285
2286
2287
2288
2289
2290
2292
2293
2294
2295
2296
2298
2299
2300
2302
2303
2304
2305
2306
2307
2308
2309
2311
2312
2313
2316
2317
2320
2321
2322
2323
2327
2328
2329
2330
2331
2334
2335
2336
2341
2342
2344
2345
2349
2351
2355
2357
2359
2360
2361
2362
2363
2366
2367
2368
2369
2371
2372
2384
2388
2389
2400
2401
2402
2403
2404
2405
2406
2407
2408
2409
2410
2411
2412
2413
2414
2415
2416
2417
2419
2421
2423
2424
2425
2426
2427
2428
2430
2431
2433
2434
2436
2437
2438
2439
2440
2441
2444
2445
2446
2447
2448
2449
2450
2451
2455
2456
2457
2458
2462
2463
2464
2474
2476
2478
2479
2480
2484
2485
2493
2494
2495
2496
2500
2501
2502
2503
2504
2505
2506
2515
2516
2517
2518
2519
2520
2521
2522
2523
2524
2526
2527
2528
2529
2530
2531
2532
2533
2536
2537
2538
2539
2541
2544
2547
2548
2549
2551
2552
2557
2565
2566
2567
2568
2569
2570
2571
2572
2573
2574
2575
2577
2580
2584
2585
2587
2595
2598
2600
2601
2603
2608
2609
2610
2611
2612
2613
2622
2624
2625
2627
2630
2632
2633
2634
2640
2641
2642
2643
2644
2645
2646
2649
2650
2651
2652
2654
2667
2668
2673
2674
2675
2676
2677
2679
2680
2681
2685
2687
2689
2691
2692
2694
2697
2699
2704
2706
2707
2708
2709
2710
2712
2713
2714
2715
2716
2717
2718
2719
2720
2722
2723
2726
2727
2728
2729
2730
2731
2732
2734
2735
2738
2744
2745
2749
2750
2751
2752
2754
2755
2756
2757
2759
2762
2763
2764
2765
2767
2771
2773
2774
2776
2778
2779
2805
2806
2807
2808
2809
2810
2811
2812
2814
2815
2816
2817
2818
2820
2821
2822
2823
2824
2825
2826
2827
2830
2831
2832
2833
2834
2835
2836
2837
2839
2840
2848
2849
2851
2852
2853
2855
2864
2865
2876
2877
2880
2886
2887
2888
2890
2891
2892
2893
2894
2895
2896
2898
2899
2900
2901
2902
2904
2905
2907
2908
2909
2913
2918
2919
2920
2923
2924
2925
2926
2927
2928
2929
2934
2935
2936
2937
2938
2940
2941
2942
2943
2951
2952
2953
2958
2961
2962
2963
2966
2968
2970
2971
2972
2975
2976
2977
2979
2981
2982
2984
2990
2991
2992
2997
2998
2999
3004
3006
3007
3008
3010
3011
3012
3016
3017
3018
3019
3020
3021
3022
3024
3026
3027
3028
3032
3034
3035
3041
3042
3043
3045
3056
3057
3063
3065
3066
3068
3069
3070
3071
3072
3074
3075
3076
3077
3078
3079
3080
3081
3082
3083
3103
3108
3109
3111
3112
3114
3115
3116
3123
3124
3126
3127
3129
3130
3132
3133
3134
3136
3139
3141
3142
3143
3145
3146
3147
3150
3151
3153
3154
3158
3159
3163
3190
3191
3192
3193
3194
3195
3196
3197
3198
3199
3200
3201
3202
3203
3204
3206
3207
3208
3209
3210
3212
3213
3214
3215
3217
3229
3231
3232
3233
3234
3235
3236
3237
3238
3240
3241
3242
3244
3245
3247
3248
3249
3250
3251
3252
3253
3254
3255
3256
3258
3259
3260
3261
3262
3264
3266
3267
3268
3269
3270
3272
3277
3278
3279
3280
3281
3282
3283
3284
3285
3286
3287
3288
3289
3290
3291
3292
3293
3294
3296
3297
3298
3299
3302
3303
3304
3305
3306
3309
3310
3311
3312
3313
3314
3315
3316
3317
3318
3320
3321
3322
3323
3324
3325
3327
3328
3329
3330
3331
3335
3336
3343
3344
3346
3347
3348
3349
3354
3357
3358
3359
3360
3365
3366
3367
3370
3373
3375
3376
3378
3379
3380
3381
3382
3383
3384
3385
3386
3389
3393
3394
3399
3401
3402
3403
3404
3405
3406
3407
3408
3409
3410
3411
3412
3413
3414
3415
3416
3417
3418
3419
3420
3423
3424
3425
3426
3428
3429
3431
3436
3437
3438
3441
3450
3453
3469
3470
3471
3474
3476
3479
3483
3484
3486
3487
3498
3499
3500
3502
3503
3507
3509
3513
3514
3515
3516
3517
3518
3519
3521
3522
3523
3524
3525
3526
3527
3529
3530
3531
3532
3533
3534
3535
3536
3537
3538
3539
3540
3541
3542
3543
3544
3545
3546
3547
3548
3549
3550
3551
3552
3553
3554
3555
3556
3557
3558
3559
3560
3561
3562
3563
3564
3565
3571
3572
3575
3582
3592
3593
3594
3595
3597
3600
3603
3604
3605
3606
3609
3612
3615
3618
3619
3620
3621
3622
3623
3624
3625
3626
3627
3669
3672
3673
3675
3676
3677
3678
3685
3691
3692
3693
3694
3695
3697
3700
3701
3706
3710
3711
3712
3715
3718
3719
3720
3721
3722
3724
3725
3726
3727
3728
3735
3737
3739
3750
3754
3763
3764
3768
3769
3771
3776
3777
3778
3779
3782
3783
3785
3788
3789
3790
3791
3792
3793
3794
3795
3796
3800
3806
3808
3809
3810
3811
3812
3814
3815
3822
3823
3825
3826
3827
3828
3829
3831
3834
3836
3837
3838
3839
3840
3841
3842
3843
3844
3845
3846
3847
3848
3851
3852
3853
3874
3876
3877
3878
3884
3885
3886
3887
3888
3889
3891
3892
3894
3896
3897
3899
3902
3904
3905
3906
3907
3917
3918
3919
3920
3921
3922
3926
3928
3929
3930
3932
3933
3934
3935
3937
3943
3944
3945
3946
3947
3948
3949
3950
3951
3952
3960
3961
3964
3967
3968
3970
3975
3976
3981
3982
3984
3986
3987
3988
3989
3990
3992
3993
3994
3995
3996
3997
3998
3999
4000
4001
4002
4003
4004
4005
4006
4007
4008
4009
4010
4011
4012
4013
4014
4015
4016
4017
4018
4019
4020
4021
4022
4023
4024
4027
4028
4029
4031
4032
4034
4035
4036
4037
4038
4039
4040
4041
4045
4046
4047
4048
4049
4066
4073
4074
4076
4077
4081
4082
4083
4084
4085
4086
4087
4091
4093
4094
4095
4096
4097
4098
4099
4100
4101
4102
4103
4104
4105
4106
4107
4108
4110
4111
4112
4113
4114
4115
4116
4117
4119
4120
4121
4122
4123
4125
4130
4132
4133
4136
4137
4138
4139
4140
4147
4148
4149
4150
4151
4152
4153
4154
4158
4159
4160
4164
4165
4166
4167
4170
4171
4173
4174
4175
4176
4183
4184
4185
4186
4187
4188
4189
4190
4191
4192
4193
4194
4195
4200
4201
4202
4203
4204
4205
4208
4214
4215
4216
4218
4219
4220
4221
4222
4223
4224
4226
4227
4228
4229
4230
4231
4232
4233
4234
4235
4236
4237
4238
4239
4240
4245
4246
4247
4248
4251
4252
4255
4256
4257
4259
4262
4263
4264
4265
4266
4267
4272
4276
4277
4278
4282
4283
4284
4286
4287
4288
4290
4291
4292
4294
4295
4300
4301
4302
4305
4306
4311
4312
4314
4317
4318
4319
4320
4321
4322
4324
4325
4327
4329
4331
4332
4333
4336
4337
4338
4339
4341
4342
4346
4347
4348
4349
4350
4353
4361
4362
4363
4364
4365
4368
4369
4371
4372
4373
4375
4376
4377
4378
4380
4391
4402
4403
4405
4410
4411
4412
4413
4414
4415
4420
4421
4427
4428
4429
4430
4431
4432
4433
4436
4437
4438
4439
4441
4443
4446
4456
4457
4458
4459
4460
4467
4468
4469
4471
4472
4473
4474
4476
4477
4479
4481
4482
4483
4486
4488
4489
4490
4492
4493
4494
4497
4504
4505
4509
4510
4511
4512
4515
4517
4518
4520
4521
4522
4523
4524
4525
4526
4529
4530
4531
4533
4534
4539
4540
4541
4543
4544
4548
4549
4550
4551
4557
4558
4566
4567
4572
4573
4574
4575
4576
4577
4578
4579
4580
4581
4582
4583
4584
4585
4586
4592
4593
4598
4599
4600
4601
4602
4610
4611
4621
4622
4623
4626
4627
4628
4634
4642
4643
4650
4655
4657
4660
4661
4662
4663
4664
4665
4666
4667
4668
4669
4670
4671
4672
4679
4684
4685
4686
4687
4691
4692
4693
4694
4695
4696
4697
4698
4699
4700
4702
4704
4705
4707
4708
4710
4711
4712
4713
4714
4715
4716
4720
4721
4723
4724
4725
4726
4727
4728
4730
4731
4732
4733
4734
4735
4738
4739
4748
4749
4750
4751
4752
4753
4767
4768
4769
4770
4771
4772
4773
4774
4777
4779
4780
4781
4782
4786
4787
4795
4796
4800
4802
4804
4805
4806
4807
4808
4809
4810
4812
4816
4817
4821
4822
4824
4828
4830
4835
4836
4837
4838
4839
4842
4843
4844
4845
4847
4848
4849
4850
4851
4852
4853
4854
4855
4856
4859
4860
4865
4867
4868
4870
4871
4872
4873
4874
4876
4881
4884
4887
4891
4892
4893
4911
4913
4914
4915
4916
4917
4920
4921
4922
4923
4925
4926
4932
4934
4937
4939
4940
4941
4942
4943
4944
4945
4948
4949
4950
4951
4952
4953
4954
4956
4958
4959
4960
4962
4963
4964
4966
4970
4972
4973
4974
4975
4976
4977
4978
4980
4981
4982
4984
4985
4986
4987
4988
4989
4990
4991
4993
4997
4998
4999
5000
5001
5002
5004
5006
5008
5009
5010
5011
5012
5013
5018
5019
5020
5021
5027
5033
5034
5035
5036
5037
5039
5040
5041
5042
5043
5045
5046
5047
5049
5050
5051
5052
5053
5054
5055
5057
5061
5064
5065
5066
5067
5068
5073
5074
5075
5078
5080
5081
5083
5086
5087
5088
5089
5095
5096
5097
5098
5099
5101
5102
5103
5104
5105
5107
5108
5109
5112
5116
5117
5118
5120
5122
5123
5124
5125
5126
5127
5128
5132
5133
5136
5137
5138
5139
5140
5141
5142
5147
5148
5149
5150
5152
5153
5154
5156
5157
5158
5159
5160
5161
5162
5163
5164
5165
5166
5167
5168
5169
5170
5171
5172
5173
5174
5176
5177
5180
5181
5182
5183
5184
5185
5186
5187
5188
5189
5190
5192
5193
5194
5200
5202
5207
5208
5211
5212
5213
5214
5216
5218
5219
5220
5224
5225
5226
5227
5231
5234
5235
5236
5244
5246
5247
5248
5249
5250
5251
5252
5253
5254
5256
5257
5258
5259
5262
5263
5264
5267
5268
5269
5270
5271
5274
5276
5277
5281
5282
5283
5287
5289
5293
5294
5295
5296
5297
5300
5301
5302
5303
5304
5305
5308
5309
5310
5312
5313
5314
5316
5317
5318
5320
5321
5322
5323
5324
5326
5327
5329
5330
5331
5332
5333
5334
5335
5336
5337
5338
5340
5341
5342
5343
5345
5347
5348
5349
5350
5351
5353
5354
5355
5356
5357
5358
5359
5360
5361
5362
5363
5364
5365
5366
5369
5370
5371
5372
5373
5374
5375
5376
5377
5378
5379
5380
5382
5383
5388
5394
5395
5396
5397
5398
5400
5401
5402
5403
5404
5405
5408
5411
5412
5413
5415
5419
5420
5425
5426
5427
5430
5431
5432
5433
5434
5435
5436
5437
5438
5442
5444
5445
5446
5447
5452
5454
5455
5458
5459
5460
5461
5463
5464
5465
5466
5473
5474
5477
5478
5479
5480
5481
5482
5484
5485
5487
5488
5489
5490
5491
5492
5494
5495
5500
5501
5502
5504
5505
5506
5507
5508
5509
5510
