IncLevel1	IncLevel2	IncLevelDifference
0.657	0.728,0.429	0.079
0.058	0.227,1.0	-0.555
0.0	0.179,NA	-0.179
0.79	0.844,1.0	-0.132
0.137	0.168,NA	-0.031
0.639	0.761,0.0	0.259
0.182	0.0,0.0	0.182
0.98	0.926,0.0	0.517
0.755	0.935,1.0	-0.213
0.322	0.0,NA	0.322
0.342	0.0,0.0	0.342
0.324	0.0,0.0	0.324
0.064	0.0,NA	0.064
1.0	0.0,1.0	0.5
0.96	0.89,0.684	0.173
0.055	0.188,0.0	-0.039
0.255	0.3,0.774	-0.282
0.573	0.514,0.607	0.012
0.257	NA,0.409	-0.152
0.0	0.0,1.0	-0.5
1.0	1.0,0.853	0.074
1.0	0.689,0.555	0.378
0.909	1.0,1.0	-0.091
0.01	0.0,0.0	0.01
0.978	1.0,1.0	-0.022
0.926	1.0,1.0	-0.074
0.942	1.0,1.0	-0.058
0.571	0.636,0.453	0.026
0.88	0.647,0.786	0.163
1.0	0.274,1.0	0.363
0.47	0.424,0.434	0.041
0.518	0.548,0.712	-0.112
0.587	0.652,0.785	-0.132
0.542	0.462,0.608	0.007
0.39	0.322,0.264	0.097
0.341	0.199,0.199	0.142
0.715	0.913,0.661	-0.072
0.854	0.849,0.907	-0.024
0.343	0.0,0.189	0.249
0.465	NA,0.275	0.19
0.515	1.0,0.722	-0.346
1.0	0.0,0.74	0.63
0.526	0.0,0.262	0.395
0.8	1.0,NA	-0.2
0.972	1.0,1.0	-0.028
0.897	0.816,1.0	-0.011
1.0	0.0,0.0	1.0
0.157	0.21,0.202	-0.049
0.176	0.194,0.187	-0.015
0.434	0.365,NA	0.069
1.0	0.867,1.0	0.067
0.717	0.566,0.504	0.182
1.0	1.0,0.0	0.5
0.716	0.696,0.628	0.054
0.633	NA,1.0	-0.367
1.0	0.575,0.771	0.327
1.0	1.0,0.464	0.268
0.394	0.565,0.493	-0.135
0.919	0.786,0.748	0.152
0.534	0.19,0.087	0.396
0.0	0.176,0.0	-0.088
0.0	0.111,0.0	-0.056
0.0	0.306,0.0	-0.153
0.0	0.497,0.0	-0.248
0.0	1.0,1.0	-1.0
0.488	0.518,0.519	-0.03
0.996	1.0,0.947	0.022
0.185	0.089,0.0	0.141
0.737	0.848,0.0	0.313
1.0	0.227,1.0	0.386
0.494	0.325,0.423	0.12
0.72	0.691,0.465	0.142
0.436	0.426,0.416	0.015
0.0	1.0,0.0	-0.5
0.837	0.72,1.0	-0.023
0.676	0.717,0.66	-0.012
0.704	0.772,0.475	0.081
0.392	0.617,0.162	0.003
0.227	0.369,0.459	-0.187
0.939	0.888,1.0	-0.005
0.05	0.035,0.059	0.003
0.107	0.087,0.129	-0.001
0.352	0.625,0.756	-0.339
0.168	0.197,0.266	-0.064
0.615	0.738,0.611	-0.059
0.569	0.448,0.468	0.111
0.333	0.175,0.05	0.221
0.49	0.347,0.401	0.116
1.0	0.915,1.0	0.042
0.392	0.0,0.187	0.298
0.295	0.245,0.156	0.094
0.599	1.0,0.599	-0.201
0.365	0.297,0.356	0.038
0.278	0.18,0.12	0.128
0.903	0.558,0.515	0.367
0.228	0.383,0.412	-0.169
0.777	0.584,0.674	0.148
1.0	NA,0.667	0.333
0.388	0.759,0.651	-0.317
0.309	0.338,0.186	0.047
0.306	0.388,0.465	-0.12
0.571	1.0,NA	-0.429
0.697	0.0,0.0	0.697
0.0	0.0,0.496	-0.248
0.26	0.391,0.377	-0.124
0.441	0.873,0.972	-0.481
0.308	0.373,0.373	-0.065
0.397	0.414,0.403	-0.011
0.424	0.282,0.284	0.141
0.278	0.49,0.53	-0.232
0.679	0.841,0.894	-0.188
0.231	0.546,0.153	-0.119
0.912	0.921,0.744	0.08
0.874	0.885,0.658	0.102
0.866	0.878,0.644	0.105
0.551	0.296,0.547	0.13
0.606	0.366,0.384	0.231
0.213	0.186,0.096	0.072
0.496	0.357,0.289	0.173
0.955	1.0,1.0	-0.045
0.413	0.51,0.678	-0.181
0.577	0.513,0.504	0.069
0.0	0.0,0.04	-0.02
0.202	0.075,0.241	0.044
0.772	0.818,0.787	-0.03
0.501	0.452,0.469	0.04
0.82	0.644,0.549	0.223
0.913	0.702,0.677	0.224
0.998	0.999,1.0	-0.002
0.873	0.661,0.81	0.137
0.341	0.407,0.379	-0.052
0.52	0.689,0.635	-0.142
0.378	0.349,0.432	-0.012
0.621	0.578,0.584	0.04
0.552	0.536,0.564	0.002
0.509	0.42,0.539	0.029
0.327	0.0,0.22	0.217
0.564	0.0,0.639	0.244
0.624	0.588,0.68	-0.01
0.609	0.587,0.467	0.082
0.523	0.411,0.489	0.073
0.609	1.0,0.493	-0.137
0.188	0.19,0.231	-0.023
0.273	0.17,0.31	0.033
0.236	0.252,0.366	-0.073
0.901	1.0,0.725	0.038
0.332	0.166,0.249	0.124
0.231	0.372,0.354	-0.132
0.588	0.819,0.393	-0.018
0.342	0.408,0.065	0.106
1.0	NA,0.0	1.0
0.256	0.341,0.508	-0.168
0.301	1.0,1.0	-0.699
0.0	0.0,1.0	-0.5
0.757	0.915,1.0	-0.201
0.612	0.616,0.67	-0.031
0.46	0.478,0.641	-0.099
0.534	0.598,0.527	-0.028
0.473	0.697,0.578	-0.164
0.559	0.344,0.458	0.158
0.79	0.765,0.637	0.089
0.283	0.352,0.194	0.01
0.18	0.217,0.0	0.071
0.066	0.0,0.0	0.066
0.0	0.0,0.261	-0.131
0.066	0.261,0.0	-0.065
0.211	0.0,0.0	0.211
0.429	0.273,0.429	0.078
0.729	1.0,0.735	-0.138
1.0	0.898,0.889	0.107
0.996	0.991,0.997	0.002
0.737	0.737,0.583	0.077
0.622	0.683,0.49	0.035
0.422	0.429,0.471	-0.028
0.581	0.681,0.571	-0.045
0.616	0.763,0.673	-0.102
0.411	0.422,0.185	0.107
0.583	0.539,0.276	0.175
0.376	0.407,0.143	0.101
0.606	0.614,0.798	-0.1
0.845	0.835,0.774	0.04
0.628	0.0,0.0	0.628
0.078	0.034,0.131	-0.005
0.173	0.151,0.315	-0.06
0.0	0.0,1.0	-0.5
0.104	0.027,0.0	0.09
0.484	0.387,0.651	-0.035
0.322	0.404,0.586	-0.173
0.198	0.089,0.054	0.127
0.471	0.4,0.598	-0.028
0.572	0.671,0.346	0.064
1.0	0.944,1.0	0.028
0.115	0.0,0.169	0.03
0.566	0.603,1.0	-0.236
0.187	0.148,0.17	0.028
1.0	0.792,NA	0.208
0.609	0.607,0.728	-0.058
0.378	0.468,0.578	-0.145
0.457	0.503,0.336	0.038
0.691	0.794,0.322	0.133
0.785	0.343,0.634	0.296
0.586	0.274,0.573	0.162
0.0	0.191,0.356	-0.273
0.0	0.112,0.164	-0.138
0.0	0.1,0.157	-0.129
0.548	0.583,0.624	-0.055
0.604	0.563,0.518	0.064
0.458	0.0,0.0	0.458
0.0	0.465,0.29	-0.378
0.0	0.321,0.167	-0.244
0.0	0.379,0.0	-0.19
0.0	0.266,0.146	-0.206
0.371	0.424,0.269	0.024
1.0	0.404,0.494	0.551
0.394	0.641,0.665	-0.259
0.572	0.504,0.687	-0.024
1.0	0.98,1.0	0.01
0.463	0.355,0.394	0.089
0.032	0.037,0.108	-0.04
0.203	0.383,0.546	-0.262
0.952	0.94,1.0	-0.018
0.0	0.026,0.018	-0.022
0.282	0.247,0.274	0.021
0.501	0.0,0.501	0.251
0.518	0.0,0.518	0.259
1.0	0.0,NA	1.0
0.694	0.754,0.557	0.038
0.787	0.635,0.699	0.12
0.243	0.446,0.0	0.02
0.931	0.676,0.86	0.163
0.315	0.438,0.56	-0.184
0.901	0.312,1.0	0.245
0.468	0.375,0.465	0.048
0.51	0.369,0.418	0.117
0.42	0.444,0.488	-0.046
0.629	0.444,0.412	0.201
0.0	0.007,0.0	-0.004
0.548	0.645,0.67	-0.109
0.456	0.568,0.581	-0.118
0.567	0.537,0.489	0.054
0.537	0.491,0.427	0.078
0.937	0.957,0.842	0.038
0.075	0.181,0.071	-0.051
0.402	0.0,0.147	0.329
0.324	0.848,0.851	-0.525
0.369	0.399,0.148	0.095
0.626	0.77,0.893	-0.206
0.66	0.443,0.422	0.228
0.0	0.28,0.0	-0.14
0.705	0.623,0.85	-0.031
0.625	0.736,0.544	-0.015
0.526	0.329,0.898	-0.088
0.006	0.0,0.052	-0.02
0.109	0.125,0.214	-0.06
0.138	0.266,0.358	-0.174
0.0	NA,0.661	-0.661
0.702	0.653,0.598	0.077
0.276	0.375,0.54	-0.181
0.499	0.129,0.612	0.129
0.925	0.919,0.891	0.02
0.638	0.0,0.0	0.638
0.345	0.274,0.221	0.097
1.0	0.0,NA	1.0
0.638	0.0,NA	0.638
1.0	0.517,0.801	0.341
0.636	0.626,0.664	-0.009
0.839	0.788,0.676	0.107
0.843	0.713,0.293	0.34
0.736	0.511,0.614	0.173
0.0	0.337,0.0	-0.169
0.201	0.216,0.42	-0.117
0.786	0.744,0.873	-0.022
0.424	0.344,0.179	0.163
0.307	0.121,0.084	0.204
0.524	0.619,0.714	-0.142
0.022	0.021,0.063	-0.02
0.472	0.422,0.382	0.07
0.014	0.006,0.0	0.011
0.0	0.003,0.0	-0.002
0.717	0.629,0.577	0.114
0.755	0.758,0.75	0.001
0.0	0.0,0.065	-0.033
0.514	0.626,0.747	-0.172
0.467	0.502,0.154	0.139
0.974	0.979,0.989	-0.01
0.313	0.252,0.315	0.03
0.449	0.574,0.479	-0.077
0.337	0.803,0.718	-0.423
0.565	0.524,0.625	-0.01
0.014	0.017,0.0	0.005
1.0	1.0,0.936	0.032
1.0	1.0,0.938	0.031
1.0	1.0,0.766	0.117
1.0	1.0,0.941	0.03
0.318	0.195,0.208	0.116
0.0	0.0,0.055	-0.028
0.318	0.195,0.182	0.13
0.529	0.782,0.521	-0.122
0.324	0.199,0.178	0.136
0.536	0.787,0.513	-0.114
0.707	0.937,0.83	-0.176
0.652	0.327,0.518	0.23
0.974	0.963,0.968	0.008
0.444	0.609,0.621	-0.171
0.017	0.0,0.0	0.017
0.953	0.77,0.676	0.23
0.606	0.65,0.625	-0.031
0.388	0.432,0.391	-0.023
0.014	0.023,0.068	-0.032
0.402	0.435,0.537	-0.084
0.927	1.0,0.86	-0.003
0.309	0.24,0.216	0.081
0.419	0.404,0.499	-0.033
0.376	0.332,0.273	0.074
0.707	0.694,0.561	0.08
0.32	0.366,0.399	-0.062
0.957	0.957,1.0	-0.021
1.0	0.759,0.729	0.256
0.731	0.645,1.0	-0.092
0.671	0.757,0.717	-0.066
0.551	0.476,0.743	-0.058
0.845	0.859,0.685	0.073
0.186	0.412,0.151	-0.095
0.04	0.087,0.143	-0.075
0.502	0.189,0.046	0.385
0.548	0.13,0.555	0.206
0.303	0.377,0.3	-0.036
0.357	0.44,0.12	0.077
0.295	0.471,0.261	-0.071
0.517	0.81,0.681	-0.229
0.783	0.742,0.802	0.011
0.356	1.0,NA	-0.644
0.477	0.463,0.469	0.011
0.47	0.455,0.456	0.014
0.798	0.684,0.728	0.092
0.575	0.432,0.617	0.05
0.59	0.591,0.464	0.062
0.646	0.625,0.635	0.016
0.0	0.026,0.0	-0.013
0.355	0.373,0.291	0.023
0.738	0.621,0.831	0.012
0.0	0.0,0.034	-0.017
0.902	0.398,0.779	0.314
0.695	0.225,0.58	0.292
0.613	0.582,0.603	0.02
1.0	0.0,1.0	0.5
0.535	0.506,0.742	-0.089
0.0	0.0,0.449	-0.225
0.801	0.822,0.718	0.031
1.0	0.637,NA	0.363
0.521	0.675,0.836	-0.235
1.0	0.984,0.961	0.028
1.0	1.0,0.886	0.057
0.517	0.599,0.76	-0.162
0.548	0.489,0.261	0.173
0.0	1.0,0.735	-0.867
1.0	0.0,1.0	0.5
0.004	0.0,0.0	0.004
0.0	0.0,0.289	-0.144
0.457	0.525,0.259	0.065
0.0	0.0,0.146	-0.073
0.479	0.57,0.561	-0.087
0.24	0.519,0.565	-0.302
0.817	0.85,0.844	-0.03
1.0	0.9,0.832	0.134
0.0	0.632,0.0	-0.316
0.604	0.973,0.819	-0.292
0.447	0.162,0.188	0.272
0.178	0.265,0.178	-0.044
1.0	1.0,0.758	0.121
0.28	NA,0.242	0.038
0.81	0.845,0.889	-0.057
0.317	0.35,0.341	-0.029
0.0	0.0,0.0	0.0
0.0	0.0,0.0	0.0
0.0	0.0,0.0	0.0
0.0	0.0,0.0	0.0
0.38	0.399,0.216	0.073
0.536	0.459,0.35	0.132
0.364	0.517,0.299	-0.044
1.0	1.0,0.935	0.032
0.759	0.749,0.746	0.011
0.826	0.853,0.848	-0.025
0.416	0.616,0.453	-0.118
0.784	0.876,0.813	-0.06
0.724	0.701,0.597	0.075
0.59	0.564,0.465	0.076
0.91	0.761,1.0	0.029
0.0	0.0,0.023	-0.011
0.525	0.462,0.57	0.009
0.566	0.373,0.436	0.161
0.072	0.047,0.129	-0.016
0.319	0.546,0.165	-0.037
0.0	0.035,0.0	-0.018
0.572	0.663,0.816	-0.168
0.52	0.611,0.55	-0.06
0.632	0.604,0.72	-0.03
0.42	0.444,0.555	-0.08
0.285	0.133,0.089	0.174
0.519	0.396,0.475	0.084
0.933	1.0,1.0	-0.067
0.542	0.344,0.703	0.019
1.0	1.0,0.813	0.094
0.435	0.377,0.552	-0.03
0.799	0.709,0.592	0.149
0.937	1.0,1.0	-0.063
0.621	0.779,0.674	-0.106
0.519	0.388,0.728	-0.039
0.489	0.432,0.484	0.031
0.344	0.358,0.593	-0.132
0.329	1.0,0.0	-0.171
0.674	0.529,0.5	0.16
0.59	0.602,0.501	0.038
0.64	0.4,0.0	0.44
0.0	0.4,0.542	-0.471
0.425	0.564,0.719	-0.216
0.446	0.776,0.366	-0.125
0.505	1.0,NA	-0.495
0.652	0.613,0.573	0.059
1.0	0.878,1.0	0.061
0.0	0.144,0.0	-0.072
0.435	0.39,0.356	0.062
0.133	0.045,0.13	0.046
0.0	0.151,0.0	-0.075
0.399	0.46,0.359	-0.01
0.469	0.452,0.584	-0.049
0.492	0.446,0.59	-0.026
0.591	0.532,0.65	0.0
0.625	0.511,0.605	0.067
0.339	0.35,0.244	0.042
0.008	0.034,0.0	-0.009
0.935	1.0,1.0	-0.065
0.0	0.0,0.3	-0.15
0.0	0.0,0.32	-0.16
1.0	0.758,1.0	0.121
1.0	0.728,1.0	0.136
0.749	0.461,0.157	0.44
0.513	0.527,0.213	0.143
0.486	0.402,0.319	0.125
0.367	0.341,0.484	-0.045
0.693	0.162,0.475	0.374
0.0	0.457,0.0	-0.229
0.787	0.773,0.667	0.067
0.066	0.058,0.051	0.012
0.603	0.789,0.553	-0.068
0.076	0.224,0.099	-0.086
0.743	0.931,0.871	-0.158
0.536	0.498,0.869	-0.147
0.292	0.508,0.861	-0.393
0.366	0.405,0.356	-0.015
0.372	0.696,0.518	-0.235
0.067	0.154,0.041	-0.03
0.599	0.517,0.576	0.052
0.84	1.0,1.0	-0.16
0.332	0.352,0.582	-0.135
0.746	0.746,0.736	0.005
0.941	1.0,1.0	-0.059
0.238	0.194,0.418	-0.068
0.654	0.637,0.554	0.058
0.657	0.69,0.694	-0.035
0.496	0.441,0.354	0.099
0.4	0.571,0.593	-0.182
0.0	1.0,1.0	-1.0
0.0	0.554,0.127	-0.341
0.515	0.191,0.484	0.177
1.0	0.957,1.0	0.022
0.499	0.666,0.307	0.012
0.0	0.524,NA	-0.524
0.387	0.405,0.211	0.079
0.47	0.456,0.438	0.023
0.535	0.602,0.561	-0.046
0.0	0.799,0.38	-0.59
0.545	0.456,0.506	0.064
0.563	1.0,NA	-0.437
1.0	1.0,0.857	0.072
0.16	0.219,0.16	-0.029
1.0	1.0,0.977	0.012
0.872	0.81,0.893	0.02
0.099	0.246,0.033	-0.041
0.068	0.191,0.028	-0.041
0.0	0.12,0.0	-0.06
0.869	0.773,0.909	0.028
0.009	0.012,0.0	0.003
0.636	0.574,0.588	0.055
0.396	0.4,0.326	0.033
0.569	0.328,0.602	0.104
1.0	0.795,0.905	0.15
0.0	0.494,1.0	-0.747
0.656	0.888,1.0	-0.288
0.626	0.598,0.731	-0.038
0.787	0.781,0.484	0.154
0.187	0.342,0.501	-0.234
0.0	NA,0.501	-0.501
0.0	NA,0.497	-0.497
0.349	0.36,0.315	0.011
0.945	0.95,1.0	-0.03
0.673	1.0,1.0	-0.327
0.192	0.3,0.0	0.042
0.728	0.7,0.615	0.071
1.0	0.695,1.0	0.153
0.304	0.161,0.267	0.09
0.525	0.257,0.399	0.197
0.649	0.536,0.581	0.091
0.63	0.576,0.427	0.129
0.151	0.238,0.26	-0.098
0.711	0.787,0.11	0.262
1.0	0.831,0.591	0.289
0.18	0.23,0.202	-0.036
0.642	0.591,0.644	0.025
0.434	0.34,0.247	0.141
0.615	0.582,0.688	-0.02
0.68	0.425,0.15	0.393
0.808	0.769,0.71	0.069
0.0	0.341,0.823	-0.582
0.57	0.609,0.536	-0.003
0.767	0.805,0.908	-0.09
1.0	0.571,0.571	0.429
0.993	0.99,0.992	0.002
0.0	1.0,NA	-1.0
0.259	0.711,0.585	-0.389
0.487	0.54,0.466	-0.016
0.514	0.5,0.489	0.02
0.484	0.477,0.387	0.052
0.0	0.003,0.008	-0.005
0.578	0.519,0.522	0.057
0.831	0.719,0.709	0.117
0.128	0.338,0.29	-0.186
0.166	0.174,0.128	0.015
1.0	NA,0.0	1.0
1.0	1.0,0.0	0.5
1.0	1.0,0.0	0.5
1.0	1.0,0.0	0.5
0.581	1.0,1.0	-0.419
0.601	0.434,0.814	-0.023
0.121	0.111,0.163	-0.016
0.1	0.0,0.0	0.1
0.057	0.0,0.0	0.057
1.0	0.36,0.607	0.516
1.0	0.0,0.0	1.0
0.07	0.0,0.0	0.07
0.39	0.267,0.392	0.06
0.434	0.721,0.651	-0.252
0.448	0.575,0.512	-0.095
0.263	0.261,0.421	-0.078
0.029	0.036,0.061	-0.019
0.176	0.02,0.145	0.093
0.425	0.476,0.431	-0.029
0.271	0.277,0.113	0.076
0.0	0.173,0.0	-0.086
0.617	0.92,1.0	-0.343
1.0	0.974,1.0	0.013
0.52	0.458,0.644	-0.031
0.389	0.59,0.693	-0.252
0.405	0.403,0.259	0.074
0.33	0.082,0.0	0.289
0.125	0.081,0.067	0.051
0.196	0.307,0.299	-0.107
0.426	0.477,0.484	-0.054
0.891	0.888,0.816	0.039
0.0	NA,1.0	-1.0
0.451	0.0,0.0	0.451
0.0	0.077,NA	-0.077
0.0	0.077,NA	-0.077
0.495	0.512,0.492	-0.007
0.292	0.215,0.173	0.098
1.0	1.0,0.956	0.022
0.591	0.591,0.533	0.029
0.943	1.0,1.0	-0.057
0.0	0.121,0.232	-0.176
0.314	0.378,0.288	-0.019
0.848	0.952,0.897	-0.077
1.0	0.662,1.0	0.169
0.828	1.0,1.0	-0.172
0.787	0.278,0.699	0.299
0.0	0.164,0.0	-0.082
0.434	0.0,0.0	0.434
0.522	0.552,0.509	-0.008
0.083	0.08,0.143	-0.028
0.034	0.57,0.72	-0.611
0.0	1.0,0.0	-0.5
0.531	1.0,0.201	-0.07
1.0	0.375,0.211	0.707
0.458	0.551,0.556	-0.096
0.457	0.363,0.317	0.117
0.286	0.451,0.522	-0.201
0.97	0.883,0.848	0.105
0.403	0.572,0.494	-0.13
0.368	0.383,0.37	-0.009
0.053	0.038,0.0	0.034
0.0	0.005,0.0	-0.003
0.414	0.414,0.399	0.008
0.711	0.724,1.0	-0.151
0.0	0.082,0.0	-0.041
0.316	0.198,0.234	0.1
0.445	0.414,0.224	0.126
0.263	0.188,1.0	-0.331
0.525	0.305,0.373	0.186
0.58	0.624,0.603	-0.033
0.573	0.613,0.61	-0.038
0.684	0.462,0.607	0.15
0.085	0.0,0.0	0.085
0.0	0.058,0.269	-0.164
0.0	1.0,1.0	-1.0
0.368	0.553,0.41	-0.114
0.567	0.678,0.496	-0.02
0.322	0.311,0.271	0.031
0.215	0.122,0.185	0.061
0.389	0.362,0.369	0.024
0.473	0.383,0.516	0.023
1.0	0.958,0.875	0.084
0.0	0.041,0.0	-0.021
0.581	0.709,0.655	-0.101
0.402	0.308,0.374	0.061
0.331	0.284,0.28	0.049
0.529	0.593,0.282	0.092
1.0	0.608,0.34	0.526
0.228	0.158,0.0	0.149
1.0	0.977,1.0	0.012
0.809	0.822,0.824	-0.014
0.0	0.003,0.0	-0.002
0.462	0.376,0.35	0.099
0.402	0.319,0.03	0.228
0.891	0.883,0.65	0.125
0.174	0.297,0.219	-0.084
0.3	0.411,0.477	-0.144
0.298	0.374,0.386	-0.082
0.385	0.472,0.535	-0.119
0.633	0.779,0.747	-0.13
0.706	0.422,0.621	0.184
0.42	0.335,0.165	0.17
0.236	0.703,0.802	-0.516
0.488	0.606,0.748	-0.189
0.489	0.553,0.657	-0.116
0.362	0.224,0.312	0.094
0.419	0.356,0.221	0.131
0.382	0.312,0.209	0.121
0.804	0.868,0.862	-0.061
0.816	0.542,0.542	0.274
1.0	0.935,1.0	0.032
0.435	0.276,0.69	-0.048
1.0	0.847,0.663	0.245
1.0	0.808,1.0	0.096
0.32	0.299,0.257	0.042
0.576	0.562,0.42	0.085
0.321	NA,0.0	0.321
0.528	0.771,1.0	-0.357
0.611	0.688,0.889	-0.177
0.433	0.366,0.459	0.021
0.752	0.507,0.536	0.23
1.0	0.735,1.0	0.133
0.0	0.0,0.456	-0.228
0.971	0.937,0.956	0.024
0.42	0.508,0.598	-0.133
0.54	0.472,0.403	0.103
0.599	0.613,0.25	0.167
0.811	0.93,0.52	0.086
0.658	0.679,0.771	-0.067
0.696	0.532,0.442	0.209
0.554	0.65,0.724	-0.133
0.546	0.627,0.566	-0.05
0.473	0.482,0.416	0.024
0.055	0.067,0.063	-0.01
0.421	0.414,0.317	0.055
0.611	0.642,0.0	0.29
0.557	0.418,NA	0.139
0.643	0.436,1.0	-0.075
0.59	0.519,1.0	-0.17
0.592	0.471,0.571	0.071
0.302	0.22,0.267	0.058
0.279	0.516,0.502	-0.23
0.456	0.445,0.348	0.06
0.796	0.897,0.67	0.012
0.006	0.007,0.0	0.003
1.0	0.794,1.0	0.103
0.512	0.453,0.503	0.034
0.725	0.704,0.681	0.032
0.633	0.593,0.564	0.054
0.415	0.354,0.366	0.055
0.016	0.021,0.031	-0.01
0.322	0.213,0.0	0.216
0.477	0.595,0.604	-0.122
0.55	0.568,0.653	-0.06
0.458	0.355,0.252	0.155
0.533	0.481,0.534	0.025
0.428	0.345,0.364	0.074
0.867	0.593,0.696	0.223
0.101	0.125,0.242	-0.082
0.167	0.08,NA	0.087
0.529	1.0,0.36	-0.151
0.519	0.661,0.0	0.189
0.737	0.737,0.0	0.368
0.91	0.987,0.802	0.015
0.905	1.0,0.768	0.021
0.563	0.565,0.5	0.03
1.0	0.0,0.567	0.717
0.0	0.561,0.0	-0.281
0.208	0.153,0.187	0.038
0.479	0.0,NA	0.479
0.299	0.535,0.463	-0.2
0.198	0.131,0.184	0.041
0.9	0.808,0.817	0.088
0.852	0.758,0.71	0.118
0.519	0.424,0.414	0.1
0.347	0.102,0.186	0.203
0.153	0.0,0.0	0.153
0.544	0.44,0.647	0.001
0.637	1.0,NA	-0.363
0.558	0.552,0.531	0.016
0.632	0.0,0.505	0.38
0.0	0.006,0.019	-0.013
0.0	0.017,0.038	-0.028
0.817	0.869,0.794	-0.015
0.663	0.602,0.493	0.116
0.966	0.945,0.958	0.014
1.0	0.934,0.963	0.051
0.498	0.398,0.377	0.11
0.498	0.468,0.29	0.119
0.542	0.491,0.522	0.036
0.734	0.797,0.414	0.128
0.241	0.21,0.107	0.082
0.103	0.064,0.145	-0.002
0.292	0.221,0.237	0.063
0.115	0.0,0.0	0.115
0.29	0.282,0.295	0.002
0.858	0.466,0.693	0.278
0.15	0.352,0.214	-0.133
0.461	0.498,0.614	-0.095
0.488	0.512,0.643	-0.09
0.983	0.985,0.978	0.001
0.996	1.0,1.0	-0.004
0.035	0.055,0.051	-0.018
0.296	0.226,0.257	0.054
0.781	0.548,0.456	0.279
0.439	0.565,0.563	-0.125
0.511	0.418,0.3	0.152
0.457	0.492,0.591	-0.084
0.84	0.898,0.819	-0.019
0.0	0.516,1.0	-0.758
0.019	0.004,0.009	0.013
0.227	0.037,0.056	0.18
0.747	0.761,0.614	0.059
0.366	0.0,0.302	0.215
0.551	0.537,0.626	-0.03
0.0	1.0,1.0	-1.0
1.0	0.871,1.0	0.065
1.0	0.0,NA	1.0
1.0	0.0,NA	1.0
0.547	0.723,0.596	-0.112
1.0	0.853,0.689	0.229
0.724	0.329,0.344	0.387
0.0	0.078,0.191	-0.135
0.759	0.295,0.59	0.317
0.277	0.242,0.489	-0.088
1.0	0.991,1.0	0.004
0.422	0.328,0.295	0.11
0.524	0.605,0.562	-0.059
0.514	0.524,0.611	-0.053
0.618	0.656,0.708	-0.064
0.659	0.683,0.706	-0.035
0.257	0.341,0.272	-0.049
0.47	0.452,0.479	0.004
0.478	0.72,0.568	-0.166
0.0	0.061,0.0	-0.03
1.0	0.761,1.0	0.119
0.619	0.676,0.383	0.089
0.758	0.731,0.595	0.095
0.918	1.0,0.606	0.115
0.433	0.461,0.431	-0.013
0.493	1.0,1.0	-0.507
0.568	0.408,0.329	0.199
0.415	0.498,0.521	-0.095
1.0	1.0,0.906	0.047
0.967	0.938,0.919	0.038
0.676	0.248,0.24	0.432
0.188	0.151,0.133	0.046
1.0	0.932,0.92	0.074
0.0	0.466,NA	-0.466
0.952	0.994,1.0	-0.045
0.735	0.664,0.665	0.07
0.364	0.58,0.545	-0.199
0.718	0.652,0.854	-0.035
0.395	0.359,0.509	-0.039
0.448	0.533,0.73	-0.183
0.652	0.57,0.748	-0.007
0.326	0.297,0.343	0.006
0.375	0.463,0.577	-0.145
0.554	0.671,0.723	-0.143
0.253	0.336,0.359	-0.095
0.589	0.499,0.637	0.021
0.224	0.417,0.0	0.016
0.528	0.651,0.402	0.002
1.0	0.934,0.97	0.048
0.611	0.714,0.913	-0.203
0.381	0.144,0.175	0.222
0.509	0.247,0.31	0.231
0.774	0.659,0.779	0.055
0.977	0.91,0.988	0.028
0.535	0.516,0.64	-0.043
0.687	0.603,0.422	0.175
0.156	0.176,0.271	-0.068
0.485	0.293,0.655	0.011
0.506	0.539,0.524	-0.026
0.0	0.084,0.0	-0.042
0.0	0.038,0.0	-0.019
0.858	1.0,1.0	-0.142
0.466	0.257,0.18	0.248
0.594	0.354,0.41	0.212
0.047	0.0,0.0	0.047
0.368	0.233,0.138	0.182
0.189	0.08,0.144	0.077
0.429	0.395,0.468	-0.003
0.33	0.328,0.35	-0.009
0.535	0.57,0.557	-0.028
0.112	0.183,0.231	-0.095
0.089	0.157,0.195	-0.087
0.607	0.589,0.819	-0.097
0.491	0.564,0.676	-0.129
0.277	0.289,0.392	-0.064
0.0	0.007,0.0	-0.004
0.477	0.632,0.44	-0.059
0.149	0.308,0.143	-0.076
0.458	0.315,0.292	0.155
0.184	0.094,0.069	0.102
0.547	0.464,0.449	0.091
0.561	0.524,0.443	0.078
0.944	1.0,0.918	-0.015
0.468	0.353,0.092	0.246
0.543	0.616,0.3	0.085
0.343	0.549,0.687	-0.275
0.756	0.771,0.699	0.021
0.659	0.557,0.506	0.127
0.804	0.74,0.627	0.121
0.408	0.235,0.138	0.221
0.0	0.114,0.0	-0.057
0.166	0.725,0.166	-0.279
0.21	0.717,0.347	-0.322
0.0	0.628,0.295	-0.462
0.514	0.368,0.562	0.049
0.577	0.365,0.325	0.232
0.349	0.232,0.395	0.035
0.367	0.505,0.354	-0.062
0.505	0.574,0.567	-0.066
0.164	0.147,0.0	0.091
0.239	0.191,0.0	0.143
0.852	0.832,0.918	-0.023
0.695	0.644,0.74	0.003
0.977	0.961,0.914	0.039
0.54	0.619,0.539	-0.039
0.0	0.0,0.006	-0.003
0.543	0.465,0.6	0.011
0.3	0.324,0.395	-0.06
0.035	0.0,0.031	0.02
0.714	NA,0.666	0.048
0.935	0.439,0.534	0.449
0.205	0.295,0.501	-0.193
0.228	0.245,0.28	-0.035
0.556	0.637,1.0	-0.262
0.52	0.482,0.549	0.004
0.503	0.498,0.487	0.011
0.664	0.561,0.578	0.095
0.303	0.305,0.196	0.052
0.704	0.704,0.0	0.352
0.206	0.539,0.0	-0.064
0.307	0.639,NA	-0.332
0.54	0.673,0.545	-0.069
0.826	0.557,0.674	0.21
0.0	0.645,0.623	-0.634
0.405	0.369,0.49	-0.024
0.23	0.206,0.0	0.127
1.0	NA,0.0	1.0
0.637	0.781,0.616	-0.061
1.0	0.214,0.357	0.715
0.513	0.173,0.262	0.295
0.496	0.38,0.32	0.146
0.686	0.758,0.645	-0.015
0.476	0.462,0.34	0.075
0.443	0.528,0.33	0.014
0.744	0.938,0.907	-0.178
1.0	1.0,0.986	0.007
1.0	1.0,0.963	0.018
0.426	0.374,0.497	-0.01
0.619	0.483,0.679	0.038
0.574	0.456,0.577	0.057
0.85	0.919,1.0	-0.11
0.224	0.186,0.108	0.077
0.027	0.017,0.017	0.01
0.004	0.0,0.0	0.004
0.506	0.9,0.53	-0.209
0.559	0.622,0.317	0.09
0.762	0.778,0.643	0.051
0.57	0.743,1.0	-0.301
0.846	0.882,1.0	-0.095
0.242	0.204,0.113	0.083
0.055	0.033,0.0	0.038
0.081	0.059,0.346	-0.121
0.028	0.0,0.032	0.012
0.792	0.237,0.685	0.331
1.0	0.475,NA	0.525
0.675	0.63,0.358	0.181
0.493	0.0,NA	0.493
0.502	0.385,0.596	0.012
0.49	0.598,0.621	-0.119
0.512	0.617,0.638	-0.115
0.03	0.0,0.0	0.03
0.039	0.0,0.0	0.039
0.416	0.0,0.145	0.343
0.442	0.0,0.158	0.363
0.085	0.0,0.115	0.028
0.415	0.433,0.326	0.035
0.0	0.176,NA	-0.176
0.0	0.0,1.0	-0.5
0.09	0.172,0.396	-0.194
0.421	0.34,0.572	-0.035
0.245	0.077,0.039	0.187
0.0	0.295,0.334	-0.315
0.068	0.046,0.121	-0.015
0.266	0.493,0.386	-0.173
0.528	1.0,NA	-0.472
1.0	1.0,0.435	0.282
0.216	0.101,0.149	0.091
0.662	0.566,0.439	0.16
0.783	0.717,0.596	0.127
0.695	0.611,0.581	0.099
0.393	0.491,0.419	-0.062
0.627	0.525,0.577	0.076
0.094	0.0,0.0	0.094
0.58	0.605,0.524	0.015
0.627	0.445,0.446	0.181
0.461	0.486,0.519	-0.041
0.512	0.581,0.638	-0.097
0.0	1.0,1.0	-1.0
0.554	0.731,0.843	-0.233
0.0	0.247,0.133	-0.19
0.029	0.0,0.0	0.029
0.562	0.461,0.428	0.118
0.71	0.754,0.671	-0.003
0.271	0.489,0.784	-0.366
0.482	0.664,0.685	-0.193
0.0	0.081,0.072	-0.076
0.059	0.121,0.305	-0.154
1.0	0.0,NA	1.0
0.581	0.399,0.46	0.151
0.322	0.245,0.352	0.024
0.78	0.798,0.767	-0.002
0.183	0.0,0.0	0.183
0.838	0.899,0.771	0.003
0.507	0.662,0.686	-0.167
0.326	0.239,0.42	-0.004
0.318	0.295,0.403	-0.031
0.451	0.372,0.473	0.029
0.574	0.374,0.174	0.3
0.574	0.374,0.174	0.3
0.385	0.53,0.622	-0.191
0.44	0.303,0.628	-0.026
0.0	0.277,0.124	-0.201
0.693	0.4,0.684	0.151
0.413	0.439,0.595	-0.104
0.895	1.0,1.0	-0.105
0.337	0.561,0.46	-0.174
0.582	1.0,1.0	-0.418
0.442	0.241,0.589	0.027
0.076	0.0,0.035	0.058
0.546	0.857,0.375	-0.07
1.0	0.921,1.0	0.039
0.707	0.438,0.482	0.247
0.494	0.82,0.678	-0.255
1.0	0.501,0.549	0.475
0.56	1.0,0.0	0.06
0.015	0.08,0.037	-0.043
0.387	0.356,0.323	0.047
0.484	0.565,0.499	-0.048
0.28	0.348,0.445	-0.116
0.502	0.41,0.408	0.093
0.733	0.647,0.846	-0.013
0.0	0.182,0.0	-0.091
0.0	0.167,0.0	-0.084
0.339	0.343,0.226	0.054
0.246	0.139,0.0	0.176
0.191	0.38,0.268	-0.133
0.28	0.493,0.394	-0.163
0.155	0.268,0.271	-0.115
0.254	0.505,0.704	-0.351
0.24	0.205,0.055	0.11
0.411	0.508,0.5	-0.093
0.675	0.634,0.637	0.04
1.0	0.493,0.493	0.507
0.662	0.501,0.779	0.022
0.613	0.552,0.509	0.083
0.531	0.559,0.646	-0.072
0.526	0.515,0.57	-0.016
0.362	0.0,NA	0.362
1.0	0.662,0.174	0.582
0.0	0.077,0.143	-0.11
0.451	0.335,0.485	0.041
0.892	0.846,0.792	0.073
0.548	0.349,0.307	0.22
0.895	0.844,0.807	0.07
0.518	0.563,0.647	-0.087
0.513	0.514,0.681	-0.085
0.965	1.0,0.901	0.014
0.661	0.647,0.419	0.128
0.434	0.497,0.396	-0.013
0.673	0.483,0.304	0.28
0.28	0.113,0.182	0.133
0.467	0.448,0.444	0.021
0.574	0.371,0.264	0.256
0.5	0.75,0.556	-0.153
1.0	NA,0.0	1.0
0.165	0.134,0.096	0.05
0.534	0.342,0.667	0.029
1.0	0.989,1.0	0.006
1.0	0.74,0.623	0.319
0.326	0.613,0.744	-0.352
0.42	0.628,0.53	-0.159
0.126	0.096,0.237	-0.04
0.204	0.213,0.282	-0.044
0.258	0.233,0.231	0.026
0.111	0.1,0.051	0.036
0.182	0.073,0.107	0.092
0.037	0.0,0.0	0.037
0.44	0.47,0.364	0.023
0.202	0.242,0.0	0.081
0.954	1.0,1.0	-0.046
0.073	0.065,0.0	0.04
0.867	0.927,0.856	-0.024
0.691	0.757,0.318	0.153
0.0	NA,0.488	-0.488
0.436	0.478,0.516	-0.061
0.578	0.474,0.667	0.007
0.574	0.445,0.412	0.145
0.534	0.276,0.0	0.396
0.904	0.968,0.914	-0.037
0.369	0.46,0.293	-0.008
0.942	0.936,0.935	0.006
0.69	0.676,0.485	0.109
0.444	0.356,0.573	-0.02
0.0	1.0,0.777	-0.889
0.352	0.382,0.259	0.031
0.165	0.199,0.0	0.066
0.205	0.637,0.673	-0.45
0.138	0.0,0.0	0.138
0.0	0.0,1.0	-0.5
0.792	0.859,0.877	-0.076
1.0	1.0,0.995	0.002
0.0	0.549,NA	-0.549
0.952	0.972,0.88	0.026
0.912	0.95,0.815	0.03
0.284	0.428,0.458	-0.159
0.434	0.545,0.844	-0.261
1.0	0.957,1.0	0.022
0.355	0.513,0.0	0.098
0.937	1.0,0.906	-0.016
0.703	0.791,1.0	-0.193
0.493	0.368,0.663	-0.023
0.56	0.657,1.0	-0.268
0.343	0.227,0.37	0.045
0.291	0.133,0.0	0.224
0.437	0.135,0.193	0.273
0.403	0.334,0.377	0.047
0.0	0.172,0.0	-0.086
0.962	0.857,0.912	0.077
0.761	0.681,0.754	0.043
0.0	0.806,0.509	-0.657
0.0	0.678,0.678	-0.678
0.576	0.418,0.11	0.312
0.0	0.182,0.256	-0.219
0.0	0.229,0.387	-0.308
0.0	0.151,0.271	-0.211
0.0	0.192,0.405	-0.298
0.604	0.364,0.117	0.363
1.0	0.707,0.163	0.565
1.0	0.655,0.651	0.347
1.0	0.478,0.15	0.686
0.0	0.225,0.444	-0.335
0.0	0.804,0.61	-0.707
0.938	0.954,0.798	0.062
0.142	0.106,0.0	0.089
1.0	0.546,NA	0.454
0.363	0.248,0.22	0.129
1.0	0.785,0.923	0.146
0.164	0.191,0.164	-0.013
0.062	0.025,0.059	0.02
0.2	0.158,0.263	-0.011
0.527	0.262,0.236	0.278
0.279	0.39,0.23	-0.031
0.0	0.0,0.103	-0.051
1.0	0.515,0.68	0.402
0.551	0.662,0.703	-0.131
0.614	0.462,0.481	0.142
0.536	0.383,0.309	0.19
0.34	0.485,0.496	-0.15
0.469	0.513,0.471	-0.023
0.445	0.642,0.46	-0.106
0.592	0.0,NA	0.592
0.891	0.875,1.0	-0.046
0.704	0.558,0.474	0.188
0.137	0.154,0.0	0.06
0.565	0.305,0.301	0.262
0.246	0.63,0.267	-0.203
0.469	0.261,0.569	0.054
0.549	0.797,0.666	-0.182
0.082	0.073,0.069	0.011
0.357	0.512,0.27	-0.034
0.8	0.778,1.0	-0.089
0.402	0.45,0.517	-0.082
0.0	0.467,0.345	-0.406
0.514	0.642,0.539	-0.077
0.704	0.584,0.693	0.066
0.346	0.312,0.279	0.05
0.991	0.958,0.975	0.025
0.332	0.27,0.32	0.037
0.485	0.43,0.0	0.27
0.241	0.28,0.212	-0.005
0.102	0.312,0.2	-0.154
0.971	0.923,0.878	0.07
0.45	0.227,0.25	0.212
0.583	0.505,0.613	0.024
0.497	0.5,0.677	-0.092
0.484	0.517,0.753	-0.151
0.358	0.284,0.418	0.007
1.0	1.0,0.45	0.275
1.0	0.985,0.884	0.066
0.485	0.0,NA	0.485
0.536	0.549,0.507	0.008
0.942	0.856,0.893	0.067
0.727	0.283,0.781	0.195
0.54	0.841,0.779	-0.27
0.466	0.454,0.498	-0.01
0.533	0.332,0.526	0.104
0.241	0.235,0.165	0.041
0.327	0.535,0.475	-0.178
1.0	0.628,1.0	0.186
0.327	0.624,0.512	-0.241
1.0	1.0,0.462	0.269
0.345	0.381,0.574	-0.133
0.089	0.039,0.0	0.069
0.251	0.286,0.638	-0.211
0.031	0.043,0.338	-0.16
0.679	0.605,0.635	0.059
0.36	0.359,0.564	-0.101
0.281	0.375,0.393	-0.103
0.007	0.0,NA	0.007
0.0	0.0,0.064	-0.032
0.363	0.469,0.432	-0.088
0.629	0.714,0.57	-0.013
0.751	0.31,0.424	0.384
0.456	0.48,0.176	0.128
0.543	0.764,0.681	-0.179
0.685	0.678,0.178	0.257
0.646	0.395,0.092	0.403
1.0	0.783,0.84	0.189
0.961	0.942,1.0	-0.01
0.622	0.707,0.609	-0.036
0.321	0.263,0.315	0.032
0.321	0.342,0.349	-0.025
0.25	0.289,0.405	-0.097
0.306	0.353,0.203	0.028
0.0	0.057,0.0	-0.029
0.0	0.034,0.0	-0.017
0.378	0.423,0.366	-0.016
0.845	0.822,0.76	0.054
0.546	0.348,0.501	0.122
0.181	0.104,0.24	0.009
0.742	0.4,0.42	0.332
0.416	0.49,0.502	-0.08
0.557	0.647,0.657	-0.095
0.18	0.0,0.0	0.18
0.542	0.667,0.613	-0.098
0.565	0.431,0.451	0.124
0.702	0.595,0.737	0.036
0.742	0.739,0.663	0.041
0.371	0.34,0.281	0.06
0.36	0.321,0.26	0.07
0.153	0.136,0.266	-0.048
1.0	0.0,0.0	1.0
0.345	0.0,NA	0.345
0.99	0.979,1.0	0.0
0.374	0.526,0.744	-0.261
0.683	0.688,0.699	-0.01
0.0	0.009,0.034	-0.022
1.0	0.967,1.0	0.016
0.453	0.438,0.232	0.118
0.818	0.801,0.59	0.122
0.667	0.656,0.698	-0.01
0.0	NA,1.0	-1.0
0.955	1.0,1.0	-0.045
0.944	1.0,1.0	-0.056
0.446	0.121,0.08	0.346
0.599	0.611,0.384	0.101
1.0	0.867,0.863	0.135
0.845	0.745,0.855	0.045
0.089	1.0,0.0	-0.411
0.012	0.069,0.0	-0.023
0.168	0.204,0.386	-0.127
0.872	0.783,0.886	0.037
0.397	0.421,0.498	-0.062
0.433	0.422,0.311	0.067
0.014	0.024,0.038	-0.017
0.007	0.0,0.014	0.0
1.0	0.857,1.0	0.072
0.896	0.881,0.878	0.017
0.532	0.431,0.0	0.317
0.0	0.065,0.0	-0.033
0.539	0.603,0.7	-0.112
1.0	1.0,0.792	0.104
0.546	0.522,0.422	0.074
1.0	0.861,1.0	0.07
0.591	0.226,0.31	0.323
0.952	0.929,1.0	-0.013
0.906	0.659,0.739	0.207
0.689	0.35,0.171	0.428
0.378	0.43,0.55	-0.112
0.77	0.661,0.673	0.103
0.221	0.201,0.0	0.12
0.854	0.831,0.794	0.041
0.652	0.636,0.481	0.094
0.0	0.0,0.137	-0.069
0.421	0.479,0.538	-0.087
0.325	0.482,0.46	-0.146
0.363	0.342,0.254	0.065
0.716	0.667,0.526	0.119
0.213	0.394,0.298	-0.133
0.412	0.499,0.367	-0.021
0.729	0.669,0.608	0.09
0.479	0.551,0.508	-0.051
0.172	0.182,0.188	-0.013
0.322	0.309,0.655	-0.16
0.562	0.611,0.723	-0.105
0.549	0.545,0.438	0.057
0.418	0.465,0.573	-0.101
0.495	0.46,0.468	0.031
0.49	0.745,0.414	-0.09
0.526	0.628,0.626	-0.101
0.816	1.0,1.0	-0.184
0.669	0.728,0.419	0.096
0.001	0.0,0.0	0.001
0.0	0.297,0.195	-0.246
0.205	0.301,0.599	-0.245
0.0	0.0,0.374	-0.187
0.632	0.559,0.85	-0.073
0.765	0.684,1.0	-0.077
0.313	0.332,0.308	-0.007
0.752	0.619,0.825	0.03
0.424	0.367,0.319	0.081
0.23	1.0,0.574	-0.557
0.398	0.433,0.287	0.038
1.0	0.892,0.757	0.175
0.559	0.37,0.203	0.273
0.192	0.187,0.129	0.034
0.69	0.7,0.809	-0.065
0.03	0.0,0.08	-0.01
0.493	0.512,0.466	0.004
0.425	0.297,0.276	0.139
0.0	0.079,0.178	-0.129
0.608	1.0,NA	-0.392
1.0	1.0,0.0	0.5
1.0	1.0,0.776	0.112
0.369	0.45,0.415	-0.064
0.078	0.017,0.0	0.07
0.881	0.643,0.703	0.208
0.879	0.967,0.956	-0.083
0.968	0.933,0.951	0.026
0.646	0.704,0.798	-0.105
0.531	0.521,0.674	-0.067
0.257	NA,0.0	0.257
0.524	0.497,0.436	0.057
0.484	0.413,0.462	0.046
0.038	0.0,0.093	-0.009
0.563	0.463,0.476	0.093
0.24	0.235,0.786	-0.27
0.771	0.863,0.879	-0.1
0.643	0.608,0.587	0.046
0.689	0.633,0.718	0.013
0.314	0.493,0.483	-0.174
0.719	0.605,0.971	-0.069
0.491	0.493,0.475	0.007
0.032	0.022,0.056	-0.007
0.511	0.386,0.368	0.134
0.559	0.576,0.491	0.026
0.657	0.685,0.621	0.004
0.485	0.492,0.408	0.035
0.594	0.657,0.534	-0.002
0.639	0.32,0.726	0.116
0.727	0.388,0.325	0.37
0.696	0.591,0.351	0.225
0.0	0.223,0.0	-0.112
0.0	0.089,0.0	-0.044
0.698	0.581,0.634	0.091
0.46	0.468,0.568	-0.058
0.247	0.407,0.43	-0.171
0.655	0.647,0.668	-0.002
0.341	0.341,0.334	0.004
0.422	0.791,0.5	-0.223
0.385	0.39,0.419	-0.019
0.287	0.249,0.259	0.033
0.415	0.245,0.236	0.174
0.138	0.064,0.054	0.079
0.839	0.665,0.331	0.341
1.0	1.0,0.702	0.149
1.0	1.0,0.702	0.149
0.239	0.205,0.269	0.002
0.568	0.282,0.44	0.207
0.286	0.301,0.721	-0.225
0.668	1.0,1.0	-0.332
0.0	0.291,0.0	-0.145
0.0	0.0,0.136	-0.068
0.0	0.0,0.25	-0.125
0.652	0.714,0.156	0.217
0.833	1.0,1.0	-0.167
0.156	0.148,0.202	-0.019
0.594	0.7,0.514	-0.013
0.155	0.209,0.047	0.027
0.087	0.066,0.114	-0.003
0.803	0.841,0.934	-0.084
0.653	0.782,0.813	-0.144
0.16	0.306,0.328	-0.157
0.756	0.476,0.331	0.353
0.016	0.0,0.097	-0.033
0.531	0.552,0.59	-0.04
0.709	0.704,0.64	0.037
0.392	0.0,0.082	0.351
1.0	0.986,1.0	0.007
0.536	0.486,0.489	0.049
0.458	0.347,0.536	0.017
0.537	0.477,0.279	0.159
0.545	0.484,0.285	0.161
0.331	0.498,1.0	-0.418
0.584	0.762,0.596	-0.095
0.584	0.518,0.331	0.159
0.338	0.403,0.243	0.015
0.567	0.646,0.636	-0.074
0.4	0.335,0.264	0.101
0.052	0.465,0.336	-0.349
0.0	0.437,0.0	-0.218
0.658	0.615,0.545	0.078
0.208	0.217,0.191	0.004
0.538	0.805,0.933	-0.331
1.0	0.991,0.951	0.029
0.413	0.519,0.396	-0.045
0.529	0.612,0.724	-0.139
0.393	0.299,0.372	0.057
0.688	0.812,0.668	-0.052
0.979	0.957,1.0	0.001
0.899	0.877,1.0	-0.039
0.023	0.0,0.0	0.023
0.498	0.441,0.503	0.026
0.0	0.177,0.0	-0.088
0.0	0.0,0.147	-0.073
0.743	0.894,1.0	-0.204
0.833	0.886,1.0	-0.11
0.634	0.478,0.7	0.045
0.176	0.446,0.057	-0.076
0.369	NA,0.0	0.369
0.0	0.0,0.195	-0.098
0.58	0.605,0.492	0.031
0.268	0.015,0.006	0.258
0.438	0.463,0.497	-0.042
0.531	0.306,0.568	0.094
0.505	0.429,0.519	0.031
0.573	0.699,0.646	-0.1
0.348	0.243,0.404	0.024
0.482	0.536,0.339	0.044
0.0	0.019,0.0	-0.009
0.502	0.389,0.424	0.096
0.374	0.551,0.601	-0.202
0.205	0.0,0.305	0.052
0.422	0.572,0.229	0.022
0.337	0.274,0.193	0.104
0.113	0.118,0.0	0.054
0.547	0.65,0.277	0.084
0.0	0.0,0.618	-0.309
0.428	0.692,0.643	-0.239
0.376	0.528,0.584	-0.18
0.755	0.649,0.568	0.146
0.298	0.368,0.25	-0.011
0.44	0.51,0.527	-0.078
0.99	0.939,0.918	0.061
0.879	0.861,0.868	0.014
1.0	0.415,0.845	0.37
0.576	0.52,0.661	-0.015
0.616	0.692,0.568	-0.014
0.671	0.585,0.58	0.089
0.523	0.562,0.576	-0.046
1.0	1.0,0.335	0.333
1.0	NA,0.0	1.0
0.0	0.759,0.0	-0.38
0.0	1.0,NA	-1.0
0.0	NA,1.0	-1.0
0.483	0.379,0.594	-0.004
0.93	1.0,1.0	-0.07
0.139	0.291,0.871	-0.442
0.196	0.412,0.811	-0.416
0.603	0.631,0.388	0.093
0.389	0.145,0.0	0.317
0.29	0.343,0.141	0.048
0.513	0.349,0.356	0.161
1.0	0.933,1.0	0.033
0.326	0.0,1.0	-0.174
0.442	0.417,0.576	-0.054
0.0	0.074,0.194	-0.134
0.32	0.32,0.208	0.056
0.328	0.428,0.281	-0.027
0.408	0.684,0.479	-0.174
0.0	0.036,0.149	-0.092
0.414	0.488,0.609	-0.135
0.0	0.038,0.149	-0.093
0.0	0.038,0.148	-0.093
0.449	0.72,0.667	-0.244
0.591	0.582,0.604	-0.002
0.598	0.781,0.427	-0.006
0.612	0.473,0.584	0.084
0.437	0.482,0.482	-0.045
0.222	0.139,0.387	-0.041
0.448	0.446,0.377	0.037
0.447	1.0,0.447	-0.277
0.276	0.432,1.0	-0.44
0.271	0.0,0.0	0.271
0.992	0.967,0.974	0.022
0.047	0.0,0.0	0.047
0.155	0.0,0.0	0.155
0.291	0.393,0.423	-0.117
0.946	0.956,1.0	-0.032
0.542	0.53,0.399	0.078
0.594	0.462,0.589	0.069
0.357	0.235,0.191	0.144
0.601	0.452,0.252	0.249
0.478	0.497,0.449	0.005
0.374	0.147,0.371	0.115
0.541	0.4,0.34	0.171
0.403	0.397,0.495	-0.043
0.905	0.936,0.9	-0.013
0.53	0.527,0.657	-0.062
0.561	0.539,0.425	0.079
0.0	0.0,0.326	-0.163
0.047	0.097,0.09	-0.046
0.643	1.0,0.473	-0.093
0.444	0.195,0.268	0.212
0.311	0.268,0.501	-0.074
0.154	0.216,0.068	0.012
0.497	0.512,0.664	-0.091
0.745	0.353,0.6	0.269
0.413	0.443,0.49	-0.054
0.669	0.542,0.522	0.137
0.091	0.121,0.276	-0.108
0.616	0.508,0.598	0.063
0.74	0.64,0.863	-0.012
0.386	0.392,0.313	0.033
0.394	0.334,0.728	-0.137
0.028	0.031,0.025	0.0
0.0	0.047,0.0	-0.024
0.549	0.57,0.474	0.027
0.413	0.397,0.442	-0.007
0.006	0.026,0.024	-0.019
0.635	0.484,0.652	0.067
0.627	0.613,0.516	0.062
0.5	1.0,0.333	-0.166
1.0	0.939,1.0	0.03
1.0	0.0,NA	1.0
0.395	0.36,0.454	-0.012
0.832	0.822,0.782	0.03
0.378	0.519,0.48	-0.121
0.519	0.608,0.639	-0.104
0.801	0.847,0.832	-0.038
0.641	0.417,0.398	0.234
0.728	0.839,0.936	-0.159
0.0	0.273,0.0	-0.137
0.621	0.632,0.738	-0.064
0.799	0.722,0.75	0.063
0.022	0.007,0.0	0.018
0.069	0.265,0.276	-0.202
0.013	0.0,0.0	0.013
0.0	0.046,0.149	-0.098
0.0	0.028,0.103	-0.066
0.571	0.609,0.542	-0.005
0.326	0.468,0.294	-0.055
0.755	0.947,0.94	-0.189
0.058	0.17,0.373	-0.214
0.713	0.603,0.804	0.009
0.364	0.565,0.405	-0.121
0.723	0.796,0.66	-0.005
0.248	0.629,0.374	-0.254
0.252	0.265,0.265	-0.013
0.607	0.467,0.33	0.208
0.686	0.814,0.876	-0.159
0.331	0.54,0.733	-0.306
0.0	0.819,0.602	-0.71
1.0	0.249,0.2	0.775
1.0	0.783,0.0	0.609
0.769	0.686,0.625	0.114
0.056	0.245,0.138	-0.136
0.898	0.91,0.842	0.022
1.0	0.924,1.0	0.038
0.451	0.297,0.29	0.158
0.344	0.515,0.6	-0.214
0.571	0.659,0.652	-0.085
0.661	0.673,0.616	0.016
0.339	0.462,0.574	-0.179
0.54	0.704,0.83	-0.227
0.568	0.482,0.525	0.064
0.314	0.232,0.251	0.073
0.381	0.31,0.458	-0.003
0.385	0.239,0.407	0.062
0.0	0.433,0.647	-0.54
0.299	0.294,0.256	0.024
0.35	0.478,0.353	-0.066
1.0	1.0,0.872	0.064
0.391	0.322,0.532	-0.036
0.678	0.549,0.723	0.042
0.0	0.732,0.753	-0.742
0.0	0.221,0.131	-0.176
0.301	0.386,0.137	0.039
0.368	0.425,0.309	0.001
0.53	0.571,0.542	-0.026
0.07	0.464,0.147	-0.235
0.02	0.057,0.065	-0.041
0.0	0.0,0.035	-0.018
0.548	0.658,0.804	-0.183
0.397	0.582,0.664	-0.226
0.0	0.561,0.0	-0.281
0.956	0.919,0.863	0.065
0.281	1.0,1.0	-0.719
0.565	0.0,0.0	0.565
0.73	0.859,0.752	-0.076
0.623	0.683,0.277	0.143
0.115	0.134,0.451	-0.177
0.597	0.57,0.325	0.149
0.343	0.415,0.384	-0.056
0.578	0.599,0.705	-0.074
0.451	0.415,0.485	0.001
0.0	1.0,0.303	-0.651
0.597	0.597,0.129	0.234
1.0	1.0,0.624	0.188
0.702	0.0,0.461	0.471
0.697	1.0,NA	-0.303
0.444	0.586,0.346	-0.022
0.437	0.578,0.415	-0.059
0.281	0.393,0.431	-0.131
0.549	0.625,0.601	-0.064
0.024	0.144,0.136	-0.116
0.317	0.426,0.406	-0.099
0.0	0.0,0.234	-0.117
1.0	0.745,0.757	0.249
1.0	1.0,0.733	0.133
0.716	0.424,0.0	0.504
0.0	0.097,0.0	-0.049
0.397	0.376,0.315	0.051
0.328	0.705,0.472	-0.261
0.411	0.386,0.533	-0.049
0.623	0.606,0.873	-0.117
0.951	0.974,1.0	-0.036
0.716	0.728,0.728	-0.012
0.256	0.577,0.375	-0.22
0.231	0.839,0.6	-0.489
0.51	0.676,0.566	-0.111
0.494	0.592,0.641	-0.123
0.0	0.132,NA	-0.132
0.492	0.437,0.463	0.042
0.232	0.094,0.102	0.134
1.0	0.593,0.71	0.349
0.241	0.349,0.235	-0.051
0.659	0.782,0.483	0.026
0.647	0.726,0.482	0.043
0.503	0.391,0.353	0.131
0.0	0.225,0.0	-0.113
0.574	0.543,0.842	-0.119
0.07	0.128,0.048	-0.018
0.128	0.118,0.067	0.036
0.663	0.475,0.585	0.133
0.798	1.0,0.198	0.199
0.0	0.404,1.0	-0.702
0.469	0.791,0.73	-0.291
1.0	0.957,1.0	0.022
0.586	0.741,0.675	-0.122
0.704	0.772,0.515	0.06
0.486	0.622,0.58	-0.115
0.644	0.707,0.667	-0.043
0.158	0.292,0.0	0.012
0.565	0.544,0.307	0.139
0.493	0.468,0.432	0.043
0.564	0.653,0.764	-0.145
0.962	1.0,1.0	-0.038
0.472	0.636,0.721	-0.207
0.794	0.938,1.0	-0.175
0.249	0.299,0.314	-0.057
0.372	0.612,0.372	-0.12
0.374	0.353,0.463	-0.034
0.492	0.352,0.251	0.191
0.695	0.705,0.841	-0.078
1.0	0.721,0.817	0.231
0.512	0.539,0.503	-0.009
0.143	0.141,0.247	-0.051
0.669	0.443,0.52	0.188
0.553	0.62,0.467	0.01
0.333	0.352,0.233	0.041
0.559	0.348,0.307	0.232
0.629	0.688,0.572	-0.001
0.546	0.546,0.355	0.096
0.051	0.0,0.289	-0.093
0.527	0.562,0.608	-0.058
0.665	0.737,0.614	-0.01
0.607	0.656,0.629	-0.036
0.714	0.665,0.643	0.06
0.428	0.149,0.363	0.172
0.0	0.094,0.294	-0.194
0.26	0.216,0.245	0.03
0.453	0.468,0.502	-0.032
0.787	0.921,0.896	-0.122
0.618	0.613,0.669	-0.023
0.403	0.366,0.437	0.002
0.64	1.0,0.621	-0.17
0.259	0.539,0.781	-0.401
1.0	0.712,0.848	0.22
0.239	0.829,0.821	-0.586
0.353	0.308,0.376	0.011
0.289	0.343,0.421	-0.093
0.003	0.0,0.0	0.003
0.739	0.707,0.729	0.021
0.492	0.496,0.39	0.049
0.515	0.497,0.316	0.109
0.73	0.628,0.619	0.107
0.909	0.909,0.814	0.048
0.65	0.757,0.81	-0.134
0.106	0.441,0.308	-0.269
0.673	0.726,0.605	0.008
0.0	0.316,0.323	-0.32
0.0	0.052,0.21	-0.131
0.491	0.177,0.3	0.253
0.598	0.582,0.62	-0.003
0.316	0.202,0.134	0.148
0.704	0.672,0.617	0.059
0.0	0.032,0.05	-0.041
0.6	0.581,0.613	0.003
0.41	0.356,0.308	0.078
0.092	0.124,0.049	0.006
0.52	0.431,0.479	0.065
0.359	0.324,0.375	0.009
0.688	0.615,0.607	0.077
0.89	0.653,0.82	0.154
0.389	0.524,0.397	-0.072
0.471	0.472,0.471	-0.001
0.73	0.749,0.0	0.355
0.452	0.712,0.688	-0.248
0.93	0.927,0.972	-0.019
0.697	0.768,0.505	0.06
0.304	0.422,0.498	-0.156
0.77	0.774,0.757	0.004
0.773	0.797,0.719	0.015
0.716	0.697,0.541	0.097
0.782	0.806,0.672	0.043
0.674	0.658,0.781	-0.045
0.443	0.522,0.542	-0.089
0.417	0.431,0.437	-0.017
0.319	0.256,0.204	0.089
0.348	0.279,0.262	0.077
0.349	0.26,0.17	0.134
0.964	0.952,0.917	0.029
0.462	0.268,0.363	0.147
1.0	1.0,0.967	0.016
0.57	0.57,0.624	-0.027
0.978	1.0,0.943	0.006
0.056	0.065,0.052	-0.002
0.368	0.559,0.364	-0.094
0.648	0.718,0.666	-0.044
0.477	0.656,0.447	-0.075
0.073	0.204,0.043	-0.051
0.866	0.928,0.563	0.12
0.545	0.878,0.418	-0.103
0.977	0.965,0.939	0.025
0.988	0.98,0.967	0.014
0.938	0.966,0.942	-0.016
1.0	1.0,0.961	0.02
1.0	1.0,0.932	0.034
0.672	0.408,0.45	0.243
0.98	0.966,0.94	0.027
0.701	0.416,0.443	0.271
0.0	0.0,0.033	-0.017
0.0	0.0,0.057	-0.029
0.0	0.041,0.041	-0.041
0.404	0.47,0.641	-0.151
0.256	0.234,0.0	0.139
0.957	0.767,0.649	0.249
1.0	0.884,0.912	0.102
0.418	0.31,0.473	0.027
0.419	0.466,0.84	-0.234
0.528	0.691,0.746	-0.19
0.13	NA,1.0	-0.87
0.402	0.356,0.431	0.009
0.511	0.651,0.8	-0.215
0.885	0.944,0.987	-0.081
0.626	0.63,0.702	-0.04
0.178	0.092,0.03	0.117
0.531	0.559,0.545	-0.021
0.633	0.742,0.699	-0.087
0.579	0.652,0.507	-0.001
0.643	0.701,0.585	0.0
0.029	0.018,0.0	0.02
0.52	0.62,0.61	-0.095
0.913	0.878,0.857	0.046
0.333	0.34,0.416	-0.045
0.412	0.274,0.424	0.063
0.478	0.191,0.0	0.382
0.749	0.847,0.801	-0.075
0.451	0.484,0.736	-0.159
0.478	0.709,0.323	-0.038
0.477	0.582,0.554	-0.091
0.502	0.461,0.328	0.107
0.404	0.356,0.455	-0.001
1.0	0.504,0.54	0.478
0.0	0.29,0.566	-0.428
1.0	NA,0.0	1.0
0.6	NA,0.0	0.6
1.0	NA,0.0	1.0
0.471	0.0,NA	0.471
0.441	0.288,0.312	0.141
0.706	0.805,0.938	-0.165
0.53	0.523,0.551	-0.007
0.0	0.076,0.0	-0.038
0.592	0.63,0.338	0.108
0.683	0.688,0.338	0.17
0.444	0.444,0.318	0.063
0.765	0.237,0.757	0.268
0.525	0.468,0.416	0.083
0.826	0.908,0.827	-0.041
0.667	0.5,0.5	0.167
0.41	0.631,0.582	-0.197
0.873	0.864,0.515	0.183
0.881	0.874,1.0	-0.056
1.0	0.463,0.301	0.618
0.541	0.525,0.0	0.279
0.551	0.507,0.577	0.009
0.413	0.042,0.678	0.053
0.6	0.636,0.0	0.282
0.0	0.0,0.264	-0.132
0.427	0.329,0.132	0.196
0.0	0.379,0.27	-0.325
1.0	1.0,0.562	0.219
0.258	0.503,0.464	-0.226
0.0	1.0,0.0	-0.5
0.568	0.571,0.532	0.016
0.069	0.049,0.0	0.045
0.524	0.372,0.268	0.204
0.543	0.71,0.549	-0.086
0.932	0.96,1.0	-0.048
0.0	0.049,0.0	-0.025
0.49	0.615,0.242	0.061
0.965	1.0,1.0	-0.035
0.968	1.0,1.0	-0.032
0.964	1.0,1.0	-0.036
0.903	0.869,0.498	0.22
0.0	0.012,0.0	-0.006
0.546	0.589,0.592	-0.044
0.502	0.395,0.496	0.056
0.57	0.605,0.624	-0.045
1.0	0.488,0.576	0.468
0.422	0.497,0.487	-0.07
0.453	0.388,0.511	0.004
0.024	0.08,0.087	-0.059
0.171	0.158,0.24	-0.028
0.023	0.02,0.0	0.013
0.456	0.435,0.435	0.021
0.617	0.497,0.559	0.089
0.242	0.106,0.269	0.054
0.483	0.577,0.686	-0.148
0.75	0.512,0.639	0.174
0.167	0.087,0.108	0.07
0.701	0.0,NA	0.701
0.056	0.02,0.0	0.046
0.199	0.239,0.176	-0.008
1.0	0.973,1.0	0.014
0.517	0.373,0.401	0.13
1.0	0.143,0.034	0.911
1.0	0.375,0.556	0.534
1.0	0.222,0.125	0.827
1.0	0.333,0.1	0.783
0.0	0.513,0.486	-0.499
0.468	0.451,0.361	0.062
0.584	0.0,0.183	0.492
0.541	0.491,0.493	0.049
0.396	0.623,0.123	0.023
0.389	1.0,NA	-0.611
0.121	0.0,0.0	0.121
0.416	0.459,0.519	-0.073
0.015	0.019,0.0	0.005
0.357	0.282,0.286	0.073
0.038	0.0,0.032	0.022
0.593	0.675,0.631	-0.06
0.52	0.618,0.37	0.026
0.592	0.5,0.365	0.159
0.931	0.897,0.934	0.016
0.25	0.252,0.295	-0.023
0.23	0.142,0.207	0.056
0.077	0.327,0.139	-0.156
0.105	0.404,0.196	-0.195
0.53	0.711,0.556	-0.103
0.615	0.654,0.682	-0.053
0.065	0.013,0.0	0.059
0.647	0.302,0.257	0.368
0.12	0.296,0.347	-0.202
0.246	0.0,0.175	0.159
0.0	0.203,0.604	-0.403
0.459	0.446,0.402	0.035
0.28	0.271,0.2	0.045
0.684	0.722,NA	-0.038
0.423	0.407,0.0	0.22
0.253	0.208,0.0	0.149
0.0	0.13,NA	-0.13
0.13	0.253,1.0	-0.497
0.0	0.051,0.0	-0.025
0.042	0.109,0.388	-0.206
0.278	0.202,0.222	0.066
0.23	0.278,0.17	0.006
0.324	0.64,0.432	-0.212
0.0	0.33,0.33	-0.33
0.559	0.721,0.425	-0.014
0.504	0.443,0.495	0.035
0.463	0.425,0.492	0.005
0.193	0.09,0.35	-0.027
0.434	0.46,0.793	-0.193
0.093	0.254,0.0	-0.034
0.603	0.569,0.159	0.239
0.242	0.195,0.321	-0.016
0.577	0.585,0.648	-0.04
0.51	0.497,0.548	-0.012
0.48	1.0,0.48	-0.26
1.0	1.0,0.503	0.248
0.112	0.168,0.0	0.028
0.086	0.091,0.0	0.04
0.543	1.0,0.543	-0.229
1.0	1.0,0.566	0.217
0.191	0.115,0.178	0.045
1.0	NA,0.523	0.477
0.427	0.333,0.139	0.191
0.629	0.695,0.586	-0.011
0.419	1.0,0.419	-0.291
0.526	1.0,0.526	-0.237
0.0	0.269,0.0	-0.135
0.422	0.302,0.345	0.098
0.516	0.548,0.513	-0.014
0.544	0.607,0.533	-0.026
0.5	0.582,0.523	-0.052
0.302	0.326,0.223	0.027
0.587	0.518,0.498	0.079
0.551	0.464,0.491	0.074
0.502	0.652,0.467	-0.057
0.441	0.674,0.42	-0.106
0.506	NA,1.0	-0.494
0.426	0.395,0.363	0.047
0.544	0.568,0.619	-0.049
0.46	0.51,0.623	-0.106
0.219	0.355,0.486	-0.201
0.022	0.006,0.003	0.017
0.123	0.076,0.076	0.047
0.228	0.0,0.062	0.197
0.523	0.608,0.662	-0.112
0.569	0.535,0.556	0.023
0.469	0.545,0.526	-0.067
0.344	0.149,0.139	0.2
0.087	0.163,0.125	-0.057
0.501	0.421,0.519	0.031
0.449	0.488,0.438	-0.014
1.0	0.802,1.0	0.099
1.0	0.0,0.0	1.0
1.0	0.453,0.161	0.693
0.416	0.388,0.383	0.03
0.393	0.273,0.476	0.019
0.614	0.392,0.696	0.07
0.0	0.137,0.029	-0.083
0.096	0.0,0.151	0.021
1.0	0.947,0.852	0.101
0.892	0.733,0.477	0.287
0.018	0.004,0.0	0.016
0.244	0.291,0.135	0.031
0.931	0.892,0.898	0.036
0.297	0.0,0.0	0.297
0.327	0.153,0.254	0.123
1.0	0.37,0.419	0.606
0.124	0.368,0.0	-0.06
0.309	0.145,0.0	0.236
0.325	0.211,0.372	0.034
0.624	0.512,0.537	0.1
1.0	NA,0.0	1.0
0.596	0.688,0.698	-0.097
0.485	0.372,0.482	0.058
0.521	0.518,0.632	-0.054
0.58	0.62,0.706	-0.083
0.767	0.723,0.846	-0.017
0.32	0.37,0.339	-0.035
0.143	0.213,0.156	-0.042
0.276	0.323,0.359	-0.065
0.646	0.817,0.461	0.007
1.0	0.556,1.0	0.222
0.111	0.065,0.212	-0.028
0.146	0.0,0.12	0.086
0.904	0.31,0.642	0.428
0.367	0.253,0.349	0.066
0.272	0.246,0.102	0.098
0.39	0.515,0.358	-0.046
0.368	0.258,0.318	0.08
0.275	0.201,0.328	0.011
0.387	0.474,0.791	-0.246
0.271	0.27,0.362	-0.045
0.459	0.447,0.501	-0.015
0.367	0.42,0.439	-0.062
0.076	0.0,0.048	0.052
0.037	0.026,0.024	0.012
0.624	0.703,0.64	-0.047
0.478	0.402,0.442	0.056
0.0	1.0,NA	-1.0
1.0	0.0,NA	1.0
1.0	0.956,0.941	0.052
1.0	0.062,0.5	0.719
0.474	0.607,0.359	-0.009
0.333	0.769,0.333	-0.218
1.0	1.0,0.608	0.196
0.247	0.212,0.266	0.008
0.13	0.0,0.0	0.13
0.525	0.407,0.466	0.089
0.315	0.179,0.426	0.013
0.62	0.578,0.684	-0.011
0.0	0.131,0.139	-0.135
0.0	1.0,NA	-1.0
0.4	0.462,0.487	-0.075
0.343	0.34,0.301	0.023
0.59	0.575,0.596	0.005
0.372	0.412,0.431	-0.049
0.498	0.498,0.386	0.056
0.547	0.571,0.52	0.002
0.455	0.722,0.826	-0.319
0.285	0.367,0.376	-0.087
0.622	0.752,0.917	-0.213
0.5	0.942,1.0	-0.471
0.054	0.028,0.0	0.04
0.647	0.771,0.679	-0.078
0.782	0.787,0.697	0.04
0.569	0.578,0.523	0.018
0.018	0.11,0.0	-0.037
1.0	0.563,0.269	0.584
1.0	0.378,NA	0.622
0.349	0.416,0.517	-0.118
1.0	0.397,0.712	0.446
0.508	0.526,0.607	-0.058
0.0	0.721,0.72	-0.72
0.114	0.192,0.059	-0.011
0.548	0.496,0.526	0.037
0.437	0.422,0.441	0.006
0.33	0.265,0.329	0.033
0.418	0.174,0.0	0.331
0.401	0.264,0.322	0.108
0.089	0.158,0.186	-0.083
0.09	0.05,0.062	0.034
0.053	0.093,0.077	-0.032
0.32	0.493,0.473	-0.163
0.407	0.399,0.342	0.036
0.451	0.478,0.543	-0.059
0.494	0.504,0.56	-0.038
0.486	0.39,0.533	0.024
0.352	0.365,0.347	-0.004
0.641	0.66,0.521	0.05
0.2	0.75,0.25	-0.3
1.0	0.861,0.665	0.237
1.0	0.892,0.637	0.236
0.243	0.528,0.312	-0.177
0.265	0.557,0.338	-0.182
1.0	0.875,1.0	0.062
0.0	0.613,0.402	-0.508
0.144	0.432,0.425	-0.284
0.43	0.439,0.459	-0.019
0.733	0.675,0.716	0.037
0.565	0.509,0.486	0.067
0.616	0.549,0.202	0.24
0.751	0.564,0.751	0.094
0.245	0.089,0.0	0.201
0.2	0.286,0.2	-0.043
0.0	0.274,0.173	-0.224
1.0	0.28,0.0	0.86
0.607	0.249,0.0	0.482
0.446	0.492,0.377	0.012
0.0	0.135,0.085	-0.11
0.716	1.0,0.0	0.216
0.641	0.477,0.415	0.195
0.354	0.0,NA	0.354
0.61	0.668,0.646	-0.047
0.566	0.731,0.66	-0.13
0.378	0.505,0.378	-0.064
0.0	0.419,0.265	-0.342
0.676	0.559,0.466	0.163
0.437	0.49,0.409	-0.013
0.561	0.603,0.568	-0.024
0.856	0.867,0.761	0.042
0.907	0.717,0.679	0.209
0.728	0.682,0.523	0.125
0.499	0.0,0.0	0.499
0.458	0.426,0.658	-0.084
0.853	0.766,0.593	0.173
0.368	0.297,0.294	0.073
0.202	0.246,0.045	0.057
0.511	0.537,0.562	-0.039
1.0	0.506,NA	0.494
0.126	0.0,0.0	0.126
0.138	0.0,0.365	-0.044
0.531	0.555,0.62	-0.056
0.758	0.849,0.865	-0.099
0.789	0.85,0.779	-0.025
0.441	0.0,0.479	0.202
0.38	0.0,1.0	-0.12
0.826	0.92,1.0	-0.134
0.885	1.0,0.865	-0.047
1.0	0.865,1.0	0.068
0.118	0.465,0.355	-0.292
0.358	0.024,0.242	0.225
0.587	0.496,0.605	0.036
0.643	0.265,0.574	0.224
0.362	0.24,0.355	0.065
0.572	0.575,0.613	-0.022
1.0	0.953,0.722	0.163
0.5	0.276,0.424	0.15
0.38	0.557,0.544	-0.17
0.176	0.307,0.366	-0.161
0.893	0.396,0.724	0.333
0.0	0.834,0.0	-0.417
0.221	0.214,0.263	-0.017
0.0	0.24,0.137	-0.189
0.455	0.301,0.422	0.094
0.142	0.232,0.179	-0.064
0.483	0.501,0.486	-0.011
0.345	0.315,0.256	0.059
0.436	0.385,0.565	-0.039
0.567	0.534,0.487	0.056
0.812	0.678,0.587	0.179
0.507	0.323,0.302	0.195
0.193	0.185,0.233	-0.016
0.031	0.059,0.0	0.002
1.0	NA,0.0	1.0
0.511	0.0,NA	0.511
0.0	0.0,1.0	-0.5
0.579	0.595,0.597	-0.017
0.493	0.466,0.556	-0.018
0.443	0.444,0.384	0.029
0.374	0.406,0.548	-0.103
0.609	0.506,0.462	0.125
0.33	0.318,0.322	0.01
0.321	0.511,0.443	-0.156
0.761	0.753,0.811	-0.021
0.359	0.46,0.466	-0.104
0.496	0.59,0.53	-0.064
0.48	0.437,0.646	-0.061
0.58	0.557,0.649	-0.023
0.302	0.317,0.115	0.086
0.39	0.532,0.736	-0.244
0.419	0.471,0.376	-0.005
0.53	0.439,0.178	0.222
0.454	0.336,0.155	0.209
0.552	0.631,0.0	0.237
0.783	1.0,NA	-0.217
0.34	0.0,1.0	-0.16
0.115	0.0,0.0	0.115
0.608	0.657,0.551	0.004
0.236	0.305,0.345	-0.089
0.38	0.438,0.448	-0.063
0.526	0.35,0.48	0.111
1.0	0.93,1.0	0.035
1.0	0.809,1.0	0.095
0.006	0.008,0.0	0.002
0.242	0.237,0.233	0.007
0.886	0.809,0.782	0.09
0.399	0.342,0.324	0.066
0.298	0.233,0.27	0.046
0.589	0.497,0.535	0.073
0.0	0.083,0.0	-0.042
0.007	0.022,0.005	-0.006
0.415	0.405,0.315	0.055
0.012	0.033,0.011	-0.01
1.0	0.743,1.0	0.129
1.0	0.0,1.0	0.5
0.594	0.542,0.371	0.137
0.593	0.798,0.597	-0.105
0.53	0.693,0.732	-0.182
1.0	1.0,0.0	0.5
0.0	0.398,0.274	-0.336
0.819	0.826,0.759	0.026
0.0	0.208,0.31	-0.259
0.755	0.788,0.807	-0.043
1.0	0.934,0.903	0.081
1.0	1.0,0.345	0.328
1.0	0.519,0.351	0.565
1.0	0.519,0.447	0.517
0.522	0.421,0.754	-0.066
0.523	0.0,0.0	0.523
0.117	0.0,0.0	0.117
0.0	0.049,0.0	-0.025
0.527	0.295,0.16	0.3
0.492	0.422,1.0	-0.219
0.439	0.461,1.0	-0.292
0.303	0.207,1.0	-0.301
0.563	0.392,1.0	-0.133
0.208	0.0,NA	0.208
0.326	0.253,1.0	-0.301
0.588	0.455,1.0	-0.14
0.225	0.0,NA	0.225
0.627	0.0,0.0	0.627
0.627	0.633,0.443	0.089
0.721	0.797,0.311	0.167
0.73	0.844,0.332	0.142
0.153	0.59,0.0	-0.142
0.721	0.0,0.0	0.721
0.689	0.0,0.0	0.689
0.748	0.712,0.303	0.241
0.376	0.0,0.0	0.376
0.721	0.597,0.463	0.191
0.799	0.77,0.329	0.25
0.806	0.822,0.351	0.22
0.144	0.552,0.0	-0.132
0.144	0.425,0.463	-0.3
0.654	0.806,0.278	0.112
0.169	0.0,0.0	0.169
0.606	0.694,0.362	0.078
0.617	0.758,0.385	0.045
0.918	0.849,0.309	0.339
0.79	0.625,0.327	0.314
0.782	0.602,0.239	0.362
0.729	1.0,1.0	-0.271
0.348	0.254,0.279	0.081
0.539	0.753,0.794	-0.235
0.533	0.36,0.512	0.097
0.004	0.027,0.083	-0.051
0.013	0.041,0.029	-0.022
0.179	0.199,0.12	0.019
0.462	0.423,0.508	-0.004
0.502	0.377,0.248	0.19
0.563	0.563,0.525	0.019
0.169	0.465,0.835	-0.481
0.22	0.052,0.083	0.152
0.75	0.495,0.845	0.08
0.703	0.774,0.787	-0.078
0.655	0.508,0.413	0.195
0.788	0.458,0.819	0.15
0.937	0.964,1.0	-0.045
0.208	0.235,0.094	0.044
0.0	0.459,NA	-0.459
1.0	1.0,0.741	0.129
1.0	1.0,0.0	0.5
0.384	0.555,0.0	0.106
0.786	0.441,0.441	0.345
0.562	0.0,0.833	0.146
0.2	0.734,0.501	-0.417
0.0	0.141,0.664	-0.403
0.551	0.538,0.463	0.05
0.756	0.745,0.575	0.096
0.717	0.716,0.611	0.053
0.0	0.225,0.189	-0.207
1.0	0.264,NA	0.736
1.0	0.0,1.0	0.5
1.0	0.549,1.0	0.226
1.0	0.569,1.0	0.216
0.972	0.731,1.0	0.107
0.27	0.0,1.0	-0.23
0.887	0.773,1.0	0.0
0.44	0.786,1.0	-0.453
0.955	1.0,0.635	0.137
0.68	1.0,0.321	0.02
0.091	0.52,0.214	-0.276
0.055	0.611,0.0	-0.251
0.406	0.396,0.494	-0.039
0.468	0.723,0.145	0.034
0.939	0.605,0.754	0.259
0.476	0.277,1.0	-0.163
0.076	0.436,1.0	-0.642
0.695	0.691,0.895	-0.098
0.611	0.741,0.926	-0.223
0.218	0.237,0.566	-0.183
0.489	0.596,0.598	-0.108
0.478	0.576,0.693	-0.156
0.482	0.396,0.377	0.095
0.607	0.461,0.3	0.226
0.048	0.034,0.05	0.006
0.932	0.923,0.84	0.051
0.527	0.0,0.0	0.527
0.069	0.253,0.295	-0.205
0.683	0.764,0.566	0.018
0.173	0.0,0.0	0.173
0.869	NA,1.0	-0.131
0.429	0.0,1.0	-0.071
0.379	0.0,1.0	-0.121
0.204	0.0,0.0	0.204
0.218	0.0,NA	0.218
0.101	0.0,NA	0.101
0.084	0.0,NA	0.084
0.454	0.684,NA	-0.23
0.464	0.519,NA	-0.055
0.505	0.666,NA	-0.161
0.682	1.0,NA	-0.318
0.511	1.0,0.0	0.011
0.441	1.0,0.0	-0.059
0.488	0.455,0.357	0.082
0.638	0.0,0.0	0.638
0.146	0.033,0.072	0.093
0.699	0.609,0.453	0.168
0.593	0.462,0.855	-0.066
0.671	0.473,0.675	0.097
0.0	0.737,1.0	-0.869
0.852	0.797,0.497	0.205
0.576	0.687,0.737	-0.136
0.702	0.771,0.695	-0.031
0.938	0.936,0.964	-0.012
0.246	0.085,0.0	0.203
0.0	0.355,0.0	-0.177
0.735	0.671,NA	0.064
0.833	1.0,0.667	-0.001
0.496	0.527,0.198	0.133
1.0	0.939,0.971	0.045
0.168	0.0,0.0	0.168
0.0	0.0,0.084	-0.042
0.0	0.0,0.125	-0.062
0.0	0.0,0.127	-0.064
0.81	0.932,0.629	0.03
0.8	0.926,0.592	0.041
0.0	0.042,0.0	-0.021
0.31	0.382,0.0	0.119
0.224	0.645,0.0	-0.099
0.535	0.536,0.653	-0.059
0.057	0.09,0.118	-0.047
0.402	0.409,0.441	-0.023
0.48	0.47,0.54	-0.025
0.0	1.0,1.0	-1.0
1.0	0.468,0.0	0.766
0.36	0.403,0.556	-0.12
0.387	0.425,0.499	-0.075
0.431	0.397,0.505	-0.02
0.269	0.197,0.0	0.171
0.611	0.364,0.696	0.081
0.869	0.96,0.821	-0.021
0.547	0.51,0.507	0.039
0.0	0.713,0.0	-0.356
1.0	0.0,1.0	0.5
0.228	0.852,0.834	-0.615
0.564	0.0,0.793	0.167
0.443	0.652,0.635	-0.2
1.0	0.643,0.418	0.47
1.0	0.508,0.524	0.484
0.347	0.168,0.295	0.115
0.377	NA,0.813	-0.436
1.0	1.0,0.0	0.5
0.508	0.604,0.519	-0.053
0.722	0.705,0.615	0.062
0.152	0.193,0.195	-0.042
0.554	0.583,0.584	-0.029
0.59	0.4,0.505	0.137
0.816	0.731,0.625	0.138
0.549	0.449,0.745	-0.048
0.551	0.585,0.355	0.081
0.895	0.836,0.898	0.028
0.152	0.084,0.126	0.047
0.776	0.722,0.923	-0.046
0.779	0.71,0.953	-0.052
1.0	0.0,NA	1.0
0.245	0.276,0.36	-0.073
0.065	0.0,0.139	-0.005
0.037	0.262,0.238	-0.213
0.724	0.671,0.74	0.018
0.329	0.337,0.501	-0.09
0.358	0.357,0.366	-0.004
0.275	0.135,0.155	0.13
0.275	0.135,0.155	0.13
0.137	0.183,0.076	0.008
1.0	0.901,1.0	0.049
0.549	0.646,1.0	-0.274
0.47	0.424,0.491	0.012
0.49	0.428,0.493	0.029
0.887	0.723,0.676	0.188
0.936	0.939,0.976	-0.021
0.881	0.79,0.818	0.077
0.834	0.696,0.54	0.216
0.057	0.183,0.139	-0.104
0.0	0.429,1.0	-0.715
0.557	0.501,0.662	-0.024
0.654	0.737,0.533	0.019
0.535	0.361,0.401	0.154
1.0	0.956,1.0	0.022
0.761	0.614,0.573	0.168
0.043	0.016,0.021	0.024
0.654	0.55,0.888	-0.065
0.498	0.612,0.788	-0.202
0.515	NA,0.68	-0.165
0.676	1.0,0.688	-0.168
0.23	0.33,0.305	-0.087
0.885	0.866,0.85	0.027
0.96	0.987,1.0	-0.034
0.46	0.243,0.121	0.278
0.11	0.0,0.125	0.048
0.0	0.0,0.106	-0.053
0.0	0.0,0.085	-0.043
0.0	0.18,0.044	-0.112
0.199	0.252,0.265	-0.059
0.899	1.0,0.619	0.09
0.898	1.0,0.0	0.398
0.496	0.273,0.0	0.359
0.0	NA,1.0	-1.0
0.0	1.0,1.0	-1.0
1.0	0.488,0.884	0.314
0.691	0.663,0.651	0.034
0.049	0.067,0.052	-0.01
0.458	0.426,0.51	-0.01
0.685	0.701,0.686	-0.008
0.657	0.667,0.695	-0.024
0.946	1.0,1.0	-0.054
0.12	0.286,0.0	-0.023
0.091	0.286,0.0	-0.052
0.57	0.603,0.814	-0.138
0.668	0.432,0.412	0.246
0.133	0.175,0.25	-0.079
0.131	0.173,0.242	-0.076
0.632	0.394,0.463	0.204
0.229	0.222,0.293	-0.028
0.833	0.396,0.48	0.395
0.0	0.452,0.398	-0.425
0.019	0.0,0.0	0.019
0.018	0.0,0.0	0.018
0.523	0.682,0.366	-0.001
0.274	0.311,0.185	0.026
0.888	0.809,0.882	0.042
0.288	0.284,0.29	0.001
0.709	0.908,0.643	-0.067
0.489	0.358,0.286	0.167
0.142	0.294,0.436	-0.223
0.58	0.0,NA	0.58
0.371	0.423,0.378	-0.029
0.911	0.128,0.089	0.802
0.855	0.784,0.706	0.11
1.0	1.0,0.642	0.179
0.138	0.2,0.147	-0.035
0.334	0.226,0.37	0.036
0.0	0.793,NA	-0.793
0.0	0.037,0.023	-0.03
0.606	0.324,0.439	0.224
0.629	0.581,0.718	-0.02
0.607	0.554,0.677	-0.009
0.592	0.555,0.503	0.063
0.12	0.168,0.28	-0.104
0.138	0.11,0.328	-0.081
0.068	0.12,0.11	-0.047
0.033	0.179,0.0	-0.056
0.147	0.201,0.074	0.009
0.143	0.211,0.104	-0.015
0.87	1.0,1.0	-0.13
1.0	1.0,0.949	0.026
0.845	0.821,0.604	0.133
0.415	0.669,0.299	-0.069
0.681	0.523,0.183	0.328
0.329	0.433,0.309	-0.042
0.013	0.065,0.138	-0.089
0.032	0.076,0.101	-0.056
1.0	1.0,0.91	0.045
0.031	0.059,0.0	0.002
1.0	0.872,0.978	0.075
0.052	0.08,0.298	-0.137
0.446	0.414,0.323	0.078
0.995	1.0,1.0	-0.005
0.388	0.53,0.47	-0.112
0.556	0.0,0.295	0.409
0.253	0.272,0.439	-0.103
0.365	0.357,0.605	-0.116
0.536	0.586,0.651	-0.083
0.83	0.769,0.802	0.044
0.59	0.465,0.604	0.055
0.525	0.605,0.607	-0.081
0.453	0.494,0.521	-0.055
0.744	0.712,0.831	-0.027
0.5	0.539,0.416	0.022
0.364	0.391,0.5	-0.082
0.862	1.0,1.0	-0.138
1.0	0.336,0.0	0.832
0.169	0.217,0.21	-0.044
0.587	0.529,0.532	0.056
0.577	0.679,0.6	-0.062
0.58	0.362,0.265	0.266
0.19	0.26,0.32	-0.1
0.0	0.0,1.0	-0.5
0.0	0.0,0.13	-0.065
0.0	0.0,0.257	-0.129
0.077	0.13,0.105	-0.04
0.703	0.685,0.669	0.026
0.697	1.0,1.0	-0.303
0.697	0.479,1.0	-0.043
1.0	0.586,1.0	0.207
0.716	1.0,1.0	-0.284
1.0	0.584,1.0	0.208
1.0	0.629,1.0	0.185
0.695	1.0,1.0	-0.305
1.0	0.781,1.0	0.109
1.0	0.0,NA	1.0
1.0	0.342,1.0	0.329
0.563	0.491,0.441	0.097
1.0	0.753,0.0	0.623
0.851	1.0,1.0	-0.149
0.127	0.062,0.065	0.064
0.572	0.6,0.698	-0.077
0.357	0.371,0.266	0.038
0.431	0.415,0.535	-0.044
0.476	0.375,0.463	0.057
0.496	0.52,0.453	0.009
0.36	0.368,0.339	0.006
0.692	0.766,0.713	-0.048
0.108	0.062,0.15	0.002
0.188	0.136,0.25	-0.005
0.317	0.225,0.348	0.031
0.448	0.326,0.496	0.037
0.122	0.145,0.176	-0.038
0.222	0.227,0.272	-0.027
0.756	0.517,0.725	0.135
0.481	0.474,0.585	-0.048
0.354	0.429,0.0	0.139
0.7	0.553,0.543	0.152
0.732	0.682,0.771	0.005
0.508	0.363,0.38	0.137
0.226	0.245,0.338	-0.065
1.0	0.0,1.0	0.5
1.0	0.636,1.0	0.182
0.709	0.785,1.0	-0.184
0.0	0.676,NA	-0.676
0.8	0.952,0.879	-0.115
0.602	0.486,0.618	0.05
0.597	0.481,0.614	0.049
0.789	0.681,0.684	0.106
0.785	1.0,1.0	-0.215
0.729	1.0,1.0	-0.271
0.631	1.0,1.0	-0.369
0.859	1.0,1.0	-0.141
0.833	0.286,0.118	0.631
0.346	0.185,0.1	0.203
1.0	1.0,0.814	0.093
0.0	0.336,0.375	-0.356
0.017	0.082,0.0	-0.024
0.184	0.41,0.0	-0.021
0.083	0.077,0.169	-0.04
0.427	0.488,0.629	-0.132
0.623	0.586,0.602	0.029
0.812	0.833,0.851	-0.03
0.9	1.0,0.6	0.1
0.302	0.409,0.315	-0.06
0.837	0.645,0.678	0.175
0.367	0.23,0.223	0.14
1.0	0.917,0.91	0.087
0.731	0.816,0.869	-0.112
0.372	0.0,0.0	0.372
0.639	0.699,0.64	-0.03
0.578	0.488,0.494	0.087
0.445	0.419,0.662	-0.095
0.428	0.459,0.528	-0.066
0.358	0.39,0.388	-0.031
0.919	0.887,0.86	0.046
0.579	0.582,0.635	-0.03
0.618	0.522,0.593	0.06
0.5	0.493,NA	0.007
0.774	0.753,1.0	-0.103
0.774	0.758,1.0	-0.105
0.333	0.0,0.261	0.203
0.769	0.737,0.808	-0.003
0.322	0.408,0.194	0.021
0.451	0.477,0.509	-0.042
0.0	0.017,0.013	-0.015
0.196	0.285,0.292	-0.092
0.0	0.0,1.0	-0.5
1.0	0.98,1.0	0.01
0.542	0.508,0.536	0.02
0.28	0.0,NA	0.28
0.392	0.492,0.0	0.146
0.007	0.005,0.003	0.003
0.002	0.0,0.006	-0.001
0.485	0.593,0.476	-0.049
0.998	1.0,0.994	0.001
0.154	0.338,0.274	-0.152
0.577	0.546,0.139	0.234
0.176	0.119,0.178	0.027
0.653	0.825,0.919	-0.219
0.549	0.455,0.427	0.108
0.318	0.515,0.608	-0.243
0.214	1.0,0.897	-0.735
0.27	1.0,0.899	-0.679
0.535	0.562,0.667	-0.08
0.305	0.261,0.326	0.012
0.376	0.35,0.4	0.001
0.667	0.608,0.644	0.041
0.464	0.485,0.245	0.099
0.355	0.227,0.469	0.007
0.0	0.705,0.524	-0.615
0.117	0.101,0.114	0.009
0.529	0.562,0.602	-0.053
1.0	0.78,1.0	0.11
0.639	0.604,0.664	0.005
0.0	0.195,0.0	-0.098
1.0	0.828,0.547	0.312
0.654	0.721,0.742	-0.078
0.593	0.604,0.68	-0.049
0.651	0.706,0.668	-0.036
1.0	0.892,0.944	0.082
0.463	0.439,0.411	0.038
0.756	0.776,0.788	-0.026
0.649	0.732,0.645	-0.039
0.333	0.281,0.349	0.018
0.398	0.341,0.439	0.008
0.935	0.949,0.914	0.004
0.847	0.785,0.709	0.1
0.705	0.628,0.53	0.126
1.0	1.0,0.432	0.284
0.511	0.323,0.05	0.325
0.315	0.278,0.234	0.059
0.596	0.496,0.544	0.076
0.471	0.572,0.501	-0.066
0.214	0.303,0.218	-0.047
0.573	0.707,0.714	-0.137
0.0	0.0,0.628	-0.314
1.0	0.597,NA	0.403
0.262	0.21,0.352	-0.019
0.432	0.385,0.376	0.051
0.521	0.547,0.541	-0.023
0.41	0.243,1.0	-0.211
1.0	0.0,0.555	0.722
0.449	0.403,0.437	0.029
0.162	0.28,0.361	-0.159
0.504	0.464,0.5	0.022
0.504	0.433,0.534	0.02
0.816	0.228,NA	0.588
1.0	0.87,0.599	0.266
0.437	0.521,0.339	0.007
0.083	0.069,0.032	0.033
0.589	0.559,0.524	0.047
0.437	0.521,0.474	-0.06
0.676	0.65,1.0	-0.149
0.45	0.327,0.259	0.157
0.974	0.966,0.964	0.009
0.268	0.388,0.309	-0.081
0.728	0.747,0.759	-0.025
0.245	0.0,0.0	0.245
0.0	0.0,0.636	-0.318
0.428	0.711,0.673	-0.264
0.917	0.508,0.559	0.383
0.899	1.0,0.899	-0.05
0.501	0.451,0.292	0.13
0.499	0.431,0.441	0.063
0.0	1.0,NA	-1.0
1.0	0.941,0.858	0.101
0.45	1.0,1.0	-0.55
0.0	0.073,0.397	-0.235
0.079	0.069,0.039	0.025
0.007	0.052,0.129	-0.083
0.629	0.0,NA	0.629
0.433	0.318,0.31	0.119
0.239	0.348,0.157	-0.014
0.0	0.0,0.021	-0.011
0.257	0.415,0.309	-0.105
0.744	0.681,0.365	0.221
0.486	0.509,0.546	-0.042
0.247	0.284,0.304	-0.047
0.511	0.521,0.557	-0.028
0.493	0.448,0.394	0.072
0.542	0.562,0.503	0.01
0.569	0.465,0.307	0.183
0.269	0.382,0.312	-0.078
0.427	0.37,0.362	0.061
0.0	0.29,0.0	-0.145
0.314	0.0,0.534	0.047
0.104	0.317,0.188	-0.149
0.504	0.0,0.0	0.504
0.0	0.081,0.178	-0.13
0.395	0.357,0.36	0.037
0.087	0.0,0.053	0.06
0.254	0.261,0.28	-0.017
0.27	0.349,0.303	-0.056
0.293	0.454,0.454	-0.161
0.742	0.74,0.94	-0.098
0.589	0.681,0.5	-0.002
0.599	0.652,0.691	-0.073
0.707	0.662,0.599	0.076
0.775	0.724,0.704	0.061
0.908	0.967,1.0	-0.076
0.908	1.0,1.0	-0.092
0.0	0.126,0.0	-0.063
1.0	0.954,0.583	0.232
0.522	0.363,0.26	0.211
0.592	0.528,0.567	0.044
0.585	0.531,0.548	0.045
0.567	0.603,0.57	-0.02
0.954	0.891,1.0	0.008
0.222	0.538,0.56	-0.327
0.0	0.784,0.921	-0.853
0.0	0.497,0.712	-0.605
0.728	0.707,0.88	-0.066
0.048	0.0,0.0	0.048
0.039	0.062,0.242	-0.113
0.457	0.263,0.318	0.167
0.456	0.281,0.914	-0.142
0.671	0.781,0.0	0.281
0.012	0.07,0.0	-0.023
0.341	0.187,0.19	0.153
0.693	0.582,0.735	0.034
0.307	0.323,0.373	-0.041
0.599	0.257,0.077	0.432
0.408	0.377,0.437	0.001
0.329	0.88,0.86	-0.541
0.0	0.478,0.478	-0.478
0.71	0.71,0.786	-0.038
0.0	0.367,0.0	-0.183
0.406	0.562,0.631	-0.191
0.276	0.319,0.303	-0.035
0.982	0.976,1.0	-0.006
0.935	0.947,0.91	0.007
0.44	0.57,0.574	-0.132
0.494	0.639,0.629	-0.14
0.82	0.85,0.846	-0.028
0.514	0.442,0.552	0.017
0.488	0.513,0.472	-0.005
0.623	0.689,0.568	-0.005
0.534	0.458,0.426	0.092
0.519	0.723,0.753	-0.219
0.691	0.169,0.0	0.606
1.0	1.0,0.976	0.012
0.498	0.497,0.524	-0.012
0.489	0.522,0.533	-0.039
0.551	0.586,0.665	-0.074
0.392	0.45,0.437	-0.051
0.356	0.457,0.621	-0.183
0.708	0.511,0.599	0.153
0.461	0.319,0.504	0.05
0.552	0.0,0.291	0.407
0.555	0.562,0.636	-0.044
0.421	0.419,0.421	0.001
0.956	0.978,0.889	0.022
0.488	0.419,0.471	0.043
0.042	0.016,0.1	-0.016
0.576	0.483,0.4	0.134
0.341	0.415,0.448	-0.09
0.679	0.493,0.719	0.073
0.976	0.964,0.972	0.008
0.449	0.502,0.479	-0.041
0.288	0.245,0.043	0.144
0.393	0.326,0.072	0.194
0.0	0.078,0.0	-0.039
0.263	0.242,0.284	0.0
0.457	0.482,0.494	-0.031
0.922	0.425,0.378	0.521
0.139	0.0,0.0	0.139
0.648	0.611,0.851	-0.083
0.491	0.394,0.407	0.091
0.487	0.0,0.0	0.487
0.618	0.0,NA	0.618
0.631	0.881,1.0	-0.309
0.892	0.643,1.0	0.071
1.0	0.841,0.841	0.159
0.641	0.568,0.457	0.129
0.499	0.55,0.654	-0.103
0.492	0.416,0.721	-0.077
0.749	0.824,0.933	-0.13
0.734	0.841,0.929	-0.151
0.244	0.27,0.216	0.001
0.646	0.65,0.806	-0.082
0.53	0.483,0.457	0.06
1.0	0.587,0.0	0.707
1.0	0.489,0.0	0.756
0.37	0.226,0.143	0.185
0.412	0.263,0.196	0.182
0.128	0.108,0.361	-0.106
0.829	0.485,0.874	0.149
0.881	0.591,0.912	0.129
0.593	1.0,1.0	-0.407
0.177	0.106,0.208	0.02
0.722	0.653,0.671	0.06
0.528	0.751,0.0	0.153
0.449	0.318,NA	0.131
0.436	0.483,0.381	0.004
0.099	0.162,0.096	-0.03
0.103	0.183,0.0	0.011
0.566	0.642,0.652	-0.081
0.0	0.0,1.0	-0.5
0.0	0.0,0.619	-0.309
0.6	0.243,0.0	0.478
0.764	0.706,1.0	-0.089
0.136	0.169,0.083	0.01
0.41	0.393,0.65	-0.112
1.0	1.0,0.973	0.014
0.453	0.693,0.735	-0.261
1.0	0.943,0.892	0.083
0.923	0.971,0.996	-0.06
0.812	0.893,0.857	-0.063
0.373	0.376,0.0	0.185
0.858	0.919,0.921	-0.062
0.229	0.198,0.0	0.13
0.121	0.068,0.0	0.087
0.047	0.021,0.0	0.036
0.042	0.0,0.0	0.042
0.651	0.551,0.551	0.1
0.823	0.777,0.709	0.08
0.921	0.924,0.943	-0.012
0.325	0.405,0.334	-0.045
0.266	0.349,0.091	0.046
0.378	0.575,0.448	-0.133
0.707	0.65,0.91	-0.073
0.605	0.652,0.794	-0.118
0.751	0.698,0.679	0.062
0.3	0.36,0.297	-0.029
0.427	0.464,0.462	-0.036
0.081	0.207,0.24	-0.142
0.0	1.0,0.583	-0.791
0.0	1.0,0.488	-0.744
0.552	0.414,0.431	0.13
0.187	0.238,0.0	0.068
0.444	0.356,0.348	0.092
0.924	0.963,0.936	-0.025
0.553	0.426,0.567	0.057
1.0	0.947,1.0	0.026
0.881	0.771,0.878	0.056
0.119	0.065,0.0	0.086
0.522	0.367,0.409	0.134
0.428	0.558,0.52	-0.111
1.0	0.986,1.0	0.007
0.258	0.312,0.54	-0.168
0.478	0.454,0.373	0.065
0.522	0.627,0.624	-0.103
0.302	0.41,0.446	-0.126
0.562	0.717,0.763	-0.178
1.0	0.881,1.0	0.059
1.0	0.902,1.0	0.049
0.0	0.093,0.107	-0.1
0.0	0.049,0.047	-0.048
0.383	0.595,0.546	-0.188
0.461	0.561,NA	-0.1
1.0	1.0,0.886	0.057
0.503	0.528,0.591	-0.056
1.0	0.0,0.369	0.816
1.0	NA,0.0	1.0
1.0	NA,0.0	1.0
0.201	0.0,0.0	0.201
1.0	0.0,0.0	1.0
0.0	NA,1.0	-1.0
0.0	0.0,0.269	-0.135
1.0	NA,0.0	1.0
0.249	0.0,0.0	0.249
1.0	0.0,0.0	1.0
0.0	0.0,0.38	-0.19
1.0	0.831,0.48	0.345
0.247	0.398,0.493	-0.199
0.162	0.171,0.172	-0.009
0.0	0.08,0.0	-0.04
0.342	0.292,0.271	0.061
0.952	0.881,0.451	0.286
0.03	0.038,0.087	-0.033
0.979	1.0,1.0	-0.021
0.96	1.0,1.0	-0.04
1.0	0.0,NA	1.0
1.0	0.0,NA	1.0
0.0	0.23,0.327	-0.279
0.664	0.614,0.55	0.082
0.744	0.715,0.53	0.121
0.898	0.899,0.786	0.055
0.417	0.387,0.368	0.039
0.347	0.338,0.36	-0.002
0.344	0.326,0.184	0.089
0.453	1.0,0.242	-0.168
0.499	0.0,0.443	0.277
0.501	0.0,0.445	0.278
0.944	1.0,1.0	-0.056
0.637	0.654,0.688	-0.034
0.419	0.318,0.329	0.095
0.474	0.486,0.431	0.015
0.623	0.635,0.634	-0.012
0.632	0.491,0.628	0.073
0.549	0.551,0.555	-0.004
0.455	0.246,0.267	0.199
0.602	0.469,0.377	0.179
0.943	0.881,0.827	0.089
0.403	0.351,0.251	0.102
0.531	0.528,0.424	0.055
0.392	0.307,0.309	0.084
1.0	0.977,1.0	0.012
1.0	0.873,0.761	0.183
0.059	0.24,0.175	-0.148
0.638	0.532,0.426	0.159
0.545	0.494,0.439	0.079
1.0	1.0,0.968	0.016
0.342	0.43,0.381	-0.063
0.671	0.269,0.643	0.215
0.471	0.385,0.362	0.097
0.41	0.321,0.336	0.081
0.081	0.0,0.0	0.081
0.542	0.73,1.0	-0.323
0.172	0.062,0.037	0.122
0.321	0.098,0.081	0.232
0.564	0.619,0.524	-0.008
0.929	0.792,0.449	0.308
0.392	0.367,0.649	-0.116
1.0	0.0,1.0	0.5
0.568	0.725,0.647	-0.118
0.422	0.562,0.425	-0.072
0.323	0.37,0.455	-0.089
0.219	0.0,0.0	0.219
0.333	0.149,0.356	0.081
0.483	0.145,0.332	0.244
1.0	0.593,0.7	0.354
0.866	0.348,0.749	0.318
0.564	0.129,0.752	0.123
0.0	0.049,0.058	-0.054
0.0	0.155,0.126	-0.141
0.0	0.092,0.565	-0.328
0.167	0.217,0.504	-0.193
0.444	0.0,0.0	0.444
0.0	0.615,0.24	-0.427
0.46	0.345,0.4	0.088
1.0	1.0,0.99	0.005
1.0	1.0,0.989	0.006
1.0	1.0,0.985	0.008
1.0	1.0,0.996	0.002
1.0	1.0,0.995	0.002
0.089	0.123,0.0	0.027
0.389	0.452,0.404	-0.039
0.479	0.535,0.429	-0.003
0.652	0.578,0.902	-0.088
0.491	0.589,0.598	-0.102
1.0	0.959,0.93	0.055
0.453	0.403,0.049	0.227
0.493	0.435,0.554	-0.002
0.489	0.503,0.394	0.04
0.234	0.172,0.251	0.023
0.318	1.0,0.583	-0.473
1.0	0.503,NA	0.497
0.577	0.497,0.479	0.089
0.598	0.678,0.426	0.046
0.659	0.557,0.566	0.098
0.645	0.732,0.598	-0.02
0.58	0.724,0.886	-0.225
0.216	0.219,0.188	0.012
0.503	0.421,0.366	0.11
0.366	0.26,0.228	0.122
0.904	0.786,0.795	0.114
0.456	0.527,0.6	-0.107
0.484	0.515,0.514	-0.03
0.29	0.403,0.412	-0.117
0.512	0.207,0.27	0.274
0.428	0.15,0.198	0.254
0.887	0.27,0.27	0.617
0.882	0.586,0.499	0.34
0.913	0.677,0.6	0.274
0.403	1.0,NA	-0.597
0.438	1.0,NA	-0.562
0.519	0.392,0.43	0.108
1.0	0.981,1.0	0.01
1.0	0.993,1.0	0.004
1.0	1.0,0.885	0.057
0.037	0.012,0.018	0.022
0.204	0.123,0.131	0.077
0.951	0.842,1.0	0.03
0.848	0.775,0.832	0.044
0.399	0.527,0.239	0.016
0.135	0.075,0.044	0.076
0.827	0.69,0.657	0.153
0.186	0.153,0.097	0.061
0.289	0.448,0.83	-0.35
0.346	0.203,0.285	0.102
0.473	0.277,0.431	0.119
0.361	0.139,0.195	0.194
0.651	0.584,0.54	0.089
0.01	0.003,0.006	0.005
0.048	0.06,0.044	-0.004
0.609	0.55,0.691	-0.012
0.739	0.73,0.467	0.14
0.519	0.485,0.409	0.072
0.542	0.48,0.576	0.014
0.597	0.121,0.0	0.536
0.409	1.0,0.609	-0.396
0.133	0.215,0.159	-0.054
0.167	0.334,0.0	0.0
0.0	0.332,0.185	-0.259
0.0	0.544,0.0	-0.272
0.0	0.05,0.0	-0.025
0.5	0.711,0.362	-0.036
0.702	0.62,0.708	0.038
0.0	0.0,0.275	-0.138
0.76	1.0,0.598	-0.039
0.53	0.481,0.686	-0.053
0.588	0.501,0.476	0.099
0.312	0.537,0.438	-0.176
0.524	0.502,0.529	0.008
0.134	0.04,0.133	0.048
0.224	0.204,0.244	0.0
0.071	0.07,0.058	0.007
0.749	0.777,0.732	-0.005
0.494	0.469,0.575	-0.028
0.879	0.884,0.863	0.006
0.601	0.611,0.61	-0.01
0.276	0.222,0.232	0.049
0.66	0.657,0.681	-0.009
0.348	0.451,0.535	-0.145
0.977	0.986,0.987	-0.009
0.268	0.382,0.472	-0.159
0.565	0.834,0.879	-0.292
0.612	0.367,0.292	0.282
0.466	0.469,0.443	0.01
0.362	0.284,0.333	0.053
1.0	0.299,NA	0.701
0.0	0.012,0.033	-0.022
0.0	0.018,0.04	-0.029
0.83	0.793,1.0	-0.067
0.449	0.739,0.777	-0.309
0.545	0.536,0.572	-0.009
0.475	0.386,0.253	0.155
0.178	0.0,0.0	0.178
0.421	0.438,0.284	0.06
0.624	0.631,0.414	0.102
0.571	0.542,0.688	-0.044
0.226	0.198,0.196	0.029
0.74	0.647,0.845	-0.006
0.567	0.433,0.456	0.122
0.479	0.524,0.509	-0.037
0.323	0.619,0.18	-0.076
0.019	0.119,0.052	-0.066
0.522	0.549,0.322	0.087
0.563	0.521,0.482	0.061
0.02	0.0,0.0	0.02
0.022	0.073,0.084	-0.057
