IncLevel1	IncLevel2	IncLevelDifference
0.0	0.161	-0.161
1.0	0.938	0.062
1.0	0.943	0.057
0.0	0.053	-0.053
0.0	0.017	-0.017
0.008	0.067	-0.059
0.686	0.45	0.236
0.012	0.026	-0.014
0.086	0.062	0.024
0.348	0.143	0.205
0.0	0.03	-0.03
1.0	0.214	0.786
1.0	0.029	0.971
0.333	0.163	0.17
0.117	0.206	-0.089
0.0	0.6	-0.6
1.0	0.0	1.0
0.714	0.632	0.082
0.467	0.542	-0.075
1.0	0.5	0.5
1.0	0.837	0.163
0.538	0.455	0.083
1.0	0.962	0.038
1.0	0.97	0.03
0.949	0.927	0.022
0.0	0.212	-0.212
0.699	0.867	-0.168
0.0	0.005	-0.005
0.556	1.0	-0.444
0.0	0.091	-0.091
0.2	0.023	0.177
1.0	0.615	0.385
0.008	0.009	-0.001
0.0	0.003	-0.003
0.0	0.013	-0.013
0.048	0.029	0.019
1.0	0.951	0.049
0.0	0.009	-0.009
1.0	0.047	0.953
0.0	0.003	-0.003
0.485	0.529	-0.044
0.043	0.0	0.043
0.75	1.0	-0.25
0.0	0.007	-0.007
0.049	0.029	0.02
0.0	0.016	-0.016
0.011	0.003	0.008
0.016	0.025	-0.009
0.2	0.061	0.139
1.0	0.029	0.971
0.067	0.018	0.049
0.0	0.071	-0.071
0.0	0.022	-0.022
0.0	0.062	-0.062
0.0	0.043	-0.043
0.0	0.217	-0.217
1.0	0.375	0.625
0.0	0.03	-0.03
0.0	0.055	-0.055
0.095	0.011	0.084
1.0	0.259	0.741
1.0	0.0	1.0
0.5	0.818	-0.318
0.0	0.028	-0.028
0.0	0.008	-0.008
0.0	0.076	-0.076
1.0	0.938	0.062
0.026	0.024	0.002
0.0	0.142	-0.142
0.0	0.088	-0.088
0.2	0.448	-0.248
0.048	0.008	0.04
1.0	0.805	0.195
0.167	0.2	-0.033
0.286	0.212	0.074
0.227	0.095	0.132
1.0	0.077	0.923
0.077	0.0	0.077
0.0	1.0	-1.0
0.0	1.0	-1.0
0.043	0.0	0.043
0.0	0.045	-0.045
1.0	0.011	0.989
0.06	0.0	0.06
0.003	0.012	-0.009
0.0	0.062	-0.062
0.0	0.009	-0.009
0.091	0.4	-0.309
0.0	0.014	-0.014
1.0	0.0	1.0
0.0	0.03	-0.03
0.0	0.005	-0.005
0.045	0.039	0.006
0.765	1.0	-0.235
0.038	0.13	-0.092
0.302	0.095	0.207
0.07	0.0	0.07
1.0	0.281	0.719
0.019	0.009	0.01
0.048	0.051	-0.003
1.0	0.8	0.2
0.006	0.013	-0.007
0.036	0.0	0.036
0.0	0.063	-0.063
0.043	0.059	-0.016
0.05	0.067	-0.017
0.0	0.2	-0.2
1.0	0.0	1.0
1.0	0.0	1.0
0.143	0.0	0.143
1.0	0.2	0.8
0.111	0.083	0.028
0.0	0.096	-0.096
0.281	0.26	0.021
0.333	0.556	-0.223
1.0	0.455	0.545
0.051	0.019	0.032
1.0	0.966	0.034
0.067	0.152	-0.085
0.157	0.052	0.105
0.031	0.0	0.031
0.03	0.167	-0.137
1.0	0.987	0.013
0.739	0.749	-0.01
0.005	0.054	-0.049
0.047	0.043	0.004
0.148	0.167	-0.019
0.046	0.0	0.046
0.2	0.088	0.112
0.0	0.034	-0.034
0.0	0.091	-0.091
1.0	0.601	0.399
0.429	0.333	0.096
0.429	0.051	0.378
0.262	0.095	0.167
0.0	0.022	-0.022
0.0	0.029	-0.029
0.077	0.083	-0.006
0.038	0.077	-0.039
0.437	0.237	0.2
0.429	0.481	-0.052
0.966	0.915	0.051
0.929	0.913	0.016
1.0	0.833	0.167
0.094	0.137	-0.043
0.0	0.25	-0.25
0.0	0.042	-0.042
0.0	0.014	-0.014
0.0	0.019	-0.019
0.0	0.043	-0.043
0.0	0.016	-0.016
0.01	0.005	0.005
0.0	0.026	-0.026
1.0	0.959	0.041
0.002	0.002	0.0
0.0	0.011	-0.011
0.0	0.25	-0.25
0.333	0.212	0.121
1.0	0.04	0.96
0.353	0.018	0.335
0.0	0.024	-0.024
0.836	1.0	-0.164
1.0	0.992	0.008
0.172	0.147	0.025
0.059	0.023	0.036
1.0	0.357	0.643
0.667	0.933	-0.266
0.0	0.167	-0.167
0.041	0.049	-0.008
1.0	0.235	0.765
0.771	1.0	-0.229
0.2	0.167	0.033
1.0	0.5	0.5
1.0	0.333	0.667
0.091	0.153	-0.062
0.0	0.154	-0.154
0.055	0.093	-0.038
0.0	0.045	-0.045
1.0	0.0	1.0
1.0	0.818	0.182
0.004	0.022	-0.018
0.0	0.039	-0.039
1.0	0.019	0.981
1.0	0.15	0.85
1.0	0.2	0.8
0.6	0.067	0.533
0.0	0.222	-0.222
0.0	0.077	-0.077
0.912	0.976	-0.064
0.0	0.007	-0.007
0.556	1.0	-0.444
0.0	0.011	-0.011
0.046	0.042	0.004
0.705	0.652	0.053
0.024	0.034	-0.01
0.125	0.055	0.07
0.0	0.016	-0.016
0.2	0.0	0.2
0.0	0.018	-0.018
0.0	0.016	-0.016
0.021	0.0	0.021
0.073	0.046	0.027
0.05	0.045	0.005
0.02	0.016	0.004
0.075	0.085	-0.01
0.052	0.035	0.017
0.026	0.0	0.026
0.164	0.5	-0.336
0.085	0.015	0.07
1.0	0.983	0.017
0.5	1.0	-0.5
0.014	0.019	-0.005
0.152	0.028	0.124
0.103	0.1	0.003
0.4	0.1	0.3
0.111	0.029	0.082
0.068	0.099	-0.031
0.0	0.189	-0.189
0.125	0.053	0.072
0.273	0.027	0.246
0.636	0.333	0.303
0.067	0.0	0.067
0.0	0.016	-0.016
0.0	0.018	-0.018
0.0	0.097	-0.097
0.097	0.102	-0.005
0.007	0.026	-0.019
0.771	0.796	-0.025
1.0	0.923	0.077
1.0	0.281	0.719
1.0	0.733	0.267
0.4	0.143	0.257
0.644	1.0	-0.356
1.0	0.139	0.861
0.333	0.122	0.211
0.0	0.012	-0.012
0.13	0.067	0.063
1.0	0.75	0.25
1.0	0.692	0.308
0.04	0.107	-0.067
1.0	0.857	0.143
0.076	0.043	0.033
0.133	0.094	0.039
1.0	0.077	0.923
0.0	0.047	-0.047
0.333	0.0	0.333
0.926	1.0	-0.074
1.0	0.946	0.054
1.0	0.091	0.909
0.0	0.011	-0.011
0.842	0.963	-0.121
0.087	0.055	0.032
0.0	0.056	-0.056
1.0	0.991	0.009
0.2	0.008	0.192
0.131	0.132	-0.001
0.0	0.072	-0.072
1.0	0.203	0.797
1.0	0.786	0.214
0.196	0.157	0.039
0.0	0.055	-0.055
0.037	0.0	0.037
0.0	0.058	-0.058
0.046	0.0	0.046
0.0	0.083	-0.083
0.047	0.074	-0.027
0.556	0.029	0.527
1.0	0.756	0.244
1.0	0.977	0.023
0.0	0.023	-0.023
0.0	0.175	-0.175
0.015	0.014	0.001
0.177	0.167	0.01
0.0	0.069	-0.069
1.0	0.933	0.067
0.762	0.088	0.674
0.091	0.03	0.061
0.806	0.226	0.58
1.0	0.818	0.182
0.029	0.008	0.021
1.0	0.378	0.622
0.048	0.008	0.04
0.029	0.01	0.019
0.067	0.061	0.006
0.0	0.042	-0.042
0.0	0.015	-0.015
0.0	0.084	-0.084
0.143	0.091	0.052
0.018	0.03	-0.012
0.0	0.081	-0.081
1.0	0.895	0.105
1.0	0.5	0.5
0.0	0.208	-0.208
0.083	0.183	-0.1
1.0	0.977	0.023
0.0	0.107	-0.107
0.0	0.455	-0.455
1.0	0.0	1.0
0.943	0.824	0.119
0.0	0.026	-0.026
1.0	0.25	0.75
0.027	0.0	0.027
0.181	0.28	-0.099
0.079	0.031	0.048
1.0	0.944	0.056
0.0	0.192	-0.192
0.067	0.0	0.067
0.778	1.0	-0.222
0.0	0.2	-0.2
0.846	0.647	0.199
1.0	0.535	0.465
0.0	0.887	-0.887
0.434	0.129	0.305
0.826	1.0	-0.174
0.02	0.037	-0.017
0.826	1.0	-0.174
0.0	0.474	-0.474
0.0	0.056	-0.056
0.0	0.146	-0.146
0.163	0.0	0.163
0.013	0.0	0.013
0.041	0.023	0.018
0.037	0.02	0.017
0.333	0.004	0.329
0.027	0.025	0.002
0.022	0.01	0.012
0.025	0.055	-0.03
0.013	0.027	-0.014
0.023	0.015	0.008
0.999	1.0	-0.001
0.012	0.006	0.006
1.0	0.362	0.638
0.786	0.043	0.743
0.006	0.0	0.006
0.183	0.018	0.165
0.021	0.026	-0.005
0.102	0.033	0.069
0.0	0.049	-0.049
1.0	0.2	0.8
0.0	0.002	-0.002
0.011	0.0	0.011
0.0	0.006	-0.006
0.111	0.0	0.111
0.006	0.019	-0.013
0.049	0.021	0.028
0.0	1.0	-1.0
0.062	0.121	-0.059
0.957	1.0	-0.043
0.832	0.842	-0.01
0.017	0.014	0.003
0.047	0.022	0.025
0.0	0.032	-0.032
0.0	0.046	-0.046
0.077	0.033	0.044
0.0	0.048	-0.048
0.871	1.0	-0.129
0.302	0.236	0.066
0.087	0.045	0.042
0.965	0.989	-0.024
0.048	0.02	0.028
0.177	0.181	-0.004
0.212	0.222	-0.01
0.722	0.892	-0.17
0.429	0.286	0.143
0.0	0.079	-0.079
0.143	0.06	0.083
0.196	0.093	0.103
0.119	0.087	0.032
0.158	0.111	0.047
0.0	0.212	-0.212
0.321	0.434	-0.113
0.2	0.1	0.1
0.6	0.6	0.0
0.172	0.216	-0.044
0.195	0.373	-0.178
0.879	1.0	-0.121
0.979	1.0	-0.021
0.148	0.048	0.1
0.12	0.021	0.099
0.007	0.009	-0.002
0.0	0.026	-0.026
0.017	0.0	0.017
0.11	0.246	-0.136
0.769	0.754	0.015
1.0	0.976	0.024
0.62	0.032	0.588
0.029	0.053	-0.024
0.873	1.0	-0.127
0.034	0.05	-0.016
0.053	0.053	0.0
0.064	0.058	0.006
0.333	0.32	0.013
0.025	0.04	-0.015
0.023	0.022	0.001
0.011	0.013	-0.002
0.09	0.04	0.05
0.724	0.769	-0.045
0.858	0.899	-0.041
0.2	0.227	-0.027
1.0	0.298	0.702
0.093	0.015	0.078
0.023	0.132	-0.109
0.077	0.091	-0.014
0.333	0.0	0.333
0.923	0.846	0.077
0.292	0.067	0.225
0.2	0.067	0.133
1.0	0.657	0.343
0.965	0.929	0.036
1.0	0.808	0.192
1.0	0.846	0.154
0.0	0.058	-0.058
0.333	0.059	0.274
0.007	0.013	-0.006
0.2	0.0	0.2
0.2	0.0	0.2
0.018	0.0	0.018
0.031	0.021	0.01
1.0	0.857	0.143
0.5	0.714	-0.214
0.164	0.283	-0.119
0.096	0.048	0.048
1.0	0.5	0.5
0.042	0.038	0.004
0.9	0.6	0.3
0.052	0.014	0.038
0.037	0.042	-0.005
0.075	0.133	-0.058
0.333	0.091	0.242
0.0	0.031	-0.031
0.0	0.014	-0.014
1.0	0.556	0.444
0.839	0.824	0.015
0.158	0.012	0.146
0.056	0.017	0.039
0.024	0.038	-0.014
1.0	0.965	0.035
0.84	1.0	-0.16
0.0	0.1	-0.1
0.2	0.467	-0.267
0.163	0.263	-0.1
0.833	1.0	-0.167
0.158	0.099	0.059
0.2	0.263	-0.063
0.068	0.078	-0.01
0.044	0.015	0.029
0.041	0.042	-0.001
0.36	0.0	0.36
0.226	0.0	0.226
0.422	0.146	0.276
0.197	0.359	-0.162
0.268	0.058	0.21
0.0	0.033	-0.033
1.0	0.667	0.333
1.0	0.018	0.982
0.011	0.1	-0.089
0.126	0.256	-0.13
0.077	1.0	-0.923
0.028	0.019	0.009
0.027	0.057	-0.03
0.0	1.0	-1.0
0.0	0.076	-0.076
0.333	0.289	0.044
1.0	0.355	0.645
0.733	0.855	-0.122
0.0	0.009	-0.009
1.0	0.636	0.364
1.0	0.778	0.222
0.0	0.871	-0.871
0.238	0.163	0.075
0.054	0.107	-0.053
0.363	0.221	0.142
0.047	0.075	-0.028
1.0	0.2	0.8
0.703	0.292	0.411
0.915	0.684	0.231
0.952	0.877	0.075
0.165	0.015	0.15
0.52	0.351	0.169
0.046	0.034	0.012
0.117	0.008	0.109
0.955	0.987	-0.032
0.68	0.655	0.025
0.099	0.081	0.018
0.0	0.038	-0.038
1.0	0.148	0.852
0.238	0.01	0.228
0.996	1.0	-0.004
1.0	0.864	0.136
0.667	0.008	0.659
1.0	0.999	0.001
1.0	0.25	0.75
0.364	0.051	0.313
0.515	0.175	0.34
0.937	1.0	-0.063
0.359	0.114	0.245
0.0	0.015	-0.015
0.103	0.186	-0.083
0.016	0.04	-0.024
0.972	1.0	-0.028
0.0	0.062	-0.062
1.0	1.0	0.0
0.011	0.01	0.001
0.333	0.178	0.155
0.455	0.243	0.212
1.0	0.512	0.488
0.288	0.291	-0.003
0.373	0.591	-0.218
1.0	0.963	0.037
1.0	0.982	0.018
0.133	0.263	-0.13
0.059	0.163	-0.104
0.0	0.125	-0.125
0.0	0.087	-0.087
0.0	0.056	-0.056
0.555	0.932	-0.377
0.0	0.095	-0.095
1.0	0.806	0.194
0.56	0.538	0.022
0.333	0.102	0.231
0.92	0.571	0.349
0.0	0.333	-0.333
0.0	0.091	-0.091
1.0	0.048	0.952
0.0	0.007	-0.007
0.288	0.156	0.132
1.0	0.967	0.033
0.238	0.054	0.184
0.765	0.818	-0.053
0.081	0.067	0.014
0.0	0.045	-0.045
1.0	0.846	0.154
1.0	0.0	1.0
0.538	0.4	0.138
0.176	0.04	0.136
0.021	0.172	-0.151
0.0	0.066	-0.066
0.069	0.225	-0.156
0.812	0.538	0.274
0.071	0.024	0.047
0.174	0.051	0.123
0.885	1.0	-0.115
0.924	0.971	-0.047
0.013	0.019	-0.006
0.119	0.107	0.012
0.0	0.143	-0.143
0.021	0.01	0.011
0.003	0.027	-0.024
0.254	1.0	-0.746
0.0	0.088	-0.088
0.627	0.416	0.211
0.893	0.939	-0.046
0.071	0.135	-0.064
0.5	0.778	-0.278
0.375	0.059	0.316
0.0	0.068	-0.068
0.138	0.0	0.138
0.069	0.059	0.01
0.05	0.0	0.05
0.079	0.111	-0.032
0.0	0.023	-0.023
0.231	0.12	0.111
0.135	0.062	0.073
1.0	0.948	0.052
0.137	0.0	0.137
0.333	0.124	0.209
1.0	0.027	0.973
1.0	0.091	0.909
0.897	0.52	0.377
0.827	0.692	0.135
0.042	0.006	0.036
0.647	0.773	-0.126
0.011	0.005	0.006
0.007	0.006	0.001
0.933	0.943	-0.01
0.033	0.02	0.013
0.986	0.99	-0.004
0.28	0.0	0.28
0.0	0.074	-0.074
0.0	0.032	-0.032
0.095	0.167	-0.072
0.014	0.0	0.014
0.0	0.019	-0.019
0.0	0.091	-0.091
1.0	0.982	0.018
0.169	0.14	0.029
0.304	0.663	-0.359
0.0	0.4	-0.4
0.091	0.0	0.091
0.333	0.0	0.333
0.019	0.039	-0.02
0.059	0.016	0.043
0.026	0.005	0.021
0.996	0.967	0.029
0.992	0.998	-0.006
0.021	0.006	0.015
0.005	0.031	-0.026
0.009	0.015	-0.006
0.073	0.0	0.073
0.068	0.0	0.068
0.139	0.215	-0.076
1.0	0.815	0.185
0.383	0.395	-0.012
0.91	1.0	-0.09
0.537	0.379	0.158
0.156	0.048	0.108
0.273	0.086	0.187
0.227	0.139	0.088
0.947	1.0	-0.053
0.016	0.054	-0.038
0.913	1.0	-0.087
1.0	0.872	0.128
0.0	0.025	-0.025
0.473	0.019	0.454
1.0	0.854	0.146
0.052	0.056	-0.004
0.054	0.102	-0.048
0.13	0.333	-0.203
0.062	0.018	0.044
0.973	0.907	0.066
0.008	0.004	0.004
0.059	0.016	0.043
0.033	0.053	-0.02
0.012	0.007	0.005
0.086	0.034	0.052
0.981	1.0	-0.019
0.222	0.062	0.16
0.0	0.037	-0.037
0.485	0.329	0.156
1.0	0.072	0.928
0.933	0.964	-0.031
0.119	0.264	-0.145
1.0	0.308	0.692
0.216	0.285	-0.069
0.067	0.011	0.056
0.832	0.4	0.432
0.076	0.005	0.071
0.835	0.333	0.502
0.051	0.026	0.025
0.804	0.543	0.261
0.92	0.88	0.04
0.939	0.818	0.121
1.0	0.938	0.062
0.062	0.016	0.046
0.506	0.29	0.216
0.924	0.974	-0.05
0.6	0.0	0.6
0.02	0.11	-0.09
0.131	0.31	-0.179
0.407	0.528	-0.121
1.0	0.81	0.19
0.247	0.0	0.247
0.231	0.034	0.197
0.158	0.143	0.015
0.009	0.025	-0.016
0.018	0.015	0.003
0.011	0.009	0.002
0.0	0.198	-0.198
0.998	1.0	-0.002
0.806	1.0	-0.194
0.016	0.022	-0.006
0.04	0.059	-0.019
0.44	0.0	0.44
1.0	0.978	0.022
0.017	0.013	0.004
0.007	0.014	-0.007
0.965	0.938	0.027
0.039	0.014	0.025
1.0	0.985	0.015
0.981	1.0	-0.019
0.091	0.049	0.042
0.156	0.247	-0.091
0.153	0.182	-0.029
0.005	0.013	-0.008
0.035	0.019	0.016
0.195	0.115	0.08
0.029	0.035	-0.006
0.064	0.06	0.004
0.007	0.007	0.0
0.022	0.016	0.006
1.0	0.2	0.8
0.145	0.201	-0.056
0.171	0.335	-0.164
0.881	0.912	-0.031
0.057	0.028	0.029
0.0	0.032	-0.032
0.963	0.867	0.096
0.0	0.102	-0.102
1.0	0.971	0.029
1.0	0.592	0.408
1.0	0.051	0.949
1.0	0.027	0.973
0.042	0.1	-0.058
1.0	0.2	0.8
0.0	0.091	-0.091
0.007	0.017	-0.01
0.333	0.03	0.303
0.0	0.274	-0.274
0.065	0.099	-0.034
1.0	0.778	0.222
0.091	0.087	0.004
1.0	0.857	0.143
1.0	0.769	0.231
1.0	0.852	0.148
1.0	0.929	0.071
1.0	0.926	0.074
1.0	0.0	1.0
1.0	0.937	0.063
1.0	0.314	0.686
1.0	0.938	0.062
0.133	0.412	-0.279
0.013	0.046	-0.033
0.249	0.248	0.001
0.227	0.083	0.144
0.001	0.0	0.001
0.143	0.028	0.115
0.0	0.011	-0.011
0.273	0.077	0.196
0.194	0.094	0.1
0.0	0.016	-0.016
0.0	0.031	-0.031
0.0	0.033	-0.033
0.278	0.165	0.113
0.034	0.189	-0.155
0.068	0.122	-0.054
0.167	0.073	0.094
0.987	1.0	-0.013
0.0	0.048	-0.048
1.0	0.978	0.022
0.0	0.025	-0.025
0.847	1.0	-0.153
0.0	0.068	-0.068
0.333	0.333	0.0
0.006	0.048	-0.042
1.0	0.563	0.437
0.096	0.017	0.079
0.012	0.022	-0.01
0.057	0.016	0.041
0.0	0.018	-0.018
0.141	0.15	-0.009
0.938	0.903	0.035
0.946	1.0	-0.054
0.056	0.085	-0.029
0.053	0.022	0.031
1.0	0.778	0.222
0.024	0.022	0.002
0.003	0.003	0.0
0.26	0.224	0.036
0.019	0.036	-0.017
0.857	0.9	-0.043
0.0	0.051	-0.051
0.058	0.041	0.017
0.016	0.024	-0.008
0.96	0.943	0.017
0.283	0.122	0.161
0.038	0.041	-0.003
0.971	1.0	-0.029
0.05	0.102	-0.052
0.173	0.086	0.087
0.42	0.168	0.252
0.932	0.673	0.259
1.0	0.611	0.389
0.04	0.021	0.019
0.993	0.887	0.106
1.0	0.0	1.0
0.0	0.143	-0.143
0.545	0.646	-0.101
0.705	0.76	-0.055
0.008	0.009	-0.001
0.051	0.067	-0.016
0.055	0.06	-0.005
0.986	1.0	-0.014
0.04	0.02	0.02
0.025	0.026	-0.001
0.012	0.016	-0.004
1.0	0.667	0.333
0.024	0.02	0.004
0.977	1.0	-0.023
0.057	0.048	0.009
0.0	0.011	-0.011
0.008	0.017	-0.009
0.008	0.008	0.0
0.273	1.0	-0.727
0.647	0.714	-0.067
0.036	0.051	-0.015
0.233	0.189	0.044
0.46	0.806	-0.346
0.154	0.194	-0.04
0.0	0.051	-0.051
0.019	0.0	0.019
0.0	0.333	-0.333
0.818	1.0	-0.182
0.282	0.267	0.015
0.194	0.022	0.172
0.082	0.055	0.027
0.008	0.003	0.005
0.035	0.012	0.023
0.005	0.001	0.004
0.018	0.011	0.007
0.998	1.0	-0.002
0.004	0.002	0.002
0.997	1.0	-0.003
0.071	0.0	0.071
0.095	0.074	0.021
0.061	0.0	0.061
0.04	0.054	-0.014
0.053	0.04	0.013
0.028	0.0	0.028
0.074	0.031	0.043
0.015	0.03	-0.015
0.032	0.038	-0.006
0.962	1.0	-0.038
0.018	0.014	0.004
0.125	0.004	0.121
1.0	0.959	0.041
0.0	0.062	-0.062
1.0	0.948	0.052
0.0	0.034	-0.034
0.0	0.002	-0.002
0.0	0.019	-0.019
0.224	0.366	-0.142
0.0	0.046	-0.046
0.943	0.714	0.229
0.558	0.578	-0.02
0.023	0.0	0.023
0.009	0.078	-0.069
0.828	0.774	0.054
0.02	0.017	0.003
0.0	0.011	-0.011
0.0	0.016	-0.016
0.2	0.05	0.15
0.146	0.071	0.075
0.222	0.219	0.003
0.135	0.024	0.111
0.0	0.017	-0.017
0.03	0.009	0.021
0.049	0.009	0.04
0.023	0.018	0.005
0.02	0.026	-0.006
0.013	0.005	0.008
0.039	0.023	0.016
1.0	0.353	0.647
0.023	0.011	0.012
0.016	0.014	0.002
0.909	0.615	0.294
0.708	0.518	0.19
0.337	0.234	0.103
0.047	0.064	-0.017
0.86	0.986	-0.126
0.25	0.238	0.012
0.132	0.232	-0.1
1.0	0.99	0.01
0.9	1.0	-0.1
0.047	0.029	0.018
0.534	0.59	-0.056
0.852	0.957	-0.105
0.838	0.86	-0.022
0.849	0.902	-0.053
0.082	0.058	0.024
0.058	0.03	0.028
0.094	0.134	-0.04
0.006	0.018	-0.012
0.032	0.034	-0.002
0.017	0.024	-0.007
0.005	0.018	-0.013
0.011	0.032	-0.021
0.002	0.007	-0.005
0.054	0.029	0.025
0.108	0.14	-0.032
0.225	0.307	-0.082
0.068	0.023	0.045
0.5	0.056	0.444
0.143	0.03	0.113
0.222	0.048	0.174
0.778	1.0	-0.222
0.105	0.248	-0.143
0.0	0.042	-0.042
0.009	0.003	0.006
0.032	0.033	-0.001
0.146	0.184	-0.038
1.0	0.0	1.0
0.373	0.333	0.04
0.138	0.212	-0.074
0.03	0.003	0.027
0.006	0.022	-0.016
0.038	0.003	0.035
0.222	0.111	0.111
0.037	0.032	0.005
0.195	0.168	0.027
0.326	0.248	0.078
0.044	0.026	0.018
0.041	0.027	0.014
0.0	0.014	-0.014
0.0	0.011	-0.011
0.067	0.024	0.043
0.021	0.039	-0.018
0.0	0.109	-0.109
0.0	0.026	-0.026
0.014	0.01	0.004
1.0	0.0	1.0
0.046	0.366	-0.32
0.062	0.043	0.019
0.133	0.3	-0.167
0.022	0.037	-0.015
1.0	0.333	0.667
0.027	0.034	-0.007
1.0	0.812	0.188
1.0	0.895	0.105
1.0	0.207	0.793
1.0	0.381	0.619
0.023	0.006	0.017
0.529	0.026	0.503
0.3	0.018	0.282
0.054	0.007	0.047
0.027	0.029	-0.002
0.827	0.771	0.056
0.005	0.015	-0.01
0.931	0.951	-0.02
0.25	0.2	0.05
0.846	1.0	-0.154
1.0	0.76	0.24
1.0	0.333	0.667
0.111	0.064	0.047
0.034	0.039	-0.005
0.195	0.562	-0.367
0.429	0.3	0.129
0.012	0.015	-0.003
1.0	0.375	0.625
0.064	0.096	-0.032
0.103	0.196	-0.093
0.356	0.223	0.133
0.015	0.024	-0.009
0.009	0.01	-0.001
0.946	0.526	0.42
1.0	0.036	0.964
0.143	0.008	0.135
0.2	1.0	-0.8
1.0	0.838	0.162
0.937	1.0	-0.063
0.293	0.189	0.104
0.0	0.053	-0.053
0.0	1.0	-1.0
0.0	0.03	-0.03
0.111	0.036	0.075
0.998	1.0	-0.002
0.385	1.0	-0.615
0.992	0.988	0.004
1.0	0.992	0.008
0.16	0.285	-0.125
0.964	0.989	-0.025
0.988	0.977	0.011
1.0	0.995	0.005
0.126	0.113	0.013
0.044	0.036	0.008
0.078	0.019	0.059
0.056	0.023	0.033
1.0	0.875	0.125
0.062	0.025	0.037
0.0	0.037	-0.037
1.0	0.805	0.195
1.0	0.059	0.941
0.0	0.04	-0.04
0.57	0.071	0.499
0.244	0.315	-0.071
0.0	0.014	-0.014
0.915	0.929	-0.014
0.111	0.051	0.06
1.0	0.2	0.8
0.1	0.1	0.0
0.1	0.118	-0.018
1.0	0.235	0.765
0.789	0.478	0.311
0.165	0.21	-0.045
0.0	0.114	-0.114
0.075	0.109	-0.034
1.0	0.904	0.096
0.164	0.0	0.164
0.0	0.02	-0.02
0.067	0.0	0.067
0.143	0.0	0.143
0.038	0.018	0.02
1.0	0.0	1.0
0.192	0.16	0.032
0.0	0.079	-0.079
0.0	0.025	-0.025
1.0	0.977	0.023
0.0	0.046	-0.046
0.579	0.22	0.359
0.12	0.047	0.073
0.182	0.25	-0.068
0.072	0.071	0.001
0.026	0.018	0.008
0.023	0.034	-0.011
0.081	0.128	-0.047
0.036	0.039	-0.003
0.119	0.158	-0.039
0.038	0.02	0.018
1.0	0.917	0.083
0.12	0.103	0.017
0.009	0.02	-0.011
1.0	0.84	0.16
0.206	0.076	0.13
0.03	0.02	0.01
0.818	0.429	0.389
0.138	0.019	0.119
0.889	0.837	0.052
0.688	0.357	0.331
0.267	0.064	0.203
0.0	0.109	-0.109
0.0	0.045	-0.045
0.057	0.195	-0.138
0.109	0.372	-0.263
0.0	0.019	-0.019
0.69	0.875	-0.185
0.036	0.053	-0.017
0.044	0.032	0.012
0.0	0.202	-0.202
0.038	0.018	0.02
0.826	0.905	-0.079
0.052	0.009	0.043
0.0	0.015	-0.015
0.047	0.021	0.026
0.027	0.011	0.016
0.02	0.072	-0.052
0.023	0.034	-0.011
1.0	0.939	0.061
0.963	0.951	0.012
0.0	0.057	-0.057
0.6	1.0	-0.4
1.0	0.974	0.026
1.0	0.685	0.315
0.908	0.988	-0.08
0.096	0.077	0.019
0.0	0.031	-0.031
1.0	0.875	0.125
0.0	0.024	-0.024
0.174	0.188	-0.014
0.318	0.333	-0.015
0.056	0.037	0.019
0.081	0.175	-0.094
0.262	0.154	0.108
0.119	0.261	-0.142
0.099	0.08	0.019
0.049	0.072	-0.023
0.188	0.185	0.003
0.178	0.109	0.069
0.071	0.0	0.071
0.552	0.1	0.452
0.5	0.333	0.167
0.028	0.024	0.004
0.014	0.091	-0.077
0.006	0.058	-0.052
0.038	0.055	-0.017
0.213	0.0	0.213
0.0	0.231	-0.231
0.5	0.2	0.3
0.011	0.036	-0.025
0.065	0.11	-0.045
0.205	0.052	0.153
0.332	0.0	0.332
0.0	0.333	-0.333
0.017	0.015	0.002
0.0	0.035	-0.035
0.895	0.048	0.847
0.411	0.25	0.161
1.0	0.988	0.012
0.833	1.0	-0.167
0.068	0.031	0.037
1.0	0.954	0.046
0.049	0.038	0.011
0.0	0.6	-0.6
0.1	0.076	0.024
0.085	0.254	-0.169
0.019	0.0	0.019
1.0	0.964	0.036
1.0	0.982	0.018
0.0	0.071	-0.071
0.026	0.011	0.015
0.19	0.19	0.0
0.187	0.103	0.084
0.0	0.094	-0.094
0.0	0.079	-0.079
0.0	0.273	-0.273
0.0	0.026	-0.026
0.333	0.011	0.322
0.0	0.111	-0.111
1.0	0.965	0.035
1.0	0.705	0.295
0.0	0.075	-0.075
0.385	0.933	-0.548
0.1	0.158	-0.058
0.935	1.0	-0.065
0.091	0.692	-0.601
1.0	0.982	0.018
0.68	0.725	-0.045
1.0	0.953	0.047
0.0	0.015	-0.015
0.044	0.212	-0.168
0.132	0.091	0.041
1.0	0.988	0.012
0.333	0.0	0.333
0.042	0.0	0.042
0.0	0.371	-0.371
0.039	0.03	0.009
0.926	0.95	-0.024
0.052	0.008	0.044
0.019	0.0	0.019
0.12	0.064	0.056
0.733	0.714	0.019
1.0	0.593	0.407
0.023	0.025	-0.002
0.0	1.0	-1.0
0.126	0.109	0.017
0.176	0.6	-0.424
0.208	0.032	0.176
0.065	0.01	0.055
0.02	0.126	-0.106
1.0	0.333	0.667
1.0	0.524	0.476
0.016	0.016	0.0
1.0	0.84	0.16
0.64	0.317	0.323
0.238	0.09	0.148
0.02	0.063	-0.043
0.0	0.118	-0.118
0.0	0.028	-0.028
0.054	0.057	-0.003
0.037	0.02	0.017
0.031	0.016	0.015
1.0	0.221	0.779
0.008	0.07	-0.062
0.667	0.667	0.0
0.108	0.043	0.065
0.336	0.0	0.336
1.0	0.183	0.817
0.0	0.107	-0.107
0.165	0.072	0.093
0.442	0.316	0.126
0.143	0.211	-0.068
0.75	1.0	-0.25
1.0	0.75	0.25
0.053	0.058	-0.005
0.059	0.032	0.027
0.5	0.25	0.25
0.778	1.0	-0.222
0.653	0.662	-0.009
0.058	0.013	0.045
0.981	0.996	-0.015
0.0	0.063	-0.063
1.0	0.482	0.518
0.0	0.057	-0.057
0.04	0.059	-0.019
0.113	0.076	0.037
1.0	0.0	1.0
0.333	0.333	0.0
0.0	0.357	-0.357
0.0	0.072	-0.072
0.0	0.12	-0.12
1.0	0.965	0.035
0.001	0.005	-0.004
1.0	0.991	0.009
0.925	0.833	0.092
0.917	0.974	-0.057
0.111	0.231	-0.12
0.118	0.0	0.118
0.148	0.118	0.03
0.064	0.0	0.064
0.077	0.0	0.077
0.2	0.208	-0.008
1.0	0.659	0.341
1.0	0.864	0.136
0.0	0.029	-0.029
0.0	0.04	-0.04
0.0	0.273	-0.273
0.0	0.066	-0.066
1.0	0.129	0.871
1.0	0.5	0.5
0.0	0.111	-0.111
0.2	0.429	-0.229
0.25	0.882	-0.632
0.538	0.5	0.038
0.613	0.527	0.086
0.045	0.035	0.01
0.035	0.077	-0.042
0.009	0.018	-0.009
0.854	1.0	-0.146
0.333	0.333	0.0
0.25	1.0	-0.75
0.988	1.0	-0.012
0.988	1.0	-0.012
0.0	0.043	-0.043
0.263	0.08	0.183
1.0	0.619	0.381
0.2	0.0	0.2
0.0	0.021	-0.021
0.051	0.091	-0.04
0.556	0.211	0.345
0.2	0.0	0.2
0.333	0.103	0.23
0.217	0.12	0.097
0.774	0.467	0.307
0.143	0.078	0.065
0.0	0.035	-0.035
0.294	0.031	0.263
0.99	1.0	-0.01
0.057	0.159	-0.102
1.0	0.978	0.022
0.977	0.882	0.095
0.993	1.0	-0.007
0.921	0.732	0.189
0.494	0.607	-0.113
1.0	0.143	0.857
1.0	0.993	0.007
1.0	0.75	0.25
0.15	0.042	0.108
0.062	0.105	-0.043
0.0	0.066	-0.066
0.0	0.029	-0.029
0.0	1.0	-1.0
1.0	0.818	0.182
0.997	1.0	-0.003
0.333	0.12	0.213
0.069	0.007	0.062
0.013	0.012	0.001
0.933	1.0	-0.067
0.127	0.024	0.103
0.788	0.65	0.138
0.028	0.009	0.019
0.041	0.055	-0.014
0.0	0.056	-0.056
0.862	1.0	-0.138
0.031	0.014	0.017
0.0	0.278	-0.278
1.0	0.8	0.2
0.0	0.059	-0.059
0.0	0.021	-0.021
0.0	0.025	-0.025
0.018	0.022	-0.004
1.0	0.0	1.0
0.0	0.032	-0.032
0.084	0.176	-0.092
0.289	0.309	-0.02
0.0	0.007	-0.007
0.012	0.003	0.009
0.0	0.152	-0.152
0.576	0.5	0.076
0.045	0.01	0.035
0.333	0.0	0.333
0.039	0.026	0.013
0.988	1.0	-0.012
0.365	0.294	0.071
0.218	0.429	-0.211
1.0	0.2	0.8
1.0	0.8	0.2
0.0	0.133	-0.133
0.065	0.104	-0.039
0.054	0.125	-0.071
0.524	0.667	-0.143
0.339	1.0	-0.661
0.654	0.176	0.478
0.091	0.125	-0.034
1.0	0.995	0.005
0.8	1.0	-0.2
0.025	0.036	-0.011
0.778	0.574	0.204
0.73	0.286	0.444
0.333	0.056	0.277
0.93	1.0	-0.07
0.714	0.4	0.314
0.574	0.667	-0.093
0.28	0.235	0.045
1.0	0.538	0.462
0.216	0.189	0.027
1.0	0.368	0.632
0.048	0.112	-0.064
0.037	0.096	-0.059
0.0	0.022	-0.022
0.176	0.055	0.121
0.0	0.231	-0.231
0.0	0.024	-0.024
0.143	0.214	-0.071
0.887	0.882	0.005
1.0	0.938	0.062
0.059	0.02	0.039
0.63	1.0	-0.37
0.061	0.046	0.015
0.923	1.0	-0.077
0.038	0.055	-0.017
0.0	0.106	-0.106
0.645	0.558	0.087
0.0	0.959	-0.959
0.492	0.377	0.115
0.699	0.7	-0.001
1.0	0.896	0.104
0.143	0.0	0.143
0.035	0.052	-0.017
0.372	0.317	0.055
1.0	0.039	0.961
0.966	0.983	-0.017
0.106	0.104	0.002
0.0	0.085	-0.085
0.19	0.2	-0.01
0.833	1.0	-0.167
0.6	0.778	-0.178
0.429	0.846	-0.417
0.0	0.333	-0.333
0.0	0.153	-0.153
0.333	0.067	0.266
1.0	0.111	0.889
1.0	0.057	0.943
0.2	0.046	0.154
0.0	0.259	-0.259
0.031	0.012	0.019
0.083	0.121	-0.038
0.077	0.663	-0.586
0.056	0.69	-0.634
0.0	0.254	-0.254
0.766	0.824	-0.058
0.0	0.004	-0.004
0.077	0.37	-0.293
0.039	0.037	0.002
0.05	0.031	0.019
0.273	0.161	0.112
0.085	0.017	0.068
0.054	0.096	-0.042
1.0	1.0	0.0
0.009	0.007	0.002
0.954	0.969	-0.015
1.0	0.995	0.005
0.0	0.018	-0.018
0.091	0.033	0.058
0.051	0.012	0.039
0.932	0.936	-0.004
0.273	0.193	0.08
0.973	0.929	0.044
0.987	0.982	0.005
0.821	1.0	-0.179
0.0	0.214	-0.214
0.071	0.0	0.071
0.982	1.0	-0.018
0.022	0.01	0.012
1.0	0.997	0.003
0.2	0.043	0.157
0.171	0.176	-0.005
0.2	0.456	-0.256
0.999	1.0	-0.001
0.989	1.0	-0.011
0.007	0.007	0.0
0.114	0.036	0.078
1.0	0.007	0.993
0.069	0.023	0.046
0.966	0.957	0.009
0.051	0.016	0.035
0.101	0.083	0.018
0.785	0.733	0.052
0.333	0.135	0.198
0.0	0.093	-0.093
0.867	1.0	-0.133
0.0	0.118	-0.118
0.664	0.574	0.09
0.067	0.053	0.014
0.178	0.067	0.111
0.104	0.08	0.024
0.02	0.025	-0.005
0.032	0.018	0.014
0.052	0.076	-0.024
0.0	0.059	-0.059
1.0	0.447	0.553
0.096	0.029	0.067
0.173	0.086	0.087
0.471	0.355	0.116
0.048	0.089	-0.041
0.062	0.1	-0.038
0.111	0.059	0.052
0.135	0.161	-0.026
0.021	0.02	0.001
0.043	0.047	-0.004
0.0	0.048	-0.048
0.091	0.25	-0.159
0.0	0.037	-0.037
0.773	1.0	-0.227
0.069	0.0	0.069
0.212	0.327	-0.115
0.031	0.031	0.0
0.035	0.037	-0.002
0.955	0.986	-0.031
0.057	0.057	0.0
0.058	0.062	-0.004
0.086	0.067	0.019
0.0	0.016	-0.016
0.385	0.286	0.099
1.0	0.02	0.98
0.0	0.056	-0.056
0.0	0.079	-0.079
0.143	0.111	0.032
0.055	0.0	0.055
0.75	0.5	0.25
0.147	0.072	0.075
0.155	0.062	0.093
0.055	0.077	-0.022
0.653	0.618	0.035
0.652	0.323	0.329
0.056	0.072	-0.016
0.4	0.009	0.391
0.0	0.005	-0.005
0.024	0.023	0.001
1.0	0.689	0.311
0.134	0.159	-0.025
1.0	0.0	1.0
0.0	0.008	-0.008
1.0	0.965	0.035
0.913	1.0	-0.087
0.84	1.0	-0.16
0.008	0.009	-0.001
0.688	0.742	-0.054
0.025	0.023	0.002
0.048	0.003	0.045
0.167	0.0	0.167
0.28	0.087	0.193
1.0	0.163	0.837
1.0	0.419	0.581
0.05	0.031	0.019
0.041	0.046	-0.005
0.075	0.127	-0.052
0.105	0.043	0.062
0.091	0.0	0.091
0.022	0.0	0.022
0.333	0.037	0.296
1.0	0.892	0.108
0.0	0.103	-0.103
1.0	0.5	0.5
0.493	0.429	0.064
0.023	0.019	0.004
0.0	0.011	-0.011
0.0	0.009	-0.009
0.0	0.003	-0.003
1.0	0.304	0.696
0.983	0.987	-0.004
1.0	0.104	0.896
0.035	0.015	0.02
0.036	0.022	0.014
1.0	0.259	0.741
0.5	0.25	0.25
0.025	0.031	-0.006
0.004	0.008	-0.004
0.148	0.046	0.102
0.0	0.065	-0.065
0.049	0.019	0.03
0.064	0.019	0.045
0.513	0.008	0.505
0.979	1.0	-0.021
0.0	0.07	-0.07
0.0	0.156	-0.156
0.0	0.242	-0.242
1.0	0.871	0.129
0.481	0.27	0.211
1.0	0.714	0.286
1.0	0.429	0.571
1.0	0.964	0.036
0.015	0.031	-0.016
0.0	0.407	-0.407
0.04	0.042	-0.002
0.043	0.005	0.038
0.402	0.042	0.36
0.855	0.962	-0.107
0.023	0.395	-0.372
0.003	0.031	-0.028
0.109	0.17	-0.061
0.333	0.25	0.083
0.091	0.0	0.091
0.108	0.0	0.108
0.064	0.059	0.005
0.086	0.054	0.032
0.0	0.03	-0.03
1.0	0.11	0.89
0.153	0.035	0.118
1.0	0.103	0.897
0.007	0.164	-0.157
0.06	0.205	-0.145
0.021	0.022	-0.001
0.897	0.951	-0.054
1.0	0.14	0.86
0.0	0.059	-0.059
0.0	0.049	-0.049
0.005	0.0	0.005
0.033	0.009	0.024
0.036	0.037	-0.001
0.778	1.0	-0.222
0.029	0.029	0.0
0.068	0.068	0.0
1.0	0.879	0.121
0.018	0.02	-0.002
0.196	0.091	0.105
0.204	0.2	0.004
0.414	0.619	-0.205
0.0	0.333	-0.333
0.936	0.822	0.114
0.314	0.115	0.199
0.0	0.231	-0.231
1.0	0.084	0.916
0.0	0.127	-0.127
0.0	0.053	-0.053
0.0	0.333	-0.333
0.0	0.043	-0.043
0.0	0.426	-0.426
0.0	0.056	-0.056
0.143	0.043	0.1
0.639	0.22	0.419
1.0	0.851	0.149
0.19	0.474	-0.284
0.974	1.0	-0.026
0.114	0.105	0.009
0.352	0.506	-0.154
0.011	0.009	0.002
0.013	0.011	0.002
0.5	0.556	-0.056
0.021	0.016	0.005
0.556	0.6	-0.044
0.0	0.056	-0.056
0.071	0.1	-0.029
0.103	0.032	0.071
0.017	0.023	-0.006
0.012	0.034	-0.022
0.008	0.015	-0.007
0.037	0.025	0.012
0.048	0.023	0.025
0.333	0.135	0.198
0.143	0.0	0.143
0.023	0.027	-0.004
1.0	0.057	0.943
0.336	0.079	0.257
0.015	0.0	0.015
0.134	0.0	0.134
0.033	0.073	-0.04
0.85	0.788	0.062
0.176	0.2	-0.024
0.064	0.073	-0.009
0.185	0.286	-0.101
0.072	0.077	-0.005
0.273	0.0	0.273
0.063	0.038	0.025
0.036	0.0	0.036
0.031	0.077	-0.046
0.0	0.009	-0.009
0.023	0.022	0.001
0.905	0.84	0.065
0.767	1.0	-0.233
0.905	1.0	-0.095
0.04	0.031	0.009
0.015	0.027	-0.012
0.022	0.005	0.017
0.045	0.044	0.001
0.053	0.023	0.03
0.022	0.005	0.017
0.0	0.062	-0.062
1.0	0.788	0.212
0.07	0.042	0.028
0.476	0.474	0.002
0.025	0.019	0.006
0.091	0.238	-0.147
0.077	0.031	0.046
0.0	1.0	-1.0
0.0	0.299	-0.299
0.024	0.016	0.008
0.01	0.005	0.005
0.016	0.023	-0.007
0.004	0.003	0.001
0.352	0.221	0.131
0.07	0.059	0.011
0.143	0.263	-0.12
0.059	0.153	-0.094
0.173	0.245	-0.072
0.077	0.261	-0.184
0.067	0.048	0.019
0.103	0.055	0.048
1.0	0.002	0.998
0.111	0.012	0.099
1.0	0.556	0.444
0.807	1.0	-0.193
0.018	0.009	0.009
0.053	0.005	0.048
0.538	1.0	-0.462
0.026	0.002	0.024
0.0	0.024	-0.024
0.0	0.067	-0.067
1.0	0.143	0.857
0.998	1.0	-0.002
0.994	0.992	0.002
0.375	1.0	-0.625
0.0	0.032	-0.032
0.0	0.033	-0.033
1.0	0.217	0.783
0.051	0.041	0.01
0.111	0.227	-0.116
0.492	0.462	0.03
0.061	0.075	-0.014
0.94	0.867	0.073
0.558	1.0	-0.442
0.33	0.455	-0.125
0.097	0.133	-0.036
0.092	0.0	0.092
0.871	0.772	0.099
0.32	0.368	-0.048
0.949	0.887	0.062
0.536	0.299	0.237
0.483	0.5	-0.017
0.434	0.462	-0.028
0.75	1.0	-0.25
0.1	0.019	0.081
1.0	0.306	0.694
1.0	0.412	0.588
1.0	0.862	0.138
0.045	0.08	-0.035
0.167	0.152	0.015
0.547	0.413	0.134
0.17	0.257	-0.087
0.0	0.284	-0.284
1.0	0.429	0.571
1.0	0.979	0.021
0.108	0.014	0.094
0.789	0.655	0.134
0.281	0.148	0.133
0.471	0.402	0.069
0.059	0.111	-0.052
0.076	0.068	0.008
1.0	0.979	0.021
0.009	0.011	-0.002
0.274	0.333	-0.059
0.0	0.086	-0.086
0.069	0.016	0.053
0.036	0.0	0.036
0.253	0.0	0.253
0.194	0.186	0.008
0.0	0.009	-0.009
0.907	0.892	0.015
1.0	0.938	0.062
0.043	0.125	-0.082
0.062	0.123	-0.061
0.026	0.01	0.016
0.273	0.13	0.143
0.125	0.12	0.005
0.907	0.927	-0.02
0.5	1.0	-0.5
0.714	0.429	0.285
0.012	0.044	-0.032
0.0	1.0	-1.0
0.036	0.028	0.008
0.667	0.011	0.656
0.055	0.004	0.051
0.065	0.011	0.054
0.018	0.011	0.007
0.023	0.015	0.008
0.009	0.005	0.004
0.0	0.455	-0.455
0.0	0.023	-0.023
0.0	0.018	-0.018
0.0	0.035	-0.035
0.265	0.167	0.098
1.0	0.03	0.97
0.091	0.01	0.081
0.2	1.0	-0.8
0.845	0.977	-0.132
0.385	0.565	-0.18
0.043	0.179	-0.136
1.0	0.651	0.349
0.112	0.133	-0.021
0.049	0.072	-0.023
0.031	0.103	-0.072
0.174	0.079	0.095
0.024	0.054	-0.03
1.0	0.667	0.333
0.021	0.055	-0.034
0.495	0.346	0.149
1.0	0.929	0.071
0.0	0.029	-0.029
0.091	0.035	0.056
0.036	0.024	0.012
0.043	0.005	0.038
0.369	0.603	-0.234
0.034	0.115	-0.081
0.0	0.039	-0.039
0.0	0.029	-0.029
0.636	0.167	0.469
0.077	0.143	-0.066
0.019	0.081	-0.062
0.062	0.025	0.037
0.0	0.009	-0.009
1.0	0.25	0.75
0.711	0.664	0.047
0.856	0.894	-0.038
0.636	0.455	0.181
0.0	0.001	-0.001
0.9	0.818	0.082
0.833	1.0	-0.167
0.7	1.0	-0.3
0.026	0.015	0.011
0.035	0.1	-0.065
1.0	0.692	0.308
0.05	0.011	0.039
0.234	0.0	0.234
0.622	0.5	0.122
0.03	0.102	-0.072
0.004	0.015	-0.011
0.03	0.059	-0.029
0.062	0.068	-0.006
0.03	0.059	-0.029
0.724	1.0	-0.276
0.031	0.03	0.001
0.027	0.0	0.027
0.182	0.029	0.153
0.52	0.213	0.307
0.162	0.071	0.091
0.04	0.086	-0.046
0.227	0.055	0.172
0.024	0.046	-0.022
0.054	0.043	0.011
0.0	0.239	-0.239
0.344	0.059	0.285
0.0	1.0	-1.0
0.0	0.429	-0.429
0.0	0.27	-0.27
1.0	0.966	0.034
0.009	0.0	0.009
1.0	0.5	0.5
1.0	0.87	0.13
0.068	0.035	0.033
1.0	0.0	1.0
0.157	0.04	0.117
0.141	0.02	0.121
0.017	0.003	0.014
0.517	0.105	0.412
0.983	1.0	-0.017
1.0	0.165	0.835
0.268	0.333	-0.065
1.0	0.636	0.364
1.0	0.057	0.943
0.945	0.881	0.064
0.771	0.846	-0.075
0.478	0.5	-0.022
1.0	0.763	0.237
0.0	0.029	-0.029
0.0	0.041	-0.041
0.0	0.015	-0.015
0.0	0.022	-0.022
0.07	0.015	0.055
0.008	0.017	-0.009
0.056	0.012	0.044
1.0	0.992	0.008
0.919	0.968	-0.049
0.02	0.011	0.009
0.969	0.989	-0.02
0.009	0.006	0.003
0.042	0.021	0.021
0.031	0.038	-0.007
0.094	0.078	0.016
0.971	1.0	-0.029
0.09	0.072	0.018
0.227	0.684	-0.457
0.0	0.022	-0.022
0.0	0.092	-0.092
0.663	0.886	-0.223
0.0	0.333	-0.333
0.0	0.071	-0.071
0.167	0.138	0.029
0.057	0.032	0.025
0.5	1.0	-0.5
0.214	0.369	-0.155
1.0	0.408	0.592
0.896	0.974	-0.078
0.6	0.25	0.35
0.692	0.5	0.192
0.257	0.133	0.124
0.048	0.09	-0.042
1.0	0.976	0.024
0.365	0.138	0.227
0.248	0.067	0.181
1.0	0.0	1.0
0.265	0.19	0.075
0.087	0.0	0.087
0.023	0.052	-0.029
0.854	0.094	0.76
0.789	1.0	-0.211
0.026	0.206	-0.18
0.014	0.011	0.003
0.078	0.091	-0.013
1.0	0.333	0.667
0.818	0.692	0.126
0.083	0.038	0.045
0.085	0.125	-0.04
0.846	0.857	-0.011
0.109	0.077	0.032
0.079	0.064	0.015
0.0	0.016	-0.016
0.0	0.091	-0.091
0.342	0.08	0.262
0.006	0.008	-0.002
0.0	0.038	-0.038
0.038	0.027	0.011
0.422	0.405	0.017
0.991	1.0	-0.009
0.063	0.188	-0.125
0.103	0.137	-0.034
0.177	0.299	-0.122
0.039	0.0	0.039
0.852	0.538	0.314
0.098	0.137	-0.039
1.0	0.75	0.25
0.962	0.7	0.262
0.127	0.059	0.068
0.5	0.75	-0.25
0.009	0.091	-0.082
0.03	0.039	-0.009
0.858	0.744	0.114
0.993	0.985	0.008
0.867	0.873	-0.006
0.1	0.0	0.1
0.0	0.5	-0.5
0.0	1.0	-1.0
0.13	0.333	-0.203
0.057	0.054	0.003
0.038	0.079	-0.041
0.019	0.009	0.01
0.913	1.0	-0.087
0.047	0.031	0.016
0.102	0.097	0.005
0.024	0.004	0.02
0.077	0.417	-0.34
1.0	0.543	0.457
0.0	0.092	-0.092
0.429	0.5	-0.071
0.933	0.897	0.036
0.036	0.07	-0.034
0.007	0.025	-0.018
0.018	0.017	0.001
0.0	0.271	-0.271
0.022	0.009	0.013
0.041	0.009	0.032
1.0	0.6	0.4
0.355	0.597	-0.242
0.975	0.933	0.042
0.988	0.993	-0.005
0.267	0.5	-0.233
0.908	1.0	-0.092
0.084	0.061	0.023
0.143	0.117	0.026
0.517	0.629	-0.112
0.963	0.918	0.045
0.992	1.0	-0.008
0.933	1.0	-0.067
0.837	0.857	-0.02
0.981	1.0	-0.019
0.442	0.357	0.085
0.377	0.203	0.174
0.302	0.398	-0.096
0.147	0.185	-0.038
0.138	0.082	0.056
0.021	0.01	0.011
1.0	0.789	0.211
0.0	1.0	-1.0
0.111	0.049	0.062
0.044	0.036	0.008
0.0	0.037	-0.037
0.271	0.095	0.176
0.123	0.115	0.008
0.007	0.003	0.004
0.007	0.006	0.001
0.009	0.003	0.006
0.135	0.106	0.029
0.091	0.054	0.037
0.911	1.0	-0.089
0.103	0.176	-0.073
1.0	0.775	0.225
1.0	0.704	0.296
0.034	0.024	0.01
0.0	0.037	-0.037
0.0	0.007	-0.007
0.0	0.036	-0.036
1.0	0.739	0.261
1.0	0.76	0.24
1.0	0.826	0.174
1.0	0.5	0.5
0.312	0.469	-0.157
1.0	0.978	0.022
0.073	0.111	-0.038
0.195	0.0	0.195
0.039	0.037	0.002
0.909	0.739	0.17
0.895	0.92	-0.025
0.075	0.089	-0.014
0.008	0.01	-0.002
0.034	0.012	0.022
0.011	0.028	-0.017
0.114	0.193	-0.079
0.051	0.037	0.014
0.865	0.444	0.421
0.254	0.263	-0.009
0.0	0.014	-0.014
0.655	0.771	-0.116
0.614	0.603	0.011
0.987	1.0	-0.013
0.792	0.501	0.291
0.347	1.0	-0.653
0.867	1.0	-0.133
0.564	1.0	-0.436
0.733	1.0	-0.267
0.01	0.005	0.005
1.0	0.888	0.112
1.0	0.522	0.478
1.0	0.015	0.985
0.0	0.091	-0.091
0.774	0.941	-0.167
0.005	0.003	0.002
0.035	0.038	-0.003
1.0	0.294	0.706
0.739	0.545	0.194
0.9	0.793	0.107
0.0	0.05	-0.05
0.181	0.204	-0.023
0.632	1.0	-0.368
0.073	0.053	0.02
0.091	0.056	0.035
0.556	0.714	-0.158
0.154	0.162	-0.008
0.032	0.011	0.021
0.0	0.026	-0.026
0.034	0.058	-0.024
0.947	0.831	0.116
0.048	0.062	-0.014
0.998	1.0	-0.002
0.989	1.0	-0.011
0.048	0.04	0.008
0.976	1.0	-0.024
0.998	1.0	-0.002
0.998	1.0	-0.002
0.0	0.091	-0.091
1.0	0.143	0.857
1.0	0.143	0.857
0.0	0.2	-0.2
0.0	0.2	-0.2
0.963	1.0	-0.037
0.909	1.0	-0.091
0.826	0.647	0.179
0.0	0.111	-0.111
0.877	0.934	-0.057
0.054	0.333	-0.279
1.0	0.181	0.819
0.5	0.083	0.417
0.167	0.037	0.13
0.0	0.789	-0.789
0.119	0.008	0.111
0.429	0.153	0.276
1.0	0.751	0.249
0.2	0.037	0.163
0.0	0.018	-0.018
0.0	0.008	-0.008
0.097	0.065	0.032
0.211	0.125	0.086
0.034	0.0	0.034
0.046	0.024	0.022
0.015	0.093	-0.078
1.0	0.636	0.364
0.041	0.104	-0.063
0.048	0.123	-0.075
0.042	0.076	-0.034
0.085	0.0	0.085
0.0	0.333	-0.333
0.014	0.017	-0.003
0.0	0.02	-0.02
0.047	0.033	0.014
0.0	0.109	-0.109
0.0	0.125	-0.125
1.0	0.605	0.395
1.0	0.99	0.01
0.014	0.047	-0.033
0.0	0.039	-0.039
0.0	0.009	-0.009
1.0	0.079	0.921
0.099	0.358	-0.259
1.0	0.886	0.114
0.467	0.556	-0.089
0.167	0.0	0.167
0.006	0.032	-0.026
0.23	0.075	0.155
0.212	0.109	0.103
0.938	0.962	-0.024
0.244	0.152	0.092
0.939	1.0	-0.061
0.146	0.084	0.062
0.245	0.107	0.138
0.344	0.303	0.041
0.165	0.031	0.134
0.261	0.098	0.163
0.044	0.162	-0.118
0.245	0.051	0.194
0.395	0.574	-0.179
0.579	1.0	-0.421
1.0	0.931	0.069
0.924	0.891	0.033
0.805	1.0	-0.195
0.13	0.2	-0.07
0.75	1.0	-0.25
0.667	0.29	0.377
0.981	1.0	-0.019
0.37	0.182	0.188
0.018	0.033	-0.015
0.022	0.018	0.004
0.947	0.905	0.042
0.917	0.913	0.004
0.481	1.0	-0.519
0.011	0.017	-0.006
0.0	0.007	-0.007
0.0	0.05	-0.05
1.0	0.976	0.024
1.0	0.907	0.093
1.0	0.132	0.868
0.143	0.03	0.113
0.009	0.013	-0.004
0.81	1.0	-0.19
0.086	0.031	0.055
0.221	0.07	0.151
0.156	0.026	0.13
0.247	0.263	-0.016
0.112	0.054	0.058
0.074	0.034	0.04
0.035	0.04	-0.005
0.862	0.6	0.262
0.04	0.16	-0.12
0.0	0.043	-0.043
0.0	0.067	-0.067
0.0	0.059	-0.059
0.185	0.471	-0.286
0.098	0.083	0.015
1.0	0.194	0.806
0.0	0.08	-0.08
1.0	0.086	0.914
0.034	0.015	0.019
0.905	0.905	0.0
0.0	0.021	-0.021
1.0	0.846	0.154
1.0	0.818	0.182
0.0	0.491	-0.491
0.0	0.064	-0.064
1.0	0.833	0.167
1.0	0.348	0.652
1.0	0.879	0.121
1.0	0.982	0.018
1.0	0.987	0.013
0.135	0.269	-0.134
0.333	1.0	-0.667
0.0	0.019	-0.019
0.045	0.034	0.011
0.0	0.014	-0.014
1.0	0.692	0.308
1.0	0.667	0.333
0.68	0.5	0.18
1.0	0.869	0.131
0.063	0.043	0.02
0.0	0.014	-0.014
0.333	0.12	0.213
0.2	0.034	0.166
0.0	0.05	-0.05
0.067	0.008	0.059
0.05	0.011	0.039
0.026	0.011	0.015
0.37	0.058	0.312
0.358	0.074	0.284
0.048	0.13	-0.082
1.0	0.75	0.25
0.917	0.9	0.017
0.112	0.0	0.112
0.0	0.032	-0.032
0.009	0.011	-0.002
0.867	1.0	-0.133
0.118	0.05	0.068
0.0	0.178	-0.178
0.178	0.057	0.121
0.6	0.929	-0.329
0.165	0.067	0.098
1.0	0.9	0.1
0.108	0.017	0.091
0.0	0.264	-0.264
0.102	0.063	0.039
0.522	0.325	0.197
0.846	0.854	-0.008
0.0	0.043	-0.043
1.0	0.846	0.154
0.035	0.068	-0.033
0.015	0.031	-0.016
0.201	0.252	-0.051
1.0	0.985	0.015
0.036	0.031	0.005
1.0	0.0	1.0
0.105	0.047	0.058
0.914	0.622	0.292
0.17	0.135	0.035
0.071	0.092	-0.021
0.105	0.162	-0.057
0.971	1.0	-0.029
0.132	0.1	0.032
0.035	0.028	0.007
0.027	0.051	-0.024
0.048	0.063	-0.015
0.106	0.227	-0.121
0.14	0.061	0.079
0.046	0.063	-0.017
0.035	0.011	0.024
0.0	0.014	-0.014
0.058	0.047	0.011
0.043	0.0	0.043
0.01	0.005	0.005
0.0	0.028	-0.028
0.061	0.05	0.011
1.0	0.977	0.023
0.098	0.031	0.067
0.006	0.004	0.002
0.016	0.039	-0.023
0.0	0.067	-0.067
0.0	0.071	-0.071
0.16	0.262	-0.102
0.153	0.332	-0.179
0.25	0.128	0.122
0.0	0.117	-0.117
0.786	1.0	-0.214
0.05	0.056	-0.006
0.0	0.026	-0.026
0.143	0.359	-0.216
1.0	0.253	0.747
0.252	0.152	0.1
0.886	0.242	0.644
0.067	0.032	0.035
0.0	0.08	-0.08
0.142	0.162	-0.02
0.887	0.925	-0.038
0.14	0.143	-0.003
0.902	0.913	-0.011
0.975	1.0	-0.025
0.05	0.132	-0.082
0.931	0.529	0.402
0.644	0.714	-0.07
0.029	1.0	-0.971
1.0	0.111	0.889
0.976	1.0	-0.024
0.0	0.171	-0.171
0.0	0.059	-0.059
0.0	1.0	-1.0
0.033	0.037	-0.004
0.017	0.0	0.017
0.0	0.053	-0.053
0.062	0.067	-0.005
1.0	0.863	0.137
1.0	0.778	0.222
0.372	0.0	0.372
0.333	0.125	0.208
0.0	0.125	-0.125
0.546	1.0	-0.454
0.009	0.006	0.003
0.144	0.01	0.134
0.07	0.19	-0.12
0.031	0.145	-0.114
0.7	1.0	-0.3
0.167	0.172	-0.005
0.119	0.153	-0.034
0.109	0.033	0.076
0.907	0.989	-0.082
0.0	0.067	-0.067
0.0	0.008	-0.008
0.0	0.048	-0.048
1.0	0.926	0.074
0.056	0.0	0.056
0.111	0.2	-0.089
0.58	0.465	0.115
1.0	0.987	0.013
1.0	0.977	0.023
0.205	0.194	0.011
1.0	0.75	0.25
0.127	0.078	0.049
0.032	0.008	0.024
1.0	0.0	1.0
0.099	0.092	0.007
0.039	0.048	-0.009
0.0	0.027	-0.027
0.261	0.333	-0.072
0.769	0.2	0.569
0.263	0.057	0.206
0.019	0.041	-0.022
0.0	0.077	-0.077
0.021	0.025	-0.004
0.987	0.982	0.005
0.019	0.017	0.002
0.019	0.016	0.003
0.05	0.0	0.05
0.053	0.029	0.024
0.0	0.333	-0.333
0.333	0.385	-0.052
1.0	0.985	0.015
0.067	0.06	0.007
0.0	0.015	-0.015
0.0	0.013	-0.013
0.0	0.028	-0.028
0.984	0.96	0.024
0.014	0.005	0.009
0.013	0.022	-0.009
0.005	0.008	-0.003
0.202	0.318	-0.116
0.0	0.032	-0.032
0.0	0.006	-0.006
0.0	0.014	-0.014
0.0	0.015	-0.015
0.0	0.115	-0.115
1.0	0.0	1.0
0.0	0.069	-0.069
0.0	0.076	-0.076
1.0	0.976	0.024
0.25	0.0	0.25
0.173	0.084	0.089
0.006	0.008	-0.002
0.04	0.085	-0.045
1.0	0.882	0.118
0.319	0.31	0.009
0.012	0.031	-0.019
1.0	0.556	0.444
0.077	0.008	0.069
0.158	0.077	0.081
0.056	0.097	-0.041
0.035	0.03	0.005
0.0	0.085	-0.085
0.687	0.216	0.471
0.404	0.146	0.258
0.667	0.014	0.653
0.165	0.119	0.046
1.0	0.922	0.078
0.267	0.19	0.077
0.0	0.533	-0.533
0.032	0.003	0.029
0.0	0.056	-0.056
0.207	0.257	-0.05
0.0	0.041	-0.041
1.0	0.636	0.364
0.714	0.965	-0.251
1.0	0.83	0.17
0.048	0.057	-0.009
1.0	0.053	0.947
0.086	0.229	-0.143
0.059	0.289	-0.23
0.001	0.0	0.001
0.013	0.013	0.0
0.0	0.302	-0.302
0.067	0.032	0.035
0.684	0.083	0.601
0.975	0.87	0.105
0.083	0.015	0.068
0.054	0.045	0.009
0.037	0.133	-0.096
0.282	0.074	0.208
0.018	0.019	-0.001
0.031	0.007	0.024
0.024	0.018	0.006
0.984	1.0	-0.016
0.039	0.01	0.029
0.069	0.007	0.062
0.387	0.501	-0.114
0.0	0.151	-0.151
0.102	0.029	0.073
0.041	0.01	0.031
0.062	0.066	-0.004
0.0	0.012	-0.012
0.28	0.25	0.03
0.103	0.404	-0.301
0.956	0.871	0.085
0.233	0.304	-0.071
0.016	0.094	-0.078
0.016	0.05	-0.034
1.0	0.818	0.182
0.086	0.078	0.008
0.012	0.027	-0.015
0.041	0.103	-0.062
0.063	0.089	-0.026
0.268	0.207	0.061
1.0	0.0	1.0
0.286	0.13	0.156
0.015	0.004	0.011
0.013	0.005	0.008
0.082	0.294	-0.212
0.931	1.0	-0.069
0.038	0.007	0.031
0.0	0.04	-0.04
0.333	0.692	-0.359
0.235	0.0	0.235
0.04	0.152	-0.112
0.5	0.071	0.429
0.887	0.934	-0.047
1.0	0.079	0.921
1.0	0.024	0.976
0.0	0.061	-0.061
1.0	0.066	0.934
0.07	0.24	-0.17
0.007	0.035	-0.028
0.021	0.0	0.021
0.0	1.0	-1.0
0.185	0.149	0.036
0.299	0.238	0.061
0.188	0.31	-0.122
0.032	0.02	0.012
0.027	0.015	0.012
0.0	0.077	-0.077
0.033	0.069	-0.036
0.031	0.05	-0.019
0.111	0.012	0.099
0.0	0.021	-0.021
0.985	0.822	0.163
0.063	0.033	0.03
0.051	0.045	0.006
0.035	0.023	0.012
0.019	0.008	0.011
0.031	0.016	0.015
0.0	0.136	-0.136
0.0	0.158	-0.158
0.005	0.017	-0.012
0.437	0.375	0.062
0.887	1.0	-0.113
0.038	0.035	0.003
0.056	0.061	-0.005
0.0	0.01	-0.01
0.019	0.049	-0.03
0.008	0.016	-0.008
0.007	0.018	-0.011
0.016	0.043	-0.027
0.959	1.0	-0.041
0.167	0.149	0.018
0.0	0.094	-0.094
0.0	0.067	-0.067
0.0	0.062	-0.062
0.08	0.333	-0.253
0.167	0.007	0.16
0.087	0.015	0.072
0.106	0.0	0.106
0.412	0.224	0.188
0.051	0.031	0.02
0.082	0.041	0.041
0.0	0.031	-0.031
0.281	0.595	-0.314
0.036	0.013	0.023
0.0	0.03	-0.03
0.855	0.876	-0.021
1.0	0.6	0.4
0.0	0.01	-0.01
0.167	0.84	-0.673
0.0	1.0	-1.0
0.714	0.846	-0.132
0.291	0.194	0.097
0.337	0.2	0.137
0.209	0.092	0.117
0.617	0.278	0.339
0.867	1.0	-0.133
0.576	0.249	0.327
0.581	0.297	0.284
0.882	0.956	-0.074
0.525	0.269	0.256
0.558	0.514	0.044
0.565	0.78	-0.215
1.0	0.779	0.221
0.111	0.059	0.052
0.0	0.087	-0.087
1.0	0.885	0.115
0.0	0.097	-0.097
0.043	0.0	0.043
0.0	0.333	-0.333
0.009	0.007	0.002
0.0	0.004	-0.004
0.067	0.12	-0.053
0.0	0.18	-0.18
0.857	0.841	0.016
0.183	0.314	-0.131
0.082	0.027	0.055
0.011	0.02	-0.009
1.0	0.98	0.02
0.0	0.034	-0.034
0.013	0.0	0.013
0.067	0.006	0.061
1.0	0.2	0.8
0.036	0.101	-0.065
0.992	1.0	-0.008
1.0	0.864	0.136
0.077	0.0	0.077
0.04	0.0	0.04
0.692	0.8	-0.108
0.027	0.036	-0.009
0.05	0.075	-0.025
0.826	0.333	0.493
0.08	0.0	0.08
0.04	0.0	0.04
0.936	0.86	0.076
0.996	1.0	-0.004
0.173	0.386	-0.213
1.0	0.133	0.867
0.0	0.538	-0.538
0.0	0.077	-0.077
0.9	0.701	0.199
1.0	0.0	1.0
0.333	0.053	0.28
0.118	0.25	-0.132
1.0	0.286	0.714
1.0	0.167	0.833
0.1	0.2	-0.1
0.0	0.303	-0.303
0.618	0.639	-0.021
0.0	1.0	-1.0
0.692	0.529	0.163
1.0	0.692	0.308
0.4	0.0	0.4
0.286	0.125	0.161
0.149	0.047	0.102
0.164	0.089	0.075
0.061	0.035	0.026
0.067	0.042	0.025
0.14	0.042	0.098
0.003	0.004	-0.001
0.594	0.424	0.17
0.041	0.075	-0.034
1.0	0.474	0.526
0.016	0.008	0.008
0.102	0.107	-0.005
0.787	0.796	-0.009
0.111	0.191	-0.08
0.017	0.006	0.011
0.933	1.0	-0.067
0.62	0.462	0.158
0.861	0.889	-0.028
0.223	0.185	0.038
0.024	0.023	0.001
1.0	0.897	0.103
0.146	0.209	-0.063
1.0	0.091	0.909
1.0	0.094	0.906
1.0	0.154	0.846
1.0	0.6	0.4
1.0	0.345	0.655
0.114	0.093	0.021
0.016	0.063	-0.047
0.273	0.042	0.231
0.031	0.007	0.024
0.145	0.101	0.044
0.0	0.222	-0.222
0.0	0.033	-0.033
0.072	0.096	-0.024
0.609	0.826	-0.217
0.32	0.407	-0.087
0.357	0.294	0.063
0.057	0.086	-0.029
0.024	0.123	-0.099
0.119	0.047	0.072
0.184	0.333	-0.149
1.0	0.5	0.5
0.995	1.0	-0.005
0.0	0.047	-0.047
0.239	0.255	-0.016
0.058	0.0	0.058
0.5	0.684	-0.184
0.021	0.038	-0.017
0.137	0.0	0.137
1.0	0.913	0.087
0.2	0.038	0.162
0.051	0.072	-0.021
1.0	0.571	0.429
1.0	0.2	0.8
1.0	0.9	0.1
0.467	0.054	0.413
0.0	0.031	-0.031
1.0	0.167	0.833
0.0	0.033	-0.033
0.667	0.613	0.054
0.181	0.229	-0.048
0.015	0.333	-0.318
0.138	0.16	-0.022
0.031	0.048	-0.017
1.0	0.252	0.748
0.0	0.455	-0.455
0.0	0.069	-0.069
0.062	0.091	-0.029
0.238	0.073	0.165
0.027	0.015	0.012
0.027	0.022	0.005
0.333	0.867	-0.534
0.029	0.027	0.002
0.025	0.031	-0.006
0.062	0.008	0.054
0.273	0.333	-0.06
0.154	0.333	-0.179
0.081	0.0	0.081
0.027	0.013	0.014
0.907	1.0	-0.093
0.676	0.0	0.676
0.958	0.701	0.257
0.2	1.0	-0.8
0.81	0.75	0.06
0.453	0.391	0.062
1.0	0.5	0.5
0.0	0.032	-0.032
0.0	0.017	-0.017
0.037	0.186	-0.149
0.071	0.069	0.002
0.403	0.429	-0.026
0.846	0.875	-0.029
0.76	0.833	-0.073
0.395	0.833	-0.438
0.222	0.167	0.055
0.807	0.434	0.373
0.1	0.091	0.009
0.012	0.004	0.008
1.0	0.158	0.842
0.091	0.0	0.091
0.0	0.049	-0.049
0.0	0.033	-0.033
0.029	0.033	-0.004
0.041	0.025	0.016
0.02	0.031	-0.011
0.066	0.072	-0.006
1.0	0.92	0.08
0.034	0.038	-0.004
1.0	0.545	0.455
0.882	0.806	0.076
0.003	0.008	-0.005
1.0	0.692	0.308
0.6	0.4	0.2
0.008	0.012	-0.004
1.0	0.87	0.13
1.0	0.216	0.784
0.25	0.152	0.098
0.867	0.818	0.049
0.026	0.032	-0.006
0.056	0.089	-0.033
0.167	0.1	0.067
0.042	0.037	0.005
0.506	0.417	0.089
0.733	0.566	0.167
0.034	0.0	0.034
1.0	0.25	0.75
0.175	0.447	-0.272
0.083	0.062	0.021
0.273	0.0	0.273
0.219	0.0	0.219
0.641	0.176	0.465
0.018	0.0	0.018
0.061	0.015	0.046
0.045	0.032	0.013
0.674	1.0	-0.326
0.038	0.005	0.033
0.322	0.037	0.285
0.78	1.0	-0.22
0.037	0.032	0.005
0.873	1.0	-0.127
0.851	0.762	0.089
0.904	0.96	-0.056
0.024	0.012	0.012
0.019	0.028	-0.009
0.095	0.066	0.029
0.98	1.0	-0.02
0.005	0.006	-0.001
0.055	0.041	0.014
0.582	0.863	-0.281
0.072	0.222	-0.15
0.012	0.01	0.002
0.062	0.2	-0.138
1.0	0.897	0.103
0.029	0.118	-0.089
0.372	0.28	0.092
0.055	0.0	0.055
0.832	1.0	-0.168
0.0	0.154	-0.154
0.022	0.026	-0.004
0.029	0.0	0.029
1.0	0.533	0.467
0.8	0.81	-0.01
0.004	0.0	0.004
0.991	1.0	-0.009
0.888	1.0	-0.112
0.235	0.016	0.219
0.12	0.0	0.12
0.086	0.18	-0.094
0.6	0.952	-0.352
0.0	0.045	-0.045
0.023	0.05	-0.027
0.053	0.096	-0.043
0.072	0.02	0.052
0.018	0.037	-0.019
0.045	0.026	0.019
0.0	0.029	-0.029
0.0	0.101	-0.101
0.015	0.017	-0.002
0.023	0.012	0.011
0.333	0.007	0.326
0.024	0.061	-0.037
0.545	1.0	-0.455
0.857	1.0	-0.143
0.01	0.01	0.0
0.05	0.086	-0.036
1.0	0.967	0.033
0.108	0.218	-0.11
0.875	0.8	0.075
0.167	0.078	0.089
0.143	0.5	-0.357
0.046	0.048	-0.002
0.5	0.0	0.5
1.0	0.333	0.667
0.538	0.118	0.42
0.878	1.0	-0.122
0.168	0.212	-0.044
0.727	0.844	-0.117
0.067	0.003	0.064
