IncLevel1	IncLevel2	IncLevelDifference
0.209	0.0	0.209
0.0	0.121	-0.121
0.711	0.354	0.357
0.28	0.483	-0.203
0.373	0.521	-0.148
0.824	1.0	-0.176
0.89	0.795	0.095
0.18	0.612	-0.432
0.132	0.645	-0.513
0.498	0.347	0.151
0.07	0.0	0.07
0.343	0.0	0.343
0.017	0.0	0.017
0.273	0.0	0.273
0.966	1.0	-0.034
0.914	0.865	0.049
0.8	0.715	0.085
0.267	0.0	0.267
0.258	0.0	0.258
0.954	0.765	0.189
0.0	0.383	-0.383
0.0	0.696	-0.696
0.026	0.295	-0.269
0.014	0.273	-0.259
0.235	0.357	-0.122
0.033	0.253	-0.22
0.514	0.567	-0.053
0.0	0.365	-0.365
1.0	0.621	0.379
0.454	0.47	-0.016
1.0	0.89	0.11
0.525	0.856	-0.331
0.55	0.0	0.55
0.526	0.0	0.526
0.0	0.126	-0.126
0.0	0.039	-0.039
0.388	0.42	-0.032
0.911	0.974	-0.063
0.612	1.0	-0.388
0.791	1.0	-0.209
1.0	0.239	0.761
0.31	0.5	-0.19
0.871	0.501	0.37
0.924	0.61	0.314
0.786	0.133	0.653
0.377	0.452	-0.075
0.0	0.154	-0.154
0.658	0.491	0.167
0.327	0.604	-0.277
0.0	0.604	-0.604
0.719	0.218	0.501
0.782	1.0	-0.218
0.364	0.309	0.055
0.35	0.201	0.149
0.473	0.279	0.194
0.459	0.484	-0.025
0.4	0.515	-0.115
0.022	0.039	-0.017
0.831	0.442	0.389
0.833	1.0	-0.167
0.965	1.0	-0.035
0.079	0.154	-0.075
0.152	0.255	-0.103
0.972	1.0	-0.028
0.0	0.31	-0.31
0.745	0.292	0.453
0.708	0.286	0.422
0.358	1.0	-0.642
1.0	0.857	0.143
0.727	0.519	0.208
0.197	0.701	-0.504
0.743	0.703	0.04
0.068	0.458	-0.39
0.84	0.708	0.132
0.788	0.896	-0.108
0.424	1.0	-0.576
0.0	0.093	-0.093
0.0	0.067	-0.067
0.0	0.1	-0.1
1.0	0.0	1.0
0.485	0.458	0.027
0.509	0.478	0.031
0.981	0.982	-0.001
0.134	0.138	-0.004
0.775	0.631	0.144
0.541	0.0	0.541
0.394	0.484	-0.09
0.962	0.542	0.42
0.0	0.097	-0.097
0.0	0.224	-0.224
0.771	0.426	0.345
0.94	0.983	-0.043
0.494	0.512	-0.018
0.027	0.065	-0.038
0.056	0.145	-0.089
0.724	0.601	0.123
0.105	0.2	-0.095
0.993	1.0	-0.007
1.0	0.991	0.009
0.281	0.358	-0.077
0.495	0.801	-0.306
0.116	0.225	-0.109
0.59	0.462	0.128
0.261	0.0	0.261
0.956	0.943	0.013
0.4	0.377	0.023
0.438	0.325	0.113
1.0	0.458	0.542
0.108	0.455	-0.347
0.295	0.452	-0.157
0.68	0.62	0.06
0.806	0.8	0.006
0.576	0.35	0.226
0.601	0.424	0.177
0.231	0.367	-0.136
0.871	0.304	0.567
0.78	0.515	0.265
0.539	0.305	0.234
0.444	0.615	-0.171
0.402	0.598	-0.196
0.023	0.393	-0.37
0.393	0.262	0.131
0.55	0.595	-0.045
0.535	0.514	0.021
0.388	0.475	-0.087
1.0	0.972	0.028
1.0	0.635	0.365
1.0	0.543	0.457
1.0	0.537	0.463
0.488	0.585	-0.097
0.498	0.394	0.104
0.0	0.572	-0.572
0.8	0.876	-0.076
0.756	0.565	0.191
0.751	0.56	0.191
0.913	0.491	0.422
0.441	0.47	-0.029
0.247	0.173	0.074
0.887	0.484	0.403
0.556	0.602	-0.046
0.088	0.368	-0.28
0.088	0.372	-0.284
0.002	0.055	-0.053
0.898	0.5	0.398
1.0	0.581	0.419
0.998	0.999	-0.001
0.542	0.5	0.042
0.366	0.387	-0.021
0.692	0.417	0.275
0.387	0.347	0.04
0.529	0.413	0.116
0.373	0.456	-0.083
0.275	0.455	-0.18
0.316	0.443	-0.127
0.647	0.6	0.047
0.578	0.509	0.069
0.705	0.685	0.02
0.64	0.509	0.131
0.018	0.0	0.018
0.367	0.353	0.014
0.493	0.58	-0.087
0.426	0.412	0.014
0.384	0.434	-0.05
0.557	0.347	0.21
0.72	0.381	0.339
0.595	0.583	0.012
0.93	0.657	0.273
0.43	0.438	-0.008
0.592	0.398	0.194
0.763	0.637	0.126
0.343	0.37	-0.027
0.538	0.565	-0.027
0.15	0.27	-0.12
0.123	0.36	-0.237
0.0	1.0	-1.0
0.8	1.0	-0.2
0.282	0.286	-0.004
0.77	1.0	-0.23
0.0	0.38	-0.38
0.666	0.249	0.417
0.0	1.0	-1.0
0.317	0.216	0.101
0.333	1.0	-0.667
0.209	0.335	-0.126
0.595	0.469	0.126
1.0	0.503	0.497
0.034	0.596	-0.562
0.573	0.686	-0.113
0.685	0.431	0.254
0.522	0.448	0.074
0.533	0.543	-0.01
0.723	0.335	0.388
0.568	0.522	0.046
0.222	0.327	-0.105
0.0	0.034	-0.034
0.0	0.033	-0.033
0.081	0.0	0.081
0.15	0.0	0.15
0.0	0.18	-0.18
0.0	0.384	-0.384
0.835	0.2	0.635
0.924	0.689	0.235
0.291	0.337	-0.046
0.507	0.506	0.001
0.521	0.616	-0.095
1.0	0.883	0.117
0.278	0.344	-0.066
0.228	0.0	0.228
0.602	0.321	0.281
0.033	0.842	-0.809
0.972	0.868	0.104
0.412	0.498	-0.086
0.059	0.026	0.033
0.28	0.348	-0.068
0.151	0.218	-0.067
0.479	0.0	0.479
0.027	0.078	-0.051
0.461	0.501	-0.04
0.211	0.308	-0.097
0.072	0.203	-0.131
0.367	0.344	0.023
0.488	0.572	-0.084
0.423	0.66	-0.237
0.538	0.585	-0.047
0.244	0.241	0.003
0.052	0.387	-0.335
0.02	0.0	0.02
0.6	0.932	-0.332
0.0	0.263	-0.263
0.618	0.764	-0.146
0.404	0.391	0.013
0.724	0.319	0.405
0.0	0.037	-0.037
1.0	0.98	0.02
0.0	0.479	-0.479
0.0	0.388	-0.388
0.0	0.232	-0.232
1.0	0.711	0.289
0.197	0.484	-0.287
1.0	0.719	0.281
1.0	0.716	0.284
0.071	0.371	-0.3
0.206	0.409	-0.203
0.562	0.406	0.156
0.376	0.479	-0.103
0.0	0.671	-0.671
0.433	0.669	-0.236
0.033	0.274	-0.241
0.448	0.517	-0.069
0.961	1.0	-0.039
0.095	0.091	0.004
0.928	1.0	-0.072
0.949	0.788	0.161
0.028	0.0	0.028
0.038	0.712	-0.674
1.0	0.0	1.0
1.0	0.0	1.0
0.718	0.586	0.132
1.0	0.422	0.578
0.812	0.448	0.364
1.0	0.349	0.651
1.0	0.837	0.163
0.892	0.606	0.286
0.496	0.343	0.153
1.0	0.185	0.815
0.322	0.589	-0.267
0.626	0.596	0.03
0.0	0.329	-0.329
0.117	0.138	-0.021
0.605	0.555	0.05
0.382	0.488	-0.106
0.006	0.0	0.006
0.0	0.195	-0.195
1.0	0.955	0.045
0.0	0.773	-0.773
1.0	0.731	0.269
0.338	0.503	-0.165
0.0	0.092	-0.092
1.0	0.493	0.507
0.153	0.334	-0.181
0.0	0.445	-0.445
0.56	0.0	0.56
0.841	0.334	0.507
0.325	0.409	-0.084
0.134	0.064	0.07
0.0	1.0	-1.0
0.439	0.343	0.096
0.677	0.555	0.122
0.0	0.744	-0.744
1.0	0.615	0.385
0.914	0.905	0.009
1.0	0.99	0.01
0.153	0.69	-0.537
0.698	0.643	0.055
0.0	0.03	-0.03
0.889	0.856	0.033
0.869	0.713	0.156
1.0	0.0	1.0
0.0	0.337	-0.337
1.0	0.865	0.135
0.68	0.646	0.034
0.216	0.592	-0.376
0.812	0.777	0.035
0.357	0.409	-0.052
0.024	0.448	-0.424
0.405	0.3	0.105
0.231	0.483	-0.252
0.473	0.482	-0.009
0.044	0.015	0.029
0.516	0.382	0.134
0.6	0.308	0.292
0.523	0.0	0.523
0.662	0.723	-0.061
0.488	0.518	-0.03
0.016	0.086	-0.07
0.488	0.523	-0.035
0.647	0.654	-0.007
0.323	0.447	-0.124
0.421	0.56	-0.139
0.748	0.676	0.072
0.01	0.004	0.006
0.673	1.0	-0.327
0.374	1.0	-0.626
0.0	1.0	-1.0
0.86	1.0	-0.14
0.861	1.0	-0.139
0.641	1.0	-0.359
0.937	1.0	-0.063
0.225	0.703	-0.478
0.0	0.447	-0.447
0.225	0.644	-0.419
0.708	0.913	-0.205
0.224	0.633	-0.409
0.706	0.909	-0.203
0.893	0.853	0.04
0.568	0.537	0.031
0.992	0.646	0.346
0.06	0.019	0.041
0.729	0.904	-0.175
0.364	0.37	-0.006
0.891	0.891	0.0
0.349	0.0	0.349
0.986	1.0	-0.014
0.796	1.0	-0.204
0.421	0.318	0.103
0.591	0.805	-0.214
0.0	0.053	-0.053
0.469	0.503	-0.034
0.563	0.676	-0.113
0.888	0.953	-0.065
0.428	0.226	0.202
0.469	0.174	0.295
0.589	0.493	0.096
0.488	0.491	-0.003
1.0	0.315	0.685
0.356	0.695	-0.339
0.438	0.54	-0.102
0.414	0.455	-0.041
0.591	0.488	0.103
0.36	0.32	0.04
0.687	0.67	0.017
0.0	0.024	-0.024
0.9	0.683	0.217
0.579	0.492	0.087
0.033	0.0	0.033
0.0	0.625	-0.625
0.119	0.561	-0.442
0.868	0.941	-0.073
0.622	0.832	-0.21
0.617	0.435	0.182
1.0	0.627	0.373
0.637	0.778	-0.141
0.558	0.634	-0.076
0.496	0.638	-0.142
0.676	0.676	0.0
0.768	1.0	-0.232
0.614	1.0	-0.386
0.515	1.0	-0.485
0.004	0.007	-0.003
0.004	0.0	0.004
0.562	0.576	-0.014
0.054	0.068	-0.014
0.59	0.446	0.144
0.412	0.662	-0.25
0.317	0.24	0.077
1.0	0.646	0.354
0.488	0.193	0.295
0.11	0.011	0.099
0.348	0.072	0.276
0.242	0.024	0.218
0.27	0.473	-0.203
0.464	0.627	-0.163
0.316	0.334	-0.018
0.286	0.464	-0.178
0.0	0.0	0.0
0.349	0.367	-0.018
0.442	0.43	0.012
0.426	0.486	-0.06
0.63	0.638	-0.008
0.797	0.805	-0.008
0.901	0.854	0.047
0.545	0.433	0.112
1.0	0.414	0.586
0.122	0.0	0.122
0.072	0.178	-0.106
0.529	0.62	-0.091
0.685	0.303	0.382
0.55	0.307	0.243
0.268	0.667	-0.399
0.619	0.441	0.178
1.0	0.78	0.22
0.983	1.0	-0.017
0.858	0.775	0.083
0.0	0.047	-0.047
0.395	0.0	0.395
0.984	1.0	-0.016
0.808	0.197	0.611
0.222	0.516	-0.294
0.732	0.583	0.149
0.602	0.571	0.031
0.253	0.477	-0.224
0.602	0.482	0.12
0.67	0.65	0.02
0.129	0.184	-0.055
0.0	0.644	-0.644
0.688	0.502	0.186
0.468	0.583	-0.115
0.436	0.594	-0.158
0.031	0.111	-0.08
0.019	0.128	-0.109
0.363	0.476	-0.113
0.472	0.551	-0.079
0.528	0.579	-0.051
0.556	0.61	-0.054
0.543	0.605	-0.062
0.466	0.194	0.272
0.002	0.0	0.002
0.0	0.008	-0.008
0.993	0.926	0.067
0.364	1.0	-0.636
0.385	0.611	-0.226
1.0	0.407	0.593
1.0	0.915	0.085
1.0	0.946	0.054
0.199	0.618	-0.419
0.262	0.657	-0.395
0.355	0.0	0.355
0.91	1.0	-0.09
0.853	0.685	0.168
0.634	1.0	-0.366
0.764	0.785	-0.021
0.514	0.493	0.021
0.213	0.205	0.008
0.432	0.389	0.043
0.029	0.0	0.029
0.576	0.54	0.036
0.196	0.05	0.146
0.414	0.576	-0.162
0.087	0.066	0.021
0.75	0.878	-0.128
0.045	0.203	-0.158
0.59	0.451	0.139
0.585	0.58	0.005
0.985	0.954	0.031
0.146	0.146	0.0
0.266	0.225	0.041
0.739	0.622	0.117
0.306	0.544	-0.238
0.017	0.438	-0.421
0.97	0.75	0.22
0.426	0.42	0.006
0.408	0.349	0.059
0.528	0.677	-0.149
0.6	0.0	0.6
0.687	0.531	0.156
1.0	0.758	0.242
0.881	0.815	0.066
0.692	0.884	-0.192
0.009	0.349	-0.34
0.087	0.072	0.015
0.591	0.576	0.015
0.438	0.626	-0.188
0.37	0.521	-0.151
0.728	0.513	0.215
0.022	0.0	0.022
0.503	0.667	-0.164
0.079	0.397	-0.318
0.423	0.24	0.183
0.075	0.246	-0.171
0.694	0.676	0.018
0.0	0.017	-0.017
0.345	0.48	-0.135
0.061	0.258	-0.197
0.382	0.508	-0.126
0.229	0.475	-0.246
0.0	0.371	-0.371
0.637	0.547	0.09
0.515	0.68	-0.165
0.465	0.325	0.14
0.573	0.566	0.007
0.438	0.536	-0.098
0.351	0.409	-0.058
0.106	0.135	-0.029
0.439	0.801	-0.362
0.299	0.245	0.054
0.801	0.408	0.393
0.757	0.912	-0.155
0.727	0.481	0.246
0.797	0.462	0.335
0.461	0.082	0.379
0.534	0.752	-0.218
0.342	0.302	0.04
0.564	0.362	0.202
0.06	0.488	-0.428
0.295	0.567	-0.272
0.649	1.0	-0.351
0.0	0.431	-0.431
0.433	0.605	-0.172
0.68	0.515	0.165
0.271	0.62	-0.349
0.306	0.627	-0.321
0.821	0.464	0.357
0.0	0.013	-0.013
0.0	0.007	-0.007
0.02	0.074	-0.054
0.554	0.436	0.118
0.564	0.552	0.012
0.487	0.493	-0.006
0.641	0.51	0.131
1.0	0.607	0.393
0.0	0.994	-0.994
0.0	0.731	-0.731
0.871	0.713	0.158
0.269	0.688	-0.419
1.0	0.812	0.188
1.0	0.491	0.509
0.567	0.485	0.082
0.17	0.227	-0.057
0.013	0.0	0.013
0.014	0.093	-0.079
0.371	0.596	-0.225
0.093	0.507	-0.414
0.149	0.411	-0.262
0.539	0.163	0.376
0.359	0.464	-0.105
0.572	0.531	0.041
0.961	1.0	-0.039
0.162	0.31	-0.148
0.169	0.302	-0.133
0.367	0.0	0.367
0.024	0.13	-0.106
0.641	0.728	-0.087
0.442	0.508	-0.066
0.41	0.378	0.032
0.735	0.718	0.017
0.0	0.082	-0.082
0.14	0.444	-0.304
0.256	0.338	-0.082
0.551	0.537	0.014
0.446	0.518	-0.072
0.07	0.602	-0.532
0.073	0.0	0.073
0.637	0.608	0.029
0.085	0.483	-0.398
0.459	0.48	-0.021
0.302	0.387	-0.085
0.788	1.0	-0.212
0.786	1.0	-0.214
0.889	1.0	-0.111
0.486	0.146	0.34
0.205	0.0	0.205
0.105	0.0	0.105
0.037	0.393	-0.356
0.02	0.068	-0.048
1.0	0.735	0.265
0.545	0.446	0.099
0.007	0.006	0.001
0.053	0.014	0.039
0.391	0.527	-0.136
0.527	1.0	-0.473
0.08	0.336	-0.256
1.0	0.89	0.11
0.548	0.541	0.007
0.555	0.536	0.019
0.245	0.753	-0.508
0.094	0.0	0.094
0.09	0.0	0.09
0.993	1.0	-0.007
0.518	0.537	-0.019
0.564	0.703	-0.139
0.278	0.173	0.105
0.372	0.452	-0.08
0.449	0.318	0.131
0.558	0.552	0.006
0.273	0.379	-0.106
0.459	0.451	0.008
1.0	0.748	0.252
0.616	0.693	-0.077
0.796	0.67	0.126
0.825	0.274	0.551
1.0	0.73	0.27
0.171	0.396	-0.225
0.509	0.361	0.148
0.978	1.0	-0.022
0.778	0.819	-0.041
0.514	0.443	0.071
0.314	0.166	0.148
0.936	0.327	0.609
0.368	0.334	0.034
0.693	0.778	-0.085
0.0	0.934	-0.934
0.348	0.275	0.073
0.519	0.71	-0.191
0.484	0.44	0.044
0.525	0.517	0.008
0.084	0.0	0.084
0.81	0.864	-0.054
0.853	0.782	0.071
0.604	0.472	0.132
0.0	0.485	-0.485
1.0	0.965	0.035
0.612	0.0	0.612
0.363	0.475	-0.112
0.641	0.444	0.197
0.462	0.576	-0.114
0.428	0.721	-0.293
0.183	0.223	-0.04
0.458	0.49	-0.032
1.0	0.467	0.533
0.197	0.316	-0.119
0.83	0.492	0.338
0.536	0.603	-0.067
0.0	0.251	-0.251
0.865	0.255	0.61
0.426	0.586	-0.16
0.916	1.0	-0.084
0.88	1.0	-0.12
0.874	0.599	0.275
0.338	0.471	-0.133
0.904	1.0	-0.096
0.743	0.41	0.333
0.653	0.456	0.197
0.386	0.212	0.174
0.73	0.715	0.015
0.812	0.903	-0.091
0.326	0.367	-0.041
0.465	0.641	-0.176
0.007	0.035	-0.028
1.0	0.939	0.061
0.0	0.66	-0.66
1.0	0.532	0.468
0.579	0.648	-0.069
0.651	0.391	0.26
0.0	0.444	-0.444
0.0	0.3	-0.3
0.444	0.422	0.022
0.549	0.61	-0.061
0.006	0.029	-0.023
0.169	0.0	0.169
0.29	0.307	-0.017
0.604	0.598	0.006
0.462	0.496	-0.034
0.013	0.03	-0.017
0.553	0.525	0.028
0.409	0.395	0.014
0.117	1.0	-0.883
0.619	0.673	-0.054
1.0	0.219	0.781
0.949	0.948	0.001
0.569	0.567	0.002
0.967	0.981	-0.014
0.304	0.212	0.092
0.557	0.51	0.047
1.0	0.636	0.364
0.054	0.245	-0.191
0.41	0.495	-0.085
0.405	0.427	-0.022
0.587	0.492	0.095
0.422	0.445	-0.023
0.085	0.514	-0.429
0.128	0.429	-0.301
0.478	0.989	-0.511
0.941	0.707	0.234
0.9	0.584	0.316
0.149	0.107	0.042
0.411	0.113	0.298
0.18	0.167	0.013
0.799	0.517	0.282
0.0	0.439	-0.439
0.0	0.458	-0.458
0.08	0.0	0.08
0.55	0.433	0.117
0.538	0.517	0.021
0.53	0.446	0.084
0.0	0.013	-0.013
0.708	0.214	0.494
0.004	0.003	0.001
0.011	0.01	0.001
0.599	0.502	0.097
0.811	0.674	0.137
0.0	0.319	-0.319
0.567	0.622	-0.055
0.751	1.0	-0.249
0.978	0.973	0.005
0.975	0.972	0.003
0.474	0.544	-0.07
0.361	0.228	0.133
0.549	0.45	0.099
0.161	0.059	0.102
0.489	0.548	-0.059
0.433	0.49	-0.057
0.542	0.521	0.021
0.715	0.895	-0.18
0.295	0.317	-0.022
0.013	0.048	-0.035
0.23	0.402	-0.172
0.942	0.772	0.17
0.994	0.936	0.058
0.048	0.094	-0.046
0.329	0.279	0.05
0.81	0.481	0.329
1.0	0.665	0.335
0.551	0.422	0.129
0.501	0.609	-0.108
0.457	0.45	0.007
0.588	0.456	0.132
0.792	0.796	-0.004
1.0	0.954	0.046
0.432	0.842	-0.41
0.457	0.279	0.178
0.294	0.521	-0.227
0.0	0.012	-0.012
0.0	0.043	-0.043
1.0	0.631	0.369
0.058	0.085	-0.027
0.52	0.586	-0.066
0.713	1.0	-0.287
0.525	0.453	0.072
0.525	0.806	-0.281
0.389	0.486	-0.097
0.966	0.482	0.484
0.683	0.589	0.094
0.137	0.323	-0.186
0.377	0.354	0.023
0.574	0.401	0.173
0.084	0.524	-0.44
0.851	0.784	0.067
0.0	0.41	-0.41
0.02	0.097	-0.077
0.334	0.311	0.023
0.682	0.464	0.218
0.941	0.978	-0.037
0.929	1.0	-0.071
0.334	0.223	0.111
0.937	1.0	-0.063
0.811	0.659	0.152
0.852	0.673	0.179
0.97	1.0	-0.03
0.677	0.965	-0.288
0.864	0.798	0.066
0.471	0.533	-0.062
0.204	0.45	-0.246
0.647	0.507	0.14
1.0	0.0	1.0
1.0	0.494	0.506
0.976	1.0	-0.024
0.594	0.56	0.034
0.553	0.493	0.06
0.297	0.189	0.108
0.438	0.447	-0.009
0.649	0.777	-0.128
0.271	0.458	-0.187
0.575	0.588	-0.013
0.266	0.112	0.154
1.0	0.943	0.057
0.404	0.771	-0.367
0.0	0.034	-0.034
0.294	0.505	-0.211
0.287	0.502	-0.215
0.308	0.075	0.233
0.503	0.38	0.123
0.383	0.923	-0.54
0.884	0.992	-0.108
0.707	0.568	0.139
0.793	0.879	-0.086
0.228	0.365	-0.137
0.704	0.758	-0.054
0.72	0.512	0.208
0.097	0.353	-0.256
0.535	0.487	0.048
0.472	0.458	0.014
0.472	0.438	0.034
0.034	0.0	0.034
0.017	0.0	0.017
0.418	0.408	0.01
0.077	0.043	0.034
1.0	0.453	0.547
1.0	0.0	1.0
0.694	1.0	-0.306
0.348	0.303	0.045
0.697	0.685	0.012
0.331	0.303	0.028
0.141	0.029	0.112
0.018	0.0	0.018
0.528	0.677	-0.149
0.336	0.272	0.064
0.513	0.455	0.058
0.148	0.113	0.035
0.149	0.121	0.028
1.0	0.911	0.089
0.395	0.433	-0.038
0.545	0.522	0.023
0.596	0.578	0.018
0.205	0.44	-0.235
0.536	0.079	0.457
0.272	0.234	0.038
0.527	0.526	0.001
0.528	0.625	-0.097
0.98	0.978	0.002
0.551	0.504	0.047
0.466	0.297	0.169
0.67	0.846	-0.176
0.844	0.101	0.743
0.018	0.0	0.018
0.231	0.118	0.113
0.646	0.733	-0.087
0.641	0.785	-0.144
0.535	0.365	0.17
0.214	0.312	-0.098
0.685	0.652	0.033
0.357	0.377	-0.02
0.53	0.55	-0.02
0.0	0.881	-0.881
0.325	0.358	-0.033
0.179	0.0	0.179
0.334	0.0	0.334
0.912	0.882	0.03
0.275	0.195	0.08
0.673	0.495	0.178
0.27	0.447	-0.177
0.083	0.26	-0.177
0.032	0.0	0.032
0.506	0.624	-0.118
0.608	0.598	0.01
0.095	0.329	-0.234
0.427	0.444	-0.017
0.585	0.779	-0.194
0.332	0.286	0.046
0.09	0.239	-0.149
0.439	0.787	-0.348
0.341	1.0	-0.659
0.788	0.615	0.173
0.491	0.48	0.011
0.648	0.0	0.648
0.193	0.458	-0.265
0.557	0.443	0.114
0.008	0.096	-0.088
0.015	0.15	-0.135
0.606	0.596	0.01
0.63	0.204	0.426
0.924	0.518	0.406
0.284	0.152	0.132
0.465	0.458	0.007
0.968	1.0	-0.032
0.932	1.0	-0.068
0.483	0.561	-0.078
0.694	0.71	-0.016
0.714	0.737	-0.023
0.523	0.676	-0.153
0.635	0.515	0.12
0.308	0.512	-0.204
0.894	0.426	0.468
0.826	1.0	-0.174
0.83	1.0	-0.17
0.339	0.192	0.147
0.232	0.346	-0.114
0.456	0.492	-0.036
0.031	0.012	0.019
0.956	0.446	0.51
0.49	0.457	0.033
0.379	0.766	-0.387
0.0	0.26	-0.26
0.0	0.341	-0.341
0.523	0.464	0.059
0.822	0.515	0.307
0.0	0.211	-0.211
0.0	0.327	-0.327
0.253	0.457	-0.204
0.483	0.675	-0.192
0.054	0.405	-0.351
0.527	0.552	-0.025
0.26	0.372	-0.112
0.32	0.386	-0.066
0.16	0.346	-0.186
0.036	0.0	0.036
0.768	0.408	0.36
0.097	0.394	-0.297
0.219	1.0	-0.781
0.469	0.409	0.06
0.451	0.549	-0.098
1.0	0.494	0.506
0.615	0.86	-0.245
0.402	0.426	-0.024
0.65	0.779	-0.129
0.177	0.089	0.088
0.688	0.404	0.284
0.62	0.609	0.011
0.246	0.24	0.006
0.471	0.393	0.078
0.469	0.287	0.182
0.235	0.585	-0.35
0.0	0.417	-0.417
0.288	0.232	0.056
0.0	0.528	-0.528
0.489	0.3	0.189
0.895	0.594	0.301
0.543	1.0	-0.457
0.292	0.317	-0.025
0.0	0.553	-0.553
0.286	0.311	-0.025
0.773	0.699	0.074
0.0	0.018	-0.018
0.766	0.875	-0.109
0.505	0.434	0.071
0.0	0.374	-0.374
0.217	0.17	0.047
0.274	0.284	-0.01
0.005	0.003	0.002
0.0	0.003	-0.003
0.482	0.521	-0.039
0.635	0.195	0.44
0.798	0.223	0.575
0.818	1.0	-0.182
0.818	1.0	-0.182
0.625	0.412	0.213
0.862	0.326	0.536
0.0	0.291	-0.291
0.691	0.909	-0.218
0.538	0.304	0.234
0.0	0.572	-0.572
0.75	0.79	-0.04
0.796	0.778	0.018
0.915	0.859	0.056
0.591	0.519	0.072
0.118	0.151	-0.033
0.726	0.922	-0.196
0.093	0.026	0.067
0.526	0.44	0.086
0.561	0.547	0.014
0.47	0.508	-0.038
0.233	0.0	0.233
0.224	0.536	-0.312
0.0	0.27	-0.27
0.467	0.598	-0.131
0.722	0.433	0.289
0.514	0.35	0.164
0.0	1.0	-1.0
0.541	0.709	-0.168
0.758	0.61	0.148
0.0	0.042	-0.042
0.014	0.36	-0.346
0.551	0.662	-0.111
0.402	0.414	-0.012
0.225	0.566	-0.341
0.469	0.655	-0.186
0.054	0.065	-0.011
0.603	0.521	0.082
0.943	0.873	0.07
0.507	0.606	-0.099
0.829	0.752	0.077
0.97	0.848	0.122
0.504	0.436	0.068
0.689	0.772	-0.083
0.181	0.171	0.01
0.482	0.601	-0.119
0.461	0.318	0.143
0.588	0.512	0.076
0.714	1.0	-0.286
0.268	0.232	0.036
0.577	0.552	0.025
0.994	1.0	-0.006
0.162	0.211	-0.049
0.235	0.413	-0.178
0.0	0.704	-0.704
0.005	0.014	-0.009
0.0	0.461	-0.461
0.08	0.102	-0.022
0.029	0.066	-0.037
0.443	0.25	0.193
0.535	0.0	0.535
0.964	0.825	0.139
0.241	0.0	0.241
0.959	0.818	0.141
0.715	0.445	0.27
0.092	0.337	-0.245
0.492	0.433	0.059
0.599	0.37	0.229
0.065	0.235	-0.17
0.0	0.116	-0.116
0.0	0.774	-0.774
0.0	0.023	-0.023
0.95	1.0	-0.05
0.422	0.903	-0.481
0.686	0.25	0.436
0.915	0.993	-0.078
0.673	0.637	0.036
0.12	0.0	0.12
0.0	0.181	-0.181
0.648	0.776	-0.128
0.927	0.972	-0.045
0.382	0.373	0.009
1.0	0.25	0.75
0.254	0.802	-0.548
1.0	0.478	0.522
1.0	0.94	0.06
0.309	0.458	-0.149
0.076	0.136	-0.06
0.63	0.675	-0.045
0.115	0.258	-0.143
0.302	0.275	0.027
0.879	0.51	0.369
0.616	0.0	0.616
0.766	0.737	0.029
0.0	1.0	-1.0
0.833	0.818	0.015
0.677	0.709	-0.032
0.404	0.352	0.052
0.387	0.558	-0.171
0.0	0.336	-0.336
0.415	0.487	-0.072
0.0	0.321	-0.321
0.433	0.337	0.096
1.0	0.518	0.482
1.0	0.654	0.346
0.615	0.0	0.615
0.232	0.348	-0.116
0.892	1.0	-0.108
0.207	0.209	-0.002
0.492	0.308	0.184
0.478	0.435	0.043
1.0	0.807	0.193
0.0	0.078	-0.078
0.0	0.073	-0.073
0.318	0.19	0.128
0.172	0.099	0.073
1.0	0.679	0.321
0.497	0.679	-0.182
0.667	0.482	0.185
0.502	0.458	0.044
0.0	0.132	-0.132
0.068	0.337	-0.269
0.0	0.118	-0.118
0.641	0.521	0.12
0.625	0.566	0.059
0.094	0.0	0.094
0.242	0.0	0.242
0.557	0.399	0.158
0.799	0.496	0.303
0.902	0.8	0.102
1.0	0.0	1.0
0.137	0.309	-0.172
0.0	1.0	-1.0
1.0	0.752	0.248
0.479	0.571	-0.092
0.303	0.298	0.005
0.0	0.213	-0.213
0.0	0.412	-0.412
0.0	0.127	-0.127
0.299	0.0	0.299
0.314	0.555	-0.241
0.987	1.0	-0.013
0.967	0.887	0.08
0.405	0.444	-0.039
0.467	0.378	0.089
0.399	0.533	-0.134
0.447	0.586	-0.139
0.434	0.514	-0.08
0.358	0.425	-0.067
0.273	0.542	-0.269
0.579	0.648	-0.069
0.913	1.0	-0.087
0.294	0.381	-0.087
0.975	1.0	-0.025
0.093	0.0	0.093
0.988	0.816	0.172
0.404	0.781	-0.377
0.922	0.779	0.143
0.626	0.562	0.064
0.35	0.409	-0.059
0.457	0.571	-0.114
0.152	0.38	-0.228
0.598	0.0	0.598
0.532	0.46	0.072
1.0	0.421	0.579
0.59	0.489	0.101
0.299	0.335	-0.036
0.127	0.032	0.095
0.06	0.062	-0.002
0.469	0.601	-0.132
0.124	0.506	-0.382
0.933	0.668	0.265
0.643	0.57	0.073
0.89	0.844	0.046
0.726	0.68	0.046
0.213	0.366	-0.153
0.481	0.393	0.088
0.619	0.522	0.097
0.263	0.367	-0.104
0.601	0.583	0.018
0.832	1.0	-0.168
0.377	0.56	-0.183
0.951	0.955	-0.004
0.464	0.641	-0.177
0.44	0.409	0.031
0.169	0.252	-0.083
0.48	0.467	0.013
0.035	0.224	-0.189
0.387	0.333	0.054
0.03	0.204	-0.174
0.353	0.308	0.045
0.402	0.377	0.025
0.589	0.624	-0.035
0.134	0.271	-0.137
0.003	0.05	-0.047
1.0	0.626	0.374
0.539	0.39	0.149
0.649	0.798	-0.149
0.166	0.457	-0.291
0.189	0.319	-0.13
0.528	0.564	-0.036
0.995	0.998	-0.003
0.877	0.649	0.228
0.281	0.466	-0.185
0.212	1.0	-0.788
0.322	0.248	0.074
0.118	0.334	-0.216
0.325	0.364	-0.039
0.766	0.0	0.766
0.978	1.0	-0.022
0.363	0.428	-0.065
0.649	0.695	-0.046
0.38	0.347	0.033
0.82	0.348	0.472
0.707	0.663	0.044
0.458	1.0	-0.542
0.808	0.863	-0.055
0.739	0.829	-0.09
0.402	0.434	-0.032
0.795	0.465	0.33
0.842	0.531	0.311
0.781	0.928	-0.147
0.082	0.042	0.04
0.012	0.363	-0.351
0.173	0.303	-0.13
0.748	0.96	-0.212
0.364	0.512	-0.148
0.507	0.419	0.088
0.0	0.005	-0.005
0.975	0.882	0.093
0.942	0.47	0.472
0.0	0.038	-0.038
0.372	0.554	-0.182
0.401	0.732	-0.331
0.288	0.5	-0.212
0.0	0.181	-0.181
0.782	0.506	0.276
0.333	0.433	-0.1
0.695	0.798	-0.103
0.179	0.0	0.179
0.464	0.0	0.464
0.707	0.718	-0.011
0.419	0.575	-0.156
0.537	0.321	0.216
0.397	0.18	0.217
0.256	0.737	-0.481
0.992	0.487	0.505
0.611	0.363	0.248
0.569	0.587	-0.018
0.291	0.0	0.291
0.46	0.467	-0.007
1.0	0.891	0.109
0.498	0.542	-0.044
0.991	1.0	-0.009
0.726	0.551	0.175
0.449	0.349	0.1
0.615	0.705	-0.09
0.601	0.383	0.218
0.669	0.662	0.007
0.726	0.783	-0.057
0.348	0.361	-0.013
1.0	0.721	0.279
0.873	0.838	0.035
0.173	0.083	0.09
0.66	0.593	0.067
0.456	0.535	-0.079
0.0	0.574	-0.574
0.501	0.461	0.04
0.862	0.912	-0.05
0.394	0.456	-0.062
0.181	0.239	-0.058
0.51	0.564	-0.054
0.018	0.278	-0.26
0.541	0.355	0.186
0.457	0.349	0.108
0.271	0.338	-0.067
0.1	0.122	-0.022
0.43	0.0	0.43
0.367	0.582	-0.215
0.949	1.0	-0.051
0.268	0.534	-0.266
0.378	0.323	0.055
0.72	0.638	0.082
0.0	0.383	-0.383
0.045	0.043	0.002
0.988	1.0	-0.012
0.94	0.707	0.233
0.805	0.648	0.157
0.047	0.373	-0.326
0.587	0.615	-0.028
0.327	0.459	-0.132
0.478	0.485	-0.007
0.0	0.04	-0.04
1.0	0.586	0.414
0.0	0.015	-0.015
0.377	0.259	0.118
0.54	0.561	-0.021
0.602	0.293	0.309
0.399	0.386	0.013
0.112	0.426	-0.314
0.521	0.468	0.053
0.51	0.524	-0.014
0.453	0.519	-0.066
0.024	0.029	-0.005
0.566	0.532	0.034
0.58	0.627	-0.047
0.492	0.519	-0.027
0.659	0.642	0.017
0.196	0.269	-0.073
0.391	0.0	0.391
0.691	0.576	0.115
0.726	0.515	0.211
0.0	1.0	-1.0
0.05	0.0	0.05
0.468	0.63	-0.162
0.97	1.0	-0.03
0.794	0.806	-0.012
0.661	0.502	0.159
0.279	0.546	-0.267
0.0	0.337	-0.337
0.754	0.741	0.013
0.612	0.467	0.145
0.464	0.489	-0.025
0.313	0.095	0.218
0.795	0.69	0.105
1.0	0.79	0.21
1.0	0.894	0.106
1.0	0.938	0.062
1.0	0.894	0.106
0.42	0.469	-0.049
0.473	0.708	-0.235
0.62	0.57	0.05
1.0	0.939	0.061
0.0	0.055	-0.055
0.0	0.138	-0.138
0.183	0.133	0.05
0.0	0.095	-0.095
0.0	0.222	-0.222
1.0	0.844	0.156
1.0	0.921	0.079
0.195	0.327	-0.132
0.346	0.185	0.161
0.299	0.307	-0.008
0.487	0.429	0.058
0.216	0.086	0.13
0.763	0.901	-0.138
0.349	0.516	-0.167
0.733	0.531	0.202
1.0	0.258	0.742
0.0	1.0	-1.0
0.479	0.533	-0.054
0.616	0.743	-0.127
0.0	0.091	-0.091
0.428	0.688	-0.26
0.978	0.951	0.027
0.988	0.974	0.014
1.0	0.981	0.019
0.297	0.451	-0.154
0.984	1.0	-0.016
0.362	0.242	0.12
0.806	0.417	0.389
0.57	0.188	0.382
0.545	0.166	0.379
0.776	0.331	0.445
0.62	0.948	-0.328
1.0	0.789	0.211
0.575	0.496	0.079
0.632	0.495	0.137
0.509	0.649	-0.14
0.351	0.63	-0.279
0.158	0.712	-0.554
0.988	0.95	0.038
1.0	0.375	0.625
0.316	0.16	0.156
0.639	0.689	-0.05
0.755	0.0	0.755
0.967	0.949	0.018
0.815	0.683	0.132
0.046	0.017	0.029
0.69	0.416	0.274
0.916	0.593	0.323
0.831	0.672	0.159
0.124	0.0	0.124
0.647	0.476	0.171
0.043	0.486	-0.443
0.887	0.983	-0.096
0.892	0.977	-0.085
0.435	0.48	-0.045
0.401	0.041	0.36
1.0	0.932	0.068
0.809	0.406	0.403
0.449	0.386	0.063
0.411	0.509	-0.098
0.17	0.551	-0.381
0.553	0.544	0.009
0.552	0.659	-0.107
0.094	0.0	0.094
0.263	0.781	-0.518
0.482	0.583	-0.101
0.251	0.251	0.0
0.394	0.291	0.103
1.0	0.955	0.045
0.082	0.21	-0.128
0.0	1.0	-1.0
0.632	0.637	-0.005
0.586	0.586	0.0
0.298	0.472	-0.174
0.516	0.622	-0.106
0.443	0.444	-0.001
1.0	0.924	0.076
0.33	0.425	-0.095
0.568	0.28	0.288
0.567	0.595	-0.028
0.0	0.807	-0.807
0.0	0.841	-0.841
0.37	0.33	0.04
0.466	0.443	0.023
0.628	1.0	-0.372
0.832	0.579	0.253
1.0	0.565	0.435
0.7	0.502	0.198
0.329	0.329	0.0
0.4	0.364	0.036
0.208	0.174	0.034
0.234	0.33	-0.096
0.528	0.581	-0.053
0.0	0.199	-0.199
0.179	0.445	-0.266
0.416	0.505	-0.089
0.389	0.0	0.389
0.326	0.478	-0.152
0.536	0.457	0.079
0.058	0.0	0.058
0.084	0.0	0.084
0.386	0.509	-0.123
0.06	0.0	0.06
0.073	0.257	-0.184
0.0	0.315	-0.315
0.557	0.497	0.06
0.553	0.435	0.118
0.247	0.435	-0.188
0.768	0.235	0.533
0.0	0.193	-0.193
0.775	0.953	-0.178
0.337	0.598	-0.261
0.518	0.829	-0.311
0.632	1.0	-0.368
0.997	0.99	0.007
0.155	0.0	0.155
0.195	0.455	-0.26
0.338	0.39	-0.052
0.439	0.845	-0.406
0.561	0.53	0.031
0.024	0.058	-0.034
0.619	0.448	0.171
0.497	0.379	0.118
0.31	0.0	0.31
0.729	1.0	-0.271
0.085	0.513	-0.428
0.554	0.637	-0.083
0.274	0.336	-0.062
0.106	0.237	-0.131
0.68	0.182	0.498
0.488	0.497	-0.009
0.041	0.423	-0.382
0.165	0.748	-0.583
0.024	0.543	-0.519
0.0	0.043	-0.043
0.82	0.905	-0.085
0.65	0.599	0.051
0.136	0.046	0.09
0.0	0.072	-0.072
0.01	0.262	-0.252
0.0	0.175	-0.175
0.577	0.547	0.03
0.525	0.545	-0.02
0.549	0.587	-0.038
0.478	0.521	-0.043
0.397	0.391	0.006
0.539	0.31	0.229
0.679	0.59	0.089
0.726	0.634	0.092
0.02	0.0	0.02
0.532	0.816	-0.284
0.345	0.414	-0.069
0.986	0.983	0.003
0.619	0.564	0.055
0.507	0.365	0.142
0.195	0.484	-0.289
0.795	0.771	0.024
0.335	0.226	0.109
0.456	0.222	0.234
0.491	0.42	0.071
0.614	0.385	0.229
0.876	0.849	0.027
0.003	0.395	-0.392
0.239	0.44	-0.201
0.607	0.443	0.164
0.857	0.406	0.451
0.372	0.618	-0.246
0.658	0.597	0.061
1.0	0.226	0.774
0.0	0.691	-0.691
0.0	0.126	-0.126
0.326	0.291	0.035
0.857	0.678	0.179
0.409	0.22	0.189
0.227	0.439	-0.212
1.0	0.402	0.598
1.0	0.249	0.751
1.0	0.449	0.551
0.519	0.524	-0.005
0.0	0.024	-0.024
0.348	0.381	-0.033
0.932	0.891	0.041
0.942	0.983	-0.041
0.565	0.398	0.167
0.404	0.6	-0.196
0.646	0.651	-0.005
0.266	0.516	-0.25
0.0	0.077	-0.077
0.0	0.039	-0.039
0.0	0.089	-0.089
0.328	0.442	-0.114
1.0	0.895	0.105
1.0	0.66	0.34
0.873	0.607	0.266
0.396	0.834	-0.438
0.271	0.413	-0.142
0.635	0.777	-0.142
0.197	0.314	-0.117
0.498	0.423	0.075
0.634	0.683	-0.049
0.642	0.681	-0.039
0.52	0.548	-0.028
0.443	0.435	0.008
0.398	0.368	0.03
0.225	0.118	0.107
0.242	0.048	0.194
0.136	0.403	-0.267
0.59	0.743	-0.153
0.507	0.576	-0.069
0.653	0.661	-0.008
0.562	0.474	0.088
0.025	1.0	-0.975
0.837	1.0	-0.163
0.766	0.491	0.275
0.837	1.0	-0.163
0.219	0.184	0.035
0.354	0.301	0.053
0.476	0.531	-0.055
0.597	0.497	0.1
0.387	0.635	-0.248
0.282	0.68	-0.398
0.805	1.0	-0.195
0.626	0.51	0.116
0.027	0.023	0.004
0.004	0.0	0.004
0.416	0.499	-0.083
1.0	0.314	0.686
0.219	0.627	-0.408
0.0	0.533	-0.533
0.026	0.328	-0.302
0.352	0.0	0.352
0.009	0.033	-0.024
0.94	0.743	0.197
0.493	1.0	-0.507
0.348	1.0	-0.652
0.521	0.502	0.019
0.463	0.482	-0.019
0.212	0.081	0.131
0.726	0.527	0.199
0.351	0.408	-0.057
0.53	0.495	0.035
0.156	0.252	-0.096
0.516	0.505	0.011
0.374	0.107	0.267
0.309	0.189	0.12
0.429	0.661	-0.232
0.513	0.471	0.042
0.035	0.0	0.035
0.165	0.596	-0.431
0.459	0.671	-0.212
1.0	0.0	1.0
0.0	1.0	-1.0
0.666	0.541	0.125
0.81	0.71	0.1
0.443	0.44	0.003
0.238	0.32	-0.082
0.482	0.693	-0.211
0.897	0.865	0.032
0.0	0.278	-0.278
0.444	0.456	-0.012
0.056	0.256	-0.2
0.711	0.786	-0.075
0.778	0.508	0.27
0.833	0.774	0.059
0.138	0.001	0.137
0.381	0.023	0.358
0.277	0.308	-0.031
0.681	0.606	0.075
0.419	0.445	-0.026
0.844	0.644	0.2
0.655	0.533	0.122
0.911	0.763	0.148
0.485	0.636	-0.151
0.363	0.357	0.006
0.204	0.163	0.041
0.705	0.651	0.054
0.61	0.648	-0.038
0.926	0.41	0.516
0.04	0.0	0.04
0.555	0.353	0.202
0.967	1.0	-0.033
0.017	0.321	-0.304
0.004	0.062	-0.058
0.51	0.551	-0.041
0.461	0.5	-0.039
0.601	0.595	0.006
0.369	0.633	-0.264
0.207	0.136	0.071
0.0	0.052	-0.052
0.244	0.299	-0.055
0.234	0.505	-0.271
0.943	0.911	0.032
0.558	0.482	0.076
0.407	0.342	0.065
0.634	0.437	0.197
0.398	0.42	-0.022
0.216	0.408	-0.192
0.164	0.75	-0.586
0.341	0.461	-0.12
0.891	0.936	-0.045
0.47	0.497	-0.027
0.651	0.335	0.316
0.642	0.599	0.043
0.0	0.071	-0.071
0.554	0.448	0.106
0.311	0.295	0.016
0.55	0.544	0.006
0.004	0.0	0.004
0.426	0.498	-0.072
0.931	0.935	-0.004
0.513	0.41	0.103
0.067	0.093	-0.026
0.492	0.595	-0.103
0.273	0.402	-0.129
0.805	0.545	0.26
0.508	0.615	-0.107
0.34	0.428	-0.088
0.976	0.714	0.262
0.448	0.49	-0.042
0.528	0.471	0.057
0.823	0.619	0.204
0.623	1.0	-0.377
0.917	0.707	0.21
0.358	0.419	-0.061
0.523	0.573	-0.05
0.176	0.381	-0.205
0.138	0.313	-0.175
0.549	0.507	0.042
0.811	0.626	0.185
0.896	0.563	0.333
0.281	0.034	0.247
0.357	0.404	-0.047
0.262	0.333	-0.071
0.432	0.121	0.311
0.059	0.509	-0.45
0.141	0.537	-0.396
0.397	0.449	-0.052
0.962	0.959	0.003
0.959	0.994	-0.035
0.92	0.99	-0.07
0.027	0.473	-0.446
0.576	0.657	-0.081
1.0	0.985	0.015
0.433	0.578	-0.145
0.029	0.21	-0.181
0.205	0.924	-0.719
0.193	1.0	-0.807
0.877	1.0	-0.123
0.898	0.979	-0.081
0.891	1.0	-0.109
0.886	0.962	-0.076
0.0	0.452	-0.452
0.798	0.847	-0.049
0.508	0.577	-0.069
0.604	0.954	-0.35
0.815	0.807	0.008
0.729	0.374	0.355
0.0	0.815	-0.815
0.0	0.848	-0.848
0.061	0.837	-0.776
0.354	0.12	0.234
0.328	0.392	-0.064
0.241	0.365	-0.124
0.967	0.946	0.021
0.556	0.53	0.026
0.561	0.539	0.022
0.041	0.06	-0.019
0.284	0.43	-0.146
0.594	0.548	0.046
0.546	0.497	0.049
0.793	0.932	-0.139
0.292	0.459	-0.167
0.348	0.411	-0.063
0.446	0.438	0.008
0.425	0.471	-0.046
0.361	0.42	-0.059
0.918	1.0	-0.082
0.0	0.489	-0.489
0.0	0.308	-0.308
0.996	1.0	-0.004
0.892	0.395	0.497
0.907	0.636	0.271
0.428	0.409	0.019
0.516	0.59	-0.074
0.869	1.0	-0.131
0.394	0.61	-0.216
0.25	0.0	0.25
0.716	0.767	-0.051
0.95	0.913	0.037
0.56	0.358	0.202
0.608	0.48	0.128
1.0	0.455	0.545
0.12	0.435	-0.315
0.548	0.572	-0.024
0.603	0.712	-0.109
0.826	0.861	-0.035
0.594	0.242	0.352
0.728	0.722	0.006
0.455	0.486	-0.031
0.73	0.28	0.45
0.45	0.72	-0.27
0.005	0.0	0.005
0.299	0.338	-0.039
0.584	0.0	0.584
0.0	0.493	-0.493
0.0	0.235	-0.235
0.101	0.717	-0.616
0.491	0.431	0.06
0.426	0.404	0.022
0.698	0.651	0.047
0.407	0.557	-0.15
0.403	0.574	-0.171
0.575	0.561	0.014
0.971	0.969	0.002
0.372	0.508	-0.136
0.035	0.0	0.035
0.509	1.0	-0.491
1.0	0.39	0.61
1.0	0.0	1.0
1.0	0.665	0.335
0.0	0.057	-0.057
0.539	0.449	0.09
0.734	0.758	-0.024
0.179	0.267	-0.088
0.532	0.543	-0.011
1.0	0.0	1.0
0.44	0.537	-0.097
0.244	0.492	-0.248
0.571	0.467	0.104
0.596	0.492	0.104
0.491	0.558	-0.067
0.601	0.602	-0.001
0.081	0.433	-0.352
0.477	0.633	-0.156
0.373	0.356	0.017
0.155	0.413	-0.258
0.882	0.41	0.472
0.978	1.0	-0.022
0.0	0.461	-0.461
0.286	0.0	0.286
0.167	0.857	-0.69
0.667	0.444	0.223
0.0	0.897	-0.897
0.5	0.519	-0.019
0.47	0.368	0.102
1.0	0.963	0.037
0.12	0.0	0.12
0.534	0.555	-0.021
0.454	0.4	0.054
0.181	0.096	0.085
0.091	0.091	0.0
0.692	0.721	-0.029
0.464	0.493	-0.029
0.423	1.0	-0.577
0.0	0.325	-0.325
0.543	0.465	0.078
0.941	0.953	-0.012
0.016	0.354	-0.338
0.426	0.495	-0.069
0.012	0.057	-0.045
0.049	0.204	-0.155
0.485	0.727	-0.242
0.792	0.393	0.399
0.357	0.45	-0.093
0.401	0.577	-0.176
0.396	0.433	-0.037
0.251	0.337	-0.086
0.0	0.004	-0.004
0.426	0.517	-0.091
0.425	0.514	-0.089
0.498	0.139	0.359
0.827	0.741	0.086
0.008	0.085	-0.077
0.012	0.338	-0.326
0.464	0.0	0.464
0.282	0.285	-0.003
0.49	0.0	0.49
0.219	0.525	-0.306
0.805	0.194	0.611
0.867	1.0	-0.133
0.146	0.291	-0.145
0.026	0.0	0.026
0.079	0.354	-0.275
0.171	0.23	-0.059
0.237	0.549	-0.312
0.022	0.081	-0.059
0.033	0.263	-0.23
0.14	0.352	-0.212
0.298	0.225	0.073
0.411	0.429	-0.018
0.425	0.055	0.37
0.0	0.011	-0.011
0.513	0.494	0.019
0.486	0.473	0.013
0.122	0.155	-0.033
0.597	0.535	0.062
0.183	0.254	-0.071
0.495	0.547	-0.052
0.512	0.435	0.077
0.044	0.0	0.044
0.038	0.0	0.038
0.033	0.0	0.033
0.46	0.411	0.049
0.798	0.72	0.078
0.434	0.404	0.03
0.123	0.136	-0.013
0.682	0.639	0.043
0.039	0.057	-0.018
0.545	0.537	0.008
0.485	0.475	0.01
0.386	0.511	-0.125
0.301	0.388	-0.087
0.507	0.525	-0.018
0.52	0.544	-0.024
0.368	0.499	-0.131
0.651	0.452	0.199
0.671	0.51	0.161
0.74	0.242	0.498
0.272	0.169	0.103
0.0	0.021	-0.021
0.0	0.009	-0.009
0.691	0.396	0.295
0.528	0.527	0.001
0.635	0.516	0.119
0.026	0.007	0.019
0.171	0.038	0.133
0.372	0.273	0.099
0.221	0.274	-0.053
0.587	0.575	0.012
0.189	0.3	-0.111
0.609	0.541	0.068
0.986	1.0	-0.014
0.971	1.0	-0.029
0.458	0.487	-0.029
0.0	0.05	-0.05
0.344	0.05	0.294
1.0	0.0	1.0
0.261	0.414	-0.153
0.119	0.156	-0.037
0.015	0.0	0.015
0.494	0.502	-0.008
0.299	0.395	-0.096
0.533	0.622	-0.089
0.406	0.477	-0.071
0.0	0.012	-0.012
0.0	0.042	-0.042
0.0	0.157	-0.157
0.006	0.01	-0.004
0.285	0.275	0.01
0.931	0.834	0.097
0.299	0.296	0.003
0.181	0.0	0.181
0.514	0.454	0.06
0.155	0.554	-0.399
0.501	0.622	-0.121
0.226	0.417	-0.191
0.613	0.655	-0.042
0.475	0.422	0.053
0.444	0.465	-0.021
0.528	0.886	-0.358
0.169	0.426	-0.257
0.996	0.986	0.01
0.69	0.649	0.041
0.603	1.0	-0.397
0.0	0.062	-0.062
0.0	0.051	-0.051
0.275	0.442	-0.167
0.204	0.352	-0.148
0.835	0.0	0.835
0.01	0.458	-0.448
0.165	0.528	-0.363
0.531	0.336	0.195
0.849	0.845	0.004
0.455	0.932	-0.477
0.218	0.073	0.145
0.649	0.548	0.101
1.0	0.402	0.598
1.0	0.96	0.04
0.011	0.016	-0.005
0.279	0.352	-0.073
0.237	0.0	0.237
0.0	0.546	-0.546
0.443	0.701	-0.258
0.014	0.0	0.014
0.622	0.31	0.312
0.572	0.291	0.281
0.083	0.193	-0.11
0.346	0.458	-0.112
0.121	0.506	-0.385
0.451	0.473	-0.022
0.455	0.582	-0.127
0.068	0.0	0.068
0.477	0.582	-0.105
0.484	0.474	0.01
0.53	0.583	-0.053
0.584	0.615	-0.031
0.704	1.0	-0.296
0.547	0.507	0.04
0.28	1.0	-0.72
0.28	0.437	-0.157
0.094	0.541	-0.447
0.29	0.489	-0.199
0.693	0.501	0.192
0.701	0.515	0.186
0.468	0.546	-0.078
0.132	0.081	0.051
0.577	0.495	0.082
0.376	0.0	0.376
0.761	0.724	0.037
0.661	0.63	0.031
0.22	0.085	0.135
0.803	0.206	0.597
1.0	0.311	0.689
0.359	0.324	0.035
0.398	0.372	0.026
0.677	0.0	0.677
0.224	0.324	-0.1
0.553	0.599	-0.046
0.847	0.533	0.314
0.791	0.575	0.216
0.641	0.515	0.126
0.052	0.118	-0.066
0.838	1.0	-0.162
0.728	0.517	0.211
0.37	0.456	-0.086
0.465	0.443	0.022
0.832	0.575	0.257
0.418	0.0	0.418
0.46	0.257	0.203
0.449	0.576	-0.127
0.058	0.058	0.0
0.079	0.166	-0.087
0.076	0.217	-0.141
0.429	0.809	-0.38
0.461	0.636	-0.175
0.502	0.498	0.004
0.638	0.652	-0.014
0.417	0.563	-0.146
0.325	0.591	-0.266
0.799	1.0	-0.201
0.349	0.362	-0.013
0.475	0.502	-0.027
0.319	0.338	-0.019
0.58	0.548	0.032
0.738	0.465	0.273
0.145	0.176	-0.031
0.271	0.625	-0.354
0.371	0.497	-0.126
0.502	1.0	-0.498
1.0	0.296	0.704
0.523	0.46	0.063
0.542	0.49	0.052
0.0	0.35	-0.35
0.601	0.727	-0.126
0.555	0.703	-0.148
0.398	0.624	-0.226
0.764	0.213	0.551
0.736	0.348	0.388
0.451	0.666	-0.215
0.517	0.502	0.015
0.0	0.122	-0.122
1.0	0.685	0.315
0.93	0.341	0.589
0.988	0.484	0.504
0.361	0.557	-0.196
0.281	0.262	0.019
0.26	0.26	0.0
0.544	0.449	0.095
0.545	0.0	0.545
0.0	0.323	-0.323
0.529	0.737	-0.208
0.17	0.41	-0.24
0.523	0.474	0.049
0.205	0.431	-0.226
1.0	0.375	0.625
0.24	0.0	0.24
0.24	0.599	-0.359
0.0	0.072	-0.072
1.0	0.615	0.385
1.0	0.52	0.48
1.0	0.494	0.506
0.143	0.598	-0.455
0.584	0.375	0.209
0.452	0.426	0.026
0.873	0.301	0.572
0.0	0.106	-0.106
0.829	0.0	0.829
0.335	0.466	-0.131
0.277	0.225	0.052
0.6	0.672	-0.072
0.882	0.891	-0.009
0.487	0.553	-0.066
0.315	0.334	-0.019
0.456	0.413	0.043
0.784	0.81	-0.026
0.375	0.36	0.015
0.142	0.117	0.025
0.065	0.076	-0.011
0.435	0.448	-0.013
0.375	0.405	-0.03
0.017	0.0	0.017
0.543	0.61	-0.067
0.569	0.551	0.018
0.637	0.626	0.011
0.12	0.456	-0.336
0.581	0.549	0.032
0.278	0.398	-0.12
0.503	0.742	-0.239
0.44	0.611	-0.171
0.446	0.449	-0.003
0.901	0.507	0.394
0.503	0.497	0.006
0.52	0.5	0.02
0.279	0.584	-0.305
0.384	0.433	-0.049
0.617	0.353	0.264
0.532	0.363	0.169
0.68	0.715	-0.035
0.592	0.437	0.155
0.375	0.413	-0.038
0.531	0.74	-0.209
0.37	0.0	0.37
0.11	0.339	-0.229
0.821	0.782	0.039
0.636	0.459	0.177
1.0	0.529	0.471
0.872	0.882	-0.01
0.475	0.328	0.147
0.329	0.297	0.032
0.566	0.615	-0.049
0.094	0.0	0.094
0.012	0.014	-0.002
0.641	0.258	0.383
0.0	0.567	-0.567
0.763	0.458	0.305
1.0	0.683	0.317
0.623	0.479	0.144
0.463	0.589	-0.126
0.862	0.357	0.505
0.96	1.0	-0.04
1.0	0.0	1.0
0.0	0.896	-0.896
1.0	0.0	1.0
1.0	0.0	1.0
1.0	0.698	0.302
1.0	0.381	0.619
1.0	0.82	0.18
1.0	0.834	0.166
0.0	0.881	-0.881
0.0	1.0	-1.0
0.897	1.0	-0.103
0.895	0.88	0.015
0.904	0.89	0.014
1.0	0.882	0.118
1.0	0.89	0.11
1.0	0.872	0.128
0.518	0.476	0.042
0.018	0.013	0.005
0.094	0.0	0.094
0.356	0.449	-0.093
0.036	0.106	-0.07
0.771	0.456	0.315
0.555	0.749	-0.194
0.504	0.553	-0.049
0.73	0.666	0.064
0.555	0.0	0.555
0.287	0.0	0.287
0.555	0.0	0.555
0.364	0.401	-0.037
0.522	0.532	-0.01
0.782	0.711	0.071
0.767	0.684	0.083
0.464	0.451	0.013
0.952	1.0	-0.048
0.48	0.618	-0.138
0.229	0.305	-0.076
0.0	0.02	-0.02
0.654	0.867	-0.213
0.032	0.279	-0.247
0.568	1.0	-0.432
0.846	1.0	-0.154
0.729	1.0	-0.271
0.752	1.0	-0.248
0.133	0.0	0.133
0.807	0.773	0.034
0.672	0.747	-0.075
0.964	1.0	-0.036
0.93	1.0	-0.07
0.328	0.464	-0.136
0.286	0.278	0.008
0.392	0.475	-0.083
0.366	0.22	0.146
0.235	0.697	-0.462
0.0	0.573	-0.573
0.703	0.605	0.098
0.317	0.51	-0.193
0.284	0.452	-0.168
0.587	0.412	0.175
0.711	0.408	0.303
0.763	0.595	0.168
0.506	0.622	-0.116
0.581	0.607	-0.026
0.626	0.447	0.179
0.017	0.166	-0.149
0.798	0.339	0.459
0.027	0.336	-0.309
0.436	0.337	0.099
0.0	0.377	-0.377
0.159	0.0	0.159
0.157	0.0	0.157
0.163	0.0	0.163
0.139	0.0	0.139
0.026	0.0	0.026
0.027	0.0	0.027
0.737	0.448	0.289
0.578	0.351	0.227
0.602	0.319	0.283
0.74	0.619	0.121
0.728	0.499	0.229
0.835	0.72	0.115
0.717	1.0	-0.283
0.607	0.563	0.044
0.336	0.455	-0.119
0.053	0.0	0.053
0.058	0.0	0.058
0.103	0.0	0.103
0.054	0.0	0.054
0.059	0.0	0.059
0.104	0.0	0.104
0.741	0.25	0.491
0.0	1.0	-1.0
0.111	0.523	-0.412
0.691	1.0	-0.309
0.607	0.559	0.048
0.971	0.942	0.029
0.047	0.189	-0.142
0.096	0.0	0.096
0.305	0.383	-0.078
0.058	0.034	0.024
0.13	0.337	-0.207
0.086	0.115	-0.029
0.595	0.709	-0.114
0.753	0.735	0.018
1.0	0.439	0.561
0.313	0.274	0.039
0.57	0.386	0.184
0.519	0.427	0.092
1.0	0.72	0.28
0.384	0.0	0.384
0.987	0.633	0.354
0.049	0.0	0.049
0.604	0.558	0.046
0.012	0.0	0.012
0.48	0.47	0.01
0.0	0.457	-0.457
0.0	0.487	-0.487
0.0	0.504	-0.504
0.453	0.432	0.021
0.42	0.323	0.097
0.68	0.665	0.015
0.397	0.388	0.009
0.153	0.326	-0.173
0.438	0.415	0.023
0.317	0.426	-0.109
1.0	0.937	0.063
0.275	0.571	-0.296
0.768	0.498	0.27
0.606	0.405	0.201
0.852	0.57	0.282
0.348	0.473	-0.125
0.0	0.356	-0.356
0.216	0.342	-0.126
0.0	0.269	-0.269
0.305	0.531	-0.226
0.404	0.071	0.333
0.487	0.568	-0.081
0.234	0.284	-0.05
0.0	0.594	-0.594
0.0	0.797	-0.797
1.0	0.959	0.041
0.672	0.593	0.079
0.301	0.297	0.004
0.0	0.506	-0.506
0.296	0.346	-0.05
0.226	0.201	0.025
0.532	0.558	-0.026
0.256	0.667	-0.411
0.677	0.372	0.305
0.631	0.562	0.069
0.0	0.07	-0.07
0.902	0.922	-0.02
0.074	0.151	-0.077
0.011	0.262	-0.251
0.954	1.0	-0.046
0.968	1.0	-0.032
0.124	0.207	-0.083
0.451	0.58	-0.129
0.209	0.164	0.045
0.083	0.102	-0.019
0.801	0.565	0.236
0.406	0.297	0.109
0.398	0.466	-0.068
0.409	0.465	-0.056
0.697	0.54	0.157
1.0	0.777	0.223
1.0	0.597	0.403
0.957	0.662	0.295
0.958	0.577	0.381
0.0	0.029	-0.029
0.165	0.751	-0.586
0.0	0.047	-0.047
0.645	1.0	-0.355
0.415	0.423	-0.008
0.647	0.624	0.023
0.275	0.276	-0.001
0.444	0.415	0.029
1.0	0.297	0.703
0.593	0.763	-0.17
1.0	0.435	0.565
0.411	0.411	0.0
0.358	0.344	0.014
1.0	0.787	0.213
0.982	0.938	0.044
0.07	0.169	-0.099
0.169	0.0	0.169
0.166	0.099	0.067
0.371	0.112	0.259
0.845	0.66	0.185
0.907	0.765	0.142
0.753	0.716	0.037
0.358	0.564	-0.206
0.238	0.436	-0.198
0.339	0.434	-0.095
0.317	0.353	-0.036
0.497	0.628	-0.131
1.0	0.803	0.197
1.0	0.417	0.583
1.0	0.45	0.55
1.0	0.328	0.672
1.0	0.411	0.589
1.0	0.321	0.679
1.0	0.484	0.516
0.224	0.04	0.184
0.751	0.497	0.254
0.819	0.589	0.23
0.745	0.622	0.123
0.106	0.04	0.066
0.58	0.443	0.137
0.182	0.356	-0.174
0.082	0.044	0.038
0.409	0.541	-0.132
0.726	0.682	0.044
0.735	0.592	0.143
0.511	0.403	0.108
0.0	0.353	-0.353
0.0	0.1	-0.1
0.458	0.302	0.156
0.622	0.478	0.144
0.115	0.537	-0.422
0.113	0.521	-0.408
0.125	0.556	-0.431
0.414	0.534	-0.12
0.173	0.265	-0.092
0.018	0.468	-0.45
0.803	0.521	0.282
1.0	0.578	0.422
0.0	0.434	-0.434
0.973	0.954	0.019
0.075	0.0	0.075
0.075	0.0	0.075
0.218	0.472	-0.254
0.413	0.232	0.181
0.917	0.58	0.337
0.11	0.478	-0.368
0.547	0.59	-0.043
0.26	0.412	-0.152
0.49	0.405	0.085
0.11	0.03	0.08
0.674	0.32	0.354
1.0	0.759	0.241
0.274	0.395	-0.121
0.381	0.672	-0.291
0.998	1.0	-0.002
0.778	0.832	-0.054
0.402	0.3	0.102
0.909	0.825	0.084
0.065	0.066	-0.001
0.733	0.627	0.106
0.243	0.557	-0.314
0.496	0.751	-0.255
0.105	0.429	-0.324
0.264	0.642	-0.378
0.767	0.501	0.266
0.596	0.465	0.131
0.027	0.009	0.018
0.106	0.144	-0.038
0.061	0.408	-0.347
0.463	0.559	-0.096
0.114	0.171	-0.057
0.13	0.142	-0.012
1.0	0.647	0.353
0.992	1.0	-0.008
0.546	0.696	-0.15
1.0	0.0	1.0
0.701	0.0	0.701
0.0	0.623	-0.623
0.497	0.669	-0.172
0.39	0.315	0.075
0.315	0.513	-0.198
0.109	0.104	0.005
0.423	1.0	-0.577
0.032	0.059	-0.027
0.0	0.209	-0.209
0.578	0.591	-0.013
0.957	0.939	0.018
0.178	0.421	-0.243
0.501	0.715	-0.214
0.595	0.533	0.062
0.998	1.0	-0.002
0.024	0.0	0.024
0.471	0.454	0.017
0.495	0.59	-0.095
0.492	0.478	0.014
0.397	0.533	-0.136
0.383	0.406	-0.023
0.469	0.362	0.107
0.075	0.123	-0.048
0.449	0.468	-0.019
0.665	0.463	0.202
0.903	1.0	-0.097
0.709	0.634	0.075
0.568	1.0	-0.432
0.416	0.492	-0.076
0.52	0.377	0.143
0.22	0.505	-0.285
1.0	0.459	0.541
0.0	0.231	-0.231
0.119	0.108	0.011
0.492	0.506	-0.014
0.004	0.125	-0.121
0.524	0.536	-0.012
0.0	0.525	-0.525
0.586	0.79	-0.204
0.486	0.627	-0.141
0.0	0.431	-0.431
0.371	0.307	0.064
0.0	0.585	-0.585
0.397	0.941	-0.544
0.056	0.0	0.056
0.249	0.254	-0.005
0.365	0.473	-0.108
0.776	0.542	0.234
0.982	0.927	0.055
0.641	0.583	0.058
0.469	0.513	-0.044
0.338	0.379	-0.041
0.466	0.374	0.092
0.166	0.378	-0.212
0.0	0.329	-0.329
0.571	0.505	0.066
0.177	0.114	0.063
0.185	0.0	0.185
1.0	0.506	0.494
0.64	0.51	0.13
0.512	0.811	-0.299
0.467	0.396	0.071
1.0	0.785	0.215
1.0	0.848	0.152
0.221	0.542	-0.321
0.714	0.897	-0.183
0.936	1.0	-0.064
0.139	0.129	0.01
0.89	1.0	-0.11
0.837	1.0	-0.163
0.861	1.0	-0.139
0.859	1.0	-0.141
0.336	0.34	-0.004
0.336	0.503	-0.167
0.0	0.241	-0.241
0.049	0.009	0.04
0.521	0.006	0.515
0.2	0.001	0.199
0.04	0.418	-0.378
0.044	0.483	-0.439
0.356	0.499	-0.143
0.479	0.543	-0.064
0.57	0.541	0.029
0.919	0.526	0.393
1.0	0.617	0.383
0.224	0.289	-0.065
0.743	0.428	0.315
0.17	0.22	-0.05
0.459	0.314	0.145
0.726	0.512	0.214
0.686	0.617	0.069
0.809	0.496	0.313
1.0	0.583	0.417
0.434	0.429	0.005
0.506	0.57	-0.064
0.393	0.4	-0.007
0.62	0.615	0.005
0.955	1.0	-0.045
0.927	1.0	-0.073
0.952	0.777	0.175
1.0	0.14	0.86
0.855	0.447	0.408
0.0	0.358	-0.358
0.427	0.42	0.007
0.319	0.341	-0.022
0.158	0.148	0.01
0.884	0.937	-0.053
0.247	0.407	-0.16
0.331	1.0	-0.669
0.373	0.414	-0.041
0.006	0.005	0.001
0.467	0.445	0.022
0.313	0.455	-0.142
0.073	0.321	-0.248
0.622	0.447	0.175
0.486	0.557	-0.071
0.312	0.36	-0.048
0.0	0.526	-0.526
0.377	0.592	-0.215
0.418	0.456	-0.038
0.543	0.454	0.089
0.126	0.263	-0.137
0.239	0.767	-0.528
1.0	0.752	0.248
0.616	0.514	0.102
0.537	0.452	0.085
0.373	0.584	-0.211
0.449	0.449	0.0
0.517	0.452	0.065
0.798	0.794	0.004
0.0	0.174	-0.174
0.974	0.707	0.267
0.836	0.441	0.395
0.633	0.656	-0.023
0.48	0.507	-0.027
0.4	0.355	0.045
0.661	0.624	0.037
0.0	0.303	-0.303
0.0	0.537	-0.537
0.112	0.389	-0.277
0.0	1.0	-1.0
0.808	1.0	-0.192
0.782	1.0	-0.218
0.185	0.432	-0.247
0.264	0.166	0.098
0.0	0.037	-0.037
0.449	0.617	-0.168
0.435	0.667	-0.232
0.645	0.549	0.096
0.95	1.0	-0.05
0.633	0.562	0.071
0.2	0.369	-0.169
0.55	0.491	0.059
0.708	0.549	0.159
0.611	0.49	0.121
0.058	0.016	0.042
0.558	0.665	-0.107
0.065	0.439	-0.374
0.959	0.454	0.505
0.947	0.504	0.443
0.996	0.377	0.619
0.994	0.424	0.57
0.397	0.451	-0.054
0.482	0.283	0.199
0.642	0.676	-0.034
0.132	0.191	-0.059
0.544	0.639	-0.095
0.378	0.4	-0.022
0.551	0.486	0.065
0.42	0.456	-0.036
0.0	0.392	-0.392
1.0	0.917	0.083
0.193	0.304	-0.111
0.587	0.601	-0.014
0.641	0.66	-0.019
0.5	0.579	-0.079
0.0	0.42	-0.42
0.918	0.774	0.144
0.608	0.49	0.118
0.0	0.066	-0.066
0.0	0.036	-0.036
0.129	0.433	-0.304
0.016	0.046	-0.03
0.108	0.0	0.108
0.531	0.469	0.062
0.122	0.6	-0.478
0.982	0.989	-0.007
0.066	0.487	-0.421
0.092	0.148	-0.056
0.415	0.8	-0.385
1.0	0.0	1.0
0.976	1.0	-0.024
0.526	0.422	0.104
0.0	0.434	-0.434
0.115	0.366	-0.251
0.569	0.515	0.054
1.0	0.534	0.466
1.0	0.497	0.503
0.619	0.559	0.06
1.0	0.571	0.429
1.0	0.372	0.628
0.18	0.0	0.18
0.058	0.014	0.044
0.32	0.526	-0.206
0.171	0.485	-0.314
0.523	0.444	0.079
0.25	0.379	-0.129
0.523	0.51	0.013
0.395	0.541	-0.146
0.232	0.273	-0.041
0.448	0.484	-0.036
0.457	0.515	-0.058
0.545	0.537	0.008
0.916	0.473	0.443
0.454	0.381	0.073
0.339	0.481	-0.142
0.802	0.79	0.012
1.0	0.226	0.774
0.0	0.29	-0.29
0.0	0.306	-0.306
1.0	0.823	0.177
0.696	0.0	0.696
0.0	0.253	-0.253
0.0	0.1	-0.1
0.473	0.438	0.035
0.245	0.145	0.1
0.133	0.17	-0.037
0.091	0.11	-0.019
0.349	0.751	-0.402
0.751	0.936	-0.185
0.741	0.59	0.151
0.65	0.663	-0.013
0.862	0.243	0.619
0.887	0.41	0.477
0.629	0.328	0.301
0.917	0.934	-0.017
0.0	0.497	-0.497
0.405	0.596	-0.191
0.099	0.045	0.054
0.454	0.504	-0.05
0.454	0.509	-0.055
0.455	0.602	-0.147
0.917	0.948	-0.031
0.925	0.916	0.009
0.956	0.843	0.113
0.536	0.558	-0.022
0.356	0.443	-0.087
0.631	0.577	0.054
1.0	0.867	0.133
1.0	0.755	0.245
1.0	0.77	0.23
0.0	0.043	-0.043
0.071	0.165	-0.094
0.022	0.1	-0.078
0.376	0.437	-0.061
0.167	0.359	-0.192
0.0	0.657	-0.657
0.472	0.558	-0.086
0.399	0.319	0.08
0.771	0.604	0.167
0.355	0.241	0.114
1.0	0.754	0.246
1.0	0.786	0.214
0.0	0.227	-0.227
0.349	0.534	-0.185
0.462	0.462	0.0
0.523	0.519	0.004
0.613	0.505	0.108
0.33	0.647	-0.317
1.0	0.98	0.02
1.0	0.812	0.188
1.0	0.897	0.103
1.0	0.249	0.751
0.827	0.692	0.135
0.446	0.475	-0.029
0.229	0.597	-0.368
0.695	0.949	-0.254
0.0	0.476	-0.476
0.909	0.92	-0.011
0.399	0.477	-0.078
0.454	0.429	0.025
0.347	0.499	-0.152
0.684	0.604	0.08
1.0	0.54	0.46
0.708	0.871	-0.163
0.931	0.981	-0.05
0.826	0.458	0.368
0.083	0.135	-0.052
0.107	0.166	-0.059
0.642	0.561	0.081
0.243	0.134	0.109
0.01	0.266	-0.256
0.369	0.608	-0.239
0.34	0.452	-0.112
0.307	0.41	-0.103
0.619	0.369	0.25
0.707	0.0	0.707
0.662	0.674	-0.012
0.017	0.107	-0.09
0.508	0.544	-0.036
0.573	0.6	-0.027
0.123	0.456	-0.333
0.607	1.0	-0.393
0.0	1.0	-1.0
0.945	0.591	0.354
0.714	0.659	0.055
0.717	0.818	-0.101
0.168	0.392	-0.224
0.605	0.721	-0.116
1.0	0.136	0.864
1.0	0.324	0.676
0.71	0.623	0.087
0.755	0.662	0.093
0.632	1.0	-0.368
0.15	0.24	-0.09
0.31	0.344	-0.034
0.699	0.47	0.229
0.381	0.611	-0.23
0.283	0.465	-0.182
0.64	0.705	-0.065
1.0	0.651	0.349
0.35	0.722	-0.372
0.867	1.0	-0.133
0.105	0.528	-0.423
0.674	0.428	0.246
0.187	0.549	-0.362
0.363	0.409	-0.046
0.962	0.684	0.278
0.243	0.243	0.0
0.464	0.548	-0.084
0.582	0.389	0.193
0.175	0.515	-0.34
0.061	0.115	-0.054
0.09	0.173	-0.083
0.209	0.398	-0.189
0.755	0.977	-0.222
0.777	0.979	-0.202
0.422	0.0	0.422
0.862	0.977	-0.115
0.182	0.119	0.063
0.174	0.0	0.174
0.034	0.003	0.031
0.325	0.0	0.325
0.051	0.0	0.051
0.796	0.893	-0.097
0.0	0.333	-0.333
0.716	0.767	-0.051
0.501	0.58	-0.079
0.663	0.523	0.14
0.244	0.13	0.114
0.231	0.555	-0.324
0.481	0.505	-0.024
0.799	0.874	-0.075
0.362	0.433	-0.071
0.277	0.133	0.144
0.0	0.011	-0.011
0.049	0.0	0.049
0.517	0.412	0.105
0.538	0.488	0.05
0.237	0.259	-0.022
0.562	0.762	-0.2
1.0	0.953	0.047
0.82	0.766	0.054
0.115	0.131	-0.016
0.993	0.999	-0.006
0.439	0.448	-0.009
0.472	0.618	-0.146
0.346	0.547	-0.201
0.644	0.763	-0.119
0.7	1.0	-0.3
1.0	0.942	0.058
1.0	0.453	0.547
0.0	0.216	-0.216
0.0	0.085	-0.085
0.49	0.496	-0.006
0.189	1.0	-0.811
1.0	0.519	0.481
0.572	0.519	0.053
0.881	1.0	-0.119
0.0	0.348	-0.348
0.071	0.424	-0.353
0.0	0.13	-0.13
0.113	0.371	-0.258
0.194	0.23	-0.036
1.0	0.747	0.253
0.049	0.038	0.011
0.977	1.0	-0.023
0.949	1.0	-0.051
0.004	0.256	-0.252
0.26	0.254	0.006
0.325	0.667	-0.342
0.314	0.234	0.08
0.42	0.342	0.078
0.286	0.382	-0.096
0.443	0.645	-0.202
1.0	0.957	0.043
0.353	0.463	-0.11
0.551	0.601	-0.05
0.473	0.321	0.152
0.642	0.375	0.267
0.314	0.276	0.038
0.641	0.624	0.017
0.504	0.0	0.504
0.129	0.405	-0.276
0.753	1.0	-0.247
0.534	0.662	-0.128
0.867	0.951	-0.084
0.426	0.309	0.117
0.59	0.568	0.022
0.343	0.35	-0.007
0.604	0.583	0.021
0.679	0.647	0.032
0.235	0.379	-0.144
0.39	0.436	-0.046
0.47	0.597	-0.127
1.0	0.875	0.125
0.639	0.368	0.271
0.089	0.0	0.089
1.0	0.996	0.004
0.458	0.473	-0.015
0.514	0.537	-0.023
0.496	0.446	0.05
0.596	0.772	-0.176
0.34	0.508	-0.168
0.153	0.199	-0.046
0.673	0.559	0.114
0.749	0.707	0.042
0.525	0.478	0.047
0.934	0.926	0.008
0.934	0.767	0.167
0.948	0.904	0.044
0.984	0.949	0.035
0.841	0.592	0.249
0.072	0.068	0.004
0.498	0.209	0.289
0.224	0.134	0.09
0.646	0.373	0.273
0.078	0.072	0.006
0.562	0.333	0.229
0.57	0.563	0.007
0.417	0.362	0.055
0.998	0.991	0.007
0.997	0.982	0.015
1.0	0.962	0.038
0.997	0.949	0.048
1.0	0.992	0.008
0.999	0.988	0.011
0.999	0.997	0.002
0.531	0.5	0.031
0.682	0.481	0.201
0.322	0.437	-0.115
0.077	0.0	0.077
0.538	0.556	-0.018
0.545	0.61	-0.065
0.347	0.293	0.054
0.506	0.465	0.041
0.316	0.19	0.126
0.094	0.286	-0.192
0.395	0.409	-0.014
0.676	0.552	0.124
0.688	0.772	-0.084
1.0	0.873	0.127
0.01	0.036	-0.026
1.0	0.884	0.116
0.009	0.024	-0.015
0.175	0.245	-0.07
0.547	0.545	0.002
0.363	0.397	-0.034
0.986	1.0	-0.014
0.494	0.439	0.055
0.323	0.333	-0.01
0.251	0.625	-0.374
0.104	0.679	-0.575
0.245	0.881	-0.636
0.491	0.816	-0.325
0.736	0.777	-0.041
0.497	0.502	-0.005
0.463	1.0	-0.537
0.446	0.439	0.007
1.0	0.314	0.686
0.087	0.304	-0.217
0.366	0.646	-0.28
0.381	0.443	-0.062
0.255	0.0	0.255
0.0	0.233	-0.233
0.301	0.414	-0.113
0.529	0.607	-0.078
0.52	0.648	-0.128
0.326	0.393	-0.067
0.998	1.0	-0.002
0.021	0.003	0.018
0.065	0.016	0.049
0.517	0.514	0.003
0.362	0.403	-0.041
0.946	0.845	0.101
0.07	0.056	0.014
0.576	0.677	-0.101
0.77	0.682	0.088
0.0	0.711	-0.711
0.806	0.522	0.284
0.037	0.055	-0.018
0.0	1.0	-1.0
0.166	1.0	-0.834
0.0	1.0	-1.0
0.302	0.558	-0.256
0.334	0.529	-0.195
0.081	0.31	-0.229
0.668	0.401	0.267
0.922	0.837	0.085
0.598	0.679	-0.081
0.938	0.887	0.051
0.501	0.582	-0.081
0.971	1.0	-0.029
0.571	0.578	-0.007
0.038	0.243	-0.205
0.135	0.929	-0.794
0.04	0.032	0.008
0.029	0.018	0.011
0.083	0.26	-0.177
0.019	0.514	-0.495
0.746	0.568	0.178
0.947	0.869	0.078
0.972	0.536	0.436
0.072	0.483	-0.411
0.0	0.618	-0.618
0.278	0.387	-0.109
0.641	0.568	0.073
0.59	1.0	-0.41
1.0	0.688	0.312
0.027	0.134	-0.107
0.037	0.0	0.037
0.233	0.519	-0.286
0.456	0.391	0.065
0.243	0.486	-0.243
0.556	0.795	-0.239
0.475	0.508	-0.033
0.571	0.48	0.091
0.585	0.491	0.094
0.606	0.659	-0.053
0.586	0.488	0.098
0.659	0.591	0.068
0.009	0.373	-0.364
0.007	0.011	-0.004
0.386	0.617	-0.231
0.359	0.369	-0.01
0.855	0.965	-0.11
0.78	0.613	0.167
0.464	0.645	-0.181
0.463	0.42	0.043
0.296	0.359	-0.063
0.099	0.09	0.009
0.305	0.408	-0.103
0.553	0.537	0.016
0.493	0.632	-0.139
0.487	0.647	-0.16
