IJC_SAMPLE_1	SJC_SAMPLE_1	IJC_SAMPLE_2	SJC_SAMPLE_2	IncFormLen	SkipFormLen
92	4	32	0	153	149
1	0	0	1	154	149
11	104	2	12	374	149
9	5	1	4	198	149
26	851	11	327	166	149
11	0	2	1	182	149
5	1	1	0	215	149
2	0	1	14	152	149
0	2	2	40	152	149
0	18	1	40	200	149
4	2	5	0	233	149
0	4	4	24	266	149
0	15	2	27	168	149
2	2	4	15	176	149
2	2	11	2	271	149
2	2	22	2	244	149
12	1	16	0	218	149
3	19	0	27	166	149
0	23	7	86	152	149
3	4	11	11	152	149
0	12	3	21	258	149
8	0	259	2	246	149
1	0	116	35	257	149
1	0	234	160	257	149
3	29	14	95	152	149
140	0	234	11	2845	149
6	0	30	10	184	149
2	3	0	1	236	149
37	3	168	1483	994	149
0	3	6	15	172	149
2	4	0	2	152	149
27	0	32	1	161	149
16	0	95	2	219	149
16	0	101	1	257	149
0	4	4	15	316	149
3	2	8	21	845	149
4	2	8	21	1099	149
2	130	12	3469	254	149
1	0	107	1	199	149
2	0	0	3	173	149
1	10	12	1688	167	149
40	25	25	8	445	149
2	0	2	2	152	149
1	73	2	160	191	149
13	43	3	30	176	149
2	120	3	37	176	149
0	2	1	104	224	149
7	32	3	11	152	149
1	0	35	1	277	149
11	0	15	4	155	149
0	2	1	0	152	149
6	7	6	4	152	149
2	0	2	9	152	149
179	0	342	1	200	149
1	6	0	11	181	149
25	29	7	18	152	149
35	58	7	17	409	149
78	1	31	0	1707	149
9	3	5	5	152	149
4	0	11	3	219	149
2	0	0	4	214	149
1	0	0	4	345	149
6	3	83	4	224	149
0	2	1	70	168	149
5	0	6	1	152	149
11	0	60	1	183	149
4	0	48	7	418	149
2	1	1	0	190	149
4	0	100	2	549	149
1	33	12	139	302	149
21	15	1	0	227	149
4	3	2	18	181	149
0	2	4	21	182	149
0	4	2	1	152	149
2	0	2	25	281	149
2	0	90	2	153	149
15	6	41	11	152	149
2	17	5	563	210	149
0	20	14	529	171	149
153	2	161	0	230	149
52	38	202	86	152	149
0	1	13	60	152	149
9	0	0	4	171	149
16	380	3	135	171	149
10	71	15	107	167	149
45	10	58	14	152	149
48	2	58	2	155	149
13	2	14	2	152	149
32	2	10	0	161	149
6	0	6	1	178	149
0	54	15	149	658	149
114	1	187	0	158	149
4	2	1	2	154	149
6	7	9	4	161	149
14	32	9	13	152	149
3	0	8	2	153	149
2	8	2	11	223	149
32	0	31	1	1292	149
32	0	31	1	1419	149
448	1	24	0	1368	149
9	253	3	22	196	149
65	0	84	1	365	149
0	4	2	1	227	149
0	92	6	367	245	149
4	92	5	367	167	149
21	156	6	68	170	149
12	0	2	6	170	149
730	1	193	4	214	149
335	1	53	0	214	149
4	2	3	1	152	149
2	0	2	19	211	149
18	0	19	4	167	149
18	0	22	2	167	149
2	50	8	221	213	149
0	2	5	14	276	149
2	69	3	59	319	149
0	4	6	5	152	149
2	139	0	126	157	149
13	63	4	30	169	149
67	0	54	2	171	149
5	0	37	9	153	149
3	0	9	72	468	149
26	2	107	0	244	149
3	0	3	1	300	149
52	4	45	21	204	149
52	0	30	2	204	149
3	138	17	153	266	149
8183	1	1306	1	5318	149
7	46	0	4	214	149
44	0	10	4	243	149
3	0	2	1	504	149
105	4	33	1	218	149
30	2	2	0	213	149
5	4	0	106	188	149
4	0	0	8	188	149
1	0	109	1	180	149
14	161	5	437	165	149
202	2	24	0	2549	149
3	2	13	71	435	149
1	0	14	3	246	149
19	2	3	0	160	149
228	2	26	0	183	149
6	0	177	2	623	149
157	5	91	1	158	149
184	3	50	0	200	149
3	179	0	18	164	149
0	8	2	91	229	149
0	3	2	123	169	149
2	0	0	3	185	149
1077	4	172	4	2246	149
69	6	16	1	294	149
8	2	15	0	1646	149
88	4	28	0	249	149
153	5	61	0	249	149
5	3	10	2	306	149
15	0	10	4	542	149
44	0	89	7	183	149
11	1	129	18	157	149
0	19	4	2009	163	149
9	0	1596	11	289	149
0	35	13	1466	222	149
615	2	1534	19	153	149
122	0	705	4	205	149
735	0	2220	4	209	149
25	0	2136	1	230	149
0	25	19	1374	251	149
4	0	125	5	232	149
0	2	3	73	176	149
8	2	26	9	675	149
3	19	14	593	326	149
6	18	8	45	546	149
3	0	41	1	448	149
0	10	2	41	170	149
5	153	5	88	176	149
695	5	390	2	230	149
87	5	185	3	166	149
1	13	6	11	176	149
4	20	3	13	152	149
445	1	112	0	164	149
5390	9	1533	10	1752	149
80	6	59	0	154	149
499	1	128	4	170	149
341	15	96	5	182	149
0	7	1	7	204	149
174	2	129	2	225	149
53	8	163	5	182	149
15	2	33	8	152	149
4	1	2	0	237	149
1667	48	3305	53	226	149
2	157	3	104	188	149
12	0	128	3	152	149
1	8	0	6	164	149
12	0	82	17	516	149
20	79	12	74	170	149
0	206	3	147	349	149
1	91	5	124	188	149
6	93	3	65	167	149
6	14	2	1	456	149
14	2	4	0	153	149
13	0	48	2	154	149
9	3	2	0	855	149
133	2	152	0	263	149
149	0	142	2	222	149
117	0	79	1	738	149
46	2	218	1	203	149
35	0	9	2	220	149
1071	114	137	17	1505	149
11	3	0	1	152	149
13	189	3	111	217	149
4	34	10	79	168	149
197	36	108	29	797	149
8	1	0	2	208	149
12	7	4	6	152	149
6	0	8	2	155	149
2	243	0	117	184	149
7	3	44	0	350	149
0	2	1	0	230	149
2	5	17	82	153	149
1	36	5	48	271	149
98	0	113	5	260	149
21	1	10	0	201	149
67	0	45	4	414	149
301	0	152	2	190	149
3	45	2	53	197	149
24	0	327	25	184	149
0	2	10	17	152	149
8	0	197	2	520	149
2	55	3	59	216	149
6	1	7	0	154	149
0	9	15	50	672	149
0	1	7	1	652	149
0	7	14	101	994	149
3	0	71	2	170	149
80	12	8	3	187	149
8	0	4	2	152	149
1	0	2	4	268	149
0	8	1	39	202	149
2809	10	1375	1	152	149
565755	2	45597	2	700	149
100	0	98	6	153	149
3	0	4	3	152	149
2	5	0	2	172	149
2	34	0	63	301	149
5	12	0	25	231	149
1	25	6	18	200	149
30	20	11	15	152	149
0	10	1	67	179	149
0	1	1	2	219	149
6	0	7	3	155	149
0	10	2	8	176	149
1	112	0	105	185	149
6	73	1	53	199	149
4	59	3	52	200	149
50	3	100	3	188	149
1	40	0	70	174	149
85	0	49	2	222	149
324	18	240	13	152	149
9	1	18	12	152	149
14	26	13	52	277	149
1	106	2	83	184	149
4	0	9	2	232	149
4	0	9	1	221	149
76	0	65	5	290	149
1657	29	453	8	219	149
665	1	430	2	205	149
378	7	334	8	212	149
14	224	3	179	236	149
6	6	38	7	152	149
6	0	101	1	797	149
2	2	6	0	253	149
12	18	38	28	253	149
1	58	0	77	171	149
46	14	42	5	154	149
104	2	22	0	217	149
3	0	0	1	152	149
54	0	69	2	154	149
16	39	3	20	197	149
0	14	16	279	252	149
0	1	17	45	152	149
10	1	4	0	172	149
2	0	32	1	389	149
2	76	4	88	621	149
21	0	80	3	158	149
0	15	2	29	163	149
13	0	12	4	181	149
0	2	2	0	205	149
4	2	2	0	154	149
126	18	231	9	244	149
0	2	2	23	217	149
4	0	0	1	1235	149
1	9	2	9	189	149
13	0	44	1	785	149
4	0	38	2	226	149
0	3	2	32	203	149
4	0	6	163	269	149
92	5	44	2	185	149
0	5	2	19	165	149
11	2	15	0	252	149
32	5	134	13	152	149
85	0	80	2	820	149
0	2	6	10	191	149
0	2	6	179	306	149
0	36	11	35	182	149
0	36	5	35	200	149
6	23	4	14	171	149
2	35	0	34	156	149
882	4	210	14	185	149
16	121	32	200	534	149
2	39	0	156	246	149
45	41	9	32	789	149
66	0	16	1	814	149
62	0	39	1	174	149
0	7	1	37	186	149
95	2	53	0	237	149
3	5	4	0	170	149
0	2	7	66	227	149
2	0	14	60	492	149
2	0	14	3	481	149
0	8	5	103	219	149
4	0	159	2	201	149
12	0	59	2	226	149
5	32	2	3	501	149
6	4	25	11	209	149
11	20	27	36	152	149
0	21	3	9	154	149
3	157	7	80	162	149
9	1	9	0	182	149
9	63	7	186	182	149
38	7	2	4	179	149
10	16	4	4	917	149
0	3	2	3	244	149
1862	0	4756	4	442	149
660	0	492	1	203	149
15	14	5	1	152	149
117	53	34	6	309	149
404	0	243	2	620	149
102	21	34	19	156	149
2	31	0	13	152	149
81	33	14	4	152	149
1	2	1	0	152	149
109	7	21	0	152	149
1	166	3	93	166	149
196	196	62	98	170	149
38	3	16	0	170	149
11	299	0	109	201	149
6	0	16	3	168	149
2	0	0	3	195	149
63	12040	1	583	165	149
3	487	8	151	234	149
1	5	7	17	152	149
20	0	18	5	152	149
11	1	18	0	158	149
0	16	27	1719	172	149
4	0	3	3	190	149
145	6	107	2	228	149
12	2	2	0	211	149
0	1	3	14	231	149
175	18	54	16	410	149
21	0	19	7	194	149
10	0	5	7	191	149
6	7	15	8	152	149
9	6	7	2	314	149
10	2	3	2	170	149
58	5	89	7	152	149
229	83	51	29	152	149
3	2	2	0	152	149
0	22	1	24	230	149
318	6	146	1	345	149
86	168	16	12	224	149
131	168	18	12	240	149
227	168	28	12	274	149
111	15	11	1	183	149
192	4	26	0	274	149
6	180	9	174	172	149
123	2	103	3	248	149
149	3	125	5	259	149
297	2	268	3	225	149
323	3	290	5	236	149
28	3	25	5	160	149
0	1	17	5	195	149
4	35	5	19	152	149
2	9	0	4	164	149
379	1	90	0	179	149
4	0	5	2	196	149
0	31	1	11	176	149
96	27	35	7	197	149
99	2	36	0	202	149
30	2	8	0	154	149
52	66	30	29	974	149
1071	9	455	5	288	149
4	0	50	8	929	149
6	148	3	81	219	149
2	0	63	4	210	149
24	0	128	1	159	149
1	6	2	118	170	149
0	6	2	67	214	149
0	6	4	67	181	149
28	23	10	23	170	149
2	0	31	15	445	149
1	2	0	2	187	149
40	2	16	2	152	149
1	0	6	2	164	149
18	13	9	16	204	149
4	1	4	5	159	149
30	0	31	3	162	149
91	2	314	0	3527	149
0	6	2	144	208	149
336	13	57	1	167	149
3	2	4	0	153	149
16	141	13	95	330	149
402	13	137	2	157	149
3	95	4	59	182	149
5	80	6	49	185	149
20	11	11	2	197	149
97	80	61	49	152	149
112	11	66	2	164	149
95	11	54	2	161	149
370	20	121	7	212	149
1184	14	376	2	155	149
25	7	12	0	204	149
1	22	0	6	229	149
165	1	55	0	3226	149
7	30	2	28	417	149
5	42	2	15	162	149
10	148	3	139	168	149
0	2	3	10	180	149
0	2	3	10	211	149
4	2	6	3	155	149
1	21	2	16	167	149
4	853	3	573	312	149
7	63	0	21	174	149
1	88	0	17	173	149
0	57	3	27	170	149
1	20	0	28	194	149
40	6	13	12	650	149
4	0	2	6	152	149
0	64	1	22	170	149
1	76	0	33	189	149
10	1	24	11	152	149
33	11	5	0	152	149
66	1	15	0	152	149
91	460	27	123	152	149
2	74	0	113	222	149
98	3	23	0	197	149
27	2	7	0	167	149
44	18	7	11	274	149
746	2	341	3	154	149
494	1	330	2	160	149
3	82	0	39	152	149
16	46	6	12	182	149
179	3	28	0	180	149
37	2	5	0	170	149
36	170	10	50	152	149
158	163	37	74	1452	149
1	1	0	1	1906	149
6	2	1	0	152	149
7	0	4	1	889	149
7	117	2	21	170	149
46	0	894	6	278	149
0	574	4	307	167	149
256	54	97	26	152	149
114	15	158	41	290	149
4	354	0	98	166	149
12	272	3	68	167	149
17	347	4	136	171	149
450	4	121	0	156	149
390	0	75	2	152	149
3	1	5	4	155	149
2	85	2	90	178	149
64	2	99	0	229	149
27	141	34	472	273	149
2	2	4	17	324	149
2	2	2	17	351	149
128	2	169	2	220	149
39	2	25	2	165	149
74	3	54	5	204	149
120	0	841	9	481	149
2	0	5	10	211	149
6	6	55	2	185	149
5	1	25	6	152	149
0	23	1	35	169	149
45	21	17	69	1957	149
2	33	0	19	168	149
7	33	5	27	173	149
121	2	44	1	223	149
1554	28	699	23	152	149
435	382	94	532	395	149
757	382	162	532	642	149
0	4	1	8	192	149
14	1	13	0	171	149
30	0	8	3	175	149
6	465	9	393	222	149
318	3	367	2	444	149
104	2	428	0	183	149
0	8	2	35	164	149
4	27	0	2	1001	149
13	1	1	0	243	149
12	0	2	1	162	149
97	4	119	3	152	149
148	0	104	2	1100	149
529	1	59	0	153	149
8526	6	6287	18	261	149
2	0	45	16	152	149
1	9	0	7	228	149
58	41	15	10	152	149
0	34	1	67	158	149
48	40	4	4	152	149
60	3	26	1	198	149
86	1	49	0	283	149
103	0	55	1	737	149
105	20	56	8	737	149
57	0	25	1	241	149
12	4	1	0	201	149
9	16	8	13	152	149
10	93	1	15	252	149
176	2	36	0	194	149
0	4	102	8	387	149
22022	2	1871	2	309	149
0	6	4	20	238	149
2	233	0	61	179	149
30	2	14	4	158	149
9	22	3	12	164	149
25	3	15	0	178	149
339	1	3	0	323	149
158	56	1	0	195	149
6	198	0	2	152	149
1	25	2	24	164	149
7	203	3	118	176	149
308	40	62	13	217	149
80	27	6	6	152	149
78	32	14	6	152	149
1	0	11	4	152	149
339	3	232	0	209	149
91	9	12	0	540	149
2	0	35	2	813	149
0	2	16	32	161	149
1	177	5	355	172	149
159	0	525	4	176	149
2	972	2	594	193	149
60	2	565	6	433	149
137	6	772	24	433	149
55	11	13	28	329	149
1	7	1	7	167	149
150	104	25	20	152	149
4	0	64	2	257	149
0	2	2	0	332	149
15	2	1	0	152	149
4	0	13	3	203	149
116	138	64	169	1372	149
145	10	11	1	1325	149
14	1	1	2	185	149
5	5	1	8	201	149
121	6	108	1	282	149
8	51	13	37	608	149
32	2	231	47	202	149
90	2	385	23	281	149
24	2	146	47	198	149
82	2	300	23	277	149
60	2	201	23	228	149
607	104	574	660	753	149
20	104	8	660	223	149
21	42	8	123	223	149
451	61	616	52	443	149
11	562	7	583	160	149
13251	2	1401	0	190	149
3	26	0	9	152	149
2	5	0	2	194	149
5	25	5	14	181	149
5	26	6	39	178	149
10	111	3	34	152	149
3	0	0	2	442	149
14	24	83	3424	426	149
1	2	6	1	167	149
555	1	2200	0	225	149
5	0	147	1	739	149
2	0	10	4	161	149
274	4	97	2	926	149
271	3	96	4	926	149
0	1	3	425	162	149
3	0	481	22	168	149
4	14	7	0	162	149
0	4	8	0	152	149
283	2	68	2	190	149
11	3	9	1	291	149
10	379	4	158	229	149
0	25	4	469	298	149
149	0	94	2	269	149
12	282	1	232	168	149
323	5	835	2	152	149
13	68	15	102	576	149
2303	1	1626	2	290	149
108	5	40	1	191	149
37	4	11	2	203	149
114	188	38	76	203	149
27	0	55	2	244	149
99	1	572	2	161	149
0	72	2	62	167	149
10	0	6	2	152	149
2	16	2	14	388	149
1067	17	1077	10	249	149
3	8	1	5	154	149
191	0	148	1	153	149
591	2	220	2	293	149
8	316	0	128	196	149
1	1	5	5	152	149
0	14	1	77	178	149
1	6	0	6	191	149
2	3	3	8	152	149
4	0	18	6	230	149
8	13	15	21	805	149
4	3	2	0	181	149
173	589	60	283	293	149
6	1	36	41	152	149
1	1	13	41	325	149
1	6	13	36	322	149
3	40	3	16	177	149
88	16	60	5	269	149
0	1	36	14	1060	149
0	2	11	21	723	149
10	26	8	10	175	149
67	85	12	23	152	149
1	0	0	1	152	149
1	1	0	87	174	149
0	1	1	87	171	149
296	3	224	6	152	149
8	64	0	19	245	149
281	2	59	0	152	149
108	3	44	2	167	149
144	3	28	2	219	149
105	69	17	33	201	149
10	0	72	2	173	149
57	3	9	0	152	149
18	11	7	2	152	149
13	32	0	10	152	149
24	4	30	14	312	149
19	35	1	23	189	149
15	741	5	273	171	149
43	16	231	43	152	149
12	5	10	23	185	149
182	1	142	3	189	149
17	921	11	797	177	149
2028	60	1509	38	156	149
3	2	26	78	173	149
131	2	58	2	187	149
1006	1	433	0	329	149
1	86	3	17	239	149
55	1	44	0	153	149
81	1	53	0	152	149
56	65	30	41	161	149
26	594	4	175	184	149
390	1	185	1	154	149
22	1	15	1	172	149
14	382	10	180	167	149
18	6	55	18	200	149
1	8	2	24	222	149
2	1	25	17	161	149
14	0	7	11	152	149
0	2	3	1	202	149
0	7	2	13	202	149
1	0	1	6	178	149
18	9	8	10	161	149
7	17	2	26	152	149
85	2	34	0	210	149
256	3	74	6	1401	149
164	40320	46	13041	314	149
10515	64457	265	17145	771	149
168	120	43	30	225	149
298	2	125	0	153	149
2	195	0	109	176	149
11	137	2	85	198	149
4	71	2	99	178	149
2	0	34	32	218	149
0	26	1	10	182	149
4	184	10	93	188	149
30	184	19	93	155	149
4	13	2	82	299	149
4	0	32	2	185	149
6	0	37	1	218	149
2	0	7	1	182	149
1	10	4	30	412	149
736	2	44	0	210	149
0	23	4	16	180	149
25	1	11	3	203	149
21	4	3	4	152	149
41	0	35	2	278	149
1	4	0	6	169	149
4	8	4	5	152	149
0	2	2	13	184	149
0	2	3	22	184	149
16	200	2	75	304	149
76	3	107	8	191	149
10	3	13	8	158	149
49	15	89	3	197	149
10	0	35	5	200	149
79	1	87	4	228	149
173	6	78	1	373	149
0	165	8	216	259	149
33	0	75	2	1186	149
4	11	1	9	198	149
6	67	1	15	169	149
4	173	9	1390	173	149
11	6	26	5	175	149
180	6	1407	5	151	149
304	2	1397	10	155	149
21	1058	17	1798	194	149
909	7	980	5	256	149
1946	7	2761	5	211	149
4	2	100	4	210	149
1	0	2	1	154	149
11	49	2	12	270	149
10	28	8	16	152	149
6	0	9	2	233	149
18	13	9	11	152	149
19	10	1	1	176	149
12	0	1	2	152	149
45	15	40	6	204	149
46	1	41	2	208	149
16	1	7	2	153	149
1	0	121	1	206	149
35	1	141	10	152	149
2	10	3	2	192	149
0	1	1	0	178	149
2	247	0	207	174	149
3	102	9	308	164	149
3	184	11	1012	190	149
4	2	5	0	152	149
6	3	6	0	289	149
49420	35	6097	5	2484	149
4	8	3	3	152	149
7	2	7	0	152	149
0	8	9	331	167	149
18	36	6	11	667	149
2	17	0	13	184	149
2543	178970	139	22278	173	149
215444	61	19840	0	583	149
232185	349	25382	7	183	149
3	18	0	2	278	149
11	3	4	0	377	149
26	3	6	0	248	149
153	34	34	8	152	149
0	10	6	278	197	149
445	2	388	3	152	149
320	1	103	0	175	149
10	5	5	0	152	149
797	340	854	158	1105	149
117	3	161	6	152	149
7	2	4	0	1315	149
598	1	150	2	729	149
2	0	116	1	185	149
140	2	66	0	273	149
74	5	96	14	2385	149
76	0	108	2	2448	149
7	0	26	2	212	149
752	4	225	2	5059	149
21	133	4	90	208	149
20	0	999	1	1134	149
71	0	1240	17	2212	149
20	0	2285	5	1134	149
71	0	2526	1	2212	149
22	3	19	1	156	149
728	3	139	2	196	149
602	33	106	8	194	149
689	0	407	2	670	149
2	8	1	13	167	149
394	9	207	13	194	149
12078	8	4127	1	203	149
38	12	16	2	201	149
5	10	5	9	367	149
480	3	240	6	365	149
222	2	135	0	436	149
6	172	0	99	165	149
216	5	151	4	903	149
268	119	189	69	903	149
242	5	107	0	209	149
2	408	0	35	181	149
11	333	0	38	151	149
4	2	2	0	205	149
4	4	28	0	151	149
0	478	1	416	171	149
6	12	14	36	152	149
146	18	119	13	152	149
11	926	0	753	173	149
1031	14	732	18	532	149
818	13	730	23	156	149
40	13	25	23	180	149
21	799	11	716	173	149
232	4	17	1	532	149
782	4	467	1	689	149
563	0	460	1	306	149
529	0	266	2	476	149
28	308	4	116	161	149
14	221	3	53	869	149
2	0	0	2	228	149
0	39	1	59	160	149
315	1334	121	243	164	149
112	22	111	5	164	149
3037	22	686	5	347	149
3005	80	658	83	332	149
346	2	1940	3	185	149
244	272	7	11	152	149
1	0	0	1	181	149
1	8	1	15	180	149
19	15	12	657	218	149
70	42	10	6	153	149
0	38	2	13	191	149
56	6	76	9	152	149
23	0	42	1	200	149
31	8	47	34	167	149
13	1	3	0	913	149
72	6	12	0	153	149
4	462	4	190	215	149
921	46	379	7	158	149
20	0	365	27	270	149
2	0	238	10	327	149
4	642	15	1066	188	149
165	7	221	37	180	149
515	2	363	3	1469	149
7	667	5	417	179	149
278	5	180	6	241	149
938	5	592	6	211	149
352	3	434	3	159	149
1	219	7	263	496	149
0	219	2	263	172	149
2	25	0	29	167	149
9	0	66	3	291	149
6	2	31	8	152	149
10	4	32	1	152	149
33	55	20	14	173	149
10	0	35	1	175	149
2	0	3	2	169	149
6	669	0	116	171	149
46	2	23	0	232	149
95	2	20	0	237	149
180	4	65	4	237	149
62	464	8	103	207	149
36	8	15	15	240	149
32	3	13	4	240	149
0	25	2	48	184	149
373	1	136	0	1313	149
186	3	516	9	1462	149
4	25	13	37	173	149
394	0	848	5	171	149
13	0	51	5	209	149
573	3	838	5	213	149
269	3	345	5	273	149
13	317	53	546	209	149
12	381	50	565	180	149
0	30	2	31	152	149
2	0	2	1	346	149
10	0	0	23	387	149
568	5	64	2	153	149
18	58	5	40	174	149
5	41	39	344	687	149
13	4	58	14	426	149
59	66	18	29	155	149
2	34	0	14	174	149
64	55	1	3	164	149
124	411	93	176	180	149
4	3	1	0	274	149
35	2	26	2	152	149
3	30	4	23	177	149
1186	0	1248	5	353	149
451	0	424	2	153	149
57	1	27	4	152	149
105	3	103	6	224	149
221	0	179	3	352	149
0	2	5	25	332	149
1	57	4	89	198	149
4	2	28	2	152	149
1	0	5	41	169	149
65	5	20	1	152	149
3	2	8	9	1104	149
2	2	0	9	220	149
8	0	576	82	283	149
0	1	1	0	152	149
4	120	0	26	170	149
15	0	57	6	152	149
0	3	1	38	490	149
56	1	58	0	168	149
28	424	7	10	208	149
36	0	7	1	153	149
0	158	1	32	165	149
68	34	5	4	152	149
2	25	9	58	274	149
6	0	27	3	467	149
113	2	60	0	200	149
1	17	2	21	269	149
3	0	22	2	211	149
5	0	65	2	226	149
0	2	2	22	294	149
139	14	39	2	152	149
135	19	37	3	341	149
2	127	0	35	168	149
10	0	3	2	151	149
207	1	41	2	151	149
14	0	9	1	151	149
45	1	34	0	151	149
2	0	46	6	152	149
101	204	45	132	152	149
27	680	15	382	165	149
4799	1	25	0	2451	149
7	0	2	1	152	149
27	7	8	5	152	149
3	32	6	159	180	149
1	24	1	47	182	149
16	4	13	0	218	149
1	45	3	84	165	149
40	6	25	1	152	149
0	7	1	32	173	149
38	27	23	7	152	149
314	239	30	645	216	149
81	8	262	32	152	149
242	3	521	24	563	149
12	0	25	2	161	149
0	11	5	59	179	149
5	13	1	7	195	149
106	2	101	0	153	149
257	39	65	9	218	149
10	0	63	1	295	149
23	2	39	1	174	149
35	0	43	1	199	149
14	0	5	1	174	149
61	0	40	2	152	149
18	15	52	11	188	149
0	4	36	21	170	149
235	2	47	0	191	149
21	0	26	5	153	149
0	1	2	110	171	149
150	651	43	153	324	149
88	0	419	4	182	149
32	0	19	1	180	149
20	106	7	23	161	149
116	24	33	11	152	149
23	23	14	24	152	149
746	4	37	0	153	149
1160	3	72	0	497	149
958	6	61	2	221	149
160	2	31	1	256	149
311	2	40	1	259	149
175	24	22	13	152	149
3	29	2	11	178	149
62	556	92	916	152	149
1251	5	846	0	2893	149
34	40	23	42	324	149
63	6	70	4	152	149
13	0	28	4	185	149
11	0	16	4	222	149
5	7	3	15	186	149
2	0	1	17	247	149
27	0	108	1	1164	149
1	0	2	4	177	149
3	26	4	48	177	149
6	0	10	1	176	149
48	1	120	18	152	149
16	2	8	4	152	149
584	18	221	4	203	149
1028	8	542	5	242	149
177	1	41	0	287	149
1	0	0	2	171	149
5	32	2	10	1196	149
6	53	2	28	193	149
5	91	2	39	187	149
8	0	27	8	194	149
361	2	159	0	192	149
56	394	30	130	455	149
1	0	0	1	164	149
0	2	4	8	152	149
58	187	105	299	152	149
7	187	31	299	155	149
5	56	8	82	152	149
286	5	211	8	179	149
237	0	243	3	179	149
10	0	30	5	214	149
0	8	5	58	185	149
53	1	46	0	153	149
3	22	1	41	175	149
1092	1	149	0	179	149
2	2	3	6	152	149
88	64	17	22	152	149
382	13216	50	3716	188	149
18	0	2272	3	170	149
216	14	105	16	270	149
174	60	92	6	263	149
109	1	48	0	263	149
6	80	11	73	275	149
12	0	72	2	260	149
337	1	93	0	151	149
3	0	53	2	164	149
0	16	3	37	152	149
0	127	4	214	176	149
96	1	161	0	155	149
0	1	2	0	214	149
1	1	0	5	170	149
114	3	45	3	397	149
0	2	6	0	213	149
5	9	0	4	171	149
29	1	11	3	326	149
11	234	3	130	173	149
5	122	0	50	173	149
0	32	2	40	229	149
366	1	65	2	338	149
45	16	50	10	152	149
1	0	4	2	152	149
106	47	47	11	1406	149
0	5	2	11	181	149
7	55	2	3	224	149
35	2	22	5	201	149
1	32	3	13	178	149
3	20	1	6	152	149
1	45	4	44	194	149
48603	0	43307	3	437	149
35171	2	36457	0	158	149
0	1	2	4	152	149
94	1	23	0	238	149
202	4	50	1	1361	149
13	115	1	9	168	149
315	1	25	0	218	149
64	0	61	2	153	149
11	0	41	5	232	149
0	106	1	265	175	149
20	579	8	153	291	149
2	2	0	2	152	149
9	653	7	313	174	149
0	1	3	183	180	149
1	0	242	2	215	149
2	28	1	19	181	149
289	1	128	0	157	149
6	0	15	19	1306	149
0	10	17	13	521	149
19	2	47	4	355	149
205	6	35	0	224	149
81	8	17	4	152	149
23	2	11	0	152	149
0	6	3	45	218	149
934	2	633	4	2087	149
35	0	16	4	160	149
0	2	2	349	176	149
0	7	1	302	192	149
3	2	0	2	208	149
33	1	42	1	221	149
11	1265	3	1239	181	149
914	0	982	8	286	149
2168	0	2218	8	254	149
57	13	18	13	421	149
0	17	5	38	166	149
0	26	2	79	177	149
1	6	0	23	247	149
33	122	4	38	152	149
41	2	231	0	174	149
64	0	517	4	190	149
5	1	27	9	175	149
17	371	3	60	152	149
6	6	1	2	152	149
35	2	14	2	179	149
1169	0	312	2	1048	149
3	50	1	1	150	149
0	71	2	50	167	149
494	8	234	2	4740	149
419	6	92	2	244	149
23	644	168	5336	190	149
16	15	16	48	262	149
13	246	9	80	171	149
18	3	26	9	152	149
35	22	17	2	209	149
21	1	96	0	1034	149
2488	0	819	4	2340	149
9	320	14	188	174	149
52	89	16	20	152	149
4	0	6	15	152	149
19	4	7	0	1348	149
156	10	46	0	263	149
181	12	52	2	151	149
21	0	23	2	361	149
265	4	85	0	299	149
19	3	14	2	159	149
1	80	5	324	163	149
174	0	248	3	342	149
17	7	22	8	152	149
103	12	17	2	153	149
0	6	2	54	238	149
123	1	67	0	156	149
213	6	93	0	167	149
13	2	7	17	617	149
22	196	13	97	551	149
2193	1	507	0	1196	149
3	267	0	78	168	149
38	4	12	2	154	149
15	0	86	1	520	149
359	47	186	17	197	149
12	4	18	5	166	149
10	391	19	184	166	149
5653	1	6250	0	186	149
1317	1	834	0	203	149
5	4341	6	5422	166	149
25	1	13	3	152	149
1	0	3	2	632	149
21	5	55	7	191	149
7	0	1	6	573	149
206	1	20	0	1679	149
4	2	1	74	185	149
5	283	1	208	173	149
134	8	54	4	163	149
114	2	72	0	153	149
58	0	48	2	170	149
64	0	257	10	184	149
3	0	20	5	300	149
134	6	50	2	390	149
8	130	0	154	173	149
58	1	39	0	212	149
1643	22	1814	16	186	149
55	1	49	2	226	149
57	0	90	2	396	149
3	0	43	2	319	149
14	5	40	6	152	149
1	2	42	17	152	149
186	4	112	0	153	149
14	1	2	0	152	149
0	44	5	103	334	149
207	1	64	0	215	149
335	1	364	0	231	149
151	0	57	2	624	149
2	3	13	44	227	149
4	2	12	2	227	149
44	0	34	2	209	149
111	0	239	4	296	149
55	4	26	19	1207	149
1	5	9	6	152	149
4	2	9	0	152	149
13	1	15	0	152	149
2	1499	2	438	164	149
51	1595	65	364	3787	149
340	2	135	2	3816	149
1884	2	434	2	178	149
8369	3	2094	0	750	149
203	11	3	1	224	149
15	2	2	0	295	149
2	92	4	61	167	149
6	5	4	9	232	149
108	18	10	5	152	149
0	36	17	839	189	149
19	0	75	4	207	149
8	0	42	4	258	149
2	13	11	44	200	149
0	20	2	19	166	149
6	5	2	3	152	149
0	2	1	39	172	149
0	6	7	24	152	149
3	21	6	57	154	149
16	0	52	1	179	149
0	2	3	2	185	149
6	0	10	1	167	149
6	559	8	2220	170	149
606	1	66	0	587	149
13	3	2	2	193	149
0	3	71	533	300	149
4	0	76	41	152	149
9	50	5	16	238	149
669	2	345	0	248	149
5	42	2	37	175	149
61	121	6	9	152	149
3	0	14	1	180	149
20	0	311	6	708	149
42	4	63	14	152	149
16	2	44	10	152	149
5	2	2	0	158	149
4	4	31	25	152	149
52	1	12	0	170	149
478	4	268	4	258	149
489	2068	268	617	258	149
1208	2068	706	617	519	149
2932	2068	2264	617	1267	149
730	11	440	2	410	149
2454	11	1998	2	1158	149
1728	3	1563	5	897	149
16	111	0	434	187	149
40	690	0	218	206	149
728	54	230	13	152	149
8	0	12	1	1383	149
22	0	2	1	152	149
0	6	3	6	168	149
17	16	14	8	167	149
0	1	4	0	170	149
23	0	32	1	153	149
0	23	2	31	173	149
25	0	34	4	157	149
17	0	19	1	157	149
0	855	5	518	164	149
0	13	7	162	168	149
0	13	2	162	203	149
3146	62	752	7	154	149
138	2	19	0	154	149
2	14	0	11	170	149
57	9	21	2	168	149
73	8	55	15	155	149
133	11	116	15	152	149
14	24	3	36	222	149
4	12	16	13	307	149
1	0	16	5	155	149
694	33	56	0	276	149
0	2	4	10	251	149
0	16	2	13	198	149
23	0	49	15	1196	149
4	0	0	1	152	149
0	40	2	53	189	149
0	9	3	15	266	149
0	24	5	134	185	149
2	2	0	74	191	149
20	7	28	8	152	149
3	0	67	4	178	149
77	0	62	5	629	149
11	4	3	18	173	149
8	4	3	18	168	149
8	2	10	13	177	149
53	27	37	18	209	149
3	66	0	33	167	149
5	0	6	2	227	149
4	1	2	0	154	149
19	1	2	0	154	149
9	50	0	5	170	149
53	62	19	14	185	149
4	2	2	0	230	149
146	3	96	1	157	149
0	82	2	103	168	149
1	0	1	2	186	149
3	0	22	6	152	149
9	238	2	103	167	149
0	29	1	87	219	149
139	2	84	2	173	149
1	7	2	70	165	149
24	3	32	6	239	149
288	5	102	2	170	149
0	2	2	0	186	149
10	98	6	35	188	149
34	11	22	7	152	149
1	3	7	4	182	149
51	123	79	153	1348	149
0	123	7	153	205	149
9	150	0	47	152	149
57	55	50	22	152	149
8	73	5	173	640	149
2	4	0	5	192	149
15	140	21	597	2781	149
1	0	1	3	170	149
11	26	6	23	255	149
6	67	0	32	166	149
49	0	27	2	2365	149
84	3	53	0	2285	149
450	11	212	7	454	149
0	117	8	95	169	149
0	11	12	83	244	149
11	0	87	14	166	149
810	7	319	0	153	149
1	0	27	106	244	149
0	8	4	96	167	149
2	0	1	8	194	149
88	8	474	3	322	149
88	8	515	3	312	149
30	578	4	61	1100	149
53	6	13	3	197	149
3	44	0	2	183	149
1	0	76	5	153	149
0	23	1	17	155	149
686	2	341	0	2700	149
25	5	30	8	152	149
2	9	16	94	389	149
0	9	5	94	206	149
47	4	27	0	152	149
13	1	11	0	152	149
282	2552	65	257	165	149
0	16	4	297	193	149
38	87	89	143	152	149
0	8	6	217	155	149
0	2	2	9	667	149
552	3	257	2	167	149
2	0	11	6	152	149
916	0	401	6	281	149
914	0	394	4	278	149
126	161	126	204	3099	149
123	0	153	4	202	149
84	69	8	14	206	149
58	59	28	22	279	149
8	3	9	2	152	149
2	0	2	1	152	149
25	32	8	11	152	149
16	10	4	2	152	149
19	2	275	11	152	149
56	16	47	19	152	149
59	8	92	0	185	149
1167	0	14068	11	207	149
0	13	1	27	225	149
190	2	136	0	1470	149
36	1	60	8	188	149
40	8	3	0	152	149
503	4	192	0	201	149
514	5	194	0	204	149
15	5	2	0	152	149
11	0	19	2	152	149
100	4	53	0	192	149
40	0	16	2	192	149
0	2	2	10	262	149
14	17	5	18	152	149
101	60	19	10	152	149
1	0	1	2	154	149
4	25	1	18	152	149
1	4	0	45	172	149
1	4	0	45	204	149
11268	125	5690	107	206	149
82	13	6	0	330	149
38	2	3	0	566	149
1	4	2	4	206	149
5	4	2	4	206	149
1	2	2	2	206	149
0	1	1	0	165	149
13	0	4	1	175	149
0	4	4	44	260	149
1	86	3	39	217	149
3	7	3	3	276	149
2	78	2	15	169	149
55	7	10	2	194	149
0	4	9	5	210	149
57	0	23	2	199	149
4	5	0	2	167	149
1	0	3	9	182	149
4	0	54	1	176	149
4	59	10	60	165	149
19	0	21	1	155	149
1	0	5	1	152	149
12	1	12	2	182	149
67	6	50	4	272	149
1	2	5	0	165	149
27	18	8	7	152	149
0	7	10	6	164	149
12	20	11	5	152	149
23	0	14	1	205	149
3	2	5	6	152	149
474	0	196	1	740	149
471	48	198	19	740	149
1	37	2	16	170	149
13	2	44	0	231	149
5	0	156	2	411	149
5	0	6	4	152	149
0	6	6	4	152	149
3	24	0	17	155	149
2	8	1	11	152	149
39	18	18	11	164	149
250	0	107	2	155	149
0	2	2	2	178	149
6	0	4	1	448	149
0	8	1	4	177	149
14	4	4	0	701	149
128228	2	6675	0	3489	149
0	1	2	3	152	149
34	8	28	6	264	149
34	7	30	2	264	149
71	7	56	2	547	149
37	0	28	2	432	149
34	10	28	13	154	149
4	35	2	27	224	149
2	111	2	31	168	149
11	145	6	70	285	149
190	1	113	0	191	149
1	873	1	351	164	149
6	0	69	2	170	149
6	35	0	13	238	149
27	128	9	3	797	149
2	0	1	9	169	149
380	2	122	0	215	149
8	3	2	3	152	149
0	11	1	15	165	149
14	4	25	3	180	149
54	417	53	147	700	149
0	1	4	105	265	149
6	2	87	0	756	149
28	8	9	5	200	149
75	6	12	0	215	149
0	3	2	7	214	149
0	3	2	7	174	149
2	64	0	38	174	149
12	511	6	84	219	149
14	511	6	84	196	149
128	6	5	0	189	149
6	182	0	56	284	149
50	0	42	1	197	149
46	40	23	20	152	149
5	144	1	77	168	149
105	45	34	17	214	149
244	45	110	17	195	149
60	26	76	32	152	149
0	2	8	122	188	149
161	1	184	3	325	149
0	21	1	200	170	149
24	6	22	7	507	149
2	3	0	1	175	149
2	6	0	2	175	149
13	1	8	2	175	149
19	54	21	86	181	149
15	0	3	1	190	149
0	6	9	19	461	149
21	0	56	1	201	149
98	34	22	16	2160	149
74	3	4	0	169	149
495	5	390	4	1951	149
75	2	114	6	1951	149
2	8	3	45	335	149
14	0	17	1	152	149
12	0	20	2	154	149
3	54	4	39	184	149
62	15	14	0	186	149
68	10	48	2	207	149
10	0	15	2	314	149
5	0	0	2	165	149
0	3	5	9	200	149
1	0	4	4	152	149
4	78	0	13	171	149
3	1	3	3	257	149
7	1783	21	2794	329	149
59	18	15	7	152	149
1	36	0	10	171	149
51	2	8	0	169	149
23	3	9	4	152	149
1	4	1	4	209	149
0	7	2	9	163	149
6	3	0	6	152	149
10	11	6	1	152	149
1	4	2	2	152	149
1	2	1	22	166	149
16	7	2	2	154	149
357	2	133	1	235	149
2	86	3	93	192	149
5	0	17	3	546	149
419	112	54	20	152	149
32	0	69	3	258	149
11	16	12	17	152	149
0	4	2	4	152	149
16	24	8	36	235	149
23	0	22	5	181	149
79	2	72	6	152	149
15	19	2	0	183	149
7	94	1	1	235	149
12	174	6	175	164	149
0	2	37	0	240	149
2	154	3	243	150	149
2	0	24	2	213	149
2	0	15	2	216	149
2	0	14	2	246	149
2	0	14	2	255	149
31	6	12	2	152	149
37	44	12	18	152	149
79	2	40	2	200	149
15	94	0	66	193	149
50	94	20	66	224	149
7	0	31	3	249	149
4	62	2	12	164	149
903	0	708	5	3423	149
17	0	200	2	232	149
55	2	149	0	233	149
0	6	1	1	475	149
18	12	31	22	187	149
134	12	175	22	199	149
3	529	4	151	164	149
3	0	53	36	171	149
3	0	51	25	168	149
0	2	1	58	231	149
211	3	188	1	177	149
116	4	120	7	156	149
16	4	20	2	174	149
4	19	0	6	1383	149
612	1	153	0	406	149
80	114	64	174	193	149
0	9	1	26	172	149
56	5	39	4	185	149
77	0	77	7	258	149
26	0	42	7	222	149
8	0	3	5	152	149
119	1	86	9	192	149
7	254	4	98	208	149
22	6	10	0	153	149
26	1	45	0	164	149
15	354	5	343	173	149
0	8	1	19	176	149
2	0	2	9	450	149
0	11	5	55	376	149
36	12	60	9	152	149
3	89	0	36	190	149
229	1	42	2	237	149
1	78	1	41	169	149
416	120	44	14	152	149
11	2	2	0	195	149
662	44	144	4	178	149
4	17	8	75	230	149
4	17	9	75	252	149
7	20	0	2	161	149
8	20	4	2	164	149
8	7	4	0	152	149
1	1	6	0	2988	149
1	1	6	0	3003	149
633	1	346	0	219	149
20	5	2	0	152	149
37	9	3	0	152	149
2	0	2	2	268	149
10	1	1	0	152	149
0	2	24	61	152	149
0	5	41	19	174	149
0	24	14	204	170	149
141	21	30	4	153	149
65	2	23	0	152	149
2	0	12	4	545	149
1	9	18	15	949	149
0	11	3	25	153	149
56	30	26	10	152	149
77	2	30	1	736	149
207	0	51	2	990	149
66	2	20	1	550	149
196	0	41	2	804	149
132	0	22	2	403	149
68	0	26	1	550	149
22	44	8	33	152	149
12	41	5	12	189	149
28	3	6	6	152	149
7	88	7	26	202	149
11	42	3	14	152	149
5061	9	61	2	483	149
224	46	86	22	152	149
10	4	2	0	220	149
301	59	206	37	152	149
161	5	338	8	376	149
2	0	0	2	210	149
2	2	7	19	501	149
8	233	2	101	184	149
6	5	4	24	758	149
1378	4	365	1	172	149
863	19	271	5	154	149
5	0	43	3	493	149
0	7	4	17	170	149
0	10	4	29	238	149
32	0	99	4	488	149
5	87	1	14	154	149
31	87	7	14	1271	149
31	5	7	1	1266	149
4	86	0	28	159	149
10	59	2	12	169	149
2	2	0	2	833	149
15	10	31	9	224	149
115	1	23	2	159	149
73	26	72	9	152	149
70	0	40	1	180	149
521	9226	65	1628	179	149
113	21	108	44	240	149
1006	32	12	0	203	149
1	0	1	4	152	149
2	3	2	0	194	149
70	2	202	19	187	149
2	135	0	13	170	149
135	7	28	0	181	149
18	17	4	23	334	149
1	109	0	38	174	149
2	39	0	13	169	149
0	2	2	5	152	149
15	0	60	1	207	149
54	10	34	5	153	149
34	6	12	1	180	149
14	704	12	426	173	149
1	28	0	3	185	149
6985	12	3516	8	183	149
205	23	187	87	2494	149
2	1	5	77	210	149
9	1	2	0	209	149
89	111	38	83	1644	149
2	91	5	60	175	149
16	4	43	4	164	149
139	2	24	0	187	149
62	2	7	2	176	149
0	2	8	2	170	149
3	1	11	2	152	149
13	44	29	94	255	149
0	1	3	22	207	149
825	8	124	4	242	149
2	0	0	8	176	149
18	25	7	16	173	149
10	0	81	8	211	149
19	4	36	408	827	149
14	26	2	8	188	149
5	41	2	7	273	149
270	0	83	1	315	149
18	3	13	1	647	149
100	2	98	0	3221	149
85	2	86	0	2723	149
7	0	13	2	1214	149
5	4	8	3	152	149
1093	2	164	0	176	149
45	40	61	7	1525	149
173	2	145	1	157	149
17	47	26	61	152	149
7	5	59	0	156	149
4	0	27	3	176	149
7	1	14	8	152	149
85	0	46	2	154	149
52	2	94	0	192	149
93	2	48	0	200	149
4	41	1	41	214	149
33	1	19	0	156	149
0	44	2	16	167	149
2	1	2	0	154	149
153	1	30	0	154	149
62	6	47	7	155	149
26	2	170	8	303	149
34	24	21	16	164	149
4	8	15	14	164	149
37	8	81	14	476	149
37	4	73	7	461	149
31	72	10	33	161	149
134	2	60	3	153	149
0	43	4	207	177	149
3	14	6	19	153	149
0	5	6	57	178	149
834	0	259	1	216	149
340	0	109	1	2659	149
12	10	19	22	203	149
12	3	2	7	210	149
3	14	1	10	161	149
1	0	1	1	169	149
3	0	0	3	169	149
5	28	1	46	207	149
0	4	1	4	187	149
5	24	1	31	170	149
5	8	2	12	173	149
24	8	32	12	152	149
95	1	61	0	183	149
1	11	5	17	227	149
78	0	13	2	153	149
122	5	18	0	152	149
7	58	4	97	236	149
1	16	12	23	209	149
9	0	30	19	268	149
120	3	79	0	183	149
1301	7	383	5	838	149
92	0	26	2	152	149
13	0	22	3	520	149
0	6	1	43	164	149
210	12	103	4	158	149
5569	4	3019	0	156	149
0	4	1	90	238	149
8	0	153	8	517	149
9	126	4	60	173	149
5	4	5	33	1597	149
2	0	41	13	152	149
0	381	4	977	158	149
0	20	1	26	173	149
0	2	2	0	196	149
67	14	53	6	161	149
38	2	41	1	153	149
14705	13	626	0	331	149
1387	61	54	0	167	149
12901	4	525	0	288	149
8726	1	390	0	184	149
19	1	3	0	224	149
0	1	9	0	152	149
118	5	33	0	152	149
12	6	8	2	152	149
39	3	10	5	152	149
24	170	2	34	211	149
188	7	52	2	158	149
50	2	49	2	437	149
0	2	2	16	152	149
5	7	5	3	331	149
39	0	20	2	223	149
6	22	9	46	207	149
1	69	0	3	224	149
47	2	2	0	152	149
14	47	0	2	235	149
461	0	214	2	347	149
80	152	15	83	1162	149
42	70	11	10	178	149
10	22	6	18	687	149
116	16	50	12	173	149
180	12	64	0	154	149
1	3	4	2	199	149
5	115	7	139	276	149
7	115	5	139	226	149
644	11	204	4	153	149
38	6	13	0	153	149
18	23	26	56	167	149
473	3	178	1	151	149
12	167	6	107	187	149
181	0	88	2	161	149
68	18	87	20	152	149
6	1	8	0	152	149
377	492	120	370	194	149
254	134	184	142	167	149
122	0	289	2	257	149
468	2	194	0	151	149
28	1	24	2	201	149
13	3	5	0	253	149
9	1	7	2	218	149
17	1	19	2	221	149
20	0	10	1	217	149
29	0	14	1	220	149
16	7	8	4	152	149
108	1	44	1	152	149
16	75	9	38	152	149
3	54	1	40	205	149
62	1	31	0	186	149
8	1	1	0	158	149
304	2	261	1	212	149
9	2	9	1	154	149
10	0	48	1	283	149
11	0	4	2	199	149
61	0	33	1	177	149
22	960	1	278	169	149
74	10	14	0	197	149
7	22	4	10	200	149
2	100	0	37	169	149
6	118	0	26	168	149
5	47	2	20	168	149
1	17	2	84	294	149
1878	1	1846	0	1198	149
39	0	365	2	387	149
40	4	19	2	240	149
0	10	4	30	164	149
18	0	29	3	152	149
3	52	1	27	164	149
0	5	2	35	278	149
111	16	88	1	2408	149
0	4	2	6	173	149
0	20	1	20	172	149
7	17	1	7	237	149
2	36	0	12	151	149
364	1	70	0	275	149
374	4	74	0	298	149
11	4	4	0	172	149
3	10	0	18	174	149
18	7	29	0	153	149
1501	8	20	0	199	149
127	2	84	0	722	149
26	4	320	7	1121	149
0	1	7	10	233	149
20	1	224	4	212	149
18	175	4	51	315	149
17	58	2	31	315	149
12	160	2	63	172	149
7	7	5	74	282	149
70	131	16	39	900	149
99	6	29	2	185	149
11	8	0	7	170	149
1	2	1	2	161	149
39	2	25	2	220	149
1	60	7	287	173	149
5	215	10	355	225	149
0	140	22	382	501	149
68	107	30	45	152	149
24	2	12	7	155	149
39	2	14	0	197	149
284	1	89	0	152	149
6	0	18	2	211	149
14	0	64	2	196	149
6	0	15	2	191	149
17	0	4	2	247	149
0	1	1	24	181	149
82	12	15	6	164	149
12	26	4	19	392	149
13	5	2	3	231	149
15	3	2	0	231	149
63	6	31	0	416	149
5	6	9	3	152	149
38	17	17	5	152	149
7	0	37	2	662	149
0	2	1	133	166	149
9	0	25	2	175	149
6	3	16	7	154	149
145	9	626	9	186	149
153	1	631	0	186	149
2	0	10	354	284	149
2	0	8	3	1030	149
27	5	10	7	178	149
19	260	10	242	574	149
9	2	8	3	152	149
56	23	26	9	203	149
7	3	0	1	170	149
12	134	1	63	170	149
0	3	2	57	169	149
743	0	720	4	7322	149
0	2	3	7	185	149
2	165	18	256	182	149
5	625	0	290	187	149
7	76	6	84	182	149
4	76	6	84	169	149
6	58	2	166	167	149
160	113	25	37	185	149
60	0	45	1	179	149
10	131	2	53	157	149
56	0	29	1	519	149
0	10	2	54	227	149
2	0	89	7	1213	149
18	2	8	0	152	149
4	26	3	6	152	149
4	2	16	2	290	149
78	1	37	1	152	149
7	1	5	2	152	149
85	0	27	2	288	149
13	29	2	3	326	149
10	37	2	6	152	149
0	1	2	5	197	149
11	2	29	16	152	149
14	11	82	41	152	149
67	41	44	17	158	149
15	10	9	2	173	149
52	0	13	1	251	149
3	0	0	2	152	149
13	133	1	53	180	149
205	2	126	0	304	149
1	9	0	8	195	149
13	0	31	2	190	149
1	0	2	4	164	149
6	49	6	77	243	149
97	7	102	28	167	149
13	9	6	12	203	149
139	15	48	9	152	149
12	11	8	5	152	149
92	4	13	3	381	149
3	217	5	694	170	149
4	0	240	2	164	149
1	38	0	7	341	149
332	7	182	0	173	149
234	0	248	1	1577	149
38	37	15	14	152	149
1	77	0	15	172	149
35	1	11	10	152	149
215	2	128	5	2479	149
13	0	7	1	188	149
18	3	19	0	420	149
4	6	1	11	242	149
17	5	6	14	281	149
19	5	16	14	188	149
0	13	1	34	175	149
2	28	0	39	210	149
2	32	0	58	247	149
0	2	5	28	228	149
6	2	45	2	153	149
17	4	42	4	154	149
8	4	8	0	167	149
23	0	18	1	152	149
4	4	9	46	249	149
2	38	4	46	223	149
2	0	4	10	1503	149
20	2	43	2	152	149
1	3	0	2	194	149
3	0	2	17	853	149
19	9	3	0	153	149
44978	24	1299	0	203	149
1166	15	40	0	171	149
766	15	34	0	245	149
164	564	17	23	223	149
8	163	4	49	166	149
6	836	0	412	169	149
106	3	123	9	216	149
724	17	228	0	2958	149
47	7	7	3	152	149
2	0	6	1	152	149
15	0	29	1	209	149
532	0	248	1	625	149
519	2	219	0	565	149
43	50	7	10	152	149
60	4	15	0	152	149
133	11	40	30	741	149
0	5	1	0	181	149
6	1	12	347	315	149
58	44	33	28	152	149
262	33	99	11	152	149
9	1	4	0	191	149
285	80	137	132	167	149
91	80	32	132	202	149
11	205	5	110	184	149
514	14	331	3	152	149
2	395	4	297	173	149
593	12	175	4	973	149
17	0	31	1	161	149
0	49	1	23	166	149
241	2	286	0	209	149
66	30	57	28	2667	149
668	4	479	0	1921	149
776	0	539	1	2160	149
112	0	60	1	388	149
2	0	1	6	223	149
291	3	75	0	516	149
135	4	37	2	153	149
163	1	68	0	170	149
18	56	0	12	244	149
85	25	19	12	174	149
0	37	1	2	365	149
5	2	64	0	176	149
2	0	25	18	383	149
2	0	19	18	361	149
1886	1	1930	0	835	149
762	1523	703	1167	1452	149
0	8	4	253	215	149
0	8	2	253	171	149
21	0	273	2	381	149
21	0	57	2	232	149
7	3	3	2	153	149
231	31	72	13	152	149
4	2	2	15	168	149
4	44	4	46	179	149
247	41	81	5	152	149
3	28	8	80	161	149
35	111	20	45	154	149
4	3	8	2	256	149
2	206	0	46	163	149
61	6	14	0	176	149
1	14	1	8	194	149
91	4	45	0	161	149
26	16	32	2	173	149
410	78	96	9	1428	149
1087	49	115	22	924	149
5	0	4	2	303	149
7697	2	4891	1	157	149
26	54	28	30	152	149
88	99	30	39	152	149
27	1	48	4	153	149
84	7	26	0	230	149
2	0	27	2	241	149
8	10	30	26	2185	149
8	9	30	15	2185	149
9	0	36	7	152	149
20	11	59	25	152	149
219	6	23	3	152	149
1	0	6	1	152	149
367	0	547	2	196	149
486	2	439	0	1124	149
1	15	0	7	177	149
0	2	7	8	171	149
55	1	19	0	208	149
20	11	9	5	152	149
852	6	5	0	221	149
1	0	4	1	154	149
1	29	1	4	269	149
2	2	3	6	274	149
30	2	6	6	154	149
31	6	4	5	229	149
8	12	44	7	217	149
12	0	208	1	358	149
255	3	170	2	168	149
37	51	12	26	152	149
69	1	31	1	152	149
16	27	0	3	308	149
20	4	34	1	154	149
0	1	3	8	191	149
23	2	2	0	152	149
3	0	29	50	1233	149
11	0	55	1	221	149
66	1	342	5	188	149
14	55	10	37	553	149
3	9	1	21	255	149
3	64	0	16	215	149
79	1	1	0	200	149
340	0	60	1	377	149
12	0	58	4	170	149
899	7	138	0	1028	149
68	3	23	0	3095	149
473	1	134	0	206	149
0	19	1	110	333	149
8	61	0	11	170	149
27	1	11	0	184	149
50	1	12	0	152	149
2	83	0	24	163	149
88	0	950	1	153	149
98	5	77	0	580	149
6	0	0	14	502	149
0	4	2	15	324	149
0	4	4	15	257	149
1	0	0	10	178	149
0	20	1	12	151	149
10	0	56	3	233	149
5	33	3	54	175	149
387	76	142	30	152	149
8	0	17	3	1015	149
1	0	3	2	152	149
7	9	23	53	152	149
5	5	8	8	152	149
87	6	272	26	152	149
1	111	1	70	185	149
0	32	1	40	177	149
2	0	2	64	243	149
1	5	1	52	499	149
6	214	8	168	201	149
1	0	8	1	181	149
7	1	2	0	152	149
10	0	5	2	152	149
17	1	5	0	152	149
26	473	9	103	167	149
553	0	113	2	152	149
81	4	78	20	299	149
16	0	14	3	152	149
2	0	0	4	155	149
15	37	5	46	164	149
82	2	50	0	258	149
104	2	91	0	243	149
8	7	7	4	169	149
114	1	48	0	234	149
248	9	78	2	213	149
78	74	52	21	152	149
23	115	8	61	167	149
10	106	6	54	227	149
322	2	100	6	290	149
4	5	3	19	169	149
1	9	2	2	161	149
2	66	2	19	180	149
6	77	2	23	183	149
70	77	19	23	152	149
37	2	19	6	152	149
5	0	20	2	152	149
7279	2	58	0	195	149
1	124	1	34	181	149
1	39	0	81	186	149
3	0	9	3	196	149
7	0	3	3	667	149
7	3	1	7	620	149
2	10	4	14	170	149
237	19	80	8	152	149
8	112	5	99	172	149
82	14	14	1	152	149
10	0	295	3	160	149
46	0	360	1	152	149
0	66	3	303	167	149
1	177	1	296	232	149
1	241	2	242	170	149
1	241	2	242	185	149
1	241	4	242	252	149
51	42	34	27	2765	149
44	42	33	27	2377	149
7	3	2	4	152	149
125	0	71	1	179	149
267	2	21	0	588	149
0	12	6	21	170	149
2	0	39	1	186	149
0	2	1	28	268	149
4	0	92	2	191	149
0	2	4	71	172	149
2	0	129	2	301	149
1	23	3	22	214	149
0	35	3	23	214	149
76	0	241	5	206	149
18	31	27	24	202	149
20	2	15	2	254	149
4	0	14	2	692	149
296	1	90	0	3961	149
49	58	20	12	3884	149
50	1	17	0	152	149
152	26	51	14	3985	149
3	2	2	0	212	149
2	3	1	2	177	149
40	0	204	7	254	149
18	9	10	8	152	149
1	0	2	3	353	149
53	3	35	1	231	149
0	59	1	37	203	149
85	4	106	7	152	149
2	97	8	292	179	149
80	4	304	22	194	149
73	6	36	7	154	149
157	1	12	0	225	149
0	36	5	42	191	149
97	7	12	0	220	149
5	154	4	32	168	149
413	2	192	0	154	149
2	56	0	44	181	149
0	275	1	83	171	149
540	2	157	1	182	149
553	4	178	0	1306	149
80	2	23	2	152	149
4158	1580	1259	521	152	149
76	3	24	0	152	149
39	1	19	0	155	149
8	0	7	1	154	149
0	1	1	0	158	149
186	5	79	8	177	149
1	7	0	4	182	149
25	81	4	21	152	149
4	1	0	1	655	149
2	9	22	249	211	149
132	2	308	0	3399	149
6	27	10	68	164	149
44	3	19	1	185	149
48	2	23	4	224	149
7	2	5	4	188	149
748	4	379	3	1973	149
30	145	8	281	231	149
68	0	6	1	159	149
204	130	75	98	159	149
21	0	16	4	175	149
145	11	7	2	200	149
1	81	0	4	204	149
2	0	22	2	476	149
60	12	6	0	152	149
2	2	0	18	207	149
577	6	574	1	221	149
0	4	2	33	257	149
0	1	1	0	218	149
23	2	44	1	177	149
5	17	6	201	340	149
2	93	9	153	206	149
2	0	12	1	212	149
342	16	97	6	152	149
33	43	13	6	218	149
21	2	6	1	331	149
11	16	1	3	179	149
2	130	26	1204	152	149
12	142	29	1669	238	149
156	0	2120	2	185	149
186	2	1877	14	537	149
244	6	581	13	199	149
12	0	6	2	296	149
4	0	0	2	187	149
3	28	0	95	207	149
174	0	128	5	156	149
1	172	0	162	172	149
493	3	200	0	194	149
185	3	59	0	425	149
45	353	19	160	380	149
8192	33	2486	12	310	149
725	0	555	2	1388	149
2	0	9	1	318	149
5	118	1	78	182	149
22	1	30	4	153	149
9	22	6	15	164	149
23	16	44	25	152	149
3	170	3	78	175	149
18	287	3	183	165	149
2	63	0	15	194	149
66	43	17	22	152	149
19	5	3	1	171	149
1857	2	1610	1	151	149
25	10	6	1	202	149
0	1	4	11	152	149
3	3	3	45	264	149
8	2	30	6	226	149
1	0	1	2	152	149
2	0	99	2	172	149
9	56	16	52	331	149
1	0	109	6	196	149
4	2	2	0	213	149
18	119	4	59	198	149
166	1	11	0	154	149
313	8	29	1	217	149
4	0	1	1	254	149
14	0	10	1	183	149
0	14	2	28	292	149
13	38	14	24	378	149
15	62	14	41	211	149
0	41	1	123	309	149
108	2	58	1	1056	149
64	2	20	1	985	149
144	16	55	12	152	149
2	0	17	1	189	149
0	6	3	15	267	149
11	13	4	9	1682	149
0	4	1	5	195	149
68	11	2	1	182	149
0	1	2	0	254	149
70	64	175	9	1018	149
28	3463	7	2354	173	149
603	87	143	4	175	149
0	25	6	145	178	149
17	0	137	6	179	149
1	26	0	7	169	149
4	30	0	6	192	149
1	0	7	9	193	149
82	6	10	2	152	149
11	6	2	2	171	149
10	81	1	9	168	149
118	3	146	11	154	149
9	244	2	111	170	149
37	51	15	6	390	149
3	18	0	6	176	149
6	24	1	8	270	149
11	2	4	0	1394	149
6	2	2	24	196	149
2	14	0	3	196	149
145	0	281	2	152	149
80	90	41	100	168	149
1444	121	493	45	308	149
5	10	2	7	161	149
6	2	6	0	270	149
6	2	0	2	200	149
7	4	17	0	880	149
10	2	16	0	193	149
47	9	42	20	534	149
268	1	61	0	171	149
2	121	1	67	166	149
54	2	35	5	241	149
58	5	17	2	152	149
108	39	22	3	155	149
26	3	16	0	154	149
0	10	38	124	315	149
1	0	1	3	814	149
119	4	57	0	198	149
26	1	47	4	259	149
123	3	63	2	284	149
87	3	30	2	509	149
4	40	0	33	374	149
393	0	271	1	151	149
0	2	84	47	224	149
18	66	2	7	418	149
63	19	18	17	320	149
16	3	27	0	198	149
16	21	12	23	186	149
3	28	5	28	251	149
44	8	8	1	152	149
31	2	7	1	214	149
13	2	7	1	318	149
4	75	0	32	170	149
0	70	4	442	169	149
1	151	5	481	184	149
0	22	8	334	191	149
764	6	716	7	218	149
1	5	0	8	198	149
24	72	12	25	182	149
261	2	45	0	156	149
0	2	19	8	206	149
1	36	0	20	186	149
48	0	54	2	166	149
105	3	59	0	251	149
5	79	0	25	173	149
7	7	0	5	173	149
7	0	0	5	152	149
11	11	6	14	152	149
4404	6	1511	0	2027	149
485	18	174	4	671	149
3578	18	1179	4	1359	149
3095	2	1005	0	837	149
104	1	88	0	470	149
6	1	2	0	839	149
301	0	208	4	2666	149
0	86	3	619	260	149
1	2	0	2	177	149
9	1	17	4	154	149
434	31	80	6	188	149
115	10	27	1	155	149
0	30	1	27	166	149
5	86	0	9	169	149
70	5	38	10	538	149
32	473	11	134	154	149
3	11	0	23	185	149
2	0	8	2	197	149
24	0	90	2	191	149
1	2	3	55	162	149
8	14	2	23	167	149
6274	34	1326	13	205	149
3424	34	456	13	421	149
185	3035	15	885	365	149
0	91	1	252	209	149
2	3	1	6	185	149
9	19	12	10	170	149
78	24	26	15	152	149
0	6	2	0	153	149
174	0	676	2	208	149
0	1	3	0	152	149
6	34	8	52	179	149
0	4	2	0	302	149
6	33	3	1	345	149
9	21	2	0	152	149
2	10	4	6	464	149
625	6	95	0	1125	149
1	0	11	2	185	149
2	8	3	28	271	149
21	30	4	0	164	149
14	7	2	1	188	149
52	21	16	11	360	149
45	21	15	11	321	149
10	50	0	21	202	149
186	2	48	2	321	149
74	12	20	0	193	149
9	38	36	98	170	149
3	458	0	132	165	149
22308	49	1810	3	1405	149
36	225	8	24	572	149
154	9	24	10	190	149
23	893	20	718	174	149
1068	139	835	164	185	149
619	0	572	1	201	149
0	27	3	86	152	149
0	9	5	69	169	149
3	8	10	3	152	149
12	181	13	350	179	149
156	357	16	43	168	149
1651	319	131	10	385	149
113	516	5	20	167	149
1895	1075	75	97	517	149
116	2	92	1	250	149
166	2	204	1	306	149
51	1	112	0	205	149
198	4	11	0	827	149
28	23	0	1	152	149
2	10	0	10	231	149
10	59	11	448	164	149
80	124	2	1312	556	149
60	3159	7	1078	176	149
3673	1	1413	0	203	149
5044	6	1824	2	260	149
1372	6	411	2	206	149
6	0	339	4	671	149
0	10	55	97	505	149
14	0	243	1	392	149
0	4	1	38	259	149
6	249	5	174	174	149
3	1	7	18	1250	149
5	51	11	1029	192	149
13	0	11	3	174	149
1024	3	303	0	293	149
725	1	322	0	248	149
358	67	145	15	152	149
19	2	1	2	213	149
314	25	149	6	152	149
2	39	1	44	173	149
1	92	0	59	172	149
27	0	79	1	210	149
738	2	21	0	160	149
12866	58	470	2	160	149
59	5	3	0	153	149
808	5	38	0	269	149
1026	5	62	0	309	149
765	16	35	0	265	149
983	16	59	0	305	149
225	7	24	0	189	149
16782	19	572	2	152	149
444	2	9	0	152	149
12705	2	404	0	158	149
1678	2	34	0	177	149
12270	9	395	0	155	149
1243	9	25	0	174	149
766	11793	13	383	168	149
481	5	12	0	155	149
5944	80	406	3	184	149
2	14	4	20	227	149
12	388	10	157	244	149
5	3	10	0	244	149
32	0	49	2	153	149
17	0	40	1	293	149
1	2	0	3	165	149
94	0	37	1	1444	149
11	4	7	0	351	149
15	65	15	57	218	149
23	432	0	120	203	149
0	2	2	5	152	149
5	0	2	5	152	149
24	0	45	1	901	149
10	21	68	95	1810	149
5	13	11	113	272	149
1	77	0	24	161	149
132	125	38	48	152	149
4	137	0	45	177	149
51	3	39	0	152	149
1	2	0	1	172	149
50	1	11	2	280	149
9	88	0	25	279	149
10	0	30	4	278	149
0	77	4	20	169	149
199	5	41	0	207	149
194	0	32	2	817	149
9	201	3	30	314	149
7	0	338	6	208	149
58	1	22	2	168	149
176	0	821	9	152	149
0	45	1	64	166	149
4	282	5	202	255	149
5	282	5	202	263	149
694	0	20577	1	4802	149
720	0	698	2	593	149
11	2	11	3	152	149
2936	0	4269	5	221	149
156	0	104	1	202	149
8	0	36	2	211	149
36	0	1291	3	197	149
1	0	36	5	1710	149
13	326	3	98	164	149
21	1	2	0	153	149
113	117	99	47	963	149
7	2	20	6	152	149
1	14	0	2	151	149
45	0	45	2	155	149
0	12	2	45	165	149
262	158	92	64	152	149
461	2	638	0	549	149
375	0	564	4	347	149
187	1	157	0	549	149
463	1	635	0	1127	149
290	1	489	3	727	149
33	1	16	1	261	149
0	13	2	12	244	149
1647	1	1595	0	169	149
16862	0	9293	1	169	149
36	10	1	1	220	149
38	1	1	0	220	149
35	2	1	0	220	149
11	5	4	0	183	149
4	4	17	0	160	149
20	1	16	0	152	149
69	1	33	11	1761	149
0	13	9	33	152	149
74	11	93	11	813	149
5	2	5	3	152	149
370	2	96	0	203	149
463	4	132	0	605	149
260	6	164	1	176	149
256	33	176	33	152	149
14	11	17	12	264	149
5	6	8	8	152	149
1	16	1	14	179	149
266	3	47	0	152	149
542	63	99	11	668	149
343	24	78	1	155	149
5803	6	2954	0	164	149
95	3	48	0	154	149
0	581	3	217	152	149
18	2	32	1	152	149
6	2	8	3	152	149
16	0	229	14	239	149
0	4	1	128	182	149
0	2	5	4	395	149
2	0	10	11	251	149
2	2	3	0	169	149
394	2	387	0	156	149
448	1	358	5	152	149
9	0	6	22	1341	149
9	0	43	19	209	149
103	2	82	2	153	149
122	48	32	17	924	149
86	119	19	28	1017	149
22	5	22	5	152	149
0	12	4	15	175	149
12	29	23	33	292	149
216	5	96	2	194	149
0	105	1	55	164	149
1	17	1	3	152	149
19	1	39	2	246	149
1028	1	4258	2	690	149
1009	0	4220	1	593	149
305	3	393	0	157	149
2	0	8	2	157	149
4	0	16	2	270	149
4539	1	1281	0	3034	149
2	0	7	1	247	149
2	0	3	2	194	149
49	0	615	5	545	149
57	2	553	0	782	149
1	2	3	0	226	149
0	3	7	5	373	149
4	0	4	1	231	149
3	111	7	114	170	149
4	3	2	3	295	149
25	22	8	3	152	149
1	38	3	447	165	149
5	17	22	341	397	149
22	0	21	1	212	149
4	0	12	1	201	149
294	24	105	14	205	149
227	9	127	0	217	149
1	6	15	0	193	149
17	8	2	6	196	149
6	108	0	45	170	149
12	0	16	20	152	149
87	24	14	4	152	149
11	11	6	7	152	149
2	5	0	5	170	149
374	1	2	0	155	149
0	10	2	60	314	149
1	95	1	55	190	149
108	4	50	0	152	149
0	238	1	51	191	149
10	20	8	15	176	149
37	3	17	44	1890	149
9	10	5	5	152	149
71	98	27	34	169	149
157	98	63	34	200	149
89	3	41	5	180	149
99	522	40	241	169	149
291	522	127	241	200	149
223	31	105	18	180	149
2	5	3	5	218	149
21	7	2	2	152	149
10	7	1	2	329	149
25	7	1	2	443	149
9	20	1	2	326	149
24	20	1	2	440	149
147	2	57	8	253	149
116	3	183	2	287	149
49	22	26	28	362	149
7	0	232	2	289	149
0	11	1	22	166	149
920	535	182	183	1494	149
967	8	187	7	1497	149
582	8	188	7	152	149
537	2	158	0	442	149
256	101	103	34	152	149
336	34	201	28	2559	149
52	2	42	4	155	149
27	29	8	18	230	149
80	1	24	0	156	149
5	0	39	24	152	149
9	14	21	6	153	149
221	2	84	0	209	149
0	2	4	114	172	149
15	70	13	29	152	149
108	0	95	2	1078	149
4	4	9	14	152	149
10	2	2	0	506	149
3	82	3	44	188	149
63	22	39	14	1491	149
20	6	7	0	152	149
1	14	0	4	162	149
1	45	2	26	168	149
21	2	63	0	204	149
5	12	3	19	180	149
43	1	47	2	310	149
50	1	63	2	279	149
423	61	82	25	152	149
25	0	16	1	154	149
0	5	2	48	155	149
1	16	2	59	161	149
38	7	8	2	152	149
2	0	6	2	152	149
0	1	4	1	224	149
2	0	2	27	204	149
2	0	1	27	363	149
11	3	15	4	1089	149
3	0	2	6	215	149
8	0	29	2	213	149
0	28	9	140	170	149
1	64	0	56	174	149
21	0	47	7	173	149
18	0	16	1	163	149
5	0	1	1	187	149
6	2	5	10	152	149
6	0	118	1	152	149
733	4	189	0	2906	149
35	46	39	114	173	149
29	2	42	50	173	149
57	19	23	26	1339	149
28	2	3	1	197	149
59	3	9	0	197	149
316	2	148	1	204	149
1309770	72	42842	9	154	149
21	1	4	0	152	149
1	94	5	49	188	149
142	3	57	4	154	149
12	5	4	0	152	149
962	5	157	0	209	149
0	139	2	156	170	149
3	8	5	2	164	149
17	27	4	7	277	149
3	0	59	5	158	149
0	443	3	95	206	149
27	2	23	2	227	149
6	0	14	5	296	149
12	12	19	16	296	149
173	24121	0	5	188	149
115	0	86	1	254	149
8	293	3	181	160	149
0	4	8	69	208	149
6	0	18	1	202	149
36	842	4	126	430	149
206	23	64	5	153	149
51	2	9	0	176	149
0	3	10	19	160	149
12	5	55	12	167	149
4	5	0	2	295	149
6	5	1	2	301	149
185	1	233	4	191	149
90	1	62	0	191	149
72	3	30	12	165	149
2	90	0	85	174	149
49	17	56	9	498	149
0	31	2	64	170	149
4	6	0	3	182	149
79	2	47	6	152	149
0	62	1	51	180	149
37	25	24	6	152	149
0	9	3	59	209	149
232	0	109	2	153	149
221	5	99	0	155	149
509	3	181	2	177	149
104	3	36	2	267	149
12	417	2	147	239	149
6	5	1	5	152	149
0	4	2	412	211	149
1946	13	657	20	2028	149
333	24	159	10	188	149
6	2	0	1	202	149
7	2	4	2	152	149
71	1845	11	492	242	149
9	0	135	2	188	149
588	1	116	3	203	149
289	4	50	2	228	149
13	18	24	19	191	149
2	20	11	18	203	149
99	4	20	3	180	149
2	50	0	69	173	149
82	183	10	89	483	149
7	21	1	2	152	149
12	0	50	6	1029	149
4	2109	4	1375	176	149
1942	6	1340	1	154	149
19	1983	18	1253	172	149
94	0	57	2	189	149
40	0	255	1	154	149
6	574	5	363	194	149
19	20	10	11	196	149
587	20	368	11	151	149
337	38	66	5	228	149
2	137	0	35	168	149
20	3016	17	4391	203	149
3	0	28	2	191	149
6	0	12	1	153	149
227	10	1124	903	677	149
98	2	45	1	172	149
14	4	1	0	612	149
18	32	8	16	152	149
6	2	8	0	156	149
2469	4	880	4	207	149
78	8	29	5	177	149
13	0	5	1	177	149
23	0	1004	3	244	149
10	0	52	1	152	149
0	3	3	44	369	149
2	23	5	40	184	149
1033	4	209	0	2519	149
37	0	161	1	241	149
3	189	1	25	171	149
12	1	25	2	219	149
2	0	7	1	152	149
0	95	1	143	167	149
2	55	2	69	166	149
10	2	2	0	169	149
1652	3	231	1	251	149
11	0	16	1	152	149
0	2	9	54	166	149
2	0	88	3	198	149
11	0	91	7	489	149
4	1	1	71	216	149
4	0	1	3	193	149
0	1	3	71	172	149
2	534	17	2203	180	149
7	0	237	1	1625	149
89	5	23	0	201	149
1	1	0	4	183	149
4	2	43	1	202	149
83	2	147	1	222	149
79	0	106	2	169	149
71	18	98	32	188	149
4	0	33	5	164	149
3	40	2	38	183	149
67	4	21	2	152	149
12	4	58	22	2476	149
18	1	8	4	152	149
132	34	43	24	152	149
15	11	1	0	152	149
3	152	5	344	211	149
0	2	104	0	685	149
5	468	3	157	191	149
47	1354	0	280	218	149
1570	1	321	0	153	149
30	0	215	28	179	149
3	0	50	4	330	149
2	0	53	4	351	149
0	1	7	4	170	149
0	1	8	395	329	149
2	0	79	3	368	149
3	0	466	3	188	149
18	20	16	463	344	149
790	3	611	1	154	149
41	1	32	1	152	149
82	0	33	1	183	149
2	0	90	12	152	149
0	3	2	40	171	149
20	0	6	2	582	149
2	1	3	12	152	149
1187	20	494	7	222	149
4	0	146	9	153	149
131	4	48	0	154	149
606	9	276	2	154	149
7	4	8	6	247	149
7	27	5	11	155	149
2	98	1	46	171	149
0	12	1	55	180	149
201	6	184	0	1828	149
15	0	23	2	151	149
104	342	208	7720	310	149
18	0	1	1	231	149
53	13	64	36	943	149
14	4	21	18	152	149
123	16	32	2	169	149
67	2	45	0	287	149
0	2	2	0	152	149
2	2	0	6	330	149
2	2	0	6	288	149
2	0	0	1	288	149
2	0	0	2	199	149
0	2	1	73	190	149
12	0	24	1	182	149
0	2	5	0	206	149
4	2	6	0	236	149
29	176	19	77	158	149
20	0	83	3	226	149
0	1	4	30	288	149
3296	81	19552	107	211	149
2	2	7	4	152	149
1	0	0	1	182	149
16	0	2	1	250	149
30	0	33	2	1714	149
5	6	13	34	287	149
7	0	20	7	318	149
8	0	41	7	180	149
2	0	205	1	453	149
19	12	25	11	193	149
1	2	1	3	223	149
2	0	24	3	2179	149
4	0	74	2	257	149
4	0	7	1	152	149
0	8	8	222	302	149
13	105	1	72	185	149
12	0	2	2	223	149
1	61	0	57	212	149
286	25	18	2	155	149
300	2	31	0	353	149
2068	11	269	0	215	149
8485	33	1250	2	215	149
9	0	0	1	245	149
240	0	252	3	7115	149
3	0	0	9	168	149
6	0	0	2	176	149
6	13	0	10	176	149
10	65	0	10	176	149
0	5	1	1	211	149
73	14	3	2	471	149
2	0	9	70	285	149
2	2	2	0	153	149
111	0	189	2	152	149
657	2	124	0	411	149
13	243	4	33	156	149
1195	5	59	2	198	149
3	6	5	101	225	149
0	6	4	101	202	149
141	0	53	1	186	149
125	4	20	2	385	149
397	2	96	0	177	149
9	22	59	145	152	149
0	20	5	211	316	149
2	6	2	0	152	149
11	91	18	64	152	149
247	10	94	0	152	149
16	161	5	89	173	149
20	2	44	0	271	149
62	75	45	26	154	149
40	39	11	19	152	149
2	47	0	4	170	149
1	14	0	4	164	149
0	2	8	5	152	149
2	9	7	31	191	149
4	9	4	31	224	149
4	2	3	6	182	149
6	0	103	3	521	149
1	3	36	27	152	149
31	6	64	35	161	149
260	7	146	1	152	149
2	5	0	4	167	149
16	2	48	3	256	149
16	0	48	2	258	149
2	0	3	2	151	149
146	1	22	0	189	149
194	1	33	0	234	149
782	5	32	0	3690	149
0	2	23	276	194	149
507	3	440	0	195	149
1338	910	1338	471	434	149
2234	910	2914	471	509	149
1629	733	1814	238	224	149
0	71	4	220	153	149
1	72	0	205	168	149
17	3	237	8	157	149
0	33	3	150	258	149
99	11	18	0	164	149
16	0	47	1	191	149
89	72	31	83	303	149
4	23	3	61	165	149
111	5	104	0	380	149
138	4	116	1	536	149
19	5	108	10	428	149
0	18	4	73	176	149
12	0	84	3	197	149
100	2	23	0	186	149
40223	388	1545	21	210	149
0	26	3	55	543	149
26	0	30	1	202	149
80	4	41	0	242	149
39	0	64	3	152	149
2	11	0	10	350	149
7	0	2	2	221	149
30	242	19	207	176	149
17	0	33	154	2024	149
17	0	83	1	2084	149
15	203	5	62	164	149
63	3	19	1	167	149
144	0	26	1	200	149
84	0	8	1	182	149
24	159	10	42	278	149
63	20	15	2	296	149
144	7	22	3	329	149
198	20	47	2	167	149
279	7	54	3	200	149
101	7	9	3	182	149
151	3	45	1	230	149
187	10	83	4	230	149
18	0	45	3	167	149
74	0	48	7	178	149
0	401	37	1013	197	149
7	0	1224	6	183	149
17	5	1	0	153	149
126	0	136	6	183	149
21	2	13	1	183	149
0	251	2	172	183	149
6	74	0	91	152	149
3	14	1	3	378	149
10	247	4	41	172	149
0	4	1	6	162	149
3	0	3	4	363	149
11	167	3	155	171	149
321	174	87	38	164	149
169	14	20	2	170	149
1	2	2	0	244	149
2932	2	916	0	5682	149
7	132	1	39	172	149
130	2	45	1	155	149
3	0	2	4	547	149
39	2	15	1	152	149
1	5	0	3	224	149
42	12	6	14	215	149
30	1	70	6	164	149
0	3	6	6	152	149
108	1	34	2	207	149
23	1	13	1	154	149
25	5	16	0	173	149
10	2	2	1	210	149
14	19	13	23	170	149
28	0	101	9	169	149
250	101	56	34	152	149
171	1	242	1	194	149
9	0	5	1	199	149
0	9	5	4	152	149
5	72	2	18	271	149
40	2052	7	141	170	149
19	0	51	2	152	149
6889	0	8575	1	272	149
13	3	11	0	152	149
10	5	6	6	152	149
14	0	17	2	196	149
0	2	2	4	183	149
2	0	222	31	167	149
5	258	0	103	161	149
74	1	44	1	203	149
327	1	147	1	191	149
105	168	33	47	1807	149
22	6	8	3	152	149
4	59	4	3	153	149
4	59	2	3	170	149
4	4	1	3	166	149
6	34	4	10	186	149
0	178	5	123	185	149
2	1	1	1	152	149
49	0	68	5	196	149
0	4	5	55	379	149
0	4	7	55	423	149
7	56	0	78	214	149
23	0	58	1	153	149
19	0	17	4	189	149
136	0	75	4	193	149
1	0	2	2	179	149
3	27	2	24	237	149
488	3	109	2	153	149
139	1	138	0	153	149
5	8	1	0	152	149
107	4	79	4	440	149
62	13	60	1	273	149
44	3	20	0	257	149
3	2	63	13	152	149
10	6	5	5	152	149
8	5	13	4	167	149
5	1638	0	671	161	149
1203	3	399	0	161	149
165	566	43	297	1132	149
87	5	6	0	235	149
0	123	1	22	166	149
5569	0	3922	1	243	149
296	44	2416	73	161	149
142	44	308	73	177	149
13	167	23	2131	165	149
2	2	71	1022	175	149
0	2	27	1022	198	149
1668	0	731	2	5509	149
4	0	48	5	330	149
158	0	100	2	161	149
52	1	21	4	168	149
210	7	22	0	265	149
84	29	107	159	173	149
1	0	2	1	152	149
142	3	10	0	483	149
18	0	32	2	152	149
0	27	5	17	176	149
10	0	26	4	164	149
8	9	0	4	154	149
7	7	1	0	187	149
110	32	73	6	152	149
54	78	30	80	182	149
11	78	7	80	218	149
0	43	2	25	185	149
13	0	3	4	308	149
13	1	4	0	153	149
2	62	0	13	171	149
0	6	1	44	194	149
11	4	54	4	181	149
1482	2218	2462	1314	2914	149
20	2218	6	1314	152	149
22	39	9	30	280	149
4	26	0	12	166	149
1	12	1	4	167	149
4	0	3	66	281	149
101	5	119	6	164	149
25	0	10	3	185	149
4	38	0	10	160	149
254	1	64	2	3244	149
1	7	2	19	237	149
1	12	2	18	170	149
12	0	14	3	224	149
23	0	30	3	203	149
4	0	64	26	217	149
0	1	2	3	152	149
37	1	41	0	1291	149
0	4	1	44	178	149
2	26	0	36	163	149
72	7	33	6	163	149
2	7	10	6	267	149
15	7	15	6	320	149
0	70	9	32	253	149
13	70	14	32	306	149
0	29	2	74	191	149
4	3	4	5	271	149
2	0	2	1	178	149
0	42	3	20	166	149
1	6	0	4	169	149
103	3	47	2	161	149
3	122	0	61	174	149
2	92	1	13	164	149
18	2	17	0	457	149
97	84	25	37	200	149
6	4	2	17	152	149
33	0	6	1	162	149
6	38	20	37	212	149
0	2	11	4	152	149
5	2	2	4	167	149
5	0	1	10	164	149
3	363	3	242	180	149
216	15	74	1	276	149
3	0	51	4	186	149
8	46	7	38	583	149
166	113	14	17	477	149
323	2	62	0	154	149
5	137	2	76	226	149
1	460	3	317	236	149
290	10	53	0	176	149
6354	10	578	0	251	149
6069	5	525	0	224	149
44	0	1	1	495	149
2	19	0	2	174	149
23149	322	635	32	311	149
11815	1	351	0	311	149
13729	38	418	0	197	149
809	670	6	4	232	149
1599	26	22	0	1409	149
5	44	4	19	187	149
2115	70	740	26	201	149
8	4	8	1	171	149
12	381	8	334	171	149
25	122	11	108	171	149
26	62	17	47	171	149
147	62	84	47	257	149
127	6	76	9	235	149
183	1	107	0	208	149
0	22	16	256	177	149
5	0	19	1	207	149
0	6	3	43	210	149
102	18	29	26	1479	149
0	2	3	71	173	149
1	47	0	11	188	149
16	4	13	10	152	149
6	2	1	0	152	149
75	8	12	4	152	149
16	2	29	7	306	149
1595	2	105	0	207	149
107	95	42	32	152	149
157	85	51	40	152	149
3	0	2	4	192	149
9	122	2	16	220	149
466	10	228	1	204	149
426	1	230	1	203	149
18	3	10	2	209	149
30	3	10	2	212	149
15	3	2	2	152	149
79	1	31	0	1839	149
11	457	0	44	168	149
7	81	3	32	225	149
200	2	68	0	242	149
15	4	24	3	152	149
4	1	0	7	721	149
0	3	6	3	184	149
46	312	9	116	152	149
47	30	31	18	152	149
12	6	4	0	152	149
12	0	6	4	152	149
2	0	0	4	154	149
27	6	37	4	152	149
5	27	1	44	189	149
106	3	29	0	229	149
166	4	54	2	229	149
8	6	10	9	378	149
0	26	5	146	271	149
0	4	1	38	161	149
1	0	2	2	251	149
2	81	0	60	153	149
20	4	27	3	183	149
63	2	58	0	183	149
1	1	3	0	155	149
53	0	52	4	155	149
0	29	1	86	175	149
0	8	1	99	246	149
27	860	10	1065	239	149
7	379	4	210	180	149
7	344	5	155	310	149
0	2	4	0	173	149
6	397	2	513	174	149
71	1	55	3	1569	149
11	1163	10	696	175	149
75	0	44	4	179	149
1227	0	730	4	153	149
70	2	159	0	437	149
68	2	118	0	341	149
68	2	115	0	287	149
68	2	86	0	261	149
13	1	21	0	152	149
4	1	8	63	196	149
4	0	8	3	196	149
1	43	0	61	343	149
2	300	2	118	177	149
100	25	180	22	174	149
10	3	31	14	152	149
844	13	106	1	184	149
8	25	0	2	225	149
17	44	19	7	315	149
165	17	65	2	173	149
7	185	2	67	166	149
327	3	95	1	152	149
52	23	29	9	158	149
118	3	27	3	190	149
26	0	186	17	223	149
0	2	5	33	166	149
133	1	179	1	263	149
97	6	199	2	152	149
49	64	22	32	152	149
90	6	19	3	153	149
62	3	10	0	153	149
38	75	25	21	161	149
139	3	28	0	153	149
105	121	33	42	1220	149
183	1	169	0	221	149
24	102	4	82	210	149
0	5	13	108	183	149
0	1	13	23	187	149
5	1	108	23	153	149
5	0	104	42	165	149
176	3	51	1	209	149
1246	10	443	5	151	149
1302	9	459	1	153	149
66	9	21	1	151	149
2174	0	1011	1	151	149
0	17	2	18	170	149
6	7	9	8	152	149
2	7	2	8	255	149
0	4	2	9	252	149
4	0	2	6	1798	149
0	3	3	271	172	149
124	0	291	3	168	149
10	64	11	219	233	149
54	13	22	2	152	149
75	2	34	2	179	149
0	21	3	14	164	149
6	0	1	22	311	149
1	9	1	10	221	149
0	71	1	60	170	149
12	71	20	60	161	149
0	24	2	16	608	149
6	0	52	66	170	149
180	0	118	1	175	149
0	1	10	2	174	149
2	1	6	0	153	149
4	16	7	69	160	149
1533	7	8038	10	257	149
323	7	2526	10	288	149
4	1214	42	5554	180	149
16	247	13	92	152	149
1148	2	394	0	1020	149
2	2	1	0	302	149
14	373	429	28300	297	149
58	0	4285	4	171	149
4	0	169	3	152	149
6	0	113	1	173	149
257	1	149	0	593	149
29	243	21	104	374	149
9	243	6	104	212	149
44	89	23	285	1364	149
22	10	156	146	161	149
182	18	122	10	152	149
209	51	272	55	152	149
1	21	0	16	174	149
58	2	32	0	194	149
53	5	16	0	284	149
2	0	2	1	152	149
545	1	388	2	154	149
2923	7	3618	3	195	149
4	2	3	0	187	149
1	2356	2	3224	169	149
25	14	25	30	172	149
2380	14	3247	30	152	149
9	0	21	1	185	149
2	5	32	4	386	149
102	5	96	4	1113	149
102	2	64	0	876	149
22	58	9	24	152	149
11	0	6	6	245	149
17	17	13	0	152	149
75	2	120	1	289	149
4	62	5	43	163	149
30	6	31	0	204	149
88	6	69	0	190	149
2	15	0	27	169	149
231	0	75	6	230	149
505	0	655	23	1670	149
20	17	92	9	380	149
121	62	47	41	230	149
7	1	16	5	152	149
5	39	2	16	169	149
11	137	10	82	294	149
16	0	8	2	154	149
111	2	41	0	154	149
1	6	4	1	170	149
2	4	4	5	152	149
8	12	25	45	190	149
4	2	5	30	347	149
2	0	84	2	237	149
