ID
6
20
23
24
27
28
61
66
67
68
71
79
82
83
95
99
102
107
117
121
156
166
167
168
170
172
173
179
181
187
216
218
222
254
257
259
282
285
286
288
289
308
309
311
342
361
374
375
380
398
399
424
428
429
431
432
439
462
472
476
501
504
517
522
526
536
551
585
586
587
612
620
633
653
654
656
665
666
667
670
671
675
685
687
689
716
717
720
724
728
729
739
741
742
743
745
748
755
756
761
785
786
787
790
795
809
819
820
823
825
830
832
833
834
836
840
841
842
851
857
861
864
870
885
890
892
895
905
912
913
914
915
916
917
918
944
947
949
950
954
955
956
997
1020
1032
1044
1062
1066
1073
1079
1080
1081
1082
1084
1096
1097
1098
1099
1101
1102
1107
1117
1122
1123
1130
1131
1132
1143
1160
1162
1164
1165
1166
1167
1173
1175
1176
1177
1181
1188
1193
1195
1217
1226
1230
1237
1249
1251
1254
1255
1257
1258
1261
1264
1267
1270
1273
1282
1283
1286
1288
1293
1296
1307
1314
1339
1343
1346
1348
1351
1356
1358
1359
1361
1370
1373
1387
1388
1389
1407
1408
1409
1410
1425
1428
1433
1435
1443
1444
1455
1459
1460
1470
1471
1472
1476
1487
1488
1489
1493
1494
1495
1496
1497
1513
1540
1541
1548
1554
1578
1579
1580
1582
1584
1585
1586
1590
1597
1598
1601
1602
1603
1608
1613
1614
1621
1625
1631
1632
1649
1650
1660
1679
1689
1690
1703
1708
1718
1734
1740
1747
1758
1777
1799
1819
1830
1831
1841
1845
1859
1863
1864
1872
1876
1877
1900
1902
1903
1905
1906
1907
1909
1916
1922
1923
1924
1925
1927
1928
1929
1935
1937
1938
1943
1954
1962
1963
1964
1966
1967
1968
1971
1974
1980
1981
1984
1986
1993
1996
1997
1998
2004
2005
2007
2008
2009
2010
2011
2021
2023
2027
2029
2030
2031
2039
2044
2048
2049
2050
2051
2060
2061
2062
2063
2066
2070
2071
2081
2082
2085
2096
2097
2105
2115
2116
2117
2118
2119
2120
2121
2122
2123
2124
2125
2126
2127
2134
2137
2138
2152
2175
2176
2177
2181
2183
2194
2197
2200
2201
2204
2223
2228
2236
2239
2242
2243
2244
2251
2252
2254
2261
2262
2263
2264
2265
2266
2267
2268
2271
2274
2275
2276
2277
2279
2280
2284
2285
2293
2294
2295
2299
2304
2305
2307
2308
2309
2310
2313
2315
2317
2318
2319
2329
2330
2340
2345
2346
2347
2351
2352
2357
2359
2363
2366
2373
2375
2376
2377
2378
2379
2381
2384
2387
2388
2389
2403
2404
2416
2424
2425
2428
2431
2432
2436
2444
2445
2446
2449
2450
2451
2452
2454
2456
2462
2464
2465
2466
2467
2468
2472
2492
2499
2503
2505
2512
2515
2520
2521
2525
2529
2533
2537
2539
2541
2548
2568
2569
2570
2571
2572
2574
2575
2581
2582
2584
2590
2593
2594
2595
2598
2599
2600
2601
2605
2607
2608
2609
2611
2613
2614
2615
2624
2628
2629
2631
2632
2633
2634
2637
2638
2639
2641
2642
2643
2644
2649
2655
2659
2660
2664
2675
2676
2677
2679
2682
2683
2684
2685
2687
2688
2689
2690
2691
2693
2694
2695
2696
2697
2698
2709
2711
2712
2715
2724
2725
2726
2728
2738
2742
2751
2752
2753
2757
2768
2769
2770
2771
2773
2774
2776
2777
2778
2779
2786
2791
2792
2794
2796
2797
2799
2801
2814
2815
2828
2829
2837
2838
2844
2849
2854
2855
2856
2870
2871
2872
2885
2886
2890
2897
2905
2908
2909
2910
2915
2921
2926
2928
2934
2935
2936
2941
2947
2948
2949
2950
2954
2955
2956
2957
2959
2964
2966
2968
2970
2975
2978
2979
2986
2987
2988
2989
2990
2999
3000
3001
3002
3004
3008
3009
3011
3012
3015
3017
3020
3022
3023
3024
3026
3028
3029
3035
3041
3042
3043
3044
3048
3052
3059
3060
3061
3062
3063
3069
3072
3073
3074
3075
3077
3079
3080
3081
3082
3083
3084
3085
3086
3088
3095
3099
3103
3105
3108
3109
3110
3111
3112
3114
3115
3116
3121
3127
3130
3140
3144
3154
3155
3156
3157
3158
3171
3173
3175
3178
3179
3181
3183
3201
3224
3230
3234
3236
3240
3241
3244
3245
3249
3250
3251
3252
3253
3254
3255
3256
3257
3263
3264
3266
3267
3271
3273
3274
3284
3291
3293
3303
3304
3305
3306
3307
3308
3309
3311
3315
3316
3317
3318
3319
3320
3325
3326
3328
3329
3330
3331
3332
3333
3336
3338
3342
3343
3345
3346
3347
3353
3354
3356
3357
3358
3359
3360
3361
3362
3363
3368
3369
3372
3379
3380
3382
3383
3384
3385
3386
3390
3392
3393
3394
3395
3396
3398
3400
3401
3406
3407
3412
3415
3416
3418
3419
3420
3421
3422
3424
3430
3432
3433
3452
3453
3460
3462
3464
3466
3467
3472
3476
3477
3478
3482
3486
3487
3488
3489
3490
3491
3492
3493
3497
3500
3501
3502
3503
3507
3510
3513
3514
3522
3525
3528
3529
3531
3535
3536
3545
3553
3556
3557
3565
3571
3572
3577
3578
3580
3582
3583
3589
3591
3594
3595
3596
3598
3599
3604
3615
3617
3618
3619
3621
3623
3627
3629
3631
3632
3633
3634
3638
3642
3643
3644
3653
3664
3669
3672
3677
3678
3680
3685
3697
3698
3701
3704
3705
3706
3707
3714
3732
3736
3737
3738
3739
3741
3744
3745
3754
3755
3757
3759
3760
3763
3768
3769
3770
3771
3772
3776
3779
3780
3791
3792
3793
3794
3799
3801
3802
3803
3804
3807
3813
3814
3815
3816
3817
3825
3828
3829
3831
3834
3835
3841
3842
3843
3844
3846
3853
3854
3870
3871
3875
3876
3885
3886
3887
3889
3894
3895
3897
3898
3899
3900
3906
3917
3919
3921
3925
3929
3937
3939
3940
3941
3943
3954
3956
3957
3959
3962
3964
3965
3978
3979
3980
3984
3994
3996
3997
4002
4003
4004
4005
4006
4008
4012
4014
4018
4021
4022
4027
4031
4040
4048
4049
4053
4057
4062
4066
4070
4071
4075
4078
4082
4084
4088
4089
4090
4091
4096
4097
4098
4104
4105
4106
4113
4118
4119
4121
4122
4123
4125
4128
4129
4130
4139
4142
4153
4167
4168
4170
4173
4174
4176
4177
4178
4181
4183
4190
4191
4193
4194
4195
4197
4198
4202
4203
4204
4207
4208
4214
4216
4221
4222
4223
4226
4227
4228
4229
4234
4236
4266
4268
4269
4272
4274
4276
4278
4292
4294
4297
4298
4299
4303
4304
4306
4307
4308
4310
4311
4312
4314
4315
4322
4324
4325
4326
4327
4329
4330
4336
4338
4339
4357
4360
4362
4363
4366
4369
4370
4371
4372
4374
4389
4402
4406
4409
4410
4412
4413
4425
4432
4434
4436
4437
4441
4442
4443
4448
4457
4459
4465
4471
4478
4485
4491
4492
4493
4500
4502
4508
4510
4520
4523
4524
4527
4531
4532
4533
4535
4537
4538
4540
4548
4549
4550
4551
4552
4553
4554
4555
4556
4557
4559
4562
4563
4565
4574
4575
4584
4588
4592
4598
4600
4602
4603
4604
4605
4606
4613
4614
4615
4616
4617
4618
4626
4629
4639
4655
4662
4663
4668
4670
4671
4673
4674
4678
4679
4680
4683
4684
4686
4688
4692
4697
4702
4716
4718
4719
4722
4727
4739
4741
4745
4748
4750
4761
4770
4771
4773
4783
4784
4794
4800
4801
4802
4812
4813
4815
4818
4823
4826
4827
4830
4831
4832
4833
4837
4841
4842
4843
4844
4845
4848
4853
4855
4856
4862
4868
4869
4870
4871
4872
4874
4879
4880
4881
4884
4885
4886
4887
4888
4890
4891
4895
4896
4898
4903
4907
4908
4911
4915
4920
4921
4922
4933
4940
4947
4948
4949
4950
4952
4953
4954
4955
4956
4966
4967
4969
4970
4975
4990
4997
5001
5002
5015
5020
5021
5023
5025
5034
5038
5039
5040
5041
5042
5043
5045
5049
5056
5062
5064
5068
5073
5078
5088
5093
5095
5099
5100
5101
5103
5104
5109
5110
5113
5114
5118
5119
5120
5121
5131
5132
5133
5135
5138
5141
5142
5143
5144
5145
5146
5150
5151
5155
5156
5157
5158
5161
5169
5172
5175
5178
5186
5191
5199
5201
5203
5206
5208
5213
5216
5219
5220
5226
5227
5228
5229
5231
5233
5234
5235
5237
5238
5239
5242
5244
5248
5250
5252
5258
5259
5274
5278
5294
5301
5305
5339
5340
5341
5349
5364
5371
5375
5384
5385
5388
5390
5394
5395
5396
5397
5398
5400
5407
5408
5410
5414
5416
5417
5418
5420
5423
5426
5427
5433
5435
5436
5437
5438
5439
5440
5445
5446
5447
5450
5457
5460
5473
5474
5475
5476
5484
5485
5488
5490
5491
5493
5504
5513
5517
5521
5522
5533
5534
5535
5536
5537
5539
5540
5541
5553
5554
5556
5557
5558
5559
5561
5564
5567
5568
5569
5570
5571
5573
5574
5578
5581
5582
5583
5585
5593
5596
5597
5598
5599
5600
5601
5602
5605
5607
5608
5612
5617
5618
5619
5625
5626
5627
5640
5644
5645
5646
5650
5652
5662
5663
5664
5665
5680
5681
5682
5683
5689
5690
5693
5694
5696
5697
5698
5699
5703
5707
5727
5728
5731
5732
5733
5735
5736
5739
5742
5743
5748
5749
5763
5764
5765
5781
5784
5785
5788
5789
5795
5796
5798
5799
5800
5802
5804
5805
5806
5807
5809
5818
5820
5823
5829
5830
5835
5837
5838
5841
5844
5845
5846
5849
5850
5851
5852
5863
5865
5866
5870
5877
5878
5880
5882
5883
5884
5902
5906
5910
5912
5913
5914
5915
5918
5926
5927
5930
5935
5936
5943
5944
5959
5960
5962
5965
5975
5980
5983
5984
5985
5998
5999
6000
6001
6005
6006
6009
6010
6012
6021
6022
6032
6033
6034
6044
6053
6057
6059
6062
6067
6070
6072
6078
6080
6085
6087
6088
6090
6091
6092
6093
6094
6095
6106
6107
6113
6116
6117
6118
6120
6122
6130
6131
6135
6142
6145
6146
6148
6157
6158
6166
6168
6171
6173
6175
6176
6180
6182
6187
6188
6192
6193
6194
6200
6201
6202
6205
6214
6215
6217
6223
6224
6227
6228
6229
6230
6235
6238
6240
6243
6246
6248
6249
6250
6257
6260
6261
6262
6263
6264
6265
6292
6293
6294
6295
6297
6300
6301
6314
6315
6322
6326
6327
6328
6329
6330
6331
6332
6333
6347
6357
6359
6371
6373
6376
6387
6388
6389
6390
6402
6403
6407
6408
6409
6413
6420
6423
6426
6427
6428
6431
6437
6442
6443
6444
6446
6447
6448
6449
6459
6460
6461
6467
6470
6488
6490
6491
6492
6494
6495
6496
6498
6499
6500
6501
6503
6505
6506
6508
6509
6525
6526
6527
6535
6540
6546
6555
6559
6562
6563
6569
6575
6578
6588
6591
6592
6593
6595
6596
6602
6608
6609
6610
6616
6617
6620
6621
6630
6631
6635
6636
6643
6657
6659
6667
6668
6676
6677
6694
6695
6700
6703
6708
6715
6718
6725
6726
6727
6735
6743
6744
6745
6747
6748
6749
6751
6759
6763
6765
6766
6773
6778
6783
6791
6792
6793
6794
6802
6803
6810
6812
6813
6823
6824
6826
6827
6832
6833
6834
6840
6842
6843
6846
6847
6848
6850
6851
6852
6856
6857
6860
6863
6864
6868
6875
6882
6883
6885
6886
6887
6898
6905
6914
6915
6922
6923
6924
6926
6927
6928
6930
6931
6932
6936
6938
6941
6942
6943
6947
6962
6963
6974
6977
6978
6979
6981
6982
6984
6993
6994
6995
6996
6997
6998
6999
7000
7002
7003
7004
7005
7010
7011
7018
7019
7022
7028
7035
7036
7037
7041
7045
7048
7049
7055
7059
7060
7061
7074
7076
7077
7078
7079
7080
7083
7093
7094
7101
7102
7103
7105
7106
7107
7115
7116
7118
7122
7124
7125
7126
7134
7135
7136
7137
7138
7140
7142
7146
7149
7166
7167
7172
7173
7176
7177
7178
7179
7183
7184
7189
7190
7200
7201
7203
7204
7205
7207
7208
7209
7220
7221
7227
7228
7239
7241
7242
7243
7248
7252
7255
7261
7269
7270
7275
7277
7278
7280
7282
7287
7292
7294
7296
7297
7301
7307
7308
7309
7311
7313
7320
7329
7339
7341
7354
7357
7358
7359
7364
7373
7375
7377
7378
7380
7383
7384
7391
7392
7394
7396
7397
7401
7402
7403
7405
7406
7407
7411
7420
7421
7422
7423
7426
7428
7429
7430
7431
7432
7435
7437
7438
7439
7444
7454
7455
7460
7461
7466
7469
7470
7472
7477
7478
7479
7484
7485
7488
7489
7490
7496
7497
7498
7500
7503
7504
7511
7519
7520
7521
7522
7528
7532
7533
7539
7540
7546
7552
7556
7558
7561
7562
7565
7566
7567
7587
7588
7589
7596
7599
7602
7603
7604
7605
7606
7610
7613
7615
7623
7626
7627
7628
7631
7663
7666
7667
7668
7672
7673
7674
7675
7676
7677
7678
7683
7689
7700
7710
7713
7723
7743
7744
7745
7748
7750
7752
7754
7758
7763
7780
7785
7786
7787
7788
7789
7795
7800
7801
7802
7803
7804
7810
7827
7837
7838
7839
7843
7844
7851
7852
7861
7863
7866
7875
7886
7887
7888
7894
7895
7896
7913
7914
7915
7922
7925
7926
7927
7931
7940
7943
7945
7947
7949
7952
7955
7966
7973
7985
7986
7987
7990
7991
7998
7999
8010
8012
8013
8014
8016
8017
8024
8025
8031
8033
8038
8041
8042
8045
8048
8050
8054
8055
8056
8061
8063
8064
8065
8069
8080
8081
8082
8099
8101
8102
8118
8119
8122
8123
8124
8127
8130
8131
8153
8154
8155
8157
8158
8162
8166
8170
8171
8176
8178
8179
8180
8182
8183
8184
8185
8186
8187
8192
8198
8199
8200
8202
8204
8205
8206
8207
8209
8212
8213
8216
8220
8226
8230
8234
8238
8245
8246
8247
8250
8255
8258
8261
8266
8281
8287
8288
8291
8302
8303
8304
8321
8322
8326
8330
8334
8337
8338
8339
8352
8354
8367
8378
8379
8380
8384
8394
8399
8402
8406
8412
8416
8417
8418
8419
8422
8423
8424
8425
8429
8430
8431
8435
8437
8438
8443
8444
8445
8449
8450
8452
8454
8455
8456
8457
8460
8461
8464
8465
8466
8467
8468
8469
8470
8471
8474
8479
8501
8510
8511
8512
8518
8521
8524
8525
8531
8533
8535
8536
8537
8543
8544
8547
8548
8549
8550
8551
8552
8553
8554
8555
8558
8559
8560
8562
8565
8576
8579
8581
8582
8587
8596
8601
8621
8622
8623
8624
8626
8627
8629
8630
8631
8632
8634
8641
8642
8644
8645
8648
8659
8661
8662
8664
8665
8666
8680
8687
8696
8699
8705
8706
8707
8709
8712
8713
8722
8723
8724
8735
8747
8762
8765
8768
8771
8777
8781
8786
8787
8788
8791
8792
8793
8795
8798
8799
8804
8815
8819
8823
8824
8825
8833
8834
8836
8837
8838
8839
8840
8841
8850
8851
8852
8862
8866
8867
8868
8869
8871
8879
8893
8897
8904
8911
8912
8915
8917
8919
8920
8921
8932
8937
8938
8939
8940
8945
8948
8949
8954
8962
8983
8989
8990
8991
9001
9003
9006
9007
9012
9015
9017
9025
9026
9027
9032
9042
9043
9044
9045
9048
9049
9051
9052
9055
9061
9079
9081
9097
9098
9100
9110
9121
9122
9123
9124
9125
9126
9129
9130
9136
9139
9140
9141
9142
9143
9144
9145
9146
9148
9149
9150
9152
9153
9162
9163
9164
9169
9170
9171
9175
9176
9177
9178
9181
9183
9185
9186
9187
9193
9196
9197
9199
9202
9203
9205
9206
9213
9217
9218
9219
9220
9229
9230
9233
9236
9261
9276
9279
9286
9287
9289
9295
9296
9302
9303
9315
9316
9323
9324
9325
9326
9327
9330
9339
9356
9359
9360
9363
9365
9366
9367
9371
9373
9378
9379
9384
9401
9403
9404
9414
9415
9422
9423
9425
9432
9436
9438
9451
9452
9455
9457
9458
9460
9463
9464
9468
9473
9475
9476
9484
9485
9487
9488
9489
9499
9500
9501
9505
9516
9517
9519
9524
9525
9526
9527
9528
9529
9532
9533
9534
9535
9536
9537
9538
9539
9540
9541
9544
9545
9547
9548
9549
9552
9556
9557
9558
9559
9560
9561
9562
9563
9567
9572
9573
9574
9576
9577
9578
9579
9581
9582
9587
9589
9590
9591
9594
9596
9608
9620
9622
9648
9651
9674
9687
9698
9703
9704
9705
9707
9708
9709
9712
9721
9722
9725
9726
9728
9734
9770
9777
9783
9784
9810
9811
9815
9816
9818
9819
9830
9831
9832
9833
9835
9841
9842
9844
9846
9848
9851
9852
9858
9859
9865
9866
9867
9868
9869
9872
9874
9875
9877
9883
9885
9900
9901
9902
9903
9905
9910
9913
9915
9916
9924
9925
9927
9934
9935
9940
9945
9956
9957
9960
9961
9980
9981
9986
9998
10004
10024
10025
10027
10031
10044
10045
10046
10066
10067
10068
10089
10095
10105
10108
10110
10118
10119
10124
10126
10127
10128
10132
10150
10161
10162
10173
10174
10176
10178
10186
10191
10192
10193
10228
10231
10232
10235
10237
10244
10245
10259
10261
10262
10263
10267
10275
10277
10280
10286
10287
10288
10289
10299
10305
10310
10315
10329
10332
10341
10343
10344
10345
10350
10351
10352
10355
10366
10367
10368
10370
10371
10372
10373
10374
10379
10380
10385
10388
10392
10414
10421
10443
10444
10458
10460
10462
10468
10472
10476
10477
10478
10479
10480
10481
10482
10483
10484
10485
10492
10493
10494
10497
10507
10509
10510
10511
10528
10530
10531
10533
10534
10537
10538
10539
10542
10543
10545
10552
10553
10555
10556
10557
10558
10566
10574
10575
10578
10579
10581
10585
10586
10590
10591
10592
10593
10595
10605
10612
10619
10620
10624
10625
10638
10645
10646
10648
10651
10652
10653
10654
10655
10656
10660
10661
10662
10663
10664
10668
10669
10670
10671
10673
10674
10675
10676
10684
10686
10690
10697
10698
10699
10700
10705
10706
10710
10711
10712
10715
10721
10728
10729
10730
10732
10749
10754
10758
10760
10765
10766
10768
10771
10774
10776
10777
10778
10779
10782
10789
10790
10791
10795
10797
10799
10800
10802
10804
10822
10828
10832
10835
10838
10841
10843
10844
10845
10846
10847
10854
10858
10859
10866
10871
10872
10877
10883
10885
10909
10910
10911
10912
10913
10917
10922
10925
10926
10928
10931
10932
10936
10937
10944
10946
10958
10959
10968
10973
10975
10976
10978
10979
10992
10993
10999
11000
11011
11012
11013
11014
11015
11018
11020
11021
11022
11023
11029
11037
11038
11043
11044
11045
11047
11048
11049
11050
11053
11057
11058
11064
11065
11066
11067
11068
11069
11071
11072
11075
11076
11077
11078
11080
11083
11084
11085
11086
11087
11089
11094
11100
11102
11104
11105
11110
11111
11112
11113
11114
11115
11116
11117
11118
11119
11122
11142
11143
11144
11145
11147
11148
11150
11152
11155
11156
11157
11158
11160
11163
11164
11165
11166
11167
11172
11175
11177
11178
11182
11185
11189
11194
11195
11205
11206
11210
11216
11226
11229
11230
11232
11233
11239
11240
11241
11242
11248
11251
11253
11254
11256
11257
11272
11273
11275
11276
11277
11278
11279
11280
11294
11299
11308
11313
11314
11315
11322
11328
11329
11330
11335
11336
11337
11338
11339
11340
11341
11342
11343
11347
11350
11351
11352
11356
11358
11364
11373
11376
11377
11379
11381
11382
11383
11386
11387
11390
11391
11392
11409
11410
11412
11419
11421
11422
11423
11424
11425
11427
11429
11433
11441
11442
11444
11449
11450
11451
11462
11463
11464
11465
11466
11479
11480
11481
11484
11487
11488
11489
11491
11492
11508
11510
11513
11514
11516
11517
11518
11524
11531
11532
11534
11535
11536
11538
11539
11546
11547
