ID
13
19
20
21
22
24
28
29
46
61
62
66
67
72
73
74
84
85
86
87
91
102
104
106
119
120
124
152
159
180
182
190
208
209
216
217
219
223
228
235
247
249
250
258
259
261
262
273
285
286
288
289
292
311
312
314
336
340
346
347
364
365
366
367
369
380
381
383
384
388
389
396
397
399
401
406
407
426
433
434
437
439
440
442
443
445
449
451
453
471
473
477
481
484
513
515
517
518
519
520
521
525
526
533
535
536
540
543
555
556
561
564
592
596
597
606
612
623
630
631
637
645
664
666
667
669
678
679
680
682
683
684
689
691
692
693
699
702
712
713
721
728
729
732
733
734
735
736
741
742
743
748
750
751
753
754
756
757
766
767
772
773
797
798
799
802
803
807
808
811
821
822
831
832
835
836
837
838
843
844
845
846
847
854
855
864
870
874
883
887
891
893
894
898
903
904
905
908
913
915
918
925
926
927
928
930
934
935
951
955
956
959
961
962
963
966
967
968
969
971
979
982
1010
1012
1034
1046
1057
1058
1080
1081
1085
1086
1089
1095
1096
1097
1098
1100
1109
1112
1113
1114
1115
1117
1120
1134
1139
1147
1157
1160
1177
1179
1180
1181
1182
1185
1186
1188
1190
1192
1196
1197
1203
1208
1211
1213
1219
1223
1226
1228
1231
1234
1235
1238
1244
1245
1246
1248
1249
1255
1256
1266
1268
1270
1271
1275
1276
1277
1283
1284
1286
1291
1300
1301
1303
1304
1306
1311
1314
1325
1333
1335
1358
1359
1362
1365
1368
1370
1375
1377
1379
1380
1383
1385
1389
1393
1394
1408
1409
1410
1427
1429
1430
1445
1446
1449
1456
1465
1467
1468
1478
1491
1492
1493
1494
1499
1501
1509
1513
1517
1518
1519
1525
1526
1531
1534
1535
1563
1564
1565
1571
1577
1601
1602
1603
1604
1606
1608
1609
1610
1613
1614
1615
1620
1621
1622
1625
1626
1627
1629
1632
1637
1638
1644
1646
1650
1656
1657
1674
1676
1703
1711
1713
1714
1722
1726
1731
1734
1741
1752
1754
1757
1770
1771
1782
1791
1793
1803
1823
1846
1849
1850
1855
1856
1865
1866
1867
1877
1883
1884
1887
1889
1890
1897
1903
1904
1912
1913
1914
1917
1928
1929
1930
1931
1933
1934
1935
1936
1937
1944
1946
1952
1955
1956
1957
1958
1959
1962
1965
1967
1971
1973
1974
1976
1977
1978
1981
1982
1984
1987
1990
1991
1992
1993
1994
1995
1996
1999
2002
2006
2007
2010
2012
2017
2019
2023
2025
2026
2029
2030
2032
2033
2034
2035
2036
2039
2047
2049
2053
2054
2055
2056
2064
2069
2071
2072
2073
2074
2076
2077
2086
2087
2088
2089
2092
2093
2096
2097
2108
2109
2110
2113
2124
2132
2133
2134
2141
2142
2143
2144
2145
2146
2149
2150
2151
2152
2153
2154
2155
2156
2157
2158
2159
2160
2161
2164
2169
2172
2173
2177
2178
2187
2210
2211
2212
2216
2218
2221
2228
2229
2231
2233
2234
2235
2238
2243
2244
2248
2250
2251
2252
2258
2259
2261
2262
2263
2264
2265
2271
2274
2277
2279
2281
2282
2284
2286
2287
2290
2292
2297
2298
2299
2300
2301
2302
2303
2304
2307
2310
2311
2312
2313
2315
2316
2317
2318
2322
2327
2328
2330
2331
2332
2333
2337
2339
2340
2342
2343
2344
2345
2346
2347
2348
2349
2350
2352
2353
2354
2356
2364
2365
2375
2378
2380
2381
2382
2383
2384
2385
2386
2387
2388
2391
2392
2394
2398
2400
2401
2408
2410
2411
2412
2413
2414
2416
2419
2420
2421
2422
2423
2424
2439
2443
2449
2452
2456
2457
2458
2459
2460
2461
2464
2467
2468
2470
2472
2477
2480
2481
2482
2485
2486
2487
2488
2489
2491
2493
2499
2501
2503
2504
2517
2523
2528
2539
2541
2546
2548
2549
2551
2556
2557
2558
2565
2566
2570
2573
2575
2576
2577
2582
2584
2590
2605
2606
2607
2608
2609
2610
2611
2617
2618
2626
2629
2630
2631
2634
2635
2636
2637
2641
2643
2644
2645
2647
2648
2649
2650
2651
2660
2661
2665
2666
2668
2670
2671
2672
2673
2675
2676
2677
2679
2680
2681
2682
2683
2688
2690
2693
2694
2697
2701
2704
2706
2717
2718
2719
2721
2724
2725
2726
2727
2729
2730
2731
2732
2733
2735
2736
2737
2738
2739
2740
2741
2747
2749
2751
2752
2753
2755
2756
2768
2769
2770
2772
2773
2774
2780
2783
2786
2788
2789
2793
2796
2797
2801
2814
2815
2816
2818
2819
2822
2823
2824
2825
2832
2834
2837
2838
2839
2840
2841
2842
2843
2844
2845
2847
2850
2853
2861
2862
2864
2865
2867
2878
2879
2881
2883
2888
2889
2890
2891
2896
2900
2901
2905
2906
2907
2921
2922
2928
2937
2941
2944
2948
2954
2956
2957
2959
2960
2961
2972
2974
2976
2977
2978
2979
2985
2986
2987
2988
2993
2999
3000
3001
3002
3006
3007
3008
3009
3010
3015
3016
3017
3019
3021
3023
3024
3025
3029
3030
3031
3035
3038
3041
3042
3052
3053
3054
3055
3056
3058
3061
3062
3063
3064
3065
3066
3067
3069
3070
3072
3075
3077
3078
3079
3081
3082
3083
3084
3085
3092
3095
3096
3098
3099
3100
3104
3106
3107
3108
3114
3115
3116
3117
3118
3122
3123
3126
3129
3130
3131
3133
3135
3137
3138
3139
3140
3141
3142
3144
3145
3151
3152
3159
3161
3164
3165
3166
3167
3169
3170
3171
3172
3174
3177
3183
3186
3193
3196
3200
3210
3211
3212
3213
3214
3229
3231
3233
3234
3236
3255
3256
3279
3282
3284
3285
3289
3290
3291
3295
3296
3298
3299
3300
3304
3305
3306
3307
3308
3309
3310
3311
3312
3313
3319
3321
3323
3324
3325
3326
3327
3328
3329
3341
3346
3348
3358
3359
3360
3361
3362
3363
3366
3368
3369
3370
3371
3372
3373
3375
3377
3378
3379
3381
3382
3383
3384
3385
3386
3387
3389
3390
3391
3392
3399
3400
3401
3402
3403
3405
3408
3409
3411
3413
3414
3415
3416
3417
3418
3423
3424
3427
3434
3435
3437
3438
3439
3440
3441
3445
3446
3447
3448
3449
3450
3451
3452
3453
3454
3456
3458
3462
3463
3468
3471
3472
3475
3476
3477
3478
3479
3480
3486
3488
3489
3490
3494
3496
3508
3511
3517
3519
3521
3522
3527
3531
3532
3536
3539
3540
3541
3542
3543
3544
3545
3547
3549
3552
3553
3555
3560
3566
3571
3575
3578
3581
3582
3584
3585
3588
3589
3597
3600
3604
3605
3606
3610
3618
3625
3626
3628
3631
3632
3634
3636
3638
3645
3646
3648
3649
3650
3652
3653
3658
3659
3660
3668
3669
3670
3676
3678
3682
3685
3687
3688
3689
3693
3697
3698
3700
3706
3707
3716
3723
3726
3727
3731
3733
3737
3739
3741
3742
3749
3750
3751
3753
3756
3757
3758
3759
3766
3774
3784
3787
3788
3789
3790
3791
3793
3794
3798
3800
3801
3804
3806
3807
3808
3810
3813
3814
3815
3818
3823
3824
3825
3826
3827
3831
3834
3835
3845
3846
3847
3848
3849
3852
3853
3854
3855
3856
3857
3858
3861
3863
3867
3869
3870
3871
3872
3873
3875
3877
3883
3884
3885
3887
3888
3889
3892
3894
3898
3899
3900
3901
3902
3903
3912
3929
3930
3934
3935
3945
3946
3948
3953
3954
3956
3957
3958
3959
3960
3964
3967
3975
3977
3978
3980
3984
3988
3996
3998
3999
4000
4001
4002
4003
4004
4013
4015
4016
4018
4021
4022
4025
4040
4045
4054
4055
4057
4058
4060
4063
4064
4065
4066
4067
4068
4070
4074
4076
4080
4083
4084
4087
4088
4089
4090
4094
4095
4096
4102
4103
4104
4111
4112
4116
4120
4121
4123
4127
4130
4133
4134
4135
4138
4140
4141
4145
4146
4147
4148
4150
4151
4152
4153
4157
4158
4159
4160
4161
4167
4168
4169
4170
4177
4178
4180
4182
4183
4185
4186
4187
4188
4189
4191
4192
4193
4196
4203
4204
4205
4207
4212
4218
4232
4233
4235
4238
4240
4241
4242
4243
4246
4248
4255
4256
4258
4259
4260
4261
4262
4263
4266
4268
4269
4270
4271
4272
4273
4274
4276
4287
4288
4289
4290
4292
4293
4294
4295
4297
4300
4302
4303
4304
4305
4314
4332
4333
4334
4335
4336
4337
4338
4341
4345
4347
4354
4356
4363
4366
4367
4368
4373
4374
4376
4377
4378
4380
4381
4382
4383
4384
4385
4386
4394
4395
4397
4400
4402
4403
4409
4413
4421
4430
4431
4433
4435
4436
4442
4444
4446
4447
4462
4463
4464
4465
4472
4481
4482
4484
4485
4488
4497
4498
4504
4506
4509
4513
4514
4515
4520
4522
4529
4530
4532
4538
4543
4544
4552
4556
4557
4558
4564
4565
4566
4573
4575
4576
4581
4582
4583
4584
4592
4594
4595
4597
4598
4604
4608
4610
4611
4613
4621
4622
4623
4624
4625
4626
4627
4628
4629
4630
4631
4632
4637
4639
4642
4646
4647
4649
4652
4657
4658
4660
4661
4662
4666
4672
4674
4676
4678
4679
4680
4681
4682
4686
4688
4689
4690
4691
4692
4693
4701
4704
4705
4711
4712
4713
4716
4726
4730
4732
4735
4739
4740
4745
4747
4748
4750
4755
4756
4757
4759
4760
4761
4769
4774
4776
4779
4784
4794
4796
4805
4810
4814
4819
4821
4822
4823
4825
4826
4827
4828
4831
4832
4833
4839
4842
4845
4851
4852
4854
4855
4859
4860
4867
4868
4869
4871
4880
4881
4885
4886
4887
4889
4900
4901
4902
4904
4905
4908
4912
4913
4915
4916
4917
4920
4921
4922
4923
4926
4927
4929
4931
4932
4933
4934
4935
4938
4943
4945
4946
4952
4958
4959
4960
4962
4963
4969
4970
4971
4973
4974
4975
4976
4977
4978
4979
4980
4984
4985
4986
4988
4992
4993
4996
4998
5001
5002
5004
5005
5006
5011
5012
5014
5020
5027
5034
5035
5037
5038
5039
5041
5042
5043
5044
5045
5054
5055
5057
5062
5064
5079
5081
5086
5090
5091
5093
5094
5102
5104
5106
5107
5109
5110
5111
5115
5121
5124
5125
5128
5130
5131
5132
5134
5135
5138
5139
5145
5147
5148
5151
5153
5159
5162
5167
5168
5181
5182
5183
5187
5188
5189
5191
5192
5197
5200
5202
5206
5207
5208
5209
5210
5211
5215
5219
5220
5222
5223
5226
5229
5230
5231
5232
5233
5236
5238
5239
5241
5243
5244
5245
5247
5248
5249
5252
5253
5258
5261
5264
5275
5280
5281
5287
5288
5290
5292
5293
5294
5295
5297
5301
5305
5311
5314
5315
5316
5317
5318
5319
5323
5324
5325
5327
5328
5329
5332
5334
5338
5340
5347
5348
5349
5352
5357
5363
5366
5367
5369
5375
5382
5383
5390
5392
5395
5429
5430
5431
5432
5433
5438
5440
5455
5456
5457
5458
5463
5466
5474
5479
5481
5483
5485
5486
5487
5488
5491
5498
5499
5501
5505
5507
5509
5511
5514
5517
5518
5521
5524
5526
5527
5528
5529
5530
5531
5536
5537
5538
5543
5544
5548
5551
5575
5576
5580
5581
5583
5584
5586
5597
5598
5599
5601
5607
5611
5612
5615
5616
5617
5621
5626
5627
5628
5631
5633
5634
5635
5647
5648
5650
5653
5656
5658
5659
5660
5661
5662
5663
5665
5666
5670
5673
5674
5675
5676
5677
5685
5686
5689
5690
5691
5692
5693
5694
5697
5699
5700
5701
5709
5710
5711
5717
5718
5719
5727
5736
5738
5743
5745
5746
5747
5750
5756
5757
5758
5774
5775
5776
5777
5783
5784
5786
5787
5788
5790
5791
5792
5801
5802
5812
5813
5814
5815
5816
5818
5819
5823
5824
5827
5828
5830
5831
5834
5835
5838
5845
5852
5853
5858
5859
5860
5877
5878
5879
5880
5881
5884
5885
5886
5893
5894
5900
5901
5902
5903
5904
5905
5907
5908
5917
5919
5922
5928
5929
5930
5934
5936
5937
5939
5940
5943
5945
5948
5949
5950
5951
5955
5962
5964
5965
5966
5969
5974
5975
5976
5978
5979
5980
5981
5982
5996
6001
6005
6009
6010
6011
6012
6013
6014
6018
6022
6026
6027
6030
6031
6035
6036
6059
6061
6064
6074
6076
6079
6081
6082
6083
6084
6085
6086
6098
6099
6100
6101
6104
6105
6106
6107
6108
6110
6112
6116
6117
6119
6124
6125
6134
6136
6137
6139
6140
6147
6148
6150
6156
6160
6164
6165
6167
6170
6172
6173
6175
6176
6177
6178
6179
6180
6181
6182
6183
6184
6185
6188
6189
6190
6191
6193
6194
6195
6196
6199
6200
6210
6212
6213
6215
6216
6221
6223
6224
6225
6227
6229
6237
6238
6239
6242
6249
6250
6251
6252
6253
6263
6264
6267
6272
6274
6277
6278
6279
6281
6282
6286
6289
6292
6294
6295
6296
6298
6299
6300
6301
6302
6303
6309
6310
6312
6313
6315
6324
6325
6327
6328
6333
6334
6337
6338
6339
6340
6341
6342
6345
6347
6350
6352
6355
6356
6357
6358
6360
6361
6362
6363
6369
6371
6372
6373
6374
6375
6376
6377
6382
6397
6398
6405
6406
6407
6408
6410
6413
6414
6422
6424
6427
6428
6435
6437
6440
6441
6442
6443
6444
6445
6446
6447
6448
6463
6465
6473
6475
6477
6484
6487
6489
6492
6503
6504
6505
6517
6518
6522
6523
6524
6525
6528
6529
6533
6536
6537
6538
6540
6541
6545
6548
6549
6561
6562
6564
6565
6566
6567
6568
6569
6578
6579
6580
6586
6587
6588
6591
6593
6605
6606
6608
6610
6611
6612
6614
6615
6616
6617
6618
6619
6620
6625
6626
6628
6629
6632
6644
6645
6646
6649
6651
6656
6657
6658
6659
6661
6662
6665
6677
6681
6683
6684
6685
6690
6691
6696
6697
6699
6700
6710
6715
6717
6718
6724
6728
6731
6732
6737
6738
6739
6740
6741
6743
6744
6746
6747
6749
6753
6754
6755
6759
6760
6767
6771
6780
6781
6782
6790
6791
6797
6798
6799
6800
6801
6802
6817
6818
6819
6824
6828
6829
6830
6834
6835
6839
6841
6845
6846
6847
6848
6852
6853
6862
6864
6870
6871
6872
6873
6874
6875
6876
6877
6882
6884
6888
6892
6894
6895
6902
6907
6914
6920
6921
6922
6923
6932
6933
6941
6942
6953
6954
6955
6956
6961
6962
6963
6969
6971
6972
6975
6976
6977
6978
6979
6980
6981
6985
6986
6987
6989
6994
6996
6997
6999
7000
7001
7003
7005
7006
7007
7013
7014
7016
7017
7019
7020
7026
7028
7029
7035
7037
7046
7047
7053
7054
7055
7057
7058
7059
7060
7063
7064
7065
7067
7069
7070
7073
7074
7075
7076
7080
7081
7091
7095
7105
7108
7109
7110
7111
7113
7114
7116
7125
7126
7127
7128
7129
7130
7131
7132
7134
7135
7136
7137
7139
7140
7141
7142
7149
7150
7151
7154
7155
7166
7167
7170
7174
7175
7177
7183
7186
7188
7190
7194
7195
7198
7204
7206
7209
7211
7212
7213
7214
7215
7216
7217
7218
7219
7220
7221
7227
7228
7230
7231
7238
7239
7240
7242
7244
7247
7249
7250
7252
7253
7255
7258
7260
7262
7271
7273
7274
7275
7277
7278
7279
7286
7303
7304
7308
7309
7310
7313
7314
7315
7319
7320
7321
7323
7326
7327
7337
7339
7340
7341
7342
7344
7346
7347
7355
7357
7358
7359
7361
7364
7365
7378
7381
7382
7383
7385
7388
7394
7400
7405
7407
7412
7415
7416
7417
7418
7422
7430
7432
7433
7434
7436
7440
7441
7446
7447
7450
7455
7459
7460
7462
7465
7467
7468
7474
7475
7480
7481
7482
7495
7496
7498
7499
7500
7504
7513
7514
7516
7517
7519
7520
7521
7524
7525
7527
7528
7532
7533
7534
7539
7543
7547
7553
7561
7562
7563
7564
7565
7566
7568
7570
7571
7572
7573
7574
7577
7578
7580
7581
7582
7585
7586
7587
7590
7591
7592
7593
7597
7598
7603
7604
7606
7607
7608
7609
7610
7612
7613
7614
7616
7621
7622
7623
7628
7629
7632
7634
7640
7644
7645
7646
7647
7648
7649
7655
7657
7663
7664
7665
7666
7672
7677
7682
7683
7688
7689
7690
7691
7693
7695
7696
7697
7698
7699
7700
7701
7702
7705
7706
7709
7710
7711
7725
7731
7732
7733
7734
7738
7739
7741
7744
7747
7748
7749
7750
7751
7754
7756
7758
7759
7761
7763
7769
7771
7772
7773
7774
7777
7779
7794
7809
7810
7811
7812
7813
7814
7816
7817
7818
7820
7821
7826
7829
7832
7833
7834
7835
7845
7855
7858
7859
7860
7870
7880
7890
7891
7893
7896
7897
7898
7899
7900
7901
7906
7907
7911
7912
7927
7929
7934
7935
7936
7937
7938
7939
7942
7943
7944
7949
7950
7951
7952
7953
7959
7962
7975
7976
7977
7988
7989
7991
7993
7994
7998
8002
8003
8016
8019
8022
8028
8039
8040
8041
8042
8047
8057
8066
8067
8068
8070
8073
8075
8076
8077
8078
8080
8081
8082
8083
8087
8088
8095
8096
8097
8098
8101
8103
8105
8107
8111
8112
8115
8118
8123
8127
8128
8135
8136
8141
8142
8143
8147
8148
8149
8150
8153
8154
8161
8162
8169
8174
8175
8176
8177
8178
8179
8186
8187
8192
8194
8203
8204
8205
8208
8211
8218
8219
8228
8233
8238
8245
8246
8247
8263
8264
8265
8266
8267
8269
8270
8280
8283
8284
8287
8288
8289
8292
8296
8318
8319
8320
8322
8323
8327
8330
8331
8335
8336
8337
8339
8341
8342
8343
8344
8345
8346
8348
8349
8350
8351
8352
8353
8358
8364
8366
8368
8369
8370
8371
8373
8376
8377
8379
8380
8383
8389
8392
8397
8398
8402
8409
8410
8411
8414
8416
8419
8421
8422
8425
8430
8445
8450
8451
8454
8465
8466
8467
8484
8485
8490
8494
8495
8498
8500
8501
8503
8516
8517
8518
8531
8542
8543
8544
8549
8551
8552
8557
8558
8560
8561
8564
8567
8571
8577
8579
8580
8581
8582
8583
8584
8587
8588
8589
8590
8594
8595
8596
8597
8598
8600
8601
8603
8604
8605
8606
8609
8610
8615
8616
8617
8619
8620
8621
8622
8623
8624
8625
8626
8627
8628
8630
8631
8632
8633
8634
8635
8636
8637
8640
8641
8643
8645
8649
8650
8666
8667
8670
8679
8681
8682
8687
8690
8694
8695
8700
8704
8706
8713
8716
8720
8721
8723
8724
8725
8726
8727
8728
8729
8730
8731
8733
8736
8737
8758
8759
8766
8768
8769
8773
8794
8795
8796
8798
8799
8802
8804
8806
8808
8809
8817
8818
8820
8822
8823
8827
8833
8835
8838
8839
8840
8841
8842
8844
8854
8857
8859
8869
8872
8874
8877
8878
8881
8882
8885
8887
8888
8891
8895
8897
8898
8905
8909
8910
8912
8922
8923
8925
8937
8938
8940
8941
8942
8943
8946
8952
8956
8961
8962
8963
8964
8966
8967
8968
8969
8971
8973
8975
8976
8978
8981
8997
9001
9002
9003
9004
9011
9012
9015
9016
9017
9018
9019
9020
9030
9031
9032
9042
9043
9048
9049
9050
9052
9059
9060
9061
9062
9063
9064
9073
9074
9077
9078
9081
9084
9085
9089
9092
9093
9094
9096
9098
9099
9100
9101
9102
9107
9113
9118
9119
9120
9121
9127
9130
9131
9135
9138
9142
9143
9146
9154
9155
9159
9167
9168
9173
9174
9175
9185
9187
9188
9193
9198
9199
9201
9202
9205
9211
9212
9214
9217
9221
9224
9225
9227
9230
9233
9234
9236
9237
9240
9246
9256
9264
9265
9266
9277
9279
9282
9283
9285
9291
9295
9306
9308
9309
9310
9311
9312
9313
9317
9324
9326
9327
9328
9329
9330
9331
9332
9333
9334
9335
9336
9337
9339
9340
9341
9342
9345
9347
9349
9350
9351
9356
9357
9358
9359
9361
9362
9363
9364
9367
9370
9371
9378
9380
9381
9382
9384
9387
9388
9390
9391
9398
9402
9405
9411
9417
9418
9421
9428
9442
9446
9451
9452
9454
9461
9462
9463
9472
9473
9475
9476
9481
9482
9484
9486
9487
9488
9489
9498
9500
9501
9502
9506
9507
9510
9511
9512
9513
9514
9515
9527
9544
9547
9548
9551
9553
9554
9555
9556
9557
9558
9561
9567
9572
9585
9586
9588
9589
9591
9602
9603
9611
9612
9613
9614
9619
9621
9632
9640
9643
9648
9651
9652
9660
9662
9663
9666
9671
9672
9674
9675
9676
9683
9684
9686
9687
9688
9690
9691
9694
9695
9705
9708
9714
9716
9717
9718
9719
9720
9723
9724
9725
9726
9729
9730
9732
9734
9735
9737
9738
9739
9740
9742
9746
9747
9748
9749
9750
9751
9752
9753
9754
9755
9759
9764
9765
9766
9767
9769
9770
9771
9772
9773
9774
9775
9779
9781
9782
9783
9784
9785
9789
9790
9801
9804
9805
9806
9807
9808
9810
9814
9815
9816
9820
9831
9832
9833
9837
9845
9846
9849
9859
9862
9864
9867
9872
9888
9891
9892
9894
9897
9903
9904
9912
9913
9918
9921
9925
9926
9928
9929
9932
9933
9958
9970
9971
9972
9973
9977
9979
9983
9988
9993
9997
10010
10011
10015
10016
10017
10018
10020
10024
10030
10031
10032
10040
10041
10043
10045
10046
10050
10056
10057
10061
10062
10063
10064
10065
10066
10067
10071
10072
10080
10082
10088
10096
10098
10099
10101
10106
10109
10110
10111
10112
10113
10118
10121
10124
10127
10130
10132
10133
10138
10142
10143
10144
10155
10156
10157
10179
10180
10186
10197
10201
10203
10205
10208
10226
10229
10237
10246
10253
10268
10269
10271
10278
10283
10297
10298
10299
10301
10309
10312
10314
10322
10323
10326
10327
10328
10329
10330
10331
10332
10336
10339
10343
10366
10367
10368
10378
10379
10381
10383
10391
10396
10397
10398
10399
10431
10435
10436
10438
10439
10442
10443
10444
10448
10451
10453
10466
10468
10469
10470
10473
10484
10485
10488
10491
10494
10495
10496
10497
10507
10513
10517
10518
10522
10531
10533
10536
10539
10548
10550
10551
10552
10553
10555
10558
10559
10560
10562
10563
10565
10568
10571
10574
10575
10576
10578
10579
10580
10581
10582
10583
10584
10585
10590
10596
10599
10603
10605
10609
10615
10625
10627
10631
10639
10653
10654
10665
10666
10667
10668
10672
10678
10683
10684
10686
10687
10688
10689
10690
10691
10692
10693
10694
10695
10702
10703
10704
10708
10718
10720
10721
10722
10723
10731
10739
10740
10741
10742
10744
10745
10746
10749
10750
10753
10754
10756
10762
10763
10764
10767
10768
10769
10777
10779
10780
10786
10787
10790
10791
10792
10793
10797
10801
10802
10803
10804
10805
10816
10821
10824
10831
10832
10833
10836
10837
10841
10850
10851
10852
10853
10854
10857
10860
10861
10863
10866
10867
10868
10869
10870
10871
10875
10876
10877
10879
10881
10884
10885
10886
10888
10890
10891
10892
10900
10902
10906
10911
10914
10915
10920
10921
10925
10926
10927
10930
10934
10935
10942
10943
10944
10946
10955
10963
10965
10972
10974
10977
10979
10980
10981
10982
10984
10986
10988
10992
10993
10994
10995
10998
10999
11000
11001
11008
11009
11012
11013
11014
11015
11016
11017
11018
11019
11020
11022
11025
11041
11043
11049
11053
11056
11058
11059
11060
11062
11063
11064
11065
11066
11067
11068
11069
11079
11093
11094
11097
11099
11105
11106
11112
11118
11120
11131
11132
11133
11134
11135
11139
11142
11143
11144
11146
11147
11150
11153
11154
11158
11159
11161
11162
11166
11167
11172
11173
11180
11190
11193
11194
11195
11197
11198
11201
11215
11221
11222
11227
11230
11234
11235
11237
11238
11239
11240
11241
11245
11246
11247
11248
11249
11255
11256
11257
11258
11259
11261
11265
11266
11267
11270
11272
11273
11275
11276
11277
11278
11281
11282
11283
11284
11286
11289
11291
11292
11293
11294
11295
11296
11299
11300
11302
11303
11304
11305
11306
11307
11308
11309
11311
11312
11313
11314
11315
11316
11317
11318
11323
11325
11326
11329
11331
11332
11333
11334
11339
11340
11341
11342
11343
11344
11345
11346
11347
11348
11349
11352
11372
11373
11374
11376
11380
11382
11385
11386
11389
11392
11393
11395
11396
11397
11398
11399
11400
11402
11404
11407
11409
11410
11417
11421
11423
11428
11429
11439
11441
11442
11443
11449
11452
11458
11461
11462
11465
11471
11472
11473
11474
11475
11480
11483
11485
11486
11488
11489
11492
11505
11506
11507
11509
11510
11511
11512
11513
11514
11528
11536
11541
11542
11547
11548
11549
11553
11556
11562
11563
11564
11565
11567
11569
11570
11571
11572
11573
11574
11577
11578
11581
11583
11584
11585
11586
11590
11592
11598
11603
11604
11609
11610
11611
11613
11615
11616
11617
11620
11621
11625
11626
11627
11639
11643
11644
11646
11652
11654
11655
11656
11657
11658
11662
11666
11667
11668
11674
11675
11677
11681
11682
11683
11684
11695
11696
11697
11699
11703
11712
11713
11714
11717
11720
11721
11722
11723
11724
11725
11726
11727
11731
11744
11745
11746
11747
11748
11749
11751
11752
11754
11755
11758
11759
11766
11767
11769
11770
11771
11773
11774
11781
11782
11784
