ID
0
1
2
10
11
12
13
14
15
16
17
18
19
20
21
22
24
29
33
37
45
47
48
49
50
51
52
53
54
55
57
58
59
60
62
63
64
65
67
68
69
70
71
78
79
80
81
82
83
84
85
86
87
88
89
90
91
92
93
94
95
97
98
99
100
101
102
105
106
107
109
110
111
112
115
116
117
118
119
120
121
122
125
126
130
131
133
134
138
140
141
142
143
146
147
148
149
150
151
152
155
156
157
158
159
160
161
162
163
164
165
166
170
171
172
173
174
175
176
177
178
182
189
190
191
192
193
194
195
196
197
198
199
200
201
202
203
204
205
206
208
214
215
216
217
218
219
220
221
222
223
224
225
227
228
229
230
236
237
238
240
241
242
243
244
245
247
248
249
250
251
252
253
254
255
256
266
267
268
269
270
271
272
273
274
276
277
278
279
280
281
282
283
284
285
286
287
288
289
290
291
292
293
294
295
297
298
299
303
305
306
307
308
309
310
311
312
313
314
315
316
317
318
319
320
321
322
323
324
325
326
328
329
330
331
332
333
335
336
337
339
340
345
346
347
348
349
351
352
353
354
355
356
357
358
359
360
361
363
364
365
368
369
370
371
372
373
375
376
380
381
382
383
390
391
392
393
396
397
398
399
400
401
402
403
404
405
406
407
408
409
410
411
412
413
414
415
416
417
422
423
424
426
427
428
429
430
432
433
436
445
446
447
448
449
450
453
454
455
456
457
458
459
461
462
463
464
465
466
467
468
469
470
471
472
473
475
476
488
489
499
500
504
505
506
507
514
515
521
522
523
524
526
527
530
531
532
533
536
537
538
539
540
541
544
545
546
549
550
551
552
558
559
561
562
564
565
567
568
569
570
571
572
573
574
575
578
579
580
581
582
583
584
585
586
587
588
589
591
592
593
594
595
596
599
600
601
602
603
604
605
606
607
608
609
610
611
612
613
614
618
619
620
621
622
623
624
625
626
627
628
629
631
632
633
634
635
636
637
638
639
643
644
645
646
647
649
652
653
658
659
660
661
662
663
664
665
666
667
672
673
674
675
676
677
678
680
681
682
683
684
685
686
687
688
689
690
691
692
693
696
697
698
699
700
701
702
705
706
707
710
711
712
713
714
715
716
720
721
722
724
725
726
727
728
729
730
731
733
734
735
738
739
740
741
742
743
745
746
747
748
749
752
753
754
755
756
757
760
761
762
763
764
765
766
767
768
769
771
772
773
774
775
776
777
778
779
780
781
782
783
784
785
787
788
789
790
791
792
793
794
795
797
798
799
801
806
807
808
809
810
811
812
813
814
815
818
819
820
821
822
824
825
826
827
828
829
830
831
834
841
842
844
845
846
847
848
849
850
851
852
854
857
859
860
861
862
863
864
868
869
870
872
873
874
875
877
878
879
880
881
882
883
884
885
888
889
890
891
892
893
899
900
902
909
910
911
912
913
915
916
917
919
920
921
922
923
924
925
926
928
929
930
931
933
934
935
936
937
938
939
940
941
942
945
947
948
949
950
951
952
953
954
955
956
957
958
959
960
961
962
963
964
965
967
969
970
971
972
973
974
976
978
979
980
981
982
983
984
985
986
987
988
989
990
991
992
993
994
995
996
997
998
999
1000
1001
1002
1003
1004
1005
1007
1008
1009
1011
1013
1015
1016
1017
1018
1019
1020
1021
1022
1023
1024
1025
1026
1031
1032
1033
1034
1035
1036
1038
1039
1040
1041
1042
1044
1045
1046
1047
1048
1049
1050
1051
1052
1053
1056
1057
1058
1059
1060
1061
1062
1063
1064
1065
1066
1067
1068
1069
1070
1071
1072
1073
1074
1075
1076
1077
1078
1079
1080
1081
1082
1083
1086
1087
1088
1092
1093
1094
1095
1097
1098
1099
1100
1103
1106
1107
1109
1110
1112
1113
1114
1115
1116
1117
1118
1119
1120
1121
1123
1124
1125
1126
1127
1129
1130
1131
1134
1135
1140
1141
1142
1144
1145
1146
1147
1148
1151
1152
1156
1158
1160
1161
1163
1165
1167
1169
1170
1171
1172
1173
1175
1176
1180
1182
1183
1184
1185
1188
1190
1191
1192
1195
1198
1199
1200
1201
1202
1203
1204
1206
1208
1210
1212
1213
1214
1215
1216
1217
1218
1219
1221
1222
1227
1228
1229
1231
1241
1243
1245
1246
1247
1248
1249
1250
1251
1252
1253
1254
1255
1256
1257
1258
1259
1260
1261
1262
1263
1267
1268
1270
1271
1272
1273
1274
1275
1279
1280
1281
1282
1283
1284
1285
1286
1288
1289
1290
1291
1292
1293
1294
1295
1297
1298
1299
1300
1301
1302
1303
1304
1305
1306
1307
1308
1309
1310
1311
1312
1316
1319
1323
1324
1325
1326
1327
1328
1329
1331
1332
1333
1334
1335
1336
1338
1339
1340
1341
1342
1343
1345
1346
1349
1350
1351
1352
1353
1354
1355
1356
1357
1358
1359
1360
1361
1362
1365
1366
1367
1368
1369
1371
1372
1373
1374
1375
1376
1377
1378
1379
1382
1383
1385
1386
1388
1389
1390
1391
1392
1393
1394
1395
1396
1397
1398
1399
1400
1401
1402
1403
1404
1405
1406
1407
1408
1410
1411
1412
1413
1421
1423
1425
1427
1432
1433
1434
1435
1436
1440
1441
1442
1443
1444
1445
1449
1453
1454
1455
1456
1457
1458
1460
1462
1463
1464
1465
1466
1468
1469
1470
1471
1472
1473
1474
1475
1476
1477
1478
1480
1481
1482
1483
1485
1487
1488
1489
1490
1491
1495
1497
1498
1499
1500
1501
1502
1503
1504
1505
1510
1511
1514
1517
1521
1525
1526
1527
1528
1530
1531
1532
1533
1534
1537
1538
1539
1540
1541
1542
1543
1544
1545
1546
1548
1549
1550
1551
1552
1553
1554
1555
1556
1557
1558
1559
1560
1561
1563
1564
1565
1566
1569
1573
1574
1575
1576
1577
1578
1579
1580
1581
1582
1583
1584
1585
1586
1587
1588
1589
1608
1610
1612
1615
1616
1617
1618
1619
1620
1621
1622
1623
1624
1625
1626
1627
1631
1632
1633
1634
1635
1636
1637
1638
1639
1640
1641
1643
1645
1646
1647
1648
1649
1650
1651
1652
1653
1655
1656
1657
1658
1659
1661
1662
1663
1666
1670
1671
1678
1680
1681
1682
1684
1687
1695
1696
1701
1702
1703
1704
1705
1706
1707
1708
1709
1710
1711
1712
1739
1740
1741
1742
1743
1744
1745
1746
1748
1749
1750
1751
1752
1754
1755
1756
1757
1758
1763
1764
1765
1766
1767
1770
1771
1772
1773
1774
1775
1776
1777
1778
1779
1781
1782
1783
1784
1785
1786
1788
1789
1791
1792
1793
1794
1795
1796
1797
1798
1799
1800
1802
1803
1807
1808
1809
1810
1811
1812
1816
1817
1818
1819
1820
1821
1822
1825
1826
1827
1828
1829
1830
1831
1832
1833
1834
1835
1836
1837
1838
1839
1840
1841
1842
1852
1858
1859
1860
1861
1871
1872
1876
1877
1878
1879
1880
1881
1883
1884
1885
1886
1887
1889
1890
1891
1892
1893
1895
1896
1897
1898
1899
1900
1902
1903
1904
1905
1906
1907
1908
1909
1910
1914
1915
1920
1921
1922
1926
1927
1928
1929
1930
1931
1932
1933
1934
1935
1936
1937
1938
1939
1940
1941
1942
1947
1948
1949
1950
1951
1953
1955
1956
1957
1961
1962
1965
1967
1968
1969
1970
1971
1972
1974
1975
1976
1977
1983
1984
1985
1987
1988
1989
1990
1991
1992
1997
1998
1999
2000
2001
2004
2005
2006
2007
2008
2009
2010
2012
2014
2015
2017
2018
2019
2020
2025
2026
2027
2028
2029
2031
2032
2033
2034
2036
2037
2038
2039
2040
2043
2044
2046
2048
2049
2050
2051
2052
2053
2054
2055
2057
2058
2059
2060
2063
2064
2065
2066
2067
2068
2069
2070
2075
2078
2079
2080
2081
2082
2083
2084
2086
2087
2095
2096
2097
2098
2099
2101
2104
2106
2107
2114
2115
2117
2121
2122
2123
2124
2125
2135
2136
2138
2145
2146
2147
2148
2149
2151
2152
2153
2154
2158
2164
2170
2171
2172
2173
2174
2175
2176
2177
2178
2179
2180
2181
2182
2183
2184
2185
2186
2187
2188
2192
2193
2194
2195
2196
2199
2200
2201
2204
2205
2206
2207
2208
2209
2210
2211
2212
2213
2214
2215
2216
2219
2221
2223
2227
2228
2229
2232
2233
2234
2235
2237
2238
2241
2242
2243
2244
2245
2246
2247
2248
2249
2250
2251
2253
2254
2255
2256
2257
2258
2260
2261
2262
2263
2264
2265
2266
2267
2268
2269
2270
2271
2272
2275
2276
2277
2279
2280
2282
2283
2285
2287
2288
2289
2290
2291
2292
2293
2294
2295
2296
2299
2300
2301
2306
2307
2311
2312
2314
2315
2316
2317
2325
2326
2330
2331
2332
2334
2335
2336
2337
2341
2342
2343
2344
2349
2350
2351
2353
2354
2355
2356
2358
2359
2360
2361
2362
2374
2375
2376
2377
2378
2379
2380
2382
2383
2384
2385
2386
2387
2388
2389
2390
2396
2397
2398
2399
2400
2401
2407
2408
2412
2414
2415
2416
2417
2418
2419
2420
2421
2422
2423
2424
2425
2426
2431
2432
2433
2434
2435
2436
2437
2440
2441
2442
2444
2448
2449
2452
2453
2454
2455
2457
2458
2459
2460
2461
2472
2473
2474
2475
2477
2478
2481
2485
2486
2487
2488
2489
2490
2491
2496
2497
2498
2500
2501
2502
2503
2504
2505
2506
2507
2508
2509
2510
2511
2512
2513
2517
2518
2519
2547
2548
2550
2552
2554
2555
2556
2557
2558
2559
2560
2561
2562
2563
2564
2565
2566
2567
2568
2569
2570
2573
2574
2575
2576
2583
2584
2585
2586
2587
2588
2589
2590
2591
2592
2593
2594
2595
2601
2602
2603
2605
2606
2609
2610
2611
2612
2613
2614
2616
2617
2618
2619
2620
2621
2622
2624
2625
2626
2627
2628
2630
2631
2632
2633
2634
2635
2637
2638
2639
2640
2641
2646
2647
2650
2651
2653
2654
2655
2656
2657
2658
2659
2660
2661
2662
2663
2664
2666
2667
2668
2669
2671
2672
2673
2685
2686
2687
2688
2689
2690
2691
2692
2700
2706
2707
2709
2710
2711
2712
2713
2714
2715
2716
2717
2718
2726
2727
2733
2734
2735
2736
2737
2739
2740
2743
2744
2747
2748
2749
2750
2751
2752
2753
2754
2755
2757
2758
2759
2760
2761
2762
2764
2765
2766
2767
2768
2769
2772
2773
2779
2781
2782
2783
2784
2785
2787
2788
2789
2790
2791
2792
2793
2794
2795
2796
2797
2798
2799
2800
2801
2802
2803
2806
2810
2811
2812
2813
2814
2816
2818
2820
2821
2823
2824
2825
2826
2827
2828
2829
2830
2831
2834
2840
2841
2842
2844
2845
2846
2847
2848
2849
2850
2851
2852
2853
2854
2855
2856
2857
2859
2860
2862
2863
2864
2865
2866
2867
2868
2869
2870
2871
2872
2873
2874
2875
2876
2877
2878
2881
2882
2884
2885
2886
2887
2888
2889
2891
2892
2893
2894
2895
2896
2897
2898
2899
2900
2901
2902
2903
2906
2907
2908
2912
2913
2914
2915
2917
2918
2919
2920
2923
2924
2925
2926
2929
2930
2931
2933
2936
2937
2938
2939
2940
2941
2942
2945
2946
2947
2948
2949
2950
2951
2954
2955
2957
2958
2959
2961
2962
2963
2964
2965
2966
2969
2970
2971
2972
2974
2975
2977
2978
2979
2980
2983
2984
2985
2986
2987
2988
2989
2990
2991
2992
2993
2994
2995
3001
3005
3006
3007
3008
3009
3010
3011
3012
3013
3014
3015
3016
3017
3024
3026
3027
3031
3040
3041
3042
3043
3044
3046
3047
3048
3049
3050
3051
3052
3136
3137
3139
3140
3141
3142
3143
3144
3145
3146
3147
3148
3149
3150
3152
3153
3154
3155
3156
3158
3160
3161
3162
3163
3164
3165
3166
3167
3168
3169
3170
3171
3172
3175
3176
3177
3178
3179
3180
3183
3184
3185
3187
3188
3190
3191
3192
3193
3194
3196
3197
3199
3200
3201
3202
3203
3204
3205
3206
3207
3208
3209
3210
3211
3212
3213
3217
3218
3219
3220
3222
3223
3224
3225
3226
3227
3228
3230
3231
3232
3233
3234
3235
3236
3238
3241
3242
3243
3244
3245
3246
3247
3248
3249
3252
3253
3255
3256
3257
3258
3259
3260
3261
3262
3263
3266
3268
3269
3270
3271
3272
3274
3275
3276
3277
3278
3279
3280
3281
3282
3283
3286
3287
3288
3289
3290
3291
3292
3293
3294
3295
3296
3297
3298
3300
3301
3302
3303
3304
3305
3308
3310
3311
3312
3314
3315
3316
3319
3320
3321
3322
3327
3328
3329
3330
3331
3332
3333
3334
3335
3336
3337
3338
3339
3340
3341
3347
3348
3349
3351
3352
3353
3358
3359
3360
3361
3362
3364
3365
3367
3372
3373
3374
3375
3376
3377
3379
3380
3381
3385
3386
3387
3389
3390
3393
3394
3395
3396
3399
3400
3401
3402
3403
3404
3406
3407
3408
3409
3411
3412
3415
3417
3424
3425
3426
3427
3429
3430
3433
3434
3436
3437
3438
3439
3440
3441
3443
3444
3445
3446
3447
3448
3449
3450
3452
3453
3454
3456
3457
3460
3461
3462
3463
3464
3466
3467
3468
3469
3470
3472
3473
3474
3475
3476
3477
3479
3480
3482
3485
3486
3487
3488
3489
3490
3491
3492
3493
3494
3495
3505
3506
3519
3520
3521
3524
3525
3526
3527
3529
3530
3531
3532
3535
3537
3538
3539
3540
3541
3542
3543
3544
3545
3546
3547
3548
3549
3550
3551
3552
3554
3555
3556
3557
3558
3559
3562
3563
3564
3565
3566
3567
3568
3569
3570
3571
3572
3573
3574
3576
3577
3578
3579
3580
3581
3582
3583
3584
3585
3591
3592
3593
3595
3596
3597
3599
3600
3601
3602
3603
3605
3606
3608
3610
3611
3612
3613
3614
3615
3616
3618
3619
3620
3621
3622
3623
3624
3625
3626
3627
3628
3629
3630
3631
3633
3634
3635
3636
3638
3639
3641
3642
3643
3644
3645
3647
3648
3649
3650
3653
3654
3655
3657
3658
3659
3660
3661
3662
3663
3664
3665
3666
3668
3671
3672
3673
3674
3675
3676
3677
3678
3679
3680
3681
3682
3683
3684
3685
3687
3688
3689
3690
3691
3692
3693
3694
3695
3696
3697
3703
3705
3706
3710
3711
3712
3713
3714
3715
3716
3717
3718
3719
3720
3721
3722
3723
3727
3729
3730
3732
3733
3734
3735
3736
3737
3738
3740
3742
3743
3744
3746
3747
3748
3762
3764
3766
3767
3768
3769
3770
3771
3772
3776
3777
3778
3780
3781
3782
3788
3789
3790
3791
3792
3793
3794
3795
3796
3797
3798
3801
3802
3803
3804
3805
3806
3807
3808
3809
3810
3811
3812
3813
3814
3815
3816
3818
3819
3820
3821
3822
3823
3825
3826
3827
3828
3829
3830
3831
3832
3835
3836
3839
3840
3841
3842
3843
3844
3845
3846
3847
3848
3850
3851
3852
3854
3855
3856
3857
3858
3859
3863
3864
3865
3866
3867
3868
3869
3872
3873
3874
3876
3878
3879
3880
3887
3888
3891
3892
3893
3894
3896
3897
3898
3899
3900
3901
3902
3903
3904
3905
3906
3907
3908
3909
3911
3912
3913
3914
3915
3916
3917
3918
3923
3924
3925
3926
3927
3928
3929
3930
3932
3933
3936
3938
3940
3941
3942
3943
3944
3945
3948
3949
3950
3951
3960
3961
3962
3963
3964
3965
3966
3967
3968
3969
3971
3972
3974
3975
3976
3977
3978
3979
3980
3981
3982
3983
3984
3987
3989
3990
3993
3994
3995
3996
3997
3999
4000
4002
4003
4004
4005
4008
4009
4012
4013
4014
4015
4016
4017
4018
4019
4020
4021
4022
4023
4024
4025
4026
4027
4029
4031
4032
4033
4036
4037
4038
4041
4042
4044
4045
4046
4047
4048
4049
4051
4058
4059
4062
4065
4067
4068
4069
4071
4074
4083
4084
4085
4086
4089
4090
4091
4092
4093
4094
4100
4101
4103
4104
4105
4107
4109
4110
4111
4112
4113
4114
4116
4117
4118
4119
4120
4126
4132
4133
4134
4135
4136
4137
4138
4140
4141
4143
4144
4146
4147
4149
4151
4152
4153
4154
4155
4156
4169
4171
4172
4173
4174
4175
4176
4177
4178
4182
4183
4184
4185
4187
4189
4191
4192
4193
4194
4195
4196
4197
4198
4199
4200
4202
4203
4204
4206
4207
4208
4210
4211
4213
4214
4215
4216
4217
4222
4223
4224
4225
4226
4227
4228
4229
4230
4231
4232
4234
4235
4236
4237
4239
4240
4244
4246
4247
4248
4249
4250
4253
4258
4260
4261
4262
4265
4266
4268
4269
4270
4273
4276
4279
4280
4281
4284
4285
4286
4287
4288
4289
4292
4293
4294
4295
4296
4298
4299
4301
4302
4303
4305
4307
4308
4310
4311
4312
4313
4314
4315
4316
4317
4318
4319
4320
4321
4323
4324
4325
4326
4327
4328
4353
4354
4355
4356
4357
4358
4359
4360
4361
4362
4363
4364
4365
4367
4368
4369
4370
4371
4372
4373
4374
4375
4376
4377
4378
4381
4382
4383
4384
4385
4386
4387
4388
4389
4390
4391
4393
4394
4395
4396
4397
4398
4399
4400
4402
4403
4405
4413
4414
4415
4417
4418
4419
4422
4423
4424
4426
4437
4438
4439
4441
4443
4455
4456
4457
4460
4461
4462
4463
4464
4465
4467
4469
4470
4471
4473
4474
4475
4476
4477
4479
4480
4481
4484
4485
4486
4487
4488
4489
4490
4491
4492
4493
4494
4495
4496
4497
4498
4501
4503
4504
4505
4506
4508
4510
4511
4512
4513
4514
4516
4517
4518
4519
4520
4521
4522
4523
4524
4525
4530
4531
4532
4533
4534
4535
4536
4537
4538
4539
4541
4542
4543
4545
4546
4550
4551
4552
4553
4554
4555
4556
4557
4558
4559
4560
4562
4566
4567
4568
4569
4570
4571
4572
4573
4575
4576
4577
4578
4582
4583
4584
4585
4586
4587
4594
4595
4596
4597
4598
4599
4600
4602
4603
4605
4606
4607
4608
4609
4610
4613
4614
4615
4616
4617
4618
4619
4621
4622
4626
4630
4631
4636
4639
4640
4641
4642
4645
4648
4649
4652
4653
4654
4655
4657
4664
4665
4666
4667
4668
4669
4670
4671
4672
4673
4674
4675
4676
4677
4680
4681
4682
4687
4688
4689
4692
4693
4694
4695
4696
4697
4702
4710
4714
4715
4716
4717
4718
4719
4720
4723
4724
4725
4730
4731
4733
4734
4735
4736
4737
4738
4739
4740
4741
4742
4743
4744
4745
4746
4747
4748
4752
4754
4755
4756
4776
4777
4778
4779
4780
4781
4782
4783
4784
4785
4786
4788
4789
4790
4791
4793
4794
4795
4797
4801
4802
4803
4804
4805
4806
4807
4808
4809
4810
4814
4815
4816
4817
4819
4820
4821
4822
4824
4825
4826
4827
4829
4830
4831
4832
4833
4835
4836
4837
4838
4840
4841
4842
4843
4845
4846
4847
4849
4851
4854
4855
4856
4857
4858
4862
4887
4889
4890
4891
4892
4893
4894
4895
4896
4897
4898
4899
4900
4901
4903
4904
4905
4906
4907
4908
4909
4910
4911
4912
4913
4916
4917
4918
4920
4921
4922
4923
4924
4936
4937
4938
4939
4940
4941
4942
4943
4944
4945
4946
4947
4948
4949
4950
4951
4952
4953
4954
4955
4956
4957
4958
4959
4960
4961
4962
4963
4964
4965
4966
4967
4968
4969
4970
4971
4973
4974
4975
4976
4977
4978
4979
4980
4981
4982
4984
4985
4986
4987
4988
4989
4990
4991
4992
4993
4994
4995
4996
4997
4998
4999
5000
5001
5002
5003
5004
5005
5007
5008
5010
5011
5012
5013
5014
5015
5016
5018
5019
5021
5023
5024
5026
5027
5028
5031
5032
5033
5034
5035
5036
5037
5039
5040
5041
5042
5043
5044
5045
5046
5047
5048
5049
5052
5053
5054
5059
5060
5061
5062
5063
5064
5065
5067
5068
5072
5073
5074
5075
5076
5077
5078
5079
5080
5081
5082
5084
5085
5086
5087
5088
5089
5090
5091
5093
5094
5096
5103
5105
5106
5107
5108
5109
5110
5111
5112
5113
5114
5116
5117
5119
5120
5124
5125
5126
5128
5131
5132
5133
5134
5135
5139
5140
5141
5142
5143
5144
5145
5146
5148
5149
5152
5153
5154
5155
5156
5157
5158
5159
5161
5162
5163
5164
5165
5166
5170
5172
5173
5179
5184
5185
5186
5187
5189
5190
5191
5192
5194
5196
5197
5198
5199
5202
5203
5211
5212
5213
5214
5216
5218
5219
5220
5221
5222
5223
5224
5225
5226
5233
5234
5235
5236
5237
5238
5239
5240
5241
5242
5243
5244
5245
5246
5248
5249
5250
5251
5252
5253
5254
5255
5256
5258
5259
5260
5261
5262
5263
5264
5265
5266
5267
5268
5269
5272
5273
5274
5276
5277
5278
5280
5284
5294
5304
5306
5308
5309
5312
5313
5315
5316
5317
5319
5322
5323
5335
5336
5339
5340
5346
5348
5349
5354
5355
5359
5360
5361
5362
5364
5365
5366
5367
5371
5372
5377
5379
5381
5382
5383
5384
5385
5386
5391
5393
5395
5401
5402
5403
5404
5406
5407
5408
5409
5411
5412
5413
5416
5417
5418
5419
5421
5422
5423
5424
5425
5426
5427
5428
5430
5431
5432
5433
5434
5435
5436
5437
5438
5439
5443
5448
5449
5450
5453
5454
5456
5457
5458
5459
5460
5461
5462
5463
5464
5465
5466
5467
5468
5470
5475
5476
5477
5479
5482
5483
5490
5491
5492
5494
5495
5497
5499
5507
5508
5509
5510
5511
5512
5513
5514
5515
5516
5517
5518
5519
5522
5523
5525
5526
5528
5529
5530
5531
5532
5535
5543
5547
5548
5549
5551
5552
5553
5554
5555
5556
5557
5558
5559
5560
5561
5562
5563
5564
5565
5566
5568
5569
5570
5571
5572
5573
5574
5575
5576
5577
5578
5580
5581
5582
5583
5584
5585
5586
5626
5627
5629
5630
5631
5632
5634
5635
5639
5640
5641
5642
5655
5656
5657
5658
5659
5660
5661
5662
5663
5665
5666
5667
5668
5669
5670
5672
5673
5674
5675
5676
5678
5682
5683
5685
5687
5689
5694
5695
5699
5701
5702
5703
5704
5705
5706
5707
5708
5709
5710
5712
5713
5714
5715
5723
5724
5725
5729
5730
5731
5734
5735
5737
5738
5739
5740
5741
5742
5743
5767
5773
5774
5776
5777
5779
5780
5782
5786
5787
5788
5789
5790
5791
5793
5794
5795
5796
5797
5798
5799
5800
5803
5804
5805
5806
5807
5809
5810
5811
5812
5813
5814
5816
5817
5818
5819
5820
5821
5822
5823
5824
5825
5826
5827
5829
5830
5831
5832
5838
5839
5840
5841
5842
5843
5844
5845
5846
5847
5848
5849
5850
5851
5852
5853
5854
5856
5857
5858
5859
5861
5862
5863
5870
5871
5873
5874
5875
5876
5877
5878
5879
5880
5881
5882
5884
5885
5886
5887
5888
5889
5890
5896
5897
5898
5901
5902
5903
5904
5905
5906
5907
5908
5909
5910
5911
5912
5919
5942
5943
5944
5945
5949
5950
5951
5952
5953
5954
5955
5957
5965
5966
5967
5968
5969
5970
5971
5972
5973
5976
5978
5979
5982
5983
5985
5986
5987
5988
5989
5990
5991
5992
5993
5994
5995
5996
5997
6000
6001
6002
6007
6009
6010
6011
6012
6013
6014
6015
6016
6017
6018
6019
6020
6021
6022
6023
6024
6025
6026
6027
6028
6029
6030
6031
6033
6034
6035
6036
6037
6038
6039
6041
6042
6043
6044
6045
6050
6051
6052
6053
6054
6055
6056
6057
6058
6059
6060
6061
6062
6070
6071
6072
6073
6074
6075
6077
6079
6080
6081
6082
6083
6084
6085
6086
6087
6088
6089
6091
6092
6093
6094
6095
6096
6097
6098
6099
6100
6101
6102
6103
6104
6105
6108
6109
6110
6115
6116
6117
6118
6119
6120
6121
6122
6123
6124
6126
6128
6129
6130
6134
6135
6136
6137
6138
6139
6141
6142
6144
6145
6146
6147
6148
6149
6150
6151
6152
6153
6154
6155
6157
6158
6159
6160
6161
6162
6163
6164
6165
6168
6169
6170
6171
6172
6173
6174
6175
6176
6177
6178
6179
6180
6182
6183
6184
6185
6186
6187
6188
6189
6190
6191
6192
6193
6194
6195
6196
6197
6198
6199
6200
6201
6202
6203
6204
6206
6207
6208
6211
6212
6213
6214
6216
6217
6227
6243
6250
6252
6253
6254
6255
6256
6257
6258
6260
6261
6262
6263
6264
6265
6266
6267
6268
6269
6270
6271
6272
6273
6274
6275
6276
6277
6279
6280
6281
6282
6283
6284
6285
6286
6287
6289
6290
6291
6292
6293
6294
6296
6300
6301
6302
6303
6304
6305
6306
6307
6308
6312
6313
6314
6315
6323
6325
6327
6328
6329
6330
6331
6332
6333
6334
6335
6336
6337
6338
6339
6340
6341
6345
6346
6347
6349
6353
6355
6356
6363
6364
6365
6366
6367
6368
6369
6372
6374
6375
6376
6377
6378
6379
6382
6385
6386
6387
6388
6389
6390
6391
6392
6394
6396
6397
6398
6399
6400
6401
6402
6403
6404
6405
6406
6423
6424
6425
6426
6427
6428
6429
6434
6436
6437
6438
6440
6441
6442
6443
6444
6446
6447
6448
6449
6454
6455
6456
6457
6458
6459
6460
6462
6463
6464
6465
6466
6467
6468
6469
6470
6471
6472
6473
6474
6475
6476
6477
6480
6482
6483
6484
6487
6489
6490
6491
6492
6493
6494
6495
6496
6500
6501
6502
6503
6505
6506
6507
6510
6515
6516
6518
6519
6522
6523
6524
6525
6526
6527
6528
6529
6530
6531
6532
6533
6534
6536
6540
6541
6542
6546
6547
6548
6549
6550
6551
6552
6556
6557
6558
6562
6563
6564
6565
6566
6568
6569
6570
6571
6572
6573
6574
6576
6578
6579
6580
6581
6582
6583
6589
6590
6591
6592
6593
6594
6595
6596
6597
6598
6601
6602
6603
6604
6605
6606
6607
6608
6609
6610
6611
6612
6613
6615
6616
6617
6618
6619
6620
6624
6625
6626
6627
6628
6629
6630
6631
6632
6633
6634
6635
6636
6637
6638
6640
6641
6642
6643
6644
6645
6646
6648
6649
6650
6651
6652
6653
6654
6655
6657
6658
6659
6660
6662
6664
6665
6668
6670
6671
6672
6673
6674
6677
6679
6680
6683
6685
6686
6687
6689
6691
6692
6693
6694
6695
6696
6697
6698
6699
6705
6707
6708
6711
6712
6713
6714
6715
6716
6717
6719
6720
6721
6722
6723
6724
6725
6726
6727
6728
6731
6732
6733
6734
6735
6736
6737
6738
6743
6748
6757
6763
6764
6765
6766
6768
6773
6774
6775
6776
6777
6778
6779
6780
6781
6783
6785
6786
6787
6788
6789
6792
6794
6795
6796
6797
6798
6799
6800
6801
6804
6805
6806
6807
6808
6809
6810
6811
6812
6813
6814
6815
6816
6818
6819
6820
6821
6822
6823
6824
6825
6827
6828
6829
6830
6835
6836
6837
6838
6840
6841
6844
6851
6852
6853
6854
6855
6857
6858
6859
6860
6861
6862
6863
6864
6865
6866
6872
6873
6874
6875
6876
6877
6879
6880
6881
6884
6889
6890
6891
6892
6893
6895
6896
6898
6899
6900
6901
6902
6903
6904
6906
6907
6908
6909
6910
6911
6912
6913
6917
6923
6924
6925
6931
6932
6933
6934
6935
6936
6937
6938
6939
6940
6941
6942
6947
6948
6949
6950
6951
6952
6953
6955
6956
6957
6958
6959
6960
6961
6962
6963
6964
6965
6966
6967
6968
6971
6972
6974
6976
6977
6979
6982
6984
6985
6987
6988
6989
6990
6994
6995
6996
6997
6998
6999
7000
7001
7003
7005
7009
7010
7018
7019
7024
7025
7026
7028
7029
7030
7031
7032
7033
7034
7036
7037
7038
7039
7040
7046
7047
7055
7056
7057
7058
7059
7060
7061
7064
7065
7066
7067
7068
7090
7091
7092
7094
7099
7102
7112
7113
7114
7115
7116
7117
7118
7119
7120
7121
7122
7124
7128
7129
7130
7131
7142
7145
7146
7147
7148
7149
7150
7151
7152
7153
7154
7155
7156
7157
7158
7159
7160
7167
7168
7169
7170
7171
7172
7173
7174
7175
7177
7178
7179
7180
7181
7182
7183
7184
7188
7189
7190
7191
7195
7196
7197
7199
7200
7201
7206
7207
7211
7212
7213
7214
7215
7216
7217
7218
7219
7221
7223
7224
7225
7226
7227
7230
7231
7232
7233
7234
7235
7236
7239
7240
7242
7243
7244
7245
7248
7257
7258
7260
7261
7262
7263
7264
7265
7266
7267
7269
7270
7282
7287
7288
7289
7291
7292
7293
7294
7295
7296
7300
7301
7303
7304
7305
7306
7307
7309
7311
7317
7318
7319
7320
7322
7323
7329
7330
7331
7334
7335
7336
7337
7338
7339
7340
7341
7342
7344
7345
7346
7347
7349
7350
7351
7352
7353
7354
7355
7356
7357
7358
7359
7360
7361
7363
7364
7365
7366
7367
7368
7371
7372
7375
7376
7377
7378
7379
7380
7381
7382
7384
7385
7386
7388
7391
7392
7396
7399
7400
7401
7402
7403
7404
7405
7406
7407
7408
7409
7411
7412
7413
7414
7415
7416
7417
7418
7419
7420
7421
7422
7424
7425
7426
7427
7428
7429
7430
7431
7434
7435
7436
7437
7440
7441
7442
7449
7450
7454
7455
7456
7457
7458
7460
7462
7463
7464
7465
7466
7471
7473
7476
7477
7478
7479
7480
7484
7485
7486
7487
7488
7499
7500
7501
7502
7507
7508
7509
7510
7511
7512
7516
7517
7518
7519
7520
7523
7524
7525
7526
7527
7528
7529
7531
7533
7534
7535
7536
7537
7538
7539
7540
7541
7542
7543
7544
7546
7547
7548
7549
7550
7554
7555
7556
7561
7563
7564
7566
7567
7568
7569
7570
7571
7572
7575
7576
7577
7578
7579
7580
7581
7582
7583
7584
7585
7587
7588
7589
7590
7591
7592
7594
7595
7596
7597
7598
7599
7600
7601
7602
7603
7606
7607
7608
7609
7610
7611
7612
7614
7615
7621
7622
7623
7624
7625
7626
7627
7628
7629
7631
7632
7633
7634
7635
7636
7639
7640
7641
7642
7643
7644
7645
7646
7647
7648
7649
7650
7652
7653
7654
7655
7656
7657
7660
7661
7662
7663
7664
7666
7667
7668
7669
7670
7671
7672
7673
7676
7677
7678
7679
7680
7685
7687
7698
7699
7700
7701
7702
7703
7704
7705
7708
7709
7710
7711
7712
7713
7714
7715
7716
7717
7718
7719
7720
7721
7722
7723
7724
7725
7726
7727
7728
7729
7730
7731
7732
7733
7734
7738
7739
7740
7741
7742
7743
7744
7745
7746
7747
7748
7753
7754
7755
7756
7758
7760
7761
7762
7763
7766
7767
7769
7770
7771
7772
7775
7776
7777
7778
7779
7780
7781
7782
7783
7789
7790
7791
7792
7793
7794
7795
7796
7797
7803
7805
7806
7807
7808
7809
7810
7811
7814
7815
7819
7820
7821
7825
7826
7827
7828
7830
7831
7832
7833
7834
7835
7836
7837
7838
7839
7840
7841
7842
7843
7844
7845
7846
7850
7851
7852
7855
7857
7858
7859
7860
7861
7863
7872
7873
7874
7875
7876
7877
7878
7880
7881
7882
7883
7884
7885
7886
7887
7888
7889
7890
7891
7892
7893
7894
7895
7896
7897
7898
7902
7903
7904
7905
7906
7907
7908
7910
7911
7912
7914
7915
7916
7917
7918
7919
7921
7922
7923
7928
7929
7930
7931
7933
7935
7940
7941
7942
7943
7944
7946
7947
7948
7949
7950
7951
7953
7954
7955
7956
7957
7986
7987
7989
7990
7991
7992
7993
7994
7995
7996
8000
8001
8002
8003
8004
8005
8006
8007
8008
8009
8012
8013
8014
8015
8016
8017
8018
8026
8027
8028
8029
8030
8031
8032
8033
8034
8036
8037
8038
8039
8040
8041
8042
8043
8044
8045
8047
8048
8050
8051
8052
8053
8054
8057
8058
8059
8060
8061
8062
8063
8066
8067
8068
8070
8075
8076
8077
8078
8079
8080
8081
8084
8086
8087
8088
8089
8090
8091
8092
8093
8094
8095
8096
8098
8099
8100
8101
8104
8105
8107
8108
8109
8110
8111
8113
8114
8115
8116
8117
8119
8120
8123
8124
8125
8126
8127
8128
8129
8130
8131
8132
8133
8134
8135
8136
8139
8140
8141
8142
8143
8144
8145
8146
8147
8148
8149
8150
8151
8152
8153
8154
8156
8158
8159
8160
8161
8162
8163
8164
8165
8166
8167
8168
8169
8170
8171
8172
8173
8174
8175
8177
8180
8181
8182
8183
8184
8185
8186
8187
8188
8189
8190
8191
8192
8193
8194
8195
8196
8198
8199
8200
8201
8202
8203
8205
8209
8210
8216
8217
8218
8219
8220
8221
8225
8226
8227
8228
8229
8231
8233
8234
8235
8239
8241
8242
8244
8245
8246
8247
8249
8250
8252
8257
8258
8263
8266
8269
8270
8271
8272
8274
8275
8276
8277
8278
8279
8280
8281
8282
8283
8284
8285
8286
8287
8288
8290
8294
8295
8296
8297
8298
8299
8300
8301
8302
8304
8305
8306
8309
8310
8312
8313
8314
8316
8317
8318
8319
8320
8321
8322
8323
8324
8325
8326
8327
8328
8329
8330
8331
8332
8333
8334
8335
8336
8337
8338
8339
8340
8341
8345
8346
8347
8348
8349
8353
8354
8357
8358
8361
8362
8363
8364
8365
8366
8367
8368
8369
8370
8371
8372
8373
8374
8375
8378
8379
8380
8381
8382
8383
8384
8385
8386
8387
8388
8389
8390
8392
8394
8395
8399
8401
8402
8406
8407
8408
8409
8410
8411
8412
8413
8414
8415
8416
8419
8420
8421
