ID	IJC_SAMPLE_1	SJC_SAMPLE_1	IJC_SAMPLE_2	SJC_SAMPLE_2	IncFormLen	SkipFormLen	PValue
0	69	360	41	160	176	203	0.280714508241
11	1419	1463	2489	1900	279	262	0.0443943372333
12	29	1	145	0	293	230	0.281163299093
14	135	26	372	0	245	294	8.99169627644e-13
16	85	52	300	129	298	217	0.16058326245
17	9449	7917	3051	1360	246	219	1.5285621909e-05
31	38	2	58	0	210	264	0.928715016343
39	2	0	7	9	216	216	0.00144270030639
41	329	290	333	356	233	245	0.282644596718
42	55	28	109	76	298	220	0.297506881698
43	4	149	0	294	262	259	0.346544420153
44	34	44	0	23	230	198	2.81574102368e-07
46	268	557	769	965	228	220	0.00242566030359
47	279	686	759	1339	228	235	0.0429926590224
48	340	676	1202	1349	220	235	0.000378372296275
50	63	1	167	0	298	241	0.451833391536
51	6	33	0	130	216	298	5.46975162655e-05
52	8	17	41	50	298	289	0.217205065521
54	2	53	80	240	197	298	2.497933058e-05
55	0	86	5	296	298	220	0.728262059167
62	10	22	21	14	298	296	0.0180165528706
64	9	10	0	21	298	298	5.41000742416e-06
66	0	55	7	23	298	298	5.40599301507e-05
67	31	55	42	23	258	298	0.00104721308655
68	78	142	176	344	298	298	0.759510606452
69	7	142	0	344	298	298	0.00592740060933
70	87	9	125	0	228	220	0.000240865706574
71	5	40	12	97	223	247	0.965044620901
74	50	5	208	77	234	240	0.00174888213059
75	4	13	3	109	203	298	0.00785839283955
76	82	81	231	25	239	294	2.99760216649e-15
77	95	81	216	25	244	294	8.28115354068e-13
86	12	0	61	1	270	298	0.634291508148
87	2	5	9	8	269	298	0.188159960619
88	8	51	243	273	264	281	1.1082614757e-06
89	101	307	90	223	219	298	0.355970962087
92	25	2	87	98	298	284	1.16586506682e-06
93	22	6	92	120	272	298	0.000426763252764
100	23936	15985	28600	13664	272	298	0.018639052585
102	2465	1150	765	252	298	212	0.0319498956753
105	3	0	0	6	298	251	8.44537857314e-07
106	80	137	135	481	210	298	0.00101307251974
107	6	24295	9	32717	222	215	1
108	17	83	20	47	234	298	0.0660234586561
109	311	250	492	235	298	211	0.00436476924286
112	2	2	116	114	298	298	0.976042952009
113	0	26	51	20	298	274	3.9901415505e-13
114	9	181	20	2536	242	252	0.00103667403529
115	1	5	0	10	298	254	0.237200428517
121	88	163	16	30	271	287	0.940243500138
122	88	13	16	0	271	298	0.00526239031181
123	55	76	15	21	287	237	0.949203707669
128	294	8	135	0	298	242	0.0448468882981
135	145	183	310	595	237	236	0.0303235152951
136	2	0	31	39	223	298	0.00190077797845
137	244	22	614	177	298	298	5.56800353502e-06
138	249	22	632	177	275	298	6.35456179376e-06
139	680	4	1507	0	275	258	1
140	1420	2328	2972	2070	298	278	7.54481332965e-09
141	41	71	108	39	181	208	1.16933553618e-07
142	201	212	743	713	199	232	0.602493037553
143	400	248	1331	877	199	199	0.714974464593
144	130	256	280	872	246	199	0.0171540900508
150	46	67	61	85	210	298	0.878878490905
151	83	46	155	18	238	210	1.34382391093e-06
152	83	46	142	18	218	210	5.47141820983e-06
154	379	947	43	142	298	298	0.20579637331
155	22	934	121	127	298	298	0
156	12	31	12	105	237	262	0.0125413183869
157	233	580	469	716	209	298	0.00433360641083
158	1	10	306	301	200	197	0.00121674417935
159	1	0	306	145	200	260	0.0096285602771
161	0	1	28	117	203	209	0.0148240066855
162	0	1	148	117	185	209	0.00463226457067
163	0	2	23	66	185	209	0.00741514274911
164	1	2	586	66	200	209	0.0552606775773
170	1	0	586	23	200	185	0.0984522462018
171	2	0	364	7	200	185	0.356623959728
172	1	0	329	55	200	185	0.0200141033615
174	202	37621	0	107	298	209	1
175	19	1006	0	38	298	182	0.807875773395
176	1322	1019	49	38	214	182	0.989639121072
177	426	1006	77	38	214	182	1.45886858149e-10
179	8	73	23	25	210	298	2.47590922353e-06
180	88	46	356	291	272	298	0.0598726157682
181	19	35	6	0	253	246	2.52590103097e-05
191	2	1611	0	1168	298	221	1
192	3048	1611	3157	1168	228	221	0.0165391516696
193	3048	6	3157	6	228	241	1
194	33	41	116	57	298	253	0.00303042045642
195	8	2151	0	1884	238	298	1
196	27	33	82	87	298	298	0.656238321366
197	0	19	18	162	239	263	0.00607813138225
198	33	15	27	36	202	298	0.00819792145706
199	33	4	27	64	202	291	3.85730447583e-10
200	12	0	0	6	247	280	3.63939633985e-09
201	4	45	13	146	191	202	0.95246347713
202	29	4	27	13	202	298	0.0291261744664
203	29	4	27	13	202	291	0.029097674342
204	191	441	371	472	202	240	0.00087150647994
205	4	262	7	320	191	202	0.500530965191
207	11	3	17	69	298	298	1.65767672282e-05
210	20	24	5	56	274	185	1.02798517205e-05
212	24	54	131	205	272	298	0.210411420551
213	131	15	890	390	288	288	1.44189983364e-06
215	0	1	4	24	248	212	0.0299096496045
216	0	2	4	28	248	298	0.0202163571826
217	166	327	96	307	298	298	0.0180923866141
218	2	1431	0	1312	199	298	1
219	12	377	13	254	266	298	0.28442248821
220	12	492	13	323	266	298	0.256552950225
221	12	351	13	228	266	289	0.249377990807
222	380	712	187	122	256	298	4.22839729897e-08
223	1575	1633	26	46	298	265	0.0521405631351
225	16	34	83	125	200	232	0.311433158669
231	5	9	34	16	236	298	0.0312468572997
232	26	13	35	27	280	261	0.307630220628
233	8	13	0	27	276	261	1.63124336023e-05
235	326	311	138	69	242	224	0.00281113327048
237	482	1153	1	1	298	268	0.769943118254
238	502	1153	0	1	298	268	0.00952951748979
240	1088	1834	0	1	256	218	0.00759674057188
241	107	431	294	277	240	298	6.48370246381e-14
244	71	229	82	90	265	298	1.19880762713e-05
246	0	3	8	27	259	247	0.00794805396295
247	0	3	12	23	191	298	0.00278714085865
251	261	3	366	20	245	230	0.00207310731443
252	20	20	49	14	175	245	0.00511449801363
259	17	0	223	17	236	298	0.0257956896832
260	17	15	223	483	236	298	0.021580712609
261	0	15	17	483	298	298	0.0884174112482
262	0	38	26	1009	298	298	0.101651426632
266	6	86	0	75	263	298	0.0089359948176
267	6	86	0	75	267	298	0.00920102539129
270	6	79	0	72	263	298	0.00723555058162
271	6	79	0	72	267	298	0.00745138488732
273	6	62	0	26	263	295	0.00930638497684
274	6	62	0	26	267	295	0.00961688980161
277	333	222	2632	1477	298	298	0.313144831403
278	149	197	983	868	245	298	0.028317767947
279	636	707	1721	1283	245	225	0.0104485516714
280	31	1035	67	2414	260	279	0.836691937739
281	31	313	67	815	260	298	0.531891173162
286	30	87	185	364	292	278	0.130087370281
289	11	8	55	67	240	291	0.281718994447
293	2819	91	1363	39	235	298	0.586706691214
302	6	32	62	31	298	298	1.15883464491e-07
303	172	426	601	760	285	295	0.000126626063286
306	115	103	248	81	279	235	1.36068311507e-05
308	9	0	53	8	180	298	0.0188161523052
310	165	175	664	674	263	272	0.814988154722
311	61	82	137	66	262	234	9.26933944975e-05
312	40	162	36	117	298	298	0.462197528783
313	301	275	910	638	298	298	0.124542082469
314	0	2	36	27	195	230	0.00179253362947
315	2	10	147	24	273	195	2.49007538367e-07
316	14	14	103	43	232	232	0.0521183690643
328	59	102	211	226	218	298	0.0410965529185
338	10	22	4	56	248	246	0.00230105435497
342	42	85	139	218	225	289	0.314216459254
350	0	7	12	31	203	203	0.00183266532049
358	40	16	168	31	298	257	0.0537162010457
361	69	200	102	123	219	246	0.000216121694967
362	106	264	157	220	246	291	0.00586614138282
363	27	70	231	168	298	277	3.54058310603e-06
366	55	54	263	188	277	298	0.219003499643
367	55	54	263	188	277	267	0.216725287939
368	55	56	263	203	277	250	0.274583858172
370	0	12	20	0	239	218	2.47357689886e-13
378	1	7	59	202	182	254	0.254597799696
379	1983	3981	2093	3351	254	271	0.123671715833
385	2	0	119	52	288	253	0.005812144069
386	34	800	34	476	298	273	0.0746331968821
387	431	800	619	476	298	273	9.01592309699e-08
388	19	800	2	476	298	273	0.0258415323852
389	28	16	53	73	298	298	0.0190929547404
390	51	108	121	111	271	284	0.000940465672196
392	0	5	4	69	298	271	0.131606646363
393	2	90	34	278	298	244	0.00132830441736
394	21	86	139	467	244	298	0.449314934038
395	21	15	139	14	244	187	2.45750593018e-05
398	44	137	138	139	213	268	5.12095739513e-06
399	14193	39019	36	29	298	298	2.18263345849e-05
400	19	0	59	164	298	298	1.85473858494e-12
401	0	1	67	76	218	230	0.00545801409449
402	54	100	755	515	206	172	7.77007139219e-06
403	88	115	825	862	212	206	0.272796533476
404	66	107	551	1205	203	212	0.178026047363
409	31	28	18	108	290	298	4.80247080326e-07
410	19	45	28	29	298	290	0.0365674322568
411	45	31	414	91	285	240	0.000175563588252
413	34	22	53	27	216	210	0.536710697451
414	0	12	31	37	247	278	1.41877090226e-05
418	29	36	100	168	228	298	0.334482126995
419	938	167	994	51	249	254	3.85010257009e-09
420	10	291	0	350	193	292	0.00134301271952
425	2	0	62	9	201	200	0.0218443991457
430	96	113	536	447	275	238	0.0958959417193
431	371	762	41	108	215	215	0.274245459501
432	448	710	91	133	227	215	0.706600723649
433	19	29	73	90	257	298	0.533165285722
434	4	89	0	52	205	227	0.0787443711454
435	65	89	64	52	241	227	0.0644630366065
436	65	4	64	0	241	205	0.0315977231273
437	30	122	5	148	203	278	4.5056381337e-06
438	56	137	235	500	237	298	0.520695186827
439	30	134	92	500	237	298	0.512608019795
446	2	2	55	0	224	289	0.00724180281663
447	15	68	57	100	296	262	0.00478435433422
449	60	82	130	115	266	280	0.085675989451
450	37	23	252	149	262	218	0.894813964026
451	203	691	626	939	288	291	1.32164953126e-06
452	3	9	137	93	269	270	0.0150516889662
453	9	9	161	85	278	270	0.22855580689
454	0	12	8	27	180	276	0.00106581086205
456	59	44	310	285	263	224	0.412830537061
457	74	169	152	268	239	298	0.239801723173
459	10	45	47	329	193	254	0.375341482055
461	11	4	134	46	282	298	0.878815820065
462	1	141	10	21	188	176	3.68094558167e-08
463	105	122	18	0	234	176	2.6178010426e-08
464	257	58	164	0	298	176	2.50444109895e-12
469	84	80	229	143	287	264	0.0732567355027
472	0	20	159	33	245	272	1.11022302463e-15
473	379	934	43	126	298	298	0.426029058308
475	124	294	235	174	191	278	7.78512876387e-09
476	0	5	18	27	228	241	0.000919595635494
477	0	5	161	27	298	241	9.46525711143e-07
478	0	5	28	27	298	241	0.000330968409214
480	76	213	212	311	222	197	0.00213598674235
481	274	216	715	311	222	197	0.00103956388971
484	783	1617	73	95	266	272	0.0337418013795
485	83	662	20	29	298	231	4.096660012e-06
486	258	728	85	107	295	298	0.000196790755668
487	310	515	105	131	295	265	0.167631817718
488	152	57	69	20	264	295	0.390564253577
489	151	457	69	145	264	295	0.108616523783
491	37	140	143	239	290	298	0.000954632916076
492	156	78	523	304	298	269	0.46354876191
495	15	1	76	124	298	274	1.96549366782e-06
496	48	11	60	47	298	212	0.00134008785455
497	8	8	52	44	252	298	0.750820774286
498	11	7	99	72	298	298	0.721714870811
499	8	69	22	89	202	298	0.0738802686052
500	5	13	70	32	298	298	0.00123276078106
501	6	93	62	257	197	227	0.000728909381505
502	21	3	726	271	228	197	0.0504597596345
503	21	3	726	254	228	192	0.0665497405068
505	19	29	63	99	239	241	0.961467439059
506	23	468	13	552	191	298	0.0451248739156
507	72	121	88	93	261	213	0.0652916429747
508	104	138	112	223	298	290	0.0697813168428
509	31	138	23	223	213	290	0.0163781035719
510	81	138	160	205	213	290	0.202763338747
511	284	1184	2	33	214	298	0.00922704769523
513	1677	5102	10	50	298	292	0.120312197576
514	3781	6352	20	128	292	298	1.39706660018e-07
515	214	1	1162	73	235	235	3.10692500611e-05
516	911	9	1995	0	230	215	0.914944003809
517	1	36	47	228	157	224	0.00173653201491
520	2	9	20	38	251	244	0.159674789659
521	5	3	21	48	228	293	0.0668498230752
528	27	137	0	271	298	222	2.54228860186e-11
529	57	5	181	0	289	298	0.00429717649275
530	24	0	13	29	298	298	6.17089712662e-11
531	24	0	13	45	298	298	1.40443212615e-13
532	24	4	13	29	298	298	2.53181931331e-06
535	6	11	61	42	298	247	0.0607102472632
536	7	12	21	67	298	298	0.313485481771
539	82	3	170	34	220	298	0.000466321517393
540	82	279	170	231	220	264	1.46749144673e-05
541	1	0	19	62	263	298	0.00285247904868
544	1	0	19	70	263	263	0.00297212267193
552	277	205	220	115	229	213	0.0866393628464
553	10	0	7	14	251	213	2.15837549877e-06
561	3	53	5	19	263	298	0.0487755685519
562	59	45	125	86	227	272	0.723447089134
564	15	51	208	68	216	227	7.53286322208e-13
568	38329	9529	1417	173	251	251	1.05607921774e-05
569	18	35	3	41	294	295	0.000473233514363
570	18	35	3	41	275	295	0.000478041421461
571	55	55	121	129	298	224	0.819825805209
573	45	27	188	115	285	242	0.931782686275
574	6	55	21	206	207	267	0.856579686257
575	1	13	67	138	298	294	0.00719435527495
576	0	6	17	18	186	298	0.000218592113439
579	23	48	0	18	298	293	3.50885231174e-05
580	5	20	15	5	200	298	0.000101056113647
581	30	173	37	153	274	273	0.269699746746
582	5	0	77	2	233	193	0.510461949817
590	150	102	594	283	298	245	0.0830118493884
591	150	294	594	714	298	245	0.00680722169114
593	10	18	61	96	224	203	0.69449029917
600	22	64	81	222	203	255	0.808852214483
602	74	58	58	91	223	265	0.012343877082
604	80	22	147	171	278	263	3.77876968827e-07
605	4	15	13	19	233	233	0.115136415015
606	12	19	115	141	207	240	0.509338614881
609	6	13	125	252	298	280	0.784782422321
610	0	13	185	252	298	280	9.92199645611e-06
611	26	23	21	74	225	263	0.000433223469949
615	25	18	142	186	247	270	0.086962075516
616	0	1	12	0	247	274	3.00832166411e-05
617	6	1	60	0	271	274	0.429007349584
618	63	84	130	175	235	262	0.974492947899
619	107	2	197	12	229	235	0.0417776474247
621	72	0	196	10	246	229	0.0103233281905
622	71	75	142	255	221	229	0.028042034373
623	72	75	196	265	246	229	0.273155891023
624	162	217	177	218	237	266	0.678605183918
625	151	244	104	188	236	237	0.595784721707
626	276	146	392	138	298	289	0.0421454002925
629	16	96	63	217	298	242	0.073060157923
630	20	81	87	163	298	242	0.00975740812186
631	5	0	93	14	247	202	0.0120502463295
632	5	10	93	103	247	298	0.269392972275
633	0	13	55	118	227	234	0.000108760049297
635	0	6	33	18	287	275	2.64135453831e-05
636	5	5	26	3	298	298	0.0103234878435
638	37	0	96	12	298	298	0.00159562611156
639	37	0	96	2	298	298	0.527027856141
640	1	20	0	87	220	298	0.242945616721
644	46	33	123	18	218	182	7.93438177538e-06
645	177	146	153	201	252	233	0.0258494026238
646	23	84	4	103	241	249	4.80435269439e-05
647	13	126	0	99	241	225	0.000194330009233
648	13	110	0	85	241	221	0.000167176361755
653	4	31	0	41	231	285	0.00821348420658
654	16	15	63	40	298	271	0.36529495104
656	58	56	223	115	279	246	0.0161875298576
658	795	663	121	65	188	298	0.0361945870933
659	1994	716	347	28	209	176	3.50605100508e-11
660	417	1057	66	76	176	209	0.000567867324758
663	13	116	55	211	204	298	0.0105339983253
665	5	5	0	10	267	236	0.000185790281595
668	452	443	201	272	209	217	0.0755540722346
669	58	158	134	89	230	264	7.19204096278e-09
670	560	109	2605	370	298	206	0.0942252833547
672	474	249	28	16	218	201	0.869698906643
673	25	18	0	7	228	165	3.97760105567e-05
674	25	702	0	63	228	201	0.0351575212906
675	1	354	0	54	246	218	1
676	30	39	82	45	279	224	0.00895740489036
677	16	6	11	8	286	188	0.302493379665
678	120	99	79	195	204	201	2.83678746105e-06
679	41	22	82	57	281	287	0.426466640807
680	2	25	2	10	266	230	0.527054602194
686	4	5	0	85	185	235	1.61248697431e-05
689	1	24	0	73	268	221	0.31215411989
690	16	87	14	189	268	221	0.0303569558532
696	0	2	61	6	203	215	0.000190437396488
697	93	313	255	542	198	298	0.0196957242601
699	156	81	320	147	298	249	0.585888066976
701	45	23	163	381	233	264	3.26353960411e-07
702	683	879	632	401	218	232	1.44199425948e-05
703	7	4	5	0	272	245	0.00152194273596
704	170	106	496	159	298	256	0.00148222766601
706	177	917	313	1537	222	298	0.754314946022
710	66	131	340	480	230	295	0.114238869636
711	2	31	86	78	272	277	7.64750863746e-08
712	4	744	9	11083	208	244	1
715	1	0	159	33	298	254	0.0152733272993
716	3	0	171	33	297	254	0.0115700515462
720	2	0	39	82	297	254	0.0011469599356
722	99	0	2396	82	230	254	0.0143873533465
724	1	0	159	3	298	298	0.670242847582
725	3	0	171	3	297	298	0.967037290411
727	2	0	39	61	297	298	0.00148875737955
729	99	0	2396	61	230	298	0.074567419526
731	2	0	39	89	297	298	0.000989104428902
733	99	0	2396	89	230	298	0.014547747982
734	1	0	159	4	298	271	0.335026810454
735	3	0	171	4	297	271	0.362845245843
736	99	0	2396	27	230	298	1
737	99	2	2396	39	230	297	0.669260804303
739	206	181	3	0	298	298	0.00147416681515
743	2	37	36	176	250	298	0.0151779107466
748	2	3	30	0	294	264	0.000124485266197
749	625	1056	855	758	205	201	4.5194933613e-05
753	10	3	119	6	219	238	0.108038210827
754	0	20	59	152	219	282	2.70258458998e-05
755	2	47	108	199	221	218	4.17796222951e-07
756	11	17	51	106	298	277	0.55937381339
757	0	14	2	229	176	275	0.625116270446
759	111	47	147	78	262	208	0.384295300945
764	12	21	178	160	233	260	0.0874079484712
765	21	5	112	56	251	200	0.108897838984
766	0	25	5	400	266	298	0.85532501071
775	463	616	1367	1407	279	251	0.105772139569
776	16	16	32	57	215	178	0.192578167229
777	30	31	54	220	246	247	3.64329575697e-05
778	25	19	53	33	298	248	0.61371148941
779	6	20	27	9	243	200	3.06511360468e-05
781	11	9	443	92	298	251	0.00947998299935
782	52	43	136	143	291	298	0.37915033375
783	52	43	136	143	291	298	0.37915033375
784	20	48	178	117	250	220	2.85960308516e-05
785	277	510	6	9	233	262	0.793748999825
786	270	508	0	9	276	262	0.000251136998704
787	217	62	509	119	298	213	0.387791424154
788	3	0	64	8	270	237	0.0208022494849
789	19	1	163	34	298	198	0.0367440842151
790	7	1	75	20	203	198	0.282706485262
791	7	7	75	65	203	215	0.791797671568
792	0	2	26	2	298	298	8.7754995036e-05
798	2	8	0	171	298	198	0.153917293397
802	3	7	61	65	198	215	0.209965919299
804	3	8	93	102	215	220	0.138697660749
805	1	0	3	24	298	298	0.00159449698487
806	1	0	3	24	298	298	0.00159449698487
807	1	0	3	19	298	279	0.00154090880283
809	32	15	17	12	176	194	0.413140417524
810	87	67	334	348	298	225	0.18668239177
812	0	120	8	1176	193	298	1
813	3	120	147	1176	279	298	0.0002673070015
814	0	72	47	756	279	298	0.00180163624207
815	46	0	362	6	270	234	0.361756402479
817	9	14	29	22	205	237	0.155185738789
818	4	14	45	22	219	237	0.000505809622057
821	78	233	29	222	298	295	0.000395399003033
822	1835	263650	401	15794	298	297	1.53842760753e-09
823	53	263643	155	15768	298	297	1
824	15	81011	7	12337	253	298	1
825	8	22	12	118	238	276	0.0270875260485
828	19	21	183	300	266	298	0.280963604404
829	23	2377	9	1654	231	298	0.544256673815
830	441	1012	774	1276	250	298	0.0375363709374
833	58	23	86	120	264	190	3.9454611374e-05
834	205	42	144	93	298	224	4.94902155213e-06
835	244	27	144	34	298	224	0.0145701755975
836	111	25	186	54	224	298	0.37280710596
837	111	78	186	146	224	298	0.624882555257
840	7	3	50	91	298	298	0.0298506355759
842	85	131	56	58	217	230	0.143421833442
843	93	359	96	187	230	275	0.00202339595184
846	5	7	39	56	290	217	0.950839487231
847	3	49	30	112	222	261	0.00357791268342
848	11	12	0	20	254	221	3.93903399432e-06
850	18	68	25	28	200	244	0.00215204104867
851	11	5	15	10	277	298	0.539685820535
852	27	50	82	77	268	289	0.0295087857658
859	13	5	106	34	298	218	0.860128320609
865	5	0	0	21	298	272	2.81958745241e-09
866	734	1444	232	367	257	298	0.203556361839
870	128	177	253	172	298	233	0.000586512312771
871	43	50	38	45	281	217	0.954782131954
872	27	31	141	68	284	249	0.00869769166782
873	15	22	41	69	245	284	0.739400636629
877	15	4	82	68	220	205	0.0287337060133
881	0	11	43	40	216	298	5.66521164014e-06
882	14	13	22	33	254	298	0.304538758967
885	686	612	2180	978	298	298	1.16174346773e-05
886	259	161	539	300	298	216	0.558428304371
887	148	305	211	377	216	247	0.458446769831
888	46	19	8	15	267	215	0.00265366109756
889	32	62	220	184	267	260	0.00194916302305
891	11	116	28	570	273	298	0.154890205517
892	2	15	30	142	220	238	0.330153456092
893	22	19	282	97	238	240	0.0143269210159
894	16	36	196	43	240	272	5.0628057302e-11
895	16	28	196	34	240	213	9.88531589918e-10
896	16	30	196	87	240	237	4.37915047441e-05
897	15	30	86	87	272	237	0.0574243495726
898	17	29	43	105	237	239	0.372389415987
899	6	519	0	604	247	225	1
901	583	462	978	392	217	204	3.80693037083e-05
902	10	421	0	313	229	298	0.0185902108195
903	58	5	329	0	262	197	0.00127903087847
912	66	0	81	56	298	237	3.46833672893e-13
914	80	151	0	12	216	200	8.79679170522e-05
915	2	151	0	12	289	200	1
927	60	9	297	138	298	176	0.00139280810254
931	8	59	10	60	298	282	0.669612998009
932	88	30	68	16	287	274	0.299391582417
933	4	13	0	111	272	298	0.000302949441074
934	10	4	154	98	230	287	0.328265635277
935	95	55	62	0	251	283	2.02311500885e-11
936	302	7522	439	8718	245	298	0.160656249908
942	2	0	24	12	243	289	0.00573436115063
943	1019	0	1379	4	259	271	1
944	3	38	43	78	298	298	0.000108422345454
945	36	38	153	78	285	298	0.0171856686629
946	12	12	7	103	298	298	1.88593226214e-06
947	13	21	28	243	233	286	0.000244113892096
948	0	21	3	243	190	286	0.853379099179
968	28	33	135	208	201	282	0.387547235864
972	59	53	153	52	252	298	0.000614667397663
973	0	17	108	172	298	298	4.37117872809e-06
974	4	6	14	9	298	298	0.217877445796
980	93	396	17	50	298	298	0.330725249339
981	76	396	38	50	298	298	2.39499976418e-06
982	72	214	227	326	215	298	0.000582791217636
983	11	27	3	24	184	199	0.0556862149851
984	112	27	162	24	232	199	0.147694383676
986	39	6	40	44	247	247	9.01846451595e-06
988	106	4	231	113	229	229	8.79185613201e-11
989	33	0	195	5	298	298	0.250829728761
990	136	235	91	113	298	218	0.14741189801
992	406	510	256	367	248	288	0.453153749192
994	150	13	324	123	227	257	8.7312064101e-07
996	8	15	154	143	260	298	0.120166483602
1000	82	55	865	916	298	224	0.0457366941779
1001	3016	798	7070	1811	266	182	0.832778814267
1010	633	2	2201	24	206	298	1
1027	41	77	31	176	210	298	0.000284446831586
1029	3	138	0	290	226	240	0.812172399431
1030	359	99	870	454	226	251	0.000672202528033
1058	9	5	17	80	268	297	0.000500583208447
1059	18	7	6	15	255	175	0.00226470807833
1062	8	0	0	4	251	199	1.02152137971e-07
1063	8	7	0	32	251	298	3.65442184624e-07
1064	8	7	0	7	251	232	0.000157299289536
1065	8	7	12	32	298	298	0.0713351159658
1066	0	7	4	32	199	298	0.0149457067244
1067	0	7	4	7	199	232	0.00119417743216
1071	23	26	120	403	212	298	0.00145714980434
1074	0	4	14	25	248	248	0.00206853354196
1075	22	76	89	94	206	227	9.05340380223e-05
1077	18	67	0	5	264	266	0.00553762971884
1079	128	410	26	17	298	297	7.33498154792e-06
1082	3	214	3	428	182	281	0.632739174356
1084	27	27	121	148	242	298	0.530427100448
1085	82	125	368	429	282	257	0.200755041601
1087	86	62	93	67	298	298	0.999413984652
1092	0	4	30	38	229	222	0.0010281358763
1093	58	39	124	208	260	230	0.000781917778929
1094	323	395	497	449	227	278	0.079581681193
1095	225	199	1486	501	239	245	7.78235869081e-08
1096	403	177	1517	357	236	230	0.000479623006214
1099	202	334	376	458	242	236	0.0903282201197
1100	2	134	19	301	161	278	0.00963463057311
1102	22	42	121	234	194	263	0.98629825581
1103	0	19	10	433	272	298	0.164474002892
1104	30	62	500	358	288	298	6.25913894474e-05
1105	42	55	541	520	289	288	0.221741933545
1106	61	28	569	473	298	289	0.0255039285196
1107	3	55701	0	3020	298	298	1
1108	21	33	0	1	245	212	0.00686852979052
1109	187	77	1176	787	249	240	0.0139904571149
1110	27	87	450	338	260	249	1.49832167784e-08
1111	1	87	32	338	298	249	0.000967121424494
1126	22	89	107	180	207	230	0.00227179629084
1127	14	20	60	582	271	255	1.37301851222e-05
1137	0	1	6	141	195	236	0.0805957079612
1142	7	299	32	572	298	298	0.0241279213936
1143	158	29	313	69	298	298	0.477600251777
1144	147	94	712	391	255	238	0.463679208759
1146	0	432	26	3889	298	298	1
1148	0	21	11	28	218	185	0.000137902712708
1149	7	22	16	73	195	298	0.525584780794
1151	10	4	126	3	233	178	0.00262956670326
1152	26	3	74	18	199	210	0.147465896934
1154	3	6	69	121	196	221	0.730618704607
1155	14	6	110	103	236	298	0.0927747401228
1156	10	0	38	158	227	182	2.47700715494e-09
1157	40	52	388	421	230	218	0.479140507339
1165	25	397	43	508	283	217	0.297890858366
1166	15	397	29	508	259	217	0.217205355756
1170	36	66	31	280	249	271	3.86834570709e-07
1171	19	5	31	103	249	271	2.62979854559e-07
1173	282	28	7	0	244	298	0.0271401520543
1174	282	207282	7	516	244	288	0.548285346578
1178	1	2	4	4	215	267	0.508187963457
1185	6	6	4	21	267	219	0.0301213439495
1189	26	92	119	372	247	288	0.612776981587
1190	4	78	75	2	289	286	0
1203	1	8	31	53	298	298	0.0355242676264
1204	51	56	280	316	230	266	0.912168110164
1210	97	2	165	2	189	192	0.747063341639
1212	0	4	48	22495	220	298	1
1213	1	5	8919	15569	298	269	0.134834149542
1214	0	4	3198	15425	298	269	0.0103605924404
1215	3	2	12699	7002	269	227	0.892860243616
1216	29	53	173	123	298	298	0.00106229957714
1221	12	1	23	11	279	267	0.0205378452033
1222	0	2	10	0	267	241	2.39826758863e-06
1223	5	0	4	13	267	228	1.84666940696e-05
1224	5	2	24	0	267	241	0.0142713729654
1225	70	128	152	311	224	220	0.634256408131
1230	0	2	5	3	216	216	0.000726490467105
1232	27	27	49	113	294	298	0.0172728524714
1234	38	10	228	82	274	213	0.363402664551
1237	9	9	48	163	238	298	0.0227558173801
1238	29	59	160	188	255	298	0.0503386738923
1239	123	47	256	83	298	188	0.528600367554
1240	5	6	51	0	298	172	2.00736704703e-07
1241	0	4	11	45	202	298	0.00602990707753
1242	9	0	36	6	261	202	0.00683601207011
1245	43	10	41	7	269	274	0.559207170079
1247	5	1160	0	6582	198	282	1
1249	1033	1130	7356	4722	282	289	0.000349400614608
1250	5	4	32	55	294	298	0.283284545119
1251	6	30	34	58	205	226	0.0184082109609
1255	1	13	43	74	243	276	0.00425359403427
1256	14	7	55	14	276	213	0.258623339853
1263	20	70	51	23	288	292	1.32057679236e-08
1264	13	70	21	23	261	292	0.000238819890722
1265	18	29	100	46	296	247	0.000604172972355
1276	5	23	20	48	260	205	0.178432512441
1278	261	263	75	173	251	220	0.000101144876383
1287	12	10	99	69	298	272	0.712247908894
1290	760	2044	8089	17685	242	298	0.162044237946
1292	1731	2954	0	1	298	298	0.00724618655164
1293	49	83	337	673	298	298	0.513094895061
1301	0	4	66	36	233	295	0.000164376896242
1302	175	506	223	346	200	232	0.000853605022942
1309	8	4	32	7	265	298	0.347498255311
1310	6	4	0	7	246	298	7.9111565956e-05
1311	6	8	0	32	246	265	1.40294015194e-05
1320	254	8	442	15	284	246	0.807812029939
1326	14	46	45	86	234	236	0.129229112688
1327	5	458	0	890	194	266	0.883022254265
1329	826	667	207	44	247	227	4.74112193949e-10
1330	695	807	172	218	227	227	0.627859763466
1331	730	1016	131	155	227	202	0.401432979917
1336	6	32	8	33	251	266	0.657344714618
1337	18	32	123	33	258	266	2.68191193808e-07
1341	21	2	111	10	193	287	0.852050041276
1342	24	9	118	173	193	287	0.000577553504202
1345	485	502	3619	2722	287	245	0.0422007493968
1346	30	268	33	401	279	239	0.316720473272
1347	334	464	533	467	294	279	0.00686218951881
1348	11	0	107	37	260	226	0.000599019653609
1350	2	9	34	0	248	248	5.21716225776e-10
1351	3	14	0	17	227	254	0.014180594142
1355	17	0	108	17	272	275	0.00327879153066
1356	2625	3	3121	12	248	293	1
1359	32	47	12	160	223	218	4.66612981587e-09
1360	1529	47	3689	160	230	218	0.103543153714
1362	3	0	29	6	298	296	0.0119460053439
1363	4	2	16	51	282	194	0.0514525332435
1366	55	31	663	218	298	239	0.0599196532631
1367	37418	28364	176	38	298	246	6.5392596893e-09
1368	7993	24512	136	163	224	298	3.4291548956e-07
1369	7993	254	136	0	224	176	0.00378928890201
1370	1935	2434	14	34	200	188	0.0427841804882
1371	1935	3121	14	34	200	203	0.19799504188
1372	110	0	400	6	214	252	0.756962598
1374	12	6	0	29	227	200	5.09353870193e-09
1375	2	22	3	20	227	288	0.541302907499
1376	2	14	0	47	227	186	0.158821603146
1378	11504	10648	1063	547	298	226	0.000105464018189
1379	13	40	42	19	298	267	3.83490563571e-06
1380	68	106	407	721	241	269	0.572025564015
1381	6	14	0	287	272	231	1.70835234004e-06
1382	63	10	13	27	224	183	1.45450542721e-08
1385	0	60	8	516	298	240	0.851726469367
1386	0	22	8	129	298	196	0.0570230546622
1390	12	0	88	35	298	298	0.000318093529479
1393	176	523	3	10	237	298	0.713505915767
1399	3	8	44	65	246	298	0.311164056896
1406	77	76	313	130	221	248	0.000289486286899
1407	0	23	28	30	240	212	1.03641039306e-07
1412	530	66	436	5	246	203	1.55218171649e-10
1417	2	29	0	38	290	253	0.34517918799
1418	0	23	26	125	217	271	0.000390761728199
1422	0	8	73	42	298	257	4.27669937819e-06
1423	2	4	66	46	296	282	0.182477919225
1426	4	118	0	425	298	241	0.324375977507
1427	4	43	0	123	298	226	0.0247706633902
1428	93	73	321	185	298	223	0.179483112283
1430	58	23	401	121	269	298	0.420485206526
1431	124	22	654	25	289	233	1.49914243783e-05
1433	49	83	273	160	298	298	1.58537382645e-05
1445	5	5	36	8	217	240	0.0553615267729
1446	109	4	373	0	228	250	0.203502183362
1447	109	373	373	860	228	243	0.0342071310098
1448	0	8	15	37	222	244	0.0011001488701
1454	2	3	82	83	298	298	0.594330083298
1457	35	85	95	144	218	276	0.0834403504071
1462	7	116	29	80	221	233	1.51414827378e-05
1463	16	116	40	80	185	233	0.000158913048212
1466	0	4	6	46	270	298	0.0181336125192
1467	3	8565	6	14329	192	298	1
1468	3	37	6	85	192	298	0.837437221214
1473	13	2	66	0	249	183	0.0569546770247
1474	24	8	203	21	246	183	0.034489309072
1475	35	8	255	21	249	183	0.0627686561377
1476	17	0	58	7	216	249	0.0113193123287
1479	0	100	7	110	288	298	0.00677225181285
1480	15	4	22	0	271	264	0.00371271551812
1481	17	18	24	17	249	298	0.394083431195
1483	9	8	0	19	265	298	2.76871345917e-06
1490	2	0	0	17	294	203	4.13795326959e-06
1491	2	7	0	24	294	205	0.0584901963037
1493	7	0	26	24	263	205	0.000129332478327
1495	14	2	15	0	263	294	0.078441757905
1496	16	2	17	0	298	263	0.0698721202324
1497	7	7	16	15	193	298	0.930443876772
1508	0	8	138	71	239	298	2.22430378627e-06
1509	1908	1	23	0	257	234	1
1511	44	11	40	15	298	298	0.378149310601
1518	61	41	127	20	236	199	1.23356346241e-05
1519	64	50	182	87	298	236	0.0681337139376
1520	0	30	22	60	245	271	9.55192827246e-06
1521	37	5	13	0	298	298	0.0124657030065
1523	0	3	55	42	217	193	0.000776950147691
1524	13	3	163	42	286	193	0.734023706138
1526	6	7	8	112	209	277	0.000634135081698
1527	11	3	125	89	277	285	0.0832612750453
1528	10	33	99	178	235	238	0.0973557290358
1531	5	12	0	59	232	256	6.3923441915e-05
1532	5	44	0	230	232	282	0.000705699515973
1566	0	2	7	64	199	242	0.0245517069853
1567	0	2	11	64	199	242	0.0150861543554
1570	2	0	0	34	205	199	2.65754080719e-06
1573	257	273	206	305	298	236	0.0780845838834
1581	154	567	720	837	298	298	3.36562999692e-11
1582	154	567	720	837	298	298	3.36562999692e-11
1583	23	567	129	841	192	298	1.26858468508e-07
1584	10	445	73	1411	192	298	0.00972758783336
1585	1492	1333	443	420	216	226	0.71549507889
1586	41	34	236	284	226	276	0.183574222785
1593	57	30	463	154	285	226	0.116598462489
1596	88	215	379	602	192	298	0.0303501665775
1597	402	260	1519	523	298	227	0.000212300882067
1598	18	17	44	116	282	236	0.0130088322949
1600	21	129	115	158	202	186	9.20177382069e-08
1601	0	179	10	276	242	202	0.02341743998
1602	5	59	53	115	240	202	6.59625543866e-05
1603	1	0	45	18	208	228	0.00993818633594
1604	1	0	53	18	234	228	0.0106871214986
1606	12	18	21	76	203	298	0.0621612485439
1607	59	53	170	172	293	275	0.644453060271
1608	7	1	83	0	260	240	0.29968380533
1613	581	25	783	22	227	227	0.199603612972
1615	97	307	418	821	206	298	0.0122685141571
1616	314	14	982	12	267	298	0.00322063242311
1617	364	202	1292	614	267	203	0.375232441961
1618	9	44	19	167	259	259	0.27350708485
1619	50	116	538	1958	298	298	0.0551688925564
1620	1	45	0	195	232	298	0.340730611527
1623	999	1907	5581	8464	298	249	0.119253496366
1624	656	95	316	78	257	175	0.0155879485368
1626	6	17	6	5	222	211	0.0918375156504
1637	71	119	174	255	207	255	0.550476557214
1638	98	105	154	79	297	221	0.00217834205861
1639	25	68	150	129	213	240	5.99899560795e-05
1643	8	10	155	176	231	298	0.852005281253
1649	114	439	180	409	268	270	0.00721539873884
1650	114	10	180	21	268	289	0.4557029406
1651	21	5	251	155	285	246	0.0354169974781
1652	102	143	96	16	256	289	1.06437081371e-12
1660	1	20	57	113	276	298	0.000495533574722
1666	72	65	685	472	244	274	0.24722326451
1667	5	16	79	119	250	252	0.11064473793
1668	6	14	101	60	298	298	0.0059337438649
1669	85	65	544	485	298	240	0.49673301216
1670	37	89	291	479	230	298	0.121667762844
1672	6	20	14	40	264	276	0.744737071817
1673	231	156	112	113	298	298	0.0676156949557
1674	125	272	165	117	298	298	1.4034905893e-07
1675	10	418	6	137	298	298	0.381710884982
1676	153	401	113	137	298	298	0.000284309869041
1678	146	6	1371	1	255	278	0.0417448780953
1679	75	6	589	1	265	278	0.00223087685818
1680	22	86	630	981	255	291	0.000514952791701
1681	22	37	630	527	255	202	0.0194375839953
1682	53	28	256	330	298	226	0.00144664958107
1685	1345	2711	35	19	239	262	2.42067418037e-05
1692	325	577	769	1145	259	221	0.282345623145
1693	7	577	25	1145	284	221	0.15723997098
1694	70	187	29	39	202	220	0.0322601452471
1696	3	7	58	12	271	281	0.000833200845718
1697	9	4	49	118	298	298	0.00500640128509
1698	1786	4069	1272	2435	254	296	0.241890009835
1699	8	42	0	49	247	267	0.000255194019606
1700	97	215	95	17	214	254	0
1701	97	98	95	0	214	214	0
1702	325	313	138	79	254	244	0.0144388966909
1703	264	949	31	162	223	294	0.113928603578
1704	8	6	16	9	241	201	0.659816354923
1705	124	528	115	428	298	298	0.509542238323
1706	0	8	87	128	298	298	0.000176195922829
1711	9	14	41	30	298	298	0.119984222327
1712	2	10	92	29	235	232	3.27014452546e-05
1713	87	88	248	247	235	236	0.946425193656
1715	10	10	0	26	200	251	5.72168813218e-07
1719	521	864	323	669	232	229	0.180610024752
1720	881	395	1451	334	298	244	5.46438486849e-05
1721	0	2321	8	4452	205	237	1
1722	229	274	118	60	271	209	0.000168947036228
1728	21	13422	54	20901	289	236	1
1729	12	13422	22	20901	248	236	1
1730	4	11	60	42	260	256	0.0158808014681
1731	40	60	100	119	246	248	0.401415031967
1732	119	232	486	623	233	298	0.0269092663919
1733	11	78	8	171	298	295	0.0294707624136
1735	127	126	314	428	246	272	0.117598424493
1736	262	268	349	271	224	227	0.13509744707
1738	205	417	378	420	227	235	0.000731797491916
1739	9	4	1	0	212	245	0.00548611533825
1740	9	4	1	0	212	242	0.00534266866148
1742	41	61	148	234	271	295	0.833830433537
1743	13264	53207	1547	2406	298	298	7.57300888665e-11
1744	1380	230	47	0	298	280	2.95093106902e-05
1751	359	696	878	1258	240	293	0.0611387262676
1752	347	239	937	591	225	240	0.615611011248
1756	15	0	28	9	254	195	0.000572388747084
1757	1140	783	2240	737	280	298	1.98056700174e-06
1758	751	823	1256	841	259	224	0.00165274835293
1759	62	823	121	841	224	224	0.00238501956607
1760	8	16	66	56	298	272	0.0605194922212
1763	36	64	273	1020	194	191	0.00618674917383
1769	1	0	21	13	269	253	0.00622707881885
1771	33	24	270	137	194	229	0.289570257348
1772	272	676	285	581	259	298	0.255935461635
1773	816	607	37	0	298	213	7.83564324536e-11
1774	469	1040	32	58	241	298	0.477460361802
1776	2	13	0	19	198	266	0.0420275857542
1782	4	389	0	945	269	212	1
1783	61	389	119	945	182	212	0.337836388209
1785	170	506	0	1	282	240	0.01235443615
1788	12	44	113	930	247	298	0.0579806396337
1789	1	4	31	11	214	257	0.0134925065216
1791	25	36	31	108	221	298	0.0137463197512
1794	0	1	3	49	242	265	0.147236785152
1795	0	1	3	67	242	298	0.18661930579
1797	19	0	63	18	237	251	0.000347852055575
1799	3	171	0	279	280	258	0.639081162001
1800	95	210	156	338	258	290	0.918570558703
1801	240	230	321	253	290	245	0.299450754404
1802	61	112	466	412	188	206	0.000913986771838
1808	177	349	500	847	280	298	0.389474512968
1811	90	153	110	164	257	254	0.565473479268
1813	69	458	134	781	273	298	0.525796737888
1816	93	80	290	23	266	204	0
1817	94	118	290	157	266	259	0.000129839248525
1818	94	157	290	205	266	298	4.63526748432e-05
1827	36	22	137	82	266	251	0.982713753761
1829	19	32	62	66	213	221	0.194861586254
1830	21	3	62	3	213	221	0.297410269728
1843	33	95	9	74	188	269	0.00756442410927
1853	10	0	46	45	298	205	1.52311256281e-05
1854	0	2	4	11	159	226	0.00284774449538
1855	264	901	1652	4174	243	276	0.0593715388412
1939	5	15	62	17	273	256	1.01739658943e-05
1941	6	8	12	0	298	223	1.1269801914e-05
1942	17	16	13	32	216	235	0.0453911836877
1943	22	182	6	294	209	267	4.29248949294e-05
1944	8	6	11	129	197	218	2.80346199107e-05
1946	0	5	18	0	296	298	3.76638820132e-09
1947	633	2460	1885	5546	298	266	0.064427838131
1948	633	0	1885	4	298	284	1
1950	43	73	128	68	247	198	2.54274537584e-05
1954	487	439	2527	1577	298	246	0.0209919383036
1955	14	102	34	4	293	298	0
1957	381	369	316	228	263	251	0.103787595135
1959	180	155	149	185	272	199	0.0803107646906
1961	105	132	135	251	191	223	0.0750245208016
1962	24	111	83	151	272	223	0.0010708184663
1963	0	7	4	36	205	199	0.0395816163361
1966	15	17	234	0	223	210	0
1968	9	3	75	61	225	210	0.130263163187
1970	505	437	3253	3392	234	244	0.237119658377
1971	109	311	869	2314	193	234	0.692041565712
1975	27	21	90	97	293	283	0.346830079616
1976	55	73	23	65	256	251	0.0187530841884
1977	30	73	19	65	298	251	0.336152966504
1978	26	136	81	112	298	284	2.43057290261e-06
1980	389	536	0	56	256	269	7.37188088351e-14
1983	4	28	13	16	294	240	0.00359909146491
1987	0	2	17	45	252	176	0.00937173207645
1988	85	25	453	97	209	215	0.319609622261
1993	0	14	18	7	298	298	4.006948362e-08
1994	8	0	16	12	284	207	0.000195167774261
1995	0	4	32	2	233	284	8.05771186885e-07
1998	80	40	35	5	201	199	0.00599574945199
1999	246	27	321	0	298	232	1.4222467648e-09
2000	6	28	4	0	298	232	1.88838239737e-05
2001	135	212	258	235	298	264	0.00632672260044
2003	215	74	230	52	298	176	0.087222288597
2004	9	16	16	151	272	298	0.0026566516334
2005	47	88	21	95	291	298	0.0059427055656
2006	42	23	63	58	233	291	0.119708148879
2007	205	224	206	281	298	242	0.253268575422
2008	63	7	258	0	220	298	0.000492495283632
2011	2850	540	1	0	298	164	0.0124806394361
2012	317	482	730	611	262	298	0.000372124014106
2013	35	9	78	28	298	294	0.398660543498
2014	0	16	11	57	298	298	0.00251353417026
2016	21	17	169	25	267	233	6.24323216468e-05
2017	125	313	318	465	175	239	0.00457563053166
2018	114	2	326	3	175	239	0.673127798063
2019	211	628	618	671	239	211	3.41301797935e-09
2020	211	834	618	854	239	238	4.45517067682e-10
2023	24	89	118	243	237	298	0.034811978698
2024	56	27	377	44	298	192	1.38130827961e-05
2026	23	57	122	152	281	264	0.0203726889895
2032	17	10	23	21	298	298	0.36751175108
2033	15	4	40	41	298	298	0.0124934499348
2034	9	46	217	119	258	277	3.28978955189e-10
2038	8	6	13	0	215	223	0.000152255368121
2039	8	12	13	0	215	226	2.74098427189e-06
2041	2	388	0	287	258	223	1
2042	0	12	27	35	243	298	2.18359539998e-05
2043	0	12	14	15	261	298	1.9011742279e-05
2044	0	12	21	35	261	298	7.66695637119e-05
2045	0	12	14	15	261	298	1.9011742279e-05
2046	0	12	21	15	261	298	1.76800145979e-06
2047	0	12	27	15	243	298	3.27820248947e-07
2053	85	174	145	252	234	254	0.45048744411
2058	3	0	0	11	298	298	4.30797084339e-07
2069	10	290	0	52	263	293	0.0436969066718
2071	6	290	0	52	279	293	0.271001886765
2072	6	290	0	52	279	290	0.275716930397
2077	0	45	20	53	248	298	6.5961089657e-07
2078	1250	1315	1535	930	298	216	0.000298676698188
2082	31	56	55	48	298	287	0.0244573038378
2083	27	73	50	67	287	267	0.02672911959
2084	33	80	34	130	267	298	0.149686208841
2085	4	21	9	49	236	234	0.947973723796
2086	4	38	48	131	234	280	0.00740226107453
2088	18	14	47	104	296	298	0.0124399953388
2090	37	175	189	559	204	260	0.045467689374
2092	3662	2442	46	40	298	280	0.315567789897
2106	261	833	933	1766	245	281	0.00131772422719
2107	130	5	741	0	245	245	0.0732426712663
2108	125	315	715	868	245	245	5.90916601145e-05
2109	9	7	154	11	298	254	0.00033136785157
2110	2	4	32	14	254	210	0.0666256991344
2111	5	13	8	30	210	298	0.576033220764
2112	126	102	338	382	298	298	0.107337254449
2114	190	571	503	1585	211	267	0.793270141109
2117	7	17	84	151	259	294	0.458917061794
2118	3	17	34	107	298	259	0.222354785134
2124	0	46	139	658	228	298	5.3353080528e-06
2127	28	46	75	74	258	227	0.104393951226
2128	28	75	75	106	258	270	0.0295382834095
2129	6	5	41	11	228	287	0.146544752465
2151	42	83	37	47	288	298	0.168040579375
2154	645	1405	1133	1715	250	263	0.0180876324438
2155	388	350	198	124	298	242	0.0619176248519
2157	5	3	20	0	263	298	0.00213777690248
2158	0	2	5	10	239	281	0.00357681653067
2159	4	85	40	570	298	298	0.290498878948
2160	80	85	484	570	278	298	0.640154526457
2163	12	8	453	193	298	298	0.437604818928
2165	22	36	97	156	233	298	0.944104785555
2166	6	5	50	88	282	293	0.251048897015
2167	11	40	208	125	275	298	3.04351056468e-07
2168	117	3	81	6	239	203	0.118245516131
2170	12	4	87	21	237	256	0.929955801677
2172	71	262	108	181	278	239	0.000518344168211
2173	2	12	0	6	257	257	0.0774646604277
2174	2	12	0	6	257	257	0.0774646604277
2175	103	12	149	6	278	257	0.0363934114461
2176	103	2	149	0	278	257	0.527992433244
2177	69	1	108	0	278	257	0.574748035338
2180	152	239	111	309	214	264	0.00561192902235
2181	216	121	227	91	264	227	0.125491819069
2182	6	102	11	105	213	256	0.254611010769
2183	36	90	74	89	266	209	0.00965827033601
2184	10	157	9	185	298	266	0.587482937616
2185	34	157	27	185	298	266	0.203530432421
2187	19	295	89	1094	206	298	0.363467012071
2188	5	6	58	24	262	221	0.107123207478
2189	594	1318	0	19	275	298	1.19787768076e-05
2191	37	26	35	66	260	260	0.00491273791134
2197	206	86	72	19	281	207	0.128259736841
2198	5	3	10	0	287	203	0.00189050656078
2200	5	10	23	29	212	298	0.399909402849
2201	724	45	1853	179	230	215	0.0393752682873
2203	29	7	81	173	293	298	9.57531450796e-08
2205	57	122	38	163	209	298	0.0116328903375
2209	56	45	76	54	261	298	0.685969541781
2210	56	40	76	22	261	238	0.0076854339371
2211	2	53	0	40	238	265	0.552448204281
2212	14	52	47	150	298	298	0.620663105616
2214	7337	11824	15748	15808	256	281	0.00091239348809
2215	0	6	72	117	216	275	0.000573400522325
2217	49	46	213	166	298	298	0.493712121772
2219	10357	19026	1	4	219	245	0.272626565207
2223	221	149	193	102	244	215	0.254306131697
2224	62	248	425	377	233	207	2.68007838145e-13
2225	220	983	178	615	192	248	0.157483859109
2226	217	74	150	122	207	229	0.000134485443691
2229	116	184	10	0	279	212	9.47647274652e-07
2233	19	64	313	331	242	280	6.12907114199e-05
2235	13	1	83	29	278	176	0.0328415859704
2237	100	58	127	9	197	230	2.72928035727e-09
2238	102	80	143	39	197	230	7.86417051006e-05
2239	325	457	85	166	233	233	0.108343250855
2240	321	1128	85	200	233	298	0.0505196373731
2241	307	1122	90	178	233	262	0.00270879019614
2242	25	37	140	293	272	298	0.286512546672
2255	20	38	116	126	264	229	0.0815913047608
2256	0	2	14	6	253	298	0.000841104405185
2257	35	48	182	144	263	245	0.0509938606439
2258	152	159	276	301	298	257	0.8379974213
2259	3	159	0	301	206	257	0.768982925008
2263	2	0	81	12	200	286	0.030831784774
2266	14	37	65	131	245	243	0.413149732085
2267	124	53	41	38	207	221	0.0130739229075
2268	70	146	35	136	221	281	0.0217515643084
2269	96	72	78	47	281	214	0.428892278598
2270	718	3025	1117	1722	252	279	3.98289179415e-11
2273	3	186	0	90	290	283	0.63486645766
2275	75	26	76	13	237	203	0.0657473662987
2276	61	142	36	118	203	273	0.215041038686
2278	8	201	12	327	242	254	0.956120720873
2291	2	5	15	20	243	264	0.328591737733
2292	1237	919	4318	2286	298	248	0.0242632827441
2293	658	1100	2753	3297	298	298	0.0281041313454
2294	9	1100	11	3297	298	298	1
2295	223	1100	594	3297	298	298	0.487280715351
2296	13	50	0	34	260	298	7.27696787204e-05
2301	6	9	0	110	197	239	4.06582281287e-07
2308	0	9	24	64	243	298	0.000840624094881
2309	4	0	15410	5107	230	231	0.00458623135958
2310	10	0	23686	3591	239	298	0.00797664477439
2311	10	3	23705	15490	239	298	0.135540402077
2312	3	3	7483	11787	221	239	0.627850905648
2314	3	16	0	7	206	212	0.0288866359048
2316	58	154	238	686	193	291	0.730904877265
2317	8	1	31	166	211	257	1.41660668929e-06
2319	24	39	189	105	253	225	0.000590153258549
2320	445	67	1	0	298	298	0.0237190422054
2322	288	420	20	52	298	288	0.0467346296769
2324	4	59	19	28	213	245	1.03608770174e-05
2325	30	9	93	0	224	265	3.47672429368e-06
2326	61	51	171	64	268	260	0.0038004032225
2327	383	882	236	216	239	290	3.02978047428e-07
2333	9	13	213	147	257	215	0.100936256684
2335	11	56	124	278	298	266	0.0144753537001
2336	11	5	124	15	298	298	0.0779460753351
2337	32	121	297	445	266	298	0.000150311969146
2338	1267	5789	0	10	202	283	0.00205836010476
2342	20	8	124	43	262	256	0.882988381367
2343	2	1	21	16	181	231	0.505102848125
2344	5	1	28	159	231	298	0.000185706503955
2345	12	6	34	89	246	260	0.00180480130023
2346	12	0	34	12	246	298	0.000932312538554
2347	46	156	148	331	298	298	0.0746842932825
2348	0	54	45	184	298	294	1.42946273896e-06
2351	0	394	334	6329	298	298	9.49587786181e-08
2352	19	4	37	9	235	243	0.785491239954
2354	14	47	1607	2580	258	276	0.0174833617913
2355	66	14	2275	590	291	176	0.467161900435
2364	922	1035	2147	1695	251	209	0.0206036538102
2365	646	1142	1212	1823	209	219	0.295214110227
2366	609	1251	1305	1451	219	236	7.07053095098e-05
2368	36	140	118	504	256	286	0.758059210575
2369	13	2	73	0	179	236	0.232249090665
2370	7	178	0	272	241	295	0.00770884263788
2372	87	235	331	664	298	208	0.129168232208
2373	14	0	24	91	188	227	5.13562525839e-11
2375	8	6	42	50	287	275	0.407259802075
2377	8	22	63	150	255	298	0.661353714604
2382	80	100	120	276	298	298	0.00903918297419
2383	80	158	120	314	298	298	0.214162227122
2391	37	11	154	0	236	194	2.60558261633e-08
2393	19	6	97	0	194	206	2.64976073053e-05
2403	15	9	33	52	227	259	0.0410465340445
2404	11	13	27	43	262	227	0.548363320198
2405	6	24	29	71	214	297	0.271924429751
2407	15	36	53	76	262	258	0.151568074092
2408	15	0	53	35	262	258	1.25783823389e-05
2409	15	13	53	24	262	227	0.166406144111
2410	15	0	21	9	291	262	0.000272127955456
2411	29	22	123	47	291	262	0.0598192677241
2412	24	30	96	63	280	291	0.0612301924877
2413	170	33	3957	886	230	191	0.494381060832
2414	13	20	74	106	239	209	0.813636010579
2418	68	32	136	47	228	271	0.327734257642
2419	69	4	46	0	298	220	0.038379267193
2422	62	3	46	0	298	220	0.0822552879673
2425	62	71	46	98	298	271	0.0283839618145
2426	62	32	46	42	298	247	0.0844514922283
2428	62	35	46	51	298	271	0.0349502967793
2432	3	71	0	98	220	271	0.128742823652
2433	3	32	0	42	220	247	0.0331593385952
2444	35	21	66	6	271	226	6.58927372051e-05
2446	35	81	58	175	290	284	0.37428147228
2447	11	13	72	98	283	298	0.762135549764
2448	139	1292	0	3	192	298	0.0182205395673
2450	3	0	80	1	298	263	0.689423986275
2453	19	72	34	126	198	284	0.928832936917
2472	23	22	146	107	247	245	0.456355661241
2488	7927	27690	26	690	298	217	0
2490	2	39	28	114	241	271	0.00532578088482
2492	0	7	47	60	226	298	0.000184190705162
2494	33	327	61	122	210	252	4.20042289839e-09
2496	123	142	155	66	260	210	2.15251971958e-05
2498	10	8	77	161	298	295	0.0653695522032
2499	9	51	63	490	225	298	0.593273598675
2500	43	58	212	278	263	264	0.901026969552
2514	9	4	80	8	288	196	0.0739153370391
2516	5	0	0	34	239	298	4.15455558844e-10
2517	8	0	16	39	273	243	1.25404799345e-06
2519	0	8	22	16	267	273	2.02889853619e-05
2521	368	2143	2011	8106	239	298	0.016699950542
2522	3	31	13	59	230	278	0.138672117942
2535	21	48	35	18	230	281	0.000166021545698
2536	70	69	14	129	298	230	4.62474503138e-12
2537	85	1	40	0	298	239	0.647190759993
2538	139	1	54	0	298	239	1
2539	139	2	54	0	298	217	0.527335086906
2540	85	2	40	0	298	217	0.915619758348
2543	37	47	30	184	243	298	1.0939093531e-06
2544	73	150	141	164	213	298	0.0130658883224
2545	97	163	277	274	298	242	0.0104777432122
2550	344	140	231	116	266	209	0.312004171473
2551	27	18	13	34	298	242	0.00215013153099
2552	13	1	44	23	234	250	0.0072647163188
2553	4	2	99	87	298	237	0.457578037595
2554	4	0	2	12	268	298	1.25257761762e-05
2556	74	92	226	161	298	272	0.016793112141
2557	80	80	173	323	252	298	0.00699756581467
2559	7	26	0	57	216	298	3.89346450858e-05
2560	52	73	52	97	187	238	0.318807436192
2562	49	12	117	0	238	298	7.44695537791e-07
2567	66	70	219	227	298	241	0.916293444856
2568	61	56	120	185	298	298	0.0459794406994
2569	7	7	32	31	251	247	0.950893370667
2571	5	11	141	85	279	208	0.0134119182792
2573	96	63	570	348	224	205	0.762939462576
2582	22	9	105	63	247	217	0.335087622117
2585	18	0	23	6	291	221	0.00105330203463
2593	30	2344	78	1100	225	298	5.52458079284e-12
2595	17	28	29	105	234	212	0.0551536558875
2599	4	0	3	10	270	208	4.57222398531e-05
2600	11	15	28	63	216	237	0.306117952909
2601	0	15	43	63	194	237	8.33436511227e-06
2602	0	26	57	82	235	216	9.53231523715e-08
2605	6	6	56	64	194	235	0.765969296196
2608	349	1066	256	748	213	298	0.798761826663
2610	0	3	37	27	283	216	0.000730024822851
2613	78	75	609	1773	212	221	5.37021035418e-07
2614	0	6	25	15	298	220	4.32855309148e-05
2616	0	2	5	0	250	212	2.82474362623e-06
2617	102	64	114	65	265	236	0.71656900926
2619	264	116	965	425	298	230	0.981307248918
2621	2	0	23	2	298	256	0.150774762523
2624	50	15	1241	474	263	298	0.383742643171
2625	19	98	69	107	298	298	9.91575799577e-05
2654	35	114	96	110	239	277	0.000105848870415
2655	68	68	129	135	261	239	0.860344392837
2656	2	5	116	192	298	298	0.465394471897
2658	0	7	22	7	198	296	1.98469967061e-06
2659	591	2498	2595	4543	266	298	4.67502936363e-09
2660	753	1983	70	20	275	298	2.22044604925e-16
2662	0	3	19	0	278	202	1.45027267195e-07
2663	27	198	53	505	248	221	0.404617655709
2664	0	2	37	146	298	298	0.0114459014456
2665	15	8	35	32	287	298	0.252135108897
2667	28	164	426	450	275	275	7.53064277603e-13
2668	372	48	742	768	225	225	0
2669	8	90	22	190	298	226	0.481879259284
2671	562	1079	1268	2225	242	191	0.56015402518
2679	357	3532	1	0	245	298	0.00225871733079
2681	160	203	1005	427	241	205	3.40140671184e-09
2683	27	9	154	79	298	298	0.251707724527
2696	2	17	51	121	287	280	0.0260900695045
2704	18	71	12	95	230	209	0.0959903652342
2705	0	23	13	132	186	258	0.00530487429366
2706	19	0	135	18	250	298	0.0050822061313
2709	0	2	3	0	298	288	9.17743153928e-06
2711	56	321	63	396	212	298	0.711777086479
2713	51	185	212	827	218	269	0.782417674844
2714	357	757	569	1015	226	278	0.291145971334
2715	795	1240	906	771	232	229	0.000106382782667
2716	510	1231	485	762	298	229	0.00796352611609
2717	497	984	494	777	187	232	0.156464356439
2718	356	471	2035	1885	255	244	0.0267280124337
2720	0	13	43	65	268	280	2.42262097395e-05
2723	1	1	63	108	234	298	0.692553029256
2724	0	243	14	795	185	170	0.226916048255
2725	2433	2487	4671	3793	266	276	0.115252625271
2726	2466	2808	3816	5724	259	266	0.0587154777854
2727	5	0	61	74	298	298	0.000184091840636
2728	0	4	88	130	298	298	0.00131970815468
2729	5	4	17	114	256	298	0.00649591180445
2730	0	6	134	30	277	298	6.34125915e-07
2731	4	28	10	58	235	231	0.692969675975
2734	1	186	7	901	230	237	1
2735	8	186	23	901	204	237	0.371873929374
2738	8	35	112	108	298	298	0.000106471555585
2739	12	6	113	61	233	274	0.79490208969
2742	21	17	14	1	242	244	0.00113161305755
2743	6	3	21	0	298	298	0.00252204339166
2744	4	1	55	10	264	194	0.656291441734
2745	3	17	22	43	242	218	0.0563271494825
2746	1	4	57	51	298	293	0.0775019026822
2748	4	0	45	9	260	257	0.0110879215882
2753	510	862	175	113	298	298	6.06225096123e-07
2754	10	6	64	184	298	298	0.00432983971134
2755	470	208	1862	501	263	263	0.00394579984731
2761	65	116	234	125	182	202	2.43358410978e-07
2762	261	39	579	77	245	182	0.677856898448
2763	3	259	24	547	298	230	0.00837114736245
2764	3	447	24	1581	298	265	0.350386708868
2765	17	307	58	800	224	265	0.331836346694
2766	3	321	24	803	298	298	0.0197674038683
2771	24	146	55	291	214	231	0.601329795841
2775	41	100	54	110	287	255	0.521272885977
2776	5	95	26	87	272	255	0.000121836746162
2777	5	100	26	110	272	255	0.000545701827386
2778	18	94	48	81	289	287	0.000603968707403
2785	4	10	113	54	183	217	0.00498118160424
2786	10	36	95	221	260	268	0.214604470885
2788	40	151	645	1132	230	233	0.000606412035699
2790	15	52	50	131	298	295	0.38783055822
2792	526	470	1315	504	298	254	2.23835719848e-07
2794	4	30	15	8	176	225	1.45676334845e-05
2795	70	89	163	317	278	274	0.0713169736781
2800	13	2	0	22	268	231	9.3028029724e-11
2804	1028	2350	56	8	298	278	0
2813	11	69	133	285	236	298	0.00120306083251
2817	1853	205	1	0	298	281	0.0307311713231
2818	0	18	18	80	220	298	0.000680763693779
2820	18	0	80	41	298	298	1.54695160218e-05
2825	2	41	0	148	225	227	0.675410598567
2826	5	5	7	5	227	207	0.673177964503
2827	24	8	40	68	298	257	0.000210612230736
2828	9	22	0	26	298	236	9.35616142311e-05
2829	9	22	0	26	298	236	9.35616142311e-05
2834	4	0	22	26	234	298	0.000473748474056
2835	11	8	126	14	278	234	0.00176738021815
2840	3928	6912	10080	10489	268	298	0.000253445194904
2841	7	0	13	18	221	215	4.23059812472e-05
2842	5	0	17	18	226	215	0.000313154939672
2843	5	7	17	13	226	221	0.329433166498
2857	10	4	3	1	242	291	0.82559849002
2858	10	2	3	0	242	291	0.0862462598324
2859	14	3	14	29	294	298	0.000229910722363
2867	442	449	1401	1416	298	269	0.975981779517
2870	168	167	180	227	298	298	0.244034443764
2871	0	93	25	237	245	298	3.83425998721e-05
2872	2	0	78	65	248	298	0.00313391076657
2874	23	118	28	207	224	298	0.288354521493
2875	23	94	28	246	224	209	0.0275154517423
2876	118	94	207	246	298	209	0.0677462689948
2878	8	0	5	2	231	227	0.0221234059281
2881	42	113	71	60	232	232	4.22052798732e-05
2882	781	772	524	782	290	229	0.0102177450501
2903	113	26	269	25	219	224	0.00720437332017
2904	259	6	707	40	219	224	0.0216893666353
2905	259	6	707	62	219	221	0.00039425724097
2906	29	86	123	162	224	221	0.00298808097225
2907	29	34	123	42	224	298	0.000262379059594
2908	0	116	3	180	220	221	0.633791524637
2909	122	59	428	302	298	298	0.0869279031846
2910	138	222	345	327	287	298	0.00617076614314
2913	19	0	12	66	230	237	2.15383266777e-14
2914	2	0	783	1716	286	239	0.00113064375973
2916	2	0	783	2215	286	271	0.000818272418976
2920	0	3	7	10	254	164	0.003032284005
2922	75	48	303	229	298	224	0.498684094484
2923	1	76132	0	20262	230	298	1
2924	65	76132	16	20262	215	298	1
2925	349	76129	247	20262	215	298	0.00125320412129
2927	0	8	5	122	245	298	0.103580464485
2928	183	146	250	180	298	227	0.615962775335
2929	1	2	9	23	284	298	0.829564599723
2932	5	0	32	38	257	188	0.000205878611784
2933	21	100	7	32	298	258	0.935872463057
2934	25	100	101	32	298	258	2.22044604925e-16
2935	139	68	921	1022	298	293	7.24558690125e-05
2937	55	342	121	204	209	298	1.02701673832e-08
2938	158	68	152	73	263	209	0.65664458579
2939	142	99	228	214	242	263	0.163113339297
2940	98	80	83	62	272	298	0.735392383319
2942	5	24	91	119	241	281	0.00449472122211
2944	41	158	59	136	199	255	0.0572557235207
2945	3351	1314	4373	1108	294	278	0.00339513081851
2946	81	1314	144	1108	289	278	0.00019731836239
2948	144	138	957	985	298	281	0.709667122539
2952	19	89	95	219	298	298	0.0162195791623
2957	6	53	19	128	272	254	0.511674159527
2982	82	1	85	0	298	298	1
2985	2	390	0	16	278	298	1
2986	7	17	0	16	270	278	0.000404309482215
2987	43	768	0	4	237	298	0.0466518682822
2988	72	188	899	1310	298	272	0.00330782760575
2989	23	35	103	44	212	173	0.000218465276988
2990	8	0	141	41	298	233	0.00187781908597
2991	0	4	6	47	298	231	0.0277426917766
2992	2	6	20	74	290	298	0.77564716115
2993	4	0	53	60	298	251	0.000465904060441
2994	21	36	150	207	298	298	0.475188016582
3007	0	54	10	230	239	298	0.0191433365335
3009	0	14	49	32	237	234	1.07912827674e-07
3010	4	12	36	19	193	237	0.00348089425114
3011	6	20	39	19	298	298	0.000147809417582
3012	74	92	1457	941	260	298	0.00228463659996
3013	336	46	150	30	216	187	0.209590839665
3014	19	75	65	26	298	265	4.2650327714e-11
3015	770	26	839	22	227	287	0.439632497619
3016	63	2	269	4	222	298	0.664608835438
3017	1	90	31	513	201	272	0.00637834664145
3018	1	17	20	65	201	272	0.0179491086639
3019	109	56	805	410	272	251	0.995310980448
3020	22	29	105	44	179	177	0.00137268474548
3022	180	161	389	279	280	230	0.256283102359
3023	228	318	388	504	239	267	0.69109400262
3024	70	95	163	252	235	298	0.579640686024
3026	11	28	90	75	267	207	0.00373424807666
3027	0	1	23	0	298	297	5.0209884771e-05
3031	231	197	57	53	248	203	0.730749001238
3032	175	589	19	286	203	290	9.85085213401e-09
3033	353	131	395	52	194	194	3.40668981513e-06
3034	255	130	184	52	194	194	0.0111076058434
3035	256	100	184	48	194	194	0.0920747866518
3036	0	67	155	222	298	298	1.16573417586e-14
3037	320	638	1174	1441	262	277	0.00268174686416
3038	400	638	1550	1441	298	277	0.000694329631215
3039	43	71	446	554	224	268	0.242342770474
3040	17	489	0	887	263	278	0.000177437491243
3041	21	98	170	171	236	274	3.87725745954e-08
3045	0	20	160	195	293	298	1.41303270196e-07
3046	14	237	40	266	281	265	0.00461070773247
3047	17	237	40	266	255	265	0.019654466316
3048	8	25	0	97	280	240	4.15106058882e-06
3052	74	50	643	603	276	248	0.163715234166
3055	22	39	90	168	271	298	0.902925658387
3056	22	13	90	49	271	298	0.877512177635
3057	22	13	90	49	271	195	0.84783297991
3058	29	13	99	49	298	195	0.774484934976
3059	39	13	168	49	298	298	0.812270835324
3060	39	13	168	49	298	195	0.777940268495
3061	36	13	122	49	298	195	0.744257314788
3062	356	608	595	744	257	298	0.0597321794652
3063	0	8	14	6	239	298	4.18370649602e-06
3072	13	3	213	29	298	252	0.909115231765
3075	71	243	308	458	277	298	4.75199313755e-05
3076	54	3	315	0	294	277	0.141718686104
3077	54	114	315	275	294	277	0.000108502449232
3078	3	6	14	5	232	251	0.0279124877976
3079	20	24	99	91	298	252	0.441858176466
3081	20	17	176	97	241	257	0.275542321367
3092	177	141	936	671	298	260	0.577828628525
3093	14	142	45	655	298	260	0.39654641393
3094	35	346	80	1739	280	298	0.00323714036824
3095	21	51	828	722	269	269	0.000344687617914
3096	0	8	34	36	285	298	6.52056242989e-05
3098	2	0	16	14	282	298	0.00272958946532
3103	20	10	100	129	298	230	0.0236292729722
3104	12	23	41	32	218	206	0.0357880592916
3107	0	6	6	23	298	255	0.00667860517623
3108	2	0	19	23	298	255	0.00192340107831
3109	15	63	125	409	252	248	0.381655301649
3113	77	232	189	252	298	287	0.000127413046338
3114	26	1	174	0	221	221	0.295911549104
3115	3	8	258	116	266	248	0.00511034026683
3116	4	35	155	298	248	298	0.000696260642745
3120	852	1315	429	431	258	268	0.0084611580802
3121	39	41	17	14	298	298	0.558216635166
3122	377	115	2123	472	216	191	0.0920578550579
3130	3	21	60	0	258	298	0
3131	0	14	24	31	257	281	1.09894904632e-05
3132	0	21	73	31	290	281	8.86346551709e-12
3134	15	21	92	123	298	288	0.873924473943
3136	3	1	74	32	298	298	0.563711982219
3137	54	204	69	253	210	245	0.89776689965
3138	91	282	162	281	245	298	0.00538850479343
3140	0	4	49	31	298	298	0.000223370085089
3143	5	16	63	46	236	292	0.0039128195699
3144	8	1	86	29	194	191	0.132569587356
3146	77	48	1954	1180	292	269	0.916024147938
3148	143	153	185	91	259	237	0.00044765611884
3149	136	112	219	181	242	246	0.985751078755
3157	10	0	0	14	298	243	2.74019695823e-11
3158	0	97	16	338	222	298	0.00327738074133
3159	0	3	18	20	295	261	0.00151028657989
3160	2	7	30	20	298	232	0.0185256646782
3161	306	677	465	469	244	222	3.79706816811e-06
3162	1	4	8	0	246	238	2.8664249232e-05
3164	47	99	607	208	277	252	8.65973959208e-15
3165	16	21	141	46	298	298	0.000445491592797
3166	5	31	49	107	218	226	0.0202568652969
3167	8	22	121	36	218	209	4.29873738939e-07
3168	39	50	79	60	214	177	0.0837889018958
3170	41	79	212	99	269	257	6.04293812767e-08
3173	383	427	709	614	298	231	0.13067282267
3176	8	5	0	21	254	254	8.00124869138e-07
3186	7	26	14	23	234	298	0.122593686428
3188	31	87	97	96	298	298	0.000216007521577
3189	4	0	7	84	223	298	8.68409800292e-07
3192	0	5	10	0	191	235	2.55109602332e-08
3193	9	2	127	0	298	298	0.0737296403852
3194	27	1	467	200	298	237	9.6768433264e-05
3196	0	5	28	19	254	257	0.000122248456171
3216	69	116	345	560	224	253	0.860631648812
3219	140	48	422	302	267	240	0.00111380568979
3220	29	57	239	293	225	270	0.0857429810285
3224	0	15	5	81	221	221	0.0611876415315
3225	4792	8153	13252	12068	211	262	1.27555635485e-05
3227	78	89	395	274	275	275	0.0260139179389
3228	10	12	68	56	298	227	0.398132144344
3229	10	2	82	0	298	227	0.0495126179667
3237	15	25	0	40	298	285	2.12968251145e-07
3239	42	128	280	697	298	218	0.357989914553
3244	0	6	56	23	297	298	8.22951066881e-06
3247	46	0	178	1	298	190	1
3248	31	0	192	1	206	190	1
3250	43	97	63	128	236	236	0.696517329545
3253	3	0	0	70	292	298	7.34130829461e-08
3254	3	1	0	20	292	298	5.1472719615e-05
3255	0	1	70	20	298	298	0.00301431549034
3256	5	5	45	46	231	190	0.989764815904
3257	15	5	59	46	255	190	0.0966546280846
3258	5	55	45	248	231	243	0.0943655172604
3259	15	55	59	248	255	243	0.798512937798
3261	616	1453	317	420	239	293	0.00055089993893
3262	372	659	274	219	298	239	9.43899819694e-06
3263	0	12	14	183	194	214	0.0231922166502
3264	12	11	12	0	298	254	2.80087064419e-05
3265	13	56	214	247	298	229	3.62557171023e-05
3275	2	0	29	12	298	270	0.00605375754783
3276	362	958	66	12	260	243	0
3277	12	35	102	105	261	209	0.00386945281068
3282	0	51	19	204	234	298	0.00102121519792
3285	72	48	234	235	200	189	0.0988034625554
3286	43	6	38	40	257	288	5.17534864541e-06
3293	1	214	0	111	261	214	1
3294	1	214	0	111	247	214	1
3302	32	6837	115	26067	274	257	1
3303	148	6837	417	26067	185	257	0.0870314779231
3304	22	9	16	27	194	218	0.00384305950534
3309	203	839	57	152	278	298	0.0574142275537
3311	5	0	9	16	246	214	8.42374670937e-05
3316	8	3	2	0	298	186	0.00536971099148
3325	17	113	66	387	179	217	0.627884973254
3326	60	110	209	397	215	217	0.897772776866
3327	62	168	199	350	215	220	0.0485526395306
3328	55	168	229	354	217	220	0.00210461030104
3329	81	120	212	265	220	207	0.436054265401
3331	0	78	28	1194	175	270	0.0334000369059
3332	98	13	1265	14	175	298	1.39338953742e-06
3333	39	176	0	5	194	246	0.0061358012055
3334	429	63	5	24	246	199	4.88498130835e-15
3335	268	140	1044	682	289	246	0.216570992341
3337	374	681	1007	1403	245	298	0.0955294800717
3377	5	0	0	45	260	259	3.03691405357e-10
3379	2	0	0	17	166	257	1.23720109235e-06
3380	36	42	104	90	298	298	0.318950150082
3382	5	1	11	77	204	267	0.000100668353395
3385	19	9	340	83	275	208	0.189424586124
3386	87	160	23	64	298	298	0.160100726267
3399	13	0	60	12	298	252	0.00265641052353
3400	2	0	19	6	298	252	0.00701615825854
3401	25	25	85	62	298	280	0.37170640444
3402	48	3	524	148	277	211	0.00123495158249
3403	37	88	93	90	204	245	0.00117434291072
3405	0	36	24	345	251	216	0.010304346744
3406	0	81	24	636	251	298	0.0113226649238
3407	8	13	15	55	226	294	0.151111578835
3412	1	0	0	10	298	218	3.29572756919e-05
3413	14	21	44	47	201	239	0.403828199905
3419	23	5	60	0	194	206	0.000792841164145
3425	173	116	498	148	289	225	8.93526635488e-05
3426	10	66	34	320	298	272	0.513865509872
3427	4	62	0	405	203	298	0.0122165727612
3436	6	144	0	658	267	285	0.0215988162918
3437	83	98	310	392	253	285	0.756828686627
3438	37	11	18	12	298	298	0.115417864732
3469	15	6	0	26	267	252	6.49163944821e-10
3470	6	5	26	0	291	290	5.46167260372e-05
3472	19	8	23	52	290	225	0.000469957726765
3476	89	70	239	53	298	229	9.78058951051e-07
3478	8	25	72	90	228	274	0.0291137860214
3479	16	86	101	341	206	298	0.12115863662
3480	729	1727	424	1202	211	231	0.25692485819
3481	529	1256	529	814	200	211	0.00693789984416
3482	98	36	348	152	231	179	0.479102329963
3485	7	30	58	93	298	230	0.0181295902926
3487	0	6	65	114	298	274	0.000793150014008
3488	40	284	0	416	298	298	2.16604512104e-13
3489	6	174	5	254	223	298	0.382135238582
3490	7	177	30	268	223	298	0.00900866170837
3492	180	226	459	187	298	258	4.92124840878e-09
3493	1	16	0	5	298	298	0.246586823461
3497	15	5	371	185	218	218	0.343553558062
3503	16	11	13	45	298	298	0.00120363618598
3504	0	2	50	28	298	275	0.00125261682008
3505	45	21	18	57	257	293	4.62805805013e-07
3506	74	25	163	29	298	219	0.0603206859355
3507	29	42	57	86	219	293	0.902442762287
3509	18	58	56	295	212	298	0.174821567958
3510	20	146	84	185	248	298	3.19620681677e-05
3511	18	37	101	186	186	199	0.700351708356
3518	180	6497	546	9389	190	284	7.2467078589e-06
3523	6	4	144	157	246	298	0.394167593019
3526	923	486	2496	590	232	298	4.72562779352e-07
3527	489	18	1526	108	187	298	0.0155323124148
3528	888	148	3104	590	245	173	0.436369322293
3529	1075	846	3885	2751	212	227	0.486241239918
3530	94	12	280	54	271	180	0.206760805527
3531	6	6	50	12	221	221	0.0413457066291
3561	11	9	101	67	245	188	0.661665103699
3562	9	15	47	74	188	221	0.871718713544
3563	17	7	126	52	292	216	0.968750889382
3564	11	194	90	1070	180	257	0.190259995856
3576	31	17	78	0	241	211	7.90062348877e-10
3577	3	13	2	37	180	241	0.146367491326
3578	0	4	8	0	298	184	1.26429213321e-07
3581	2	39	8	32	195	298	0.022622328162
3585	388	890	0	1	266	289	0.00872047887538
3588	0	58	13	436	298	209	0.145605874633
3589	21	255	24	168	298	233	0.112735973903
3590	8	542	9	382	298	286	0.376677915528
3591	346	444	197	168	286	285	0.0312858380483
3592	573	234	384	52	285	207	1.85553939991e-07
3595	50	9	892	30	268	166	0.00116854809048
3596	22	9	332	30	298	166	0.00347073176393
3602	14	16	60	95	284	295	0.451852749462
3603	148	93	644	250	264	205	0.0210335437031
3604	26	352	162	609	194	298	1.72452766289e-07
3605	26	98	149	243	194	205	0.0018392848377
3606	4	4	32	11	205	276	0.232989952736
3607	8	84	11	175	225	220	0.477450464488
3608	44	0	121	6	298	242	0.0312644839689
3609	29	0	122	6	298	242	0.039138724004
3610	7	0	88	30	215	298	0.0026242055529
3612	10	56	5	20	225	257	0.690217459507
3613	2465	3356	3399	2002	248	256	1.10055170532e-08
3615	2	0	4	21	296	284	0.00035010054295
3620	45	112	125	198	227	298	0.0689734259295
3621	65	975	94	366	298	298	1.14544695951e-09
3622	63	65	94	19	298	298	3.29408544997e-07
3623	63	362	94	87	298	200	4.95159468983e-14
3624	65	362	19	87	298	200	0.628686563416
3625	656	361	260	87	298	200	0.0114035361292
3626	627	308	241	35	298	196	8.59289089883e-08
3634	2	2	43	0	260	290	0.00779558910831
3635	2	5	0	58	259	233	0.0357739281259
3638	60	25	70	8	298	237	0.00239063001581
3639	26	92	86	121	225	298	0.00136492850356
3640	4	91	0	99	225	298	0.0427830290023
3641	41	39	108	45	238	225	0.00899303039099
3642	7	0	0	12	229	244	9.679055335e-10
3643	7	0	0	12	229	298	9.45255540508e-10
3644	69	293	85	203	246	298	0.0132688349065
3646	149	122	437	180	246	246	0.0008923109528
3647	12	8	225	84	242	179	0.278219874739
3648	0	8	24	84	191	179	0.00263615846205
3649	0	15	99	258	203	194	0.000127012585226
3652	58	88	105	187	251	249	0.531464317197
3653	8	1	77	27	298	278	0.125083687203
3658	79	171	200	290	232	228	0.0610062043836
3659	18	69	32	466	195	279	0.00037466822468
3660	0	22	18	36	253	180	2.03244740903e-05
3661	1068	1292	10534	8286	298	263	0.00365898229646
3662	845	4	8075	19	262	298	1
3663	845	1467	8077	12123	262	298	0.327385162082
3666	9	13	67	106	266	272	0.86607107379
3667	0	3	16	29	298	298	0.00311036182489
3671	27	23	44	4	241	294	1.42934014959e-05
3673	24	13	44	17	241	223	0.468181536464
3678	107	277	60	182	298	279	0.486441411736
3679	1268	2254	56	59	298	298	0.0286418835097
3680	360	408	0	29	247	238	5.56993784429e-10
3683	4	9077	0	3392	298	289	1
3684	5381	9077	3381	3392	298	289	0.000326767460849
3685	105	163	83	297	260	267	0.000200513944572
3686	0	46	23	123	186	213	4.6900698639e-05
3687	108	46	250	123	240	213	0.547138431267
3690	104	4	74	0	259	247	0.104015601489
3691	35	4	22	0	234	247	0.0261750593715
3692	25	62	21	33	221	290	0.238378428158
3693	2	132	21	407	218	298	0.0234181723514
3694	187	75	62	14	270	236	0.0785897793466
3695	0	6	163	147	247	298	0.000107818509984
3696	1248	17	1562	18	269	298	0.690570308265
3697	1248	6759	1562	5286	269	290	0.00145436812688
3698	12	2495	28	2607	298	269	1
3699	1815	2495	3231	2607	298	269	0.000294154134352
3703	1	12	14	9	236	270	0.000245765223133
3704	5	16	0	8	298	298	0.00310275316609
3707	28	14	10	0	201	186	0.000364324007275
3732	43	0	21	19	272	298	1.8897926557e-09
3741	27	4	79	0	298	252	0.00275337801353
3743	88	58	185	33	298	252	4.10731239719e-06
3744	28	17	79	0	298	211	1.86377246969e-10
3745	28	17	80	0	298	211	1.65457536561e-10
3746	1	21	1	0	298	211	0.000478913937194
3749	15	16	17	0	298	211	1.03312275446e-06
3752	15	16	17	0	298	234	1.12182273171e-06
3757	95	1	230	0	298	298	1
3758	119	1	204	0	298	298	1
3759	3	26	0	16	187	298	0.0260841377177
3760	3	1	0	1	187	298	0.000174175696053
3761	3	1	0	1	187	298	0.000174175696053
3763	9	15	0	17	187	298	3.76135928498e-05
3765	4	1	0	1	187	298	0.000191426512101
3766	95	1	230	1	298	298	1
3767	119	1	204	1	298	298	1
3768	3	14	0	16	187	298	0.00870158383937
3774	95	4	230	0	298	187	0.0261274783874
3775	119	4	204	0	298	187	0.0483660771931
3776	91	1	185	0	298	187	0.504288728668
3777	86	1	185	0	298	187	0.476455941753
3778	100	5	201	37	298	187	0.00230042698203
3780	86	5	185	37	298	187	0.00410547652306
3788	4	31	4	78	164	224	0.271377476827
3795	67	179	124	369	267	263	0.649768561489
3796	0	34	43	98	172	250	3.53910753592e-07
3797	3	0	30	16	221	245	0.00345303553671
3798	1	3	12	31	242	260	0.779404903508
3799	139	38	1192	251	298	298	0.319470677643
3803	33	0	36	24	203	247	9.80329691869e-08
3805	37	73	106	60	298	298	1.37402491406e-05
3819	13	6	166	12	298	298	0.00738414320732
3820	13	2	166	90	298	250	0.0343682626677
3821	6	2	12	90	298	250	0.000152407983377
3822	3	17	133	203	298	298	0.0120174918625
3826	8	12	5	50	217	272	0.00333024090855
3827	7	7	40	67	272	245	0.404941117752
3830	2	0	116	115	248	286	0.00252515420766
3832	209	349	56	210	237	298	0.000224558322972
3835	6868	22057	509	511	298	294	7.21644966006e-14
3836	6868	12	509	0	298	285	1
3837	67	122	176	386	215	298	0.418223932319
3854	19	14	27	19	227	244	0.928376634721
3856	7	12	0	10	222	227	0.00042734095685
3857	5	14	19	35	230	222	0.40605882919
3858	27	15	168	0	298	221	1.28130839272e-12
3864	1252	747	469	201	285	264	0.0516396315185
3866	10	27	81	162	276	298	0.40254747068
3870	248	390	276	381	172	197	0.472176399904
3871	394	383	1026	346	298	197	4.618844196e-10
3872	298	160	786	300	203	172	0.0662325988655
3873	341	156	809	285	179	172	0.160346800411
3874	254	207	657	395	203	298	0.0948392158884
3875	256	215	657	312	203	179	0.00176546305506
3876	294	208	786	340	203	179	0.00633956640936
3879	75	492	325	1271	298	298	0.00755441961908
3880	75	353	325	924	298	179	0.0101612021904
3881	4	1	120	198	223	254	0.0310881974798
3882	50	92	225	290	248	281	0.134794624405
3883	3287	5108	8	24	298	298	0.0859410872855
3884	44	196	49	154	218	251	0.200263334588
3887	4	12	0	1	224	298	0.00397053306542
3891	4	24	0	1	224	298	0.0130272529862
3903	7	26	1	0	298	298	0.00271953522139
3909	72	89	101	222	260	298	0.0181473496675
3912	74	40	55	23	234	194	0.442293768525
3916	24	15	95	23	298	256	0.02929752552
3918	211	15	692	37	227	284	0.503468815899
3921	4	18	17	108	271	252	0.910613220105
3922	8	1	38	0	216	171	0.981452198057
3923	86	268	182	298	226	226	0.00196496102921
3924	27	98	6	95	221	246	0.000663942905257
3925	5	6	23	32	188	223	0.793126544523
3935	145	121	384	124	275	226	8.43324278155e-06
3936	2	121	0	124	206	226	0.530804116774
3940	196	405	129	307	254	244	0.467816248244
3941	196	418	129	373	254	255	0.115843434805
3942	196	421	129	400	254	258	0.0573327010807
3946	8	8	78	155	298	298	0.225685586792
3949	22	5	157	37	298	236	0.865209074473
3951	160	692	27	91	298	281	0.421005741546
3952	421	1179	428	671	217	257	0.000416888876593
3954	33	88	143	241	253	289	0.0784523179804
3961	31	66	336	494	298	298	0.150922408809
3962	62	323	39	60	204	298	2.36230816444e-05
3963	62	141	39	26	204	195	0.000137661808196
3964	55	241	39	109	204	253	0.110564838095
3965	275	246	43	109	298	253	1.23392258505e-05
3966	2	4	27	20	298	298	0.20637054827
3969	0	95	2	236	267	282	1
3970	0	95	2	236	272	282	1
3971	74	7	46	9	298	277	0.188414450318
3972	41	41	26	41	298	298	0.199350878481
3977	9	18	24	5	217	208	9.78223286435e-05
3978	1622	2058	13	1	285	288	3.51007713946e-05
3982	2910	35	3329	15	298	268	0.28358082972
3983	8	67	6	171	258	266	0.0379604909622
3985	85	61	254	107	298	272	0.0323348379084
3986	72	55	79	58	272	226	0.890123390394
3988	126	137	535	354	271	245	0.0127246882413
3990	87	975	257	3379	176	298	0.427362702997
3993	87	48	235	217	298	287	0.034131763018
3997	5	1	2969	12230	298	269	0.00083483777473
3998	0	1	35	12049	298	269	1
4000	21	508	263	1480	198	271	2.69643574136e-09
4004	8	2	5	0	247	268	0.0542750529783
4008	1	6	49	390	202	298	0.59904796543
4010	26	73	127	121	253	208	0.000150001153434
4011	31	19	22	33	298	270	0.0297184072168
4012	1	0	0	1	188	244	7.52267943969e-05
4019	53	23	675	319	285	235	0.728364331937
4020	45	51	87	404	235	248	3.91678648737e-07
4023	2	1	61	0	228	192	0.194013882588
4025	826	1144	348	225	286	298	8.31368856369e-06
4026	9	545	0	376	251	298	0.194684796611
4027	17	35	106	129	236	234	0.11667236208
4028	17	35	106	129	241	234	0.116254205646
4030	237	233	403	547	269	254	0.0750087401723
4031	18	4	135	57	254	298	0.164629298688
4040	3	121	0	156	156	291	0.164104373715
4055	231	521	1976	1048	298	298	0
4061	3	2	0	24	298	298	0.000193169855285
4063	33	80	75	234	183	200	0.395368653045
4064	54	0	261	41	224	238	4.45848896692e-05
4065	57	92	662	480	260	210	0.000367870385805
4068	30	24	111	38	298	298	0.0196071213402
4070	5	3	41	14	298	218	0.515552791857
4071	22	24	26	63	242	264	0.0441499551797
4072	10	9	66	15	254	242	0.016064759955
4077	18	45	87	259	217	289	0.650326533985
4078	0	3	2	54	195	278	0.271966149294
4079	0	6	2	71	195	278	0.332289701782
4080	2	6	9	71	249	278	0.705194421393
4081	2	6	39	71	254	278	0.389356992667
4082	2	0	9	2	249	195	0.0476858053885
4083	2	0	39	2	254	195	0.224192565841
4084	2	7	47	9	295	213	0.000125610016405
4095	9	6	34	11	298	232	0.260627996698
4096	9	6	38	11	223	232	0.21795960995
4097	0	6	1	11	283	232	0.233754158271
4098	8	13	21	72	223	232	0.192027276346
4100	0	9	1	34	283	298	0.327171995804
4101	0	9	1	38	283	223	0.430797979313
4104	25865	40709	249	183	298	282	9.04330180396e-06
4111	521	305	61	9	221	221	4.68327619523e-05
4112	62	256	14	0	221	221	6.73827660336e-12
4114	10020	40321	305	301	238	298	0
4115	65	5235	12	344	276	229	0.0146938433675
4116	394	150	3168	941	240	230	0.163311422335
4117	394	153	3168	983	240	236	0.206991091773
4118	2	3	21	10	298	267	0.195817971556
4120	10	1	27081	8071	260	298	0.0812312802601
4121	10	6	27081	13602	260	298	0.961742556218
4122	178	79	0	156	298	298	0
4123	48	49	249	286	262	224	0.662300026403
4124	49	124	247	359	224	296	0.0161295801684
4125	55	0	190	9	236	298	0.0396390396753
4130	105	319	9	29	245	228	0.784747401954
4131	3	9	14	49	249	288	0.9041191105
4133	10	109	1	3	182	298	0.567936853849
4134	42	99	39	393	236	298	4.439101422e-07
4136	2	23	24	210	185	244	0.492298314111
4139	5	0	0	4	250	259	5.34616410586e-07
4144	3	0	27	47	236	227	0.000477413652288
4145	8	4	101	59	298	227	0.716418624332
4152	2	12	43	27	272	244	0.000439108634737
4157	135	228	328	372	240	254	0.0387363255316
4158	43	518	32	445	198	254	0.59668866977
4159	55	16	67	13	222	228	0.347980797438
4160	55	159	67	97	222	285	0.00821347475255
4161	55	66	67	22	222	298	6.05851494132e-05
4162	16	159	13	97	228	285	0.522139281517
4163	16	66	13	22	228	298	0.0580294257433
4165	5	2	31	28	298	246	0.259199991374
4166	9	29	111	203	223	251	0.134600447372
4167	19	22	163	114	220	223	0.16586426445
4168	6	18	53	95	197	220	0.247470237651
4169	26	7	123	113	215	197	0.00339605058135
4170	13	22	146	207	281	298	0.608497601986
4171	25	25	177	77	298	233	0.0156149841433
4177	6	29	97	74	298	266	1.67267862229e-05
4182	64	75	79	168	298	278	0.0216226311126
4184	3	230	7	903	288	203	1
4185	0	65	21	198	205	288	0.000191973377087
4186	4	1	11	0	298	244	0.87823908633
4190	4	0	10	23	298	183	0.000113915578135
4191	2	0	9	112	268	252	0.000160254041747
4205	0	19	6	88	204	275	0.0196058663753
4209	69	21	48	0	270	247	1.98696584697e-06
4215	0	9	50	42	235	298	1.18597182026e-05
4223	468	525	975	693	226	220	0.00504207444697
4224	0	12	8	63	252	298	0.00925016035987
4225	522	1305	221	419	258	253	0.110228256772
4242	6	11	0	18	278	262	0.000190472318954
4243	6	11	0	30	278	298	4.79971720796e-05
4246	6	0	0	1	278	256	2.09762753447e-05
4251	11	0	18	1	262	256	0.253793421501
4254	11	0	30	1	298	256	0.295633944554
4263	47	138	195	292	274	298	0.00386912674145
4267	81	68	95	96	272	280	0.473447921037
4268	81	0	95	15	272	277	2.28399353733e-05
4269	68	0	96	15	280	277	5.19918333345e-05
4279	3	53	8	312	203	255	0.572850236436
4282	21	17	113	136	232	298	0.272758276789
4283	4	8	8	19	251	197	0.829916217217
4284	87	254	67	226	244	256	0.531648009174
4285	39	118	147	269	230	273	0.0416707113149
4286	17	89	119	119	215	230	4.0049028982e-08
4294	71	55	897	731	284	257	0.822085480482
4295	3	0	0	14	263	290	2.37886088161e-07
4296	27	64	7	24	298	273	0.381099687173
4297	18	49	0	24	267	273	4.24646315069e-05
4303	209	18	2133	155	225	225	0.69743940817
4304	0	64	8	28	270	219	3.67709469087e-05
4305	5	7	13	67	239	221	0.087288176798
4306	15	0	136	7	298	245	0.0406321418297
4311	9	0	7	7	237	289	0.000156560569187
4312	15	28	80	60	225	238	0.0152308265073
4313	49	115	53	140	217	271	0.667925965345
4315	17	850	0	119	298	298	0.112790333578
4316	35	20	11	0	298	298	0.000147288899354
4317	910	1664	215	230	298	298	0.00224833001884
4318	900	2300	215	270	298	298	4.17960271527e-05
4319	854	2285	119	259	298	298	0.273448175055
4324	195	454	287	454	298	298	0.0328659388295
4325	186	198	328	664	203	257	0.00057779287038
4327	639	885	3846	3588	267	298	0.00954292616746
4342	25	298	31	688	240	240	0.0545282499864
4343	0	110	4	288	240	240	0.680159224032
4344	213	2031	93	386	203	298	3.00758651033e-05
4359	54	77	249	165	298	248	0.0017677460198
4361	25	8	115	54	298	189	0.349142054586
4362	36	12	30	28	298	298	0.0153377077398
4363	16	16	74	0	297	294	1.41219258509e-11
4366	2	3	96	36	240	226	0.153934694978
4367	192248	333075	218	157	220	257	5.50922889864e-07
4369	146	75	111	83	267	234	0.127046395775
4370	10	1412	0	324	171	274	0.837019978132
4371	386	827	95	200	249	274	0.946236322683
4376	4	17	93	107	275	298	0.00964865699913
4379	126	297	181	330	257	290	0.195834527122
4380	6	0	47	20	206	194	0.00167117942865
4383	41	19	289	212	298	298	0.134030767625
4384	14	21	95	60	265	221	0.0282871841436
4385	26	24	84	47	297	298	0.170458387229
4386	103	46	52	0	212	171	4.82044315575e-09
4387	48	60	20	12	171	278	0.0721695253003
4388	102	2	503	24	236	254	0.0798688431619
4389	38	62	182	253	236	275	0.536799224976
4391	6893	16537	688	1081	281	298	0.00495125854682
4392	9350	10721	741	456	298	215	5.34675619547e-05
4393	37	107	190	480	298	298	0.554420356111
4394	11	1	82	21	298	256	0.112545890598
4395	7	0	36	25	296	261	0.000310290387986
4396	20	3	114	3	298	237	0.0995409330764
4397	60	3	214	3	298	237	0.220493244758
4398	40	3	100	3	298	237	0.371317292289
4399	16	40	70	100	248	298	0.104743702626
4400	0	2	69	0	253	298	5.65581424627e-06
4402	266	53	163	14	224	209	0.00851937887527
4403	1	10	33	81	263	263	0.0437315214429
4406	60	86	292	121	298	283	2.92843928329e-07
4409	366	502	323	422	242	251	0.781410791602
4415	349	667	2302	3030	298	298	0.0183371696284
4416	322	381	2996	1757	298	298	1.68300463759e-05
4417	1	8	34	0	236	272	3.82239351282e-10
4418	280	787	27	74	250	251	0.965916361582
4420	2	7	0	6	206	206	0.0397767276338
4421	36	30	119	121	280	264	0.51725444671
4422	40	130	109	155	238	258	0.00118629033382
4425	8935	13644	216	87	298	281	1.07225339718e-12
4426	4146	13638	41	114	271	281	0.515069884719
4427	5156	17973	149	202	298	298	1.54650115047e-07
4428	4181	9	41	7	271	298	1.6136830405e-05
4429	4181	8941	41	223	271	298	1.01218499727e-05
4433	0	1	11	15	282	238	0.00576813825105
4437	0	3	22	17	298	253	0.000814464369077
4441	14	2	37	0	298	298	0.0884419635992
4442	14	16	10	33	227	298	0.0377208591133
4443	18	28	179	80	298	298	0.000416240776653
4448	10	0	0	10	246	218	2.8081648118e-10
4457	0	14	13	97	241	290	0.00590477611289
4467	0	65	11	233	172	298	0.00654113096103
4468	6	0	60	7	212	224	0.0220578147824
4469	0	7	30	14	265	205	6.79315619845e-06
4475	27	249	26	272	212	207	0.697329769604
4479	308	7	2870	31	225	225	0.226601186705
4480	8	12	40	44	241	229	0.493973387313
4481	0	13	41	116	207	252	0.000309798502643
4486	21	4	409	38	295	298	0.516955118129
4487	85	213	35	79	242	283	0.727598885218
4488	52	29	206	59	243	211	0.0347285673842
4489	62	196	125	106	233	246	3.04321502442e-08
4491	24	16	25	0	264	220	1.42042115325e-06
4492	24	35	25	194	264	298	6.54694984648e-06
4493	16	35	0	194	220	298	9.45132860863e-13
4494	14	48	26	115	220	254	0.562885568914
4495	88	176	212	224	298	298	0.00272088554082
4499	7	12	33	26	245	272	0.140654238675
4502	52	23	92	12	230	251	0.00257444636044
4503	4	5	6	21	272	298	0.205432748652
4505	191	238	966	913	259	298	0.119626188176
4506	8	431	47	1874	298	298	0.336969710083
4507	38	55	36	34	191	279	0.211924349277
4508	18	17	44	32	222	188	0.528852902662
4510	0	18	28	70	272	265	7.12526210873e-05
4512	48	5	65	0	231	298	0.00960812459393
4513	48	423	65	304	231	298	0.0102481916146
4514	237	442	111	169	248	247	0.323740114852
4515	15	56	183	276	298	298	0.00370119534036
4516	26	37	42	76	216	298	0.486362045708
4517	432	823	373	481	298	298	0.0203408661164
4518	143	67	106	46	243	298	0.765307607949
4519	139	125	154	137	298	298	0.962568347552
4521	17	13	22	14	221	298	0.721441626757
4523	192	159	279	82	298	240	1.39976590607e-06
4524	2	0	7	21	197	241	0.000608258589813
4525	151	123	136	87	234	263	0.292681555422
4526	395	682	672	637	298	258	0.000260782577283
4527	8	0	38	33	184	298	0.000117442306121
4528	3	6	65	21	298	196	0.00909949680296
4530	4	18	0	38	298	188	0.006277826003
4531	12	2	3	21	298	298	9.8253405556e-07
4532	11	2	0	21	277	298	6.84536205497e-10
4533	62	98	240	585	298	296	0.062499333962
4535	1	48	0	126	203	263	0.356379717136
4537	385	554	543	387	234	208	3.36857744198e-05
4538	2359	12765	3592	17382	177	298	0.440664143781
4539	7307	12765	12016	17382	244	298	0.18691143526
4543	12	2	20	18	298	298	0.0116185692464
4544	147	14	216	0	289	247	4.97170064273e-06
4545	147	81	216	133	289	247	0.618991996758
4546	153	198	119	206	289	255	0.167507296759
4547	153	217	119	223	289	289	0.182304602635
4548	63	217	125	223	270	289	0.00373455094685
4549	30	122	62	216	253	289	0.562436285558
4553	40	12	181	0	298	251	4.14187339981e-09
4554	0	12	13	0	293	251	1.01795238905e-11
4555	1	0	3	17	247	298	0.00126473194294
4556	1	0	0	17	260	298	2.9459539264e-05
4558	3	225	0	497	221	298	0.663367078954
4559	11	225	9	497	280	298	0.0431142837609
4560	6	0	9	34	272	298	1.99693461844e-06
4561	0	4	28	9	281	269	4.5503975847e-05
4564	41	32	159	104	224	203	0.565928156272
4569	8	0	14	8	222	272	0.000812361410242
4582	0	2	21	0	298	278	2.01562694935e-06
4586	0	6	44	15	285	237	4.39497467919e-06
4587	1163	862	0	1	281	211	0.00434731652498
4588	12	130893	0	24	294	273	1
4589	107	130893	0	24	217	273	1
4590	439	43	996	49	187	210	0.00900433963364
4592	19	4	18	0	298	298	0.00770825808231
4593	2	63	15	104	288	298	0.00985740290663
4594	26	63	58	104	286	298	0.321902009371
4595	26	2	58	15	286	288	0.0420377043524
4597	19	0	244	2	210	153	1
4598	19	21	244	78	210	157	0.000846727845101
4601	4	232	24	335	261	261	0.00209096996836
4602	25	36	125	132	242	298	0.327944393742
4603	19	28	193	170	298	298	0.126890647151
4608	5	48	38	80	298	259	0.000686835321699
4609	223	398	369	332	282	235	0.000144399831608
4610	340	544	458	354	296	268	2.37883520687e-05
4613	126	82	138	78	298	248	0.564205776582
4615	4	45	5	195	244	298	0.149336532823
4616	4	29	5	106	244	298	0.213804747957
4618	54	23	320	259	298	251	0.0253907718893
4621	5	6	0	118	221	218	1.91742187572e-06
4622	7	9	106	20	230	221	0.00109965393977
4628	95	141	367	310	298	291	0.0065272329288
4629	32	74	141	151	189	255	0.00488152959693
4636	36	37	167	38	298	236	3.08762003975e-06
4637	37	37	342	38	298	236	6.77746747613e-12
4638	66	122	445	307	211	268	6.38641180251e-06
4647	7	10	10	17	298	235	0.787987790193
4649	18	48	108	367	212	265	0.517918684765
4650	26	33	17	23	298	185	0.868922800392
4651	20	164	23	275	184	269	0.296892514701
4655	25	14	51	1	184	250	1.75641828914e-06
4656	18	8	71	43	250	185	0.46836129771
4657	1	3	16	3	185	201	0.0136059251827
4660	15	12	88	11	272	212	0.000353801666723
4669	24	16	87	140	199	298	0.0154528118772
4670	28	42	17	32	233	236	0.563821370243
4671	3	4	0	26	251	242	0.000844406896235
4673	6	97	0	5	197	293	0.0334825952419
4674	6	3	93	27	219	237	0.744292900833
4675	8	22	0	4	261	298	0.00408205847106
4676	8	17	0	4	261	298	0.00268781495335
4677	29	81	53	161	216	232	0.804687745601
4678	8	21	51	172	298	298	0.728291033265
4679	0	10	81	63	298	260	3.69124743649e-06
4683	0	54	33	49	298	298	1.33264843605e-10
4685	24	85	81	538	220	220	0.0472605432563
4688	3	129	190	321	253	282	2.22044604925e-16
4689	2295	4	1912	1	152	167	1
4690	2295	0	1912	1	152	178	1
4691	36	58	30	108	223	233	0.0132270468544
4697	1	2	89	65	212	232	0.355589844639
4704	0	7	11	39	298	298	0.00369743182464
4705	0	21	11	56	298	298	0.00138060458705
4706	18	25	188	101	277	258	0.00775047732997
4708	61	98	172	80	298	298	7.41663185866e-07
4739	12	5	104	29	298	298	0.654369700567
4740	4	11	64	49	298	298	0.0230966045202
4742	12	0	32	57	298	247	1.47469163214e-07
4743	0	5	103	189	264	298	0.00121803586072
4748	5	18	33	42	298	229	0.0366243081718
4751	0	8	80	49	278	278	5.47153715003e-06
4761	115	93	1056	635	219	196	0.150825506007
4762	460	742	4045	4839	270	280	0.0532769117497
4764	16	48	87	362	298	247	0.420614191764
4766	671	646	3879	4022	269	245	0.63095289346
4767	682	114	4009	598	269	245	0.550420017313
4768	153	193	949	1558	246	298	0.150743593625
4769	51	193	241	1558	249	298	0.0205362235054
4771	12	6	97	90	298	298	0.204785817318
4772	241	167	6466	4259	298	234	0.776216345135
4773	6	0	21	15	298	289	0.00053546998179
4774	2	4	198	292	236	268	0.616035204207
4778	125	36	69	14	220	205	0.307720476813
4783	4	0	33	12	232	254	0.00470995922886
4784	42	56	25	195	293	280	2.9667369339e-08
4788	8	9	90	0	234	186	6.33489372071e-10
4789	8	18	90	63	234	298	0.0100931141779
4790	9	8	0	20	298	249	3.38025800128e-06
4791	15	9	125	21	298	238	0.0179660294526
4792	9	0	59	14	298	298	0.00353216730731
4793	14	18	188	194	202	292	0.597351702418
4794	41	30	276	291	292	237	0.207996034645
4795	19	53	0	47	254	296	8.46706515012e-07
4797	1	6	31	92	298	298	0.250537604774
4798	9	6	62	79	298	298	0.233615568466
4800	0	3	3	21	263	241	0.0583987273858
4801	21	3	195	32	211	298	0.643269465517
4803	41	10	204	13	298	210	0.00849327994976
4804	74	93	635	279	242	172	1.93165648987e-06
4806	7	2	58	81	188	218	0.0205457987311
4808	17	10	63	44	265	232	0.664548609551
4809	17	10	63	37	265	198	0.995807680296
4810	28	3	99	18	265	232	0.273319258084
4812	28	42	99	119	265	251	0.458870827672
4813	3	0	7	63	232	184	2.52453331743e-05
4814	3	42	18	119	232	251	0.132843896917
4819	0	12	55	75	229	253	2.01631994684e-05
4820	2174	23	4811	55	252	247	0.751962641181
4821	3068	39	6476	33	298	271	0.186293859179
4822	594	3	1089	19	206	187	0.0647123204269
4823	594	43	1089	40	206	271	0.011658494823
4824	3718	3	6673	19	181	187	1
4825	3718	43	6673	40	181	271	1
4826	3718	33	6673	32	181	247	1
4827	9	5	78	39	298	285	0.889489265445
4829	41	75	369	376	298	272	0.0170978976863
4830	17	0	355	30	298	247	0.0112380480339
4831	12	95	14	444	212	174	0.00298180917393
4832	161	154	960	587	239	212	0.0174987895336
4833	194	195	1676	632	248	239	5.3446208792e-08
4834	85	201	1048	1038	219	210	6.96532487576e-06
4835	40	5	113	130	247	216	9.91213165991e-08
4836	27	133	182	642	203	284	0.181684004496
4837	53	13	169	56	298	210	0.36387223805
4838	57	34	313	307	251	257	0.0601748639785
4839	1	0	43	13	298	284	0.0114717712127
4840	1	0	79	19	298	269	0.0138899753965
4842	59	230	288	1018	206	290	0.621461913409
4843	231	249	1329	878	290	293	0.0048656263239
4844	2	10	86	0	260	298	2.87880830285e-13
4850	22	33	16	0	298	273	6.07032616395e-08
4852	6	0	11	11	280	241	0.000238710342217
4854	21	14	239	95	288	298	0.223143242503
4862	5	0	113	58	298	266	0.0014170671088
4864	14	21	254	202	266	298	0.0940003402082
4869	6	18	40	134	222	239	0.908080379687
4870	6	17	40	99	222	235	0.700221492567
4871	91	106	431	426	215	252	0.440258757562
4874	3	166	0	600	225	298	0.740031384755
4877	16	1613	40	3387	274	271	0.622798122921
4878	20	1613	40	3387	298	271	0.982948286173
4883	0	9	7	59	221	298	0.011631133291
4886	101	299	411	577	231	261	9.44643883897e-05
4887	127	165	842	453	287	231	4.53160136415e-06
4889	5	0	72	30	298	202	0.00194903763871
4890	20	7	134	26	298	236	0.328235773228
4891	62	157	43	111	294	298	0.933714193676
4892	1	10	1	165	298	216	0.236253827321
4893	0	43	13	223	217	259	0.0105020070457
4894	14	83	64	247	275	298	0.173032631151
4898	6	136	0	55	287	298	0.0504351238267
4900	7	10	25	40	223	225	0.845126325478
4901	9	18	53	80	225	247	0.485550415166
4904	20	60	173	375	281	275	0.248816825387
4906	26	19	61	31	253	230	0.361662486689
4908	21	28	113	43	298	262	0.000525464707145
4909	11	87	72	41	280	298	8.98170426922e-14
4910	0	59	24	154	265	298	3.90985391105e-05
4911	0	94	24	197	265	298	1.63264341879e-05
4912	5	132	46	80	298	268	2.1007307005e-11
4913	3	83	0	41	298	298	0.232329043602
4914	40	132	89	80	298	268	1.33563265747e-06
4915	16161	17608	25668	18900	296	298	0.00589551952015
4916	0	13	19	9	222	246	1.5730053593e-07
4917	6953	8989	1172	853	272	266	0.000118660238149
4918	1928	2987	728	906	239	253	0.152431464718
4919	35	117	185	223	282	281	4.37983104397e-05
4920	34	108	88	266	209	298	0.830893034677
4921	46	44	496	177	255	255	0.000280624340095
4922	6	0	54	8	206	202	0.0138512193233
4923	0	8	7	36	242	249	0.00712013782664
4924	4	8	32	36	298	249	0.293952378073
4925	4	0	32	7	298	242	0.00808255701791
4929	1585	2	5187	0	281	244	1
4930	3	5	28	18	298	276	0.182394121107
4933	0	5	46	18	174	215	2.35672839998e-05
4934	3	0	0	64	298	298	7.9713952772e-08
4935	183	58	4988	2052	249	220	0.192258126218
4936	108	59	2799	2370	220	231	0.0391589082283
4937	66	37	0	15	226	218	1.26987206306e-08
4938	71	99	780	864	223	208	0.278452394552
4939	89	154	1207	1590	231	298	0.164803287832
4940	292	317	2672	1741	298	269	0.00208152897789
4943	0	3	4	161	230	239	0.359400552927
4944	9	26	39	58	232	298	0.118599588773
4946	317	512	1229	964	278	253	1.03686422221e-05
4948	34	33	141	58	257	226	0.00762653540737
4954	13	148	50	220	187	298	0.00401130763999
4955	27	28	175	48	298	227	0.000112887831573
