ID
1
2
5
7
13
14
17
18
20
21
22
23
25
32
46
47
48
49
52
53
54
55
56
57
59
60
61
64
66
68
69
70
73
74
76
77
78
79
80
81
84
85
88
92
93
94
95
98
100
101
104
105
106
107
110
111
113
114
116
117
119
128
129
130
131
132
133
134
135
136
139
140
142
143
146
155
157
158
166
170
171
173
175
176
178
180
182
183
194
201
202
205
207
209
210
211
213
222
223
224
225
229
230
231
232
233
234
235
237
238
239
240
242
243
244
253
261
263
265
266
267
268
269
270
274
275
276
277
278
279
280
281
282
283
284
285
286
287
288
289
290
291
292
293
294
295
299
301
302
306
307
309
310
311
312
313
314
315
316
318
319
320
321
322
325
326
331
332
336
338
339
340
341
342
343
350
353
354
355
356
357
360
361
362
363
364
365
366
368
369
370
371
372
373
377
380
383
387
391
392
399
400
401
405
410
411
412
413
414
416
417
418
419
420
421
423
424
425
426
427
428
429
430
431
432
433
434
435
436
437
438
439
440
442
443
444
445
446
447
455
456
465
471
472
473
474
475
476
478
479
480
481
482
484
485
486
487
488
489
490
491
492
493
494
503
504
505
506
507
509
510
512
513
514
515
516
519
521
523
524
526
527
528
530
532
533
536
538
543
544
545
546
549
550
551
552
553
554
555
556
558
559
563
564
566
567
569
570
572
573
574
577
578
579
580
582
583
584
586
587
589
591
592
593
594
595
596
597
599
601
602
603
604
605
606
607
608
609
610
615
616
617
620
621
622
623
625
626
627
647
648
649
650
651
652
653
654
655
656
658
659
660
661
663
664
665
668
669
670
671
673
675
676
678
679
680
681
682
683
684
685
686
687
690
691
692
693
694
695
696
697
698
699
700
701
704
705
706
707
708
709
710
711
712
714
715
716
717
720
721
729
730
731
732
733
744
745
746
747
750
751
755
758
759
760
761
762
764
766
767
769
770
771
772
776
777
778
779
780
781
782
786
788
794
796
797
798
800
801
802
803
804
805
806
808
809
810
811
812
813
818
819
820
821
823
824
825
826
827
828
829
830
831
832
834
838
839
844
845
846
847
870
871
872
873
880
881
884
894
896
897
898
899
900
906
907
911
912
913
919
920
921
922
923
934
935
941
947
948
949
950
951
952
954
955
956
960
962
964
966
968
971
972
973
978
981
983
987
989
990
992
995
996
997
999
1004
1008
1009
1010
1011
1013
1014
1015
1016
1017
1021
1022
1029
1030
1031
1032
1034
1035
1036
1039
1041
1042
1043
1044
1045
1046
1049
1050
1051
1052
1053
1054
1055
1056
1057
1058
1059
1060
1061
1062
1064
1065
1067
1068
1070
1071
1074
1075
1076
1083
1084
1085
1086
1087
1088
1089
1090
1092
1093
1094
1095
1096
1097
1098
1099
1101
1102
1111
1114
1115
1116
1118
1119
1120
1122
1123
1124
1125
1126
1127
1131
1132
1135
1136
1137
1138
1139
1140
1142
1143
1144
1145
1146
1148
1149
1150
1151
1152
1161
1163
1164
1169
1170
1171
1172
1173
1175
1178
1179
1180
1181
1183
1184
1185
1186
1187
1188
1189
1190
1196
1197
1198
1200
1201
1202
1203
1204
1205
1206
1207
1208
1210
1211
1215
1222
1224
1226
1227
1228
1231
1232
1233
1234
1235
1236
1238
1239
1240
1263
1264
1269
1270
1273
1275
1276
1277
1278
1281
1282
1283
1287
1289
1290
1293
1294
1297
1298
1299
1300
1301
1302
1303
1308
1311
1313
1315
1321
1325
1328
1330
1332
1333
1334
1338
1341
1346
1347
1348
1349
1350
1351
1352
1357
1360
1361
1362
1363
1364
1365
1366
1367
1369
1370
1371
1376
1380
1381
1382
1383
1384
1387
1390
1391
1401
1402
1403
1406
1408
1409
1410
1413
1414
1416
1417
1420
1421
1423
1426
1430
1433
1434
1435
1437
1439
1440
1442
1443
1444
1445
1447
1452
1455
1456
1457
1459
1462
1463
1464
1465
1467
1469
1470
1472
1474
1475
1476
1477
1478
1480
1481
1483
1488
1490
1491
1492
1493
1496
1498
1499
1500
1501
1502
1503
1504
1507
1508
1510
1515
1516
1519
1520
1522
1523
1525
1526
1527
1529
1530
1531
1532
1533
1534
1536
1537
1538
1539
1540
1541
1542
1543
1544
1545
1546
1547
1548
1549
1552
1553
1555
1556
1557
1560
1563
1564
1568
1571
1572
1574
1575
1576
1578
1579
1580
1582
1583
1592
1595
1596
1604
1606
1607
1610
1612
1613
1616
1617
1619
1620
1621
1622
1624
1625
1626
1627
1628
1629
1631
1633
1634
1637
1638
1639
1640
1641
1643
1644
1645
1647
1648
1649
1651
1652
1653
1654
1655
1656
1657
1658
1660
1661
1663
1665
1666
1668
1669
1675
1677
1678
1679
1680
1681
1682
1685
1686
1689
1690
1691
1694
1696
1698
1704
1710
1711
1713
1716
1717
1722
1724
1725
1726
1727
1728
1729
1730
1731
1732
1733
1734
1735
1737
1739
1741
1743
1745
1747
1749
1750
1751
1754
1755
1756
1763
1764
1767
1768
1769
1771
1773
1774
1777
1778
1779
1780
1781
1782
1784
1785
1786
1787
1788
1789
1790
1794
1799
1800
1801
1803
1804
1805
1806
1807
1814
1815
1817
1823
1824
1827
1828
1829
1832
1834
1835
1836
1837
1838
1839
1840
1841
1842
1843
1845
1846
1856
1864
1866
1868
1869
1873
1874
1876
1881
1884
1886
1887
1888
1890
1891
1893
1895
1897
1901
1903
1905
1906
1907
1908
1909
1910
1911
1912
1913
1914
1915
1916
1917
1918
1922
1924
1929
1930
1931
1932
1933
1935
1940
1941
1942
1948
1949
1950
1951
1952
1953
1954
1955
1956
1957
1958
1959
1963
1965
1966
1967
1968
1970
1972
1973
1974
1975
1976
1982
1983
1984
1987
1988
1990
1993
1994
1995
1998
1999
2000
2001
2003
2004
2005
2006
2008
2009
2011
2012
2013
2014
2017
2018
2019
2020
2021
2022
2023
2025
2028
2029
2030
2032
2033
2034
2035
2039
2040
2044
2047
2054
2057
2058
2059
2061
2062
2063
2064
2065
2066
2067
2068
2069
2070
2071
2075
2076
2085
2086
2087
2088
2089
2090
2100
2101
2102
2103
2106
2107
2108
2109
2110
2117
2119
2124
2125
2126
2128
2129
2130
2134
2135
2136
2138
2142
2143
2144
2145
2146
2147
2148
2149
2150
2151
2152
2155
2156
2157
2158
2159
2160
2161
2162
2165
2166
2167
2169
2170
2171
2172
2174
2177
2184
2185
2186
2187
2192
2198
2199
2200
2203
2204
2207
2212
2214
2215
2216
2218
2219
2220
2221
2222
2223
2224
2225
2226
2228
2230
2231
2232
2233
2237
2238
2239
2240
2241
2253
2256
2261
2264
2267
2268
2272
2273
2274
2275
2276
2277
2278
2280
2281
2283
2284
2285
2288
2289
2295
2297
2298
2300
2301
2311
2319
2320
2328
2338
2339
2340
2341
2342
2343
2344
2345
2346
2354
2361
2362
2364
2365
2366
2367
2368
2369
2370
2371
2372
2373
2374
2376
2378
2382
2385
2386
2387
2388
2390
2392
2393
2397
2398
2399
2403
2405
2406
2408
2409
2410
2416
2418
2421
2422
2423
2425
2427
2429
2430
2431
2432
2433
2434
2436
2437
2438
2439
2440
2444
2446
2447
2449
2458
2460
2462
2463
2464
2465
2466
2467
2470
2471
2472
2474
2475
2478
2480
2482
2483
2484
2485
2486
2487
2488
2489
2490
2491
2492
2495
2498
2499
2500
2501
2503
2504
2505
2508
2509
2511
2513
2514
2515
2517
2518
2519
2520
2521
2525
2527
2528
2529
2530
2531
2532
2533
2534
2535
2540
2541
2542
2543
2544
2546
2554
2560
2561
2564
2565
2571
2572
2573
2574
2575
2576
2577
2580
2582
2583
2584
2596
2600
2601
2602
2603
2604
2609
2610
2611
2612
2613
2614
2615
2617
2618
2619
2620
2621
2626
2628
2629
2631
2632
2634
2635
2636
2639
2640
2641
2642
2643
2644
2645
2646
2647
2648
2649
2650
2651
2652
2653
2655
2656
2658
2659
2660
2662
2664
2665
2666
2669
2672
2674
2678
2679
2680
2681
2682
2685
2691
2692
2694
2695
2696
2697
2698
2700
2701
2702
2705
2709
2711
2722
2731
2733
2735
2738
2739
2740
2741
2742
2743
2744
2746
2749
2751
2752
2753
2754
2755
2761
2762
2766
2776
2777
2778
2779
2780
2782
2783
2789
2803
2804
2805
2806
2808
2809
2810
2812
2813
2814
2815
2816
2817
2818
2821
2824
2827
2828
2829
2833
2834
2835
2839
2840
2841
2842
2843
2845
2846
2847
2848
2849
2853
2854
2855
2856
2857
2858
2860
2861
2864
2865
2866
2867
2868
2869
2870
2871
2872
2873
2874
2875
2876
2877
2878
2879
2881
2882
2883
2884
2887
2888
2889
2890
2891
2894
2895
2900
2902
2903
2905
2918
2919
2921
2924
2925
2926
2927
2928
2929
2930
2931
2932
2933
2934
2935
2936
2937
2938
2939
2940
2949
2952
2953
2955
2966
2967
2968
2969
2970
2971
2972
2973
2974
2979
2980
2982
2984
2985
2986
2987
2988
2989
2990
2993
2994
2995
2996
2997
2999
3000
3001
3002
3003
3004
3005
3007
3013
3014
3015
3017
3019
3020
3021
3022
3024
3025
3026
3027
3032
3034
3036
3040
3041
3042
3044
3045
3046
3047
3048
3053
3057
3063
3064
3066
3067
3068
3070
3071
3072
3074
3075
3078
3082
3083
3085
3087
3089
3090
3091
3092
3094
3095
3096
3098
3099
3101
3102
3103
3104
3106
3107
3112
3113
3114
3128
3129
3130
3141
3142
3143
3144
3145
3146
3147
3148
3151
3152
3153
3155
3161
3163
3164
3165
3166
3167
3168
3171
3173
3175
3179
3180
3183
3184
3185
3186
3187
3191
3192
3193
3194
3195
3200
3206
3207
3208
3209
3210
3211
3214
3215
3216
3217
3218
3219
3220
3221
3225
3227
3229
3230
3231
3232
3233
3236
3237
3239
3240
3241
3242
3244
3250
3251
3252
3253
3254
3259
3260
3261
3264
3265
3266
3267
3269
3270
3273
3274
3275
3276
3277
3279
3280
3282
3287
3288
3289
3290
3291
3292
3293
3294
3298
3300
3304
3305
3307
3309
3310
3311
3313
3314
3316
3317
3319
3324
3325
3327
3334
3337
3339
3341
3342
3343
3344
3347
3348
3349
3350
3351
3352
3353
3355
3356
3362
3363
3364
3365
3366
3367
3368
3373
3374
3376
3379
3380
3381
3382
3384
3385
3386
3387
3389
3393
3394
3398
3406
3409
3416
3426
3427
3428
3429
3430
3431
3434
3444
3445
3446
3447
3448
3449
3450
3451
3453
3454
3456
3463
3467
3470
3472
3473
3475
3476
3499
3502
3503
3505
3506
3512
3516
3517
3520
3521
3523
3524
3525
3526
3527
3528
3529
3530
3531
3532
3534
3540
3542
3545
3546
3547
3548
3549
3550
3562
3563
3565
3566
3568
3569
3570
3572
3576
3580
3581
3582
3584
3585
3586
3587
3588
3592
3593
3594
3595
3596
3597
3602
3606
3607
3608
3609
3610
3612
3614
3615
3620
3622
3624
3625
3628
3631
3632
3634
3636
3637
3638
3639
3640
3641
3642
3647
3648
3649
3650
3654
3655
3657
3659
3660
3661
3662
3664
3665
3666
3667
3668
3670
3673
3675
3677
3678
3679
3680
3681
3683
3685
3686
3687
3689
3692
3693
3698
3699
3701
3703
3705
3706
3707
3708
3709
3711
3712
3717
3718
3721
3722
3731
3735
3739
3747
3749
3752
3753
3755
3760
3764
3765
3766
3769
3772
3773
3775
3777
3778
3779
3780
3781
3782
3783
3784
3785
3786
3787
3789
3790
3791
3792
3793
3794
3796
3798
3799
3800
3801
3802
3803
3804
3806
3807
3808
3812
3813
3815
3818
3819
3821
3822
3823
3825
3826
3827
3828
3829
3836
3837
3839
3841
3843
3845
3846
3847
3848
3851
3854
3856
3857
3858
3859
3860
3861
3863
3864
3865
3870
3871
3873
3875
3876
3877
3878
3879
3880
3881
3882
3884
3886
3887
3888
3889
3890
3891
3892
3894
3895
3896
3900
3901
3910
3911
3912
3913
3915
3916
3917
3918
3920
3922
3925
3926
3929
3931
3932
3933
3937
3938
3941
3942
3943
3945
3946
3947
3949
3952
3954
3955
3956
3958
3962
3963
3964
3965
3966
3967
3968
3969
3972
3974
3978
3979
3980
3982
3983
3984
3987
3988
3989
3990
3998
4001
4002
4003
4004
4005
4006
4007
4008
4010
4012
4013
4015
4016
4020
4024
4025
4026
4027
4028
4029
4038
4041
4044
4046
4047
4048
4049
4050
4052
4054
4055
4058
4060
4061
4062
4065
4068
4069
4071
4075
4076
4077
4078
4080
4083
4084
4087
4088
4090
4091
4092
4093
4095
4096
4097
4099
4100
4101
4103
4104
4105
4107
4108
4109
4110
4111
4112
4113
4114
4115
4116
4117
4120
4122
4123
4124
4125
4126
4127
4128
4129
4131
4134
4137
4138
4140
4141
4142
4144
4145
4146
4149
4151
4152
4153
4154
4155
4156
4157
4158
4160
4164
4165
4167
4180
4182
4183
4187
4188
4192
4193
4195
4197
4198
4199
4201
4206
4207
4209
4210
4211
4212
4213
4218
4219
4220
4221
4223
4224
4227
4228
4229
4230
4236
4237
4238
4239
4240
4243
4245
4248
4251
4253
4254
4264
4266
4267
4269
4276
4278
4279
4280
4281
4282
4283
4284
4285
4286
4287
4293
4295
4308
4309
4311
4313
4315
4317
4318
4319
4320
4321
4322
4323
4324
4325
4326
4328
4329
4334
4338
4339
4340
4342
4343
4344
4346
4347
4348
4350
4351
4358
4360
4361
4363
4368
4369
4370
4374
4375
4376
4377
4378
4381
4383
4384
4385
4386
4387
4388
4389
4391
4393
4394
4395
4396
4397
4398
4399
4400
4401
4402
4403
4404
4405
4406
4407
4408
4411
4413
4417
4418
4419
4420
4421
4425
4426
4427
4429
4430
4431
4432
4436
4438
4439
4443
4444
4445
4446
4447
4448
4449
4450
4451
4453
4457
4458
4460
4461
4463
4464
4465
4466
4468
4470
4471
4472
4474
4475
4478
4479
4481
4482
4487
4488
4489
4490
4498
4500
4501
4502
4504
4505
4506
4507
4508
4509
4510
4511
4512
4513
4514
4515
4516
4517
4519
4520
4521
4523
4524
4526
4527
4528
4530
4534
4537
4542
4543
4545
4546
4556
4557
4558
4559
4561
4562
4564
4565
4566
4567
4570
4571
4572
4573
4601
4602
4604
4605
4606
4607
4608
4609
4610
4611
4612
4614
4616
4617
4618
4619
4620
4621
4622
4623
4628
4631
4632
4636
4637
4638
4639
4640
4641
4645
4646
4647
4648
4649
4650
4651
4652
4653
4654
4656
4657
4659
4663
4664
4666
4667
4668
4669
4670
4671
4673
4674
4676
4679
4680
4681
4682
4684
4685
4687
4689
4690
4691
4692
4693
4694
4696
4702
4703
4704
4705
4707
4708
4709
4710
4711
4713
4714
4715
4716
4718
4719
4720
4722
4723
4724
4727
4729
4737
4738
4741
4747
4752
4755
4756
4761
4762
4768
4769
4770
4771
4772
4777
4778
4779
4780
4781
4782
4783
4784
4786
4789
4793
4795
4796
4797
4800
4801
4802
4804
4810
4811
4816
4817
4820
4822
4827
4829
4830
4841
4844
4850
4851
4852
4853
4859
4861
4862
4868
4870
4871
4872
4873
4874
4875
4876
4880
4881
4885
4886
4891
4894
4895
4897
4899
4902
4910
4911
4912
4913
4914
4915
4916
4917
4918
4919
4920
4921
4922
4923
4924
4925
4927
4928
4930
4932
4933
4935
4937
4938
4939
4940
4943
4949
4950
4951
4954
4955
4956
4959
4960
4961
4966
4967
4971
4973
4974
4975
4976
4977
4980
4981
4982
4983
4984
4985
4986
4987
4988
4989
4995
4996
4998
5001
5007
5008
5009
5010
5011
5015
5020
5021
5024
5025
5027
5028
5030
5031
5036
5037
5038
5039
5041
5042
5044
5045
5046
5048
5049
5050
5052
5053
5054
5055
5056
5057
5059
5061
5062
5063
5064
5070
5074
5077
5078
5079
5080
5081
5082
5084
5088
5090
5091
5092
5093
5094
5096
5097
5098
5099
5103
5104
5105
5106
5107
5112
5113
5116
5119
5120
5122
5123
5124
5126
5127
5131
5132
5134
5135
5136
5139
5142
5144
5146
5150
5151
5152
5155
5157
5159
5164
5165
5166
5167
5168
5169
5171
5172
5173
5174
5180
5186
5187
5188
5189
5191
5195
5201
5202
5203
5205
5206
5207
5209
5211
5213
5214
5216
5217
5218
5221
5222
5223
5224
5225
5229
5230
5231
5232
5233
5234
5235
5237
5238
5242
5243
5247
5248
5249
5250
5251
5253
5255
5262
5263
5266
5267
5269
5270
5271
5276
5277
5278
5279
5281
5283
5284
5285
5288
5290
5292
5293
5301
5303
5304
5307
5309
5311
5313
5314
5315
5316
5317
5320
5322
5324
5325
5326
5327
5331
5335
5337
5341
5342
5347
5348
5349
5350
5352
5353
5354
5355
5356
5360
5361
5362
5366
5367
5368
5369
5370
5374
5384
5391
5392
5394
5396
5398
5399
5401
5402
5403
5404
5405
5406
5407
5414
5415
5419
5420
5426
5427
5428
5429
5431
5432
5434
5435
5436
5437
5440
5444
5445
5446
5447
5448
5449
5450
5451
5452
5454
5455
5464
5465
5468
5469
5470
5471
5472
5475
5476
5479
5482
5484
5485
5486
5487
5488
5489
5490
5491
5497
5499
5502
5503
5505
5506
5508
5509
5512
5513
5514
5515
5516
5517
5519
5520
5521
5522
5525
5526
5527
5528
5529
5530
5531
5534
5538
5540
5541
5545
5546
5547
5549
5550
5551
5552
5553
5554
5555
5556
5557
5558
5560
5561
5566
5567
5568
5571
5572
5573
5577
5578
5581
5582
5585
5588
5591
5592
5593
5594
5599
5604
5605
5607
5613
5614
5616
5618
5619
5620
5621
5623
5633
5639
5645
5646
5647
5648
5649
5650
5652
5655
5656
5659
5660
5661
5662
5664
5665
5666
5667
5668
5669
5670
5673
5676
5679
5680
5681
5682
5683
5684
5686
5687
5690
5691
5692
5698
5701
5704
5705
5706
5707
5715
5718
5719
5724
5725
5726
5727
5728
5734
5735
5736
5738
5741
5742
5743
5765
5766
5767
5768
5772
5773
5774
5775
5776
5778
5779
5780
5781
5783
5784
5785
5786
5792
5793
5795
5800
5802
5803
5804
5805
5806
5809
5810
5811
5812
5815
5816
5819
5821
5823
5824
5825
5826
5829
5830
5833
5839
5840
5842
5848
5852
5856
5857
5861
5862
5863
5866
5867
5869
5872
5873
5874
5875
5876
5877
5878
5883
5884
5885
5886
5887
5889
5890
5894
5895
5897
5900
5903
5904
5905
5906
5907
5908
5910
5911
5912
5913
5914
5915
5916
5917
5918
5919
5920
5921
5922
5923
5924
5926
5929
5930
5932
5933
5934
5937
5938
5939
5941
5943
5944
5949
5952
5953
5957
5958
5961
5962
5963
5969
5971
5972
5973
5974
5976
5977
5979
5980
5981
5992
5993
5994
5995
5997
5998
6003
6004
6005
6006
6007
6008
6009
6010
6013
6014
6015
6016
6019
6021
6022
6023
6025
6026
6029
6034
6035
6038
6039
6040
6041
6042
6043
6044
6049
6050
6051
6052
6058
6060
6061
6062
6063
6067
6068
6069
6070
6078
6079
6082
6087
6089
6092
6093
6095
6096
6097
6098
6099
6100
6106
6108
6109
6110
6127
6128
6130
6132
6133
6134
6136
6137
6138
6139
6140
6141
6142
6143
6144
6145
6146
6148
6150
6151
6152
6153
6155
6162
6163
6176
6178
6179
6182
6183
6186
6189
6190
6191
6192
6193
6194
6195
6196
6202
6209
6210
6211
6213
6218
6220
6221
6222
6224
6225
6226
6228
6230
6231
6232
6233
6234
6235
6239
6240
6244
6245
6246
6247
6248
6250
6251
6252
6253
6255
6256
6257
6258
6259
6261
6262
6267
6268
6271
6282
6283
6286
6287
6289
6290
6291
6303
6304
6305
6306
6310
6312
6314
6315
6317
6319
6320
6324
6327
6330
6331
6332
6333
6334
6335
6336
6337
6338
6340
6346
6347
6348
6350
6352
6357
6358
6359
6362
6366
6367
6368
6369
6370
6371
6372
6373
6374
6384
6385
6386
6388
6389
6394
6402
6403
6407
6415
6416
6417
6418
6424
6432
6434
6435
6436
6437
6438
6440
6441
6442
6443
6444
6445
6446
6447
6448
6449
6450
6451
6461
6462
6463
6464
6465
6467
6469
6470
6474
6475
6476
6477
6478
6480
6485
6486
6487
6489
6492
6494
6495
6498
6500
6501
6502
6504
6505
6506
6507
6508
6509
6511
6513
6519
6520
6521
6522
6523
6524
6526
6527
6531
6535
6537
6538
6541
6542
6544
6545
6546
6547
6548
6549
6550
6551
6552
6553
6554
6555
6557
6558
6559
6563
6566
6570
6580
6582
6583
6585
6586
6587
6588
6590
6591
6592
6593
6594
6596
6597
6598
6600
6603
6616
6622
6623
6624
6625
6626
6627
6628
6630
6638
6639
6641
6646
6648
6651
6655
6656
6657
6658
6660
6661
6662
6663
6664
6665
6666
6667
6668
6669
6671
6672
6673
6674
6675
6676
6677
6678
6679
6680
6681
6682
6685
6688
6689
6691
6693
6694
6705
6706
6707
6710
6712
6713
6716
6717
6718
6719
6722
6723
6724
6726
6727
6728
6729
6732
6735
6738
6739
6746
6748
6749
6750
6751
6752
6753
6754
6756
6757
6758
6760
6761
6762
6763
6783
6784
6785
6786
6788
6791
6792
6795
6796
6801
6804
6808
6810
6814
6815
6819
6820
6821
6823
6824
6825
6827
6828
6837
6841
6851
6854
6855
6864
6865
6866
6867
6869
6870
6871
6877
6881
6882
6883
6884
6885
6892
6894
6897
6898
6901
6902
6903
6905
6906
6909
6910
6911
6912
6913
6914
6915
6919
6920
6921
6922
6923
6924
6929
6930
6932
6939
6940
6941
6943
6944
6945
6949
6950
6951
6952
6953
6954
6956
6961
6963
6964
6965
6971
6972
6975
6976
6978
6979
6980
6986
6991
6992
6993
6994
6995
6997
7001
7002
7005
7009
7010
7012
7013
7014
7015
7016
7019
7029
7030
7033
7034
7035
7036
7037
7038
7039
7040
7041
7042
7043
7044
7047
7048
7050
7051
7052
7055
7058
7059
7060
7061
7062
7063
7064
7066
7068
7069
7071
7072
7073
7074
7076
7077
7078
7080
7081
7086
7093
7095
7096
7097
7098
7099
7102
7104
7105
7106
7107
7110
7111
7112
7113
7115
7116
7119
7120
7121
7122
7123
7124
7125
7126
7127
7128
7130
7131
7132
7135
7137
7138
7140
7143
7144
7145
7149
7152
7154
7155
7157
7159
7160
7162
7163
7167
7168
7181
7183
7188
7189
7191
7192
7193
7196
7197
7198
7199
7202
7204
7205
7206
7207
7209
7210
7211
7215
7216
7218
7220
7221
7222
7228
7233
7234
7238
7239
7241
7242
7245
7246
7249
7256
7257
7258
7260
7266
7268
7274
7275
7278
7279
7282
7285
7286
7295
7296
7297
7298
7305
7310
7317
7318
7319
7320
7321
7322
7323
7324
7325
7326
7327
7328
7332
7333
7337
7338
7345
7346
7348
7349
7351
7352
7353
7354
7356
7360
7362
7363
7364
7365
7367
7368
7369
7371
7372
7373
7374
7375
7378
7382
7388
7389
7395
7397
7398
7399
7401
7402
7404
7405
7406
7407
7408
7409
7410
7411
7412
7413
7415
7418
7419
7420
7423
7424
7425
7426
7428
7429
7430
7431
7435
7436
7437
7440
7441
7442
7443
7445
7446
7447
7448
7449
7450
7451
7463
7467
7468
7469
7470
7471
7473
7477
7478
7479
7480
7482
7483
7484
7485
7487
7488
7489
7490
7491
7493
7494
7501
7505
7510
7511
7512
7517
7518
7519
7521
7524
7525
7526
7528
7529
7530
7531
7532
7535
7538
7539
7540
7541
7542
7543
7544
7545
7546
7547
7549
7551
7552
7553
7554
7555
7556
7560
7561
7562
7567
7569
7570
7574
7575
7579
7580
7581
7586
7587
7588
7589
7592
7594
7595
7596
7597
7598
7599
7600
7601
7602
7606
7608
7610
7611
7612
7613
7614
7615
7616
7617
7619
7620
7621
7622
7623
7624
7625
7626
7627
7629
7630
7631
7632
7633
7634
7635
7638
7639
7642
7643
7644
7645
7646
7648
7650
7651
7652
7653
7654
7655
7656
7657
7658
7661
7662
7664
7665
7666
7668
7670
7671
7672
7673
7674
7677
7678
7679
7680
7681
7694
7696
7698
7699
7700
7702
7707
7708
7709
7727
7730
7732
7737
7740
7741
7743
7747
7750
7754
7756
7758
7759
7760
7761
7762
7763
7764
7765
7766
7767
7768
7771
7772
7773
7774
7779
7786
7787
7788
7789
7790
7791
7792
7795
7796
7797
7798
7801
7803
7808
7810
7812
7813
7814
7816
7817
7818
7819
7820
7822
7825
7831
7836
7838
7843
7844
7845
7846
7851
7853
7854
7855
7858
7859
7860
7863
7864
7865
7866
7867
7870
7871
7880
7883
7885
7886
7887
7888
7889
7890
7891
7892
7893
7895
7897
7902
7904
7907
7908
7909
7913
7914
7915
7916
7918
7921
7924
7926
7927
7928
7929
7930
7931
7932
7933
7934
7935
7939
7940
7944
7948
7949
7950
7954
7956
7958
7959
7960
7961
7962
7963
7964
7968
7973
7975
7976
7977
7978
7982
7986
7987
7988
7990
7992
7996
7998
7999
8000
8002
8003
8004
8005
8006
8008
8009
8012
8013
8014
8015
8017
8018
8020
8022
8023
8026
8027
8028
8029
8030
8031
8032
8033
8035
8040
8042
8045
8046
8048
8049
8050
8051
8052
8054
8055
8057
8058
8059
8060
8061
8062
8063
8064
8068
8069
8070
8072
8073
8074
8075
8084
8086
8088
8090
8095
8096
8097
8098
8100
8101
8104
8105
8106
8107
8108
8109
8110
8115
8119
8120
8122
8125
8127
8130
8131
8132
8133
8134
8137
8138
8143
8144
8145
8147
8149
8150
8151
8154
8155
8156
8159
8160
8161
8162
8163
8166
8167
8173
8176
8178
8182
8183
8184
8185
8190
8191
8195
8198
8199
8200
8201
8202
8205
8206
8208
8209
8216
8218
8219
8220
8224
8225
8226
8229
8247
8248
8249
8259
8261
8262
8263
8264
8268
8269
8270
8271
8272
8273
8274
8275
8276
8277
8280
8281
8285
8288
8289
8291
8292
8294
8295
8296
8297
8300
8303
8304
8309
8310
8313
8314
8316
8320
8321
8322
8323
8324
8325
8326
8327
8328
8334
8335
8336
8337
8338
8339
8340
8341
8347
8350
8351
8352
8353
8356
8358
8359
8360
8362
8363
8364
8367
8372
8373
8374
8389
8390
8391
8392
8397
8398
8399
8400
8401
8404
8405
8406
8407
8409
8413
8414
8415
8417
8419
8422
8423
8424
8434
8436
8437
8439
8440
8441
8443
8448
8451
8452
8453
8456
8458
8462
8463
8465
8466
8467
8468
8469
8470
8471
8472
8473
8475
8480
8481
8482
8483
8484
8489
8494
8497
8508
8509
8510
8511
8512
8527
8528
8529
8536
8538
8539
8540
8542
8545
8547
8548
8549
8550
8553
8554
8556
8557
8558
8560
8561
8562
8563
8564
8565
8566
8567
8570
8571
8574
8576
8577
8581
8583
8584
8585
8586
8587
8590
8593
8594
8595
8596
8597
8598
8599
8600
8601
8611
8612
8614
8616
8617
8618
8622
8623
8627
8628
8630
8631
8632
8639
8642
8645
8646
8647
8648
8649
8650
8651
8652
8658
8663
8664
8665
8669
8670
8674
8675
8676
8679
8680
8688
8689
8690
8691
8693
8696
8699
8701
8703
8704
8705
8706
8707
8709
8711
8712
8726
8727
8728
8729
8731
8735
8738
8740
8741
8744
8745
8747
8748
8749
8750
8752
8760
8761
8763
8764
8765
8767
8769
8770
8771
8773
8774
8775
8776
8778
8779
8792
8793
8795
8796
8797
8802
8803
8804
8806
8807
8808
8809
8810
8811
8812
8813
8814
8815
8816
8820
8821
8822
8825
8827
8828
8829
8830
8831
8832
8835
8836
8837
8838
8839
8841
8843
8845
8846
8853
8854
8859
8860
8861
8862
8864
8865
8866
8867
8870
8871
8874
8875
8881
8884
8887
8893
8900
8901
8902
8903
8906
8907
8910
8913
8915
8916
8918
8919
8921
8922
8924
8925
8926
8927
8928
8940
8941
8942
8944
8945
8947
8950
8953
8954
8955
8957
8959
8961
8962
8963
8964
8965
8978
8983
8984
8986
8989
8990
8991
8992
8993
8994
8995
8998
9001
9002
9003
9004
9013
9017
9018
9019
9020
9026
9028
9030
9034
9035
9037
9038
9042
9044
9047
9048
9049
9050
9051
9052
9053
9054
9055
9056
9057
9058
9059
9062
9063
9065
9068
9070
9071
9075
9080
9081
9085
9086
9087
9088
9092
9093
9098
9099
9103
9105
9106
9107
9109
9110
9113
9114
9115
9116
9117
9118
9119
9120
9121
9123
9124
9125
9126
9127
9128
9129
9130
9134
9135
9136
9137
9138
9139
9140
9141
9142
9144
9145
9146
9147
9148
9150
9151
9152
9154
9155
9156
9157
9158
9159
9160
9161
9162
9167
9168
9169
9170
9171
9174
9177
9178
9179
9181
9183
9185
9186
9191
9193
9195
9199
9202
9203
9205
9206
9207
9209
9210
9211
9213
9214
9215
9216
9217
9218
9219
9220
9221
9222
9224
9225
9226
9227
9228
9229
9230
9231
9235
9236
9237
9239
9240
9266
9268
9269
9270
9271
9273
9274
9275
9276
9280
9281
9299
9301
9302
9303
9304
9306
9307
9311
9312
9316
9318
9325
9326
9328
9330
9331
9335
9336
9341
9342
9344
9346
9347
9348
9349
9350
9351
9352
9353
9355
9356
9359
9360
9362
9364
9365
9366
9367
9368
9370
9374
9379
9380
9383
9385
9388
9389
9391
9396
9398
9399
9400
9408
9409
9412
9415
9417
9418
9419
9420
9422
9428
9429
9430
9434
9436
9439
9440
9441
9442
9443
9444
9445
9456
9457
9458
9459
9460
9461
9463
9464
9465
9468
9469
9470
9476
9477
9478
9481
9484
9486
9487
9488
9489
9490
9492
9493
9496
9497
9498
9502
9504
9505
9507
9510
9519
9520
9521
9523
9524
9525
9526
9529
9530
9531
9533
9535
9536
9537
9541
9542
9548
9549
9550
9551
9552
9553
9554
9564
9565
9566
9572
9573
9574
9575
9576
9577
9581
9582
9583
9587
9588
9592
9593
9594
9595
9596
9597
9598
9599
9601
9605
9607
9611
9614
9615
9616
9617
9620
9624
9627
9628
9629
9631
9632
9633
9634
9635
9636
9637
9638
9640
9641
9643
9649
9652
9653
9655
9656
9657
9658
9659
9660
9661
9663
9665
9666
9667
9668
9670
9671
9672
9673
9674
9675
9678
9679
9680
9681
9682
9683
9684
9686
9687
9688
9689
9690
9691
9694
9699
9700
9705
9706
9707
9708
9709
9710
9715
9716
9717
9721
9728
9730
9737
9740
9741
9742
9743
9745
9746
9753
9754
9755
9756
9757
9758
9759
9760
9766
9774
9775
9777
9780
9781
9786
9794
9795
9796
9798
9800
9801
9802
9803
9810
9811
9812
9816
9817
9818
9821
9822
9823
9824
9825
9826
9828
9829
9831
9832
9836
9837
9838
9848
9852
9854
9855
9856
9857
9858
9859
9860
9866
9870
9871
9872
9873
9874
9877
9878
9881
9882
9883
9884
9885
9886
9887
9888
9889
9890
9891
9893
9894
9896
9898
9899
9900
9905
9906
9907
9909
9910
9911
9912
9915
9916
9917
9918
9919
9920
9921
9922
9924
9925
9926
9929
9930
9931
9932
9935
9936
9937
9938
9939
9941
9942
9949
9953
9954
9955
9956
9961
9962
9964
9965
9966
9968
9969
9972
9973
9983
9986
9987
9988
9994
9995
9997
9998
9999
10001
10002
10003
10004
10005
10006
10007
10009
10010
10011
10013
10015
10016
10017
10018
10019
10020
10026
10027
10028
10030
10031
10032
10033
10034
10035
10036
10037
10038
10039
10040
10042
10043
10045
10048
10055
10056
10057
10058
10065
10067
10068
10069
10070
10072
10075
10078
10079
10081
10082
10083
10084
10102
10105
10106
10108
10109
10117
10120
10122
10125
10126
10130
10134
10135
10137
10138
10140
10142
10143
10144
10147
10148
10149
10152
10155
10159
10162
10163
10164
10172
10173
10174
10177
10178
10179
10182
10187
10201
10202
10203
10204
10205
10206
10207
10208
10209
10212
10213
10214
10215
10218
10220
10221
10222
10226
10227
10229
10231
10232
10233
10236
10237
10238
10242
10243
10244
10254
10255
10257
10258
10260
10261
10262
10272
10273
10275
10276
10277
10279
10281
10283
10284
10285
10286
10289
10290
10291
10296
10297
10298
10301
10302
10305
10308
10312
10313
10314
10315
10317
10319
10322
10323
10326
10328
10329
10330
10332
10333
10334
10335
10336
10338
10339
10344
10345
10346
10347
10350
10351
10352
10358
10369
10372
10373
10374
10375
10376
10377
10378
10379
10382
10383
10384
10388
10390
10392
10393
10395
10396
10397
10398
10400
10401
10402
10403
10404
10407
10408
10409
10410
10411
10412
10413
10416
10419
10421
10422
10424
10425
10426
10427
10428
10429
10430
10435
10436
10438
10439
10444
10446
10447
10448
10449
10453
10456
10457
10466
10469
10473
10478
10483
10484
10486
10487
10488
10489
10492
10493
10494
10495
10500
10501
10502
10503
10505
10506
10508
10509
10511
10512
10513
10514
10516
10517
10519
10520
10523
10524
10528
10529
10530
10532
10535
10556
10557
10558
10559
10561
10562
10563
10564
10565
10566
10567
10568
10571
10573
10574
10575
10576
10579
10584
10595
10596
10597
10598
10600
10602
10603
10605
10606
10612
10613
10614
10615
10618
10620
10622
10626
10630
10632
10633
10634
10635
10638
10639
10640
10643
10644
10645
10646
10650
10651
10652
10653
10654
10655
10656
10657
10660
10661
10662
10663
10664
10665
10668
10672
10676
10678
10681
10690
10693
10694
10698
10700
10701
10702
10703
10704
10705
10707
10708
10709
10719
10720
10726
10727
10728
10730
10733
10738
10739
10740
10741
10743
10744
10749
10750
10751
10753
10754
10755
10756
10757
10758
10760
10761
10769
10772
10773
10774
10775
10776
10777
10779
10780
10781
10782
10784
10785
10786
10787
10789
10790
10792
10793
10794
10796
10798
10799
10804
10805
10806
10807
10808
10810
10817
10818
10819
10820
10821
10827
10828
10837
10838
10843
10848
10849
10850
10855
10856
10858
10859
10861
10862
10863
10866
10867
10868
10870
10871
10872
10875
10880
10883
10884
10885
10887
10888
10889
10892
10893
10894
10895
10896
10897
10898
10899
10900
10901
10902
10903
10904
10905
10906
10909
10911
10913
10914
10915
10917
10918
10920
10922
10923
10924
10928
10929
10930
10934
10935
10942
10943
10945
10946
10949
10955
10958
10960
10962
10966
10967
10968
10970
10973
10974
10976
10978
10982
10985
10987
10990
10991
10992
10993
10994
10996
10999
11001
11004
11009
11010
11045
11046
11049
11050
11051
11053
11054
11055
11058
11062
11064
11065
11066
11079
11081
11082
11083
11084
11087
11088
11089
11090
11091
11092
11093
11098
11100
11101
11102
11103
11104
11105
11106
11107
11108
11109
11110
11111
11112
11113
11114
11115
11124
11125
11127
11131
11136
11137
11138
11142
11146
11147
11148
11150
11151
11154
11157
11158
11159
11160
11165
11169
11171
11172
11173
11174
11175
11176
11178
11181
11182
11183
11184
11186
11188
11189
11190
11192
11193
11194
11195
11196
11197
11198
11199
11200
11201
11202
11203
11204
11205
11206
11207
11208
11209
11210
11211
11212
11214
11216
11217
11218
11220
11221
11222
11223
11224
11226
11228
11229
11230
11231
11232
11233
11234
11236
11237
11238
11239
11240
11247
11248
11254
11257
11259
11261
11262
11263
11264
11265
11266
11268
11270
11271
11272
11274
11278
11279
11280
11281
11282
11283
11284
11285
11286
11288
11290
11292
11295
11296
11297
11298
11300
11301
11302
11303
11304
11305
11306
11307
11308
11310
11313
11315
11316
11317
11319
11320
11321
11322
11323
11324
11325
11326
11327
11328
11329
11330
11337
11338
11339
11340
11342
11343
11344
11349
11352
11353
11354
11356
11357
11358
11359
11360
11362
11363
11364
11365
11366
11368
11370
11371
11374
11376
11377
11378
11379
11381
11382
11387
11388
11391
11392
11393
11394
11395
11396
11398
11399
11400
11401
11402
11404
11406
11407
11415
11423
11424
11429
11435
11437
11438
11439
11440
11441
11442
11443
11444
11445
11448
11450
11451
11452
11453
11456
11458
11459
11460
11462
11465
11472
11474
11475
11478
11485
11488
11491
11492
11495
11497
11498
11499
11501
11504
11505
11506
11509
11511
11514
11515
11516
11517
11518
11519
11521
11522
11523
11524
11525
11526
11527
11528
11529
11530
11531
11535
11537
11538
11539
11541
11543
11547
11555
11556
11557
11559
11561
11563
11564
11569
11570
11571
11572
11575
11576
11579
11580
11582
11589
11590
11591
11592
11594
11595
11601
11602
11604
11605
11607
11610
11611
11612
11613
11614
11615
11618
11621
11622
11624
11625
11629
11630
11635
11636
11638
11639
11640
11643
11644
11645
11646
11648
11649
11651
11658
11661
11663
11664
11666
11667
11668
11669
11670
11672
11674
11691
11697
11701
11704
11705
11709
11712
11713
11714
11715
11716
11718
11719
11720
11721
11722
11723
11727
11728
11729
11733
11741
11742
11745
11747
11753
11754
11755
11760
11762
11767
11769
11770
11772
11774
11777
11778
11780
11781
11782
11783
11784
11788
11791
11792
11793
11795
11796
11799
11801
11803
11804
11807
11808
11812
11813
11814
11815
11816
11820
11821
11826
11827
11828
11829
11838
11841
11842
11843
11845
11846
11847
11848
11849
11850
11851
11852
11858
11859
11860
11861
11862
11863
11864
11865
11867
11868
11869
11871
11872
11876
11879
11883
11884
11885
11886
11887
11888
11891
11893
11895
11896
11897
11898
11899
11905
11906
11907
11909
11916
11918
11919
11922
11923
11924
11925
11926
11927
11928
11929
11931
11932
11933
11936
11940
11941
11942
11943
11945
11946
11949
11950
11952
11954
11956
11957
11961
11962
11963
11964
11965
11967
11972
11974
11975
11978
11979
11980
11981
11982
11983
11984
11985
11986
11987
11988
11989
11991
11992
11993
11994
11995
11996
11997
12001
12002
12003
12004
12022
12023
12024
12025
12026
12028
12029
12031
12033
12034
12036
12037
12041
12043
12044
12045
12046
12047
12048
12049
12050
12051
12052
12053
12054
12055
12056
12057
12058
12059
12060
12061
12062
12063
12067
12070
12074
12076
12079
12082
12084
12085
12088
12089
12090
12091
12092
12093
12094
12095
12096
12099
12101
12103
12106
12107
12116
12119
12120
12122
12123
12124
12125
12128
12130
12131
12132
12133
12136
12138
12139
12140
12141
12142
12147
12148
12151
12154
12163
12164
12165
12167
12168
12169
12170
12171
12172
12173
12174
12177
12178
12179
12186
12195
12200
12201
12202
12209
12210
12211
12212
12219
12225
12226
12227
12228
12229
12230
12232
12233
12234
12235
12236
12240
12241
12242
12244
12245
12248
12249
12250
12251
12253
12254
12256
12262
12269
12271
12272
12273
12277
12279
12280
12281
12282
12283
12284
12285
12286
12287
12288
12289
12291
12293
12294
12295
12296
12297
12299
12300
12301
12302
12303
12305
12306
12307
12308
12311
12312
12313
12314
12315
12317
12322
12325
12326
12327
12328
12329
12330
12334
12337
12338
12339
12340
12342
12345
12346
12348
12349
12351
12352
12353
12354
12355
12366
12367
12368
12369
12370
12382
12384
12385
12386
12389
12391
12392
12393
12394
12395
12396
12412
12415
12416
12417
12418
12419
12420
12421
12423
12427
12430
12431
12437
12439
12441
12443
12445
12446
12447
12454
12455
12456
12457
