IJC_SAMPLE_1	SJC_SAMPLE_1	IJC_SAMPLE_2	SJC_SAMPLE_2	IncFormLen	SkipFormLen
68	5	40	0	182	149
5	24	7	70	180	149
4	194	36	868	274	149
4	4	36	8	274	149
4	5	13	18	298	149
15	6	251	0	273	149
10	8	22	31	280	149
16	1419	6	981	254	149
10	1930	9	2411	298	149
8	0	10	3	298	149
4	0	0	32	161	149
36	9	124	43	166	149
21	3	61	0	158	149
3	3	47	0	201	149
3	21	47	61	192	149
20	27	80	23	296	149
26	2	117	7	208	149
94	0	216	11	298	149
96	0	214	11	298	149
42	192	29	168	204	149
22	6	68	0	171	149
68	178	69	279	267	149
11	5	117	24	155	149
2	25	66	88	200	149
10	103	2	337	153	149
0	58	7	25	177	149
0	20	8	96	298	149
0	11	2	39	196	149
11	77	0	18	164	149
115	26	501	40	298	149
177	5	349	14	204	149
9	57	90	64	154	149
22	4	12	18	154	149
7	13	0	12	240	149
2	13	49	8	153	149
123	79	39	22	208	149
16	36	4	58	159	149
43	0	58	13	208	149
4	47	0	35	165	149
68	3	340	0	227	149
0	4	30	0	298	149
10	13	0	49	210	149
21027	2	28797	0	168	149
5	53	15	65	298	149
0	13	19	38	169	149
23	6	267	448	298	149
0	23	27	358	298	149
0	4	31	134	298	149
15	15	900	117	243	149
37	7	47	12	228	149
1	3	65	0	298	149
29	10	45	11	201	149
16	0	5	52	229	149
36	8	22	0	290	149
27	7	93	36	164	149
72	373	18	439	158	149
41374	478	60342	659	159	149
136	478	196	659	298	149
137	41374	196	60342	298	149
40108	0	57234	9	298	149
0	17	1	16	153	149
321	44545	417	51538	173	149
59	4	80	0	298	149
33502	4	31338	0	298	149
22	312	29	489	284	149
33	270	0	578	266	149
16	0	48	17	204	149
32	24	28	4	161	149
275	24	260	4	298	149
276	20	250	16	298	149
0	260	13	3400	190	149
5	3	212	14	298	149
50	34	83	82	298	149
18	988	149	4166	232	149
8	76	2	489	233	149
122	0	254	3	234	149
38	0	145	96	164	149
66	195	123	107	191	149
752	131992	50	17182	183	149
187	14	224	55	284	149
0	41	9	179	298	149
171	49	77	14	155	149
10	271	64	445	298	149
78	8	287	24	164	149
0	5	36	18	298	149
0	440	36	893	298	149
20	195	28	392	237	149
13	2075	0	6	159	149
177	27	178	23	298	149
2282	27	2097	23	168	149
18	18	22	41	202	149
4	99	0	169	196	149
24768	530	33306	510	200	149
563	11	1939	11	153	149
9	19	35	8	159	149
3	0	14	14	298	149
1630	92	3749	95	159	149
12	741	24	541	175	149
10	57	0	177	204	149
2	147	0	229	183	149
25	101	236	424	156	149
1539	177	4628	601	156	149
66	100	0	157	207	149
0	19	10	28	298	149
891	8	1235	12	298	149
3	2	133	238	267	149
10	2	107	97	267	149
9	4	231	426	157	149
7	18	70	8	298	149
46	3	40	0	298	149
127	26	229	50	165	149
151	49	161	57	153	149
12	6	45	6	153	149
15	0	193	40	151	149
31	4087	47	3416	169	149
0	25	2	22	158	149
0	21	66	17	182	149
850	25	680	6	298	149
9	139	0	96	167	149
1	14	8	4	254	149
31	2	137	0	224	149
87	74	128	208	264	149
77	5	29	0	225	149
534	5	372	0	298	149
194	2	182	0	165	149
3	0	258	5	298	149
70	0	82	12	298	149
1	71	14	103	287	149
3	32	31	419	254	149
52	44	33	76	298	149
41	7	14	165	165	149
3	8	130	35	215	149
1027	25	1673	26	170	149
236	1	237	5	298	149
12	84	6	237	158	149
631	4	733	0	259	149
17	15	155	35	175	149
1	0	45	9	298	149
35	7	140	15	298	149
1460	74	32	0	190	149
311	0	874	30	298	149
15	52	40	231	231	149
91	4	123	20	224	149
26	43	144	71	164	149
215	11	84	0	298	149
11	0	10	4	298	149
0	27	18	154	153	149
11	8	0	4	161	149
0	388	12	265	277	149
0	149	28	308	153	149
1730	41	1681	33	151	149
6	1	3	0	271	149
768	17	905	53	298	149
6	157	30	139	298	149
10	228	0	442	151	149
3	220	3	571	170	149
396	15	142	4	298	149
136	75	211	145	298	149
91	54	23	16	169	149
181	240	64	71	298	149
4	7	0	73	298	149
11	0	36	5	170	149
7	0	0	4	199	149
6	0	24	14	298	149
0	20	1	71	187	149
2	8	1	20	173	149
11	201	33	1749	298	149
33	134	20	618	298	149
42	683	176	3148	171	149
5	12	10	28	173	149
0	204	24	1171	156	149
283	0	1429	6	298	149
95	8	0	9	179	149
0	47	36	256	228	149
0	21	25	192	292	149
37	19	11	24	298	149
26	19	49	46	154	149
36	4	49	0	158	149
29	4	46	0	153	149
11	60	43	26	298	149
64	35	105	31	298	149
14	0	73	17	298	149
10	739	33	1641	177	149
4	203	7	292	220	149
6	2	11	16	298	149
21	9	22	0	159	149
17	266	22	464	247	149
12	266	22	464	298	149
7	5	17	0	298	149
0	31	23	80	203	149
35	4	29	12	203	149
0	24	24	196	298	149
3522	50	1076	6	152	149
0	218	19	977	298	149
3	16	3	52	245	149
0	70	19	140	224	149
496	120	623	80	270	149
462	1	523	12	187	149
9	171	53	441	161	149
333	47	247	0	174	149
99	1452	45	554	209	149
57	12	45	0	280	149
5704	10	4633	14	298	149
0	3	8	12	166	149
1315	26	1653	46	222	149
0	1	41	0	298	149
0	6	25	25	201	149
0	37	15	252	156	149
42	67	139	116	176	149
13	192	9	210	203	149
10	192	27	210	298	149
10	13	18	0	298	149
18	13	25	14	155	149
692	0	3194	1	215	149
0	245	63	1735	222	149
29	3	115	0	215	149
12	4	104	9	189	149
89	4	302	9	298	149
79	2	219	15	298	149
198	0	500	67	298	149
1	192	3	472	230	149
3	278	0	168	283	149
6	0	38	1	155	149
148	2752	36	932	162	149
37	2	25	0	162	149
20	0	11	7	226	149
0	2	19	0	273	149
24	762	30	525	210	149
26	140	55	51	298	149
19	11004	0	902	158	149
150	9867	75	3960	250	149
38	6038	34	3183	202	149
15	0	54	4	298	149
46	1449	45	2438	298	149
40	1449	49	2438	298	149
8	1449	0	2438	151	149
6	1406	13	1974	298	149
6	1406	24	1974	298	149
6	1406	13	1974	298	149
1562	2	2239	0	169	149
1	0	13	1	298	149
2	101	55	189	234	149
9	116	36	198	191	149
4	182	0	318	151	149
1	8	79	58	298	149
2214	0	14672	14	165	149
0	2	7	4	159	149
109	6	219	17	298	149
3	12	0	110	185	149
24	6	96	43	298	149
9	218	0	105	153	149
0	21	36	59	298	149
9	203	0	1119	208	149
43	16	129	40	298	149
56	16	125	40	298	149
10	15	4	0	163	149
15	0	78	6	259	149
15	4	78	13	263	149
0	4	6	13	153	149
0	452	3	1001	185	149
8	26	7	83	246	149
1023	24	274	1	298	149
95	1	249	0	298	149
9	18	68	61	298	149
14	0	102	12	298	149
34	0	135	67	161	149
3	36	0	83	196	149
20	15	251	50	252	149
4	9	0	174	298	149
25	2	60	0	298	149
0	30	7	56	199	149
299	1	284	0	284	149
0	51	2	140	298	149
8	146	18	152	181	149
34	0	54	6	298	149
1316	6	268	6	298	149
0	34	4	121	175	149
242	22	92	9	215	149
3	117	22	395	197	149
54	60	127	113	155	149
3	86	15	597	192	149
58	72	359	491	171	149
0	411	41	895	188	149
20	82	4	111	287	149
8	8	35	36	298	149
8	0	115	7	246	149
0	4	14	102	282	149
1	85	85	343	298	149
20	0	167	3	155	149
430	3	458	0	211	149
451	17	413	60	298	149
0	541	12	934	158	149
0	4	2	4	298	149
4	0	4	19	161	149
14	53	32	170	298	149
31	357	13	355	169	149
6	50	7	461	298	149
0	6	4	143	212	149
3	2	6	3	151	149
130	39	116	35	298	149
2	99	0	140	153	149
0	6	14	20	242	149
64	14	332	178	158	149
11	12	3	61	178	149
8	78	0	334	285	149
6	6	45	0	181	149
24	6	107	0	233	149
18	0	79	17	201	149
37	1	117	23	298	149
15	30	74	140	155	149
61	19	155	10	189	149
14	336	8	208	276	149
525	1	207	0	192	149
32	2	289	105	173	149
5	13	15	0	173	149
738	4	1588	16	243	149
8	0	46	11	298	149
65	62	110	172	297	149
94	2	149	6	155	149
17	3	11	0	287	149
110	16	178	182	298	149
9	4	21	13	164	149
77	385	66	808	161	149
4	95	39	86	215	149
4	117	28	197	215	149
7	17	44	102	195	149
66	596	139	1078	179	149
2	27	6	72	230	149
68	10	69	5	298	149
16	7	113	0	298	149
13	6	50	2	155	149
9	0	17	10	161	149
64	1922	5	38	164	149
269	125	9	1	206	149
1239	1130	32	81	206	149
5	4	37	13	158	149
18	35	41	233	168	149
12	18	0	71	161	149
80	40	82	69	182	149
45	8	34	15	298	149
2	15	0	48	259	149
77	12	18	0	182	149
150	165	183	57	298	149
151	2510	0	10	159	149
0	25	25	162	228	149
0	16	12	279	275	149
3	67	20	393	222	149
0	90	16	215	274	149
76	30	57	16	173	149
20	7	82	40	181	149
194	5	294	0	167	149
796	10	335	0	167	149
133	5	136	0	204	149
29	0	0	16	298	149
12	348	19	289	298	149
36	364	71	243	298	149
67	2	58	9	180	149
19	25	46	363	298	149
34	9	71	0	166	149
1	136	4	262	203	149
76	0	136	20	174	149
1	9	39	5	298	149
7	31	0	13	168	149
1	12	50	174	298	149
21	1194	5	620	197	149
382	2	127	0	298	149
134	14	369	20	182	149
39	1424	48	760	175	149
12	0	30	25	151	149
127	4	140	4	263	149
272	4	311	4	273	149
147	2	171	0	159	149
0	21	8	62	298	149
45	8	301	95	180	149
0	17	8	23	205	149
3047	139	108	7	197	149
0	29	3	110	158	149
4	91	11	351	156	149
3	51	0	199	167	149
6035	64424	201	1504	298	149
1	0	159	15	170	149
6	3	32	0	156	149
28	394	22	179	272	149
11	8	113	94	278	149
5	8	53	94	280	149
14	33	22	44	298	149
0	232	12	423	166	149
28	395	26	588	265	149
2	1284	16	5990	161	149
26	3	128	0	193	149
3293	13	275	0	298	149
5	19	4	7	174	149
0	47	9	64	298	149
28	166	76	184	202	149
17	2	36	2	203	149
140	4	216	12	298	149
213	0	401	4	280	149
135	3	304	50	298	149
176	5	62	0	213	149
14	0	137	20	298	149
170	0	1528	8	171	149
13	12	54	0	185	149
2	43	0	40	298	149
44	5	284	28	211	149
0	218	7	100	153	149
211	3	634	28	200	149
9	223	37	400	192	149
10	94	28	207	298	149
4	0	109	253	164	149
35	116	35	97	219	149
4	4	4	51	215	149
25	218	21	95	171	149
5	6	54	0	267	149
231	68	26	11	204	149
1786	68	145	11	181	149
3424	364	418	39	298	149
1238	14	156	0	298	149
23	23	31	125	298	149
28	2	54	0	298	149
30	2	148	0	172	149
123	21	110	2	298	149
2568	23	557	0	200	149
14	39	21	52	298	149
19	39	8	52	298	149
5	0	0	13	153	149
1476	10	1190	27	182	149
74	8	146	40	176	149
45	379	94	703	153	149
106	234	180	187	170	149
87	2	111	0	170	149
9	2	7	4	298	149
7	2	22	24	194	149
4	2	10	24	258	149
0	3	8	20	213	149
0	300	15	1014	153	149
6	17	28	40	158	149
2	61	0	74	252	149
159	24	333	0	198	149
125	0	304	9	298	149
233	0	275	2	298	149
4	20	14	46	298	149
20	7	81	55	298	149
53	494	12	225	243	149
112	16	16	14	268	149
5	29	0	12	169	149
118	886	2	38	186	149
1641	2	55	0	180	149
47	24	24	18	158	149
8	131	4	360	163	149
22	783	0	619	153	149
175	0	223	59	297	149
59	4	384	0	268	149
0	11	11	133	298	149
34	159	79	301	298	149
26	15	13	0	283	149
23	413	13	30	283	149
68	0	170	1	298	149
34	2	89	0	298	149
7	7	129	80	194	149
163	1	230	0	181	149
25	35	46	241	244	149
106	4	165	0	298	149
0	53	34	217	153	149
37	341	52	327	298	149
47	2	157	50	298	149
7	0	57	143	156	149
6	4	8	68	166	149
12	2	115	0	236	149
17	48	51	9	298	149
325	19	1060	110	298	149
88	75	87	58	155	149
12	95	21	109	157	149
182	0	431	18	263	149
229	17	883	121	298	149
15	61	3	188	215	149
2	11	0	48	270	149
0	8	3	6	153	149
9	0	84	11	241	149
1	1017	86	14097	159	149
0	2	34	16	278	149
0	2	13	105	298	149
15	0	130	2	258	149
2	180	15	545	298	149
2	180	5	545	158	149
44	16	55	0	244	149
8	3	67	63	289	149
17	16	67	62	185	149
118	12	294	0	298	149
14	36	4	65	179	149
89	43	10	0	151	149
102	2	75	16	182	149
32	1	90	14	196	149
9	27	8	6	197	149
5	28	110	72	197	149
2	121	0	67	212	149
20	134	6	88	288	149
0	91	1	203	226	149
4	74	7	132	236	149
32	8	87	45	161	149
8	10	37	0	168	149
0	10	10	16	169	149
17	0	133	21	164	149
2	14	0	131	178	149
0	8	16	32	162	149
8	0	75	6	298	149
31	0	175	6	298	149
6	5	5	2	298	149
6	51	25	175	294	149
8	9	2	0	159	149
64	25	210	16	277	149
24	15	178	26	173	149
0	32	21	80	161	149
3	0	114	4	161	149
37	0	175	10	298	149
1	94	0	491	178	149
908	6	775	0	283	149
1427	2	903	0	298	149
4	152	20	15	298	149
2296	197525	275	16822	298	149
15	19	260	76	167	149
4	10	14	63	298	149
12	28	47	78	188	149
107	24	168	54	164	149
10	0	97	10	220	149
1336	18	1963	28	165	149
394	19	187	37	298	149
13	4	70	62	185	149
0	80	4	231	175	149
0	3	5	242	238	149
5	307	35	263	205	149
5	45	28	67	298	149
12	4	73	55	161	149
115	68	82	68	194	149
218	0	415	22	188	149
19	1	65	0	298	149
14	23	58	28	298	149
15	23	54	28	280	149
9	499	70	5096	298	149
0	319	5	2413	245	149
7	313	98	2882	298	149
7	313	98	2882	298	149
7	313	98	2882	298	149
5	250	111	4211	298	149
4	250	136	4211	262	149
41	3	222	0	298	149
44	4	109	0	298	149
2	146	18	668	298	149
0	23	4	145	211	149
366	9	407	0	280	149
6	55	3	307	189	149
50	1	195	0	259	149
8	60	0	148	164	149
1	0	96	34	298	149
333	9	417	0	292	149
285	4	439	46	298	149
106	4	185	46	260	149
1	7	99	31	155	149
4	22	12	299	212	149
2	2	0	8	212	149
0	69	6	97	298	149
157	3	219	0	298	149
340	0	265	26	153	149
58	7	60	15	229	149
46	7	37	15	218	149
61	216	37	217	218	149
0	9	20	104	187	149
2	106	0	102	153	149
27	43	80	154	208	149
21	1451	114	3185	223	149
29	260	15	789	153	149
2	282	0	197	155	149
207	4	835	7	193	149
318	2	555	5	298	149
1548	0	3635	23	298	149
104	4	192	6	298	149
155	23	193	51	172	149
3	2	10	20	172	149
33	215	0	186	298	149
112	0	335	57	298	149
82	37	132	362	291	149
11	48	88	229	298	149
25	869	30	760	156	149
0	22	61	333	155	149
72	0	230	10	240	149
194	1204	989	3421	188	149
177	0	30	12	182	149
657	0	226	1	211	149
2	279	16	223	219	149
5	6	0	14	159	149
13	213	0	191	203	149
14	213	14	191	193	149
19	16	127	4	210	149
113	16	747	4	215	149
94	0	638	18	154	149
13	145	2	683	219	149
0	12	10	81	188	149
26	26	79	8	298	149
0	9	6	226	161	149
16	2	14	0	213	149
2	14	0	10	174	149
7	78	33	25	182	149
34	391	14	228	256	149
38	36	14	30	256	149
9	0	4	27	153	149
0	79	18	389	298	149
47	11	463	0	298	149
42	0	204	10	298	149
14	138	4	22	259	149
20	0	252	12	188	149
3	11	36	146	219	149
60	16967	99	30495	182	149
93	0	855	26	175	149
85	3	110	0	154	149
3	0	73	10	206	149
6	0	33	4	194	149
16	823	47	2342	251	149
24	10	55	10	298	149
24	10	24	10	298	149
0	14	15	30	159	149
1	69	14	14	191	149
15	68	12	257	216	149
0	114	7	184	224	149
4	39	72	86	298	149
2	2	90	0	203	149
0	1079	7	4548	166	149
0	54	16	294	196	149
1045	25	2604	160	292	149
0	420	6	732	153	149
0	2	12	38	165	149
0	74	5	13	207	149
0	8	4	16	170	149
4	8	36	16	298	149
4	0	36	4	298	149
6	5	52	101	182	149
10	16	17	0	156	149
1	14	0	21	298	149
1	14	0	21	298	149
34	1094	78	1126	298	149
106	7	323	0	298	149
20	44	328	53	224	149
1	44	1	53	153	149
260	369	765	629	200	149
13	607	1	1294	163	149
2	5	11	105	194	149
1	4	11	0	298	149
1	3	33	0	272	149
229	0	374	9	298	149
522	1558	1385	6428	298	149
11	6	0	25	219	149
11	793	31	1731	170	149
20	6	101	0	298	149
9	381	16	398	298	149
9	8	66	59	245	149
55	6981	126	11456	153	149
3790	0	7859	4	265	149
10716	0	19189	4	261	149
16	71	49	115	298	149
0	95	6	315	226	149
23	14	209	9	298	149
37	389	19	599	298	149
57	2367	71	2743	174	149
12	0	0	2	259	149
4	16	28	264	298	149
140	0	685	8	203	149
9	4	95	10	251	149
26	9	37	17	153	149
1975	0	2607	7	288	149
3	3	8	0	159	149
42	7	316	0	179	149
7890	50	4219	18	257	149
5	0	353	3	215	149
11	26	86	61	298	149
354	42	2484	371	215	149
519	0	2062	18	298	149
303	2	965	0	298	149
1202	3	3055	52	152	149
3	20	11	17	152	149
98	23	97	25	200	149
48	10	71	0	166	149
166	0	416	13	167	149
66	421	82	461	152	149
11	12	110	79	155	149
35	9	531	8	298	149
436	0	658	20	181	149
9	8	32	24	263	149
1	0	0	15	220	149
1	61	0	569	298	149
0	61	15	569	277	149
0	9	10	53	256	149
6	0	16	32	291	149
0	672	11	3248	298	149
155	220	263	129	298	149
1	10	0	95	154	149
10	5	59	8	243	149
24	0	54	24	298	149
136	315	214	264	298	149
25	12	37	91	259	149
125	23	375	68	296	149
0	19	30	132	167	149
0	5	3	95	194	149
10	59	49	254	291	149
101	3	244	0	186	149
0	7	13	7	267	149
9	0	39	5	240	149
0	8	22	24	194	149
8	29	8	152	169	149
8	64	18	736	169	149
2	75	70	488	298	149
0	1	7	36	162	149
9187	632	14077	316	226	149
5688	20	6213	3	203	149
2464	20	3213	3	298	149
9	3232	13	3000	298	149
53	5	305	79	298	149
2807	110050	19	397	296	149
12	42	34	60	220	149
276	20	660	18	176	149
5	8	55	62	197	149
7	0	36	13	161	149
2	34	0	85	231	149
1	67	10	313	298	149
270	0	748	10	298	149
68	3	111	0	298	149
4	7	33	0	167	149
5	347	0	376	283	149
75	39	297	112	298	149
1	9	13	28	156	149
4	33	39	55	298	149
22	6	50	34	172	149
111	4	214	0	298	149
49	0	360	19	298	149
68	7	213	11	181	149
2	2	0	62	298	149
0	5	27	123	161	149
1	9	29	217	161	149
6	3	31	0	193	149
311	15	761	50	298	149
0	3	9	111	155	149
2	5	0	115	160	149
29	152	4	168	298	149
28	127	8	179	161	149
0	60	5	246	153	149
121	277	116	105	173	149
4	103	122	5345	297	149
2	0	10	47	203	149
20	24	121	58	161	149
7	449	60	1881	298	149
1128	0	2269	4	181	149
0	7	12	13	298	149
32	3	68	3	152	149
37	3	81	0	188	149
8	3	16	0	185	149
60	2	175	21	298	149
5	114	7	581	298	149
6	1	11	0	182	149
47	30	237	460	210	149
0	7	5	12	154	149
40	3	38	0	196	149
5	3	26	0	209	149
0	35	11	23	162	149
144	296	199	682	275	149
0	3	30	34	197	149
1	133	12	246	179	149
53	53	86	55	158	149
54	7	152	0	203	149
5264	16	1874	10	298	149
686	1	650	0	298	149
303	8	440	0	153	149
9	6	33	8	282	149
40	0	82	9	183	149
32	0	140	4	176	149
13	3	12	0	298	149
231	697	595	1880	274	149
13	98	0	169	184	149
0	3	14	15	261	149
51	8	204	0	298	149
353	46	163	11	230	149
10	13	11	0	158	149
3373	6	326	12	298	149
21	34	33	49	169	149
6	75	0	30	159	149
92	2	218	0	298	149
1	0	189	9	298	149
31	1	182	0	218	149
59	1	515	0	298	149
38	0	395	33	252	149
106	3786	94	6822	166	149
635	0	3333	10	298	149
376	12	2648	54	158	149
366	4	3577	0	293	149
51	4	539	0	197	149
46	0	119	20	154	149
8	59	0	72	165	149
59	4	93	0	157	149
603	6	949	0	298	149
29	344	65	580	298	149
330	0	878	15	176	149
71	6	194	0	257	149
21	3530	49	4667	153	149
53	122	144	316	298	149
3562	122	4762	316	298	149
3543	40	4730	83	298	149
135	40	379	83	298	149
49	1212	169	2894	298	149
39	39	134	111	298	149
49	1212	169	2894	298	149
39	39	134	111	298	149
1212	39	2894	111	153	149
7	192	0	466	153	149
8	2	23	26	298	149
33221	815	287	11	298	149
10412	40	150	0	298	149
16	78	121	220	158	149
0	3	11	6	298	149
43	12	318	13	187	149
17804	5	998	0	298	149
611	33	63	0	298	149
16	1170	16	2624	234	149
1	0	0	4	176	149
0	178	2	597	192	149
257	11	530	2	294	149
260	11	551	2	298	149
0	23	8	114	298	149
17	8	16	2	155	149
0	5	33	72	196	149
14	0	92	9	298	149
0	8	83	0	298	149
84	8	214	49	179	149
7	0	80	27	233	149
25	3	22	70	298	149
2	0	18	28	224	149
20	12	2	0	167	149
1121	0	378	22	298	149
8	1096	14	356	298	149
0	5	1	0	298	149
4	157	53	441	166	149
17	13	13	21	236	149
13	0	152	14	197	149
86	4	242	7	298	149
13	14	8	0	215	149
0	35	14	89	182	149
3	16	39	201	298	149
2	2	0	66	249	149
37	46	39	140	298	149
14	104	2	56	158	149
5	4	12	60	197	149
18	0	29	27	182	149
4	0	56	27	298	149
6	0	122	27	298	149
7	18	56	29	285	149
9	18	122	29	298	149
14	0	147	7	167	149
805	34	1010	24	298	149
4	94	0	121	153	149
8	12	81	24	298	149
290	2	2659	0	298	149
101	4	151	26	298	149
51	0	97	5	298	149
11	44	138	143	185	149
39	5	31	0	202	149
3055	3	931	0	286	149
6024	3	1689	0	286	149
76	5	100	34	298	149
358	1	563	0	298	149
5	6	14	66	298	149
28	22	12	22	197	149
8	30	36	210	165	149
132	2654	403	4662	227	149
36	8569	111	14359	166	149
2	0	80	6	233	149
0	30	8	108	298	149
10	1	48	25	278	149
8	0	39	38	267	149
4	26	18	48	232	149
47	2	93	0	298	149
35	2	39	0	268	149
17	4	64	0	197	149
44	2	92	0	298	149
23	4	98	0	275	149
14	3	53	19	227	149
19	3	35	19	269	149
5	0	0	18	191	149
5	141	16	203	172	149
4	0	10	40	159	149
9	3	0	53	250	149
31	0	244	20	215	149
1	36	6	209	298	149
85	8	379	0	172	149
26	56	30	233	205	149
54	8	346	0	291	149
669	9	308	0	154	149
805	20	403	16	204	149
145	20	95	16	199	149
1453	10	212	0	218	149
318	20	89	0	174	149
80	122	0	17	205	149
108	122	0	17	169	149
2	20	0	11	282	149
0	8	7	36	164	149
186	6	254	0	297	149
53	6	257	23	195	149
3	294	0	140	204	149
144	239	76	210	224	149
6	0	14	5	181	149
6	27	7	71	161	149
10	38	0	96	252	149
296	0	381	16	298	149
4	61	19	164	298	149
58	662	12	587	152	149
1	15	0	10	220	149
17	214	50	399	155	149
9	128	0	371	151	149
0	29	7	242	200	149
332	9	546	0	298	149
66	403	25	1061	291	149
3	7	59	192	159	149
0	10	7	104	298	149
12	7	145	48	298	149
569	0	841	7	298	149
111	5	6	9	164	149
2938	6	928	0	298	149
21	6	170	76	212	149
343	2	1478	9	225	149
235	4	670	26	298	149
392	90	173	20	158	149
12	40	68	72	215	149
2	17	18	77	180	149
19	87	118	282	215	149
5	7	26	14	180	149
7	25	89	60	215	149
77	105	91	175	167	149
305	7	1068	68	167	149
328	230	1078	838	170	149
30	230	78	838	152	149
12	3	19	27	298	149
11	35	20	82	261	149
1042	2	3823	0	290	149
143	4	1113	19	265	149
4	39	29	391	298	149
137	62532	9	4078	174	149
109	4	1561	19	211	149
2	4	54	19	172	149
0	96	84	1421	298	149
73	0	1085	7	298	149
19	23	92	166	152	149
85	19	340	61	211	149
0	13	8	70	234	149
25	0	148	45	293	149
7	30	17	110	213	149
8	944	0	288	157	149
45	1	11	0	210	149
175	9	302	57	175	149
187	5	762	5	298	149
2	32	55	229	298	149
25	472	21	483	168	149
0	16	216	309	173	149
20	67	130	166	198	149
173	6	29	0	298	149
169	0	582	28	248	149
16	12	88	45	298	149
5	0	28	16	256	149
2	1	94	0	183	149
1	12	23	58	161	149
37	101	428	848	298	149
27	2	365	9	298	149
21	0	185	6	272	149
25	0	277	19	154	149
19823	0	67921	42	298	149
0	71	8	790	159	149
1	4	32	0	298	149
2	8	0	30	282	149
0	2	23	115	158	149
2	117	18	188	154	149
31	4	157	19	251	149
8	1044	1	1322	187	149
156	0	788	6	176	149
197	1	245	18	209	149
0	4	23	32	155	149
1478	87	1243	35	298	149
12	0	24	2	298	149
92	1	317	0	260	149
273	0	436	37	298	149
7	9	11	110	162	149
954	2	170	0	298	149
19	4	66	0	209	149
0	8	21	128	175	149
9	2	30	103	298	149
3	5	40	0	298	149
0	138	40	271	257	149
4	77	0	81	153	149
4	118	0	114	298	149
2	97	62	223	298	149
13	6	302	0	203	149
2	5	99	10	298	149
93	11	333	29	298	149
0	352	19	520	163	149
22	121	18	159	224	149
154	7	414	39	198	149
8	7	59	39	165	149
9	211	15	821	198	149
3	177	0	995	185	149
117	42	150	45	164	149
575	0	574	23	298	149
0	83	19	958	250	149
3	18	98	48	178	149
4	0	25	4	298	149
12	281	0	123	298	149
305	4	173	0	160	149
58	339	81	79	266	149
511	5	216	14	298	149
2	4	23	0	298	149
11	0	111	32	298	149
13	0	102	32	298	149
7	0	61	32	203	149
8	3	5	0	153	149
100	1	325	0	151	149
0	8	5	23	161	149
1	3	45	83	298	149
724	0	725	11	298	149
967	0	1024	2	298	149
6	8	11	0	298	149
163	1251	169	556	260	149
6	102	0	354	184	149
3	5	21	15	248	149
129	0	426	15	298	149
318	11	1309	0	298	149
78	4	180	0	284	149
836	8	1444	22	298	149
361	2912	849	5122	215	149
67	0	366	4	242	149
29	11	97	120	155	149
18	8	35	53	298	149
0	9	19	46	173	149
246	447	79	83	167	149
871	2	374	0	179	149
259	40	108	23	176	149
20	5	43	34	152	149
0	29	5	226	197	149
212	4	208	0	159	149
3	0	74	78	161	149
2	17	4	132	222	149
23	1	28	2	169	149
3	218	13	204	298	149
0	16	15	84	153	149
36	393	28	899	269	149
0	19	4	131	287	149
81	0	1445	11	298	149
180	8	1902	52	298	149
6	0	5	14	273	149
0	2	41	45	232	149
53	1	301	0	298	149
2	248	0	458	180	149
2	248	12	458	191	149
3	0	86	2	153	149
15	1	187	0	298	149
0	1	43	20	158	149
55	6	206	49	152	149
10	2	0	29	298	149
4	7	0	68	231	149
303	7	1843	10	215	149
10	1545	0	1975	153	149
24	6	493	0	298	149
4	20	74	44	191	149
8	1	0	44	298	149
22105	8	34810	22	298	149
29	6	149	0	296	149
9	61	24	614	247	149
107	5	265	0	298	149
172	3	303	0	298	149
3	171	23	303	153	149
53	2	84	60	218	149
230	12	659	35	167	149
5	231	0	544	162	149
96	1	108	4	298	149
68	1	60	4	298	149
50	21	64	0	169	149
0	3	10	39	298	149
7	98	9	161	169	149
14	0	59	7	298	149
12	482	14	200	153	149
4	109	5	577	232	149
7	0	0	38	298	149
5	0	5	8	251	149
9	0	5	8	298	149
77	7	411	29	150	149
16	6	5	20	210	149
39	143	135	179	298	149
28685	0	61181	16	192	149
0	29	6	204	165	149
35	10	160	0	195	149
10	10	6	22	238	149
9	11	24	63	152	149
2	3360	47	7759	167	149
0	31	8	93	298	149
0	8	103	3	197	149
265	8	1747	0	298	149
196	9	88	0	298	149
30	26	43	43	298	149
573	0	417	16	298	149
4	0	0	6	184	149
4	205	0	162	184	149
537	4	540	0	288	149
35	14	54	0	189	149
5	0	80	18	164	149
3	15	59	164	164	149
14	963	18	6495	212	149
226	8	437	16	298	149
0	9	22	46	223	149
3	2796	0	6693	185	149
3	88	0	126	153	149
6	1	28	0	264	149
9	34	38	18	298	149
102	111	139	230	158	149
803	31	61	10	298	149
1	47	24	83	188	149
31	4	101	12	156	149
0	7	10	75	156	149
0	3	12	45	239	149
572	79	931	171	227	149
21	940	47	1061	208	149
27	0	309	9	204	149
0	6	34	183	298	149
0	6	36	183	298	149
0	811	106	22358	298	149
4	322	103	474	280	149
71	0	929	16	298	149
515	0	2645	4	298	149
9	68	0	69	196	149
256	0	317	14	298	149
0	482	3	611	153	149
526	0	795	28	298	149
17	0	36	8	161	149
12	0	126	10	298	149
12	6	134	14	298	149
0	6	18	14	182	149
0	13	27	160	182	149
37	78	32	168	298	149
46	22	240	36	171	149
0	31	7	29	160	149
23	9	30	7	153	149
1	3	0	93	298	149
1	5	0	54	153	149
2	5	8	54	298	149
2	1	8	0	298	149
6	141	9	503	169	149
129	0	276	10	298	149
9	0	357	14	286	149
27	16	128	156	176	149
24	5	100	13	298	149
0	11	3	148	222	149
260	4	170	18	298	149
0	7	48	55	298	149
1	0	0	12	189	149
437	0	1438	6	154	149
14	1085	44	2531	262	149
0	39	8	197	221	149
3	30	27	408	186	149
6	40	29	163	287	149
462	7	1263	3	298	149
2	3	14	0	187	149
587	3188	2156	10551	298	149
3	93	0	76	298	149
1	0	107	18	254	149
29	0	68	22	256	149
1	0	28	256	298	149
0	9	17	262	228	149
6	0	0	110	195	149
0	12	2	91	298	149
1685	275	1570	586	298	149
6	405	8	607	298	149
5	501	41	576	298	149
88	0	159	3	298	149
2688	31	42	1	298	149
2090	1381	20	16	153	149
6	2	14	97	254	149
0	3	10	30	183	149
33	3	39	0	252	149
5	2	65	67	161	149
200	3	1215	0	211	149
867	107	2302	281	194	149
736	268	1265	620	298	149
375	32	183	34	194	149
112	26	494	60	205	149
11	3	58	11	222	149
5	7	8	24	298	149
0	1	6	11	298	149
19	0	5	16	164	149
1	46	0	122	165	149
105	124	491	445	298	149
28	124	135	445	298	149
28	124	135	445	298	149
0	23	18	56	298	149
15	18	24	12	214	149
72	3	144	47	298	149
383	71	846	135	155	149
772	6	3372	5	298	149
1	10	51	104	165	149
5	7	63	30	161	149
35	3319	0	1247	156	149
72	3	129	6	208	149
10	154	3	378	259	149
10	209	0	224	298	149
159	0	209	1	298	149
11	12	12	0	165	149
0	28	168	638	258	149
0	4	10	48	205	149
96	2	415	0	233	149
695	2	771	15	298	149
50	2	114	15	267	149
44	207	65	597	298	149
283	0	683	12	176	149
0	223	10	732	254	149
117	14387	389	19527	265	149
14398	20	19608	33	298	149
23	113	43	168	215	149
0	2	57	14	169	149
18	12	111	52	298	149
20	12	71	52	289	149
18	6	77	0	298	149
393	22	198	0	154	149
93	25	268	45	159	149
0	4	25	307	298	149
0	8	20	88	298	149
19	1	57	0	298	149
55	114	59	246	236	149
0	37	80	711	161	149
25	179	361	3827	173	149
62	179	992	3827	161	149
0	1037	6	159	298	149
1272	10	1522	0	203	149
38	1	4	0	298	149
69	2	188	42	298	149
828	2	1844	0	298	149
84	472	318	1356	298	149
540	91	180	109	298	149
5	0	63	18	298	149
51	3	296	10	153	149
66	2567	136	3164	279	149
52	0	72	9	158	149
6	28	0	85	298	149
11	28	0	85	200	149
70	9	100	22	176	149
78	54	222	15	176	149
27	22	117	44	176	149
3	18	4	50	286	149
86	0	87	8	234	149
6	31	43	240	171	149
1	0	190	11	298	149
12	13	68	138	254	149
2	51	17	22	159	149
47	48	301	87	298	149
15	0	106	42	298	149
47	48	259	87	298	149
2	10	0	5	182	149
2	8	1	16	265	149
2566	25	800	5	298	149
5	2	4	63	164	149
41	49	38	41	167	149
56	21	106	35	158	149
47	7	115	0	188	149
57	0	204	22	298	149
2	287	0	50	283	149
110	33	76	15	298	149
1461	4	341	0	298	149
2	0	0	20	215	149
2	210	0	693	224	149
0	210	20	693	158	149
9	8	106	0	213	149
9	12	101	0	298	149
153	8	223	0	298	149
103	8	141	7	208	149
6	22	0	27	159	149
4	32	5	59	298	149
0	14	40	219	298	149
0	172	13	184	269	149
4	7	0	14	269	149
35	0	124	23	197	149
0	80	14	287	233	149
5	75	18	149	176	149
0	153	25	530	253	149
59	19	101	24	194	149
0	69	2	93	162	149
3	62	0	103	163	149
109	3	225	0	298	149
103	8	185	68	153	149
128	2	370	50	298	149
0	147	20	191	182	149
37	2	11	0	298	149
70	3	152	0	201	149
59	0	404	10	199	149
40	1	157	0	223	149
49	2	203	0	298	149
2	12	1	113	153	149
30	9677	51	12686	298	149
12	748	23	1571	247	149
5	7	8	15	252	149
0	5	7	0	164	149
54	23	96	117	158	149
72	3	75	17	158	149
1	42	27	143	298	149
17	22	54	48	298	149
34	2	343	21	287	149
155	0	59	10	298	149
0	9	13	87	167	149
0	3	16	109	205	149
3	8	42	271	247	149
30	58	34	308	295	149
5	372	73	977	157	149
647	98	854	201	152	149
235	1	716	19	176	149
16	135	42	589	269	149
2	14	8	114	257	149
2	14	4	114	298	149
7	12	24	162	298	149
53	4	108	76	155	149
36	0	154	13	298	149
12	12	32	42	155	149
12	6	115	4	209	149
0	239	13	4506	153	149
13	184	0	2593	298	149
532	15	402	0	298	149
1	127	0	875	298	149
23	6	32	69	169	149
4	0	0	6	178	149
3	11	164	1334	197	149
0	33	13	42	188	149
0	146	6	528	298	149
11	14	20	2	298	149
18	0	20	8	232	149
73	0	216	90	194	149
146	18	99	5	194	149
0	2	4	85	207	149
12	6	39	0	276	149
478	0	4347	14	167	149
21	19	62	12	209	149
1	24	0	103	185	149
0	9	2	17	298	149
20	1	54	0	161	149
205	91	413	125	161	149
32	8	15	17	298	149
12	17	65	50	298	149
7	11	8	59	152	149
33	511	33	710	298	149
11	37	74	150	298	149
3	30	34	221	298	149
2	4	27	0	153	149
737	25	897	9	294	149
244	5	359	15	176	149
92	6	289	31	153	149
80	15	321	35	184	149
6	16	30	102	243	149
2280	5	3500	21	254	149
4	451	32	1324	222	149
54	30	221	100	265	149
37	22	122	31	179	149
58	33	93	90	298	149
15	263	1	2	187	149
146	26	204	96	234	149
70	8	81	0	234	149
3	318	22	1108	265	149
4	338	9	1137	252	149
34	318	44	380	170	149
12	0	92	4	191	149
1284	1	11	0	244	149
110	85	552	114	298	149
7	48	17	75	161	149
4	51	111	104	298	149
20	2	142	3	298	149
1	35	20	92	298	149
1	35	20	92	298	149
0	32	1	226	160	149
20	60	35	132	291	149
20	9	35	32	291	149
4	0	22	36	248	149
27	134	0	232	278	149
5	45	11	130	298	149
102	20	37	0	207	149
56	6	2	0	216	149
325	6	31	0	234	149
8	1745	27	2414	163	149
0	21	22	124	243	149
64	0	147	6	298	149
11	24	21	86	262	149
120	1	308	7	223	149
20	1162	12	1213	187	149
298	26	432	14	213	149
40	32	136	478	282	149
1	29	0	182	155	149
392	1	433	14	298	149
5	0	6	49	298	149
32	432	41	455	298	149
738	0	900	10	176	149
4	57	22	1077	271	149
122	9	444	0	250	149
5041	103	499	8	236	149
6073	40	534	30	287	149
1135	40	43	30	200	149
11	4	98	12	281	149
2	0	18	5	243	149
75	9	399	0	298	149
6	1	46	0	158	149
90	10	254	64	179	149
13	159	41	337	284	149
26	127	79	269	166	149
7	32	0	59	163	149
8	108	29	161	298	149
9	0	20	10	220	149
94	0	308	9	185	149
1081	1	1892	0	251	149
1	0	4	16	207	149
1	19	16	141	224	149
0	19	28	141	166	149
4	35	13	78	194	149
4	0	12	1	298	149
54	131	62	168	164	149
0	18	13	20	191	149
0	90	6	101	177	149
15	32	3	62	298	149
422	0	1072	10	185	149
15	0	173	29	154	149
1	30	15	103	298	149
1	30	12	103	177	149
96	0	83	8	298	149
0	211	22	481	184	149
22	124	156	268	281	149
362	98	487	62	244	149
65	3	110	19	298	149
85	0	129	11	298	149
83	9	85	0	287	149
22	9	16	0	167	149
57	1459	37	2503	287	149
0	10	9	78	248	149
7	10	10	0	155	149
53	13	62	37	155	149
10	1	16	0	155	149
41	8	59	25	155	149
365	3820	713	8647	215	149
17	0	170	15	298	149
0	4	17	0	155	149
12	11	97	173	298	149
8	0	183	11	167	149
17	0	8	24	201	149
10	4	0	10	298	149
12	247	10	1210	244	149
0	1	10	0	298	149
1228	2	407	0	298	149
17	13	22	36	223	149
14	4563	28	16566	279	149
33	5331	213	16264	176	149
96	141	226	273	298	149
7	3	24	43	298	149
20	1401	12	1101	153	149
296	648	231	668	239	149
2	2	70	19	277	149
2077	0	17133	2	298	149
19	26	269	419	298	149
4	173	67	649	186	149
19	132	9	662	268	149
8	76	28	144	184	149
235	0	1087	16	222	149
273	11	1128	0	226	149
38	11	57	0	153	149
2	3	5	21	161	149
10	75	0	83	154	149
0	93	117	360	230	149
6	5	5	0	189	149
6	50	5	188	196	149
5	50	0	188	156	149
23	13	89	16	298	149
23	13	71	16	298	149
5	19	33	69	258	149
5	3	23	51	240	149
48	6	56	57	182	149
2	0	46	10	152	149
1	0	53	4	298	149
5	28	51	150	183	149
0	41	24	155	298	149
10	2	102	22	298	149
12	11	153	116	229	149
20	4	102	0	187	149
9	6	41	0	222	149
4	0	0	10	298	149
66	3	72	8	298	149
8	2860	53	3568	173	149
38	3011	116	4977	202	149
104	18	222	217	298	149
20	22	30	372	298	149
18	17	23	0	197	149
3141	61	771	5	188	149
0	6	3	0	298	149
6	188	28	323	231	149
16	8	29	37	161	149
0	8	6	8	155	149
2	0	0	15	298	149
7	16	0	41	237	149
2	0	245	28	153	149
714	230	811	71	177	149
11	2	27	0	177	149
0	15	70	12	164	149
1	15	0	63	158	149
1120	8	331	0	298	149
6	178	0	238	298	149
8	252	35	417	273	149
3	435	0	652	179	149
5	0	21	6	266	149
5	0	0	6	241	149
2058	14	1863	9	298	149
99	9	172	11	213	149
67	4	76	11	213	149
156	4	248	11	298	149
112	12	243	0	298	149
643	5	490	20	298	149
0	15	10	191	153	149
0	19	5	213	154	149
24	0	42	3	298	149
0	22	5	58	168	149
5	24	0	54	189	149
899	92	1467	123	158	149
0	150	6	239	161	149
0	3	5	24	298	149
0	10	23	45	245	149
288	2	1762	21	215	149
11	272	21	1319	298	149
8757	7	16184	5	298	149
361	8710	672	16126	298	149
0	28	11	62	175	149
19	3	69	38	298	149
0	1	20	34	167	149
5	52	16	110	174	149
3	124	41	775	200	149
1555	44	238	0	298	149
3	2	6	0	200	149
3	72	0	118	200	149
4	345	5	370	188	149
745	19	1024	0	213	149
596	0	731	14	298	149
21	3	23	0	284	149
4	16	0	164	298	149
334	0	825	29	298	149
1032	43	2621	76	158	149
30	4	299	0	195	149
43	2	88	0	298	149
15	7	62	84	298	149
33	162	97	333	173	149
12	4	30	12	245	149
12	22	43	31	298	149
4	22	25	31	202	149
0	32	11	93	153	149
15	5	63	33	170	149
63	314	187	940	242	149
0	56	12	243	172	149
49	8	40	0	199	149
16	0	104	7	151	149
260	5	237	4	174	149
1584	30	2328	36	163	149
20	171	14	135	288	149
16	35	6	14	298	149
14	35	6	14	225	149
13	2	6	0	225	149
141	27	259	32	179	149
913	21	76	0	153	149
902	331	76	0	153	149
0	7	8	50	167	149
1	12	19	30	298	149
104	0	274	6	298	149
9	10	23	4	153	149
74	0	274	3	230	149
7	160	23	127	189	149
115	33	583	126	170	149
0	5	17	0	298	149
1800	9	7420	25	152	149
32	73	90	487	207	149
32	1723	90	6057	207	149
67	18	690	25	161	149
254	1	1808	3	179	149
444	1	2832	3	200	149
459	1	2904	3	203	149
195	5	1031	7	170	149
210	5	1103	7	173	149
17	2	93	21	152	149
50	1	126	0	152	149
228	1	948	0	170	149
1	0	9	7	152	149
5	0	14	7	158	149
37	349	128	130	153	149
110	2	499	0	298	149
20	105	156	419	288	149
256	6	261	0	176	149
12	21	37	187	298	149
40	37	26	8	298	149
6	25	12	12	153	149
8	7657	5	13014	164	149
0	8	7	232	199	149
215	4	157	0	164	149
139	175	271	212	196	149
18	11	117	0	245	149
68	0	89	26	298	149
101	1099	428	3789	172	149
18	3	69	0	271	149
51	4	486	0	178	149
183	6	525	0	298	149
9	0	0	20	167	149
0	5	6	26	200	149
101	95	36	178	291	149
11	13	32	27	298	149
2	21	37	294	178	149
22	272	88	625	289	149
11	14	21	20	285	149
17	0	76	4	263	149
18	1	229	0	298	149
13	1	161	0	298	149
6	19	21	40	274	149
9	141	0	489	202	149
147	14	557	0	298	149
0	4	35	139	204	149
13658	42	28367	168	209	149
7	34	0	14	298	149
8	0	131	8	169	149
5	17	37	0	192	149
23	81	46	187	192	149
1	0	76	4	172	149
44	0	100	19	181	149
40	7	113	2	298	149
123	18	156	18	162	149
0	268	34	371	172	149
6	252	0	88	153	149
220	2	105	9	175	149
133	0	60	7	298	149
2	25	12	94	167	149
794	23	1982	53	179	149
754	92	1648	258	298	149
561	0	1453	5	158	149
52	40	399	304	190	149
1	16	61	37	267	149
148	2	264	0	298	149
149	0	264	8	298	149
3	0	0	8	151	149
20	5	74	0	157	149
0	45	12	107	156	149
108	0	126	33	187	149
1	72	12	268	173	149
28	4	249	86	156	149
0	61	40	38	298	149
7	8	233	35	179	149
230	8	433	24	187	149
26	0	103	59	298	149
35	0	144	59	298	149
10	1	41	0	152	149
240	6	405	24	298	149
163	700	214	403	298	149
9	4	25	0	162	149
112	34	255	41	162	149
117	0	421	27	190	149
24	0	71	27	164	149
0	9	8	39	160	149
6	0	17	1	298	149
33	156	3	123	158	149
1	30	9	20	164	149
2	0	126	14	260	149
42	2	135	6	298	149
578	1	2160	0	152	149
0	4	9	142	152	149
29	23	170	64	298	149
15	9	85	0	160	149
72	0	452	8	298	149
67	0	367	8	298	149
5	154	31	199	298	149
190	21	118	14	153	149
250	495	171	222	298	149
596	154	404	112	261	149
27	74	211	551	218	149
2	354	0	49	199	149
440	5	62	19	218	149
5	0	119	2	227	149
92	9	135	0	298	149
60	9	84	0	298	149
2	61	7	161	212	149
20	33	11	14	277	149
0	1074	92	4988	298	149
0	1439	13	6876	153	149
1589	70	4931	187	298	149
4	14	8	35	158	149
1	0	0	14	166	149
513	2	1611	0	186	149
718	26	1673	29	298	149
738	8	1662	0	298	149
23	718	56	1236	298	149
953	2	1584	1	298	149
0	16	7	105	168	149
7	14	76	85	193	149
41	0	91	11	298	149
37	23	40	42	159	149
21	10	14	106	183	149
21	15	20	89	155	149
13	223	19	231	189	149
0	39	13	302	298	149
7	17	37	161	186	149
0	14	20	26	221	149
204	1	433	0	199	149
53	4	209	71	211	149
0	11	10	25	281	149
5	105	18	187	286	149
7	158	14	427	212	149
7	9	123	24	153	149
5	3541	52	12032	298	149
4	3541	52	12032	271	149
131	0	7015	2	194	149
33	161	35	112	278	149
103	1	209	0	296	149
7	64	0	272	177	149
146	5	21	0	215	149
508	2	37	0	193	149
556	34	40	0	215	149
50	34	3	0	171	149
3	4384	2	8030	298	149
5	9	44	50	298	149
164	1	505	6	190	149
20	121	13	251	298	149
2	0	69	1	226	149
18	17	83	100	236	149
2	23	31	191	298	149
29	0	336	78	184	149
7	1030	0	43	234	149
22	14	28	23	184	149
41	339	192	537	298	149
343	2	447	6	298	149
89	6	46	0	278	149
284	0	809	7	186	149
228	3	1309	0	298	149
17	11	64	45	154	149
6	0	4	5	188	149
7	791	65	1241	196	149
1	551	13	643	153	149
27	14	37	10	298	149
5	7	0	9	154	149
2	9	0	42	194	149
0	9	101	309	193	149
2	82	0	253	168	149
66	19	127	29	298	149
1	36	16	193	298	149
0	40	23	115	227	149
386	1	129	0	298	149
28	0	3130	7	153	149
0	95	23	359	163	149
0	17	11	157	298	149
0	10	9	164	153	149
2	216	0	240	158	149
6	5	111	14	177	149
102	145	140	796	298	149
1	98	21	210	178	149
0	18	61	83	298	149
3	0	2	45	179	149
0	17	15	175	216	149
0	17	5	175	156	149
0	31	109	297	275	149
4	50	12	287	250	149
22	5	95	0	185	149
7	4317	33	4084	198	149
155	19	80	19	161	149
39	19	2	19	297	149
11	127	2	80	285	149
264	6	192	5	298	149
0	3	34	35	267	149
8	78	37	474	167	149
159	0	174	12	227	149
84	0	128	4	167	149
6	0	37	6	244	149
52	2	1472	118	181	149
21	7	462	10	181	149
56	0	2097	6	298	149
16	52	476	1524	298	149
55	159	139	199	176	149
329	0	656	13	298	149
5	240	0	524	162	149
346	2	183	0	298	149
14	67	102	485	173	149
0	10	18	33	173	149
3	23	25	125	298	149
6	53	13	201	153	149
45	16	142	0	175	149
5	33	42	153	164	149
3	21	0	40	162	149
0	30	29	66	153	149
12	0	40	34	298	149
9	0	78	39	161	149
11	55	155	201	209	149
4	29	50	212	292	149
1919	44	2033	76	217	149
10	742	57	877	174	149
55	3	61	13	153	149
4	2	28	0	153	149
0	1	5	119	178	149
103	1	147	0	298	149
73	10	503	186	298	149
26	0	62	7	167	149
243	43	669	46	164	149
22	237	87	613	280	149
41	56	296	286	158	149
3	26	112	49	197	149
36	12	468	35	227	149
59	13	578	237	182	149
2	9	11	0	157	149
0	64	53	95	189	149
0	64	54	95	184	149
12796	2	13	0	266	149
2	0	0	32	182	149
65	15	575	38	298	149
5	362	0	51	265	149
0	5	18	42	268	149
0	2	13	35	188	149
3	65	0	171	184	149
10612	5	16168	0	154	149
0	82	3	59	167	149
0	15	5	20	188	149
0	1	13	0	188	149
1	52	0	52	240	149
0	45	16	144	198	149
19	13916	87	15232	298	149
420	0	800	13	298	149
421	2	793	0	298	149
489	7	565	8	152	149
82	5	130	0	298	149
218	0	387	7	298	149
1015	3	1216	33	298	149
0	1	46	156	207	149
122	0	354	7	174	149
5	1	16	23	298	149
1	0	53	9	298	149
28	17	103	184	285	149
1	26	68	54	178	149
37	21	24	28	236	149
21	21	47	28	249	149
24	21	47	28	255	149
3	19	23	0	162	149
6	19	23	0	168	149
55	9	160	28	272	149
16	6	65	0	176	149
0	6	33	98	298	149
8	187	0	75	153	149
10	1752	148	14816	298	149
6	164	18	208	160	149
39	0	72	7	195	149
197	0	262	7	184	149
9	11	33	18	298	149
4	0	16	7	178	149
45	5	17	11	210	149
61	4	118	0	189	149
43	13	143	0	204	149
103	21	349	115	266	149
54	21	158	115	298	149
56	103	145	333	216	149
0	3	147	140	155	149
0	96	17	268	187	149
9117	47	34992	395	298	149
18367	153	73752	429	257	149
20	5	39	0	151	149
9	6	54	36	298	149
1	173	0	425	168	149
21	239	3	726	192	149
6	239	3	726	195	149
3	198	7	491	153	149
1	3	14	0	298	149
18	1341	16	1458	159	149
92	6	17	6	262	149
147	6	25	6	240	149
29	23	125	22	159	149
20	30	8	147	172	149
2	29	8	118	179	149
6	328	49	514	298	149
0	328	17	514	193	149
2	408	100	3545	207	149
34	433	100	3800	234	149
0	62	22	296	267	149
2	81	7	171	164	149
2	100	16	65	289	149
5	0	22	4	155	149
22	16	246	43	155	149
6	19	0	101	203	149
0	5	14	0	298	149
6	69	14	246	238	149
50	14	81	53	155	149
20	0	54	4	298	149
68	8	476	92	239	149
0	28	14	79	236	149
179	75	442	225	180	149
5	297	10	902	164	149
37	0	308	21	154	149
6	22	43	122	287	149
3	485	26	511	230	149
4	413	14	442	195	149
27	194	75	440	162	149
10	0	18	11	279	149
40	0	492	47	168	149
2	0	28	47	192	149
0	38	14	478	173	149
32	6	46	0	164	149
31	9	300	0	283	149
27	223	14	104	298	149
208	8	1439	0	222	149
38	6	127	0	298	149
106	3	574	9	298	149
0	14	11	155	175	149
4	10	19	34	161	149
2	0	63	19	197	149
5	215	0	224	185	149
954	10867	1138	21581	285	149
4	145	14	134	239	149
3	24	46	138	298	149
44	247	0	316	230	149
8	67	21	176	298	149
0	1	14	20	217	149
133	277	98	190	157	149
80	0	1318	16	197	149
0	45	31	164	227	149
58	5	130	0	298	149
281	447	839	973	190	149
2	22	4	0	175	149
2	3	21	85	298	149
21	8	162	46	298	149
122	1	173	7	298	149
5	2	1	45	298	149
15	1287	10	1122	164	149
0	35	20	171	190	149
11	39	79	158	250	149
5	0	20	52	222	149
106	7	179	0	298	149
58	21	358	229	292	149
12	80	61	126	298	149
1	125	0	258	175	149
158	6	273	0	298	149
51	3	65	0	152	149
23	0	165	5	298	149
28	8	470	9	298	149
53	4101	32	2093	233	149
14	3	49	33	298	149
10	3	38	33	298	149
20	1	46	0	298	149
2	4	16	56	268	149
2	4	16	56	288	149
2	4	16	56	274	149
4	13219	54	27726	202	149
50	10	214	8	159	149
0	6	12	28	162	149
410	36	1834	77	152	149
148	0	646	16	298	149
634	48	1260	91	298	149
159	48	667	91	298	149
2617	11	11524	21	298	149
5	7	9	20	200	149
36	368	36	407	197	149
547	3	674	18	153	149
39	3	154	12	298	149
2	0	52	13	241	149
2967	4	2	0	298	149
32	11	37	51	268	149
0	61	12	177	212	149
580	0	3183	4	280	149
20	167	13	247	180	149
27	124	43	277	160	149
3	9	81	236	298	149
0	5	28	216	157	149
4	23	44	168	207	149
2	23	3	168	196	149
170	0	838	27	261	149
95	11	386	52	261	149
0	164	23	724	158	149
43	152	59	468	160	149
4	38	0	107	298	149
19	38	12	107	170	149
25	1	88	0	153	149
1856	26	2603	22	153	149
7	54	18	159	298	149
15	80	46	463	242	149
0	104	6	385	298	149
8	121	24	510	246	149
10	121	11	510	268	149
12	121	11	510	298	149
3	1	0	13	171	149
7	1	12	13	248	149
88	0	221	9	298	149
0	6	22	86	298	149
0	17	27	145	248	149
60	3	83	0	157	149
5	0	72	8	172	149
9	0	180	8	242	149
5	0	82	8	298	149
4	0	142	34	219	149
10	18	22	25	157	149
41	8195	199	6150	184	149
56	8899	125	7950	166	149
57	8899	124	7950	172	149
1	0	20	21	155	149
0	13	10	31	298	149
0	27	6	126	170	149
362	142	361	127	298	149
14	0	57	25	173	149
0	5	3	3	184	149
18	88	99	1100	219	149
56	72	110	347	152	149
0	5	8	88	155	149
83	20	311	224	165	149
4	97	111	1180	265	149
539	1584	1683	2338	167	149
587	3	840	0	172	149
9351	4	3476	0	298	149
96	21	342	111	266	149
28	272	75	397	204	149
13	138	74	361	208	149
0	2	12	38	279	149
58	0	257	30	210	149
52	1	307	35	298	149
29	90	63	206	218	149
107	95	157	89	298	149
7	32	0	273	298	149
2	2	16	13	261	149
0	107	8	398	298	149
6	129	19	320	153	149
12	0	286	51	298	149
17	5958	131	10725	237	149
1	63	3	171	298	149
3	48	46	15	213	149
8	119	37	174	165	149
350	3	260	0	298	149
4	31	23	202	220	149
125	35	226	69	206	149
25	6975	61	5484	298	149
935	0	4172	12	298	149
0	2	14	5	211	149
0	7	3	11	187	149
4	4	17	0	298	149
1	1	0	1	207	149
9	33	45	19	180	149
38	9	73	50	298	149
13	7	59	0	298	149
63	0	76	9	298	149
33	9	38	50	218	149
62	0	76	9	298	149
49	0	105	9	277	149
0	20	29	67	298	149
0	2	10	34	298	149
2986	78	59	0	298	149
2852	14	16	0	274	149
292	6	1	0	246	149
1	1098	0	2448	298	149
3	4	0	180	240	149
15	131	17	400	298	149
49	1	126	21	298	149
18	3	37	19	298	149
18	0	37	2	298	149
21	6	29	0	153	149
1	16	103	93	208	149
10	21	18	24	160	149
5	3	22	0	298	149
9	0	98	7	214	149
22	0	300	29	186	149
100	2	62	16	190	149
251	0	244	6	298	149
243	0	312	24	298	149
102	2	158	16	186	149
253	0	340	6	298	149
245	0	408	24	298	149
248	0	240	6	294	149
245	0	328	24	298	149
40	0	136	24	187	149
242	0	1067	19	227	149
0	5	53	67	298	149
4	7	0	23	166	149
30	10	113	0	278	149
22694	5	530	0	298	149
492	18133	19	823	298	149
18224	2	823	0	298	149
2602	18	1772	0	298	149
1	0	0	9	241	149
2	250	20	286	298	149
0	250	20	286	298	149
10	244	38	584	298	149
306	32	324	49	168	149
35	94	51	178	279	149
17	0	38	25	230	149
1375	13240	131	1106	162	149
22	155	7	92	159	149
1319	7	562	0	298	149
1258	7	575	0	298	149
595	31	535	5	230	149
0	25	78	257	268	149
17	88	53	128	191	149
4	9	0	66	229	149
1173	17	1947	0	298	149
1388	10	2581	35	298	149
75	6	173	12	298	149
244	12	581	8	298	149
191	12	439	8	188	149
240	6	581	15	298	149
1498	9	2799	0	298	149
1667	2	3207	28	298	149
194	2	427	28	188	149
1052	827	1981	1979	188	149
8	0	18	35	164	149
12	24	78	54	200	149
0	2	9	25	158	149
39	16	172	55	194	149
0	23	20	57	237	149
66	1	186	0	257	149
53	7	109	0	298	149
178	3	268	40	199	149
95	1	441	0	298	149
16	1	167	0	222	149
19	25	180	0	214	149
35	10	306	56	214	149
28	0	253	16	298	149
171	7	118	53	167	149
9	7	0	53	218	149
3	165	0	118	200	149
23	0	109	41	197	149
6	5	9	38	160	149
3	0	50	40	175	149
7	1	67	0	163	149
3	583	18	406	173	149
1	0	61	4	158	149
0	1	10	14	298	149
0	1	10	14	298	149
20	1	72	0	195	149
38	26	34	62	153	149
573	0	1285	9	298	149
0	4	6	0	158	149
0	4	6	0	153	149
10	20	15	68	253	149
6	33	0	80	257	149
88	343	35	511	160	149
124	2	113	1	158	149
0	117	21	198	164	149
9	200	0	145	298	149
6	18	0	11	259	149
9	275	0	43	178	149
370	7	81	0	298	149
911	3	142	0	153	149
7	3	46	0	298	149
1	1	130	0	298	149
0	22	13	25	225	149
32	47	10	87	219	149
33	1479	77	681	163	149
19	0	47	22	298	149
6	4	22	6	175	149
31	6	44	5	161	149
16	6	12	5	234	149
23	6	12	5	240	149
2	17	12	44	222	149
9	17	12	44	228	149
17	0	121	29	210	149
40	0	298	29	214	149
21	0	128	29	235	149
4	23	0	170	170	149
4	0	15	7	153	149
0	3	3	72	267	149
9	0	104	44	234	149
0	81	13	254	226	149
95	0	284	6	298	149
112	3	212	14	298	149
31	13	61	9	158	149
24	2	21	8	158	149
9	26	7	4	193	149
5	0	50	8	295	149
0	1660	18	1278	282	149
11	989	9	3849	165	149
23	4	37	5	153	149
35	5	79	7	298	149
7	199	59	1654	294	149
12	120	60	585	215	149
14	46	111	379	298	149
4	0	0	62	170	149
0	3	3	90	160	149
0	18	9	30	161	149
5	2	8	0	298	149
8	409	17	1074	159	149
6	5	23	58	163	149
1	0	10	4	239	149
24	20	64	37	153	149
25	3	36	0	176	149
35	3	33	0	212	149
10	0	0	3	185	149
117	8	149	0	176	149
108	94	314	248	274	149
163	4	393	0	208	149
21	4	96	0	214	149
3	145	0	297	155	149
5574	18	2979	0	166	149
0	7	4	49	298	149
2	371	0	304	254	149
0	1	6	0	298	149
63	0	603	24	298	149
9	157	7	963	298	149
3	216	5	649	152	149
0	42	19	347	227	149
8	78	5	137	298	149
13	1	151	62	198	149
41	0	98	8	182	149
3	29	32	76	156	149
46	18	158	82	298	149
11	40	42	40	180	149
20	245	23	130	180	149
395	0	286	13	196	149
18	567	0	1624	298	149
14	13	19	77	195	149
17	14	0	89	153	149
6	0	32	43	191	149
14	4	53	105	164	149
15	47	0	128	158	149
15	6	45	0	185	149
47	6	173	0	176	149
6	57	57	30	168	149
24	70	50	103	168	149
4	105	0	108	257	149
7	12	23	286	182	149
12	0	150	6	162	149
6	394	17	1119	200	149
1	3	0	7	167	149
429	17	545	6	167	149
5	154	73	455	156	149
0	28	25	595	298	149
16	95	31	521	298	149
16	23	27	11	229	149
18	2	41	0	153	149
25	1	92	6	200	149
0	17	5	33	162	149
16	218	72	352	153	149
0	3	5	39	215	149
6	2	35	0	173	149
8	39	9	185	194	149
26	5	345	101	293	149
16	2	71	69	158	149
4	0	103	2	298	149
210	33	240	35	182	149
547	660	512	523	182	149
0	3	13	7	184	149
5	8	4	13	255	149
5	8	6	13	194	149
59	0	142	14	193	149
4147	390	3112	420	236	149
1	197	1	1402	180	149
187	0	1623	15	298	149
316	0	2151	47	180	149
0	451	11	4101	231	149
0	451	22	4101	213	149
6	451	28	4101	189	149
453	9	4101	44	298	149
2	9	0	44	298	149
2	9	0	44	298	149
2	9	0	44	238	149
5	75	15	527	195	149
1	76	17	486	159	149
5	20	86	46	173	149
32	0	129	43	188	149
59	0	274	56	298	149
136	3	475	0	207	149
77	0	108	9	298	149
505	2	1818	21	298	149
2	107	38	169	232	149
2	12	38	11	232	149
0	19	18	36	205	149
74	178	43	103	164	149
0	3	124	9	298	149
0	14	7	27	220	149
9	0	0	19	298	149
0	5	21	81	191	149
68	18862	136	39265	276	149
13	145	69	244	298	149
2	0	62	12	267	149
4	124	49	686	169	149
7	5	96	0	153	149
77	30	237	138	174	149
3	2	0	59	161	149
53	19	288	18	277	149
107	8	165	15	298	149
0	7	4	25	298	149
115	30	223	34	236	149
145	819	28	635	172	149
0	30	9	139	298	149
4	37	0	25	159	149
0	2	6	0	154	149
1151	62	1919	76	253	149
1151	12	3244	55	298	149
111	5	446	0	298	149
33	24	26	45	152	149
8	13	0	88	298	149
0	11	5	96	236	149
27	3	96	46	153	149
32	6	87	0	298	149
0	2	108	58	152	149
2330	3	2178	5	156	149
14	19	30	299	180	149
30	2	66	37	225	149
4	3	20	0	153	149
10	21	130	72	225	149
14	27	17	184	246	149
29	4	30	0	187	149
5	85	0	217	168	149
6	0	9	14	298	149
4845	29	5566	59	206	149
17	5	32	0	167	149
69	4	54	12	170	149
41	106	36	165	211	149
9	10	161	75	161	149
247	3	412	0	298	149
22	1	17	0	170	149
215	0	450	14	298	149
79	6	31	0	167	149
41	34	16	0	196	149
1010	0	1284	21	298	149
7	2	60	8	298	149
17	5	18	0	267	149
17	6	18	20	267	149
18	6	18	20	298	149
22	6	30	20	298	149
41	1	65	4	298	149
0	25	79	252	298	149
5	1	9	0	256	149
0	1	9	0	153	149
2804	44597	0	193	296	149
8	233	0	39	266	149
4	2	8	0	176	149
7	0	205	7	273	149
0	807	7	304	196	149
49	17	54	2	174	149
29	7	50	17	158	149
5	85	20	468	173	149
9	6	46	2	298	149
17	2	50	0	298	149
65	0	13	10	192	149
6	310	25	548	298	149
19	0	70	10	164	149
152	5	123	2	199	149
10	0	17	11	161	149
4	0	95	22	237	149
8	0	18	59	211	149
49	2	140	0	169	149
121	2	168	0	287	149
0	311	7	117	162	149
347	6	166	0	298	149
2	10	0	64	298	149
8	4	37	12	261	149
12	10	38	0	298	149
10	107	0	180	195	149
327	60	1286	180	194	149
12	152	20	275	269	149
2	41	24	95	190	149
3	0	3	13	298	149
9	170	104	200	298	149
29	71	120	159	298	149
19	0	37	13	188	149
1	0	48	6	194	149
21	0	114	20	188	149
13	101	16	42	179	149
160	39	418	126	298	149
55	21	62	9	268	149
66	100	68	194	268	149
736	6	2950	69	204	149
876	83	5023	623	153	149
1949	83	7938	623	298	149
1949	876	7926	5011	294	149
48	8	209	15	222	149
12	0	109	11	153	149
1347	0	5346	11	298	149
1347	12	5334	97	294	149
27	2810	197	13973	298	149
0	261	1	123	196	149
155	141	241	209	160	149
518	0	547	5	298	149
0	11	31	17	298	149
360	1	882	34	218	149
6	187	11	297	199	149
87	15	382	16	183	149
0	4	8	12	159	149
4	2	17	33	158	149
0	54	4	61	167	149
20	488	43	459	298	149
3	0	1	11	158	149
3	0	71	27	158	149
12	4	28	29	155	149
2	6	52	187	298	149
0	9	14	24	232	149
1	10	2	44	298	149
1	0	2	34	298	149
10	0	44	34	161	149
6	1	180	2	152	149
24	1	85	0	260	149
19593	0	30807	4	298	149
19483	0	30785	9	298	149
17089	2	31177	0	298	149
43	4593	108	10907	298	149
17	6	82	0	212	149
1	3	63	0	163	149
2	5	9	19	154	149
62	0	33	3	153	149
16	97	27	120	298	149
144	4	198	0	173	149
45	10	60	46	233	149
20	0	184	18	206	149
64	93	17	162	298	149
18	7	38	0	216	149
8	239	16	49	298	149
49	48	121	36	298	149
4	56	0	361	167	149
233	2	265	8	233	149
0	6	11	26	298	149
0	21	15	12	215	149
1	6	8	14	154	149
12	40	5	100	268	149
4	0	40	83	192	149
2	0	0	1	298	149
194	44	16	0	298	149
205	833	189	362	298	149
623	81	370	22	298	149
1304	81	585	22	203	149
864	9	484	0	298	149
6	134	39	938	251	149
13	133	12	99	233	149
13	117	66	233	298	149
249	0	349	8	298	149
519	12	431	12	251	149
1860	3	348	0	298	149
1402	6	332	0	182	149
1	60	0	292	157	149
0	2	23	78	245	149
12	2373	20	466	153	149
23	3	16	0	158	149
2	4	7	0	158	149
364	0	387	1	298	149
235	11	808	104	153	149
111	10	433	38	153	149
2405	9	3495	23	155	149
773	1	391	0	201	149
10	265	12	287	199	149
0	24	4	90	167	149
16	17	15	66	164	149
26	8	105	15	185	149
2	110	0	162	191	149
37	60	42	66	298	149
22	16	42	18	298	149
0	4	6	92	200	149
7	4	94	1	298	149
603	4	975	0	198	149
3	8	26	0	189	149
9	8	26	6	189	149
96	0	566	11	200	149
9	96	0	112	174	149
36	1153	0	14	298	149
38	58	90	32	191	149
2	4	22	0	154	149
271	60	2826	638	298	149
323	0	228	24	298	149
0	2	22	87	153	149
0	9	22	211	158	149
96	0	259	2	156	149
0	5	8	2	231	149
0	5	8	2	298	149
2	0	26	16	158	149
8	16	17	0	233	149
16	700	63	1278	298	149
84	0	198	58	179	149
0	30	14	95	298	149
9	3	135	0	253	149
105	0	580	8	298	149
120	19	399	0	176	149
47	151	34	213	185	149
11	0	128	85	278	149
7	18	50	22	158	149
8	18	106	22	161	149
8	7	90	34	152	149
152	0	328	2	153	149
1205	14	1298	16	212	149
12	440	102	933	153	149
79	0	127	33	240	149
0	11	50	27	173	149
0	5	94	12	173	149
7	3	33	192	222	149
7	4	43	22	222	149
4	7	30	124	171	149
10	7	33	124	222	149
9	3	7	4	200	149
7	3	41	54	222	149
19	2	91	20	298	149
170	5	1466	55	298	149
6	13	42	126	266	149
17	2	5	14	298	149
11	7	70	20	173	149
16	43	43	292	265	149
35	0	96	4	221	149
1	73	0	120	161	149
19	4	79	56	261	149
18	28	52	130	298	149
6	35	36	172	172	149
18	325	9	237	215	149
134	2	282	0	254	149
0	77	16	182	178	149
5	2	0	7	154	149
6	325	21	612	155	149
279	5	590	0	161	149
1312	2	1005	0	298	149
13	195	84	961	298	149
15	2	98	0	298	149
11	641	0	426	160	149
1	63	12	270	275	149
115	139	376	1314	298	149
0	3	5	80	298	149
0	4	2	24	298	149
11	418	16	304	155	149
16	231	10	102	161	149
415	8	444	0	298	149
80	4	508	6	291	149
40	207	40	69	298	149
17	93	45	46	298	149
17	67	36	107	298	149
18	9	31	7	298	149
18	0	31	25	298	149
11	0	7	25	161	149
151	12	259	0	167	149
8	92	34	146	237	149
79	850	59	834	158	149
27	74	34	150	298	149
279	11	414	0	238	149
11	7	3	0	278	149
107	6	515	0	298	149
6	15	19	18	296	149
22	105	35	123	160	149
68	472	7	202	160	149
2	0	0	87	152	149
1	21	3	11	161	149
20393	73	42745	83	196	149
2724	72	6434	141	169	149
9397	23	15039	30	298	149
4951	3	8424	0	216	149
48	4	17	0	212	149
2	5	0	128	298	149
3	46	0	37	298	149
125	1	14	0	155	149
0	41	21	300	298	149
14	7	18	0	208	149
154	3	317	18	252	149
159	29	284	23	171	149
6	0	103	15	195	149
514	5	330	0	298	149
0	1	1	79	159	149
2	178	4	726	213	149
89	0	91	18	169	149
6	0	39	5	171	149
37	7	152	14	157	149
72	4	225	0	298	149
3	77	13	513	179	149
89	0	472	29	182	149
7299	6	14682	0	270	149
101	42	146	93	177	149
12	814	2	25	246	149
4	814	0	25	181	149
284	15	98	32	298	149
569	6	120	0	298	149
12	452	25	338	247	149
73	0	507	2	153	149
35	16	134	98	246	149
0	16	1	98	153	149
168	80	237	79	227	149
4	93	0	141	151	149
0	43	9	179	152	149
71	3	178	0	251	149
44	2	238	0	298	149
4	2	0	60	158	149
18	23	76	85	161	149
21	362	1	285	155	149
4	33	0	55	166	149
40	2	179	0	298	149
0	2	52	74	179	149
2	0	86	13	230	149
4	0	108	13	200	149
3030	55	6039	100	153	149
32	3	6	8	223	149
60	5	23	0	257	149
31	5	25	0	183	149
9	4	17	8	153	149
3	1	0	18	191	149
0	292	13	193	179	149
3	14	19	56	298	149
22	5	8	0	152	149
28	19	47	76	152	149
65	35	122	0	239	149
56	35	151	0	236	149
14	60	42	92	158	149
7	2	19	32	158	149
4	2	37	24	298	149
2	0	5	27	153	149
48	4	8	0	153	149
27	48	143	138	155	149
11	0	30	5	298	149
727	273	257	120	298	149
8	16	87	100	268	149
21	16	253	100	298	149
18	0	208	12	200	149
1960	43	1438	46	192	149
1004	0	675	11	298	149
5	693	51	589	236	149
481	259	833	195	197	149
168	8	378	8	197	149
595	10	683	93	164	149
25	57	114	236	286	149
17	18	82	88	298	149
38	8	64	6	298	149
4	85	22	220	173	149
22	0	165	13	173	149
6	0	0	5	298	149
121	23	157	8	153	149
70	0	168	7	298	149
17	3	93	21	155	149
112	3	263	0	298	149
22	264	11	368	160	149
117	6	29	0	161	149
7	0	20	1	174	149
32	159	8	97	288	149
0	28	14	65	298	149
0	31	8	140	294	149
1	2	4	13	220	149
1	40	4	66	217	149
1	40	4	66	271	149
96	1	26	0	235	149
358	7	335	4	211	149
369	20	312	26	211	149
7	11	17	17	164	149
52	43	123	17	155	149
60	3	77	0	165	149
1	60	0	77	153	149
10	55	53	105	161	149
3	54	15	93	227	149
0	8	18	16	179	149
0	20	40	127	179	149
0	30	9	65	181	149
0	20	11	19	298	149
5	21	0	64	153	149
3	17	11	56	296	149
8	3	28	21	169	149
0	5	6	2	298	149
0	3	38	20	204	149
27	0	264	14	271	149
1	0	11	18	174	149
4	4	320	12	166	149
59	15	178	40	298	149
4	15	26	40	172	149
164	2	481	13	298	149
5	1074	0	979	181	149
3	10	0	62	224	149
10	0	0	11	180	149
17	4	360	167	298	149
0	6	3	76	179	149
6	7	116	17	155	149
157	3	441	0	298	149
270	0	548	15	298	149
1	4	17	55	202	149
0	19	8	47	165	149
4	5	13	0	254	149
0	30	8	112	197	149
3	120	0	85	199	149
8	0	24	12	225	149
0	7	15	109	216	149
54	0	232	12	298	149
2	2	11	0	259	149
6	1	45	9	217	149
50	3	93	0	298	149
56	3	103	0	298	149
10	17	6	12	298	149
41	11	298	0	298	149
24	182	121	704	263	149
392	7	418	0	298	149
62	32	23	8	167	149
3	3	0	36	274	149
8	4	75	60	154	149
0	35	9	179	295	149
49	11	268	73	256	149
0	11	60	73	296	149
0	49	51	259	189	149
0	11	19	27	188	149
70	0	177	3	298	149
20	2	185	0	175	149
19	540	118	1093	164	149
20	82	25	281	176	149
0	9	9	370	298	149
8	4	30	32	284	149
3800	21	6650	57	298	149
68	2	94	19	233	149
247	8	292	0	170	149
1	3	12	57	182	149
18	7	10	0	153	149
502	1	513	34	298	149
35	520	79	465	156	149
12	8	36	17	173	149
56	31	289	403	255	149
24	4870	60	9036	179	149
235	4870	239	9036	280	149
226	15	239	60	250	149
135	29	181	26	298	149
22	82	41	72	161	149
11	7	133	0	154	149
0	329	45	1200	298	149
26	58	92	280	206	149
0	44	2	440	163	149
2	2	0	32	153	149
29	174	629	1383	158	149
0	174	7	1383	162	149
135	2	972	24	191	149
34	1	108	0	154	149
219	1	298	0	186	149
7	419	28	2393	170	149
10	0	138	4	298	149
7	0	131	17	298	149
1	0	0	3	234	149
154	10	415	20	191	149
455	21	91	0	166	149
33	79	46	117	268	149
0	9	27	112	162	149
8	406	75	3477	274	149
62	4337	112	8207	298	149
26	0	214	4	298	149
6	0	31	3	298	149
109	67	96	99	155	149
0	27	7	244	154	149
33	7	79	7	298	149
10	7	40	7	298	149
5	23	6	39	251	149
21	35	123	78	298	149
1	11	10	0	181	149
5064	1	7713	0	190	149
24545	5	32006	27	190	149
5046	46	7694	109	190	149
150	11192	270	21656	160	149
109	22	201	61	173	149
16	79	46	326	298	149
18	302	2	452	193	149
4	18	1	44	212	149
7	0	48	257	203	149
8	0	203	65	262	149
1	0	412	65	208	149
119	33	612	149	287	149
820	25	101	5	233	149
505	7	203	0	154	149
0	579	7	2240	298	149
52	107	132	111	229	149
5	4	74	24	196	149
18	237	52	953	298	149
9	0	40	4	216	149
114	10	1449	78	202	149
0	142	35	1911	159	149
353	0	2025	17	298	149
0	28	68	277	291	149
0	5	10	10	298	149
3	3	33	46	158	149
11	33	46	60	192	149
34	0	33	34	298	149
52	132	25	175	160	149
489	8	441	0	298	149
68	14	65	0	196	149
