ID
0
2
4
5
8
10
12
16
18
19
21
22
23
24
25
49
50
51
52
58
62
63
67
70
71
79
80
86
87
88
89
90
91
97
102
105
106
110
111
117
123
128
129
134
138
140
141
142
143
144
147
149
151
158
160
162
163
164
165
168
169
170
171
172
173
174
176
177
178
179
185
186
187
188
189
194
195
197
198
200
202
204
206
218
221
222
224
226
230
231
232
233
234
235
236
238
239
247
248
252
254
255
256
257
258
259
260
262
265
268
269
270
288
289
290
292
296
297
298
301
310
311
312
314
318
322
323
324
325
328
329
330
336
338
340
343
344
346
350
353
354
357
358
359
361
364
365
367
369
370
371
372
374
375
377
379
381
383
386
387
389
393
394
399
400
405
406
407
409
411
413
414
419
420
421
434
435
436
437
439
441
444
445
446
450
452
456
457
458
459
473
476
478
496
498
499
501
502
503
504
508
510
511
512
514
525
526
529
530
531
532
533
534
537
538
543
558
559
560
562
565
574
577
578
579
590
596
597
598
599
600
603
606
608
610
611
612
613
614
615
616
622
624
627
635
636
638
639
647
648
649
652
653
655
656
657
658
659
660
661
664
665
672
675
676
681
683
691
692
695
701
702
707
708
714
719
721
725
731
754
757
758
759
764
765
767
768
769
770
771
772
775
778
780
781
783
785
790
794
795
796
799
809
812
813
814
815
816
817
818
822
825
826
828
830
842
844
847
848
850
851
858
864
866
867
868
869
870
871
872
873
876
877
878
879
880
882
885
891
892
895
899
900
901
903
905
906
911
914
915
916
917
918
923
932
935
943
945
953
955
959
960
964
967
974
977
983
991
994
997
998
999
1001
1002
1005
1007
1008
1019
1022
1032
1063
1065
1071
1072
1073
1077
1079
1081
1083
1086
1090
1092
1093
1096
1097
1098
1100
1101
1103
1113
1115
1119
1121
1129
1135
1137
1138
1139
1140
1143
1148
1149
1150
1152
1153
1154
1155
1158
1159
1160
1166
1169
1176
1177
1178
1181
1182
1183
1184
1185
1187
1188
1189
1190
1191
1195
1199
1203
1205
1206
1208
1209
1210
1214
1215
1216
1217
1218
1219
1220
1221
1222
1223
1226
1227
1228
1230
1231
1243
1245
1246
1247
1250
1254
1258
1260
1263
1269
1270
1279
1280
1284
1286
1287
1294
1297
1298
1300
1305
1309
1318
1321
1323
1324
1325
1328
1330
1333
1334
1336
1341
1344
1346
1349
1352
1353
1354
1356
1357
1361
1363
1368
1371
1378
1379
1380
1388
1405
1407
1408
1411
1412
1416
1424
1430
1432
1433
1452
1454
1455
1457
1461
1464
1465
1470
1472
1476
1478
1481
1483
1484
1489
1491
1495
1506
1507
1508
1511
1513
1517
1519
1520
1521
1522
1524
1528
1532
1533
1538
1539
1540
1541
1544
1546
1547
1548
1549
1551
1552
1553
1554
1556
1558
1559
1560
1561
1565
1567
1572
1573
1576
1577
1578
1579
1580
1581
1582
1583
1587
1589
1590
1591
1592
1598
1603
1608
1610
1611
1612
1613
1614
1617
1618
1619
1620
1621
1622
1624
1631
1632
1633
1642
1643
1645
1646
1650
1653
1654
1657
1658
1665
1667
1674
1679
1681
1689
1697
1698
1699
1702
1704
1708
1719
1721
1724
1725
1728
1729
1730
1733
1738
1739
1740
1742
1743
1749
1750
1751
1752
1754
1755
1764
1765
1772
1775
1776
1777
1780
1781
1788
1800
1801
1803
1806
1807
1808
1809
1814
1818
1821
1822
1823
1825
1826
1827
1830
1831
1847
1848
1850
1851
1852
1855
1856
1857
1859
1862
1865
1866
1870
1871
1874
1877
1878
1881
1884
1885
1886
1905
1906
1908
1914
1917
1920
1921
1922
1924
1925
1929
1932
1933
1939
1941
1945
1947
1949
1950
1953
1957
1959
1960
1961
1962
1964
1965
1967
1972
1974
1979
1984
1995
2001
2002
2005
2010
2013
2015
2016
2017
2018
2020
2022
2028
2033
2034
2037
2038
2040
2043
2044
2045
2047
2048
2051
2053
2059
2069
2071
2080
2084
2085
2086
2097
2100
2103
2109
2110
2111
2112
2113
2118
2119
2124
2126
2127
2128
2130
2131
2141
2142
2143
2147
2148
2157
2160
2162
2166
2167
2170
2172
2176
2178
2181
2182
2183
2184
2191
2192
2193
2195
2196
2199
2200
2201
2202
2203
2205
2209
2210
2211
2212
2213
2214
2216
2217
2218
2219
2220
2227
2230
2232
2233
2234
2235
2238
2241
2242
2250
2251
2257
2260
2261
2268
2272
2274
2275
2283
2288
2291
2293
2300
2302
2304
2305
2307
2309
2314
2315
2316
2319
2320
2321
2323
2330
2337
2340
2345
2346
2347
2348
2349
2357
2358
2361
2363
2364
2365
2371
2373
2374
2378
2379
2381
2383
2384
2386
2387
2388
2389
2390
2391
2393
2395
2400
2407
2408
2409
2410
2411
2412
2413
2414
2415
2418
2419
2439
2440
2441
2448
2451
2453
2454
2455
2456
2457
2464
2465
2474
2476
2478
2486
2487
2495
2496
2500
2502
2503
2506
2512
2513
2514
2515
2516
2518
2520
2523
2525
2526
2528
2529
2530
2535
2537
2538
2540
2543
2544
2545
2546
2547
2550
2555
2556
2557
2562
2563
2565
2580
2587
2589
2592
2593
2594
2595
2596
2598
2600
2604
2608
2611
2616
2617
2627
2628
2635
2636
2638
2641
2642
2643
2645
2651
2653
2654
2655
2658
2660
2662
2666
2669
2671
2672
2673
2675
2676
2677
2682
2683
2689
2690
2691
2692
2693
2695
2696
2697
2701
2705
2706
2708
2709
2712
2714
2715
2716
2721
2723
2724
2726
2727
2729
2730
2734
2735
2736
2739
2740
2742
2743
2744
2749
2751
2753
2754
2759
2762
2766
2770
2777
2779
2780
2782
2783
2784
2787
2790
2794
2796
2798
2799
2800
2802
2804
2805
2806
2807
2810
2813
2814
2815
2818
2820
2821
2823
2826
2827
2835
2836
2839
2841
2844
2845
2846
2849
2854
2860
2861
2862
2870
2871
2875
2880
2882
2885
2886
2888
2889
2898
2899
2902
2904
2911
2912
2920
2921
2922
2924
2925
2929
2930
2936
2938
2939
2940
2942
2943
2949
2955
2963
2968
2974
2976
2983
2985
2990
2991
2993
2995
2996
3001
3003
3006
3007
3016
3017
3018
3024
3029
3034
3035
3037
3038
3040
3041
3046
3048
3049
3053
3058
3060
3062
3064
3065
3066
3068
3075
3078
3080
3082
3085
3087
3088
3089
3090
3091
3092
3093
3094
3096
3097
3100
3103
3104
3105
3107
3108
3111
3112
3113
3116
3119
3121
3122
3125
3126
3131
3135
3138
3141
3142
3144
3145
3150
3153
3156
3157
3158
3161
3164
3165
3166
3169
3174
3175
3180
3182
3183
3185
3188
3190
3191
3192
3194
3196
3201
3202
3203
3207
3210
3211
3212
3219
3220
3221
3222
3230
3234
3236
3239
3255
3261
3262
3265
3266
3271
3276
3284
3285
3288
3289
3290
3291
3307
3308
3309
3311
3312
3313
3314
3315
3317
3322
3333
3339
3340
3347
3348
3349
3353
3355
3357
3361
3363
3364
3366
3379
3380
3384
3387
3388
3389
3392
3393
3394
3399
3408
3415
3417
3420
3422
3423
3424
3425
3428
3431
3432
3437
3445
3446
3447
3448
3453
3454
3456
3459
3460
3461
3466
3468
3469
3470
3471
3481
3486
3487
3490
3492
3493
3495
3499
3500
3501
3502
3504
3505
3506
3507
3508
3519
3536
3541
3548
3549
3550
3553
3558
3562
3566
3567
3569
3580
3585
3590
3591
3593
3603
3604
3610
3611
3612
3613
3616
3617
3619
3620
3621
3622
3623
3624
3625
3626
3627
3628
3635
3636
3638
3639
3647
3649
3650
3651
3653
3655
3656
3657
3660
3674
3679
3680
3682
3686
3689
3692
3695
3696
3699
3700
3701
3702
3704
3721
3722
3723
3725
3727
3734
3737
3738
3739
3741
3742
3743
3744
3746
3751
3755
3756
3757
3759
3760
3761
3763
3764
3765
3766
3768
3772
3773
3774
3779
3780
3781
3782
3783
3786
3789
3793
3794
3797
3798
3801
3802
3803
3807
3808
3809
3810
3811
3813
3824
3825
3826
3827
3828
3831
3832
3840
3845
3847
3854
3855
3856
3865
3871
3873
3877
3880
3885
3892
3894
3896
3897
3899
3902
3903
3913
3915
3918
3924
3925
3926
3928
3929
3933
3934
3935
3943
3951
3954
3956
3961
3962
3967
3972
3977
3982
3992
3993
3994
3999
4000
4002
4003
4004
4005
4011
4014
4015
4016
4018
4019
4020
4021
4023
4027
4028
4029
4030
4032
4033
4035
4037
4046
4048
4049
4050
4051
4055
4058
4059
4062
4070
4071
4075
4076
4081
4082
4083
4085
4087
4103
4107
4108
4125
4128
4129
4133
4134
4137
4140
4141
4142
4143
4144
4151
4152
4154
4155
4156
4157
4158
4162
4163
4164
4168
4173
4174
4175
4178
4183
4185
4187
4188
4199
4200
4208
4214
4217
4218
4220
4224
4227
4228
4229
4230
4231
4233
4234
4238
4239
4240
4242
4243
4246
4253
4254
4255
4256
4257
4258
4262
4267
4275
4277
4281
4282
4285
4286
4287
4292
4297
4298
4299
4300
4302
4305
4308
4312
4314
4316
4323
4324
4326
4327
4332
4333
4334
4335
4336
4337
4338
4339
4344
4345
4348
4355
4356
4359
4369
4370
4371
4377
4379
4383
4392
4395
4397
4398
4411
4412
4418
4421
4431
4432
4433
4434
4442
4444
4446
4449
4450
4454
4456
4457
4462
4463
4464
4468
4470
4471
4472
4478
4480
4482
4484
4485
4486
4487
4489
4491
4492
4493
4495
4500
4502
4503
4504
4507
4508
4511
4518
4538
4539
4542
4547
4548
4549
4550
4552
4553
4555
4556
4558
4560
4561
4567
4569
4570
4573
4577
4578
4581
4582
4583
4584
4585
4586
4591
4592
4593
4595
4599
4600
4609
4614
4615
4620
4621
4622
4623
4624
4626
4629
4631
4632
4635
4636
4637
4639
4641
4646
4647
4650
4652
4655
4657
4659
4662
4668
4669
4671
4672
4675
4676
4678
4679
4685
4687
4693
4695
4708
4709
4710
4711
4715
4716
4717
4721
4729
4730
4731
4732
4735
4737
4739
4744
4746
4750
4756
4757
4759
4760
4766
4767
4768
4770
4774
4776
4778
4779
4781
4783
4790
4791
4794
4796
4798
4804
4816
4817
4819
4820
4824
4827
4835
4846
4851
4853
4854
4855
4856
4857
4860
4863
4865
4866
4867
4868
4869
4870
4871
4873
4874
4875
4878
4884
4885
4889
4890
4891
4892
4899
4902
4905
4907
4911
4912
4916
4917
4922
4924
4932
4935
4936
4937
4948
4949
4950
4952
4955
4962
4963
4981
4982
4983
4987
4988
4989
4990
4993
4999
5004
5012
5013
5014
5016
5021
5027
5031
5032
5033
5042
5044
5045
5050
5051
5053
5054
5056
5060
5061
5062
5063
5064
5065
5067
5068
5076
5081
5082
5083
5084
5085
5087
5092
5096
5098
5104
5110
5111
5112
5113
5114
5120
5121
5133
5134
5138
5139
5140
5142
5148
5151
5153
5154
5160
5162
5163
5165
5168
5186
5187
5188
5192
5193
5194
5195
5197
5200
5213
5215
5225
5230
5231
5236
5237
5238
5241
5242
5243
5244
5245
5253
5254
5255
5259
5261
5262
5265
5266
5274
5279
5280
5281
5282
5283
5299
5300
5301
5302
5310
5312
5317
5323
5334
5336
5337
5349
5350
5354
5355
5361
5363
5373
5377
5378
5383
5385
5386
5391
5395
5400
5401
5405
5408
5409
5412
5414
5417
5419
5420
5421
5422
5430
5433
5434
5435
5438
5439
5441
5455
5458
5463
5465
5474
5475
5476
5480
5481
5482
5483
5494
5495
5496
5497
5505
5507
5510
5511
5514
5524
5538
5540
5541
5544
5545
5546
5547
5548
5550
5552
5555
5556
5557
5558
5559
5560
5564
5565
5571
5572
5573
5576
5579
5584
5590
5593
5596
5597
5598
5602
5603
5605
5613
5614
5615
5616
5617
5619
5623
5626
5627
5631
5633
5634
5636
5637
5638
5639
5641
5642
5648
5649
5650
5652
5653
5654
5658
5660
5663
5673
5674
5681
5682
5684
5685
5687
5689
5692
5694
5696
5697
5700
5701
5705
5706
5707
5712
5713
5723
5724
5731
5740
5744
5749
5751
5752
5753
5754
5755
5756
5757
5758
5759
5763
5765
5770
5771
5774
5776
5777
5778
5779
5781
5782
5787
5791
5792
5794
5800
5802
5803
5804
5805
5807
5808
5814
5820
5821
5822
5823
5824
5825
5826
5827
5828
5829
5834
5841
5843
5846
5849
5853
5855
5856
5859
5860
5861
5862
5863
5865
5866
5867
5871
5873
5875
5876
5877
5881
5896
5897
5900
5902
5903
5908
5909
5916
5919
5921
5923
5924
5929
5931
5934
5935
5936
5937
5938
5941
5942
5943
5948
5949
5952
5953
5954
5955
5956
5959
5960
5961
5964
5967
5969
5970
5974
5978
5979
5980
5987
6011
6012
6013
6014
6026
6027
6028
6033
6034
6039
6040
6044
6045
6048
6050
6053
6054
6057
6058
6059
6060
6065
6066
6067
6068
6077
6080
6086
6088
6090
6092
6093
6098
6100
6103
6106
6107
6108
6109
6110
6113
6118
6119
6134
6137
6140
6141
6142
6143
6148
6150
6152
6157
6164
6167
6170
6172
6175
6179
6180
6189
6190
6191
6197
6198
6199
6201
6202
6203
6210
6211
6214
6215
6220
6222
6223
6238
6240
6241
6242
6244
6245
6246
6247
6248
6249
6250
6251
6257
6258
6259
6264
6269
6274
6282
6284
6289
6290
6292
6298
6310
6314
6315
6319
6321
6322
6324
6329
6330
6332
6336
6341
6342
6343
6349
6351
6356
6360
6362
6363
6364
6365
6369
6371
6373
6375
6376
6380
6381
6386
6394
6396
6397
6398
6414
6423
6431
6432
6433
6438
6439
6440
6442
6445
6447
6448
6450
6451
6453
6457
6458
6459
6460
6464
6465
6469
6472
6475
6484
6486
6488
6490
6491
6492
6493
6497
6498
6499
6505
6506
6507
6510
6514
6516
6522
6531
6533
6534
6535
6545
6546
6547
6549
6552
6556
6562
6564
6567
6572
6573
6574
6575
6578
6580
6581
6582
6583
6584
6585
6586
6587
6588
6589
6590
6591
6598
6599
6601
6602
6603
6604
6625
6629
6633
6638
6639
6640
6642
6643
6646
6647
6648
6649
6650
6651
6653
6654
6655
6656
6660
6664
6667
6668
6671
6675
6676
6680
6682
6684
6685
6686
6687
6690
6691
6692
6693
6695
6700
6701
6705
6708
6709
6710
6711
6712
6714
6715
6716
6718
6719
6720
6722
6723
6725
6726
6727
6731
6732
6733
6738
6739
6740
6742
6746
6747
6748
6749
6750
6759
6762
6763
6764
6765
6768
6769
6770
6771
6772
6783
6787
6788
6790
6802
6803
6804
6810
6812
6813
6831
6832
6837
6839
6847
6849
6850
6851
6852
6853
6854
6855
6856
6859
6861
6862
6864
6865
6866
6867
6868
6869
6870
6874
6875
6876
6878
6882
6883
6886
6888
6889
6890
6891
6892
6896
6899
6903
6904
6907
6909
6910
6913
6914
6918
6919
6920
6921
6925
6926
6928
6932
6933
6935
6938
6939
6940
6944
6946
6955
6957
6958
6962
6963
6964
6965
6966
6971
6974
6978
6979
6980
6981
6982
6984
6985
6986
6991
6996
6998
6999
7002
7005
7023
7039
7041
7043
7044
7058
7061
7062
7063
7066
7068
7069
7070
7071
7081
7082
7086
7087
7096
7109
7112
7123
7124
7125
7128
7132
7136
7137
7141
7142
7143
7146
7148
7149
7150
7151
7153
7156
7157
7163
7164
7165
7166
7167
7168
7169
7174
7175
7178
7180
7181
7182
7183
7184
7186
7187
7188
7189
7190
7191
7192
7196
7203
7204
7212
7220
7225
7238
7245
7246
7249
7251
7254
7257
7258
7260
7261
7262
7263
7267
7268
7269
7270
7273
7287
7292
7293
7296
7299
7300
7301
7304
7317
7324
7330
7331
7332
7336
7340
7344
7346
7347
7348
7351
7359
7360
7361
7365
7366
7371
7372
7381
7384
7386
7390
7397
7406
7407
7414
7418
7419
7420
7421
7422
7430
7436
7438
7439
7441
7447
7462
7464
7465
7466
7467
7468
7472
7473
7474
7477
7479
7481
7482
7483
7484
7487
7490
7491
7492
7493
7494
7495
7496
7497
7498
7499
7500
7502
7504
7523
7524
7525
7527
7530
7535
7537
7538
7539
7550
7558
7563
7569
7571
7573
7574
7576
7577
7587
7598
7603
7604
7605
7606
7607
7608
7609
7610
7611
7612
7613
7615
7617
7618
7619
7620
7623
7624
7626
7628
7634
7640
7645
7646
7650
7651
7653
7663
7668
7679
7684
7688
7694
7696
7699
