ID	IJC_SAMPLE_1	SJC_SAMPLE_1	IJC_SAMPLE_2	SJC_SAMPLE_2	IncFormLen	SkipFormLen
7	14	8	22,11	9,16	203	222
8	0	11	2,2	10,0	298	295
9	0	11	2,0	10,0	271	295
11	22	7	9,4	2,0	245	294
18	3	20	4,0	20,0	209	221
23	15	9	6,0	2,2	198	210
24	2	13	0,0	5,0	247	298
26	62	2	31,0	0,0	210	298
27	54	22	23,2	2,0	210	264
28	2	6	0,0	2,0	185	264
29	2	7	0,0	2,0	185	298
30	2	7	0,0	2,0	185	298
31	2	42	0,0	14,0	185	264
33	2	0	0,4	2,0	183	228
38	22	1	11,2	2,2	275	298
44	2	44	6,0	27,29	216	298
45	0	5	2,0	8,1	298	289
47	262	180	102,94	89,56	229	211
55	0	4	0,2	0,2	298	296
56	0	12	0,2	2,0	298	298
57	10	0	2,11	0,2	298	298
58	22	0	4,9	0,2	275	298
59	1	2	6,4	0,0	298	298
65	1	125	0,0	58,31	203	298
66	22	1	17,7	0,0	297	298
67	16	1	6,9	0,0	297	187
68	22	1	17,7	0,0	297	187
72	18	14	49,8	27,10	241	249
74	4	1	1,4	1,2	269	298
78	18	22	28,17	40,20	298	284
79	32	27	26,32	25,18	272	298
80	18	13	20,13	9,3	284	239
81	18	11	20,13	10,1	284	298
82	18	34	6,4	15,15	184	248
83	5	12	3,1	15,5	196	243
97	24	4	23,30	4,3	260	254
98	3479	6426	0,4	5,12	244	298
99	4088	4382	0,3	0,7	276	244
100	4717	5404	2,24	0,11	298	276
101	2	0	0,2	1,0	242	298
104	5	4	0,6	12,15	249	221
106	4	1	2,0	0,0	242	242
107	38	1	7,12	0,0	298	242
108	38	4	7,12	2,0	298	242
116	1	0	0,0	0,2	223	298
117	7	14	4,7	7,6	298	298
118	7	14	4,7	7,6	275	298
120	4	6	3,0	6,0	181	208
124	10	0	12,3	2,0	265	288
125	2	3	9,2	7,4	298	208
127	4	0	2,0	0,2	238	210
135	57	26	75,79	39,53	272	298
152	2	0	2,5	2,2	257	298
157	7	17	4,0	6,4	272	298
158	32	3	66,94	18,33	288	288
159	7	7	9,1	42,12	241	276
160	0	2	2,0	8,2	248	212
161	0	1	2,0	6,2	248	298
162	0	1	2,0	4,2	248	219
176	0	2	2,3	0,0	265	298
183	108	101	52,17	43,12	245	218
184	242	1	118,38	0,2	245	230
185	17	105	4,0	57,21	175	245
186	16	8	4,0	1,4	175	245
193	55	55	31,24	62,31	253	247
194	64	24	74,27	30,28	264	280
195	49	67	60,27	78,25	280	298
201	0	2	4,0	0,6	256	258
203	3	1	4,6	2,0	298	256
217	110	20	116,132	18,12	245	298
218	3	2	10,2	3,3	298	221
219	2	3	13,2	9,12	298	298
220	40	134	41,57	70,51	222	298
221	40	0	41,57	2,0	222	258
222	20	395	10,19	281,305	260	279
223	20	178	10,19	109,128	260	298
228	4	7	12,7	6,4	292	278
231	35	187	26,26	118,69	240	291
243	112	67	65,92	28,61	298	236
244	1	2	12,6	13,8	272	239
245	6	14	2,1	11,22	205	239
248	217	218	44,18	86,34	279	235
250	3	0	13,2	2,0	180	298
251	2	5	0,2	3,6	180	290
253	35	76	34,23	105,105	298	238
254	3	2	5,3	0,2	298	298
255	103	189	28,21	67,37	263	278
257	36	51	47,18	139,90	298	298
258	14	2	211,57	204,96	298	298
259	15	60	20,19	38,32	195	230
260	83	18	59,26	31,9	273	195
262	19	30	44,28	14,15	232	232
263	5	7	33,8	47,33	298	298
264	2	12	33,29	63,34	298	298
283	4	2	0,0	2,2	240	276
287	10	31	11,9	17,18	248	246
291	8	13	16,27	3,1	225	289
306	18	51	16,16	32,34	225	284
309	211	341	164,86	245,133	243	257
310	21	32	7,6	20,16	219	246
311	0	9	21,18	18,13	298	277
314	41	6	20,18	2,10	277	298
315	41	6	20,18	2,10	277	267
316	41	6	20,18	2,10	277	250
318	20	16	14,15	38,14	214	276
319	17	18	13,4	31,14	298	276
320	3	26	2,2	24,36	276	280
321	28	30	12,10	24,28	276	280
322	23	1	5,2	0,0	239	218
323	12	19	13,10	18,7	298	244
328	619	408	333,156	283,141	259	226
329	0	24	0,2	154,90	176	298
331	8	44	6,15	102,64	182	254
332	708	204	1201,1840	249,472	254	271
334	76	83	41,24	65,27	298	298
340	434	103	143,104	98,111	298	298
341	10	1	6,4	3,3	271	284
344	16	3	17,21	6,3	298	263
345	231	470	44,35	68,59	227	241
346	356	283	65,33	27,16	269	227
349	15087	31589	85,107	180,182	298	298
350	20048	11206	108,103	73,70	298	246
351	4	5	7,4	15,11	298	230
352	3	2	22,8	17,11	298	298
357	41	93	0,4	33,14	226	298
358	48	41	0,8	25,5	226	250
359	172	92	173,100	110,54	285	240
360	203	140	177,124	144,158	298	281
361	120	94	114,96	143,95	281	230
363	8	5	5,3	0,3	216	210
364	48	212	68,49	253,161	298	250
365	1	3	2,4	11,8	247	278
369	77	293	10,11	37,25	228	298
372	9	1	19,20	0,6	298	208
376	2	6	2,2	10,6	201	200
381	25	114	26,28	54,70	203	278
382	9	9	9,6	2,7	293	221
383	11	24	13,1	17,19	221	293
384	2	0	0,0	0,2	237	298
385	2	6	2,12	4,12	245	253
386	2	4	2,12	0,0	245	211
394	13	4	9,6	1,0	204	244
395	85	48	105,93	56,39	262	218
396	10	17	10,20	19,17	288	291
397	16	14	40,25	25,26	269	270
398	10	13	45,30	17,21	278	270
399	24	27	14,16	33,29	180	276
400	60	14	114,95	38,50	247	278
401	16	46	15,7	34,26	239	298
403	2	12	4,0	18,12	193	254
405	1	24	0,0	6,2	176	298
406	0	24	0,2	6,2	176	298
407	1	24	2,0	8,2	176	298
409	2	7	0,0	4,6	188	176
410	12	12	1,2	2,2	234	176
411	15	7	14,7	0,2	298	176
413	2	0	56,17	6,2	245	231
415	1866	1	1107,876	4,1	263	247
418	15	5	18,6	6,4	238	222
419	12	7	9,2	4,2	222	213
420	29	39	24,30	33,33	287	264
423	57	36	66,24	30,20	280	233
424	26	18	29,26	10,14	245	272
425	12	18	15,3	25,18	196	296
427	47	36	47,21	42,55	246	263
433	39	70	32,9	52,56	236	263
434	133	79	74,49	52,15	298	236
437	38	14	61,43	33,27	298	274
438	12	5	0,0	2,4	298	212
439	9	103	2,6	45,34	252	298
442	2	11	2,4	13,10	197	227
444	0	2	0,1	1,0	231	212
445	10	135	2,0	108,64	191	298
446	31	27	23,24	31,14	261	213
447	37	51	20,30	24,18	298	290
448	10	51	3,1	24,18	213	290
449	36	51	22,24	27,16	213	290
450	58	52	45,19	23,37	298	269
452	29	0	51,61	3,0	235	235
454	2	22	0,2	12,14	157	224
456	4	2	5,11	3,0	241	157
457	9	32	7,2	31,16	295	241
458	16	0	8,0	2,0	199	189
459	8	5	27,22	17,8	251	244
460	9	19	13,16	17,15	228	293
461	6	6	9,9	8,20	236	265
468	6	1	17,9	0,3	289	298
469	4	0	6,19	2,0	298	298
470	4	0	6,19	8,0	298	298
471	0	3	0,3	9,7	298	298
472	0	3	0,3	9,7	298	298
473	0	3	0,3	15,7	298	298
476	33	28	10,11	10,8	298	247
477	16	14	13,12	7,3	298	298
478	2	2	0,0	2,2	276	233
480	0	4	17,4	21,12	263	298
483	0	10	17,4	33,20	263	263
484	0	6	10,0	14,6	253	263
485	0	6	6,0	14,6	256	263
487	4	5	5,2	5,4	266	196
488	2	0	35,16	44,19	298	266
489	16	23	79,43	45,23	240	244
490	39	26	54,44	45,17	256	217
491	47	0	110,97	2,0	212	189
492	32	33	45,35	70,41	298	272
494	6	170	9,12	219,92	229	213
495	4	17	23,10	40,9	209	226
496	64	2	38,27	0,0	259	298
503	0	23	2,1	88,52	263	298
510	347	889	52,17	162,45	251	251
511	2	2	0,2	2,0	294	295
512	2	2	0,2	2,0	275	295
513	1	0	0,0	1,0	284	298
515	72	27	143,68	42,50	285	242
516	74	21	89,120	48,39	298	294
517	1	5	4,0	6,6	186	298
529	13	1	21,19	16,2	298	245
530	11	26	27,20	49,18	298	245
532	10	1	3,7	10,0	224	203
539	15	19	93,57	173,73	209	233
540	17	19	86,45	171,73	200	233
541	20	23	113,54	125,56	251	209
543	10	4	70,63	99,95	223	265
545	34	38	104,85	98,60	298	293
546	25	28	103,63	73,40	293	229
547	583	432	563,147	471,148	298	244
548	40	40	114,36	137,56	207	240
559	46	3	127,67	6,8	298	270
561	2	68	5,0	32,31	298	242
562	1269	1588	0,1	6,6	293	298
563	2	2	29,33	7,3	247	298
565	8	11	13,8	14,33	298	298
566	7	4	20,35	4,3	287	275
567	0	2	3,2	9,8	298	298
569	0	6	2,0	10,9	220	298
571	45	16	68,40	35,6	227	193
574	8	4	10,10	3,7	218	182
575	6	5	9,19	17,2	252	233
576	0	130	0,2	83,74	278	226
577	9	76	10,14	72,53	241	249
582	3	17	8,8	20,13	230	208
583	0	4	0,5	0,2	298	271
585	30	16	52,38	35,36	263	298
586	7	30	25,24	44,21	279	246
588	17	20	2,13	19,12	188	298
589	73	5	27,58	2,6	209	176
598	63	95	45,21	105,96	298	206
599	4	0	0,0	2,0	228	165
600	4	2	0,0	2,0	228	201
603	85	54	98,54	53,25	281	287
604	5	2	6,2	3,2	298	271
605	5	2	6,1	3,2	298	271
606	4	0	6,16	2,7	235	298
611	0	10	2,0	5,26	185	235
614	4	23	4,4	21,8	185	268
619	45	13	99,97	36,15	203	215
622	18	40	5,6	41,70	233	264
623	372	359	336,310	220,132	218	232
624	7	267	4,2	159,77	251	218
626	524	615	389,290	553,503	249	260
627	6	433	2,0	367,241	232	249
628	0	433	1,0	365,239	232	249
629	45	15	52,23	30,14	290	234
630	49	12	54,25	15,7	290	210
631	0	11	0,2	24,23	252	201
633	50	50	48,110	37,52	222	298
636	4	5	12,2	13,11	245	268
637	255	0	86,76	2,1	295	258
638	114	280	38,42	124,91	230	295
639	119	164	31,22	35,52	298	195
640	2	4	11,10	3,2	272	277
641	87	64	149,100	130,65	298	262
642	2	171	6,0	392,462	208	244
651	13	0	40,29	0,2	230	254
662	13	0	40,29	4,0	230	298
665	21	13	13,13	29,12	252	292
666	570	18	46,51	2,2	298	298
667	1560	1909	7,41	6,19	276	287
669	1	56	0,0	82,28	250	298
671	29	1	44,10	11,4	268	186
672	68	40	58,19	29,12	281	244
673	203	71	245,145	30,18	271	298
674	2	164	4,9	193,144	218	264
676	37	62	23,22	45,26	298	298
677	25	2	50,12	0,2	202	206
679	135	355	96,70	358,289	227	298
680	112	140	70,69	93,66	252	227
681	89	181	58,31	143,97	206	252
682	147	56	111,57	45,41	224	206
683	11	26	20,5	42,8	232	298
684	40	2	40,22	2,0	211	237
685	7	0	7,13	2,3	294	264
688	29	15	28,34	9,11	298	247
689	46	35	35,17	42,7	298	249
690	35	7	45,8	8,4	219	238
691	8	43	25,4	42,27	219	282
692	2	46	8,16	71,129	211	298
693	49	48	21,6	89,124	221	218
694	5	4	2,16	13,14	266	258
695	1	17	5,9	20,28	298	277
696	6	5	12,4	10,29	290	298
697	11	19	24,13	27,34	292	234
700	3	3	8,4	2,2	248	265
701	41	9	46,46	13,9	262	208
705	97	94	39,29	42,29	246	217
706	97	98	39,29	44,31	246	220
707	127	37	47,28	23,12	214	246
708	127	108	47,28	69,20	214	246
709	117	66	46,32	27,30	250	203
710	197	134	89,57	56,40	298	274
713	0	49	2,0	43,48	298	298
714	36	73	49,18	92,49	233	260
715	85	24	74,74	36,12	251	200
716	0	70	0,2	133,64	266	298
718	72	8	9,24	14,7	214	220
719	72	33	9,24	28,15	214	298
724	36	17	59,60	38,34	298	298
727	2	0	0,12	3,0	243	200
728	6	6	8,10	9,4	190	219
730	2	1	9,1	4,4	298	251
734	2	0	2,0	1,0	270	237
735	30	32	43,15	28,4	298	198
736	98	0	154,41	3,2	203	243
737	34	0	49,13	0,2	203	243
738	34	31	49,13	32,4	203	198
739	32	28	47,9	52,27	203	215
740	0	1	2,0	0,2	298	298
744	1	0	0,2	3,0	298	243
746	1	98	0,0	137,37	298	198
749	0	31	0,2	32,4	243	198
751	24	31	55,10	54,31	198	215
752	0	40	0,2	37,12	215	220
753	36	40	48,15	37,12	215	220
758	0	4	14,0	9,6	176	194
759	11	5	45,50	1,8	298	225
763	7	10	1,1	6,5	205	237
764	2	10	2,1	6,5	219	237
765	6	0	11,4	0,2	240	298
767	39	273	0,0	0,4	298	298
768	112	4564	24,13	1416,1393	298	297
769	113	52668	24,13	21721,32612	298	298
771	5	67294	2,2	36197,64210	250	298
772	4	67294	2,5	36197,64210	253	298
773	4	67294	0,2	36195,64210	253	298
774	19	36	20,5	35,15	238	276
777	9	6	314,62	340,98	266	298
779	41	54	65,16	47,27	264	190
780	3	0	0,3	0,1	297	205
781	149	38	170,118	49,36	298	224
782	154	26	192,133	28,21	298	224
783	47	76	86,39	53,50	224	298
784	79	15	128,63	4,5	224	298
785	49	3	68,56	2,4	298	298
786	49	25	68,56	30,46	298	298
790	170	20	16,9	4,0	230	275
792	0	27	0,1	51,45	189	204
793	28	21	30,23	27,13	290	217
794	15	10	13,8	19,9	254	221
796	4	57	8,19	179,142	202	224
797	23	45	67,17	51,79	224	205
798	0	45	2,0	51,79	222	205
799	21	19	17,21	9,6	259	298
800	8	9	9,2	7,2	200	244
801	737	571	228,178	267,98	298	271
802	1	571	0,0	267,98	298	271
803	4	0	4,2	14,5	294	298
804	40	20	43,13	26,7	298	298
806	28	2	69,24	0,0	224	224
807	3	2	2,6	6,2	274	216
810	30	40	19,18	34,13	258	265
812	108	25	84,46	33,32	298	218
815	191	10	46,31	0,0	242	188
819	91	48	33,36	11,11	257	298
823	18	33	16,6	46,8	298	239
824	198	200	143,90	185,95	222	215
827	96	167	69,40	113,25	215	196
828	6	12	1,0	0,2	173	170
833	20	9	35,15	29,14	220	205
834	46	33	33,11	29,23	298	266
835	16	9	6,0	9,4	233	233
838	0	12	3,2	13,2	273	215
839	3	8	20,2	21,2	298	298
843	8	10	5,0	4,6	298	298
844	2	2	1,0	0,0	284	290
845	52	21	44,32	21,18	275	208
847	0	9	2,0	12,1	240	243
848	89	144	66,34	122,66	204	298
849	11	73	2,0	42,22	273	298
850	0	96	14,0	85,42	220	238
851	52	79	38,15	45,27	238	240
852	85	106	69,47	93,34	240	272
853	85	78	69,47	76,29	240	213
854	85	58	69,47	60,23	240	237
855	108	58	70,40	60,23	272	237
856	67	129	61,14	112,48	237	239
857	2	219	5,0	129,74	247	225
860	73	4	54,26	0,0	262	197
864	0	2	0,2	0,4	288	247
865	0	2	0,2	0,4	288	271
867	3	0	7,8	2,0	237	212
868	12	0	5,2	2,0	298	212
869	12	3	5,2	7,8	298	237
871	25	27	33,9	29,27	271	298
872	29	31	25,9	41,20	260	271
873	39	54	76,68	117,55	279	182
878	5	3	2,4	14,1	207	281
884	24	5	44,22	10,9	298	176
888	7	99	12,6	188,112	254	260
889	15	11	22,15	7,35	298	277
890	3	34	19,2	56,16	253	298
891	12	4	42,7	3,1	198	191
892	7	5	12,14	10,2	281	232
893	2	5	10,12	10,2	225	232
894	60	113	63,16	83,19	220	298
895	52	90	175,98	73,89	287	298
896	0	88	2,0	73,87	287	298
897	49	34	54,37	50,30	230	287
898	14	3	10,15	0,0	251	283
900	15	30	24,28	44,20	237	236
901	42	16	75,34	27,12	298	237
906	27	2	58,25	0,0	243	289
908	30	67	29,31	98,22	298	298
909	104	108	168,67	169,109	298	298
910	104	7	168,67	14,0	298	298
911	7	108	14,0	169,109	298	298
912	2	4	19,11	21,9	298	298
932	0	8	23,2	14,3	270	298
933	8	12	4,13	25,22	183	291
934	9	0	26,18	1,0	248	213
935	2	2	4,4	2,9	272	271
936	0	2	3,0	0,0	211	298
937	55	98	48,17	84,65	247	283
938	1357	1464	151,121	172,151	255	240
939	32	28	63,44	30,36	298	298
940	0	3	13,2	3,3	224	206
944	10	7	19,11	19,9	224	188
945	28	27	1,0	0,0	298	298
948	14	0	36,14	0,2	232	199
949	14	188	4,10	160,155	298	188
952	338	0	221,204	0,4	261	209
953	177	26	136,75	32,9	229	229
954	4	27	24,2	73,43	298	228
955	4	41	24,2	102,52	298	231
956	0	24	2,0	55,35	298	231
957	45	9	99,39	28,5	298	298
959	6	681	2,0	165,152	248	288
961	83	46	32,26	23,19	244	236
966	21	55	28,8	78,53	298	224
976	2	0	6,8	8,5	267	298
991	19	7	46,13	4,0	296	188
993	16	13	23,14	21,7	211	287
994	13	13	19,4	25,35	298	298
995	19	92	29,19	60,21	226	251
1020	0	7	0,2	0,2	258	259
1021	0	7	0,2	0,2	258	255
1022	8	14	105,62	210,161	290	272
1024	74	1	66,30	4,0	297	244
1025	0	1	2,0	0,0	297	244
1026	16	83	35,0	67,30	268	297
1027	64	8	155,97	31,35	298	298
1028	11	0	9,9	4,0	233	236
1029	4	1	7,6	1,0	251	298
1031	4	2	5,6	6,7	251	298
1032	4	2	5,6	4,4	251	232
1035	57	38	41,25	31,34	232	263
1038	9	16	61,57	51,47	212	298
1039	9	4	7,0	0,2	298	298
1040	2	0	17,5	3,5	222	298
1043	37	168	34,20	114,78	248	248
1044	115	51	76,31	45,16	272	213
1045	59	94	40,20	95,74	202	252
1046	70	35	74,47	43,17	258	206
1047	7	5	2,0	5,6	298	264
1049	380	40	108,67	19,12	298	297
1050	0	18	8,16	18,4	218	254
1053	90	66	134,87	85,79	282	257
1054	8	2	8,6	2,1	289	238
1057	1105	9	1350,784	11,4	244	290
1062	0	9	4,0	0,0	229	222
1063	17	43	37,33	14,22	260	230
1066	47	58	58,46	59,55	214	264
1067	60	60	103,65	103,75	264	266
1068	99	101	114,59	122,91	242	236
1069	0	169	1,2	128,75	272	298
1070	288	221	286,162	280,144	289	288
1071	51	10	69,91	26,36	249	240
1072	4	26	16,20	30,47	260	249
1073	0	26	2,0	30,47	298	249
1084	2	0	0,0	0,1	227	227
1085	2	0	2,0	0,1	298	227
1086	2	0	2,0	0,1	298	227
1087	2	0	2,0	0,1	298	227
1088	5	2	22,13	0,0	207	230
1089	8	5	22,14	27,3	233	219
1090	4	40	0,2	45,29	271	255
1091	2	18	0,0	11,10	232	232
1092	2	33	0,0	30,23	232	232
1102	2	30	0,0	13,6	195	236
1108	78	118	53,38	139,55	255	238
1109	74	82	91,50	34,29	293	230
1111	40	62	53,29	48,36	203	264
1112	28	78	26,22	73,29	253	251
1115	1	28	2,2	45,26	218	185
1116	5	32	1,4	47,23	262	255
1117	37	49	61,16	68,22	247	242
1118	18	62	26,6	77,51	195	298
1119	0	6	1,0	7,4	256	298
1121	19	9	15,8	1,0	233	178
1122	3	0	35,31	1,0	199	210
1123	22	13	37,15	15,6	298	298
1125	13	23	60,24	47,12	196	221
1126	35	57	78,14	121,44	236	298
1127	8	13	4,0	36,16	227	182
1128	25	172	17,8	189,109	209	206
1129	39	172	79,44	192,111	191	206
1130	247	316	303,196	313,200	230	218
1131	422	42	348,276	36,51	230	188
1133	4	5	0,0	9,2	226	232
1134	0	7	1,0	13,0	207	226
1135	0	7	1,0	13,0	207	226
1138	35	20	64,30	36,29	298	298
1139	13	20	17,6	38,29	215	298
1140	36	0	62,48	0,2	250	215
1145	708	497	635,368	440,314	288	277
1147	68	4	108,33	0,0	247	236
1151	61	158	2,4	4,12	233	283
1153	9	2	32,7	0,1	215	267
1158	9	0	6,17	4,0	267	262
1160	9	2	6,17	17,6	267	219
1161	0	2	4,0	17,6	262	219
1164	21	20	32,18	27,18	236	245
1165	46	829	56,51	1738,1246	298	298
1166	16	738	885,1198	644,409	289	286
1167	0	1	3,0	0,3	207	191
1173	3	2	4,2	0,6	242	183
1174	10	0	3,4	3,9	298	183
1176	55	52	83,45	52,32	261	201
1177	29	43	31,13	68,35	201	251
1178	32	66	31,23	39,21	225	298
1179	29	1	27,10	4,2	201	225
1180	36	51	87,44	55,41	254	248
1181	36	60	87,46	137,76	254	246
1182	2	28	0,0	40,9	246	194
1183	0	526	3,0	616,326	213	222
1185	12	18	13,10	20,14	298	289
1186	15	6	8,2	3,0	212	209
1187	0	25	3,0	39,26	253	298
1188	15	37	13,10	42,22	298	298
1189	9	11	11,3	14,12	230	266
1193	5	13	1,9	10,0	293	272
1195	25	27	7,4	19,8	203	242
1197	58672	48894	67682,44306	47596,35413	298	263
1198	47058	32688	50271,35438	23410,14671	263	275
1199	14	7	24,13	46,11	298	298
1202	2	29	0,0	21,7	188	254
1203	0	29	1,2	21,7	197	254
1205	0	2	1,2	0,0	197	188
1206	14	21	31,8	24,11	279	267
1207	21	15	37,15	15,13	267	228
1210	2	28	146,42	2393,1737	298	298
1214	16	24	9,4	32,20	294	298
1216	1408	2188	50,58	92,79	294	291
1217	2041	2192	56,96	94,66	298	291
1218	24	0	52,16	2,2	274	213
1219	0	31	2,0	46,62	206	298
1220	17	14	56,37	27,18	298	256
1221	109	164	68,74	150,128	254	249
1222	41	93	20,13	55,38	249	298
1224	5	5	13,6	12,17	202	298
1225	5	0	8,6	5,9	261	202
1226	2	7	2,0	11,9	193	199
1228	89	0	197,75	4,0	219	288
1229	54	7	59,46	13,6	269	274
1231	0	768	1,0	416,483	198	282
1233	334	351	153,193	237,326	282	289
1234	15	15	10,1	17,15	294	298
1235	108	11	117,34	13,17	247	205
1236	0	8	2,0	8,6	298	291
1238	34	108	41,31	80,48	200	282
1239	71	174	72,34	111,50	282	297
1240	7	9	14,6	16,7	245	298
1241	20	31	30,25	21,14	298	263
1242	31	15	22,15	24,11	263	279
1245	7	11	12,4	25,13	243	276
1246	6	15	41,11	14,4	276	213
1247	96	83	56,18	30,5	235	194
1248	37	37	31,36	19,15	298	291
1249	15	23	13,21	42,51	267	273
1254	36	58	36,15	62,55	236	298
1255	80	87	78,27	111,51	298	298
1258	990	154	275,298	30,32	298	176
1259	24	0	43,26	5,0	298	298
1260	24	0	43,26	3,0	298	217
1261	18	19	8,28	16,12	263	298
1270	12	0	13,5	2,2	260	205
1271	4	0	7,2	2,0	272	254
1272	3	95	2,0	150,125	298	284
1273	105	95	160,60	150,125	298	284
1274	7	13	0,0	0,4	251	220
1276	4	4	6,3	2,0	200	224
1283	36	22	20,10	8,1	278	223
1284	27	43	25,24	45,24	298	247
1286	3	0	13,12	14,9	298	272
1288	0	1	0,2	1,2	203	170
1289	54	0	48,35	0,2	221	276
1290	140	192	293,204	260,135	253	275
1291	160	114	214,122	213,166	298	232
1299	17	12	21,6	14,19	233	246
1300	17	5	21,6	2,7	233	295
1302	8	4	21,21	10,6	242	233
1303	22	9	23,11	18,13	258	242
1304	49903	43903	58733,64206	28833,21742	298	298
1305	65769	38197	75665,63066	25918,23145	298	298
1306	47983	49908	56219,43904	58742,64220	283	298
1307	33	49908	12,14	58742,64220	298	298
1308	43714	60602	49977,26315	70600,59404	280	283
1315	5	3	10,0	0,6	265	298
1316	3	2	4,0	0,0	265	298
1317	4	2	4,6	0,0	246	298
1318	4	3	4,6	4,0	246	265
1323	4	2	27,11	22,6	252	183
1327	9	49	4,0	21,9	298	298
1334	10	26	19,10	18,10	234	236
1335	23	27	57,32	65,57	248	244
1336	46	10	128,65	13,28	244	207
1337	1	216	1,0	201,59	194	266
1339	6	0	6,8	2,0	188	242
1340	88	75	99,184	109,162	234	209
1346	89	118	40,34	92,46	298	246
1347	189	251	186,221	340,358	298	264
1348	8	428	10,14	511,675	298	298
1350	1	0	4,0	15,9	233	298
1351	46	64	74,84	54,74	193	287
1352	46	45	91,90	82,63	193	287
1355	385	297	290,171	364,319	245	298
1356	613	494	772,837	746,647	287	245
1357	249	389	205,105	460,213	216	255
1358	39	6	35,32	24,14	211	211
1359	17	173	16,25	140,79	246	298
1360	3	13	1,0	10,0	260	226
1362	4	4	2,2	0,4	242	272
1363	2	2	9,0	5,4	235	254
1364	5	2	5,0	2,3	227	254
1368	38	0	70,21	1,0	272	275
1373	60	6	16,7	0,2	230	218
1375	271	197	117,65	82,54	284	245
1376	2	0	0,2	0,2	298	296
1377	0	5	3,0	2,15	218	186
1378	6	21	5,2	19,6	282	194
1379	2	2	0,0	8,0	227	209
1381	4	9	54,23	36,17	298	298
1382	2	13	4,2	30,39	298	239
1383	1217	127	201,352	45,74	200	188
1384	1217	214	201,352	65,146	200	203
1385	38	30	45,32	64,55	298	298
1387	0	19	2,2	16,11	292	298
1389	3	20	0,0	7,11	227	288
1392	50	42	70,54	93,21	260	298
1393	2	1	7,0	0,0	298	213
1394	363	304	212,127	184,117	241	269
1396	21	10	0,5	5,4	224	183
1399	0	725	0,2	386,287	298	240
1400	0	179	0,2	114,113	298	196
1403	56	14	50,28	12,12	298	298
1405	78	39	116,51	77,46	298	298
1407	94	3	175,129	10,4	298	247
1408	58	0	98,83	8,2	298	247
1414	64	59	72,34	98,44	298	281
1415	35	37	59,15	69,24	246	298
1416	35	26	59,15	59,13	246	233
1417	36	8	59,13	0,0	246	298
1418	36	73	59,13	148,50	246	298
1419	8	73	0,0	148,50	298	298
1420	52	73	63,20	146,50	298	298
1421	12	73	0,0	146,50	233	298
1425	16	2	28,24	0,0	298	298
1428	1	5	8,4	13,13	240	212
1433	213	235	108,125	110,72	276	239
1434	186	181	115,99	102,51	239	222
1435	186	5	115,99	2,0	239	298
1439	279	1	333,254	0,0	298	257
1440	8	188	30,10	741,288	290	253
1441	96	280	138,55	506,172	217	271
1445	25	7	63,30	55,38	257	256
1446	12	21	63,36	61,42	298	257
1447	17	20	38,15	61,41	209	257
1448	30	31	57,38	60,27	296	282
1449	18	4	38,27	5,2	262	298
1450	0	1	2,2	2,0	291	298
1451	2	79	2,2	215,172	298	241
1452	2	5	2,2	19,25	298	226
1453	16	4	54,28	13,13	298	223
1454	2	3	0,0	3,0	298	269
1457	63	56	63,72	60,48	298	298
1461	0	2	4,2	0,0	247	220
1468	12	11	26,12	10,7	217	240
1469	10	0	21,8	3,2	217	240
1470	10	5	21,8	48,18	217	284
1471	0	5	3,2	48,18	240	284
1472	16	6	17,15	43,12	240	284
1473	12	40	4,2	18,6	280	268
1474	128	0	203,96	2,0	228	250
1475	128	187	203,96	446,245	228	243
1476	46	41	106,52	62,39	298	298
1490	133	115	136,129	126,73	298	216
1491	68	42	88,35	50,22	298	298
1492	83	45	83,67	47,26	298	226
1493	17	36	45,18	64,32	270	298
1494	218	261	17,10	29,16	298	298
1495	278	286	55,12	11,6	271	298
1499	0	39	2,0	32,10	183	191
1500	23	0	13,7	3,0	249	183
1501	24	11	28,5	10,6	246	183
1502	47	11	37,12	10,6	249	183
1503	29	3	16,4	0,3	216	249
1506	49	76	29,16	39,21	237	281
1508	1	1	4,9	0,0	271	264
1509	75	60	46,31	36,38	249	298
1510	17	40	14,20	10,14	298	298
1511	60	0	33,33	0,4	298	202
1512	70	1	37,37	2,6	298	298
1514	26	14	6,10	6,9	265	298
1518	11	60	11,4	78,33	194	245
1519	96	0	32,9	1,1	224	287
1522	104	5	162,93	1,0	223	211
1523	60	19	114,63	49,27	252	214
1524	17	29	41,44	29,36	228	223
1525	56	19	46,17	21,2	294	203
1526	4	19	6,3	21,2	294	203
1527	18	19	29,7	21,2	263	203
1528	56	26	46,17	30,4	294	205
1529	4	26	6,3	28,4	294	205
1530	18	26	29,7	28,4	263	205
1531	18	4	29,7	6,3	263	294
1532	18	52	31,7	62,14	263	294
1533	71	47	32,15	40,15	298	263
1534	8	23	23,0	35,9	193	298
1545	9	9	15,3	9,5	182	204
1549	16	10	16,14	2,0	298	298
1560	9	13	7,5	37,21	217	193
1561	20	13	16,14	37,21	286	193
1563	734	30	320,390	58,10	298	284
1564	734	4	320,390	16,0	298	242
1565	69	96	43,53	67,25	298	298
1566	131	60	58,21	41,39	298	208
1567	8	44	11,25	52,67	235	238
1570	90	97	16,10	34,6	242	276
1571	108	118	35,18	37,15	276	287
1572	0	35	2,0	24,17	232	256
1573	0	96	2,0	57,41	232	282
1606	8	1	5,8	0,0	298	233
1607	33	46	42,11	146,61	199	242
1608	59	49	67,36	147,63	199	242
1609	2	49	0,0	147,63	201	242
1610	22	46	37,8	146,61	199	242
1611	12	50	9,8	100,46	205	199
1612	32	51	35,27	60,34	246	294
1613	82	127	38,28	72,45	267	298
1614	86	123	57,30	53,33	298	267
1615	6	118	2,0	52,31	298	267
1616	6	101	1,2	44,30	298	298
1619	123	83	71,55	53,13	233	249
1620	87	89	56,18	45,9	236	233
1622	41	76	69,41	52,16	275	298
1623	0	243	4,0	540,229	267	251
1624	141	183	50,13	29,13	227	288
1631	23	160	52,7	139,50	212	263
1636	19	26	43,15	105,42	243	281
1642	28	158	15,7	152,104	192	298
1643	202	148	154,90	197,125	298	227
1644	61	40	22,19	19,20	282	236
1645	106	3	15,15	0,2	272	255
1646	20	23	17,3	27,19	249	298
1647	16	12	12,2	8,10	280	200
1648	2	1	147,42	116,23	298	248
1649	5	2	250,73	61,13	255	298
1650	3	2	125,31	123,35	198	255
1651	5	1	296,65	85,34	242	198
1652	21	28	9,4	27,23	202	186
1653	0	68	4,0	26,21	242	202
1654	2	11	12,2	5,11	208	228
1655	3	11	13,6	5,11	234	228
1657	0	8	11,6	8,22	203	298
1658	11	10	23,8	38,6	261	251
1659	9	6	13,8	19,19	295	298
1660	20	40	7,14	24,20	293	275
1661	47	82	119,47	121,85	251	260
1662	69	68	122,75	88,57	260	254
1665	1	1	0,0	17,18	290	284
1666	1	0	0,0	10,9	290	298
1668	7447	1292	318,123	64,11	227	227
1669	5603	1657	371,119	143,31	298	182
1670	3455	25	195,64	4,0	251	249
1672	157	110	164,96	85,67	267	203
1673	0	386	0,1	375,185	219	267
1675	13	16	19,6	23,4	259	259
1676	44	94	81,85	175,148	298	298
1677	2	56	0,1	58,21	232	298
1679	96	39	0,2	0,1	243	242
1683	11	1	64,18	69,15	278	287
1684	2	7	23,7	69,7	215	278
1685	0	11	2,3	55,35	298	298
1686	8	7	8,4	5,0	226	248
1697	124	102	95,117	80,121	298	298
1698	69	84	54,44	67,57	207	255
1699	91	41	56,30	35,19	297	221
1703	65	151	68,33	142,144	231	298
1709	79	75	89,26	47,23	298	273
1710	9	2	16,10	11,5	285	246
1711	0	3	49,21	24,17	234	298
1719	15	10	8,7	11,5	285	298
1720	9	33	4,0	17,6	222	298
1726	59	55	32,15	8,9	298	298
1727	1	0	2,7	7,12	251	239
1728	9	0	5,0	2,3	298	298
1729	99	105	153,104	272,224	240	298
1730	206	84	351,295	102,146	298	240
1731	99	118	168,78	197,159	230	298
1733	26	44	17,10	17,19	298	298
1734	57	18	39,25	3,4	298	298
1736	107	0	153,129	0,2	255	278
1737	35	0	61,50	0,2	265	278
1738	39	54	46,32	77,31	255	291
1739	39	19	46,32	39,12	255	202
1740	17	12	14,13	14,7	298	226
1741	15	2	18,5	2,0	298	263
1742	16	4	25,8	15,4	228	298
1743	16	643	11,0	772,431	298	298
1744	2	643	0,0	772,431	238	298
1745	10	11	16,6	2,6	194	219
1748	352	292	12,11	8,22	239	262
1750	16	5	21,9	6,5	200	200
1751	15	12	30,11	11,0	200	212
1752	11	2	15,5	2,0	200	200
1753	11	36	15,5	61,41	200	209
1754	2	36	2,0	61,41	200	209
1755	1	12	1,2	17,4	200	212
1757	1	36	0,1	71,32	200	209
1759	14	4	2,12	7,6	202	220
1761	16	8	19,7	11,11	271	281
1762	2	2	0,0	2,0	298	298
1763	39	40	28,21	44,14	245	241
1764	36	37	30,22	21,14	235	245
1765	42	38	54,41	33,22	248	235
1767	2	70	0,0	26,31	214	254
1768	2	48	0,0	16,27	214	214
1769	17	30	0,3	8,15	254	244
1770	16	17	0,2	3,12	223	294
1775	29	39	52,18	71,39	224	247
1777	0	2	2,0	4,0	234	298
1778	0	2	0,2	4,0	206	298
1780	3	51	9,12	55,27	267	298
1781	28	38	23,19	44,17	235	232
1782	11	34	4,3	48,74	235	236
1784	0	17	7,2	21,5	200	251
1785	0	22	0,1	38,23	274	298
1786	91	265	11,18	13,31	261	254
1787	4	3	1,0	0,0	242	203
1789	12	0	6,2	0,2	271	209
1794	1	17	1,2	30,21	298	298
1795	1	2	2,2	3,5	298	212
1796	11	3	18,12	7,8	260	256
1797	55	20	29,26	16,16	298	193
1798	37	74	34,12	38,13	218	298
1799	37	16	41,15	27,8	271	197
1800	4	52	0,0	60,13	184	253
1801	127	71	184,110	101,78	298	208
1803	68	40	70,16	88,17	273	288
1804	48	57	53,34	57,30	243	247
1805	90	87	153,132	112,76	224	227
1806	0	2	4,2	0,0	212	245
1808	13	19	11,17	10,4	298	248
1809	0	19	4,2	14,15	198	227
1810	1	38	0,0	58,21	250	298
1811	8	8	10,14	14,24	201	258
1812	13062	5339	581,554	149,319	298	298
1813	6	18	6,13	7,4	208	232
1817	2	2	17,14	8,6	298	279
1818	0	5	2,1	27,16	204	252
1819	2	39	8,18	71,50	240	293
1822	2	0	0,0	4,0	236	298
1823	13	8	21,21	27,21	232	198
1824	17	32	24,14	71,35	275	261
1825	100	32	113,44	32,21	298	192
1826	7	32	0,0	32,21	188	192
1827	77	12	132,90	12,21	254	195
1828	114	108	90,30	39,13	298	272
1831	91	185	270,165	845,227	194	191
1832	90	187	246,167	571,243	194	188
1833	23	31	30,13	56,16	208	230
1839	2	3	6,5	5,2	269	253
1841	26	39	7,10	19,5	194	229
1843	0	16	6,2	21,19	198	266
1844	13	5	10,15	13,6	256	222
1846	25	35	23,24	20,13	280	298
1850	49	7	6,2	0,0	282	275
1851	49	102	6,2	4,2	282	240
1852	51	31	10,5	0,0	298	282
1855	97	117	5,2	15,2	264	252
1856	2	30	0,1	42,32	247	298
1857	2	2	10,1	2,2	214	257
1858	1	0	24,7	2,0	298	226
1859	24	9	95,74	121,89	232	298
1860	2	3	50,23	16,16	221	298
1866	7	0	222,27	236,25	291	286
1867	6	5	2,0	0,0	237	251
1869	0	302	2,0	127,97	280	258
1870	208	321	54,48	87,100	258	290
1871	404	411	151,118	111,111	290	245
1872	217	460	62,74	102,74	245	298
1873	176	191	133,100	209,159	188	206
1874	6	2	4,12	2,2	274	251
1877	0	2	2,0	10,16	200	222
1878	0	2	2,0	10,16	222	222
1881	29	49	23,38	44,132	220	298
1885	8	22	12,0	85,28	273	298
1888	4	13	8,10	10,21	266	204
1889	4	10	8,10	6,12	266	259
1890	4	10	8,10	7,14	266	298
1896	1	1	4,8	4,4	287	293
1899	7	20	15,1	48,7	295	298
1900	6	18	36,1	49,14	298	298
1901	21	10	40,48	20,25	266	251
1902	7	0	4,7	3,7	264	257
1903	1	2	6,2	5,0	298	262
1904	119	70	173,78	131,72	256	239
1905	84	93	104,89	123,72	298	256
1912	305	353	275,127	341,175	298	267
1919	10	12	0,0	1,0	287	195
1927	5	0	2,2	3,4	298	298
1928	0	13	1,2	17,17	159	226
1929	31	40	55,63	136,104	298	298
1930	109	8	178,193	26,37	298	298
2014	227	182	33,21	75,61	290	293
2015	222	10	33,21	2,2	290	293
2016	171	147	60,53	37,22	293	298
2017	179	182	75,59	74,24	298	294
2018	159	4	46,23	0,2	273	185
2019	121	61	41,16	23,22	273	256
2020	8	61	5,4	23,22	298	256
2022	17	6	3,4	7,10	298	223
2023	83	266	21,19	193,107	209	267
2024	25	32	37,10	51,14	192	215
2025	28	23	16,11	30,34	197	218
2027	1	0	0,0	0,1	296	298
2028	11	56	4,2	26,19	225	226
2029	39	32	12,18	25,9	245	245
2032	25	0	21,12	4,1	240	297
2033	4	8	18,21	11,7	249	241
2034	3	4	7,7	4,6	198	191
2035	2	52	6,2	93,31	298	298
2036	94	838	70,66	661,474	298	246
2040	194	588	72,30	252,102	241	272
2044	6	67	5,2	63,52	173	241
2045	21	120	6,6	97,64	210	267
2046	2	67	0,0	54,44	210	267
2047	44	67	40,21	54,44	223	267
2048	5	19	2,0	6,3	273	262
2049	44	2	40,21	0,0	223	210
2050	5	49	2,0	22,13	273	210
2051	97	14	81,38	6,6	223	210
2053	12	5	10,3	3,6	225	210
2055	0	1	0,2	0,2	221	211
2056	205	248	169,97	148,77	298	298
2058	38	29	37,26	42,14	293	283
2061	10	6	21,10	15,15	298	298
2063	2	2	2,0	4,1	235	269
2066	87	9	84,28	3,3	298	245
2067	53	96	51,15	64,26	258	298
2068	84	4	74,37	4,2	258	199
2069	67	31	48,16	22,17	258	258
2070	50	67	17,10	33,8	209	224
2071	0	2	5,9	0,2	252	176
2072	52	70	45,20	38,31	246	298
2073	1	9	4,0	23,16	276	245
2074	1	4	41,20	24,10	209	215
2077	2	12	0,0	6,4	239	229
2078	0	1	0,2	4,0	265	235
2079	51	15	175,122	40,25	298	298
2080	56	0	201,144	0,1	298	298
2083	0	1	2,0	0,0	233	284
2086	73	4	83,24	2,4	298	232
2087	47	4	41,20	2,4	264	232
2089	18	42	57,31	56,24	272	298
2090	33	43	12,27	10,5	218	218
2091	59	0	22,15	2,0	298	256
2094	2	88	0,0	9,6	298	271
2095	272	14	23,13	0,2	262	298
2097	4	0	4,7	2,0	298	298
2098	4	7	4,7	7,8	298	298
2099	4	0	3,4	2,0	262	298
2100	4	7	3,4	7,8	262	298
2101	0	7	2,0	7,8	298	298
2106	19	23	14,15	83,59	281	264
2108	64	53	47,62	74,88	298	298
2110	0	12	3,0	16,6	210	232
2115	21	1	34,20	7,0	298	298
2116	20	2	11,8	9,0	298	298
2120	0	1	8,2	2,2	215	223
2121	0	3	8,2	4,1	215	226
2124	2	2	9,2	13,17	243	298
2125	0	2	3,6	13,17	261	298
2126	0	2	4,11	13,17	261	298
2127	0	2	3,6	11,17	261	298
2128	0	2	4,11	11,17	261	298
2129	2	2	9,2	11,17	243	298
2130	2	0	9,2	4,11	243	261
2132	2	0	18,12	8,6	298	261
2133	2	0	11,2	7,4	243	298
2137	218	14	128,53	6,13	238	230
2138	11	77	8,0	68,39	254	255
2139	1	0	2,0	2,0	298	298
2143	296	454	149,88	359,263	233	298
2147	2	8	3,5	16,14	222	222
2149	30	25	13,8	34,24	206	191
2150	25	78	28,8	54,33	191	236
2155	0	4	0,2	2,12	228	263
2156	4	0	2,12	0,4	263	279
2169	6	3	17,27	10,14	218	298
2170	29	32	29,14	54,26	298	287
2171	39	31	26,13	39,27	287	267
2172	22	42	44,17	42,16	267	298
2173	118	63	189,81	76,17	218	298
2174	11	19	30,13	26,21	280	298
2176	15	3	6,11	1,0	298	252
2177	17	7	38,18	28,21	296	298
2179	2	16	2,0	14,15	204	260
2181	14	11	28,16	65,38	241	246
2182	3	9	40,13	23,35	246	241
2183	7	12	17,27	49,24	215	298
2184	38	32	84,37	22,19	235	241
2186	1	10	3,1	34,12	241	215
2187	20	34	43,6	35,27	265	265
2195	8	2	7,2	2,0	223	223
2196	3017	4148	48,257	45,261	288	298
2200	33	39	171,61	103,66	296	298
2201	48	23	132,40	163,39	298	296
2202	209	414	195,118	447,312	245	281
2204	115	234	117,77	311,170	245	245
2205	4	2	2,0	2,2	274	298
2208	19	58	16,7	38,36	225	298
2211	9	122	0,8	19,45	277	239
2214	131	6	71,57	0,4	227	298
2215	20	25	17,10	51,32	226	298
2220	35	22	22,16	19,10	258	227
2221	35	34	22,16	21,9	258	270
2222	20	23	34,46	46,12	298	298
2223	31	65	12,24	35,38	228	287
2245	37	0	54,26	0,3	204	240
2248	49	57	0,0	3,0	213	298
2249	18	14	45,28	32,22	287	295
2250	48	2	97,37	22,6	216	291
2251	8	4	6,6	14,0	263	298
2252	6	6	9,3	2,0	239	281
2255	48	105	66,47	99,57	298	298
2257	22	16	9,6	19,13	282	293
2258	42	84	64,24	128,85	275	298
2260	3	6	16,7	11,10	235	298
2267	3	0	4,4	0,4	264	227
2268	25	54	22,28	41,20	213	256
2269	6	85	0,0	56,44	298	256
2270	28	93	16,26	40,16	256	291
2271	0	93	0,4	40,16	256	291
2272	36	19	81,28	58,16	246	275
2274	79	163	43,57	89,51	208	241
2275	888	2249	246,214	430,344	275	298
2276	2	278	0,0	2,0	258	293
2278	0	14	0,1	8,17	179	207
2281	16	55	37,18	50,29	298	290
2282	2247	1590	98,71	41,53	298	222
2285	13	5	22,26	55,41	216	251
2286	10	6	33,3	43,20	212	298
2287	10	1	34,3	7,2	212	298
2288	10	0	34,3	0,2	212	298
2289	1	0	7,2	0,2	298	298
2290	17	0	54,45	14,8	230	215
2292	26	1	37,41	2,0	273	227
2293	20	10	42,18	15,13	298	273
2294	429	103	172,370	33,39	266	298
2295	9	103	10,17	33,39	298	298
2296	25	55	17,26	27,27	293	298
2298	12	29	20,14	43,52	209	298
2299	0	28	2,0	32,36	236	298
2300	0	36	2,0	64,49	236	298
2302	60	112	28,13	38,24	261	298
2303	60	1	24,11	0,2	261	298
2304	60	50	24,11	41,8	261	238
2305	1	50	0,2	41,8	298	238
2306	169	50	32,9	45,10	298	238
2307	57	86	32,15	47,20	298	298
2308	88	129	210,97	188,89	298	298
2309	4	15	0,0	1,2	298	298
2311	21	18	25,42	14,19	298	298
2312	51	45	50,22	79,32	225	269
2313	94	36	60,33	36,12	256	226
2316	2982	1038	3155,1311	1204,740	298	238
2317	1324	1777	1458,525	2183,1130	257	298
2320	45	71	34,21	64,53	233	207
2321	17	120	5,14	39,50	192	248
2322	2	0	0,0	2,7	207	229
2323	56	150	0,0	2,0	213	298
2327	114	1	104,89	2,0	298	243
2328	82	153	135,83	135,29	242	280
2329	124	45	142,55	50,19	280	209
2331	96	0	67,54	2,0	251	222
2334	3	4	11,3	14,9	273	298
2335	32	8	16,9	5,7	275	298
2336	19	11	31,12	9,4	272	298
2342	23	1	20,9	0,0	298	264
2344	19	1	4,1	0,0	298	264
2345	19	23	4,1	20,9	298	298
2349	62	36	73,51	42,75	264	229
2351	37	0	26,23	4,4	263	245
2355	42	11	49,33	24,8	200	286
2357	7	70	2,0	0,3	284	284
2359	7	591	2,0	29,37	207	221
2360	291	1795	21,53	102,101	221	281
2361	251	7	17,49	4,2	221	281
2362	1014	1217	62,76	67,63	281	214
2363	1262	1716	149,86	212,177	252	279
2366	2	124	0,2	68,36	290	283
2368	12	0	14,12	2,0	237	203
2369	83	13	44,32	8,6	203	273
2371	2	2	8,0	9,4	273	298
2372	0	63	2,0	28,42	242	254
2384	117	102	304,159	202,74	244	276
2388	2	0	10,13	0,2	298	176
2389	53	47	99,42	97,60	248	298
2400	14	0	26,22	3,0	282	201
2401	46	21	29,20	33,22	243	298
2402	30	2	51,26	9,0	298	265
2403	13	1	26,19	10,5	265	197
2404	19	10	12,3	26,13	242	282
2405	9	17	25,16	38,15	218	250
2406	60	22	53,31	33,15	298	254
2407	3	8	0,0	12,10	254	192
2408	62	8	74,51	12,10	254	192
2409	20	11	34,18	20,20	206	212
2410	0	3	0,2	10,14	191	212
2411	10	25	15,25	36,29	298	278
2412	14	30	30,30	32,36	278	251
2413	53	130	40,42	102,154	193	291
2414	59	21	76,35	34,33	271	231
2415	8	36	16,8	28,23	211	257
2416	68	84	104,59	61,77	274	298
2417	68	2	104,59	0,2	274	298
2419	58	56	45,29	34,25	253	225
2421	18	118	21,7	129,41	178	247
2423	3	6	8,8	17,4	234	222
2424	203	139	284,282	168,103	266	239
2425	193	128	298,171	213,160	277	298
2426	93	136	189,222	240,180	245	272
2427	98	110	185,96	236,118	223	245
2428	122	146	38,16	15,26	213	245
2430	63	41	41,19	26,6	298	298
2431	45	12	34,9	0,0	224	265
2433	441	226	94,66	33,93	239	290
2434	2	2744	0,0	379,1092	158	298
2436	0	9	4,2	28,15	289	262
2437	8	31	13,10	34,6	242	289
2438	0	26	0,3	29,4	242	289
2439	43	23	42,17	28,3	298	242
2440	9	3	14,7	7,0	228	247
2441	13	35	19,9	40,24	228	298
2444	6	2	16,14	10,3	225	228
2445	29	33	32,40	49,75	257	215
2446	2	6	2,2	0,2	232	298
2447	14	27	52,23	68,72	298	266
2448	14	0	52,23	6,0	298	298
2449	7	0	11,4	9,10	266	298
2450	58	331	43,21	254,193	194	263
2451	46	17	37,29	13,6	286	235
2455	6	183	0,0	85,41	262	256
2456	64	84	32,13	39,19	181	231
2457	148	211	54,22	127,52	231	298
2458	0	43	4,9	65,55	298	294
2462	3	2	2,0	0,0	235	243
2463	3	0	1,0	0,4	240	272
2464	46	0	56,20	0,3	298	260
2474	117	175	95,75	108,95	251	209
2476	8	108	1,0	60,42	241	295
2478	117	19	91,49	61,25	188	227
2479	286	33	422,310	12,12	224	188
2480	143	4	150,162	9,7	224	188
2484	49	14	70,106	4,7	239	298
2485	47	38	38,30	29,12	266	298
2493	16	34	0,0	0,2	267	196
2494	36	31	39,19	32,23	260	264
2495	28	34	29,13	42,16	251	298
2496	1	68	0,2	71,35	274	246
2500	41	38	21,15	13,15	293	298
2501	9	29	6,6	24,2	239	293
2502	52	15	35,14	6,2	281	273
2503	38	23	16,8	7,5	264	281
2504	69	32	180,113	83,32	221	298
2505	12	29	130,92	151,114	215	254
2506	36	12	32,39	19,1	247	211
2515	1247	1381	464,236	507,268	251	296
2516	28	1380	3,9	507,268	251	296
2517	1311	1440	361,185	653,431	298	251
2518	1664	1298	548,235	392,242	270	298
2519	1759	1302	611,299	389,242	298	298
2520	1680	1765	549,233	511,330	270	298
2521	1781	1741	629,307	457,362	298	270
2522	1	1	4,3	11,2	193	298
2523	28	12	15,8	27,19	227	259
2524	45	17	15,8	9,16	262	227
2526	0	8	8,0	23,2	298	221
2527	0	24	8,0	69,39	298	227
2528	16	6	38,18	25,9	262	227
2529	17	18	41,36	41,26	291	262
2530	6	19	26,14	43,20	280	291
2531	16	7	6857,3218	3116,1329	230	191
2532	107	165	78,48	116,89	298	237
2533	5	6	13,8	3,7	239	209
2536	293	444	424,440	716,556	298	298
2537	126	300	140,179	429,425	271	298
2538	80	38	30,9	31,17	298	298
2539	17	40	7,3	31,17	212	298
2541	22	5	10,5	4,12	228	271
2544	10	0	3,5	0,2	298	247
2547	8	0	3,5	0,2	298	247
2548	8	23	3,5	8,14	298	271
2549	8	5	3,5	4,6	298	247
2551	8	18	3,5	4,2	298	271
2552	8	3	3,5	0,0	298	226
2557	0	7	2,0	4,12	220	271
2565	0	23	0,2	8,14	247	271
2566	0	5	0,2	4,6	247	247
2567	18	8	4,2	2,9	271	226
2568	18	3	4,2	0,0	271	226
2569	13	89	6,4	84,67	290	284
2570	67	27	57,25	8,8	287	298
2571	6	30	9,1	32,18	250	298
2572	21	123	14,17	107,61	215	298
2573	130	50	77,44	32,8	298	197
2574	20	11	38,21	11,5	197	204
2575	20	110	38,21	90,45	197	206
2577	11	4	7,1	10,5	298	263
2580	59	5393	0,3	28,41	188	291
2584	134	127	62,32	53,19	246	260
2585	74	31	34,18	16,11	222	241
2587	2	4	0,1	12,14	197	298
2598	44	35	152,51	154,52	263	242
2600	40	47	23,21	43,14	247	245
2609	20	15	50,16	17,10	182	268
2610	59	51	47,27	41,44	298	278
2611	96	199	38,22	51,74	269	292
2612	360	261	88,69	51,41	298	298
2613	160	233	57,29	101,72	260	232
2622	7	140	25,9	33,20	241	271
2624	0	4	3,0	4,2	272	281
2625	8	5	4,4	3,4	210	252
2627	26	105	10,7	46,26	225	298
2633	91	151	74,29	74,46	218	286
2634	144	104	153,106	82,31	298	218
2640	212	324	71,33	174,60	293	298
2641	60	5	88,46	0,0	261	298
2642	183	4	119,118	6,0	294	294
2643	105	4	69,67	6,0	298	294
2644	2	65	0,0	44,34	260	298
2645	93	113	67,65	113,101	298	298
2646	0	12	2,0	10,14	223	288
2649	0	14	0,2	8,2	239	298
2650	9	4	19,4	2,0	273	243
2651	22	4	10,14	2,0	267	243
2652	22	9	10,14	19,4	267	273
2654	3	15	4,1	4,8	230	278
2667	11	16	0,0	0,4	230	281
2674	72	109	2,1	68,87	264	298
2675	63	88	44,29	46,20	239	290
2676	25	21	17,35	39,29	298	298
2677	82	104	26,16	49,21	197	279
2679	28	24	37,19	14,13	243	298
2680	21	43	22,17	81,27	213	298
2681	32	39	49,20	46,43	298	242
2687	324	339	140,160	299,289	298	298
2689	28	49	47,29	41,22	234	250
2691	6	12	0,6	20,4	268	298
2692	7	11	12,4	8,12	295	263
2694	20	34	21,6	35,13	293	298
2697	2	20	2,0	19,15	187	238
2704	0	10	0,4	4,2	298	241
2706	50	50	64,30	23,12	298	228
2707	24	42	59,78	64,62	298	292
2708	43	14	72,36	39,27	247	237
2709	19	42	30,18	51,58	251	247
2710	25	48	32,19	50,41	298	298
2712	280	3	181,185	12,17	222	228
2713	184	20	546,308	73,34	269	298
2714	14	0	17,20	20,3	279	208
2715	74	53	20,10	18,5	230	224
2716	86	49	108,59	44,41	224	205
2717	19	9	16,10	11,7	216	209
2718	66	60	57,16	44,12	263	263
2719	2	0	0,0	0,2	298	268
2720	2	0	0,0	0,2	224	268
2722	0	2	2,0	0,0	169	298
2723	0	2	2,0	0,0	169	224
2726	0	2	0,2	0,0	215	209
2727	82	77	86,50	125,30	247	217
2728	15	1	63,38	0,0	249	219
2729	1	7	4,6	7,1	221	249
2730	2	7	9,2	7,1	291	249
2731	2	1	9,2	4,6	291	221
2732	2	4	2,0	13,1	238	298
2734	6	20	10,4	21,33	184	250
2735	23	24	79,56	158,112	231	296
2738	5	0	20,14	1,0	263	182
2744	18	44	0,1	9,0	178	210
2745	14	16	15,6	19,4	234	212
2749	0	2	1,2	15,10	169	203
2750	15	35	18,6	42,25	216	237
2751	14	35	27,8	44,25	194	237
2752	21	28	33,11	14,11	235	216
2754	0	24	1,2	33,14	191	235
2755	14	24	26,18	33,14	194	235
2756	0	21	1,2	31,14	191	235
2757	0	21	1,2	31,14	194	235
2759	31	29	21,21	8,8	283	216
2762	104	61	69,41	41,21	279	218
2763	9	8	11,6	5,19	298	298
2764	9	7	10,6	13,7	298	220
2765	10	18	15,6	19,10	298	292
2767	2	7	5,12	31,19	178	178
2771	6	10	18,22	21,47	298	230
2773	5	6	1,0	0,4	298	256
2774	1	2	4,2	4,0	256	195
2778	1907	6	243,122	0,0	277	298
2779	5	120	0,0	11,5	244	298
2805	2	16	0,0	37,16	182	268
2806	26	65	69,48	66,46	298	298
2807	36	2	60,33	3,0	242	237
2808	48	45	52,24	51,40	205	227
2809	14	11	27,24	39,12	224	298
2810	1947	3773	6,8	21,41	244	288
2811	48	39	25,8	37,27	194	237
2812	70	66	136,63	121,70	298	298
2814	44	87	13,22	91,35	222	268
2815	31	31	15,13	25,24	251	279
2816	17	28	13,6	24,7	211	298
2817	17	2	13,6	1,1	211	237
2818	26	25	20,18	16,5	251	294
2820	138	146	76,50	110,87	298	298
2822	0	71	9,3	125,64	268	241
2824	31	39	25,30	88,70	241	298
2825	42	83	37,36	90,32	248	221
2826	2	7	8,2	49,36	298	298
2827	27	30	27,19	32,8	287	298
2830	70	24	77,81	141,54	225	225
2831	49	66	85,33	96,46	276	298
2832	97	47	134,58	124,58	298	252
2833	3	66	8,4	92,54	298	226
2834	826	631	130,69	129,57	298	298
2835	662	277	50,81	39,9	298	298
2836	4	476	0,0	79,62	298	298
2837	13	20	4,6	23,10	298	257
2839	9	243	9,10	221,302	242	191
2840	0	11	2,0	0,2	298	298
2848	1856	1506	620,284	446,297	260	264
2849	1322	1574	247,129	203,101	245	298
2851	2	345	2,2	83,84	233	257
2852	13	7	21,16	21,8	194	182
2853	152	77	225,79	121,63	241	205
2855	2	0	2,2	0,2	298	298
2864	12	0	28,19	2,0	242	264
2865	1	0	0,0	2,0	197	264
2876	15	25	12,22	22,30	243	285
2877	31	6	33,15	7,4	285	256
2880	7	16	7,4	9,6	186	258
2886	19	15	42,23	17,4	271	298
2887	66	18	64,25	13,6	298	271
2888	71	23	41,10	43,23	291	298
2890	68	21	81,100	12,5	298	218
2891	0	2	5,0	19,5	176	251
2892	36	24	68,46	38,15	298	244
2893	58	30	58,56	50,37	298	298
2894	1	36	0,0	68,46	251	298
2895	8	35	50,41	68,48	251	298
2896	1	60	0,0	101,93	296	251
2898	0	20	4,8	67,50	271	298
2899	0	31	4,8	124,77	271	298
2900	42	31	77,65	54,51	268	280
2901	10	32	83,24	91,68	298	298
2902	9	0	39,23	2,0	234	298
2904	1	18	8,11	47,16	234	298
2905	15	6	43,12	25,4	298	245
2907	6	13	9,14	7,17	287	237
2908	23	10	41,16	11,12	298	223
2909	7	20	16,15	10,24	264	273
2913	12	35	26,15	67,41	235	231
2918	9	7	8,3	9,2	298	298
2919	2	1	30,28	11,4	298	298
2920	8	19	21,21	18,7	233	274
2923	0	4	9,6	0,4	242	244
2925	4	0	4,0	1,4	242	218
2926	29	10	55,42	24,21	298	232
2927	1	46	15,2	41,28	298	293
2928	198	18	188,72	15,11	257	203
2929	158	0	74,50	6,0	260	257
2934	47	50	29,17	99,59	298	298
2935	83	158	48,30	44,20	263	263
2936	47	34	25,15	11,8	263	263
2937	527	255	821,273	374,165	298	264
2938	8	19	30,15	28,7	256	298
2940	59	54	50,26	22,6	298	251
2941	252	205	290,137	338,138	261	291
2942	102	198	94,36	255,116	265	298
2943	12	50	22,17	107,50	298	298
2951	65	97	36,38	122,71	298	298
2953	26	50	16,20	30,32	298	298
2958	49	95	65,23	73,43	249	266
2961	66	0	48,46	0,6	243	216
2962	40	64	20,20	46,21	289	287
2963	46	23	39,45	38,15	298	289
2970	4	11	9,2	17,15	183	217
2971	26	44	28,11	37,27	260	268
2972	110	88	60,37	45,16	290	298
2975	2	20	2,2	7,8	298	295
2976	4	243	12,8	253,146	199	255
2977	0	104	0,2	70,56	233	237
2979	42	32	77,31	39,7	241	223
2981	20	20	13,13	9,7	298	272
2982	0	2	2,0	2,2	176	225
2984	24	1	25,26	2,4	237	214
2991	2	0	0,0	2,8	273	298
2992	914	423	177,137	45,71	298	278
2997	43	25	18,2	8,5	197	189
2998	2	11	2,0	7,4	245	298
2999	42	25	30,6	20,11	223	197
3004	55	118	69,49	115,82	236	298
3006	22	16	12,24	8,10	224	223
3007	17	21	14,13	20,14	221	224
3008	0	4	0,2	0,3	265	173
3010	4	4	2,2	0,12	220	298
3011	3	0	8,6	0,4	298	298
3012	4	2	0,12	0,6	298	298
3016	4	2	1,0	0,0	210	241
3017	8	35	4,6	13,28	298	257
3018	7	11	9,7	8,12	216	263
3019	2	48	14,4	55,35	298	275
3020	57	48	86,41	54,37	298	275
3021	1	50	4,2	52,21	298	298
3022	25	51	42,25	46,21	239	298
3024	0	3	0,2	10,7	209	223
3028	3	1	7,0	8,1	278	234
3032	0	2	2,0	12,3	184	298
3034	2	8	0,2	4,4	298	298
3035	6	19	6,4	6,6	298	298
3041	106	179	75,34	143,41	216	298
3042	118	58	81,43	42,5	271	216
3043	93	4	79,11	2,0	283	213
3045	34	12	44,18	16,6	247	220
3056	26	71	86,21	59,36	255	239
3057	2	6	13,5	3,4	242	291
3063	33	28	47,31	18,20	278	213
3065	185	185	106,105	72,54	298	269
3066	0	2	2,0	14,0	236	252
3068	1212	1345	254,128	342,168	298	298
3069	6	20	11,6	113,50	245	298
3070	2	0	206,76	116,26	278	206
3071	15	56	43,7	92,26	241	285
3072	31	15	23,22	6,22	216	202
3074	59	24	23,17	9,14	298	216
3075	44	55	25,15	41,35	228	298
3076	0	6	8,0	24,4	248	298
3077	12	6	31,15	24,4	273	298
3078	3	46	6,2	43,49	224	298
3079	3	19	6,2	42,26	224	209
3080	46	19	43,49	42,26	298	209
3081	4	1	2,1	0,4	198	195
3082	0	4	6,4	9,0	227	231
3083	28	23	22,18	5,5	298	211
3108	14	9	36,7	12,5	298	291
3109	17	9	32,15	4,8	284	298
3111	54	64	48,19	34,22	298	298
3112	48	24	63,29	24,12	292	226
3114	4	22	2,0	5,6	230	237
3115	38	33	33,13	26,21	289	286
3116	72	61	87,40	78,41	249	194
3123	8	4	32,10	11,2	254	164
3124	61	2	39,56	0,0	267	223
3126	161	138	93,58	43,18	298	224
3127	6	16	13,2	4,0	298	240
3129	20	67	13,6	36,12	245	298
3130	9	15	8,3	5,5	224	221
3132	9	16	17,13	33,16	230	244
3133	15	14	27,10	45,27	244	221
3134	200	88	124,76	48,16	298	227
3136	6	0	14,23	2,6	298	284
3139	78	113	38,26	80,77	298	293
3141	14	98	10,10	70,36	209	298
3142	59	24	32,28	35,22	263	209
3143	66	56	48,20	29,24	242	263
3145	21	47	21,13	41,42	241	281
3146	44	27	46,30	69,59	298	298
3147	12	110	9,13	113,84	298	267
3150	30	24	15,4	12,7	241	232
3151	0	76	0,2	33,6	253	257
3153	86	81	155,93	129,60	235	259
3154	72	36	157,72	54,46	259	243
3158	154	94	117,83	57,37	298	298
3159	157	46	104,54	44,24	286	203
3163	4	5	3,11	16,14	272	254
3190	0	2	1,1	8,2	237	197
3191	2756	4256	263,190	488,302	237	298
3192	5047	5492	527,400	536,380	291	237
3193	2048	379	187,104	11,9	289	177
3194	138	111	208,125	161,74	298	272
3195	191	192	242,147	359,148	272	298
3196	13	8	18,9	0,4	234	256
3197	7	17	25,19	21,5	270	229
3198	8	0	12,9	2,0	218	270
3199	6	12	9,3	3,2	298	224
3200	321	663	186,131	466,242	227	255
3201	111	340	120,79	288,134	181	227
3202	1	340	0,0	288,134	201	227
3203	28	12	35,17	17,5	298	233
3204	24	23	24,14	27,28	298	231
3206	40	37	40,20	41,49	290	298
3207	70	24	129,83	75,50	298	251
3208	21	2	42,32	4,7	298	239
3209	51	25	106,93	33,21	272	248
3210	1	10	8,6	12,16	195	231
3212	27	11	19,22	6,12	233	195
3213	0	2	6,3	7,2	298	298
3214	0	8	1,2	14,3	298	298
3215	3	4	2,2	9,2	233	298
3217	75	49	86,59	58,31	274	273
3229	142	270	138,48	486,254	248	298
3231	95	42	116,48	54,33	298	236
3232	0	172	4,2	146,46	184	224
3233	133	97	127,55	110,47	298	233
3234	82	140	70,50	135,130	234	298
3235	12	140	17,4	134,130	234	298
3236	91	83	73,53	94,55	237	234
3237	31	68	32,21	82,43	193	237
3238	0	4	4,0	10,8	298	298
3241	59	88	102,58	89,99	272	251
3242	71	82	120,43	141,52	239	267
3244	6	2	2,0	2,4	298	196
3245	3	2	2,2	2,2	298	196
3247	193	10	144,50	8,1	281	186
3248	94	50	62,20	23,24	186	228
3249	55	167	56,19	102,26	186	252
3250	208	61	208,109	59,35	252	252
3251	197	57	208,109	53,42	252	248
3252	168	66	123,48	54,40	252	248
3253	70	16	61,25	12,10	248	203
3254	39	24	39,25	22,10	203	290
3255	51	76	47,17	51,17	207	245
3256	140	205	459,386	619,485	224	296
3258	50	110	27,29	82,117	262	277
3259	65	110	27,36	82,117	298	277
3260	102	220	51,17	171,89	224	268
3261	233	8	134,88	4,11	298	263
3262	44	58	15,19	44,34	236	276
3264	132	0	128,59	0,2	222	222
3266	27	19	43,34	30,26	298	265
3267	150	2	101,58	0,2	268	298
3268	7	135	0,0	29,37	241	243
3269	107	202	40,15	34,27	252	279
3270	170	80	42,23	15,10	247	214
3272	15	11	38,18	11,9	234	298
3277	5	42	8,2	20,19	271	298
3278	5	1	8,2	1,2	271	298
3279	5	3	8,2	1,2	271	195
3280	35	1	18,15	1,2	298	195
3281	42	1	20,19	1,2	298	298
3282	42	3	20,19	1,2	298	195
3283	10	0	2,6	0,2	298	298
3284	10	0	2,6	0,2	298	195
3285	10	18	2,6	34,37	298	217
3286	49	1	22,17	1,2	298	195
3287	17	17	4,4	34,37	298	217
3288	0	18	0,2	34,37	298	217
3289	0	18	0,2	34,37	195	217
3290	0	49	2,2	52,52	195	217
3291	51	87	88,73	103,40	240	293
3292	1	2	2,0	4,0	239	298
3293	18	1	16,3	6,2	189	233
3297	5	0	7,24	2,2	298	248
3298	4	0	8,21	0,4	279	298
3302	201	187	53,51	43,35	290	298
3303	87	119	123,119	90,38	298	252
3304	85	16	124,122	10,2	298	252
3305	85	76	124,122	100,66	298	270
3306	16	76	10,2	100,66	252	270
3309	75	75	42,31	33,22	259	282
3310	92	54	69,40	24,16	248	259
3311	107	80	57,34	37,40	298	248
3312	46	21	40,12	14,7	196	161
3313	4	109	2,0	49,46	250	298
3314	140	130	193,112	109,74	277	298
3315	118	4	150,94	0,4	294	277
3316	118	225	150,94	272,123	294	277
3317	172	239	76,60	177,47	245	298
3318	310	399	1,0	5,6	213	252
3320	41	15	121,112	22,25	266	253
3321	29	37	22,28	22,9	298	261
3322	26	25	72,20	26,37	245	216
3323	305	327	348,236	256,186	279	298
3324	313	310	312,151	364,285	278	279
3325	168	268	132,102	244,123	241	257
3327	7	0	8,8	4,1	293	275
3335	2	2	0,0	2,0	248	221
3336	15	19	160,196	413,440	269	269
3343	0	2	2,4	3,1	298	230
3344	68	57	43,35	37,27	218	206
3346	0	22	2,0	12,2	271	298
3348	12	11	7,0	9,5	298	255
3349	69	76	89,34	98,68	248	218
3354	7	2	2,10	6,3	266	248
3357	524	475	160,163	186,221	258	268
3358	524	91	161,161	13,12	258	268
3359	2	1	3,2	3,2	178	178
3360	4	4	32,6	13,3	256	178
3365	26	2	12,2	0,0	265	281
3366	8	0	15,2	2,0	237	298
3367	1	0	1,2	2,4	281	242
3370	12	11	14,0	16,7	258	298
3373	29	33	28,14	52,24	298	288
3375	4	4	1,6	20,4	222	298
3376	9	7	3,0	2,2	210	245
3379	9	11	7,0	13,6	264	240
3380	0	11	6,4	10,10	260	264
3382	0	2	2,2	4,4	298	298
3383	0	3	1,0	0,2	170	251
3384	32	20	47,36	29,26	251	206
3385	1	20	0,0	29,26	277	206
3386	2	2	7,8	13,20	269	296
3389	47	39	102,47	41,38	194	191
3393	65	6	31,39	3,0	298	184
3394	0	23	2,0	34,23	265	298
3399	2	4	0,0	2,4	298	256
3401	56	2	69,70	0,0	252	239
3402	56	2	69,70	0,0	252	263
3403	54	2	67,68	0,0	252	239
3404	11	1	5,6	2,9	298	243
3405	0	79	1,0	96,85	222	298
3406	401	306	199,119	128,78	286	253
3407	282	304	83,53	131,51	203	298
3408	417	304	124,111	79,64	298	271
3409	5	0	7,4	5,2	298	232
3410	22	49	76,59	101,82	298	240
3411	106	133	122,88	208,100	277	252
3412	2	93	4,3	52,34	207	242
3413	9	40	9,10	44,29	226	207
3414	1	40	1,0	46,21	218	207
3415	34	42	55,29	74,39	218	226
3416	52	31	71,37	69,28	218	209
3417	9	27	8,10	65,26	218	209
3418	33	35	83,47	55,18	298	298
3419	48	18	63,50	62,28	298	298
3420	20	100	7,8	65,63	269	257
3423	2	1	0,0	3,0	211	247
3424	3	56	1,0	54,22	203	224
3425	25	125	37,22	144,120	224	296
3426	25	0	39,19	1,0	212	193
3428	64	58	35,23	51,44	298	298
3438	0	1	97,54	91,57	254	254
3441	72	83	110,43	108,44	279	298
3450	2	4	0,2	9,9	223	298
3453	157	172	158,48	218,85	298	298
3469	28	35	36,3	24,18	260	298
3470	7	11	18,0	0,0	241	241
3471	5	35	0,0	32,8	278	268
3474	18	30	20,10	28,11	192	228
3476	1	75	2,0	117,51	224	253
3479	19	41	16,7	49,20	225	270
3483	4	101	0,2	73,60	221	221
3484	6	36	6,4	43,59	298	276
3486	164	147	49,40	31,58	275	275
3487	2	5	6,8	14,9	298	227
3498	126	7	117,38	10,2	224	167
3499	14	29	16,23	41,38	298	218
3500	804	4003	7,24	64,139	188	290
3502	1	13	9,3	20,19	230	248
3503	1	9	9,3	14,12	230	243
3507	30	27	60,10	24,11	297	298
3509	77	45	60,33	41,15	298	290
3513	2	39	0,0	52,22	298	235
3514	17	9	3,2	8,5	298	267
3515	6	47	15,5	35,10	265	282
3516	15	49	0,2	33,10	265	282
3517	0	3	6,4	21,3	238	272
3518	994	1217	110,51	139,81	244	254
3519	100	260	16,8	43,32	236	236
3521	10	2	2,0	0,0	292	298
3522	10	11	2,0	1,2	292	298
3523	2	11	0,0	1,2	298	298
3524	0	5	2,0	11,0	231	190
3525	1	5	5,4	11,0	255	190
3526	0	22	2,0	39,6	231	243
3527	1	22	5,4	39,6	255	243
3529	289	858	63,43	283,170	239	293
3530	604	480	126,48	123,73	298	239
3531	4	7	13,8	8,11	296	248
3532	0	6	4,2	8,5	248	298
3533	6	2	7,2	0,3	248	298
3534	7	45	8,1	82,33	298	255
3535	2	45	2,0	82,33	298	255
3536	18	81	7,21	78,41	194	214
3537	15	15	10,10	9,2	254	195
3538	2	15	4,0	9,2	254	195
3539	23	14	14,2	9,9	298	254
3540	39	156	17,19	86,52	202	271
3541	106	67	47,39	45,25	298	221
3542	124	144	90,63	86,46	227	298
3543	2	2	4,2	0,2	268	247
3544	2	0	4,2	0,2	268	271
3545	2	16	2,0	10,3	268	270
3546	2	21	2,0	15,22	268	298
3547	2	2	8,2	0,2	208	247
3548	2	0	8,2	0,2	208	271
3549	2	11	2,1	20,6	208	270
3550	2	0	0,2	0,2	247	271
3551	16	21	10,3	15,22	270	298
3552	11	6	35,16	14,9	298	270
3553	3	4	6,3	0,4	239	230
3554	3	4	6,3	0,4	239	298
3555	0	6	1,0	3,12	209	231
3556	2434	3164	389,204	861,379	260	243
3557	2679	2556	642,283	547,268	254	260
3558	2494	2121	529,201	337,185	251	254
3559	2399	2353	656,253	455,225	258	251
3560	1140	2973	261,64	608,241	225	258
3561	312	214	201,172	184,169	298	254
3562	4361	3900	8087,6312	10810,7754	298	268
3563	2224	2314	4520,3532	2521,4227	227	239
3564	1925	2312	5463,3116	2520,4239	257	239
3571	0	17	2,0	35,37	298	272
3572	37	30	31,16	23,9	298	248
3575	19	20	90,29	74,17	296	219
3582	2	37	4,7	61,38	298	298
3592	7	294	3,0	446,352	274	257
3593	30	294	27,21	446,352	185	257
3594	5	19	0,1	2,17	194	218
3595	1777	1681	18,63	15,34	263	278
3597	204	127	30,19	23,11	297	298
3600	3481	3163	121,43	87,26	298	298
3603	2	4	2,2	10,12	240	252
3604	2	22	8,9	41,65	240	252
3605	186	169	152,117	199,83	283	298
3606	124	177	120,91	145,134	243	283
3609	1	0	2,0	2,0	298	186
3612	2	0	0,0	2,1	231	186
3618	31	44	22,16	35,26	215	217
3619	37	58	17,34	46,38	217	220
3620	54	32	24,39	35,16	220	207
3621	0	20	2,1	8,21	283	179
3622	4	45	0,4	23,27	179	215
3624	4	1	3,2	3,2	298	298
3625	3	242	1,0	362,322	175	270
3626	41	161	35,11	104,89	194	246
3627	432	26	230,152	23,14	246	199
3669	3	11	0,0	6,21	166	257
3672	13	35	9,13	62,48	204	267
3675	1	16	6,0	13,18	275	208
3676	15	32	5,0	28,10	257	245
3677	194	390	12,36	41,57	298	298
3678	437	266	17,38	21,34	298	291
3691	77	54	48,27	31,23	298	252
3692	46	50	29,30	50,32	266	272
3693	34	45	27,20	37,16	298	280
3694	36	45	28,20	37,16	298	280
3695	248	63	190,402	64,67	277	211
3697	51	119	74,37	127,60	249	298
3700	308	1863	590,385	2111,2007	238	298
3701	12	31	51,25	127,47	226	294
3706	69	37	29,12	7,15	294	236
3710	6	0	6,5	4,0	276	230
3711	3	30	2,3	36,14	181	227
3712	4	9	0,0	6,4	298	298
3718	156	273	24,24	64,40	246	298
3719	14	50	65,5	255,50	213	298
3720	25	29	55,27	45,38	298	199
3721	5	17	7,10	54,25	298	272
3722	5	17	6,10	54,25	298	272
3725	962	3046	1160,1033	3664,2308	298	244
3726	2397	2944	3005,2434	3842,2511	244	254
3727	128	246	33,35	47,46	222	258
3728	16	246	0,2	47,46	196	258
3735	5	168	2,2	98,103	201	260
3737	448	284	191,89	84,52	251	265
3739	58	77	102,77	188,136	298	298
3750	0	1	2,0	0,0	261	298
3754	2	0	0,0	3,0	252	263
3763	2	0	43,16	2,1	209	209
3768	7	3	17,4	10,2	298	298
3776	1629	6031	15,72	68,244	224	290
3777	19	138	0,0	34,26	245	260
3778	172	146	27,19	36,22	260	238
3779	0	12	0,2	30,11	298	298
3782	101	68	119,67	108,43	298	274
3788	1193	2083	208,171	288,202	233	288
3789	835	1868	132,98	296,256	225	298
3790	1648	1286	331,239	268,179	298	225
3791	1186	1718	264,195	322,205	239	298
3792	1726	1557	402,229	351,326	298	240
3793	2280	1705	462,247	342,223	298	220
3794	8	7	62,26	18,4	256	187
3795	8	15	67,28	116,47	256	298
3796	38	25	54,23	17,2	244	233
3800	2	2	65,54	4,0	218	218
3806	2	38	1,0	37,12	242	260
3808	106	59	71,39	22,17	257	293
3809	156	35	90,32	23,14	298	219
3810	74	68	40,27	37,29	219	293
3811	1	58	3,0	26,25	231	247
3814	1	0	15,0	31,0	196	246
3815	2	4	4,4	6,4	186	199
3823	193	204	242,90	205,60	298	290
3825	0	1	36,17	19,6	292	298
3826	2	33	0,0	54,46	271	289
3827	84	73	97,97	110,91	256	295
3828	89	87	99,70	121,101	298	298
3829	53	120	48,52	113,83	277	298
3834	26	39	25,22	56,25	246	298
3836	2	2	11,6	4,0	297	298
3837	46	89	42,30	163,88	232	298
3838	5	9	12,9	11,12	187	298
3839	10	15	11,12	8,11	245	173
3840	25	39	18,15	29,35	212	227
3841	220	264	334,119	357,107	286	283
3842	211	194	288,162	269,115	283	237
3843	194	212	163,133	264,121	258	296
3844	207	357	262,120	381,175	279	298
3845	348	132	335,76	121,52	271	180
3846	1	4	12,2	4,6	221	221
3847	3	0	36,7	4,4	298	221
3848	3	0	31,6	4,4	298	221
3851	2	1	20,6	5,15	248	298
3852	2	1	20,6	5,15	221	298
3853	8	0	35,10	4,0	221	176
3874	0	2	9,2	7,2	298	298
3876	8	45	45,32	56,41	221	209
3877	33	58	61,40	103,64	209	292
3878	75	21	95,66	36,20	292	216
3884	30	25	47,21	49,22	221	239
3885	19	9	15,2	10,6	267	203
3886	3	1	9,9	7,3	227	228
3887	2	4	0,0	20,8	298	266
3888	1	4	4,2	20,8	266	266
3889	0	4	6,2	20,8	298	266
3891	2	0	0,0	1,2	298	266
3892	2	1	0,0	4,2	298	298
3894	0	3	4,1	5,2	298	228
3897	7	5	3,0	0,2	195	298
3899	48	28	78,28	89,41	227	236
3902	3	8	0,0	2,0	256	298
3904	143	128	66,52	66,41	298	290
3905	143	143	66,52	43,38	298	298
3906	25	47	26,7	25,14	241	293
3907	0	4	2,2	6,4	298	233
3917	9	2	20,10	18,12	236	298
3918	41	53	128,71	134,103	225	226
3919	243	160	554,214	306,151	298	209
3920	111	15	281,213	35,54	264	205
3921	38	6	72,56	42,39	194	298
3922	38	15	71,56	35,54	194	205
3926	128	143	0,0	2,1	298	258
3928	26	26	19,13	21,9	298	285
3929	8	2	9,6	1,0	215	298
3930	10	25	9,6	28,15	215	298
3932	2	9	2,1	7,24	225	257
3933	46	33	98,48	77,35	287	215
3934	2	0	6,0	7,0	234	280
3935	1	6	0,0	4,6	262	227
3937	2	8	0,1	3,5	296	284
3943	38	225	3,13	78,55	298	298
3944	211	56	114,82	20,11	298	200
3945	80	21	29,18	5,5	200	196
3946	3	7	0,3	5,6	187	298
3947	2	6	0,2	3,0	187	298
3948	18	6	22,15	3,0	218	298
3949	18	2	22,15	0,2	218	187
3950	12	0	15,19	2,0	218	187
3951	2	13	17,8	17,19	239	208
3952	2	14	0,0	25,10	298	283
3960	12	9	15,11	7,6	260	290
3961	2	1	2,3	5,2	259	233
3964	3	5	6,10	16,24	238	225
3967	57	47	111,112	90,82	248	298
3968	12	0	31,16	2,9	246	298
3970	11	11	8,14	20,19	246	246
3975	12	28	60,23	63,22	298	278
3976	6	36	29,17	62,31	220	298
3981	17	2	4,8	6,3	232	228
3982	0	2	7,0	0,0	195	279
3984	364	1224	488,467	1558,1253	262	298
3986	0	6	2,1	8,8	192	243
3987	22	27	62,30	141,41	266	272
3988	8	47	12,6	34,36	298	298
3989	35	33	32,14	28,12	273	240
3990	66	141	33,15	76,60	207	298
3992	21	48	15,18	53,13	298	223
3993	58	39	31,7	15,3	241	294
3995	58	54	31,7	60,15	241	223
3997	2	70	5,0	63,18	181	298
3998	1	0	0,0	0,2	195	221
3999	1	1	0,0	2,0	195	204
4000	0	1	0,2	2,0	221	204
4001	8266	6039	3340,1128	2490,932	298	255
4002	6604	6373	2975,1588	3038,1140	298	298
4003	5833	7576	2678,861	3742,1544	298	298
4004	60	63	99,56	131,20	242	298
4005	76	46	90,27	80,38	298	254
4006	39	78	45,12	101,34	254	298
4007	44	81	90,41	68,40	298	279
4008	52	15	30,28	9,6	253	232
4009	23	25	28,6	10,3	298	298
4010	244	284	48,34	35,41	292	265
4011	1108	1561	44,43	112,28	298	298
4012	1884	990	117,107	59,34	298	298
4013	472	980	35,6	59,34	216	298
4014	788	1421	69,49	60,18	238	298
4015	916	1421	56,11	60,18	247	298
4016	916	788	56,11	69,49	247	238
4017	1582	1839	94,23	179,121	247	238
4018	220	194	6,0	4,1	243	277
4019	79	20	4,0	0,0	202	276
4020	64	118	0,4	0,0	249	298
4021	37	282	0,0	4,1	270	277
4022	2099	1734	236,81	187,112	298	298
4023	588	2473	476,326	1395,903	284	298
4024	586	1946	476,326	1272,906	284	298
4027	48	44	113,84	222,96	287	273
4028	18	0	14,20	1,0	259	247
4029	8	0	4,13	1,0	234	247
4031	1	202	1,0	159,95	218	298
4032	26	79	20,13	70,43	266	231
4034	2760	4	348,309	0,0	269	298
4035	2760	4155	348,309	666,619	269	290
4036	6	3228	0,0	547,328	298	269
4037	4365	3228	504,343	547,328	298	269
4038	0	1	1,0	0,0	228	298
4039	2	4475	0,0	638,560	244	278
4040	2990	4475	413,261	638,560	253	278
4041	2	4475	1,1	638,560	272	278
4045	11	0	6,5	2,0	298	298
4046	17	0	0,6	2,0	284	298
4047	20	9	4,0	2,2	298	298
4048	11	7	47,16	11,10	201	186
4049	11	10	44,16	20,6	201	206
4073	0	2	2,0	4,0	266	298
4074	14	4	21,13	6,0	272	298
4081	14	0	28,15	2,0	272	266
4083	1	0	3,2	2,2	252	272
4085	4	4	4,6	7,4	298	252
4086	2	0	0,0	4,2	230	252
4087	1	7	0,0	20,8	211	252
4091	0	7	1,0	23,10	211	252
4093	16	11	13,5	31,19	298	252
4094	4	7	4,6	5,0	298	211
4095	4	7	4,6	5,0	298	211
4096	0	7	0,2	7,0	298	211
4097	8	7	4,4	7,0	187	211
4098	2	7	0,0	7,0	230	211
4099	0	7	0,2	6,0	298	234
4100	8	7	4,4	6,0	187	234
4101	2	7	0,0	6,0	230	234
4103	7	0	4,7	2,0	187	298
4104	16	0	12,7	2,0	298	298
4105	16	0	16,7	2,0	298	298
4106	1	3	2,0	0,3	187	298
4110	8	0	4,4	0,2	187	298
4111	2	0	0,0	0,2	230	298
4112	7	0	4,7	2,0	187	298
4113	16	0	12,7	2,0	298	298
4114	16	0	16,7	2,0	298	298
4115	1	6	2,0	0,2	187	298
4116	1	6	2,7	2,0	187	298
4117	16	6	14,5	2,0	298	298
4119	2	8	0,0	4,4	230	187
4120	16	7	12,7	4,7	298	187
4121	16	7	16,7	4,7	298	187
4122	16	1	14,5	2,7	298	187
4123	16	3	12,7	6,9	298	187
4125	16	3	12,5	6,9	298	187
4132	2	13	2,2	2,1	298	298
4133	76	80	18,11	4,3	298	251
4136	172	145	58,46	95,43	264	248
4137	1	219	2,6	142,64	248	298
4138	3	219	4,2	141,65	248	298
4139	4	25	4,1	21,10	164	224
4140	36	42	44,31	65,40	261	289
4147	5	4	8,3	14,9	245	296
4148	7	6	7,8	6,8	222	245
4149	2	10	6,15	7,3	219	222
4150	6	31	4,3	104,40	172	250
4151	25	7	14,9	12,2	256	215
4152	174	64	292,143	69,39	298	298
4153	19	50	29,13	102,74	298	234
4154	33	10	12,8	16,2	219	247
4158	5	0	16,18	2,0	253	298
4159	16	73	10,2	39,23	172	206
4160	0	3	2,0	4,0	239	203
4166	2	4	2,0	0,6	219	273
4167	24	6	20,5	22,6	269	212
4171	1	0	6,0	2,1	298	298
4174	65	1	104,43	8,8	298	298
4175	65	18	104,43	32,29	298	250
4176	1	18	8,8	32,29	298	250
4183	0	13	2,2	8,10	208	242
4184	4	0	4,0	11,0	268	264
4186	17	0	5,6	11,0	298	264
4187	4	0	4,4	11,0	273	264
4188	9	1	16,6	9,0	298	285
4190	17	4	5,6	4,0	298	268
4191	4	4	4,4	4,0	273	268
4194	4	17	4,4	5,6	273	298
4195	2	11	4,0	0,4	273	298
4200	69	93	25,22	41,22	285	255
4201	27	33	17,3	7,17	227	244
4202	15	1	6,6	4,2	222	227
4203	16	18	3,2	8,0	222	227
4204	3	35	8,7	10,0	230	222
4205	57	21	99,49	32,5	298	221
4208	342	249	59,37	20,3	298	228
4214	9	42	5,5	21,5	188	245
4215	43	44	30,18	17,16	258	298
4216	16	10	6,21	0,2	276	298
4218	39	48	36,38	63,72	172	197
4219	72	43	82,37	61,66	298	197
4220	2	45	2,2	61,43	223	254
4221	66	6	29,17	3,4	218	270
4223	2	25	14,6	66,22	286	287
4224	14	8	52,38	13,28	287	298
4226	9	40	0,0	2,2	224	298
4227	25	4	0,2	0,0	224	238
4228	25	17	0,2	2,0	224	298
4229	25	37	0,2	2,0	224	298
4230	9	20	0,0	2,2	224	298
4231	10	30	0,0	2,0	224	298
4232	4	17	0,0	2,0	238	298
4233	4	37	0,0	2,0	238	298
4234	17	26	2,0	0,0	298	298
4236	37	26	2,0	0,0	298	298
4237	30	18	2,0	0,0	298	268
4238	14	26	1,0	0,2	298	268
4239	13	34	1,0	0,2	298	268
4240	16	15	0,2	2,0	298	298
4245	2	1	0,0	2,8	268	236
4246	7	45	3,4	83,46	239	298
4247	14	5	41,5	24,5	269	223
4248	21	10	16,10	18,2	260	298
4251	27	11	26,25	24,10	234	194
4252	0	2	5,4	2,0	203	227
4255	71	25	28,26	13,33	298	298
4256	113	37	62,31	13,5	256	298
4257	137	55	102,73	28,29	298	256
4259	132	11	174,86	5,4	227	284
4262	7	20	2,0	18,5	271	252
4263	0	7	2,0	4,2	197	271
4264	7	2	18,0	7,0	216	171
4265	10	2	2,10	0,5	226	226
4266	23	26	24,6	22,27	221	246
4267	8	0	26,28	2,1	188	223
4272	1	5	0,0	4,1	264	266
4282	7	3	20,6	2,7	298	298
4283	7	3	17,4	2,7	298	298
4284	0	31	2,0	58,46	180	229
4286	7	12	8,0	10,5	258	199
4287	5	14	9,0	4,3	258	208
4288	30	20	26,26	15,6	284	298
4290	8	140	6,8	81,58	253	289
4291	133	230	110,83	185,105	243	294
4292	60	72	64,55	80,52	220	244
4294	0	2	1,2	0,0	212	188
4295	8	0	4,0	2,2	246	298
4300	160	381	120,156	244,208	298	298
4301	114	160	99,68	127,72	298	253
4302	192	276	147,166	266,203	298	298
4305	2	8	0,0	6,8	298	253
4306	2	2	0,0	13,3	298	298
4311	22	6	69,75	4,14	298	269
4312	141	120	190,81	200,85	298	244
4314	0	4	2,0	1,4	298	298
4318	0	4	5,9	2,1	298	285
4319	31	23	0,4	3,1	217	208
4320	3620	4904	123,519	77,316	285	288
4321	2	0	2,2	2,5	268	241
4322	3	0	0,0	2,5	298	241
4324	13	26	1,6	32,31	258	266
4327	4	0	4,0	0,6	272	226
4329	125	112	179,126	108,109	271	245
4331	41	12	40,38	14,19	298	231
4332	33	288	45,48	287,316	176	298
4333	303	209	295,132	190,81	290	239
4336	15	9	16,13	12,8	298	287
4337	12	2	14,2	6,4	298	222
4338	24	12	33,46	27,3	298	298
4339	216	155	144,45	86,82	284	233
4341	99	9	79,34	12,3	250	194
4342	55	408	39,37	582,340	198	271
4348	2	0	0,0	2,0	287	298
4349	2	13	3,4	20,9	298	257
4350	1	15	0,0	8,8	270	283
4353	2	43	20,8	51,21	253	208
4361	394	134	272,223	120,73	285	235
4362	106	228	75,94	154,97	235	248
4363	197	391	156,110	280,185	248	298
4364	70	1	26,25	0,0	289	298
4365	70	1	26,25	0,0	289	298
4368	7	44	9,5	35,53	276	240
4369	4	0	21,17	3,0	233	298
4371	6	4	16,10	8,0	293	238
4372	98	113	58,34	78,33	236	234
4373	107	113	60,35	78,33	241	234
4375	30	3	70,18	28,9	229	239
4376	51	5	82,34	9,2	298	229
4377	53	10	82,34	37,18	298	229
4378	14	3	51,19	11,8	254	298
4402	78	58	58,60	53,26	298	281
4403	316	125	87,24	23,23	298	216
4405	40	35	18,22	34,33	244	260
4411	78	23	293,188	185,131	284	261
4412	1	23	0,0	185,131	243	261
4413	22	12	19,23	16,3	232	239
4414	10	11	13,17	9,5	183	200
4415	2	2	0,4	0,2	224	238
4420	1	1	0,6	0,6	298	218
4421	16	65	36,26	89,72	199	242
4427	19	2	16,14	2,2	284	230
4428	115	3	115,123	1,0	289	177
4429	39	59	13,7	48,64	217	289
4430	2	23	0,2	13,16	195	278
4431	0	23	0,2	13,20	195	278
4432	0	23	0,2	13,20	249	278
4433	0	23	3,1	13,20	254	278
4436	7	32	1,4	15,8	295	213
4437	18	2	16,4	0,2	295	240
4438	16	2	4,0	0,2	286	240
4439	16	18	4,0	16,4	286	295
4456	411314	197058	3309,7017	1723,4589	298	282
4457	2	306654	0,0	2550,7231	282	279
4458	193930	202697	1340,3993	1601,3409	247	217
4459	378481	75	2943,6110	0,0	288	298
4460	417165	202701	3547,8635	1601,3409	298	217
4467	74	4	98,33	0,0	242	228
4468	3	22	2,0	5,3	221	221
4469	2	20	2,0	5,3	221	221
4471	71	50	70,47	43,10	221	206
4472	117	76	128,31	169,45	276	229
4473	24	150	61,66	284,198	240	230
4474	24	157	61,66	296,213	240	236
4476	35	17	42,29	54,30	285	238
4477	0	7	101,81	172,103	298	298
4479	1117	204	120,225	170,256	298	298
4481	0	2	5,2	4,2	224	296
4482	2	69	0,0	3,2	298	298
4483	2	73	0,0	3,2	298	298
4486	16	15	39,6	19,16	249	288
4488	1264	4880	535,79	1661,481	182	298
4489	72	10	94,116	26,13	298	280
4490	39	110	51,36	154,101	236	298
4492	17	8	20,14	3,8	298	242
4493	2	58	2,0	70,63	298	298
4494	7	56	23,17	73,29	185	244
4497	3	3	0,0	2,0	250	259
4504	77	152	163,92	262,172	224	283
4505	10	1	2,2	14,21	236	242
4509	180	4	293,217	0,0	246	298
4511	7	55	20,6	101,44	184	232
4512	66	132	42,32	142,55	254	276
4517	0	88	4,5	126,228	198	254
4518	3	2	7,16	15,21	222	228
4520	268	129	255,110	145,39	296	221
4521	166	121	84,67	76,35	223	251
4522	90	63	53,30	43,30	220	223
4523	8	61	8,9	41,24	215	223
4524	15	105	11,21	99,48	197	220
4525	8	100	8,7	54,52	215	197
4526	2	68	4,0	19,5	240	287
4529	42	290	8,2	58,43	298	260
4530	53	313	13,2	58,11	298	298
4531	9	1	7,4	0,0	295	180
4533	65	0	42,40	0,2	234	218
4534	50	14	44,24	13,18	298	266
4539	17	23	40,2	19,9	267	256
4540	19	8	11,2	9,8	256	230
4541	33	65	53,25	66,51	298	278
4543	2	167	9,10	156,86	203	293
4544	0	42	3,0	43,25	288	203
4548	22	0	24,21	0,2	298	223
4549	1	35	2,0	31,33	244	298
4550	7	0	44,16	7,1	298	183
4551	5	85	10,8	124,30	268	252
4557	4	13	15,2	12,6	298	298
4558	424	2	286,154	0,0	298	253
4566	90	149	88,37	84,45	221	238
4567	3	3	0,2	6,4	229	287
4572	24	62	18,17	47,19	274	240
4573	29	51	27,19	52,14	240	271
4574	59	45	77,28	42,12	273	284
4575	59	3	73,29	4,2	273	284
4576	51	41	43,13	70,9	284	281
4577	52	49	43,16	36,13	284	248
4578	46	50	37,12	36,13	281	248
4579	32	8	50,39	21,9	298	257
4580	23	29	59,15	54,25	257	298
4581	105	108	102,99	70,41	298	298
4582	30	1	8,8	0,0	270	247
4583	2	0	2,0	4,1	171	173
4584	25	134	35,17	135,66	225	257
4585	7	5	60,16	38,14	212	298
4586	17	76	5,7	34,29	298	298
4592	86	60	25,9	35,23	235	298
4593	269	1025	12,85	35,154	298	298
4598	0	2	0,1	0,0	298	294
4599	0	2	0,1	1,0	298	298
4600	0	9	0,4	10,12	260	270
4601	13	120	9,3	59,24	252	298
4602	110	70	76,50	57,34	298	270
4610	1	2	2,0	0,0	260	239
4611	1	2	2,0	2,0	260	239
4621	2	0	3,0	2,0	278	262
4623	2	0	3,0	2,0	278	260
4642	9	0	1,7	2,0	221	230
4643	9	12	14,15	26,17	298	298
4650	2	0	7,0	1,2	261	298
4657	9	76	4,2	74,36	203	255
4660	32	27	39,25	32,13	298	264
4661	46	91	40,19	61,44	264	298
4662	138	184	30,26	43,23	236	240
4663	12	15	26,12	44,21	298	238
4664	59	59	97,43	103,66	298	298
4665	27	59	53,28	106,64	232	298
4666	104	48	97,29	37,18	298	219
4667	4	74	3,0	80,22	282	298
4668	4	0	3,0	0,2	282	298
4669	64	139	31,29	108,57	244	256
4670	87	130	24,29	59,35	230	273
4671	14	106	10,4	63,20	215	230
4672	9	39	14,3	83,28	298	298
4679	13	4	39,34	39,13	278	265
4684	14	12	31,20	27,18	266	298
4685	7	17	22,0	39,32	190	253
4686	26	11	14,11	10,10	256	253
4687	141	50	95,78	45,25	298	260
4691	18	13	6,4	25,9	298	298
4692	10	35	8,6	21,10	253	215
4693	2	0	0,2	2,0	298	298
4694	2	0	0,2	3,0	298	279
4697	8	2	40,29	2,4	225	225
4698	4	5	4,4	8,7	298	228
4699	4	5	4,4	8,7	298	224
4700	26	4	28,10	8,2	243	298
4702	7	2	15,14	0,0	298	245
4704	4	2	1,2	0,0	272	298
4705	4	2	1,2	0,0	272	233
4707	5	1	5,2	0,0	237	289
4708	4	1	6,2	14,14	260	260
4710	2	4	3,2	14,19	225	238
4711	1	0	3,14	0,4	217	271
4712	0	3	8,4	15,6	228	274
4713	4	644	0,0	68,28	298	298
4715	287	2254	27,34	221,75	298	298
4716	649	1455	68,28	103,42	298	298
4720	23	32	16,18	27,22	298	259
4721	61	4	82,54	2,0	259	298
4723	12	1	10,4	0,2	295	221
4724	110	77	22,14	8,9	298	298
4725	4	1	15,23	12,14	269	298
4726	26	64	27,38	129,183	177	257
4727	22	0	36,91	4,11	177	216
4728	22	4	36,91	3,2	177	284
4730	6	6	0,0	6,6	283	298
4731	226	198	341,178	224,119	298	298
4732	281	197	283,171	262,160	265	298
4733	20	36	22,19	44,14	183	264
4734	816	1072	1037,1011	1111,898	267	298
4735	816	1648	1037,1013	1782,1794	267	298
4738	39	10	127,85	33,33	298	229
4739	153	123	253,168	199,103	239	275
4748	4306	2912	35,25	38,39	298	274
4749	4	2	5,0	4,0	298	298
4750	15	2	14,8	4,0	282	298
4751	15	4	14,8	5,0	282	298
4752	2	4	0,6	5,17	240	240
4753	331	121	28,150	12,43	242	290
4767	9	38	13,2	43,24	298	215
4768	4	10	0,2	4,9	288	263
4769	0	201	12,2	586,522	263	228
4770	144	838	45,18	159,80	298	248
4772	28	0	47,12	1,0	235	246
4773	109	78	237,177	192,100	266	298
4777	2	2	3,0	3,4	298	259
4779	9	2060	6,2	1801,1112	171	274
4780	1	1005	0,2	860,517	171	274
4781	887	1005	1200,444	860,517	249	274
4782	887	1	1200,444	0,2	249	171
4786	2	12	9,7	17,14	298	298
4787	87	69	81,7	72,36	275	298
4795	10	49	12,14	94,55	257	290
4796	4	2	10,12	2,1	206	194
4800	7	6	8,5	10,7	241	251
4802	6	13	31,52	32,35	236	275
4804	2	4	2,16	0,1	298	164
4805	3	4	2,18	0,1	298	164
4806	670	361	580,2431	283,748	298	206
4807	473	775	317,955	665,1443	298	215
4808	205	326	225,127	397,169	263	298
4809	205	2	225,127	12,6	263	298
4810	10	14	19,8	18,14	298	298
4812	5	8	3,8	15,8	296	261
4816	0	14	7,21	4,26	248	298
4817	2	17	3,4	26,33	253	298
4821	13	21	41,11	43,13	298	286
4822	11	0	13,8	3,0	298	218
4824	191	94	255,191	148,87	257	222
4830	5	0	5,1	0,2	298	291
4835	262	187	235,174	129,85	298	298
4836	462	212	396,294	135,51	298	298
4837	231	124	103,52	49,33	298	209
4838	34	0	36,29	2,0	236	272
4839	2714	3712	1118,678	1681,1152	242	298
4842	215	64	245,99	68,28	298	214
4843	22	9	103,60	27,25	298	192
4844	8	10	22,19	35,17	234	298
4845	5	0	6,11	11,6	268	298
4847	9171	647	636,481	41,56	298	298
4848	8014	3	532,370	0,0	271	298
4849	8014	2393	532,370	221,256	271	298
4850	8	0	9,2	0,2	251	191
4851	18	19	14,1	31,19	242	267
4852	1295	2942	1320,633	3580,2066	253	275
4853	182	113	84,41	73,36	295	239
4854	98	107	52,19	36,19	297	246
4855	7	175	3,2	54,25	298	297
4856	134	175	46,16	54,25	298	297
4859	0	4	0,2	3,1	282	238
4860	4	0	2,0	2,0	190	282
4865	29	126	33,26	175,73	298	290
4867	131	150	313,86	384,104	263	298
4868	204	172	559,120	397,79	298	298
4870	2	2	6,8	13,0	298	271
4871	2	0	0,4	9,4	298	298
4872	40	47	64,44	89,50	269	263
4873	17	59	44,44	48,33	227	298
4874	46	32	62,52	46,48	283	298
4876	20	18	25,16	30,16	249	228
4881	5	1	1,0	3,0	246	218
4884	3	0	16,4	2,2	298	247
4887	28	43	34,16	29,37	298	294
4891	17	213	12,4	183,150	212	298
4892	144	101	262,177	202,156	298	298
4893	55	49	192,140	131,117	276	298
4913	66	76	67,33	130,89	225	212
4914	265	7	311,161	11,6	225	225
4915	5	13	14,8	21,17	241	229
4916	15	5	30,26	8,7	296	233
4917	4	15	0,0	22,14	207	252
4921	10	11	16,5	6,2	275	226
4923	34	3	67,34	0,3	278	206
4925	34	31	38,14	49,35	248	298
4926	30	33	39,22	54,35	298	298
4932	0	2	2,0	0,0	183	278
4934	16	0	6,0	0,2	298	264
4937	3	4	11,1	0,0	230	251
4939	0	7	1,3	14,5	203	223
4940	6	77	1,0	62,30	298	298
4941	1	188	3,6	72,58	191	279
4942	10	5	0,0	2,0	222	188
4943	46	62	43,24	95,55	200	206
4944	14	49	42,11	78,68	238	294
4948	19	63	23,8	27,11	216	298
4949	48	10	43,16	13,42	298	298
4950	6754	7811	465,522	486,441	298	289
4951	6	7805	0,0	484,439	298	289
4952	7750	8216	514,450	509,426	298	298
4953	8724	8561	575,427	615,748	298	298
4954	8288	8586	579,429	497,475	298	298
4956	44	35	16,6	23,15	264	293
4958	18	55	10,6	30,26	298	256
4959	27	40	36,21	55,42	238	276
4960	0	16	3,0	9,17	197	241
4962	1	4	0,4	16,6	184	298
4963	0	4	4,0	10,4	298	196
4964	2	1	0,0	0,1	236	298
4966	0	11	2,0	27,5	272	298
4970	115	187	159,103	316,231	298	296
4972	3	41	0,1	53,21	203	263
4973	29	89	31,13	92,35	236	247
4974	29	76	31,13	56,29	236	229
4975	29	58	31,13	31,13	236	196
4976	23	7	52,18	16,1	254	222
4977	14	11	19,8	10,9	222	250
4978	332	223	365,217	193,105	298	263
4980	142	61	73,80	44,53	177	298
4981	277	61	132,176	44,53	244	298
4982	22	3	22,16	1,0	202	273
4984	21	2	16,7	0,0	208	195
4985	0	5	1,0	6,2	298	298
4986	59	0	43,16	0,1	289	247
4987	59	54	42,14	70,29	289	247
4988	65	37	62,40	56,31	289	255
4989	65	39	62,40	61,36	289	289
4990	58	39	93,47	61,36	270	289
4991	39	0	23,17	1,0	253	270
4997	0	1	13,18	1,0	247	298
4998	0	1	3,4	1,0	260	298
4999	2	1	8,11	1,0	240	298
5000	4	99	0,0	50,13	221	298
5001	4	99	4,5	50,13	280	298
5002	187	248	85,50	252,110	225	252
5004	30	42	14,9	41,1	183	215
5006	4	2	7,0	2,2	243	248
5008	2	146	5,0	60,44	224	203
5009	80	174	16,14	78,67	203	228
5010	360	113	181,122	91,33	298	185
5011	105	337	67,35	192,80	185	264
5012	18	15	10,1	36,15	201	250
5013	28	45	60,34	103,50	298	298
5018	2	5	6,10	1,2	222	272
5019	0	5	1,2	1,2	297	272
5020	2	1	2,6	1,2	222	272
5021	0	6	2,0	4,8	220	255
5027	2	1	9,2	6,1	266	298
5033	285	780	78,45	193,111	267	245
5035	282	3	74,45	0,0	267	245
5036	752	1070	240,126	195,104	225	250
5037	1006	1070	347,168	195,104	245	250
5039	89	4	175,72	6,4	298	298
5040	89	91	87,81	147,81	298	298
5041	70	80	116,45	116,51	298	298
5042	59	32	73,31	30,24	298	282
5043	55	44	69,33	85,42	298	245
5045	26	20	22,31	7,9	285	237
5046	4	2	0,0	11,6	242	271
5047	72	0	55,74	0,2	187	210
5049	128	127	242,115	248,111	278	266
5050	135	123	217,103	181,85	296	244
5051	159	139	289,236	204,117	279	296
5052	176	294	377,202	469,247	269	290
5053	78	123	159,111	187,75	290	224
5054	16	7	22,8	28,12	298	293
5055	134	120	29,23	59,24	298	298
5057	2	2	0,2	1,6	286	298
5061	30	18	24,14	14,6	210	157
5064	175	239	43,33	62,44	269	261
5065	176	7	43,33	1,4	269	261
5066	176	181	43,33	58,36	269	261
5067	7	181	1,4	58,36	261	261
5068	250	182	57,24	57,36	261	261
5073	12	22	15,14	24,17	298	259
5074	38	15	21,33	16,14	282	235
5075	89	2	58,72	0,0	296	268
5078	599	790	474,313	509,362	298	294
5080	11	33	11,1	25,27	244	298
5081	11	19	11,1	17,11	244	298
5086	119	335	40,21	132,42	256	298
5087	37	46	41,28	44,30	220	230
5088	12	1	3,8	4,13	221	218
5089	2	11	0,0	10,8	253	225
5095	188	100	52,30	32,5	298	229
5096	149	136	59,24	76,40	297	233
5097	2	3	0,0	26,9	248	298
5098	2	1	0,0	3,0	248	201
5099	3	1	26,9	3,0	298	201
5101	23	3	5,5	3,0	182	197
5102	6	0	4,8	1,0	197	260
5103	90	51	143,53	108,79	298	269
5104	33	20	95,48	61,19	298	298
5105	63	64	12,18	33,3	298	293
5107	33	11	24,22	7,2	298	236
5108	30	11	30,20	7,2	298	236
5109	41	153	54,21	174,96	211	268
5112	70	40	45,46	39,13	298	230
5116	73	68	118,68	133,85	210	221
5118	2	0	2,0	2,2	233	223
5120	16	24	2,0	15,8	260	298
5122	12	19	4,4	11,10	273	292
5123	2	66	5,4	67,8	273	247
5124	8	2	0,0	4,0	292	298
5125	19	2	12,6	8,0	292	298
5126	21	9	17,8	0,0	298	185
5127	18	114	4,6	46,31	184	250
5128	102	29	61,33	24,12	250	185
5132	10	9	6,0	2,5	184	185
5133	3	4	3,0	7,0	185	201
5136	14	174	5,2	64,48	298	298
5137	1	174	10,0	64,48	292	298
5138	5	39	2,0	8,11	251	225
5139	495	800	438,241	431,284	298	290
5142	4	3	2,0	1,0	258	290
5147	27	8	10,13	4,0	243	233
5148	4	26	2,1	7,9	199	298
5149	35	51	16,11	25,6	233	236
5150	29	0	30,38	0,1	280	242
5152	10	10	108,81	37,22	298	243
5153	12	0	94,79	7,14	298	252
5154	20	2	165,185	5,1	252	298
5156	269	58	46,18	6,1	293	292
5157	33	58	3,0	6,1	242	292
5158	402	61	64,35	6,1	293	292
5159	14	61	1,0	6,1	197	292
5160	33	269	3,0	46,18	242	293
5161	14	402	1,0	64,35	197	293
5162	6	184	0,0	26,19	197	293
5163	44	29	8,2	8,2	197	242
5164	96	13	99,50	18,13	279	164
5165	54	5	106,57	6,2	286	277
5166	54	110	106,57	146,120	286	253
5167	23	69	43,8	101,84	242	286
5168	39	69	119,66	101,84	245	286
5169	67	25	74,79	42,8	261	254
5170	37	26	110,61	63,15	216	232
5171	52	17	111,53	42,22	298	216
5172	14	36	29,2	49,14	241	280
5173	259	386	98,76	125,102	225	298
5174	0	97	6,0	99,26	298	298
5180	52	40	28,15	38,15	268	298
5181	9	38	12,0	46,17	233	298
5182	18	23	56,11	104,20	275	293
5183	226	15	46,26	2,2	220	249
5184	596	482	103,55	139,42	220	220
5186	14	2	38,21	10,4	298	243
5187	13	107	5,0	78,44	253	282
5188	122	108	43,45	81,76	294	298
5189	88	111	67,49	38,45	298	298
5190	173	0	65,52	1,0	152	167
5192	10	30	10,18	23,16	223	233
5193	89	98	94,27	107,49	261	247
5194	80	86	90,37	74,35	298	261
5200	17	43	40,14	63,19	212	232
5202	56	34	57,18	22,6	298	218
5207	19	0	16,9	2,0	233	215
5208	6	0	10,6	1,0	233	215
5213	39	60	141,85	97,65	277	258
5214	6	9	4,0	4,0	214	274
5216	1	0	0,0	0,1	298	298
5218	40	36	27,10	24,6	291	252
5219	2	0	0,2	2,4	220	257
5227	0	1	0,2	0,0	243	202
5231	0	4	0,2	6,4	243	268
5235	1	4	0,0	6,4	202	268
5247	1	8	13,9	20,20	298	298
5248	6	46	12,9	53,71	298	298
5249	0	26	2,0	57,40	290	238
5250	7	15	13,8	35,22	231	257
5251	16	0	18,4	1,4	264	298
5253	41	1	47,37	0,0	280	284
5254	21	1	22,25	0,0	295	284
5258	0	2	4,4	12,8	286	278
5259	42	22	31,26	18,22	239	270
5262	38	9	57,24	17,18	278	182
5263	71	8	83,50	10,18	298	182
5264	37	58	49,24	79,48	278	278
5267	631	1034	99,71	169,122	250	298
5268	354	664	46,13	95,73	287	249
5274	30	2	4,16	0,0	294	294
5276	368	188	443,182	210,74	219	196
5277	95	48	116,65	98,51	298	298
5281	8993	9680	4979,5258	5154,6810	298	270
5282	9007	4675	4984,5269	2494,2667	298	234
5283	16	9	0,3	2,4	298	289
5287	935	836	293,109	248,77	231	278
5289	54	62	35,27	103,71	226	217
5293	90	64	89,43	110,63	293	280
5294	91	5	86,43	4,1	293	280
5295	62	77	46,9	90,41	280	298
5296	1712	1401	617,269	498,355	296	248
5297	1350	1565	407,276	691,444	248	298
5300	16	0	73,23	2,0	234	271
5301	2	0	26,8	3,2	234	186
5302	2	33	26,8	70,47	234	298
5303	6	8	7,12	29,19	298	249
5304	14	16	47,15	69,20	298	238
5308	34	73	46,16	68,29	205	229
5309	21	12	6,17	17,5	254	296
5310	52	55	30,10	42,38	298	298
5312	64	49	36,12	57,36	298	298
5313	2	15	0,0	16,34	298	230
5314	7	4	24,13	6,0	278	188
5316	8	41	6,2	103,52	211	298
5317	8	4	4,2	11,2	211	298
5318	61	38	102,42	54,41	298	206
5320	42	3	53,6	13,8	248	231
5321	97	164	56,84	99,48	298	298
5322	4	0	0,2	2,0	242	172
5323	194	122	97,51	27,25	292	227
5324	130	182	97,34	76,49	227	298
5326	46	95	47,32	72,39	241	283
5327	7	29	0,0	12,15	188	218
5329	20	35	5,12	25,19	265	232
5330	20	16	5,12	22,18	265	198
5331	26	0	5,16	3,6	265	232
5332	26	3	5,16	7,4	265	198
5333	26	19	5,16	32,5	265	251
5334	0	24	3,2	41,30	232	298
5335	0	2	3,2	13,11	232	184
5336	0	19	3,6	32,5	232	251
5337	3	19	7,4	32,5	198	251
5338	4	5	0,0	5,4	241	241
5340	0	9	13,2	9,7	229	253
5341	147	137	126,65	214,84	284	298
5342	290	0	214,184	0,2	252	247
5343	443	0	333,301	0,2	298	271
5345	133	0	103,100	0,2	206	271
5347	490	0	362,306	0,2	181	271
5348	490	0	362,306	0,2	181	247
5349	2	16	2,0	13,14	298	298
5350	32	64	61,40	93,62	298	298
5351	34	45	64,42	68,59	298	285
5353	66	32	71,73	47,7	257	227
5354	54	57	90,64	62,41	298	272
5355	23	0	57,33	2,2	298	247
5356	4	6	6,1	11,24	196	243
5357	157	145	172,126	196,90	239	212
5358	188	187	202,100	192,148	248	239
5359	45	141	41,36	189,103	219	210
5360	2	6	2,2	0,2	203	284
5361	2	0	1,0	4,0	270	219
5362	113	68	114,38	92,41	298	210
5363	12	10	17,6	10,10	232	287
5364	162	86	234,163	183,120	251	257
5365	21	11	32,16	14,10	298	298
5366	5	8	12,4	14,2	298	284
5369	86	417	61,26	281,138	206	290
5370	354	376	228,89	353,191	290	293
5371	32	59	23,14	70,52	233	256
5372	23	2	24,19	5,4	260	298
5373	187	231	416,266	372,170	269	276
5374	191	185	419,273	349,230	269	236
5375	72	227	207,121	398,220	203	269
5376	13	9	4,2	10,0	298	298
5377	13	14	4,2	14,5	298	207
5378	13	1	4,2	3,1	298	298
5379	9	1	10,0	3,1	298	298
5380	14	1	14,5	3,1	207	298
5382	2	2	2,0	0,0	280	189
5383	2	2	2,0	0,0	280	218
5388	108	75	62,42	81,34	288	298
5397	2	51	0,2	163,111	267	266
5398	23	72	24,26	201,202	266	298
5400	95	5	52,15	10,0	221	226
5401	21	4	25,12	6,2	268	221
5402	25	40	22,8	21,27	227	241
5403	7	83	4,2	152,136	296	298
5404	122	24	162,72	77,53	298	218
5405	3	9	13,2	65,17	298	298
5408	0	4	0,11	1,2	298	264
5411	28	57	13,10	53,27	222	239
5412	28	33	13,10	34,14	222	235
5413	38	79	8,6	58,29	215	252
5415	115	123	71,30	99,49	214	298
5420	0	693	2,2	743,479	298	271
5425	0	2	1,11	1,2	298	298
5426	45	12	70,13	20,14	285	206
5427	25	30	94,27	125,35	221	298
5430	29	21	47,24	40,15	298	202
5431	0	1	8,0	43,24	298	236
5432	4	6	6,3	0,2	294	298
5433	2	41	4,0	46,30	298	216
5434	1	4	4,0	8,7	279	224
5435	0	4	4,2	8,7	282	224
5436	0	2	2,0	2,4	282	224
5437	0	61	2,0	43,29	217	259
5438	15	13	35,5	18,18	275	298
5442	34	15	28,28	14,14	298	295
5444	0	8	0,2	4,7	242	298
5445	14	6	20,6	0,4	281	298
5446	31	32	25,23	34,15	298	239
5447	17	12	27,15	28,15	298	263
5452	21	42	23,10	18,13	253	230
5454	81	76	38,20	53,24	298	262
5455	8	56	0,0	49,21	280	298
5458	1	55	0,0	49,21	298	298
5459	91	1099	64,58	739,869	296	298
5460	278	95	398,224	125,82	298	298
5461	32	31	42,39	48,27	248	250
5463	1092	124	3576,3182	413,496	272	266
5464	766	472	2540,2879	1506,1736	253	227
5465	372	1007	1344,1789	4889,6124	239	253
5466	139	70	111,49	60,23	255	255
5473	11	33	9,5	21,13	298	276
5477	27	91	31,26	62,36	174	215
5478	2	3	21,22	2,2	298	298
5479	196	120	12,6	20,14	226	218
5480	439	469	726,533	766,626	223	208
5481	502	917	830,657	2170,1327	231	298
5484	0	86	20,13	1645,390	230	239
5485	0	34	23,15	1270,376	230	239
5487	20	4	39,30	8,0	293	287
5488	35	35	50,22	14,3	274	217
5489	135	140	132,96	148,87	298	298
5490	92	96	49,24	75,67	235	222
5492	22	29	21,5	26,20	257	226
5494	35	21	43,17	25,24	215	214
5495	62	46	44,45	37,21	239	236
5500	20	78	16,14	72,77	187	298
5501	33	10	36,19	17,3	213	184
5502	90	76	67,67	96,91	237	276
5504	16	6	22,17	16,17	209	298
5505	25	57	72,8	50,39	222	250
5506	1	57	6,2	50,39	222	250
5507	52	43	53,10	43,19	246	222
5508	475	341	232,125	214,127	274	261
5509	4	271	0,0	178,68	208	298
5510	4	271	10,4	178,68	188	298
