ID	IJC_SAMPLE_1	SJC_SAMPLE_1	IJC_SAMPLE_2	SJC_SAMPLE_2	IncFormLen	SkipFormLen
6	10	0	5,6	2,0	298	149
20	0	26	1,2	10,11	298	149
23	2	336	4,2	146,175	166	149
24	18	1	7,2	0,0	182	149
27	0	2	2,2	0,0	298	149
28	40	1	6,0	0,0	298	149
61	1	13	4,0	14,16	200	149
66	1	2	1,4	3,6	191	149
67	5	2	0,0	4,0	233	149
68	0	2	0,4	0,0	235	149
71	0	2	3,0	0,5	266	149
79	0	15	2,0	15,13	168	149
82	1	3	3,6	0,0	271	149
83	1	3	6,8	0,0	244	149
95	4	8	1,3	23,16	166	149
99	5	41	3,0	34,16	152	149
102	5	2	6,5	7,0	152	149
107	0	9	4,0	8,6	258	149
117	15	4	9,14	3,10	257	149
121	3	31	0,0	7,5	152	149
156	2	2	5,19	0,0	298	149
166	18	2	13,12	0,2	298	149
167	2	0	2,2	2,1	256	149
168	75	4	80,40	2,0	298	149
170	77	0	100,26	2,0	289	149
172	15	3	20,18	1,2	215	149
173	0	19	3,2	10,4	164	149
179	4	0	5,13	0,2	184	149
181	1	0	3,5	4,0	152	149
187	1	2	0,1	0,0	298	149
216	0	9	2,1	4,5	298	149
218	0	5	0,1	3,1	172	149
222	4	10	1,2	6,0	152	149
254	2	0	0,0	0,2	298	149
257	0	2	2,0	0,2	298	149
259	0	84	5,4	88,95	254	149
282	2	42	0,0	44,49	167	149
285	33	17	49,46	10,12	298	149
286	42	0	75,72	3,0	155	149
288	4	0	0,0	0,1	152	149
289	3	77	9,1	62,41	191	149
308	9	47	11,6	51,52	176	149
309	2	81	8,0	75,51	176	149
311	48	0	8,27	0,2	283	149
342	4	14	16,13	39,38	152	149
361	8	2	6,6	5,2	152	149
374	0	68	2,0	134,112	179	149
375	104	1	175,230	0,0	200	149
380	1	1	0,4	0,0	166	149
398	13	24	0,2	13,14	152	149
399	10	12	18,5	9,22	298	149
424	4	3	10,9	7,4	152	149
428	0	14	0,1	6,16	204	149
429	17	1	4,18	0,0	191	149
431	6	5	8,10	6,2	214	149
432	6	5	8,8	6,2	298	149
439	11	2	19,32	0,0	298	149
462	2	2	4,4	4,2	152	149
472	100	2	41,52	0,2	169	149
476	1	1	4,2	0,0	190	149
501	4	46	0,2	7,21	211	149
504	0	8	0,2	17,14	201	149
517	23	2	32,19	0,0	196	149
522	1	1	0,4	0,0	298	149
526	6	7	12,13	18,1	227	149
536	0	1	0,1	7,7	182	149
551	2	3	0,0	2,0	152	149
585	4	12	2,0	4,4	284	149
586	5	12	4,2	4,4	287	149
587	2	1	2,2	0,0	152	149
612	19	5	15,7	5,6	152	149
620	2	101	0,3	40,39	171	149
633	71	9	109,129	0,2	230	149
653	50	27	56,76	21,55	152	149
654	0	8	0,1	7,15	152	149
656	0	2	7,4	5,1	249	149
665	3	1	6,0	0,0	171	149
666	12	141	9,0	76,24	171	149
667	30	0	84,66	2,0	298	149
670	8	62	6,12	47,44	167	149
671	63	17	55,62	13,20	152	149
675	26	1	79,112	1,7	158	149
685	2	0	0,4	2,0	210	149
687	2	39	9,5	52,47	298	149
689	54	0	82,64	1,2	158	149
716	11	2	9,22	10,13	161	149
717	7	24	18,22	45,27	152	149
720	0	8	2,2	0,4	223	149
724	7	3	2,2	0,0	276	149
728	2	4	0,0	10,7	186	149
729	25	190	27,13	121,113	196	149
739	0	100	0,2	83,69	167	149
741	19	83	2,9	65,43	170	149
742	241	0	114,85	3,2	214	149
743	89	4	58,36	0,0	214	149
745	3	1	13,15	0,0	152	149
748	3	2	2,0	0,0	179	149
755	5	0	2,3	0,4	167	149
756	5	0	4,3	4,0	167	149
761	0	40	2,0	72,82	213	149
785	0	6	6,2	6,2	276	149
786	1	39	0,0	30,26	298	149
787	0	2	2,2	1,2	152	149
790	1	54	0,0	34,14	157	149
795	1	19	5,1	13,11	169	149
809	6	2	10,10	1,0	153	149
819	55	0	56,65	0,2	298	149
820	34	0	31,14	2,0	189	149
823	2	12	3,5	13,13	298	149
825	4	2	2,7	2,0	298	149
830	34	2	59,35	9,2	204	149
832	30	0	52,27	0,2	204	149
833	3	77	9,13	139,70	266	149
834	2968	20	365,367	4,0	298	149
836	93	0	25,14	0,2	217	149
840	1	41	0,0	24,0	177	149
841	17	73	3,6	30,22	214	149
842	20	4	20,16	8,1	243	149
851	20	0	87,40	1,1	218	149
857	192	12	2,0	0,0	213	149
861	8	120	4,7	33,18	188	149
864	2	2	2,5	2,0	152	149
870	11	93	10,2	80,49	165	149
885	87	1	44,28	0,0	183	149
890	169	4	98,79	2,0	158	149
892	0	45	1,0	23,13	164	149
895	1	42	0,5	23,18	229	149
905	3	11	0,0	6,2	169	149
912	54	3	48,25	2,0	298	149
913	58	4	34,17	0,0	294	149
914	28	1	38,15	0,0	298	149
915	0	24	4,0	18,7	153	149
916	6	2	3,2	3,8	152	149
917	78	10	28,6	0,0	249	149
918	105	3	53,12	0,0	249	149
944	31	2	36,27	7,0	183	149
947	8	0	11,11	2,2	157	149
949	3	128	0,0	2,20	163	149
950	0	125	1,5	144,220	222	149
954	725	7	863,1370	7,3	153	149
955	165	0	209,358	1,6	205	149
956	883	0	1065,1725	1,6	209	149
997	8	2	4,8	4,7	298	149
1020	85	2	72,74	0,0	156	149
1032	4	23	2,2	18,31	298	149
1044	0	4	0,1	18,23	241	149
1062	78	2	55,25	0,0	298	149
1066	5	2	7,7	0,0	174	149
1073	6	138	5,6	168,150	176	149
1079	319	0	314,212	2,4	230	149
1080	130	0	214,264	1,0	166	149
1081	5	6	1,4	27,11	176	149
1082	2	9	0,0	4,6	152	149
1084	153	2	223,187	1,0	164	149
1096	328	4	87,90	2,2	298	149
1097	43	6	4,7	0,2	154	149
1098	274	4	31,25	0,0	170	149
1099	193	9	24,16	3,2	182	149
1101	151	4	85,40	2,0	244	149
1102	1	0	3,2	0,2	154	149
1107	4	0	0,0	0,1	171	149
1117	1	7	0,2	0,0	298	149
1122	59	0	66,77	2,4	182	149
1123	119	1	38,88	0,0	188	149
1130	30	1	16,26	0,0	152	149
1131	33	0	16,26	0,2	155	149
1132	4	0	0,0	0,2	152	149
1143	5	0	9,0	2,0	152	149
1160	2	0	1,0	0,2	170	149
1162	21	0	12,33	2,2	205	149
1164	2639	30	1092,623	10,17	226	149
1165	0	109	2,0	164,119	188	149
1166	18	0	19,18	0,2	152	149
1167	1	1	0,0	13,3	164	149
1173	2	15	14,4	39,46	170	149
1175	5	66	5,4	80,40	298	149
1176	91	5	86,52	0,0	154	149
1177	5	52	1,1	56,50	188	149
1181	3	32	3,2	39,45	167	149
1188	0	1	0,2	2,0	298	149
1193	44	0	34,28	0,1	239	149
1195	3	0	0,5	2,0	298	149
1217	101	0	109,99	1,0	222	149
1226	36	0	23,18	3,0	298	149
1230	25	0	35,36	1,4	152	149
1237	4	0	30,47	2,0	211	149
1249	0	9	0,1	9,4	173	149
1251	20	0	12,19	2,2	298	149
1254	69	2	48,94	4,0	203	149
1255	97	2	57,42	0,0	225	149
1257	159	2	312,138	0,2	242	149
1258	151	36	404,133	21,9	298	149
1261	28	3	23,49	4,0	153	149
1264	12	0	37,20	0,2	180	149
1267	6	0	4,3	0,2	167	149
1270	14	3	6,9	0,0	298	149
1273	6	0	24,5	2,4	152	149
1282	15	102	6,8	43,39	217	149
1283	4	15	2,2	26,16	168	149
1286	25	31	0,0	5,2	298	149
1288	3	4	8,7	3,1	208	149
1293	24	3	24,3	6,4	152	149
1296	4	132	7,3	85,34	184	149
1307	6	0	7,11	0,2	195	149
1314	1	1	2,4	0,0	277	149
1339	8	0	8,4	2,0	298	149
1343	2	0	0,0	0,14	230	149
1346	7	11	1,9	11,18	153	149
1348	1	58	0,0	12,18	271	149
1351	12	0	21,28	1,6	201	149
1356	49	2	31,28	0,0	233	149
1358	53	7	41,36	7,2	298	149
1359	49	0	37,32	0,2	298	149
1361	0	75	2,0	28,29	197	149
1370	48	2	47,84	1,8	184	149
1373	0	2	0,2	5,0	152	149
1387	40	0	69,50	2,0	245	149
1388	0	7	0,2	4,2	180	149
1389	5	36	7,2	53,25	216	149
1407	2	4	2,2	2,19	298	149
1408	0	1	1,5	5,14	298	149
1409	1	55	0,1	46,77	298	149
1410	57	0	50,82	4,0	298	149
1425	25	13	18,12	1,0	187	149
1428	0	2	7,12	5,5	152	149
1433	20	0	26,25	0,1	173	149
1435	1	0	6,2	12,0	152	149
1443	2	4	0,1	5,4	161	149
1444	32	3	44,39	1,0	152	149
1455	0	15	1,2	9,16	202	149
1459	0	2	2,0	0,0	272	149
1460	2	10	1,2	1,0	298	149
1470	9077	5	1956,1274	0,6	152	149
1471	44956	16	11348,15671	4,6	298	149
1472	57	0	171,100	0,1	153	149
1476	11	0	4,3	0,2	152	149
1487	2	59	20,8	111,60	298	149
1488	8	0	42,18	2,2	298	149
1489	0	8	2,2	42,17	176	149
1493	0	26	4,0	91,34	220	149
1494	60	0	229,94	2,0	233	149
1495	6	7	29,8	50,24	231	149
1496	0	32	9,4	81,31	200	149
1497	26	5	59,72	30,11	152	149
1513	0	5	2,0	3,10	176	149
1540	3	62	4,5	151,78	185	149
1541	94	0	141,66	2,0	193	149
1548	0	57	3,0	122,67	200	149
1554	13	1	51,35	0,4	244	149
1578	63	3	117,69	23,6	188	149
1579	3	1	9,4	0,0	200	149
1580	0	12	4,0	56,27	174	149
1582	501	23	293,349	12,20	152	149
1584	8	4	0,8	0,0	152	149
1585	2	17	29,21	84,38	277	149
1586	2	74	2,1	149,75	184	149
1590	6	0	35,10	7,1	232	149
1597	54	2	54,20	2,0	290	149
1598	937	7	721,294	24,4	219	149
1601	291	0	685,293	3,0	205	149
1602	227	6	465,174	11,5	212	149
1603	4	52	2,2	36,61	236	149
1608	2	2	0,4	0,0	298	149
1613	15	6	42,60	28,25	152	149
1614	0	15	1,0	97,76	152	149
1621	4	2	0,2	3,0	152	149
1625	18	2	8,26	0,0	298	149
1631	1	1	0,4	2,12	208	149
1632	13	2	19,25	0,0	298	149
1649	1	0	7,6	1,0	253	149
1650	8	2	30,17	12,3	253	149
1660	0	2	4,0	0,6	167	149
1679	35	0	30,33	2,0	218	149
1689	0	63	0,1	54,41	171	149
1690	33	3	35,8	8,0	154	149
1703	5	0	6,8	2,4	152	149
1708	54	2	57,28	0,0	183	149
1718	7	8	3,3	12,2	197	149
1734	2	26	0,2	47,55	179	149
1740	0	1	0,1	0,1	220	149
1747	7	4	1,5	2,10	152	149
1758	3	0	8,6	4,7	172	149
1777	5	0	18,15	2,0	298	149
1799	2	77	2,0	114,81	298	149
1819	0	2	6,2	12,8	256	149
1830	0	36	2,2	61,41	163	149
1831	10	0	8,4	0,1	181	149
1841	69	8	37,34	0,0	244	149
1845	2	0	0,2	2,0	154	149
1859	0	3	3,0	1,12	189	149
1863	0	2	0,1	4,4	298	149
1864	13	0	28,45	0,2	275	149
1872	2	0	0,7	0,2	152	149
1876	1	2	4,4	0,0	269	149
1877	59	2	53,48	2,0	185	149
1900	52	2	57,51	2,5	152	149
1902	1	4	6,2	2,9	191	149
1903	0	3	2,4	29,42	298	149
1905	8	2	58,36	1,0	152	149
1906	6	57	1,0	7,4	182	149
1907	2	57	0,0	7,4	200	149
1909	1	20	0,0	27,14	171	149
1916	2	21	0,2	32,24	156	149
1922	1	0	0,0	1,1	152	149
1923	118	0	19,61	2,8	162	149
1924	292	0	154,127	5,3	185	149
1925	9	0	5,4	2,0	152	149
1927	20	91	25,26	53,39	298	149
1928	3	52	4,2	67,33	246	149
1929	7	33	1,8	13,12	298	149
1935	0	27	1,2	17,14	186	149
1937	74	1	143,111	0,2	237	149
1938	4	1	0,4	0,0	172	149
1943	2	1	0,1	2,2	227	149
1954	14	1	6,25	0,2	226	149
1962	6	2	13,10	0,6	209	149
1963	0	4	2,0	12,18	197	149
1964	28	12	24,30	35,30	152	149
1966	3	2	3,0	24,11	154	149
1967	3	95	3,3	127,98	162	149
1968	7	37	7,12	62,36	182	149
1971	7	0	17,6	4,3	179	149
1974	0	6	2,2	6,2	298	149
1980	1	3	0,0	10,4	244	149
1981	1249	4	725,819	0,0	298	149
1984	16	14	10,8	0,11	152	149
1986	898	4	1252,1228	2,0	153	149
1993	61	25	35,39	25,5	298	149
1996	6	0	14,19	2,0	153	149
1997	92	0	97,80	2,0	298	149
1998	28	11	53,16	10,8	156	149
2004	30	11	31,25	11,13	152	149
2005	54	2	32,13	2,0	152	149
2007	0	98	0,3	69,76	166	149
2008	52	68	60,33	102,41	170	149
2009	3	140	5,2	200,141	201	149
2010	3	16	0,2	4,1	188	149
2011	8	0	12,17	0,2	168	149
2021	67	9836	0,1	104,134	165	149
2023	24	688	0,0	10,21	234	149
2027	9	6	19,14	27,25	152	149
2029	17	2	49,22	10,4	152	149
2030	21	2	62,43	0,2	158	149
2031	2	66	8,7	81,67	172	149
2039	2	0	0,3	1,2	190	149
2044	40	0	58,66	1,6	228	149
2048	6	0	11,9	0,2	211	149
2049	0	13	14,0	38,32	231	149
2050	11	0	10,4	2,1	154	149
2051	58	21	74,78	25,45	298	149
2060	4	0	11,27	1,3	152	149
2061	5	2	15,44	9,4	194	149
2062	1	2	5,20	9,4	191	149
2063	0	2	4,4	2,8	152	149
2066	0	4	0,2	1,0	258	149
2070	4	5	7,2	0,2	298	149
2071	4	0	0,2	2,0	156	149
2081	1	6	13,5	6,2	298	149
2082	5	16	11,0	2,6	170	149
2085	67	4	131,85	13,3	152	149
2096	155	50	76,29	28,15	152	149
2097	6	2	2,2	0,0	152	149
2105	4	37	6,6	25,27	230	149
2115	29	61	26,18	5,28	224	149
2116	40	61	34,20	5,28	240	149
2117	63	61	44,19	5,28	274	149
2118	11	0	8,4	0,2	165	149
2119	36	0	18,7	0,2	199	149
2120	33	8	12,6	2,3	183	149
2121	51	3	47,19	6,2	274	149
2122	3	63	7,2	107,69	172	149
2123	48	0	69,50	0,2	248	149
2124	56	2	77,61	0,0	259	149
2125	108	0	170,117	0,2	225	149
2126	116	2	178,128	0,0	236	149
2127	8	2	8,14	0,0	160	149
2134	3	6	4,9	6,15	195	149
2137	3	24	5,1	22,27	152	149
2138	0	2	0,2	0,2	152	149
2152	0	10	4,0	24,5	176	149
2175	54	6	76,49	9,19	197	149
2176	55	2	80,56	4,2	202	149
2177	7	2	13,26	4,2	154	149
2181	2	20	19,10	14,24	298	149
2183	679	3	440,242	0,0	288	149
2194	4	66	11,9	213,155	219	149
2197	36	1	91,85	3,3	159	149
2200	2	0	3,2	13,9	298	149
2201	2	0	3,2	13,9	298	149
2204	0	19	7,3	21,25	170	149
2223	19	0	9,6	4,2	155	149
2228	13	2	19,4	0,0	152	149
2236	4	3	4,1	6,6	164	149
2239	267	0	172,67	1,0	264	149
2242	15	23	8,8	21,10	204	149
2243	0	1	3,1	1,4	159	149
2244	33	1	40,19	2,1	162	149
2251	0	9	0,5	6,32	208	149
2252	203	3	180,100	4,5	167	149
2254	2	12	0,0	4,2	186	149
2261	2	48	27,11	73,19	298	149
2262	145	2	169,119	12,0	157	149
2263	3	55	6,0	62,19	182	149
2264	3	46	9,2	46,28	185	149
2265	10	2	24,11	0,6	197	149
2266	55	46	65,21	46,28	152	149
2267	62	2	80,30	0,6	164	149
2268	53	2	61,37	0,6	161	149
2271	256	13	250,106	10,4	212	149
2274	363	2	329,174	16,4	155	149
2275	31	6	21,14	4,2	204	149
2276	1	7	0,0	19,15	229	149
2277	1	93	2,1	7,9	228	149
2279	2	43	1,2	48,42	298	149
2280	2	25	12,5	57,26	162	149
2284	67	0	127,49	2,0	151	149
2285	4	98	13,10	237,168	168	149
2293	0	29	2,0	35,14	167	149
2294	10	736	19,10	228,178	298	149
2295	1	62	8,1	107,44	174	149
2299	1	46	2,1	41,25	173	149
2304	5	45	9,0	58,32	170	149
2305	63	0	73,45	2,0	298	149
2307	0	25	6,0	40,33	194	149
2308	10	4	38,18	3,8	298	149
2309	4	1	8,6	3,4	152	149
2310	2	39	1,3	29,26	170	149
2313	0	32	2,0	72,27	189	149
2315	25	6	8,18	4,14	152	149
2317	40	2	34,25	0,0	230	149
2318	53	2	59,44	0,0	233	149
2319	19	6	27,19	2,0	152	149
2329	42	109	23,7	85,49	152	149
2330	10	2	6,15	2,0	172	149
2340	2	91	2,4	22,31	222	149
2345	11	6	14,2	0,2	167	149
2346	17	20	30,14	0,5	274	149
2347	326	5	165,85	6,1	154	149
2351	17	35	13,0	23,29	152	149
2352	11	4	6,1	5,8	182	149
2357	5	49	18,0	53,20	152	149
2359	11	137	19,6	69,63	298	149
2363	4	0	2,0	0,2	152	149
2366	0	1	2,5	9,0	152	149
2373	4	4	0,0	2,0	171	149
2375	1	28	6,2	56,7	170	149
2376	103	1	29,50	0,0	278	149
2377	4	232	0,2	246,89	167	149
2378	123	21	94,49	31,15	152	149
2379	137	41	52,56	10,14	290	149
2381	0	133	2,0	102,60	166	149
2384	9	125	6,5	78,42	167	149
2387	10	161	11,8	151,68	171	149
2388	187	0	174,77	2,0	156	149
2389	92	1	123,52	2,0	152	149
2403	10	2	0,0	0,4	155	149
2404	0	65	4,8	59,69	178	149
2416	39	65	18,8	43,24	273	149
2424	69	4	24,17	2,2	204	149
2425	334	11	30,26	3,0	298	149
2428	2	2	2,11	4,2	211	149
2431	9	5	19,24	4,11	185	149
2432	8	1	14,21	4,3	152	149
2436	2	7	2,2	2,20	298	149
2444	8	35	13,0	40,36	173	149
2445	6	0	28,43	1,0	230	149
2446	52	0	34,10	2,0	223	149
2449	1	0	0,1	2,0	152	149
2450	569	7	334,209	6,6	152	149
2451	109	199	78,60	202,126	298	149
2452	152	199	95,74	202,126	298	149
2454	373	1	97,37	0,0	166	149
2456	1	3	2,0	0,0	192	149
2462	14	0	26,30	0,2	171	149
2464	16	5	15,9	2,4	175	149
2465	28	0	21,9	2,0	153	149
2466	26	1	40,8	0,0	298	149
2467	3	191	24,4	389,152	222	149
2468	135	0	329,127	3,2	298	149
2472	1	3	2,0	6,6	186	149
2492	0	19	4,1	17,7	298	149
2499	4	1	5,1	0,0	153	149
2503	27	0	40,35	0,2	198	149
2505	9	1	11,4	3,3	162	149
2512	56	1	77,23	4,0	152	149
2515	171	2	131,78	0,3	153	149
2520	4269	10	2131,1232	5,6	261	149
2521	4	1	4,0	0,0	152	149
2525	0	24	1,0	6,17	228	149
2529	36	27	34,15	9,5	152	149
2533	0	35	2,0	32,36	158	149
2537	13	22	14,8	12,6	152	149
2539	18	1	42,25	4,0	198	149
2541	12	11	58,18	13,14	298	149
2548	0	15	1,0	43,20	167	149
2568	7	0	23,36	1,2	262	149
2569	2	12	18,17	8,12	152	149
2570	1	0	4,2	0,2	152	149
2571	10	63	12,21	57,17	252	149
2572	93	2	82,27	0,0	194	149
2574	0	4	2,0	0,2	298	149
2575	5191	5	720,778	0,1	298	149
2581	0	4	0,4	4,4	298	149
2582	2	0	0,2	10,15	238	149
2584	2	0	0,0	2,0	298	149
2590	1	16	1,2	11,11	179	149
2593	2	99	2,3	172,106	179	149
2594	13	4	30,22	15,9	158	149
2595	6	35	5,10	23,22	164	149
2598	25	0	71,37	0,1	178	149
2599	126	7	0,2	0,0	298	149
2600	57	22	0,0	1,0	195	149
2601	2	80	0,0	2,2	152	149
2605	2	8	0,3	29,33	164	149
2607	8	158	6,7	78,83	176	149
2608	72	10	137,41	35,3	217	149
2609	9	0	32,5	4,8	152	149
2611	17	3	51,21	24,8	152	149
2613	0	2	6,4	2,0	152	149
2614	137	2	150,82	0,0	298	149
2615	185	2	188,114	9,9	209	149
2624	22	3	9,12	2,0	298	149
2628	1	7	8,4	8,15	161	149
2629	98	2	153,79	0,0	176	149
2631	2	2	0,0	0,4	212	149
2632	4	730	2,0	224,219	193	149
2633	83	2	9,18	0,0	298	149
2634	197	11	26,72	6,1	298	149
2637	0	6	8,0	18,7	278	149
2638	0	6	8,0	18,7	274	149
2639	1	9	0,1	29,22	210	149
2641	50	20	48,22	35,33	298	149
2642	100	0	108,59	4,4	153	149
2643	24	0	53,43	0,1	298	149
2644	0	2	0,2	23,12	167	149
2649	58	22	17,2	14,7	152	149
2655	3	0	2,6	2,0	298	149
2659	2	11	0,0	3,12	218	149
2660	21	1	13,30	4,0	152	149
2664	0	109	0,2	71,33	189	149
2675	21	159	33,12	55,37	298	149
2676	4	0	13,0	0,2	298	149
2677	17	9	3,7	0,0	298	149
2679	2	15	0,0	29,17	153	149
2682	8	2	7,8	4,2	185	149
2683	0	3	5,2	8,1	201	149
2684	93	2	202,161	6,0	282	149
2685	16	18	20,21	55,35	298	149
2687	29	5	17,9	3,4	202	149
2688	70	2	30,38	2,2	281	149
2689	22	5	13,7	3,4	198	149
2690	64	2	26,36	2,2	277	149
2691	50	2	18,35	2,2	228	149
2693	39	78	21,23	37,52	298	149
2694	15	78	9,9	37,52	223	149
2695	17	29	9,11	25,19	223	149
2696	283	41	151,134	12,19	298	149
2697	11	314	5,2	170,119	160	149
2698	2	4	1,0	0,2	152	149
2709	2	20	0,1	17,10	152	149
2711	0	3	0,2	11,6	194	149
2712	7	0	4,6	2,0	298	149
2715	2	1	2,0	2,0	172	149
2724	4	20	5,0	16,8	181	149
2725	0	12	2,3	6,16	178	149
2726	7	48	2,4	25,29	152	149
2728	4	36	0,6	43,36	229	149
2738	0	11	3,4	66,30	166	149
2742	24	188	50,59	116,105	298	149
2751	3	0	2,10	2,1	161	149
2752	12	0	25,21	2,0	298	149
2753	12	5	25,21	6,6	298	149
2757	3	0	16,10	2,0	168	149
2768	3	2	0,0	1,2	162	149
2769	10	0	0,1	0,2	162	149
2770	2	13	3,0	9,16	176	149
2771	12	1	13,6	0,4	152	149
2773	90	2	79,46	2,0	190	149
2774	4	0	6,10	2,0	218	149
2776	18	0	28,10	0,2	291	149
2777	9	179	24,13	174,77	229	149
2778	0	65	4,0	143,122	298	149
2779	73	0	76,41	7,10	269	149
2786	7	119	7,7	131,58	168	149
2791	288	0	312,183	0,4	152	149
2792	0	73	14,6	69,66	298	149
2794	8	2	63,27	4,0	191	149
2796	81	117	37,33	49,28	203	149
2797	22	0	33,27	1,0	244	149
2799	114	1	97,70	2,0	161	149
2801	0	21	5,0	8,42	167	149
2814	0	7	3,0	14,19	298	149
2815	749	12	230,158	2,3	249	149
2828	342	0	447,284	2,1	293	149
2829	4	139	7,6	155,79	196	149
2837	1	14	3,0	9,10	191	149
2838	0	6	0,1	21,11	152	149
2844	12	12	29,8	8,9	298	149
2849	68	281	67,17	460,272	293	149
2854	4	5	14,20	10,9	152	149
2855	5	5	4,1	10,9	298	149
2856	5	4	4,1	14,20	298	149
2870	5	22	3,2	13,5	177	149
2871	35	8	79,50	4,0	269	149
2872	3	0	44,33	4,2	235	149
2885	0	12	0,2	16,41	189	149
2886	0	5	5,8	8,9	298	149
2890	0	2	0,1	0,3	298	149
2897	14	6	1,9	5,11	175	149
2905	21	43	36,10	68,16	152	149
2908	0	10	2,1	19,52	174	149
2909	0	10	0,1	19,52	171	149
2910	103	1	211,112	2,2	152	149
2915	0	9	0,2	90,68	208	149
2921	2	46	10,5	19,3	245	149
2926	50	21	12,4	25,7	201	149
2928	9	0	164,77	2,0	213	149
2934	58	5	164,67	14,5	152	149
2935	1	6	39,17	25,11	152	149
2936	6	12	34,0	67,32	152	149
2941	10	6	13,24	2,2	298	149
2947	11	41	18,28	30,32	189	149
2948	14	409	23,20	448,238	171	149
2949	169	44	191,108	68,22	152	149
2950	6	10	20,12	43,12	185	149
2954	53	0	172,101	1,0	189	149
2955	10	244	7,0	99,60	177	149
2956	396	0	268,178	0,1	298	149
2957	872	15	826,395	10,11	156	149
2959	7	8	0,0	2,19	173	149
2964	48	5	97,43	11,1	187	149
2966	8	41	33,14	85,52	239	149
2968	10	1	8,10	2,2	225	149
2970	14	0	9,11	2,0	153	149
2975	1	0	0,0	0,2	186	149
2978	42	39	46,20	46,22	161	149
2979	0	7	0,2	4,0	205	149
2986	27	200	3,7	82,53	184	149
2987	171	3	82,59	0,0	154	149
2988	21	3	8,4	0,0	172	149
2989	9	159	2,3	76,58	167	149
2990	27	1	47,33	14,11	200	149
2999	0	15	0,3	31,15	222	149
3000	18	3	4,9	1,6	161	149
3001	7	1	9,9	0,1	152	149
3002	0	2	4,10	0,0	202	149
3004	9	2	15,10	0,0	203	149
3008	5	7	10,6	12,4	161	149
3009	6	25	3,9	8,2	152	149
3011	65	0	65,22	1,0	210	149
3012	53	4	112,66	3,0	298	149
3015	100	13815	36,19	2840,1839	298	149
3017	652	23738	96,118	26456,18255	298	149
3020	11	0	10,2	4,0	157	149
3022	60	35	64,27	30,27	225	149
3023	291	12	85,49	2,0	153	149
3024	0	39	1,3	29,9	164	149
3026	0	12	2,0	6,11	295	149
3028	6	62	10,7	73,27	198	149
3029	1	66	3,0	60,17	178	149
3035	276	0	328,129	3,0	153	149
3041	0	2	2,0	2,2	181	149
3042	3	21	3,0	19,17	182	149
3043	9	101	4,0	174,55	188	149
3044	27	101	20,17	174,55	155	149
3048	2	24	19,7	16,23	298	149
3052	3	7	12,4	18,17	298	149
3059	3	24	1,1	54,16	180	149
3060	22	1	53,20	12,9	203	149
3061	12	3	27,9	10,0	152	149
3062	38	0	105,41	5,0	278	149
3063	13	0	29,29	2,0	298	149
3069	0	2	4,4	0,0	260	149
3072	1	9	0,0	0,2	169	149
3073	4	0	17,8	20,32	152	149
3074	5	2	0,2	2,2	184	149
3075	5	4	0,2	4,8	184	149
3077	2	85	11,3	146,47	298	149
3079	3	0	2,0	1,0	168	149
3080	55	2	81,100	0,0	182	149
3081	56	2	86,101	7,12	191	149
3082	3	2	5,1	7,12	158	149
3083	64	2	97,60	5,8	197	149
3084	14	7	39,25	0,2	200	149
3085	57	1	70,48	4,2	228	149
3086	66	6	64,31	5,0	298	149
3088	2	163	0,0	117,135	259	149
3095	7	0	6,2	0,2	164	149
3099	0	6	0,2	13,12	239	149
3103	4	19	9,4	24,6	198	149
3105	0	29	5,1	39,16	169	149
3108	5	368	2,5	164,200	173	149
3109	11	3	5,7	0,2	175	149
3110	374	3	167,202	0,2	151	149
3111	361	0	241,331	2,0	155	149
3112	394	0	267,358	2,0	298	149
3114	33	1104	12,14	813,932	194	149
3115	646	4	496,494	4,4	256	149
3116	1719	4	1297,1414	4,4	211	149
3121	1	0	7,1	7,0	154	149
3127	13	22	14,14	9,6	270	149
3130	3	9	0,0	16,13	152	149
3140	2	0	0,0	2,4	166	149
3144	5	4	28,3	11,5	152	149
3154	7	8	1,0	0,0	176	149
3155	16	2	1,2	0,2	152	149
3156	37	15	29,26	20,20	204	149
3157	37	6	29,27	3,4	208	149
3158	15	6	20,21	3,4	153	149
3171	6	0	15,19	2,0	243	149
3173	12	2	2,2	0,0	184	149
3175	53	0	55,31	6,6	152	149
3178	0	2	8,1	4,4	192	149
3179	1	2	5,2	0,0	178	149
3181	0	90	1,0	37,30	174	149
3183	1	0	9,0	4,0	298	149
3201	2	104	6,3	160,60	164	149
3224	3	166	2,15	372,618	190	149
3230	6	0	18,24	3,1	152	149
3234	6	0	8,0	0,2	289	149
3236	9186	45	1218,450	2,2	298	149
3240	2	5	3,0	8,0	152	149
3241	4	2	2,8	4,0	152	149
3244	14	31	15,7	8,7	152	149
3245	3	39	6,2	40,27	167	149
3249	18	28	9,8	40,29	298	149
3250	0	12	0,1	14,22	184	149
3251	1125	52821	491,473	61054,47406	173	149
3252	51614	45	55159,29612	2,0	298	149
3253	67901	247	66525,47766	51,34	183	149
3254	0	8	11,2	31,18	278	149
3255	4	4	33,20	0,0	298	149
3256	12	4	62,38	0,0	248	149
3257	92	21	80,38	20,3	152	149
3263	14	0	9,6	2,2	199	149
3264	264	8	226,203	2,0	152	149
3266	0	2	2,0	0,0	152	149
3267	7	3	4,13	6,6	152	149
3271	9	2	3,2	4,2	152	149
3273	213	190	191,235	84,38	298	149
3274	109	2	169,58	4,3	152	149
3284	7	2	10,3	0,0	152	149
3291	1	0	0,0	2,0	298	149
3293	101	0	74,39	0,2	298	149
3303	76	3	72,39	4,2	273	149
3304	13	1	24,13	5,7	298	149
3305	13	0	30,16	2,0	298	149
3306	3	0	11,10	2,0	212	149
3307	187	1	133,24	1,0	298	149
3308	14	70	5,4	64,14	208	149
3309	106	0	109,185	2,0	298	149
3311	6	0	5,1	0,2	152	149
3315	290	2	163,90	3,0	196	149
3316	69	0	25,20	2,0	196	149
3317	250	13	142,79	7,3	194	149
3318	342	0	339,238	2,0	298	149
3319	2	8	2,0	0,0	167	149
3320	190	4	235,91	5,2	194	149
3325	21	6	37,16	12,2	201	149
3326	3	3	9,11	7,12	298	149
3328	205	4	238,97	8,2	298	149
3329	6	84	5,3	155,140	165	149
3330	55	1	43,16	0,0	298	149
3331	54	2	42,14	19,6	298	149
3332	117	46	92,87	81,62	298	149
3333	162	1	217,155	4,13	209	149
3336	5	177	9,4	76,42	181	149
3338	9	134	1,5	112,92	151	149
3342	0	1	2,0	2,0	152	149
3343	19	2	18,1	0,0	298	149
3345	1	4	0,2	10,4	152	149
3346	4	0	6,0	3,0	205	149
3347	9	0	23,18	2,0	151	149
3353	5	11	4,2	4,2	152	149
3354	31	4	24,27	4,0	152	149
3356	5	159	0,0	102,102	173	149
3357	106	1	43,33	0,0	298	149
3358	119	18	48,24	3,4	298	149
3359	95	2	39,25	0,1	156	149
3360	8	2	5,11	0,1	180	149
3361	4	91	3,2	37,16	173	149
3362	113	5	35,22	1,0	298	149
3363	410	6	133,150	5,2	298	149
3368	13	126	19,17	196,105	161	149
3369	8	54	7,2	34,14	298	149
3372	1	23	12,8	19,22	233	149
3379	2	6	5,5	0,4	237	149
3380	4	43	1,4	61,59	160	149
3382	257	1142	72,150	233,270	164	149
3383	91	2	23,84	3,8	164	149
3384	2333	2	422,659	3,8	298	149
3385	2303	57	409,614	10,39	298	149
3386	2188	8	523,891	2,0	185	149
3390	96	111	16,7	22,9	152	149
3392	3	7	3,2	13,10	180	149
3393	7	17	12,28	16,12	218	149
3394	26	3	13,1	0,0	153	149
3395	1	23	7,9	23,31	191	149
3396	56	5	78,41	6,2	152	149
3398	15	13	32,39	21,9	167	149
3400	2	2	9,0	2,2	298	149
3401	2	3	5,2	2,0	179	149
3406	4	197	2,3	91,77	215	149
3407	503	14	317,193	2,7	158	149
3412	4	0	42,123	6,9	270	149
3415	7	413	4,1	712,523	188	149
3416	182	32	106,66	3,6	180	149
3418	424	0	211,121	6,0	298	149
3419	10	538	10,7	340,310	179	149
3420	244	7	160,129	12,5	241	149
3421	772	7	490,432	12,5	211	149
3422	429	1	314,300	2,0	159	149
3424	1	144	0,2	58,45	298	149
3430	2	16	7,1	22,18	167	149
3432	20	5	43,23	15,4	152	149
3433	33	4	15,17	1,3	152	149
3452	19	38	17,29	30,36	173	149
3453	4	0	11,3	2,0	155	149
3460	0	3	0,1	3,0	169	149
3462	5	365	7,1	124,42	171	149
3464	49	2	25,22	0,0	232	149
3466	19	0	36,38	2,0	237	149
3467	63	10	99,58	3,4	237	149
3472	25	154	6,5	69,37	207	149
3476	28	17	33,24	27,4	240	149
3477	24	2	25,22	4,2	240	149
3478	0	67	3,8	80,45	184	149
3482	301	2	148,120	0,0	298	149
3486	22	2	183,115	16,0	298	149
3487	2	20	21,9	84,55	173	149
3488	343	2	1017,426	2,2	171	149
3489	18	2	123,69	6,2	209	149
3490	505	4	1164,464	9,6	213	149
3491	211	4	578,240	9,6	273	149
3492	18	312	127,72	699,289	209	149
3493	33	331	88,48	1229,485	180	149
3497	1	2	1,2	0,0	298	149
3500	328	2	120,128	0,0	153	149
3501	7	39	1,1	11,9	174	149
3502	0	2	1,0	2,0	298	149
3503	13	73	15,17	188,132	298	149
3507	3	4	8,14	4,2	298	149
3510	0	2	2,0	5,6	164	149
3513	19	28	31,30	44,17	155	149
3514	22	0	83,72	1,0	272	149
3522	84	126	31,4	78,6	164	149
3525	60	65	113,57	239,152	180	149
3528	16	0	26,10	0,1	152	149
3529	1	22	10,1	32,19	177	149
3531	717	6	1045,671	4,0	298	149
3535	37	0	36,19	2,0	152	149
3536	81	2	113,70	2,0	224	149
3545	17	0	66,62	2,0	298	149
3553	3	58	5,0	57,35	198	149
3556	4	2	8,10	2,0	152	149
3557	0	11	1,3	34,31	169	149
3565	37	2	79,64	2,1	152	149
3571	0	3	6,10	2,0	298	149
3572	0	3	6,4	2,0	220	149
3577	27	0	32,36	2,4	283	149
3578	0	4	0,3	0,0	298	149
3580	12	2	6,6	1,0	152	149
3582	5	47	0,1	25,16	170	149
3583	12	0	14,12	2,4	164	149
3589	8	0	2,9	2,0	152	149
3591	4	7	0,0	6,18	185	149
3594	59	4	32,29	0,0	168	149
3595	40	285	19,4	9,6	208	149
3596	1	94	4,0	35,30	165	149
3598	29	6	19,7	10,0	152	149
3599	3	20	9,3	52,23	274	149
3604	12	1	27,34	0,10	298	149
3615	2	9	2,0	7,10	269	149
3617	7	0	7,2	4,0	211	149
3618	3	0	14,8	4,0	226	149
3619	0	4	7,6	0,0	164	149
3621	4	2	2,0	2,4	152	149
3623	2	4	0,0	4,7	294	149
3627	86	3	117,62	11,9	152	149
3629	38	11	46,16	4,0	298	149
3631	58	1	65,13	1,0	151	149
3632	7	0	11,2	2,0	151	149
3633	7	0	9,2	2,0	151	149
3634	34	0	34,2	2,2	151	149
3638	5	1	10,23	2,0	152	149
3642	71	117	20,11	58,17	152	149
3643	25	567	15,23	350,236	165	149
3644	4759	2	33,28	0,0	298	149
3653	9	5	16,1	4,0	152	149
3664	14	0	10,11	1,0	179	149
3669	2	57	4,0	59,57	180	149
3672	0	17	2,4	25,26	182	149
3677	1	1	13,0	7,0	170	149
3678	3	0	7,0	6,4	170	149
3680	18	6	20,12	5,0	218	149
3685	1	20	1,2	175,145	165	149
3697	2	2	9,0	0,0	152	149
3698	8	4	27,5	6,2	152	149
3701	1	15	0,0	8,9	173	149
3704	21	14	58,37	44,41	152	149
3705	89	129	23,10	104,37	216	149
3706	42	6	42,11	3,2	152	149
3707	44	4	14,14	0,0	298	149
3714	4	20	2,3	22,34	179	149
3732	8	4	2,1	1,6	195	149
3736	1	88	0,0	69,25	170	149
3737	152	36	416,217	70,54	218	149
3738	28	2	85,40	0,1	153	149
3739	206	0	124,87	1,0	153	149
3741	35	2	43,44	2,4	174	149
3744	0	2	5,0	0,0	298	149
3745	1	0	53,33	4,3	298	149
3754	20	7	46,38	20,22	188	149
3755	17	15	18,25	7,22	170	149
3757	187	2	94,26	0,0	191	149
3759	1	10	0,1	16,1	158	149
3760	2	0	10,10	2,0	153	149
3763	50	105	43,20	8,4	298	149
3768	90	0	108,156	0,2	182	149
3769	23	0	30,7	3,8	180	149
3770	16	29	10,6	39,31	161	149
3771	43	8	22,14	6,7	152	149
3772	30	24	28,8	31,22	152	149
3776	342	3	134,110	0,0	153	149
3779	303	2	94,71	4,0	298	149
3780	483	4	169,103	0,0	221	149
3791	51	1	64,29	2,5	256	149
3792	98	1	98,51	2,5	259	149
3793	51	4	48,27	14,5	152	149
3794	2	22	3,2	57,32	178	149
3799	43	438	28,68	337,467	152	149
3801	79	1	113,60	2,0	298	149
3802	46	49	81,46	92,77	298	149
3803	58	3	34,38	11,2	152	149
3804	3	16	0,0	8,4	188	149
3807	4	12	4,3	12,6	186	149
3813	3	1	2,0	2,0	177	149
3814	5	26	6,0	32,31	177	149
3815	2	2	3,2	6,2	176	149
3816	15	5	13,2	3,0	152	149
3817	207	8	84,48	2,3	203	149
3825	0	2	0,4	0,4	194	149
3828	2	26	1,2	42,27	298	149
3829	0	25	12,3	40,20	193	149
3831	12	40	20,2	21,10	187	149
3834	2	0	16,27	4,20	194	149
3835	12	165	24,13	136,37	298	149
3841	88	227	22,25	70,75	152	149
3842	8	227	3,4	70,75	155	149
3843	6	86	1,4	20,25	152	149
3844	220	6	90,62	6,3	179	149
3846	31	1	12,9	0,0	214	149
3853	1	17	2,0	18,9	185	149
3854	0	1	6,0	7,9	229	149
3870	40	2	72,16	2,0	152	149
3871	21	1	54,14	0,0	153	149
3875	4	20	0,0	4,0	175	149
3876	2558	5	120,59	1,0	179	149
3885	5	7	6,11	9,7	152	149
3886	53	0	107,47	0,2	200	149
3887	27	25	32,10	17,12	152	149
3889	60	0	136,108	2,2	298	149
3894	417	15716	60,117	3229,3259	188	149
3895	724	1	142,162	1,4	170	149
3897	97	14	106,52	11,0	270	149
3898	80	21	112,50	10,12	263	149
3899	55	2	84,37	2,0	263	149
3900	20	53	26,23	33,46	275	149
3906	88	0	49,51	2,0	298	149
3917	2	2	2,0	2,0	215	149
3919	26	2	16,8	2,2	215	149
3921	2	2	3,2	0,0	298	149
3925	7	52	1,2	55,56	152	149
3929	0	81	0,1	89,76	176	149
3937	0	64	2,2	91,90	208	149
3939	0	3	4,0	3,4	170	149
3940	53	3	63,45	1,0	298	149
3941	3	5	0,0	6,2	150	149
3943	0	7	0,1	0,7	179	149
3954	2	4	0,0	7,4	171	149
3956	6	1	34,7	7,0	298	149
3957	7	1	0,3	2,0	298	149
3959	3	143	0,3	195,155	173	149
3962	0	1	0,2	0,4	293	149
3964	717	2	286,137	0,0	298	149
3965	1	46	1,2	31,18	173	149
3978	2	93	2,3	2,4	229	149
3979	240	3	20,20	0,0	298	149
3980	18	8	3,0	5,2	152	149
3984	2	0	2,0	6,0	262	149
3994	2	2	2,3	10,0	152	149
3996	17	9	16,9	4,4	298	149
3997	0	3	0,5	5,5	181	149
4002	14	20	1,0	3,0	224	149
4003	0	7	1,2	1,5	278	149
4004	22	2	25,14	3,4	201	149
4005	0	14	4,0	20,18	178	149
4006	1	9	8,0	17,18	200	149
4008	2	0	4,4	6,2	155	149
4012	1	6	0,0	2,14	173	149
4014	0	3	1,4	0,3	152	149
4018	1	28	1,0	16,33	194	149
4021	18205	0	14852,11482	2,0	298	149
4022	18789	2	15078,11611	0,0	158	149
4027	2	53	1,2	78,31	165	149
4031	1	14	4,0	2,3	168	149
4040	15	0	9,5	2,0	232	149
4048	31	311	21,12	159,91	291	149
4049	6	0	0,5	0,2	152	149
4053	6	351	3,7	439,235	174	149
4057	3	12	4,0	15,17	181	149
4062	2	0	0,0	1,5	258	149
4066	2	6	0,0	0,6	298	149
4070	103	0	65,65	4,0	224	149
4071	67	7	72,32	21,2	152	149
4075	0	7	0,1	10,6	218	149
4078	54	0	74,87	2,0	298	149
4082	63	1	4,15	0,2	160	149
4084	1	22	0,0	0,4	176	149
4088	4	4	1,5	6,7	208	149
4089	6	1	19,15	0,0	265	149
4090	23	0	116,47	1,0	221	149
4091	70	1	159,58	0,0	214	149
4096	8	453	3,3	271,181	181	149
4097	699	0	297,255	1,1	286	149
4098	1144	0	567,435	1,1	254	149
4104	26	14	49,19	15,20	298	149
4105	0	23	3,5	68,62	166	149
4106	2	47	3,4	88,43	177	149
4113	10	22	0,0	8,4	152	149
4118	0	2	2,2	9,10	171	149
4119	0	2	4,6	9,10	206	149
4121	0	10	3,0	7,12	275	149
4122	4	0	6,5	2,0	155	149
4123	69	2	101,110	0,0	161	149
4125	7	0	0,2	5,2	175	149
4128	4	126	3,4	58,38	152	149
4129	1	2	3,0	0,0	152	149
4130	15	0	22,8	2,0	179	149
4139	0	13	0,1	2,0	150	149
4142	0	2	2,1	0,2	152	149
4153	0	10	0,2	4,2	152	149
4167	78	4	85,39	0,2	153	149
4168	69	2	59,32	2,0	160	149
4170	30	7	22,17	0,0	298	149
4173	422	1	35,48	0,0	298	149
4174	405	7	45,31	0,0	244	149
4176	63	1055	24,26	480,353	190	149
4177	5	1	0,2	0,0	152	149
4178	7	104	6,5	101,43	171	149
4181	10	0	24,11	15,1	152	149
4183	15	6	45,32	16,20	209	149
4190	300	0	272,103	4,0	298	149
4191	13	145	4,2	80,50	174	149
4193	21	38	16,8	38,24	152	149
4194	0	8	0,3	12,10	152	149
4195	4	2	2,2	2,6	298	149
4197	87	3	138,40	2,0	263	149
4198	52	0	99,34	7,1	151	149
4202	60	0	70,57	2,0	153	149
4203	131	3	127,83	1,0	298	149
4204	92	1	71,40	0,0	242	149
4207	18	1	18,7	0,0	159	149
4208	0	148	5,1	243,212	163	149
4214	0	2	4,4	0,0	298	149
4216	0	2	4,6	0,0	298	149
4221	12	8	22,14	8,10	152	149
4222	51	5	41,14	0,0	153	149
4223	2	20	2,2	73,86	165	149
4226	2	0	4,5	0,2	158	149
4227	70	0	80,55	2,0	156	149
4228	102	2	113,57	0,0	167	149
4229	1	10	3,0	9,6	298	149
4234	8	117	7,6	31,23	298	149
4236	6	61	7,3	84,41	168	149
4266	9	0	17,36	2,4	298	149
4268	94	18	150,38	33,2	197	149
4269	6	2	9,2	6,4	166	149
4272	7	2546	3,1	1732,1097	166	149
4274	2	0	0,0	0,2	298	149
4276	76	4	112,114	7,0	239	149
4278	27	7	23,27	9,8	152	149
4292	2	0	0,0	0,6	188	149
4294	7	0	81,28	29,21	191	149
4297	0	30	2,0	5,17	220	149
4298	1	0	0,2	2,0	298	149
4299	2	0	2,0	0,6	167	149
4303	1	42	2,0	44,68	185	149
4304	3	131	4,2	98,57	173	149
4306	68	3	54,44	0,2	163	149
4307	87	3	78,49	6,3	153	149
4308	37	0	30,21	1,0	170	149
4310	71	6	44,60	6,1	184	149
4311	4	4	6,6	2,0	298	149
4312	71	9	43,23	0,0	298	149
4314	0	69	0,2	88,10	173	149
4315	6	0	7,19	1,0	199	149
4322	724	17	2239,789	34,8	186	149
4324	48	5	40,34	1,0	226	149
4325	39	0	31,18	2,0	298	149
4326	7	0	5,0	2,0	298	149
4327	22	5	18,10	7,12	152	149
4329	6	2	2,4	4,0	152	149
4330	67	1	30,25	2,0	153	149
4336	2	40	4,4	17,16	298	149
4338	80	0	31,5	0,2	215	149
4339	182	2	204,97	0,0	231	149
4357	4	2	12,10	2,0	184	149
4360	2	21	1,0	31,12	182	149
4362	10	5	6,8	4,2	227	149
4363	17	1	22,12	0,0	209	149
4366	0	4	1,0	1,0	172	149
4369	1	10	2,2	25,4	298	149
4370	1	0	29,12	1,0	191	149
4371	1	3	6,0	7,7	152	149
4372	4	0	3,4	1,0	152	149
4374	2	2	3,2	2,0	152	149
4389	8	322	12,13	79,67	298	149
4402	2	2	2,1	3,4	164	149
4406	17	0	13,5	2,0	295	149
4409	2	41	0,0	24,36	167	149
4410	8	3	6,0	13,6	232	149
4412	8	0	8,3	3,0	298	149
4413	23	1	18,8	4,4	152	149
4425	97	13	4,2	1,2	152	149
4432	2	16	5,6	16,20	200	149
4434	0	34	0,1	39,31	166	149
4436	0	5	2,0	7,6	164	149
4437	9	4	5,1	4,5	152	149
4441	0	5	8,4	6,4	172	149
4442	0	3	4,6	15,10	152	149
4443	2	27	2,2	34,21	154	149
4448	2	5	8,0	13,2	232	149
4457	2	9	4,3	8,10	185	149
4459	0	2	8,1	47,27	190	149
4465	3	673	7,8	528,521	170	149
4471	11	2	29,12	0,2	298	149
4478	2	0	3,0	2,0	182	149
4485	2	16	5,0	28,10	204	149
4491	8	16	24,0	20,6	169	149
4492	16	4	29,36	2,10	173	149
4493	23	0	53,12	0,2	152	149
4500	0	15	4,0	17,10	298	149
4502	13	7	78,88	26,29	152	149
4508	7	41	18,16	20,16	238	149
4510	177	0	246,68	2,0	248	149
4520	2	22	8,1	19,24	175	149
4523	2	9	0,0	12,4	152	149
4524	12	0	10,11	0,2	236	149
4527	4	0	5,1	2,0	191	149
4531	0	7	1,0	3,0	202	149
4532	12	0	14,3	2,0	298	149
4533	59	0	70,100	1,0	153	149
4535	14	7	22,21	10,17	152	149
4537	15	2	10,9	4,10	152	149
4538	1	1	1,0	2,0	158	149
4540	4	5	2,7	8,8	152	149
4548	778	6	902,589	11,4	258	149
4549	790	888	909,593	450,358	258	149
4550	924	888	1063,667	450,358	298	149
4551	924	888	1062,667	450,358	298	149
4552	620	12	744,466	9,4	298	149
4553	620	12	743,466	9,4	298	149
4554	475	0	472,427	1,0	298	149
4555	14	94	6,14	71,66	187	149
4556	10	286	8,3	239,65	206	149
4557	266	22	264,83	26,2	152	149
4559	16	2	12,7	0,2	152	149
4562	0	1	1,0	4,1	168	149
4563	9	19	4,0	9,0	167	149
4565	8	0	10,3	2,2	152	149
4574	0	28	1,0	24,11	173	149
4575	22	0	8,14	2,2	230	149
4584	2	729	3,4	270,174	164	149
4588	0	25	2,0	7,13	203	149
4592	514	8	268,115	5,1	154	149
4598	0	2	0,1	4,0	170	149
4600	5	2	13,0	0,0	176	149
4602	77	12	30,9	4,0	168	149
4603	16	1	20,19	0,2	206	149
4604	60	14	89,48	14,10	155	149
4605	10	47	0,1	122,116	154	149
4606	2	18	1,5	8,9	211	149
4613	0	2	2,1	8,4	213	149
4614	58	14	71,41	15,15	152	149
4615	7	3	7,2	4,6	222	149
4616	15	0	13,11	0,1	298	149
4617	18	0	17,17	0,1	298	149
4618	2	22	21,0	12,22	298	149
4626	2	0	24,17	4,9	155	149
4629	210	6	177,54	12,2	276	149
4639	5	0	3,0	3,0	298	149
4655	1	11	2,9	14,15	266	149
4662	0	16	2,0	7,4	191	149
4663	14	6	35,20	5,6	152	149
4668	43	4	65,36	0,0	298	149
4670	12	2	15,18	1,3	173	149
4671	11	2	15,10	1,3	168	149
4673	26	5	18,13	14,6	177	149
4674	1	3	0,0	2,1	162	149
4678	41	24	60,27	29,20	209	149
4679	40	2	60,19	3,0	153	149
4680	4	54	3,1	36,27	167	149
4683	4	2	22,13	3,0	154	149
4684	4	31	16,7	23,22	170	149
4686	0	7	4,4	11,22	284	149
4688	0	2	4,6	8,4	229	149
4692	28	33	20,5	19,28	185	149
4697	4	10	0,2	2,0	230	149
4702	0	37	2,4	49,48	168	149
4716	30	4	9,1	2,2	152	149
4718	0	91	2,0	73,61	167	149
4719	0	19	5,0	35,75	219	149
4722	6	0	15,7	0,2	152	149
4727	0	23	3,4	16,14	165	149
4739	401	5	31,20	0,0	197	149
4741	10	4	13,19	3,5	239	149
4745	163	1	97,59	0,0	170	149
4748	11	7	4,1	5,0	186	149
4750	7	36	7,0	64,36	188	149
4761	17	3	20,8	8,0	152	149
4770	0	2	8,1	6,2	182	149
4771	23	2	34,39	0,6	204	149
4773	2	0	2,0	0,1	152	149
4783	3	69	4,0	33,25	298	149
4784	1	69	1,0	33,25	205	149
4794	9	0	8,16	2,0	211	149
4800	26	31	33,11	48,17	152	149
4801	4	0	12,18	4,0	199	149
4802	257	2	466,178	0,0	249	149
4812	5	336	27,29	270,656	298	149
4813	3	1	9,8	2,0	192	149
4815	2	109	0,0	195,224	298	149
4818	19	20	11,8	28,16	255	149
4823	0	28	5,0	54,26	166	149
4826	198	2	280,93	6,6	298	149
4827	1	92	2,0	139,121	169	149
4830	0	10	1,3	43,42	244	149
4831	0	2	5,7	2,0	261	149
4832	10	2	47,46	2,0	166	149
4833	235	2	153,70	0,0	153	149
4837	5	12	0,0	3,2	167	149
4841	133	2	60,34	2,6	298	149
4842	133	2	60,34	2,6	298	149
4843	5	115	9,3	59,18	298	149
4844	0	16	0,1	8,14	152	149
4845	31	9	69,21	26,7	197	149
4848	1	35	1,4	40,49	183	149
4853	15	0	0,4	2,0	153	149
4855	9	13	26,19	45,16	155	149
4856	47	8	92,88	2,2	298	149
4862	33	5	46,23	10,6	152	149
4868	2	6	4,4	7,31	298	149
4869	0	6	0,2	7,31	206	149
4870	48	8	126,110	5,6	152	149
4871	0	34	2,0	89,62	167	149
4872	16	0	51,29	3,3	152	149
4874	165	1247	151,86	576,319	165	149
4879	3	56	4,3	31,36	193	149
4880	30	54	23,8	29,13	152	149
4881	0	8	1,0	58,27	155	149
4884	299	2	210,135	6,0	167	149
4885	5	2	2,8	3,0	152	149
4886	500	2	386,248	3,0	281	149
4887	500	4	385,240	1,0	278	149
4888	1	177	5,4	115,139	298	149
4890	0	9	1,2	6,20	163	149
4891	3	5	4,2	1,4	188	149
4895	62	78	25,23	23,24	206	149
4896	38	42	63,24	53,26	279	149
4898	0	7	6,0	5,3	152	149
4903	5	4	6,10	7,3	152	149
4907	2	0	2,6	2,0	191	149
4908	25	32	12,15	42,22	152	149
4911	11	2	18,0	2,2	152	149
4915	19	2	48,19	4,0	152	149
4920	63	25	103,57	11,22	152	149
4921	63	2	109,70	6,3	185	149
4922	48	0	114,61	4,0	152	149
4933	6498	5	3035,2655	0,0	207	149
4940	0	7	0,1	24,12	167	149
4947	0	15	5,2	11,16	225	149
4948	39	0	32,32	4,0	188	149
4949	5	2	3,4	0,0	152	149
4950	4	0	7,6	2,0	195	149
4952	53	0	29,29	2,0	201	149
4953	245	4	144,109	5,0	201	149
4954	249	1	145,112	0,0	204	149
4955	8	1	6,3	0,0	152	149
4956	10	0	29,29	0,2	152	149
4966	54	1	25,26	2,0	192	149
4967	15	0	8,4	2,4	192	149
4969	12	1	10,8	0,0	298	149
4970	5	6	3,4	3,6	262	149
4975	8	16	5,1	5,6	152	149
4990	32	24	26,22	17,12	152	149
4997	10	45	5,0	26,18	152	149
5001	0	2	0,1	2,0	298	149
5002	0	2	0,1	2,0	298	149
5015	4696	67	2504,1727	35,20	206	149
5020	5	4	6,1	2,1	206	149
5021	5	1	8,1	0,4	206	149
5023	13	2	2,2	0,0	241	149
5025	2	19	2,2	36,11	165	149
5034	5	18	1,2	11,21	260	149
5038	1	51	4,6	18,35	217	149
5039	0	1	0,2	8,11	178	149
5040	4	0	14,8	1,2	276	149
5041	7	2	14,8	5,4	276	149
5042	5	17	1,0	5,2	169	149
5043	22	3	60,35	1,5	194	149
5045	5	0	14,5	2,0	210	149
5049	16	1	13,20	0,0	224	149
5056	2	7	5,4	22,7	167	149
5062	2	0	0,6	0,2	182	149
5064	8	60	3,6	28,16	165	149
5068	0	2	0,2	13,12	233	149
5073	4	1	0,1	2,2	152	149
5078	49	2	49,24	0,4	272	149
5088	3	0	9,12	0,2	165	149
5093	12	7	35,21	22,12	152	149
5095	3	7	9,8	14,1	152	149
5099	2	2	0,1	0,0	168	149
5100	16	8	38,37	6,0	205	149
5101	24	3	25,7	12,9	152	149
5103	93	2	159,148	4,3	298	149
5104	105	35	152,143	55,8	298	149
5109	1	40	5,7	103,59	170	149
5110	4	0	28,24	0,2	154	149
5113	16	7	17,9	4,0	152	149
5114	8	0	11,6	1,2	152	149
5118	0	10	2,2	17,2	155	149
5119	4	13	1,12	22,12	152	149
5120	31	4	14,15	5,2	164	149
5121	148	2	114,126	0,0	155	149
5131	0	2	6,4	0,0	298	149
5132	0	3	0,2	2,0	207	149
5133	6264	2	3273,4196	0,4	298	149
5135	111	0	57,36	0,2	181	149
5138	33	8	28,10	32,13	264	149
5141	33	0	30,10	2,0	264	149
5142	54	0	55,20	2,0	298	149
5143	24	0	30,10	2,0	298	149
5144	21	5	30,10	17,8	154	149
5145	4	31	12,7	83,29	224	149
5146	76	0	34,26	0,1	181	149
5150	4	30	0,1	30,34	203	149
5151	0	54	0,1	70,23	168	149
5155	4	2	3,3	0,0	298	149
5156	19	111	17,12	35,26	285	149
5157	109	0	173,82	3,2	191	149
5158	47	0	99,31	2,0	191	149
5161	1	299	3,1	300,131	164	149
5169	5	33	8,7	29,16	238	149
5172	16	11	2,0	0,0	164	149
5175	3	30	11,0	9,6	298	149
5178	0	2	0,2	6,11	164	149
5186	0	2	5,0	4,4	169	149
5191	12	2	5,3	5,8	152	149
5199	16	0	5,12	5,0	180	149
5201	22	266	74,7	292,141	298	149
5203	0	6	4,4	19,9	265	149
5206	11	0	10,7	2,1	200	149
5208	83	3	4,2	0,0	215	149
5213	0	6	8,0	8,4	207	149
5216	4	19	1,2	2,4	192	149
5219	1	18	0,2	9,0	214	149
5220	1	18	0,0	9,0	174	149
5226	6	125	7,2	91,15	219	149
5227	6	125	4,2	91,15	196	149
5228	54	4	837,1781	4,18	189	149
5229	5	60	0,13	59,33	284	149
5231	13	2	15,9	0,0	152	149
5233	49	0	38,87	10,7	197	149
5234	17	14	15,8	7,15	152	149
5235	2	29	4,0	42,50	174	149
5237	2	42	0,4	32,36	168	149
5238	45	24	31,30	12,8	214	149
5239	85	24	63,62	12,8	195	149
5242	101	19	121,96	53,36	152	149
5244	77	0	2,126	0,2	298	149
5248	8	13	13,8	12,18	298	149
5250	0	2	2,0	8,2	175	149
5252	5	1	4,4	0,0	175	149
5258	33	26	44,31	42,32	181	149
5259	14	0	8,4	0,2	176	149
5274	12	38	11,13	32,19	298	149
5278	73	3	115,48	6,2	298	149
5294	3	13	0,4	8,6	298	149
5301	16	3	11,36	0,7	152	149
5305	1	0	4,1	0,1	155	149
5339	1	11	6,2	23,3	184	149
5340	6	2	7,6	3,0	152	149
5341	14	0	5,2	0,2	186	149
5349	34	0	16,7	4,2	298	149
5364	48	4	97,105	2,0	207	149
5371	2	2	4,4	0,0	161	149
5375	0	3	4,2	10,7	200	149
5384	58	0	32,55	1,1	260	149
5385	2	30	2,0	9,24	171	149
5388	4	3	2,3	0,4	257	149
5390	93	0	54,40	2,0	201	149
5394	13	1357	6,8	784,742	298	149
5395	42	2	21,12	12,5	152	149
5396	2	21	1,3	19,8	164	149
5397	2	30	0,0	16,7	171	149
5398	35	2	29,15	0,0	169	149
5400	6	4	5,8	0,0	152	149
5407	0	4	2,4	5,15	209	149
5408	2	0	13,15	1,0	153	149
5410	0	2	0,1	13,13	163	149
5414	3	3	4,3	4,4	152	149
5416	0	4	2,2	8,4	152	149
5417	2	2	0,2	0,0	152	149
5418	3	1	1,0	0,6	152	149
5420	3	0	1,0	8,0	166	149
5423	14	0	16,5	1,0	154	149
5426	210	2	260,261	0,0	235	149
5427	6	90	1,4	103,104	192	149
5433	216	72	51,14	18,0	152	149
5435	39	0	33,49	2,0	258	149
5436	6	8	6,9	10,15	152	149
5437	0	2	2,1	2,0	152	149
5438	2	21	3,10	41,16	235	149
5439	24	0	23,7	3,0	181	149
5440	63	0	54,20	0,2	152	149
5445	0	12	2,0	0,0	235	149
5446	11	161	11,9	121,33	164	149
5447	9	0	9,5	2,0	164	149
5450	0	6	0,2	8,4	298	149
5457	127	0	74,43	4,0	193	149
5460	1	138	1,0	247,125	150	149
5473	6	0	0,0	0,3	213	149
5474	6	0	0,0	0,3	216	149
5475	6	0	0,0	0,3	246	149
5476	6	0	0,0	0,3	255	149
5484	26	6	24,23	2,2	152	149
5485	27	15	9,7	17,16	152	149
5488	26	2	20,16	2,0	200	149
5490	13	73	6,2	57,23	193	149
5491	35	73	35,10	57,23	224	149
5493	23	0	33,43	2,0	249	149
5504	4	23	2,2	26,23	164	149
5513	108	4	160,88	5,4	298	149
5517	2	0	0,0	8,12	172	149
5521	31	0	41,28	4,0	232	149
5522	84	0	198,134	0,2	201	149
5533	25	35	16,18	19,23	187	149
5534	167	35	114,111	19,23	199	149
5535	142	0	98,94	0,1	161	149
5536	179	0	184,246	0,1	170	149
5537	10	317	9,8	202,249	164	149
5539	13	2	2,7	0,2	152	149
5540	26	2	12,17	0,2	171	149
5541	22	9	12,15	2,5	168	149
5553	147	2	94,68	0,0	177	149
5554	144	4	69,29	0,4	156	149
5556	11	10	12,1	0,0	174	149
5557	0	6	2,0	4,4	160	149
5558	3	34	14,17	50,41	298	149
5559	2	3	0,1	8,19	158	149
5561	4	2	2,1	0,0	152	149
5564	31	24	29,10	30,21	193	149
5567	1	14	0,0	6,10	172	149
5568	24	1	17,22	2,0	185	149
5569	35	0	29,49	0,6	258	149
5570	12	0	16,27	0,6	222	149
5571	2	0	2,16	2,1	152	149
5573	56	0	29,10	0,2	192	149
5574	1	83	3,5	41,28	208	149
5578	14	1	20,12	2,2	153	149
5581	32	1	31,15	0,0	298	149
5582	2	158	22,7	196,140	173	149
5583	0	17	0,1	48,27	176	149
5585	0	4	4,0	9,6	298	149
5593	3	22	1,0	11,8	298	149
5596	4	0	1,2	0,2	152	149
5597	8	1	2,11	2,2	152	149
5598	48	18	50,27	19,11	152	149
5599	4	48	8,4	103,89	190	149
5600	95	0	142,74	10,0	237	149
5601	0	50	4,1	53,48	169	149
5602	185	42	152,98	46,30	152	149
5605	18	0	57,96	0,3	152	149
5607	17	5	3,4	1,1	195	149
5608	1	55	0,2	46,32	254	149
5612	1	6	1,4	47,13	179	149
5617	218	11	147,205	10,7	178	149
5618	0	13	2,4	29,45	230	149
5619	0	13	2,6	29,45	252	149
5625	3	9	4,2	7,8	161	149
5626	4	9	0,4	7,8	164	149
5627	4	3	0,4	4,2	152	149
5640	217	0	409,307	0,1	219	149
5644	12	2	15,2	2,0	152	149
5645	23	0	8,4	0,2	152	149
5646	7	5	7,0	0,0	152	149
5650	7	0	8,7	2,0	202	149
5652	0	26	9,6	30,8	152	149
5662	7	0	43,39	0,2	271	149
5663	1	3	19,22	12,17	174	149
5664	1	0	10,8	0,2	174	149
5665	1	0	14,8	0,4	174	149
5680	0	35	0,2	48,33	170	149
5681	34	6	11,9	6,2	153	149
5682	27	0	17,11	1,0	152	149
5683	2	14	0,8	20,17	298	149
5689	0	18	5,0	29,29	168	149
5690	65	0	71,56	0,1	298	149
5693	7	0	0,4	2,0	298	149
5694	1	4	22,12	6,5	298	149
5696	15	0	29,27	1,0	152	149
5697	1	0	8,0	1,0	156	149
5698	0	14	7,0	28,27	153	149
5699	20	2	47,37	0,0	155	149
5703	0	10	2,0	21,11	173	149
5707	46	16	34,12	16,4	152	149
5727	10	34	21,14	23,12	152	149
5728	5	16	6,2	10,11	189	149
5731	3	0	7,1	1,0	152	149
5732	318	0	245,142	0,3	283	149
5733	195	0	152,53	1,0	152	149
5735	21	98	8,5	67,45	202	149
5736	10	16	4,1	10,6	152	149
5739	4	9	6,2	6,3	167	149
5742	826	6	0,4	0,0	298	149
5743	0	4	0,4	0,0	152	149
5748	0	2	2,4	4,4	239	149
5749	123	24	70,29	15,29	152	149
5763	157	36	187,20	37,8	152	149
5764	160	0	266,188	0,4	298	149
5765	0	15	1,0	43,25	172	149
5781	2	0	0,6	12,6	298	149
5784	9	121	7,2	135,40	184	149
5785	2	4	1,4	8,0	298	149
5788	420	4	310,207	0,3	172	149
5789	235	12	123,78	4,0	154	149
5795	8	2	15,55	0,4	298	149
5796	4	30	2,2	6,10	170	149
5798	2	48	0,4	38,58	169	149
5799	2	1	0,4	2,0	173	149
5800	48	1	38,58	2,0	153	149
5802	1	49	4,2	39,58	238	149
5804	5	23	1,2	41,34	154	149
5805	11	23	15,6	41,34	298	149
5806	10	4	15,6	1,2	298	149
5807	0	29	4,2	39,24	159	149
5809	3	28	6,2	38,26	169	149
5818	0	6	2,0	8,4	298	149
5820	4	11	0,4	2,0	152	149
5823	13	9	72,28	101,25	224	149
5829	82	17	123,71	23,14	152	149
5830	40	2	61,32	0,0	180	149
5835	207	4139	33,26	528,474	179	149
5837	70	18	47,54	12,10	240	149
5838	0	6	0,2	5,11	183	149
5841	845	55	77,54	0,2	203	149
5844	2	1	4,6	2,0	200	149
5845	2	1	5,4	2,0	203	149
5846	2	2	2,2	1,4	152	149
5849	77	5	52,40	6,0	187	149
5850	2	83	12,11	32,26	170	149
5851	70	4	85,49	2,2	181	149
5852	73	4	77,62	0,0	178	149
5863	55	2	74,72	0,2	244	149
5865	28	7	2,6	33,12	298	149
5866	2	55	3,2	26,12	174	149
5870	0	27	2,0	45,28	169	149
5877	54	0	94,86	10,7	207	149
5878	66	1	80,78	2,0	154	149
5880	54	0	59,27	13,4	153	149
5882	64	0	92,62	2,0	251	149
5883	49	0	51,37	2,0	219	149
5884	39	0	31,24	4,0	298	149
5902	13	321	19,20	817,485	173	149
5906	0	10	4,0	42,11	185	149
5910	2158	6	821,675	6,2	183	149
5912	1	23	0,0	14,5	298	149
5913	7	11	5,8	17,10	210	149
5914	157	2	134,134	0,0	298	149
5915	0	157	2,0	134,134	168	149
5918	0	2	0,2	2,0	185	149
5926	23	83	24,22	56,57	298	149
5927	4	33	10,8	28,27	175	149
5930	31	20	25,25	15,2	164	149
5935	6	6	26,18	4,10	176	149
5936	12	0	38,32	3,0	154	149
5943	2	2	0,3	0,0	170	149
5944	2	0	0,3	1,0	170	149
5959	6	2	10,20	6,2	152	149
5960	122	1	71,45	2,0	298	149
5962	19	2	9,2	0,0	154	149
5965	2	3	0,0	1,0	169	149
5975	34	86	0,2	0,0	255	149
5980	0	18	10,7	61,56	152	149
5983	724	2	600,438	9,2	242	149
5984	2	3	2,12	4,4	176	149
5985	14	36	20,14	34,21	173	149
5998	20	41	5,6	59,45	298	149
5999	1	157	1,0	185,189	153	149
6000	8	19	5,0	46,27	188	149
6001	3	31	20,1	71,52	273	149
6005	20	6	9,1	5,4	298	149
6006	12	6	9,1	5,4	298	149
6009	35	6	39,13	7,24	152	149
6010	11	0	19,12	0,4	153	149
6012	0	8	0,1	24,12	202	149
6021	17	15	16,14	18,15	298	149
6022	6	20	11,5	14,2	192	149
6032	0	35	2,0	23,12	173	149
6033	11	26	18,8	34,31	152	149
6034	0	3	2,0	0,0	199	149
6044	5	8	3,8	3,2	152	149
6053	30	0	22,57	2,0	192	149
6057	15	49	34,15	55,32	214	149
6059	20	1	35,18	0,0	177	149
6062	1	6	0,0	5,4	185	149
6067	61	14	38,36	3,2	155	149
6070	2	2	0,0	2,0	233	149
6072	31	9	8,3	0,0	298	149
6078	67	4	148,65	4,0	153	149
6080	10	17	5,4	24,2	153	149
6085	0	11	1,1	20,19	178	149
6087	12	8	2,9	2,0	203	149
6088	2	0	6,0	0,3	152	149
6090	12	3	32,26	4,0	210	149
6091	0	1	2,2	2,2	152	149
6092	5	2	13,8	0,0	154	149
6093	1	2	3,9	0,0	166	149
6094	1	5	3,9	13,8	161	149
6095	1	2	4,0	5,0	169	149
6106	0	17	7,2	108,53	207	149
6107	1	3	4,1	7,3	225	149
6113	6	20	0,0	2,0	187	149
6116	2	10	10,0	14,8	170	149
6117	2	7	14,0	10,10	173	149
6118	10	7	18,8	10,10	152	149
6120	0	322	2,0	356,242	154	149
6122	0	7	3,4	2,2	227	149
6130	0	33	1,0	44,15	168	149
6131	35	2	61,23	0,0	152	149
6135	7	143	6,15	52,78	236	149
6142	11	9	12,10	29,18	209	149
6145	3	32	2,1	24,21	167	149
6146	73	2	39,47	2,0	183	149
6148	592	0	1147,1636	2,0	298	149
6157	405	1	536,275	2,4	151	149
6158	179	5	233,89	7,8	298	149
6166	68	0	41,23	1,0	158	149
6168	4354	1	3774,3418	4,0	156	149
6171	2	18	0,2	23,24	238	149
6173	162	0	154,96	0,4	238	149
6175	100	1	71,61	0,0	154	149
6176	2	124	3,2	81,82	173	149
6180	0	2	0,2	4,0	298	149
6182	0	6	0,1	2,4	226	149
6187	1	467	1,1	389,310	158	149
6188	0	19	1,0	35,47	177	149
6192	1	2	2,6	0,2	196	149
6193	75	16	125,70	24,34	161	149
6194	37	0	87,110	0,1	153	149
6200	3064	3	358,129	1,0	298	149
6201	373	9	61,42	2,1	167	149
6202	3571	2	440,282	0,0	288	149
6205	7	0	22,10	5,4	224	149
6214	2	2	3,5	0,0	152	149
6215	4	0	7,0	2,2	152	149
6217	82	2	79,40	2,2	152	149
6223	1	13	6,2	44,32	229	149
6224	18	0	30,18	2,2	152	149
6227	337	24	22,0	0,0	191	149
6228	160	0	130,52	1,0	213	149
6229	9	81	13,8	56,38	211	149
6230	72	0	101,77	5,2	158	149
6235	5	0	3,0	2,4	298	149
6238	2	0	0,1	4,2	152	149
6240	11	35	21,16	35,42	207	149
6243	0	48	5,5	55,58	224	149
6246	10	23	8,3	46,26	235	149
6248	434	1	227,211	0,0	298	149
6249	4	141	8,5	69,38	298	149
6250	27	45	10,11	17,12	178	149
6257	1	12	17,2	36,11	298	149
6260	61	10	82,37	9,17	173	149
6261	86	0	110,50	1,0	154	149
6262	2	2	10,6	8,4	199	149
6263	10	107	21,23	77,56	276	149
6264	10	107	19,23	77,56	226	149
6265	298	2	26,20	0,0	153	149
6292	13	25	15,16	22,10	167	149
6293	128	1	137,68	0,0	156	149
6294	209	0	278,142	1,0	151	149
6295	8	126	5,8	131,85	187	149
6297	42	13	85,59	28,17	152	149
6300	136	168	32,33	44,41	194	149
6301	100	65	19,16	15,18	167	149
6314	15	0	29,15	2,1	201	149
6315	2	0	3,0	0,2	298	149
6322	8	4	0,4	0,2	253	149
6326	14	3	21,11	8,2	218	149
6327	34	3	51,28	8,2	221	149
6328	22	2	30,17	0,0	152	149
6329	19	0	34,27	2,1	217	149
6330	38	0	37,36	2,1	220	149
6331	21	2	13,19	10,10	152	149
6332	57	5	86,20	8,0	152	149
6333	4	38	21,6	84,67	152	149
6347	3	27	21,6	63,35	205	149
6357	4	3	10,23	6,0	158	149
6359	249	4	103,63	0,7	212	149
6371	2	0	25,15	3,0	215	149
6373	11	0	32,18	0,1	199	149
6376	49	0	266,113	1,0	289	149
6387	0	2	2,0	0,0	167	149
6388	6	299	2,0	270,100	169	149
6389	19	2	37,27	3,0	197	149
6390	3	6	15,4	14,13	200	149
6402	1	36	2,0	35,7	169	149
6403	1	38	2,0	40,17	168	149
6407	1	37	1,3	21,29	168	149
6408	2	90	0,1	87,38	170	149
6409	0	2	4,5	12,17	294	149
6413	0	4	1,1	2,3	194	149
6420	2	30	1,0	45,19	164	149
6423	0	8	15,2	30,18	278	149
6426	7	0	30,21	1,0	184	149
6427	16	6	43,30	5,4	298	149
6428	0	12	2,0	31,20	173	149
6431	37	0	131,96	2,1	185	149
6437	2	0	4,20	2,0	154	149
6442	120	0	59,57	1,0	298	149
6443	0	11	5,0	17,17	172	149
6444	7	23	8,1	16,11	237	149
6446	1	10	0,5	19,13	151	149
6447	140	4	106,72	0,3	275	149
6448	158	2	121,102	1,0	298	149
6449	25	2	20,43	1,0	172	149
6459	7	25	1,5	12,10	174	149
6460	84	15	7,12	0,1	153	149
6461	491	4	35,9	0,0	199	149
6467	5	0	62,25	4,0	298	149
6470	2	4	0,0	0,2	275	149
6488	49	0	72,43	3,1	212	149
6490	6	113	24,8	89,42	298	149
6491	6	55	24,8	42,22	298	149
6492	2	93	4,1	80,48	172	149
6494	1	19	12,12	30,51	282	149
6495	10	50	29,8	136,95	298	149
6496	51	1	42,31	0,1	185	149
6498	2	2	2,13	4,10	170	149
6499	2	0	0,2	4,0	161	149
6500	8	0	40,20	4,0	220	149
6501	8	2	40,18	0,0	208	149
6503	0	5	10,2	11,3	244	149
6505	2	63	0,0	65,46	173	149
6506	4	101	5,3	114,53	225	149
6508	4	4	0,2	0,0	152	149
6509	4	9	4,5	4,6	152	149
6525	3	33	4,8	49,34	159	149
6526	19	48	31,19	51,45	152	149
6527	15	0	99,80	0,2	298	149
6535	43	6	36,37	10,4	155	149
6540	210	1	106,83	0,0	152	149
6546	0	10	0,1	6,4	164	149
6555	1	12	1,0	5,6	181	149
6559	31	9	40,16	5,3	164	149
6562	2	14	19,14	46,32	298	149
6563	4	2	28,15	6,3	231	149
6569	0	2	4,4	6,0	152	149
6575	12	3	29,22	10,14	152	149
6578	0	2	1,0	3,2	166	149
6588	13	2	9,19	3,0	175	149
6591	16	0	62,22	0,2	155	149
6592	2	14	0,0	4,4	161	149
6593	4	0	8,2	5,2	154	149
6595	63	8	625,408	82,7	186	149
6596	64	0	821,476	4,0	186	149
6602	0	4	2,6	3,8	284	149
6608	0	1	2,2	1,0	161	149
6609	31	6	16,4	19,6	178	149
6610	6	223	0,8	6,28	298	149
6616	26	7	57,37	3,2	203	149
6617	4	0	4,10	5,0	170	149
6620	2	37	1,0	18,10	169	149
6621	228	0	523,342	15,8	298	149
6630	14	176	12,10	223,445	182	149
6631	4	435	0,3	925,786	187	149
6635	6	30	7,6	17,16	182	149
6636	4	30	2,5	17,16	169	149
6643	0	84	1,3	76,53	167	149
6657	47	54	59,35	58,39	185	149
6659	6	59	3,0	57,36	157	149
6667	14	1	29,7	0,0	298	149
6668	3	0	3,5	0,1	298	149
6676	64	4	30,39	2,2	152	149
6677	39	2	26,15	0,0	153	149
6694	0	6	1,0	45,24	169	149
6695	8	0	4,4	2,0	152	149
6700	10	18	10,0	25,4	152	149
6703	9	0	12,7	4,0	290	149
6708	4	0	1,0	5,9	152	149
6715	5	1	4,6	2,0	298	149
6718	5	1	4,6	9,9	298	149
6725	63	2	87,60	0,0	153	149
6726	0	27	2,0	29,24	152	149
6727	0	6	2,2	3,4	197	149
6735	6	0	3,14	6,0	152	149
6743	35	33	101,57	62,13	152	149
6744	60	35	68,23	50,24	158	149
6745	89	1	216,143	0,0	205	149
6747	10	0	22,9	2,0	215	149
6748	20	0	38,19	0,2	251	149
6749	24	1	35,12	0,0	251	149
6751	12	3	1,4	0,3	152	149
6759	0	11	1,0	37,7	167	149
6763	0	8	2,0	34,10	177	149
6765	5	55	7,5	23,22	180	149
6766	115	0	107,82	0,1	298	149
6773	0	5	2,0	2,2	195	149
6778	15	0	10,16	2,2	190	149
6783	40	1	6,2	1,0	153	149
6791	2	4	0,0	0,2	164	149
6792	3	34	17,13	38,30	243	149
6793	52	11	46,42	18,12	167	149
6794	0	4	0,2	2,0	188	149
6802	7	1	12,10	5,4	203	149
6803	104	20	21,32	4,5	152	149
6810	56	2	17,32	0,0	298	149
6812	14	4	3,4	6,4	152	149
6813	32	0	16,8	4,2	298	149
6823	6	0	0,2	0,2	174	149
6824	5	268	5,6	228,284	170	149
6826	2	2	0,0	1,2	170	149
6827	0	7	3,2	38,10	298	149
6832	213	4	114,60	1,0	173	149
6833	87	1	59,27	0,0	298	149
6834	172	2	105,67	0,0	298	149
6840	31	9	20,10	10,6	152	149
6842	35	2	19,12	2,0	154	149
6843	0	31	2,2	33,15	172	149
6846	10	1	23,10	7,6	152	149
6847	17	0	43,27	6,8	298	149
6848	9	0	19,2	2,0	188	149
6850	5	3	31,15	11,13	242	149
6851	14	4	48,14	7,16	281	149
6852	12	4	28,15	7,16	188	149
6856	1	27	3,0	42,75	175	149
6857	5	44	0,0	49,43	210	149
6860	0	16	2,0	16,18	247	149
6863	2	0	0,0	7,4	162	149
6864	0	12	0,2	18,16	200	149
6868	4	0	12,6	2,2	154	149
6875	16	0	17,23	2,0	167	149
6882	31	3	49,42	5,1	152	149
6883	46	2	46,24	0,0	153	149
6885	8	2	18,8	2,3	249	149
6886	8	2	17,8	0,0	249	149
6887	5	17	22,11	17,7	223	149
6898	95	2	189,88	0,0	298	149
6905	19	4	34,22	2,2	152	149
6914	4	0	15,8	2,0	298	149
6915	2	0	5,2	6,4	194	149
6922	0	11	2,2	5,0	298	149
6923	23	0	18,18	2,0	169	149
6924	2	0	22,22	2,0	153	149
6926	13520	3	1362,888	0,0	203	149
6927	734	4	51,18	2,0	171	149
6928	3	61	2,0	43,23	166	149
6930	650	2	418,234	0,0	298	149
6931	2	2	7,11	4,0	174	149
6932	2	562	9,2	409,242	169	149
6936	2	0	6,3	2,0	298	149
6938	94	2	94,56	2,1	216	149
6941	40	8	71,28	0,1	298	149
6942	12	0	12,7	0,2	152	149
6943	21	6	18,17	2,5	152	149
6947	0	4	1,1	98,40	161	149
6962	11	0	28,20	0,2	209	149
6963	102	0	157,105	0,2	298	149
6974	45	20	0,3	0,0	152	149
6977	38	2	52,41	5,2	152	149
6978	33	43	84,69	88,50	298	149
6979	2	4	1,0	2,1	181	149
6981	0	35	3,6	24,19	298	149
6982	13	22	19,6	22,0	152	149
6984	101	15	86,48	22,10	152	149
6993	188	140	164,128	80,101	167	149
6994	52	140	50,29	80,101	202	149
6995	11	147	15,13	129,112	184	149
6996	373	21	305,249	13,8	152	149
6997	14	351	14,2	279,250	173	149
6998	47	8	42,25	4,2	298	149
6999	38	0	32,32	1,0	161	149
7000	2	28	3,0	29,14	166	149
7002	5	10	26,9	27,5	298	149
7003	42	2	66,40	3,6	298	149
7004	45	5	72,61	16,2	298	149
7005	29	5	39,39	16,2	298	149
7010	160	1	110,77	0,0	298	149
7011	45	3	38,16	0,0	153	149
7018	12	24	8,2	27,10	244	149
7019	34	10	17,8	20,12	174	149
7022	6	19	4,9	5,12	298	149
7028	4	0	0,0	2,0	298	149
7035	109	467	88,83	602,329	298	149
7036	168	0	148,112	2,0	298	149
7037	527	0	664,358	2,0	168	149
7041	29	2	13,8	0,0	152	149
7045	67	0	27,42	0,2	298	149
7048	26	0	11,7	0,2	232	149
7049	0	4	0,2	0,2	248	149
7055	112	19	86,48	29,9	152	149
7059	40	0	30,28	1,0	191	149
7060	6	0	1,8	1,0	175	149
7061	18	2	2,0	0,0	152	149
7074	0	21	2,2	17,31	179	149
7076	143	11	39,10	2,0	152	149
7077	2	20	12,16	86,146	161	149
7078	16	61	6,3	11,30	154	149
7079	12	2	19,6	1,0	256	149
7080	0	115	0,1	100,63	163	149
7083	34	0	23,26	0,2	176	149
7093	3	11	10,6	14,13	194	149
7094	18	1	29,44	2,0	161	149
7101	16	11	8,17	0,6	173	149
7102	47	50	61,24	43,23	298	149
7103	123	29	124,52	49,22	298	149
7105	1	2	3,3	0,0	298	149
7106	0	1	0,2	14,9	178	149
7107	0	1	2,6	14,9	265	149
7115	16	43	61,24	110,36	152	149
7116	47	0	137,68	0,2	152	149
7118	26	52	34,19	85,16	152	149
7122	22	1	12,13	0,2	153	149
7124	50	6	44,39	2,0	230	149
7125	13	0	40,14	2,0	298	149
7126	3	2	2,2	1,1	189	149
7134	2	5	2,1	6,14	178	149
7135	4	0	32,18	3,0	241	149
7136	0	16	24,3	26,33	298	149
7137	0	9	24,3	18,5	298	149
7138	17	0	53,52	2,0	298	149
7140	0	7	5,4	13,42	182	149
7142	8	0	38,30	6,6	152	149
7146	0	12	0,1	13,4	153	149
7149	20	2	5,13	2,5	152	149
7166	122	6	78,56	0,0	152	149
7167	0	2	4,5	6,4	152	149
7172	238	2	316,132	0,4	298	149
7173	1	6	0,2	14,13	177	149
7176	34	1	24,24	0,0	208	149
7177	15	15	16,11	14,12	152	149
7178	1148	10	7,9	0,0	221	149
7179	9	6	0,2	2,4	189	149
7183	7	0	4,11	6,0	269	149
7184	7	0	4,11	1,0	274	149
7189	5	2	5,3	0,0	152	149
7190	7	2	22,13	2,0	229	149
7200	11	15	23,44	32,33	217	149
7201	2	2	1,2	2,6	248	149
7203	119	2	180,105	7,0	168	149
7204	23	20	20,6	21,17	152	149
7205	35	0	63,32	0,1	152	149
7207	6	20	5,0	0,0	298	149
7208	17	2	9,18	0,0	211	149
7209	6	2	9,8	4,0	154	149
7220	0	22	0,5	310,422	182	149
7221	0	2	13,12	38,41	298	149
7227	3	8	0,0	0,1	298	149
7228	1	2	0,0	0,1	152	149
7239	13	0	10,23	0,2	221	149
7241	42	2	38,43	0,2	188	149
7242	1	0	1,1	2,0	164	149
7243	2	81	4,0	28,4	298	149
7248	0	7	3,2	7,15	255	149
7252	395	0	132,103	2,0	298	149
7255	2	45	4,3	78,38	215	149
7261	56	0	101,76	0,1	200	149
7269	92	2	28,33	1,3	298	149
7270	0	2	0,2	0,2	169	149
7275	18	0	30,14	2,0	151	149
7277	3	0	15,7	2,2	241	149
7278	3	0	17,9	2,2	224	149
7280	5	0	18,9	2,0	224	149
7282	73	0	84,63	4,0	298	149
7287	1	0	0,0	0,1	153	149
7292	11	17	2,2	0,0	298	149
7294	8	34	4,4	63,47	298	149
7296	2055	0	1274,910	1,0	298	149
7297	7	0	19,16	2,0	298	149
7301	1	29	2,0	22,27	170	149
7307	2	0	10,14	2,0	152	149
7308	46	4	77,52	4,2	152	149
7309	1	0	0,0	1,0	152	149
7311	2	28	15,4	38,35	163	149
7313	2	0	1,0	0,2	152	149
7320	18	0	25,28	3,4	298	149
7329	1	15	0,2	8,4	178	149
7339	16	2	21,6	2,0	213	149
7341	4	53	10,6	78,56	175	149
7354	175	28	261,121	56,16	152	149
7357	12	14	1,3	10,4	152	149
7358	4	2	1,4	2,3	152	149
7359	125	4	105,81	8,6	152	149
7364	0	1	2,4	4,5	232	149
7373	14	0	8,7	2,0	155	149
7375	10	0	27,6	4,2	205	149
7377	1	6	15,11	0,0	153	149
7378	2	92	5,4	94,86	185	149
7380	0	2	0,2	8,0	298	149
7383	4	4	3,0	14,8	298	149
7384	3	112	5,1	81,64	201	149
7391	53	2	8,5	0,0	152	149
7392	27	286	6,2	115,66	167	149
7394	12	0	38,10	0,1	182	149
7396	2	4	3,0	2,0	152	149
7397	24	6	16,14	2,4	298	149
7401	15	0	4,11	2,2	152	149
7402	1	0	2,1	0,2	155	149
7403	7	0	10,18	0,1	246	149
7405	9	39	17,18	77,96	164	149
7406	64	0	96,154	0,2	258	149
7407	94	0	160,232	0,2	243	149
7411	8	2	0,0	2,0	169	149
7420	107	6	123,109	4,2	213	149
7421	40	39	52,41	26,12	152	149
7422	12	67	9,9	67,59	167	149
7423	16	43	8,7	35,18	227	149
7426	5	5	5,2	6,2	169	149
7428	3	1	0,0	2,0	161	149
7429	3	17	11,3	29,21	180	149
7430	5	30	14,7	70,34	183	149
7431	19	30	32,25	70,34	152	149
7432	29	12	67,80	15,23	152	149
7435	4	0	0,0	4,4	152	149
7437	0	39	3,8	36,17	181	149
7438	0	51	2,0	30,16	175	149
7439	2	74	0,0	66,50	186	149
7444	4	2	2,2	0,0	298	149
7454	0	6	13,8	23,8	170	149
7455	81	4	13,8	0,4	152	149
7460	6	48	3,0	33,27	172	149
7461	81	19	38,68	12,6	152	149
7466	29	2	27,15	0,0	160	149
7469	0	92	1,2	170,184	167	149
7470	0	162	4,0	361,467	166	149
7472	4	173	2,2	266,278	232	149
7477	1	188	4,3	229,373	170	149
7478	1	188	4,3	229,373	185	149
7479	4	188	10,11	229,373	252	149
7484	7	24	5,15	42,48	298	149
7485	7	24	5,15	42,48	298	149
7488	3	3	18,19	10,12	152	149
7489	77	0	79,84	0,1	179	149
7490	129	3	64,62	6,6	298	149
7496	1	3	3,0	14,9	163	149
7497	1	3	3,2	14,9	187	149
7498	1	1	2,2	2,0	173	149
7500	2	0	5,6	0,2	163	149
7503	0	2	7,6	0,4	167	149
7504	0	2	21,10	0,4	222	149
7511	0	11	5,0	20,18	170	149
7519	0	13	6,2	34,21	171	149
7520	64	0	149,52	6,1	167	149
7521	11	11	28,10	28,11	214	149
7522	12	24	26,10	92,36	214	149
7528	25	12	35,6	26,12	202	149
7532	3	0	5,10	6,4	233	149
7533	18	2	50,38	1,0	254	149
7539	5	32	4,2	24,8	298	149
7540	28	2	52,17	0,0	152	149
7546	4	9	21,13	25,6	298	149
7552	0	4	5,4	4,6	152	149
7556	10	10	24,14	35,18	152	149
7558	25	0	30,21	0,3	231	149
7561	1	40	1,0	56,35	203	149
7562	79	2	104,89	14,8	152	149
7565	3	65	8,1	105,84	179	149
7566	63	4	98,51	5,0	194	149
7567	31	8	28,11	17,10	154	149
7587	0	22	1,0	20,6	191	149
7588	38	3	48,24	0,2	220	149
7589	5	49	1,1	47,24	168	149
7596	1	17	2,0	19,13	181	149
7599	1	69	0,1	67,28	175	149
7602	1	115	1,0	115,54	171	149
7603	126	2	164,90	1,0	182	149
7604	179	3	144,81	2,0	298	149
7605	54	4	0,1	0,0	152	149
7606	4184	996	65,142	18,45	152	149
7610	18	2	14,3	0,0	154	149
7613	4	2	7,0	0,0	298	149
7615	0	4	2,0	11,10	298	149
7623	19	46	21,7	30,25	152	149
7626	2	9	2,4	32,6	167	149
7627	3	29	8,0	6,16	211	149
7628	16	0	36,15	2,0	298	149
7631	0	33	10,15	44,36	164	149
7663	0	2	6,2	0,0	185	149
7666	12	0	15,11	2,2	185	149
7667	14	5	15,11	0,0	224	149
7668	2	5	2,2	0,0	188	149
7672	493	4	126,70	2,0	298	149
7673	14	244	6,3	54,12	231	149
7674	16	1	3,3	0,0	159	149
7675	95	44	20,7	21,11	159	149
7676	1	2	0,0	2,7	150	149
7677	19	2	15,4	0,0	175	149
7678	14	0	15,7	2,1	175	149
7683	89	1	70,30	2,1	200	149
7689	2	2	2,2	6,2	209	149
7700	2	36	3,6	18,22	204	149
7710	5	0	4,12	1,0	298	149
7713	27	1	3,1	0,0	152	149
7723	576	7	1193,575	12,12	221	149
7743	1	0	18,8	0,1	152	149
7744	9	0	9,9	0,4	177	149
7745	7	47	7,4	69,82	298	149
7748	6	107	16,22	109,63	206	149
7750	14	0	29,26	0,2	258	149
7752	3	0	10,12	0,1	189	149
7754	2	0	5,10	4,1	212	149
7758	157	8	48,28	1,0	152	149
7763	29	8	29,8	14,10	218	149
7780	6	6	4,0	10,6	179	149
7785	4	307	5,1	309,227	152	149
7786	1	339	15,24	341,259	238	149
7787	375	0	377,277	2,0	185	149
7788	343	7	356,278	5,0	298	149
7789	189	5	194,191	6,2	199	149
7795	1	52	0,0	4,9	207	149
7800	2	202	0,0	211,168	172	149
7801	481	0	526,380	0,2	194	149
7802	149	0	153,89	0,2	298	149
7803	51	362	52,20	410,308	298	149
7804	6071	12	134,47	0,0	298	149
7810	51	3	96,88	3,0	298	149
7827	8	0	23,7	2,0	298	149
7837	0	1	2,0	0,2	179	149
7838	2	76	3,5	36,57	182	149
7839	14	2	10,7	0,0	153	149
7843	2	5	17,10	14,3	164	149
7844	25	16	21,31	20,18	152	149
7851	8	111	8,6	203,112	175	149
7852	14	199	8,7	255,258	165	149
7861	0	1	0,2	0,0	152	149
7863	8	2	15,9	13,3	152	149
7866	0	7	0,2	15,21	173	149
7875	0	36	12,3	47,12	194	149
7886	39	31	42,35	42,38	152	149
7887	5	7	17,5	1,4	171	149
7888	6	32	17,4	27,14	171	149
7894	14	1	9,4	7,3	202	149
7895	36	0	14,6	2,0	280	149
7896	23	0	12,7	2,0	227	149
7913	0	8	0,2	1,2	246	149
7914	4	7	14,7	39,26	264	149
7915	4	2	21,45	0,0	226	149
7922	28	78	21,30	43,39	298	149
7925	9	44	14,14	53,29	198	149
7926	31	1	69,23	2,0	159	149
7927	17	0	23,5	0,1	217	149
7931	16	0	28,19	0,2	156	149
7940	0	13	20,6	17,18	298	149
7943	20	35	30,5	78,20	211	149
7945	0	4	0,6	0,0	192	149
7947	45	2	52,46	2,4	298	149
7949	12	2	22,18	2,4	298	149
7952	66	15	61,47	9,0	152	149
7955	6	0	3,3	2,0	198	149
7966	1	2	0,0	6,1	195	149
7973	28	3	21,18	14,8	182	149
7985	23	30	65,29	6,13	298	149
7986	23	2112	35,17	2200,1603	173	149
7987	290	43	86,73	2,2	175	149
7990	0	57	4,0	62,51	178	149
7991	49	0	34,67	0,2	179	149
7998	2	26	0,2	40,22	169	149
7999	2	9	7,1	15,7	192	149
8010	1	0	6,6	6,2	193	149
8012	39	2	13,1	2,0	152	149
8013	8	2	4,3	2,0	171	149
8014	7	38	4,2	13,0	168	149
8016	3	90	9,4	137,50	170	149
8017	11	33	18,3	8,11	298	149
8024	1	29	6,0	40,28	176	149
8025	1	22	0,2	34,24	168	149
8031	7	8	0,7	0,6	270	149
8033	2	9	4,2	4,0	196	149
8038	0	4	2,0	9,6	196	149
8041	35	45	46,21	79,34	168	149
8042	450	70	689,516	86,45	298	149
8045	0	43	2,0	30,22	175	149
8048	0	15	6,0	34,6	161	149
8050	1	5	0,0	4,0	152	149
8054	8	0	10,0	0,4	200	149
8055	14	2	13,0	0,0	228	149
8056	6	2	3,4	0,0	177	149
8061	1	2	4,4	0,0	218	149
8063	13	5	5,12	4,2	193	149
8064	2	2	3,0	0,1	152	149
8065	2	0	5,4	2,0	152	149
8069	7	2	1,1	4,4	298	149
8080	11	49	0,1	60,20	166	149
8081	67	0	61,61	2,2	241	149
8082	34	2	36,24	4,0	152	149
8099	50	12	90,64	15,12	155	149
8101	30	1	34,11	0,0	229	149
8102	34	1	28,5	0,2	154	149
8118	68	1	50,24	0,0	198	149
8119	10	2	9,5	1,0	259	149
8122	64	0	107,81	2,7	284	149
8123	33	0	69,50	2,7	298	149
8124	3	31	11,8	39,31	298	149
8127	2	2	52,44	4,0	281	149
8130	0	2	0,3	3,0	160	149
8131	2	2	2,0	0,2	224	149
8153	5	51	5,6	37,20	298	149
8154	29	28	42,32	34,41	298	149
8155	14	3	23,9	0,0	198	149
8157	7	20	9,7	24,10	186	149
8158	2	37	15,9	45,47	251	149
8162	2	5	4,0	6,2	152	149
8166	16	0	5,0	1,0	214	149
8170	11	5	11,12	9,7	298	149
8171	23	2	23,16	0,2	154	149
8176	10	44	4,2	17,10	170	149
8178	4	145	3,5	95,118	184	149
8179	0	48	4,0	65,97	191	149
8180	395	2	377,329	0,0	218	149
8182	0	1	6,0	25,6	198	149
8183	19	61	18,16	72,37	182	149
8184	89	2	104,49	0,0	156	149
8185	11	12	5,10	5,10	206	149
8186	4	28	5,0	35,26	152	149
8187	9	37	11,3	42,9	186	149
8192	64	0	103,108	4,2	251	149
8198	48	0	106,39	0,2	298	149
8199	3	35	6,2	47,43	173	149
8200	1	2	6,2	4,0	173	149
8202	7	8	3,2	4,2	152	149
8204	232	11	284,198	4,0	298	149
8205	188	21	297,125	17,17	298	149
8206	243	21	363,207	17,17	298	149
8207	336	4	528,334	4,9	298	149
8209	76	0	74,68	0,1	298	149
8212	538	0	905,663	3,0	298	149
8213	2	0	8,15	4,2	152	149
8216	1	0	1,2	20,0	154	149
8220	0	1	31,3	7,2	298	149
8226	24	2	62,46	0,2	298	149
8230	0	1	0,2	0,0	177	149
8234	4	0	12,2	3,0	154	149
8238	158	3	86,30	2,2	188	149
8245	16	4	20,7	0,4	221	149
8246	55	5	66,20	4,1	155	149
8247	8	0	6,6	2,0	192	149
8250	20	1	16,3	0,0	210	149
8255	10	3	11,9	3,0	298	149
8258	13	232	12,0	156,98	154	149
8261	4	9	0,0	20,5	185	149
8266	61	4	12,5	0,0	191	149
8281	1	10	0,0	12,2	162	149
8287	0	15	7,11	17,31	167	149
8288	0	3	0,2	2,11	198	149
8291	9	2	13,2	0,0	298	149
8302	11884	49	90,105	0,2	205	149
8303	5957	49	52,57	0,2	298	149
8304	168	6095	2,1	40,49	298	149
8321	0	64	0,3	123,91	209	149
8322	4	0	2,2	0,4	152	149
8326	2	7	2,0	0,0	185	149
8330	19	13	11,6	5,0	170	149
8334	54	13	112,61	30,11	152	149
8337	4	3	0,0	3,0	153	149
8338	164	0	195,159	3,0	154	149
8339	110	0	174,81	2,0	208	149
8352	0	3	0,3	0,0	152	149
8354	18	63	27,26	47,49	179	149
8367	5	3	0,0	4,4	207	149
8378	17	0	41,24	2,0	207	149
8379	1	1	16,15	33,6	298	149
8380	6	6	17,14	17,6	152	149
8384	3	0	5,0	1,0	248	149
8394	8	4	2,8	0,0	298	149
8399	0	2	4,10	2,0	182	149
8402	1	17	2,4	28,9	271	149
8406	49	0	16,14	0,2	168	149
8412	45	25	20,6	10,7	164	149
8416	4	15	27,11	44,19	188	149
8417	38	14	86,50	15,16	298	149
8418	52	14	122,64	15,16	298	149
8419	5	35	30,15	83,36	202	149
8422	114	0	118,44	6,2	298	149
8423	39	2	43,26	5,5	193	149
8424	6	16	0,3	10,6	170	149
8425	6	140	0,0	76,60	165	149
8429	807	1	497,247	0,0	298	149
8430	6178	21	2621,1129	32,2	298	149
8431	13	60	14,27	52,27	298	149
8435	65	8	98,58	12,2	190	149
8437	19	291	27,18	669,350	174	149
8438	290	45	728,252	237,91	185	149
8443	4	112	0,6	27,29	152	149
8444	3	1	3,6	45,14	223	149
8445	2	1	28,6	2,0	223	149
8449	2	4	1,0	0,0	169	149
8450	8	9	10,0	14,4	152	149
8452	8	104	6,5	94,87	179	149
8454	298	930	20,15	41,23	168	149
8455	1779	335	95,63	28,5	298	149
8456	202	612	8,5	23,11	167	149
8457	829	2671	33,29	117,45	298	149
8460	95	2	80,52	0,2	205	149
8461	164	2	2,0	0,0	298	149
8464	0	4	4,6	10,2	231	149
8465	12	135	7,19	57,68	164	149
8466	10	709	6,5	546,547	298	149
8467	760	2	559,560	0,0	298	149
8468	31	2473	5,9	1395,897	176	149
8469	3168	1	2055,1661	0,0	203	149
8470	4203	7	2745,2438	7,0	260	149
8471	1059	7	715,796	7,0	206	149
8474	4	8	4,10	14,55	298	149
8479	6	0	48,32	0,2	203	149
8501	9	154	0,1	83,74	174	149
8510	0	1	2,0	18,6	298	149
8511	245	0	654,336	0,2	154	149
8512	6	46	8,2	106,30	192	149
8518	12	2	12,7	2,0	174	149
8521	503	2	314,170	1,0	293	149
8524	270	0	217,121	2,0	248	149
8525	137	12	102,34	6,7	152	149
8531	137	9	215,122	6,3	152	149
8533	1	4	2,1	0,0	187	149
8535	2	54	0,1	33,27	173	149
8536	0	58	1,1	28,20	171	149
8537	3	67	0,0	37,24	172	149
8543	9	4	7,5	0,0	178	149
8544	0	5	3,0	0,0	169	149
8547	4600	5	527,362	0,0	160	149
8548	41	5	13,14	0,0	153	149
8549	636	5	139,141	0,0	269	149
8550	729	5	157,157	0,0	298	149
8551	606	5	126,127	0,0	265	149
8552	718	5	153,154	0,0	298	149
8553	234	6	54,80	0,0	189	149
8554	6152	2	1039,915	0,0	298	149
8555	5743	5	963,842	0,2	152	149
8558	220	3932	37,27	544,333	168	149
8559	101	1	18,9	0,0	155	149
8560	2286	21	354,222	1,0	184	149
8562	4	37	22,7	33,24	227	149
8565	8	2	31,49	0,2	153	149
8576	1	0	1,0	0,1	255	149
8579	1	0	1,0	0,1	249	149
8581	1	0	1,0	0,1	224	149
8582	1	0	1,0	0,1	208	149
8587	6	131	16,12	241,110	244	149
8596	24	0	16,6	5,0	153	149
8601	78	0	101,49	0,2	298	149
8621	0	2	0,2	0,8	165	149
8622	13	2	15,29	0,1	298	149
8623	2	3	4,2	0,1	172	149
8624	15	3	16,20	0,1	298	149
8626	1	6	2,2	0,0	169	149
8627	2	6	4,2	0,0	172	149
8629	2	0	4,2	2,0	172	149
8630	28	179	3,2	66,10	203	149
8631	7	0	46,41	0,2	298	149
8632	0	5	2,1	3,0	152	149
8634	5	2	5,2	0,0	152	149
8641	13	0	4,17	0,2	244	149
8642	28	0	18,11	0,1	153	149
8644	0	15	4,7	10,12	298	149
8645	4	14	17,11	6,7	272	149
8648	142	140	54,31	81,33	152	149
8659	1	31	7,0	74,31	185	149
8661	66	6	82,59	5,8	152	149
8662	58	0	100,112	0,2	152	149
8664	0	1	3,0	4,1	172	149
8665	27	0	40,16	0,2	280	149
8666	3	50	7,5	62,42	279	149
8680	0	31	0,1	11,21	169	149
8687	85	0	98,46	0,4	159	149
8696	7	106	4,10	59,11	298	149
8699	68	0	45,15	2,0	153	149
8705	27	2	40,18	0,2	201	149
8706	46	0	32,51	1,0	168	149
8707	75	1	115,62	0,0	298	149
8709	0	2	0,2	0,2	152	149
8712	208	0	269,312	1,1	152	149
8713	4	79	5,2	88,41	166	149
8722	6	169	12,13	85,87	255	149
8723	7	169	9,13	85,87	263	149
8724	3	2	1,1	4,1	157	149
8735	5	0	5,6	6,4	152	149
8747	8	6	5,4	0,0	211	149
8762	2	156	3,0	124,86	164	149
8765	3	59	29,24	76,54	298	149
8768	1	22	0,1	36,20	174	149
8771	1	9	2,0	12,2	151	149
8777	3	12	1,0	9,25	165	149
8781	84	68	44,23	15,4	152	149
8786	274	1	325,197	2,0	298	149
8787	177	0	138,93	2,0	298	149
8788	280	1	293,147	0,0	298	149
8791	3	24	0,4	51,18	163	149
8792	18	2	39,35	0,4	298	149
8793	21	0	42,49	4,2	261	149
8795	12	0	11,17	1,0	189	149
8798	26	26	3,0	2,0	220	149
8799	21	10	1,0	1,0	220	149
8804	0	6	8,2	4,2	183	149
8815	63	0	99,116	0,1	159	149
8819	9	6	15,24	4,2	298	149
8823	25	0	46,44	0,4	152	149
8824	6	10	3,15	33,39	152	149
8825	11	8	32,20	20,2	298	149
8833	4	2	5,9	1,2	152	149
8834	196	0	109,77	0,4	203	149
8836	121	6	72,45	1,2	298	149
8837	96	3	178,129	2,2	176	149
8838	97	14	184,70	23,22	152	149
8839	20	9	34,21	36,19	264	149
8840	7	4	0,2	2,1	152	149
8841	0	14	3,0	8,11	179	149
8850	184	0	175,68	2,0	152	149
8851	97	56	105,73	28,3	298	149
8852	196	7	93,29	6,2	155	149
8862	1	2	4,2	0,0	171	149
8866	3	2	0,2	0,0	298	149
8867	94	0	41,34	2,0	154	149
8868	2	637	0,0	0,2	152	149
8869	22	2	49,26	1,2	152	149
8871	4	5	10,2	4,2	152	149
8879	18	0	21,33	0,2	239	149
8893	0	1	4,2	0,0	298	149
8897	0	2	4,2	0,4	251	149
8904	1	248	2,0	516,285	178	149
8911	247	0	455,186	0,2	152	149
8912	1	1	8,15	2,1	298	149
8915	74	2	75,48	0,0	153	149
8917	12	6	25,7	26,7	298	149
8919	10	50	10,9	23,9	298	149
8920	13	3	5,0	0,0	152	149
8921	0	6	3,2	4,2	175	149
8932	6	0	4,0	0,2	155	149
8937	6	15	39,23	25,24	292	149
8938	6	3	42,24	5,4	292	149
8939	144	5	191,123	2,2	194	149
8940	0	83	6,0	76,74	164	149
8945	4	0	4,7	2,0	298	149
8948	51	6	16,16	0,0	246	149
8949	120	6	47,41	0,0	298	149
8954	318	0	180,120	0,4	298	149
8962	29	0	58,54	0,4	270	149
8983	1	0	13,3	2,0	226	149
8989	1	6	2,0	18,5	236	149
8990	1	6	2,0	18,5	240	149
8991	1	6	2,0	18,5	251	149
9001	0	6	4,2	0,1	298	149
9003	1	40	0,0	21,25	177	149
9006	5	2	1,6	2,2	231	149
9007	2	2	1,6	2,2	217	149
9012	2	4	4,2	4,0	152	149
9015	12	117	0,4	49,52	170	149
9017	15	13	35,13	21,24	152	149
9025	0	2	1,0	3,2	155	149
9026	0	72	2,3	78,96	165	149
9027	3	30	8,4	37,25	298	149
9032	20	1	45,52	2,2	212	149
9042	15	2	56,44	7,1	193	149
9043	27	0	56,28	1,0	188	149
9044	25	0	93,62	1,0	235	149
9045	12	14	51,34	14,0	196	149
9048	3	52	0,0	21,6	170	149
9049	8	4	11,3	5,5	152	149
9051	28	4	57,22	16,3	152	149
9052	10	6	15,25	13,9	152	149
9055	0	4	2,0	28,6	170	149
9061	58	5	54,2	0,0	155	149
9079	1	120	0,0	40,37	190	149
9081	2	162	0,0	53,22	191	149
9097	6	13	16,7	21,7	176	149
9098	2	5	14,2	47,11	173	149
9100	6	9	5,3	4,3	298	149
9110	8	5	18,10	5,4	152	149
9121	43	26	20,11	50,49	169	149
9122	101	26	49,52	50,49	200	149
9123	61	3	32,41	3,0	180	149
9124	46	225	24,13	206,188	169	149
9125	162	225	87,80	206,188	200	149
9126	122	6	70,69	7,2	180	149
9129	2	0	1,0	23,4	298	149
9130	0	2	16,3	10,4	173	149
9136	10	5	9,0	3,4	218	149
9139	4	0	8,0	2,0	152	149
9140	19	6	144,5	43,3	152	149
9141	14	6	76,7	43,3	298	149
9142	14	6	75,7	43,3	298	149
9143	10	15	68,7	136,5	298	149
9144	10	15	67,7	136,5	298	149
9145	6	0	31,5	2,0	263	149
9146	6	0	30,5	2,0	263	149
9148	0	1	7,23	480,530	183	149
9149	78	2	79,36	3,0	253	149
9150	148	5	89,57	0,2	287	149
9152	14	14	6,5	10,10	298	149
9153	17	0	17,33	1,0	289	149
9162	25	221	56,15	115,76	298	149
9163	34	12	59,13	8,2	298	149
9164	233	12	120,76	8,2	152	149
9169	2	262	3,1	265,154	160	149
9170	70	28	26,25	6,1	152	149
9171	87	1	56,41	0,0	298	149
9175	13	21	25,25	28,25	298	149
9176	36	3	55,38	4,5	155	149
9177	21	2	54,31	0,4	230	149
9178	21	21	52,35	26,30	230	149
9181	8	2	12,7	4,7	152	149
9183	3	0	3,6	0,2	227	149
9185	0	1	2,0	0,0	179	149
9186	21	2	4,6	2,0	153	149
9187	104	2	56,29	2,0	209	149
9193	0	16	5,3	32,11	152	149
9196	9	2	22,13	0,3	298	149
9197	13	5	18,15	11,16	152	149
9199	3	60	7,2	38,22	188	149
9202	15	11	15,20	37,35	298	149
9203	21	2	31,18	3,2	152	149
9205	18	0	18,5	4,0	166	149
9206	1	4	0,0	17,15	162	149
9213	2	31	4,2	40,29	168	149
9217	0	9	5,4	11,4	180	149
9218	23	1	16,11	2,0	298	149
9219	32	1	23,13	2,0	279	149
9220	236	31	21,27	3,8	152	149
9229	13	2	20,27	0,2	154	149
9230	0	11	0,6	17,0	155	149
9233	20	3	40,30	5,4	152	149
9236	3	4	16,12	7,2	152	149
9261	0	2	2,0	2,0	253	149
9276	0	2	11,7	4,6	298	149
9279	3	1	2,0	0,0	152	149
9286	12	0	50,29	0,1	152	149
9287	2	2	2,1	2,0	215	149
9289	20	0	7,10	2,0	153	149
9295	1	45	0,4	25,8	170	149
9296	1	47	0,3	34,28	174	149
9302	0	8	1,0	2,3	173	149
9303	0	5	6,3	10,8	152	149
9315	26	0	23,9	0,2	153	149
9316	0	9	0,2	8,8	222	149
9323	23	2	18,23	0,0	298	149
9324	2	0	3,1	0,2	154	149
9325	13	62	6,20	71,108	173	149
9326	10	4	6,15	5,4	173	149
9327	1	17	0,2	4,5	298	149
9330	204	2	111,74	0,2	204	149
9339	445003	12	2949,4728	0,2	154	149
9356	5	2	11,2	1,0	152	149
9359	6	32	5,3	20,6	188	149
9360	80	7	47,25	6,1	154	149
9363	241	0	642,592	0,2	158	149
9365	8	0	10,12	1,0	152	149
9366	12	0	16,24	1,0	155	149
9367	232	0	456,275	1,0	212	149
9371	161	0	358,226	1,0	155	149
9373	1	68	1,0	130,100	170	149
9378	2	2	0,3	0,2	152	149
9379	8	0	0,4	0,2	164	149
9384	3	0	0,4	0,3	298	149
9401	14	0	25,21	0,2	176	149
9403	8	12	26,6	29,21	277	149
9404	0	6	2,0	0,0	154	149
9414	12	0	44,20	2,0	227	149
9415	52	0	46,30	2,0	165	149
9422	7	0	9,6	0,2	296	149
9423	13	8	14,8	7,12	296	149
9425	113	13265	0,0	3,0	188	149
9432	4	140	3,0	257,115	160	149
9436	1	15	2,4	19,27	208	149
9438	2	2	5,0	0,0	157	149
9451	6	0	2,3	2,0	194	149
9452	5	2	4,4	0,0	166	149
9455	157	2	314,201	2,8	298	149
9457	8	2	17,24	0,0	174	149
9458	16	0	39,9	4,0	202	149
9460	15	282	8,0	103,26	298	149
9463	85	6	93,33	4,6	153	149
9464	6	2	1,11	0,0	153	149
9468	0	2	1,6	0,21	160	149
9473	24	0	42,26	4,11	167	149
9475	0	4	3,0	44,15	164	149
9476	4	0	79,15	0,2	214	149
9484	5	5	3,5	0,2	295	149
9485	5	5	5,5	0,2	298	149
9487	161	2	122,54	4,6	191	149
9488	44	0	36,15	2,2	191	149
9489	12	2	1,0	0,0	154	149
9499	42	5	30,19	3,4	165	149
9500	0	73	1,0	43,18	174	149
9501	21	18	39,34	5,1	298	149
9505	8	2	7,2	0,0	182	149
9516	2	21	0,0	14,23	180	149
9517	1	0	10,0	18,4	177	149
9519	31	16	78,37	15,15	152	149
9524	84	0	176,48	4,0	153	149
9525	76	1	208,66	0,1	155	149
9526	315	3	197,124	1,2	177	149
9527	72	3	43,34	1,2	267	149
9528	4	247	8,2	159,92	239	149
9529	7	0	3,0	4,0	152	149
9532	2	20	0,0	11,27	211	149
9533	202	18	167,112	49,23	298	149
9534	167	21	173,78	16,7	188	149
9535	12	10	2,13	2,1	202	149
9536	12	0	2,13	0,2	209	149
9537	10	0	2,1	0,2	156	149
9538	77	0	26,11	1,0	228	149
9539	30	15	23,0	5,2	152	149
9540	3	29	0,0	2,3	244	149
9541	0	2	6,0	0,0	164	149
9544	339	1	205,95	0,0	228	149
9545	51	750	50,21	534,260	242	149
9547	166	2	241,154	0,0	203	149
9548	98	5	74,71	0,2	228	149
9549	6	8	20,8	20,14	191	149
9552	9	15	12,8	28,17	203	149
9556	13	0	29,13	2,3	180	149
9557	0	64	2,0	82,79	173	149
9558	24	85	11,2	91,54	298	149
9559	0	1	3,0	8,0	159	149
9560	1	3	7,1	8,1	159	149
9561	1	0	2,0	0,1	152	149
9562	5	5	11,0	38,14	152	149
9563	3	0	33,8	7,0	203	149
9567	7	0	0,6	0,1	298	149
9572	0	729	5,2	557,255	176	149
9573	720	2	405,180	2,4	154	149
9574	5	633	8,2	411,266	172	149
9576	8	212	2,1	177,77	194	149
9577	17	3	7,1	13,5	196	149
9578	221	3	182,77	13,5	151	149
9579	210	18	41,33	8,4	228	149
9581	13	1697	10,19	824,645	203	149
9582	0	2	0,2	6,4	154	149
9587	2	0	12,10	0,2	152	149
9589	13	1	18,11	0,0	153	149
9590	25	20	23,35	14,21	298	149
9591	53	0	47,38	1,0	172	149
9594	5	1	2,3	1,0	298	149
9596	4	1	6,2	1,0	298	149
9608	28	36	9,10	30,26	152	149
9620	1	19	3,0	40,24	179	149
9622	41	2	54,37	7,15	177	149
9648	0	10	1,0	14,24	298	149
9651	1	18	11,12	10,14	184	149
9674	138	4	69,54	0,2	298	149
9687	2	1	0,2	0,0	181	149
9698	4	135	0,2	20,33	171	149
9703	4	3	39,14	8,6	219	149
9704	1	0	3,4	4,0	152	149
9705	9	0	15,10	2,2	152	149
9707	56	2	26,10	0,0	179	149
9708	164	2	86,57	0,0	188	149
9709	66	2	27,15	0,0	206	149
9712	0	98	0,1	59,43	167	149
9721	0	2	0,5	0,0	152	149
9722	0	5	5,2	3,2	161	149
9725	0	14	0,10	15,12	183	149
9726	0	14	0,2	15,12	171	149
9728	2	44	7,0	59,31	166	149
9734	6	0	0,2	0,6	298	149
9770	1	2	0,1	7,4	166	149
9777	0	2	2,4	5,9	216	149
9783	15	1289	6,8	676,512	180	149
9784	16	0	42,19	2,0	298	149
9810	64	4	59,26	0,2	169	149
9811	57	21	58,72	45,41	188	149
9815	2	0	15,13	1,0	164	149
9816	0	20	2,1	15,10	183	149
9818	32	2	24,12	1,2	152	149
9819	353	0	347,229	2,0	282	149
9830	2	6	5,10	20,11	298	149
9831	4	2	5,10	0,1	298	149
9832	16	0	14,9	2,0	152	149
9833	54	19	37,20	21,7	152	149
9835	0	37	6,0	22,20	298	149
9841	0	39	0,2	28,13	156	149
9842	2	4	7,1	2,2	152	149
9844	4	188	3,4	119,166	211	149
9846	2	182	7,2	215,126	191	149
9848	47	715	10,7	133,37	218	149
9851	1021	2	181,178	0,0	153	149
9852	56	9	126,53	10,4	179	149
9858	1	1	0,4	2,1	170	149
9859	2	2	2,6	0,0	298	149
9865	9	1	2,4	0,0	298	149
9866	9	1	2,4	0,0	188	149
9867	28	33	3,12	4,10	298	149
9868	805	7	233,564	2,4	154	149
9869	41	1	51,33	14,1	152	149
9872	101	0	159,73	2,1	265	149
9874	51	0	85,73	0,2	251	149
9875	2	0	6,10	0,2	152	149
9877	0	2	2,0	9,8	184	149
9883	0	3	2,2	6,11	152	149
9885	485	5	422,264	3,2	222	149
9900	37	4	17,5	0,0	154	149
9901	32	2	16,5	0,0	154	149
9902	404	9	50,27	2,0	154	149
9903	0	6	17,10	22,8	247	149
9905	3	10	2,2	13,4	155	149
9910	0	55	1,0	53,38	171	149
9913	0	39	2,4	39,38	180	149
9915	45	4	60,45	7,0	298	149
9916	64	2	76,36	2,0	157	149
9924	0	3	2,0	0,4	152	149
9925	0	2	0,2	4,2	152	149
9927	243	2527	34,61	250,356	298	149
9934	20	15	22,12	24,17	298	149
9935	12	4	7,7	0,0	298	149
9940	42	12	45,8	22,21	152	149
9945	83	5	115,37	31,6	169	149
9956	2	4	2,0	17,8	298	149
9957	2	4	2,0	17,8	298	149
9960	0	1	2,2	6,4	298	149
9961	0	1	2,2	6,4	288	149
9980	0	7	3,9	26,19	190	149
9981	2	0	2,14	0,4	186	149
9986	15	4	64,52	0,0	153	149
9998	2	0	2,2	0,2	298	149
10004	12	88	21,22	78,50	158	149
10024	8596	92	6055,2249	72,12	211	149
10025	9	0	22,17	0,1	153	149
10027	5	2	5,2	2,0	152	149
10031	7	0	15,11	2,1	298	149
10044	9	13	6,23	14,15	287	149
10045	16	2	2,16	0,0	298	149
10046	21	2	14,20	0,0	180	149
10066	14	9	15,11	12,5	193	149
10067	0	2	0,1	0,0	180	149
10068	18	0	10,11	9,6	223	149
10089	4	2	2,8	0,0	152	149
10095	1	6	2,2	0,4	298	149
10105	0	92	7,0	73,57	185	149
10108	0	46	3,4	33,15	212	149
10110	140	8	8,100	0,0	155	149
10118	803	2	276,213	0,0	215	149
10119	4149	14	1370,855	0,0	215	149
10124	3	2	10,10	0,0	298	149
10126	1	0	4,0	2,0	176	149
10127	1	3	6,0	28,32	176	149
10128	7	27	4,0	22,9	176	149
10132	10	12	14,13	17,21	298	149
10150	1	0	2,6	3,0	248	149
10161	140	0	142,55	0,1	152	149
10162	275	0	139,61	3,2	298	149
10173	7	105	3,2	81,9	156	149
10174	166	1	62,53	2,1	198	149
10176	4	28	1,7	21,55	225	149
10178	4	28	0,5	21,55	202	149
10186	103	3	154,118	2,1	186	149
10191	14	0	25,7	2,0	172	149
10192	15	3	76,35	4,0	298	149
10193	38	1	83,45	0,0	298	149
10228	25	73	67,68	158,127	152	149
10231	1	4	4,0	11,0	152	149
10232	2	1	3,1	2,3	298	149
10235	17	21	3,1	14,20	152	149
10237	20	147	4,9	57,37	173	149
10244	36	37	16,10	10,12	154	149
10245	16	19	16,16	19,10	152	149
10259	0	2	6,2	9,6	244	149
10261	3	14	1,0	60,30	170	149
10262	0	7	0,1	10,1	164	149
10263	4	0	2,0	1,0	180	149
10267	2	2	0,2	2,1	279	149
10275	0	7	2,0	5,12	169	149
10277	2	0	4,4	8,6	191	149
10280	3	15	2,0	18,4	249	149
10286	16	21	16,18	11,10	152	149
10287	63	9	25,35	14,7	161	149
10288	141	2	111,98	0,0	152	149
10289	13	0	8,18	1,0	298	149
10299	1	11	2,0	15,14	167	149
10305	6	0	24,11	2,8	256	149
10310	68	0	66,17	1,0	234	149
10315	102	5	111,77	2,3	298	149
10329	1	6	0,2	3,11	172	149
10332	0	2	1,0	0,0	162	149
10341	255	2	298,126	3,0	195	149
10343	1307	1113	1248,603	880,249	298	149
10344	1660	1113	2622,1716	880,249	298	149
10345	1884	856	2712,2091	361,281	224	149
10350	0	91	5,3	109,76	168	149
10351	50	0	34,42	0,3	157	149
10352	3	38	4,6	31,36	258	149
10355	49	4	36,31	7,2	164	149
10366	13	72	7,15	23,16	263	149
10367	12	4	5,15	0,0	263	149
10368	69	4	14,21	0,0	298	149
10370	39	134	22,15	67,33	298	149
10371	2	77	0,0	41,39	165	149
10372	149	0	72,71	4,2	298	149
10373	112	1	86,52	0,0	298	149
10374	28	4	17,13	7,2	298	149
10379	0	60	0,1	28,43	176	149
10380	0	11	0,1	20,10	152	149
10385	31	0	20,25	3,0	197	149
10388	2	2	0,0	1,2	191	149
10392	13095	169	884,948	8,16	210	149
10414	0	33	0,1	8,21	298	149
10421	1631	0	3373,2891	3,0	236	149
10443	34	0	27,40	4,0	152	149
10444	0	19	5,2	49,20	298	149
10458	9	0	2,9	1,0	221	149
10460	15	2	8,8	1,0	244	149
10462	10	0	44,23	2,2	174	149
10468	10	148	35,16	216,103	176	149
10472	18	2	5,2	0,0	204	149
10476	10	144	10,3	168,71	164	149
10477	16	2	43,6	0,0	167	149
10478	34	0	80,26	2,0	200	149
10479	20	0	37,20	2,0	182	149
10480	24	78	27,14	62,39	278	149
10481	34	8	44,16	4,0	296	149
10482	46	0	74,30	1,2	298	149
10483	88	8	79,41	4,0	167	149
10484	106	0	116,61	1,2	200	149
10485	26	0	41,20	1,2	182	149
10492	107	0	99,50	4,3	230	149
10493	148	11	127,63	13,9	230	149
10494	42	0	49,53	8,0	167	149
10497	0	27	2,4	12,9	298	149
10507	38	0	70,67	2,4	178	149
10509	529	0	278,351	0,1	150	149
10510	2	294	0,1	133,182	197	149
10511	32	0	11,15	0,4	183	149
10528	68	2	50,25	1,1	183	149
10530	0	64	2,1	67,32	183	149
10531	1	30	0,0	31,9	152	149
10533	4	3	10,5	6,2	298	149
10534	2	68	3,2	45,38	172	149
10537	0	2	1,0	11,14	162	149
10538	0	2	16,9	5,2	298	149
10539	2	69	6,1	50,30	171	149
10542	179	91	220,145	119,75	164	149
10543	68	8	42,31	2,2	170	149
10545	1	3	0,4	4,3	244	149
10552	4	43	3,0	52,32	172	149
10553	63	1	44,25	0,2	155	149
10555	102	1	85,37	0,4	284	149
10556	0	2	5,2	0,2	298	149
10557	23	3	9,5	1,5	152	149
10558	0	2	1,2	5,8	224	149
10566	16	9	26,5	11,13	215	149
10574	34	1	30,44	2,7	164	149
10575	0	3	9,4	5,13	152	149
10578	36	0	45,30	2,0	207	149
10579	24	2	16,16	0,0	154	149
10581	5	6	22,13	2,0	173	149
10585	6	20	8,6	25,13	170	149
10586	1	2	3,1	2,4	170	149
10590	0	8	1,0	13,22	167	149
10591	88	0	72,20	2,0	153	149
10592	91	36	49,28	49,12	152	149
10593	129	1	142,103	0,2	194	149
10595	0	4	2,0	0,0	153	149
10605	0	26	0,2	30,24	168	149
10612	3	52	17,2	39,20	271	149
10619	11	604	0,2	130,42	170	149
10620	9	0	46,169	0,2	152	149
10624	3	2	11,2	0,0	152	149
10625	3	4	10,2	5,1	152	149
10638	15	0	12,5	0,2	196	149
10645	1	161	0,0	28,27	161	149
10646	87	3	15,11	0,0	203	149
10648	247	3	43,38	0,0	191	149
10651	24	119	22,8	62,15	298	149
10652	13	3	11,13	5,0	152	149
10653	3	32	4,0	21,15	153	149
10654	0	32	0,2	21,15	170	149
10655	0	3	0,2	4,0	166	149
10656	4	34	15,6	37,35	186	149
10660	24	0	47,44	0,4	200	149
10661	1	2	0,0	6,2	280	149
10662	0	24	0,1	21,23	186	149
10663	43	0	23,37	5,0	154	149
10664	5	108	0,1	63,80	185	149
10668	2	1	0,0	4,0	152	149
10669	67	3	79,69	6,0	196	149
10670	5	17	2,3	18,19	298	149
10671	5	17	2,1	18,19	298	149
10673	8	82	5,0	138,76	214	149
10674	33	2	55,25	0,0	153	149
10675	13	2	18,15	7,6	189	149
10676	84	2	134,89	7,6	193	149
10684	4	20	0,2	14,7	237	149
10686	135	0	85,78	2,0	153	149
10690	8	6	0,2	2,0	152	149
10697	71	2	104,66	0,0	298	149
10698	29	2	66,20	0,0	273	149
10699	31	6	86,45	9,14	257	149
10700	44	0	118,42	0,2	298	149
10705	13	16	10,4	4,6	152	149
10706	3	4	1,2	4,0	152	149
10710	6	5	16,34	13,2	167	149
10711	4	897	14,11	1536,554	161	149
10712	534	2	895,290	2,0	161	149
10715	19	260	46,10	370,112	298	149
10721	1	73	1,0	14,2	166	149
10728	390	26	305,169	26,6	161	149
10729	114	26	103,62	26,6	177	149
10730	6	282	15,5	217,112	165	149
10732	5	34	0,3	9,3	175	149
10749	33	0	44,21	1,0	298	149
10754	9	2	5,4	0,0	168	149
10758	89	4	80,29	3,3	265	149
10760	89	99	20,8	11,3	173	149
10765	36	3	22,13	0,0	298	149
10766	9	2	30,0	2,2	152	149
10768	0	19	5,0	11,8	176	149
10771	2	10	5,10	1,10	154	149
10774	5	6	2,0	0,0	187	149
10776	43	26	139,73	56,8	152	149
10777	24	65	58,24	98,78	182	149
10778	7	65	14,8	98,78	218	149
10779	1	18	2,2	46,18	185	149
10782	7	0	9,5	0,2	298	149
10789	9	0	37,0	3,0	233	149
10790	10	0	31,0	4,0	298	149
10791	2	0	3,0	4,0	224	149
10795	0	58	1,1	10,12	171	149
10797	11	2	4,7	2,0	181	149
10799	274	1105	114,84	595,448	298	149
10800	1	1105	4,1	595,448	152	149
10802	15	32	21,15	36,31	280	149
10804	0	1	0,2	2,1	186	149
10822	1	10	0,0	1,0	166	149
10828	0	8	2,0	7,2	167	149
10832	6	23	20,14	9,4	281	149
10835	62	3	186,113	5,2	164	149
10838	6	0	4,5	0,2	185	149
10841	0	9	6,0	0,0	171	149
10843	26	4	28,18	0,0	298	149
10844	0	16	2,5	11,5	237	149
10845	0	4	0,6	2,14	170	149
10846	2	2	3,11	0,0	224	149
10847	6	2	5,21	0,0	203	149
10854	2	0	6,10	2,2	217	149
10858	4	6	4,0	0,0	152	149
10859	4	1	4,0	0,0	156	149
10866	0	2	0,4	0,0	170	149
10871	49	1	97,46	2,3	298	149
10872	0	1	2,2	12,6	152	149
10877	1	32	4,3	81,61	163	149
10883	0	7	2,0	34,44	175	149
10885	47	0	80,86	1,0	229	149
10909	44	4	35,16	0,4	163	149
10910	12	4	26,13	0,4	267	149
10911	16	4	29,14	0,4	298	149
10912	11	43	16,13	25,16	253	149
10913	17	43	19,14	25,16	298	149
10917	2	39	1,0	27,46	191	149
10922	2	1	1,8	0,0	271	149
10925	4	22	6,0	29,29	166	149
10926	0	4	6,2	12,6	169	149
10928	79	4	64,43	4,0	161	149
10931	1	78	4,2	64,23	174	149
10932	0	20	1,0	25,12	164	149
10936	23	0	43,32	6,0	298	149
10937	43	59	51,34	57,18	200	149
10944	2	7	2,4	6,10	152	149
10946	14	1	27,12	0,0	162	149
10958	1	20	0,0	22,9	165	149
10959	10	0	20,1	2,0	154	149
10968	14	37	16,4	80,48	212	149
10973	9	0	5,4	2,3	164	149
10975	3	189	3,3	156,137	180	149
10976	70	6	75,43	2,6	276	149
10978	6	0	15,20	2,0	186	149
10979	3	42	1,2	39,19	298	149
10992	5	0	0,2	0,2	170	149
10993	11	0	5,10	0,2	181	149
10999	65	81	17,9	27,13	298	149
11000	58	1	17,9	2,0	298	149
11011	1	2	1,0	2,2	169	149
11012	2	138	6,2	31,118	226	149
11013	9	1426	0,3	166,258	236	149
11014	400	6	52,72	0,0	176	149
11015	6905	6	1343,1713	0,0	251	149
11018	20	0	24,20	2,0	298	149
11020	8763	191	415,348	51,55	298	149
11021	5960	17	337,297	1,0	197	149
11022	224	165	100,98	60,38	232	149
11023	313	5	225,152	5,0	298	149
11029	3	14	13,1	41,29	187	149
11037	4	0	7,3	2,0	208	149
11038	6	0	20,13	2,0	298	149
11043	1770	53	638,180	24,4	201	149
11044	14	6	6,6	0,1	171	149
11045	29	379	6,6	87,38	171	149
11047	22	102	10,8	86,33	171	149
11048	34	74	12,7	32,28	171	149
11049	136	74	86,38	32,28	257	149
11050	109	7	79,33	1,2	235	149
11053	4	39	0,2	35,22	177	149
11057	2	10	0,0	9,9	210	149
11058	15	14	23,23	13,8	298	149
11064	5	19	1,2	43,22	188	149
11065	16	3	17,9	5,0	152	149
11066	13	1	25,2	3,0	152	149
11067	33	2	67,49	7,4	152	149
11068	19	0	32,17	10,0	298	149
11069	964	4	16,80	0,0	207	149
11071	59	52	112,59	98,59	152	149
11072	99	47	213,99	111,69	152	149
11075	7	4	26,14	11,2	192	149
11076	47	1	19,21	0,0	195	149
11077	5	10	21,0	35,13	220	149
11078	160	2	165,107	2,0	204	149
11080	101	0	184,64	1,0	203	149
11083	8	6	18,11	4,0	209	149
11084	7	6	16,9	4,0	212	149
11085	2	3	2,0	4,2	152	149
11086	29	0	13,33	0,2	298	149
11087	5	159	8,2	67,26	168	149
11089	4	34	15,10	42,31	225	149
11094	1	26	0,0	12,5	298	149
11100	18	4	9,2	0,2	152	149
11102	0	2	7,4	4,2	298	149
11104	33	210	39,21	160,97	152	149
11105	163	0	103,112	1,0	228	149
11110	78	24	61,33	57,33	152	149
11111	15	6	19,4	7,0	152	149
11112	2	0	9,0	2,0	152	149
11113	9	10	17,1	4,2	152	149
11114	4	2	0,4	4,0	154	149
11115	31	5	16,18	0,2	152	149
11116	0	49	7,6	55,40	189	149
11117	69	0	49,16	2,0	213	149
11118	65	1	30,12	0,0	229	149
11119	3	3	8,8	14,6	298	149
11122	12	36	2,9	58,116	271	149
11142	1	1	4,3	4,5	251	149
11143	3	28	0,1	9,12	153	149
11144	33	4	29,9	16,6	183	149
11145	55	0	86,33	6,0	298	149
11147	24	2	44,30	0,0	155	149
11148	0	32	2,4	38,25	175	149
11150	4	8	5,0	9,1	246	149
11152	25	521	26,4	261,195	239	149
11155	5	196	4,8	336,65	180	149
11156	175	1	288,149	2,0	298	149
11157	1	182	4,2	329,123	298	149
11158	174	0	276,125	2,0	151	149
11160	5	2	2,1	0,0	173	149
11163	15	373	11,6	270,210	174	149
11164	5	0	2,7	3,0	298	149
11165	8	557	18,7	517,370	175	149
11166	31	0	67,28	0,2	179	149
11167	580	0	566,391	0,2	153	149
11172	72	0	30,43	2,0	298	149
11175	64	0	20,27	2,0	298	149
11177	64	0	20,27	2,0	287	149
11178	64	0	20,27	2,0	261	149
11182	6	1	14,22	0,0	170	149
11185	21	0	33,22	0,2	152	149
11189	7	9	13,7	9,3	196	149
11194	0	41	7,6	62,48	298	149
11195	5	78	3,2	66,28	177	149
11205	76	37	85,58	30,23	174	149
11206	31	1	37,26	0,0	150	149
11210	5	4	10,22	6,12	152	149
11216	67	0	103,24	1,0	153	149
11226	22	5	28,8	0,0	298	149
11229	242	7	153,90	6,0	184	149
11230	5	13	10,0	15,6	225	149
11232	3	0	11,2	0,2	298	149
11233	0	23	4,0	27,12	167	149
11239	14	0	12,19	4,0	298	149
11240	7	9	16,7	8,5	298	149
11241	78	3	93,30	5,2	173	149
11242	1	70	3,2	64,34	166	149
11248	1	9	0,0	6,15	160	149
11251	142	3	182,89	5,2	152	149
11253	39	14	44,38	16,15	158	149
11254	60	5	67,11	15,24	190	149
11256	34	5	61,96	4,6	223	149
11257	0	3	1,0	2,4	166	149
11272	80	2	87,51	2,10	152	149
11273	32	33	15,6	38,20	152	149
11275	30	6	20,13	0,0	153	149
11276	12	0	15,10	3,0	153	149
11277	23	39	30,18	49,18	161	149
11278	91	2	87,36	6,6	153	149
11279	15	73	21,18	67,33	298	149
11280	87	2	38,11	0,0	221	149
11294	17	57	2,4	45,24	210	149
11299	3	0	7,1	2,0	165	149
11308	65	2	92,62	1,3	209	149
11313	309	4	85,41	1,1	151	149
11314	320	3	89,52	4,0	153	149
11315	15	3	5,12	4,0	151	149
11322	0	22	3,1	23,13	170	149
11328	4	4	8,0	47,14	152	149
11329	6	4	12,2	47,14	255	149
11330	6	4	12,2	8,0	252	149
11335	0	94	1,1	32,25	172	149
11336	156	8	107,76	3,8	168	149
11337	14	111	21,14	126,72	233	149
11338	35	2	39,30	2,0	279	149
11339	23	8	24,13	1,5	152	149
11340	0	1	2,2	2,0	152	149
11341	130	0	127,60	4,0	191	149
11342	2	0	6,0	2,5	271	149
11343	37	0	70,27	2,0	179	149
11347	4	13	0,0	18,18	164	149
11350	4	6	6,2	4,7	298	149
11351	1	17	5,2	6,8	221	149
11352	31	2	25,19	0,0	298	149
11356	23	57	19,27	26,8	161	149
11358	0	15	1,0	13,11	298	149
11364	8	10	7,7	3,5	170	149
11373	79	1	45,7	0,0	153	149
11376	92	0	66,31	2,0	175	149
11377	3	1	0,1	0,0	174	149
11379	8	28	0,0	13,20	160	149
11381	1703	2	1760,1930	2,3	257	149
11382	609	2	408,491	2,3	288	149
11383	13	1102	8,9	1358,1447	180	149
11386	25	115	4,2	42,36	152	149
11387	99	2	217,128	3,0	298	149
11390	8	1002	66,66	3353,4035	297	149
11391	130	0	640,1032	2,0	171	149
11392	24	1	34,79	0,4	152	149
11409	14	96	56,25	133,69	298	149
11410	5	96	24,19	133,69	212	149
11412	4	0	70,37	4,0	205	149
11419	109	0	90,35	1,0	298	149
11421	11	276	17,8	443,446	298	149
11422	25	41	20,66	28,34	161	149
11423	192	15	149,150	2,6	152	149
11424	410	73	384,449	65,139	152	149
11425	0	19	0,6	44,17	174	149
11427	48	0	22,22	1,0	194	149
11429	0	1	1,2	0,0	169	149
11433	24	4	29,41	8,1	284	149
11441	190	1	150,72	0,0	154	149
11442	0	4	0,1	6,16	276	149
11444	1175	2	2379,1524	3,0	195	149
11449	4	1293	3,2	1733,1802	169	149
11450	10	1	14,12	16,7	172	149
11451	1299	1	1744,1812	16,7	152	149
11462	17	0	34,13	4,4	185	149
11463	3	4	20,11	2,0	298	149
11464	7	4	26,15	2,0	298	149
11465	12	0	17,23	2,0	298	149
11466	13	31	19,7	29,27	152	149
11479	94	1	100,67	4,0	221	149
11480	4	0	8,4	3,0	245	149
11481	10	6	17,0	12,2	152	149
11484	51	0	76,54	3,0	289	149
11487	3	32	1,1	24,8	163	149
11488	30	0	23,13	0,2	204	149
11489	59	0	46,20	0,2	190	149
11491	14	2	8,3	2,0	223	149
11492	2	0	0,2	2,0	298	149
11508	5	40	3,1	11,16	169	149
11510	79	1	57,30	2,0	230	149
11513	7	2	0,2	0,0	298	149
11514	21	15	11,11	3,6	298	149
11516	39	36	69,19	13,3	230	149
11517	4	3	0,2	0,1	298	149
11518	0	1	1,0	0,0	179	149
11524	8	9	4,5	3,10	152	149
11531	12	16	6,2	24,10	169	149
11532	22	88	28,1	55,32	294	149
11534	57	0	65,31	2,2	151	149
11535	3	0	17,4	5,0	154	149
11536	29	1	46,36	3,0	154	149
11538	4	0	2,0	2,2	152	149
11539	5	11	8,18	75,55	190	149
11546	0	4	4,6	1,8	298	149
11547	6	2	13,9	2,2	237	149
