ID	IJC_SAMPLE_1	SJC_SAMPLE_1	IJC_SAMPLE_2	SJC_SAMPLE_2	IncFormLen	SkipFormLen
1	12	10	15,14	13,22	372	149
11	28	0	317,515	0,2	620	149
15	0	7	4,0	6,11	1730	149
16	14	45	21,20	62,35	469	149
17	10	2	21,7	0,2	273	149
18	33	1	29,14	0,0	989	149
20	2	2	8,4	0,0	1356	149
21	2	0	8,2	2,0	600	149
23	9	289	22,12	110,75	262	149
24	106	65	477,484	32,42	1121	149
25	47	17	101,151	13,27	363	149
57	20	6	28,24	6,4	2365	149
58	1	1	2,2	0,0	629	149
62	18	8	30,10	8,2	723	149
64	3568	243	10170,4541	83,90	4089	149
71	0	2	2,0	3,6	394	149
81	4	0	13,1	0,2	1560	149
85	6	1	21,11	0,0	785	149
87	1362	3	1694,1010	3,4	2924	149
88	1364	2	1697,1011	7,0	2927	149
89	22	2	35,36	0,0	448	149
90	9	1	8,15	0,0	467	149
91	4	0	15,16	4,0	395	149
96	7	1	50,43	2,0	823	149
97	42	2	112,44	0,0	2437	149
103	46	2	106,56	0,2	230	149
141	237	0	227,74	2,2	1221	149
142	2	14	4,8	13,14	1799	149
145	1	0	0,0	6,6	239	149
146	2	0	8,4	2,0	380	149
148	95	11	5,3	2,2	537	149
149	3	6	0,9	2,4	302	149
153	2	2	0,6	0,0	615	149
154	0	10	0,2	35,32	278	149
157	77	0	91,23	4,0	854	149
158	4	6	1,1	2,1	659	149
161	44	0	34,30	1,0	1385	149
196	3	2	10,14	0,2	1796	149
197	3	0	2,8	2,0	846	149
199	18	8	17,42	0,2	468	149
200	17	84	17,42	88,95	458	149
203	6	252	3,12	205,354	326	149
206	18	6	57,33	0,1	351	149
207	5	56	0,1	27,43	324	149
209	21	276	23,22	136,90	474	149
218	388	17	831,552	10,12	2058	149
221	0	30	9,23	27,40	1626	149
222	0	2	2,0	0,0	258	149
224	1	4	8,12	0,6	1200	149
226	0	4	2,2	5,10	299	149
240	1	24	0,0	11,15	255	149
241	2	14	5,4	4,4	358	149
246	3	51	6,5	55,53	288	149
247	5	112	2,6	118,119	356	149
250	2	60	4,2	50,58	252	149
251	0	39	3,3	13,25	244	149
252	121	5	210,300	1,0	1994	149
254	0	19	0,3	40,48	242	149
255	0	2	0,1	0,3	247	149
257	9	22	5,9	31,29	600	149
261	0	7	2,1	2,4	260	149
267	6	0	4,18	2,0	1423	149
278	2	7	8,2	5,4	403	149
279	1	0	0,0	0,2	298	149
285	2	1	0,0	2,0	326	149
286	0	7	2,12	3,2	353	149
292	4	14	0,0	14,11	285	149
293	0	31	1,1	39,36	238	149
303	3	38	0,0	0,4	478	149
310	2	0	5,0	4,2	234	149
318	4	1	0,4	0,0	448	149
330	0	2	0,2	3,7	297	149
340	2	6	16,13	3,19	1323	149
341	3	148	1,0	67,89	233	149
355	0	7	2,2	2,2	289	149
356	2	4	1,4	2,2	412	149
359	303	0	187,144	8,1	444	149
363	16	49	106,243	86,31	1096	149
365	1	17	2,0	2,0	243	149
366	33	83	25,37	7,25	1201	149
367	18	13	12,22	4,2	353	149
372	2	14	2,7	4,18	1507	149
394	23	0	14,28	3,0	728	149
396	35	6	32,29	12,16	812	149
397	13	7	31,12	15,12	594	149
399	0	10	6,4	23,19	235	149
400	0	4	4,8	5,8	324	149
404	1	10	0,0	3,2	223	149
406	4	56	3,9	25,18	240	149
413	0	8	2,2	4,8	377	149
415	12	1	22,16	0,0	987	149
417	0	5	4,8	4,3	469	149
426	2	13	2,0	2,2	398	149
427	0	8	6,4	0,1	505	149
437	2	22	1,0	5,4	877	149
460	5	0	12,23	0,2	1623	149
463	0	2	0,1	0,5	232	149
465	6	265	3,6	249,280	400	149
467	0	1	1,2	7,2	252	149
472	2	8	0,2	2,0	1275	149
474	0	12	0,1	16,26	244	149
480	42	16	72,102	6,8	1448	149
484	0	4	0,4	0,2	1329	149
492	0	2	2,0	4,0	587	149
512	8	2	2,10	2,2	667	149
513	4	0	2,10	2,0	753	149
514	0	49	10,28	69,76	246	149
516	12	1	17,12	0,0	1218	149
520	3	131	18,10	111,96	265	149
524	25	32	15,17	33,28	285	149
525	20	20	66,44	67,112	393	149
526	11	18	50,39	27,13	1623	149
527	4	0	10,6	0,2	385	149
532	4	51	9,6	110,126	223	149
533	7	29	8,13	47,50	488	149
535	12	0	20,32	2,2	1256	149
536	6	61	17,19	238,213	825	149
537	10	81	19,10	143,123	726	149
539	21	39	51,96	52,47	1980	149
540	23	54	84,56	79,57	825	149
543	2	15	3,4	22,38	347	149
547	3	0	14,12	3,4	765	149
550	0	4	1,0	5,5	264	149
553	2	0	0,4	1,0	606	149
554	2	0	0,4	2,4	667	149
556	3	0	36,33	0,1	2502	149
561	35	0	87,34	1,2	528	149
562	12	2	29,10	0,0	1187	149
564	38	0	47,36	0,2	1680	149
565	38	8	49,36	0,4	1754	149
566	4	10	0,10	2,2	234	149
567	11	8	2,5	11,11	254	149
568	38	2	51,35	2,4	1137	149
569	38	2	52,36	2,0	1142	149
576	163	145	311,206	68,54	1276	149
579	11	2	23,6	2,6	380	149
587	11	21	8,11	36,38	225	149
589	7	26	5,7	11,24	261	149
591	36	12	88,74	4,17	2339	149
608	29	0	49,78	4,0	264	149
609	66	8	84,114	5,8	385	149
610	4	8	0,4	5,4	385	149
612	5	94	20,16	48,62	255	149
614	1	0	2,0	2,0	510	149
620	1863	2291	892,713	219,205	5288	149
621	70	62	27,5	16,14	1262	149
624	21	36	44,28	24,13	2355	149
628	3	4	3,0	0,8	236	149
629	4	9	27,7	8,3	1840	149
630	4	0	25,5	13,4	1813	149
631	2	6	15,14	0,0	2362	149
634	1	1	2,4	0,0	247	149
635	4	2	2,10	0,0	427	149
640	20	10	11,2	10,5	452	149
642	1146	2	1018,471	0,2	2655	149
646	35	91	51,25	40,43	241	149
651	33	42	49,43	23,18	2306	149
652	7	10	2,4	21,13	464	149
653	14	1	28,18	0,0	838	149
654	2	3	0,0	4,0	249	149
655	83	12	123,54	16,12	1497	149
662	278	13	1133,673	17,34	1816	149
664	401	0	254,205	1,0	2651	149
665	136	0	102,95	0,1	1139	149
668	74	2	63,48	0,0	592	149
671	0	1	4,0	1,11	1747	149
672	55	76	111,36	195,66	503	149
673	1	0	0,2	2,2	521	149
674	1	8	0,2	11,11	513	149
682	3	128	0,0	2,20	224	149
689	5	176	0,10	198,364	1200	149
691	1	125	1,11	144,220	479	149
695	2	500	2,10	690,1182	277	149
696	0	247	1,4	290,575	466	149
697	33	8	28,89	4,11	1088	149
712	10	0	5,25	0,2	490	149
713	12	2	18,34	4,7	1012	149
714	1	6	12,6	2,6	486	149
720	2	21	4,17	36,62	228	149
722	4	21	4,4	13,37	425	149
728	37	22	174,108	24,21	1400	149
729	6	37	25,23	46,40	632	149
731	10	2	1,14	1,0	344	149
734	14	5	4,0	8,8	352	149
735	23	101	16,10	51,35	226	149
738	30	3	19,17	0,0	665	149
739	38	2	20,18	0,0	493	149
748	8	4	8,10	3,2	731	149
760	16	2	30,30	0,0	1090	149
767	2	3	11,4	8,10	247	149
768	2	9	13,7	9,17	788	149
769	4	43	19,21	34,20	460	149
773	0	1	1,4	3,2	648	149
779	12	2	9,4	0,0	702	149
780	1	37	20,0	27,21	472	149
781	0	3	2,0	2,2	350	149
784	2	17	0,9	13,16	240	149
786	2	2	12,12	4,0	411	149
801	0	3	1,9	4,11	487	149
804	0	5	6,4	5,7	823	149
805	0	3	1,0	11,8	538	149
809	7	1	25,17	2,4	1398	149
811	0	12	9,4	10,7	571	149
813	8	17	0,4	6,16	320	149
819	2	9	2,6	2,1	298	149
824	4	0	0,0	0,1	263	149
840	0	11	0,2	2,5	513	149
845	171	13	191,110	6,4	446	149
846	30	111	8,26	37,80	992	149
847	38	1	9,34	0,0	1031	149
848	42	4	15,32	0,0	1756	149
849	6	2	9,21	0,0	416	149
855	1	62	2,3	74,79	736	149
856	19	65	18,26	100,85	1131	149
871	0	2	0,1	4,0	371	149
878	0	33	17,10	37,54	255	149
879	22	20	45,29	21,38	819	149
880	0	14	8,12	24,40	1633	149
882	0	6	4,4	10,31	432	149
889	12	0	12,14	2,0	624	149
891	10	12	16,10	2,12	426	149
892	7	39	7,0	26,18	352	149
893	5	46	19,2	25,29	524	149
895	13	56	8,3	25,23	250	149
896	58	5	156,92	0,0	975	149
897	58	91	154,86	84,46	970	149
899	60	733	37,32	689,650	295	149
905	35	43	44,23	40,27	816	149
906	49	32	52,32	39,45	650	149
909	148	26	213,98	23,10	3712	149
911	13	44	19,13	52,49	573	149
912	57	23	37,29	14,6	838	149
914	70	283	33,30	211,264	698	149
919	240	1	194,150	0,1	2538	149
924	98	6	102,52	0,0	1436	149
925	5	20	7,12	26,31	675	149
926	9	17	29,11	14,9	1511	149
938	20	0	73,46	2,10	405	149
943	0	3	2,4	4,4	221	149
944	20	2	46,45	2,0	918	149
945	53	22	86,43	17,14	955	149
946	18	0	154,305	3,0	3588	149
955	75	1	253,133	6,12	2837	149
957	2	4	0,0	20,16	243	149
958	15	15	28,29	36,56	407	149
959	13	37	29,39	87,56	447	149
961	2	13	2,2	8,10	276	149
962	2	6	2,6	4,4	229	149
963	0	13	3,3	6,13	261	149
964	2	3	2,4	7,6	320	149
965	4	2	2,2	2,4	416	149
968	2	17	5,1	8,10	312	149
972	6	2	2,2	3,0	300	149
980	4	4	10,6	16,7	1021	149
986	0	27	0,1	39,56	284	149
987	0	30	4,9	53,69	232	149
989	1	17	3,2	16,34	232	149
1001	10	107	8,4	42,33	237	149
1008	52	0	78,85	2,1	495	149
1009	2	1	2,0	0,0	491	149
1011	0	2	2,0	6,4	224	149
1014	3	0	6,14	2,2	244	149
1015	2	0	10,11	0,2	520	149
1016	2	6	10,10	7,10	474	149
1022	2	0	2,2	0,2	376	149
1029	2	0	14,24	0,2	402	149
1042	17	4	16,29	0,0	333	149
1043	6	4	0,4	4,0	240	149
1044	12	15	13,6	0,0	510	149
1045	4	113	10,11	161,273	245	149
1047	2	0	4,0	2,2	446	149
1048	29	19	5,25	4,6	1566	149
1054	57	2	39,15	1,0	302	149
1055	16	42	44,26	37,32	302	149
1056	65	0	117,70	3,0	2137	149
1057	59	39	85,47	44,23	1920	149
1058	16	69	15,4	29,24	287	149
1059	6	2	8,4	2,0	490	149
1060	14	2	18,11	0,0	807	149
1063	2	10	0,2	2,8	265	149
1071	11	0	28,55	2,3	612	149
1081	1	0	0,0	0,4	279	149
1087	18	0	47,23	8,6	1578	149
1091	3	2	6,8	2,2	881	149
1095	4	9	4,9	3,0	220	149
1096	14	2	27,48	0,0	854	149
1100	14	6	9,16	2,5	358	149
1101	283	14	280,312	16,27	290	149
1102	12	38	50,67	65,74	1252	149
1104	1	8	8,22	2,22	1244	149
1117	12	2	80,33	9,16	2472	149
1118	4	2	42,10	0,0	950	149
1121	2	6	1,0	4,3	333	149
1128	0	2	0,2	64,23	411	149
1134	37	64	60,48	88,37	518	149
1143	2	2	2,0	0,0	292	149
1154	73	40	201,141	89,70	915	149
1159	11	2	31,20	4,2	1135	149
1161	2	22	2,0	43,28	481	149
1162	9	40	18,5	98,44	731	149
1163	48	4	155,154	24,10	2345	149
1165	6	8	5,5	42,17	911	149
1166	6	0	5,5	2,2	884	149
1168	0	7	1,5	15,10	242	149
1171	0	16	0,2	5,4	222	149
1174	1	27	22,12	36,29	773	149
1179	0	4	0,1	0,6	440	149
1182	4	12	5,2	14,27	314	149
1185	3	6	3,3	6,7	243	149
1187	9	15	2,6	28,30	287	149
1197	9	51	12,8	17,18	440	149
1204	22	35	45,19	23,20	236	149
1206	6	0	3,8	0,2	383	149
1217	1306	0	768,839	0,6	237	149
1218	595	3	430,728	4,4	457	149
1219	27	31	151,83	87,72	812	149
1220	12	6	123,76	10,29	365	149
1221	15	0	181,135	0,2	394	149
1227	0	22	2,1	17,44	258	149
1240	2	2	0,0	0,2	290	149
1243	12	25	47,28	29,31	2488	149
1246	0	18	0,6	12,30	406	149
1252	0	4	0,2	8,8	695	149
1254	1	6	2,3	11,15	236	149
1256	0	12	2,0	14,12	304	149
1258	1	2	0,0	0,2	274	149
1272	2	0	16,15	2,2	777	149
1273	5	2	58,43	0,2	253	149
1274	0	2	0,3	10,8	277	149
1275	0	9	5,2	25,19	243	149
1277	2	7	4,1	28,9	229	149
1284	2	0	4,0	2,0	876	149
1285	2	0	4,0	1,2	951	149
1286	2	11	11,10	2,20	1022	149
1289	8	28	41,16	12,22	602	149
1290	15	0	59,27	2,0	671	149
1297	8	199	1,0	0,2	237	149
1298	7	3	10,18	11,18	283	149
1303	7	0	58,19	2,0	1416	149
1307	8	4	143,46	4,1	2526	149
1317	19	2	30,24	0,0	745	149
1322	19	6	4,6	0,2	435	149
1323	16	39	5,5	10,16	245	149
1324	29	156	9,10	57,103	287	149
1325	106	0	18,90	2,0	320	149
1326	0	6	0,2	9,4	249	149
1327	2	6	6,10	2,2	223	149
1330	5	18	16,2	18,27	350	149
1332	327	1	791,366	0,0	1851	149
1343	0	2	0,2	4,2	236	149
1352	2	0	15,8	4,0	992	149
1353	2	2	4,2	0,2	1206	149
1362	5	11	8,12	8,11	309	149
1364	2	0	6,0	4,1	513	149
1372	1	22	1,3	24,25	225	149
1386	2	4	0,0	18,10	237	149
1396	0	8	2,6	4,3	665	149
1420	0	12	4,5	26,13	859	149
1423	4	0	8,17	2,0	334	149
1424	16	0	95,66	0,2	559	149
1425	4	36	9,9	61,41	225	149
1426	4	0	9,7	2,0	211	149
1429	0	5	4,2	14,31	805	149
1433	6	13	1,6	40,17	333	149
1437	27	2	56,65	0,0	386	149
1439	2	6	14,6	18,8	1102	149
1441	5	2	10,10	17,12	614	149
1449	0	2	0,4	0,0	405	149
1451	10	14	15,10	28,3	773	149
1457	16	1	31,20	0,4	551	149
1459	43	1	78,52	1,2	1153	149
1461	30	2	47,32	0,3	652	149
1462	2	2	2,1	2,0	261	149
1463	13	0	49,22	0,2	1255	149
1466	1	0	4,3	0,2	247	149
1467	33	6	85,76	15,24	731	149
1483	133	0	79,175	2,0	1410	149
1486	48	327	104,44	490,330	618	149
1491	5	4	2,7	0,4	234	149
1492	4	0	6,10	0,4	323	149
1494	2	4	2,0	6,18	370	149
1498	7	1	2,0	0,2	310	149
1506	0	8	2,0	6,15	255	149
1517	33	147	128,117	141,152	1970	149
1521	204	1193	78,40	407,465	418	149
1522	81	317	30,40	171,260	456	149
1523	90	1223	60,47	711,799	342	149
1525	130	301	53,82	459,562	3343	149
1527	150	404	223,131	289,337	1709	149
1528	49	186	72,67	124,49	1027	149
1531	58	329	66,63	898,859	621	149
1532	150	2	196,83	0,0	1439	149
1536	90	355	44,45	214,97	2110	149
1539	12	0	12,14	0,2	450	149
1540	9	0	8,17	0,2	816	149
1544	0	1	2,0	0,0	288	149
1547	544	33	12,33	0,2	1714	149
1549	73	189	2,4	3,2	2964	149
1551	11	0	23,16	1,6	2306	149
1552	55	20	126,48	62,22	873	149
1553	18	59	6,0	36,60	290	149
1554	2	2	6,0	0,0	332	149
1555	39	36	93,56	54,36	1280	149
1556	0	2	5,0	5,4	242	149
1563	0	10	4,2	2,4	466	149
1571	0	2	0,6	0,0	226	149
1575	5	99	8,2	75,62	630	149
1583	3	6	0,2	0,0	250	149
1585	13	153	3,7	40,29	228	149
1589	0	45	2,2	44,47	268	149
1591	1	2	5,14	0,0	646	149
1593	24	18	61,41	42,38	1113	149
1594	16	53	55,47	117,87	1251	149
1595	23	76	44,37	76,63	676	149
1600	2	8	2,6	4,5	226	149
1604	96	144	180,125	81,55	976	149
1605	302	3	296,212	6,2	2099	149
1606	257	8	252,189	3,0	1974	149
1613	5	0	6,7	2,0	609	149
1619	22	4	7,36	0,2	254	149
1629	2	0	2,2	2,0	985	149
1641	72	631	44,65	383,192	454	149
1647	9	77	48,24	254,188	227	149
1648	4	12	9,0	23,13	411	149
1649	2	6	17,16	13,12	425	149
1650	2	6	38,43	5,13	1049	149
1651	3	5	5,0	37,23	244	149
1653	8	0	5,7	6,6	919	149
1657	7	19	19,7	21,25	385	149
1666	73	0	166,86	6,0	1484	149
1667	9	0	21,12	0,7	775	149
1668	14	15	31,12	14,18	2206	149
1677	48	4	40,19	0,0	444	149
1678	81	88	133,96	31,11	765	149
1680	220	58	179,148	38,35	2786	149
1681	180	1	112,95	3,5	314	149
1683	62	220	85,50	106,90	798	149
1685	53	0	49,40	2,0	424	149
1686	56	55	53,40	62,19	457	149
1687	56	46	56,42	46,28	460	149
1688	63	2	71,51	0,6	472	149
1690	9	7	22,6	3,0	337	149
1695	0	228	2,6	22,16	508	149
1696	117	21	256,145	43,33	3146	149
1697	25	44	26,19	43,37	398	149
1698	40	2	67,39	4,2	618	149
1699	50	25	79,46	40,26	654	149
1700	24	0	36,20	2,0	784	149
1701	24	0	36,20	0,1	768	149
1702	0	11	2,8	7,4	433	149
1705	46	32	74,45	14,18	842	149
1706	20	20	28,16	11,14	1799	149
1708	157	3	281,119	2,2	3035	149
1709	20	42	43,15	55,25	243	149
1710	63	24	79,45	18,5	346	149
1711	54	2	116,70	2,0	587	149
1717	3	0	1,4	0,2	313	149
1718	6	0	22,16	0,1	677	149
1719	6	2	22,16	2,0	808	149
1722	109	165	122,89	61,87	1267	149
1723	8	97	23,20	31,58	936	149
1725	20	205	49,67	41,85	2421	149
1729	2	0	4,1	2,0	1014	149
1736	14	79	44,67	29,51	2668	149
1737	3	65	5,9	50,20	230	149
1748	87	204	107,53	102,51	221	149
1751	485	18	629,250	9,6	1444	149
1752	82	1	45,53	0,0	385	149
1753	22	55	11,8	13,29	256	149
1755	43	178	46,11	170,75	725	149
1756	52	0	50,13	2,0	732	149
1757	252	1	287,135	4,0	1867	149
1758	134	65	157,106	90,34	2186	149
1759	265	162	323,152	81,53	2253	149
1773	18	27	32,17	38,50	332	149
1783	44	5	47,46	2,2	628	149
1784	42	375	42,68	213,175	738	149
1785	9	179	5,7	141,104	236	149
1786	18	173	4,0	86,70	393	149
1788	75	65	65,18	43,24	584	149
1789	40	4	43,10	0,0	460	149
1790	133	2	24,28	0,0	271	149
1791	133	16	24,28	2,1	299	149
1796	14	2	32,30	0,2	475	149
1802	2	0	4,3	2,1	338	149
1803	2	0	8,12	8,5	263	149
1804	9	3	12,20	0,0	511	149
1806	20	75	22,10	34,36	398	149
1808	17	68	16,2	31,32	295	149
1812	8	13	67,33	70,69	487	149
1813	18	5	153,121	22,22	1369	149
1816	63	0	90,41	0,2	1136	149
1817	47	4	81,31	6,4	1045	149
1818	1	4	12,0	15,8	411	149
1819	7	1	22,44	0,0	1614	149
1821	22	0	55,62	1,0	316	149
1824	465	0	365,244	0,2	479	149
1832	4	2	4,6	0,0	332	149
1833	11	1	5,6	2,0	359	149
1846	5	180	46,18	386,154	411	149
1849	16	0	12,10	1,0	406	149
1850	13	4	12,10	2,0	342	149
1859	7	3	38,28	14,14	694	149
1860	1	4	4,0	4,5	1539	149
1863	1	2	38,17	2,0	988	149
1866	10	25	26,4	30,34	1071	149
1867	19	19	143,34	17,7	4953	149
1873	9	127	24,16	70,25	251	149
1874	13	0	40,14	0,2	581	149
1875	10	6	40,14	10,0	486	149
1878	162	50	291,105	45,32	1648	149
1879	46	60	114,41	94,57	1009	149
1881	96	72	126,102	74,50	1937	149
1882	193	0	345,241	2,0	2743	149
1883	194	46	352,242	80,50	2759	149
1884	27	229	47,10	72,51	278	149
1885	0	5	0,3	2,2	248	149
1888	17	37	23,16	8,16	465	149
1889	65	13	67,60	6,11	1246	149
1893	2	15	0,4	10,14	227	149
1894	9	0	4,2	2,0	717	149
1895	0	14	2,0	7,4	230	149
1897	2	0	8,5	2,0	325	149
1898	77	0	195,62	1,3	821	149
1899	2	0	10,4	0,2	402	149
1900	2	16	4,6	10,17	306	149
1903	2	20	23,30	26,20	1069	149
1904	1	22	34,9	24,14	523	149
1906	0	2	2,2	5,7	222	149
1918	28	6	50,26	3,0	304	149
1920	2	5	0,2	4,10	282	149
1923	11	7	15,22	4,4	449	149
1924	48	46	41,29	16,4	376	149
1925	21	4	32,25	0,0	309	149
1926	7	37	2,11	17,14	238	149
1927	10	0	20,21	0,2	902	149
1931	1	1	12,6	5,6	528	149
1933	2	19	10,2	10,2	280	149
1934	0	6	2,2	20,7	284	149
1937	63	104	115,67	135,54	2085	149
1939	267	41	0,6	0,0	828	149
1940	40	80	0,0	2,2	245	149
1944	16	2	29,24	0,0	1951	149
1945	45	14	64,48	16,8	539	149
1950	5	7	9,11	28,22	266	149
1952	2	2	1,6	0,0	300	149
1953	7	11	4,7	10,19	271	149
1957	6	11	7,8	6,13	457	149
1958	2	4	19,15	0,0	601	149
1964	2	7	10,8	13,8	715	149
1965	2	2	14,6	7,5	697	149
1966	51	0	59,57	2,0	150	149
1967	12	91	51,41	131,74	859	149
1968	85	49	102,82	62,27	903	149
1969	12	3	34,17	3,8	767	149
1970	4	7	2,0	21,15	236	149
1971	6	44	21,4	98,80	265	149
1972	86	97	116,54	82,41	1043	149
1973	2	0	0,4	4,3	635	149
1976	0	4	4,0	9,7	227	149
1977	9	5	20,19	16,16	395	149
1983	311	4	474,353	0,0	3447	149
1984	1	10	10,11	18,18	294	149
1988	89	0	104,74	0,6	1113	149
1989	71	3	83,50	2,0	855	149
1995	78	8	301,125	35,38	3379	149
1997	30	30	141,62	45,13	980	149
1998	5	2	22,4	2,0	262	149
1999	20	18	53,45	55,35	721	149
2000	15	3	31,41	0,0	563	149
2004	35	5	3,12	4,2	262	149
2006	59	5	16,19	3,4	315	149
2007	104	2	31,50	2,2	394	149
2011	341	78	204,191	37,52	919	149
2012	281	29	196,173	25,19	630	149
2013	79	4	40,55	0,0	375	149
2014	86	314	45,57	170,119	386	149
2016	4	18	0,0	8,2	280	149
2019	131	1	84,89	0,0	236	149
2022	96	6	258,70	3,11	1804	149
2023	11	21	23,8	10,11	250	149
2024	166	0	334,219	1,0	3073	149
2027	0	25	6,2	12,13	457	149
2030	46	0	65,58	2,0	956	149
2034	78	188	135,126	116,105	715	149
2038	112	123	67,83	103,57	683	149
2042	18	3	18,15	16,12	720	149
2045	111	15	151,56	57,31	544	149
2046	282	6	463,173	2,4	1756	149
2047	182	10	324,119	55,13	1270	149
2050	2	0	4,4	6,2	550	149
2054	3	4	13,10	0,2	740	149
2058	1	4	0,0	2,0	241	149
2067	1	2	0,6	0,8	297	149
2068	14	67	24,12	70,36	234	149
2069	9	116	41,18	163,87	358	149
2071	27	0	71,17	2,0	236	149
2082	2	2	16,18	2,4	1599	149
2084	393	1	607,1568	0,0	152	149
2089	65	0	144,134	6,0	245	149
2091	123	876	126,88	326,165	1916	149
2092	123	60	278,133	118,86	463	149
2094	12	14	43,27	26,12	232	149
2095	2	4	1,4	4,3	237	149
2097	14	25	34,30	18,39	242	149
2098	131	30	697,341	34,23	772	149
2099	122	0	657,333	2,0	729	149
2114	0	1	0,2	0,0	393	149
2115	11	0	39,27	1,0	1272	149
2122	30	12	73,42	8,9	879	149
2123	47	0	144,110	2,0	1142	149
2124	35	34	135,103	43,17	1110	149
2132	98	2	978,577	10,8	5814	149
2136	0	8	5,16	1,6	923	149
2137	0	5	5,16	8,9	1595	149
2141	2	2	4,8	0,3	1033	149
2143	2	1	4,0	0,4	584	149
2144	32	3	31,29	4,13	2020	149
2147	34	1	62,31	14,29	251	149
2149	9	14	13,10	50,36	443	149
2153	33	6	19,25	5,11	243	149
2154	17	27	37,17	24,22	815	149
2162	0	14	2,0	5,18	233	149
2171	0	2	2,0	1,6	449	149
2173	6	0	6,6	0,1	527	149
2178	2	0	0,0	25,5	372	149
2180	2	1	6,4	8,10	345	149
2181	6	0	32,34	4,9	701	149
2187	0	2	9,5	0,0	420	149
2188	0	5	1,2	20,23	239	149
2189	0	9	9,0	34,14	400	149
2190	2	4	5,5	10,10	451	149
2191	2	0	6,4	4,1	423	149
2196	12	13	18,24	11,4	225	149
2199	238	94	451,196	86,61	1223	149
2200	39	0	45,42	2,0	927	149
2201	1216	286	1062,488	124,109	1842	149
2204	20	0	35,13	0,4	391	149
2205	2	2	8,3	1,4	268	149
2211	491	2	657,337	6,11	3237	149
2215	6	4	1,0	0,0	295	149
2217	0	9	2,0	3,2	367	149
2219	2	30	4,14	14,16	269	149
2220	0	19	1,15	18,17	277	149
2222	2	1	2,4	0,2	728	149
2223	2	14	2,5	11,5	348	149
2225	118	50	148,94	91,50	1337	149
2226	170	4	207,130	3,0	2092	149
2227	59	41	68,38	85,37	840	149
2228	9	40	14,4	33,45	229	149
2233	6325	68	720,878	0,0	721	149
2234	23	84	205,25	46,33	764	149
2235	4	34	25,11	16,10	276	149
2237	2	12	5,2	51,22	239	149
2238	3	16	24,12	15,16	668	149
2240	8	106	1,14	118,73	479	149
2241	1	60	3,6	90,35	246	149
2245	2	9	1,0	18,25	220	149
2254	39	22	47,24	29,12	251	149
2255	35	5	42,19	3,5	244	149
2256	4	10	30,34	15,10	1255	149
2258	5	0	35,35	4,0	1278	149
2259	110	13	200,196	3,5	2339	149
2260	6	2	6,6	8,11	2130	149
2261	6	24	51,37	32,7	794	149
2262	30	16	152,81	37,18	3088	149
2263	109	26	179,98	22,21	2964	149
2264	97	11	174,74	16,7	2591	149
2266	0	2	5,1	2,2	649	149
2269	73	14	100,66	6,14	2911	149
2273	118	102	89,33	93,43	599	149
2276	105	0	84,50	0,2	363	149
2277	6	42	3,3	34,25	235	149
2279	37	0	162,95	2,2	839	149
2282	16	1	74,42	2,4	1046	149
2284	5	7	10,10	6,2	359	149
2285	5	0	10,10	0,2	374	149
2288	22	4	31,13	6,0	248	149
2289	110	15	84,28	21,12	251	149
2293	46	368	54,45	164,200	386	149
2294	52	3	57,47	0,2	388	149
2295	144	930	106,117	629,624	512	149
2296	18	1195	17,20	837,999	269	149
2298	221	1104	338,269	813,932	397	149
2299	836	4	822,751	4,4	459	149
2308	0	4	4,0	10,22	308	149
2311	4	16	2,3	3,6	235	149
2317	2	21	3,20	11,31	220	149
2318	26	7	86,51	11,0	1756	149
2319	2	10	1,0	2,18	283	149
2320	8	21	16,5	38,25	725	149
2324	0	2	6,4	2,2	607	149
2325	6	39	2,0	42,48	254	149
2345	487	177	827,394	152,78	1365	149
2354	2	7	20,4	6,10	227	149
2355	13	4	46,157	2,2	504	149
2357	34	2	76,38	7,2	1978	149
2358	0	10	6,5	6,9	1389	149
2359	64	12	340,136	10,1	3812	149
2364	2873	16859	1826,428	2049,977	2271	149
2369	11	39	9,2	40,27	589	149
2370	8	0	4,0	1,0	571	149
2371	11107	52821	1631,1515	61054,47406	452	149
2372	9991	9	1145,1052	5,10	428	149
2373	26233	247	23593,15090	51,34	372	149
2374	4830	46498	679,367	43611,33044	338	149
2375	2	198	0,0	94,50	233	149
2376	8	191	6,14	57,58	1086	149
2378	14	7	13,25	14,11	976	149
2380	29	24	55,25	14,13	1410	149
2383	181	322	228,126	281,155	434	149
2384	284	7	402,217	3,2	408	149
2385	1346	190	2234,1539	84,38	1364	149
2386	454	0	330,280	3,0	521	149
2388	24	2	39,18	1,2	252	149
2389	86	5	112,81	5,4	807	149
2392	5	1	6,2	0,0	347	149
2394	58	1	78,25	6,4	872	149
2397	4	23	10,7	9,0	219	149
2401	1	0	1,0	0,2	270	149
2405	10	7	36,26	0,4	1182	149
2407	7	35	31,30	42,18	238	149
2408	48	3	61,53	4,2	362	149
2410	195	251	357,211	215,61	4942	149
2412	2	0	1,0	1,1	331	149
2413	37	54	79,310	33,77	1164	149
2414	17	12	8,1	23,27	249	149
2416	216	2	692,395	0,0	1767	149
2417	0	5	8,4	5,3	347	149
2419	122	228	103,44	132,69	719	149
2421	220	310	222,133	270,238	527	149
2422	28	9	67,22	9,13	864	149
2423	82	75	68,20	78,24	1017	149
2424	295	4	325,117	8,2	1233	149
2425	11	133	18,14	142,162	353	149
2426	195	136	251,137	285,209	2308	149
2427	103	241	80,87	444,315	1018	149
2428	26	627	35,27	776,838	446	149
2429	125	411	150,114	626,543	347	149
2430	232	3	289,253	3,0	443	149
2431	237	2	300,262	0,0	491	149
2440	28	15	54,8	16,0	2675	149
2441	4	4	22,14	0,0	430	149
2443	78	41	15,13	13,14	352	149
2446	4	0	6,14	0,2	796	149
2447	4	2	6,14	6,4	788	149
2448	158	3	165,58	5,0	385	149
2449	472	92	557,241	37,60	1166	149
2450	15	0	17,32	4,15	918	149
2453	17	22	5,2	14,9	281	149
2454	6	4	0,5	10,10	233	149
2455	69	159	38,28	102,102	381	149
2456	107	3	57,34	0,2	447	149
2457	109	112	59,34	77,70	451	149
2458	131	18	75,47	3,4	610	149
2459	38	91	21,14	37,16	227	149
2460	42	2	23,23	0,1	234	149
2461	36	2	18,14	0,2	203	149
2462	137	5	94,55	1,0	792	149
2463	22	85	20,8	24,14	252	149
2466	85	8	45,36	1,0	654	149
2467	85	1	45,36	0,0	658	149
2468	6	0	6,4	3,0	2076	149
2471	0	2	2,6	2,0	668	149
2474	1	12	19,15	48,18	415	149
2475	8	8	16,8	6,3	377	149
2480	18	470	8,29	54,161	237	149
2481	242	1142	53,124	233,270	296	149
2482	208	223	40,79	59,105	281	149
2487	2	37	1,0	28,11	259	149
2488	4	17	21,14	54,55	592	149
2489	0	2	2,0	8,18	243	149
2492	103	7	129,60	13,10	1845	149
2493	264	4487	27,70	333,772	441	149
2494	139	4527	32,46	602,1299	364	149
2495	121	4939	17,17	497,1142	419	149
2496	0	2	2,0	0,0	241	149
2499	3210	0	1921,1884	0,2	1031	149
2501	103	384	114,105	197,187	3015	149
2503	90	197	71,28	91,77	1397	149
2505	4	4	16,4	5,2	463	149
2507	65	470	87,72	260,221	1378	149
2510	51	538	79,58	340,310	1800	149
2511	285	7	229,180	12,5	1862	149
2512	20	278	32,12	181,207	366	149
2513	19	1	27,12	0,2	323	149
2515	565	2	344,179	1,0	558	149
2521	8	16	34,17	22,18	336	149
2522	6	0	29,17	2,1	318	149
2523	14	9	13,21	8,7	1311	149
2525	6	0	3,15	2,0	1348	149
2529	73	46	178,25	64,29	508	149
2533	38	355	30,12	329,302	909	149
2536	266	95	187,116	57,23	3508	149
2537	26	10	106,89	0,3	4174	149
2540	28	62	14,7	14,15	236	149
2541	8	74	31,7	119,39	293	149
2543	2	65	24,11	93,41	301	149
2547	17	123	34,22	84,37	1265	149
2548	182	341	264,140	136,85	4273	149
2549	4	0	1,3	0,4	327	149
2554	18	0	24,4	4,0	280	149
2557	56	234	1258,664	599,258	795	149
2558	97	289	1371,324	522,185	317	149
2559	3211	21	17615,5847	9,1	2903	149
2564	8	0	0,0	2,0	868	149
2568	20	73	21,37	188,132	998	149
2569	0	2	2,0	12,3	366	149
2570	2	4	12,10	27,20	1062	149
2571	8	7	4,0	10,8	629	149
2576	0	4	4,2	2,5	226	149
2596	109	0	543,644	2,0	882	149
2607	8	5	24,11	4,8	354	149
2608	4	0	0,10	0,4	547	149
2609	2	8	2,2	53,94	324	149
2610	186	210	391,284	240,200	1211	149
2617	134	1	142,297	0,1	1975	149
2625	1	2	0,1	0,0	286	149
2627	0	1	2,2	1,5	501	149
2628	2	15	0,0	12,26	796	149
2631	0	47	0,2	35,83	466	149
2636	5	0	26,32	10,14	814	149
2638	6	2	2,8	2,10	384	149
2640	0	3	2,0	2,4	386	149
2643	32	94	65,32	35,30	408	149
2644	31	0	63,32	2,0	392	149
2645	31	20	56,63	52,23	837	149
2649	18	3	52,72	0,1	309	149
2650	42	1	153,199	0,10	627	149
2652	35	4	130,162	2,5	460	149
2653	29	3	120,141	0,0	382	149
2655	25	1	1,4	0,0	1575	149
2657	9	0	18,2	4,0	389	149
2658	6	4	11,0	0,0	327	149
2659	6	0	6,0	2,6	312	149
2664	41	0	214,206	2,6	1163	149
2670	53	23	145,81	24,11	836	149
2671	3	39	6,1	29,6	237	149
2674	375	0	459,585	0,1	2608	149
2678	611	123	548,311	142,32	1335	149
2680	5	2	45,34	6,11	652	149
2681	21369	2480	156,195	23,30	2254	149
2682	61	5520	0,2	28,31	2370	149
2691	2	24	4,4	18,18	256	149
2694	2	6	2,6	3,3	290	149
2695	11	22	14,19	23,27	369	149
2696	4	12	0,8	6,5	248	149
2697	0	2	4,2	2,2	259	149
2698	0	2	6,0	2,2	259	149
2706	0	1	0,1	2,0	219	149
2709	34	75	77,34	94,59	236	149
2710	93	5	642,440	27,12	4522	149
2714	12	44	29,18	39,21	290	149
2721	274	43	321,442	8,19	497	149
2722	267	1	440,223	0,0	640	149
2724	13	27	6,8	8,10	307	149
2725	70	4	67,54	1,0	257	149
2726	97	0	113,101	2,2	405	149
2727	4	20	11,7	22,34	434	149
2728	2	2	9,4	0,0	404	149
2730	92	3	19,6	0,0	270	149
2733	2	0	17,20	0,2	732	149
2734	121	26	85,100	12,10	2470	149
2735	1	1	6,0	0,6	236	149
2740	12	1	0,2	0,2	475	149
2744	2	4	4,0	6,7	939	149
2750	6	50	5,6	31,19	420	149
2752	0	31	0,6	47,48	233	149
2754	3	51	3,3	50,32	301	149
2757	46	51	146,61	76,42	1852	149
2759	0	19	10,8	24,28	499	149
2761	239	105	236,127	8,4	759	149
2762	184	4	179,97	0,0	584	149
2763	99	3	57,24	0,0	280	149
2764	64	307	48,21	125,107	276	149
2765	0	23	1,2	16,17	854	149
2771	16	42	16,25	27,67	616	149
2772	17	438	17,26	337,467	619	149
2773	373	47	502,154	55,60	1348	149
2774	36	6	69,49	18,7	961	149
2777	24	139	32,12	54,18	803	149
2778	92	8	62,42	2,3	857	149
2779	0	15	13,6	11,14	831	149
2780	2	25	12,18	42,30	775	149
2781	21	201	47,29	154,90	412	149
2783	46	14	76,54	23,20	1614	149
2784	20	112	29,4	49,29	317	149
2789	17	108	41,24	167,77	226	149
2791	3	43	1,2	45,40	330	149
2792	111	227	58,22	70,75	317	149
2793	109	86	56,22	20,25	314	149
2794	109	6	56,22	1,4	311	149
2797	47	158	68,39	200,162	1101	149
2800	120	0	84,29	1,0	233	149
2803	6	12	6,10	3,6	343	149
2814	41	0	39,45	2,0	693	149
2815	8	24	6,16	6,9	617	149
2816	8	2	47,39	3,4	229	149
2817	62	4	141,62	6,4	461	149
2819	170	72	409,279	143,136	4414	149
2820	196	24	1037,1000	61,77	6889	149
2822	102	66	44,59	25,13	900	149
2826	336	0	332,129	2,0	621	149
2827	362	2	346,137	2,2	687	149
2828	113	129	112,46	78,56	1637	149
2830	180	1181	99,131	549,671	1229	149
2833	25	81	40,35	89,76	1657	149
2836	2	57	10,18	61,35	606	149
2838	2	32	8,0	30,22	700	149
2839	2	50	0,2	40,21	249	149
2840	1	53	3,2	29,33	623	149
2841	4	71	6,9	60,44	398	149
2844	54	2	62,44	2,2	4833	149
2847	104	2	117,42	0,1	941	149
2848	10	80	57,28	76,44	721	149
2849	62	25	128,73	20,15	1133	149
2850	117	6	208,149	0,3	1255	149
2851	667	400	455,233	99,45	651	149
2854	0	32	0,3	12,37	227	149
2859	2	0	13,18	0,2	743	149
2861	2	178	12,14	2,8	231	149
2866	4	1	36,14	3,2	1128	149
2867	70	0	78,62	0,2	1253	149
2870	2	1	4,8	1,0	478	149
2871	23	2	58,32	10,9	1077	149
2875	2	0	12,4	1,2	431	149
2877	6	18	4,2	19,42	248	149
2878	4	27	4,10	3,11	279	149
2885	73	7677	72,28	4492,4014	244	149
2886	154	6253	117,153	3246,4367	238	149
2887	35	5427	47,20	3950,5056	232	149
2888	348	15263	302,182	11370,6891	257	149
2889	996	2	634,421	0,0	524	149
2890	242	18035	247,160	14691,11350	515	149
2892	1	20	3,5	38,36	329	149
2894	49	32	84,35	66,34	1173	149
2896	57	33	123,77	98,58	2873	149
2897	45	0	31,10	1,2	1203	149
2898	47	53	31,10	78,31	1219	149
2901	22	18	16,14	14,5	2022	149
2902	24	17	28,15	14,13	3144	149
2908	14	2	27,35	0,0	1784	149
2910	59	184	84,45	288,146	474	149
2911	3	165	4,1	128,72	235	149
2912	49	311	34,16	159,91	477	149
2915	12	185	8,3	51,20	232	149
2916	31	12	27,17	3,0	1795	149
2924	22	0	4,30	0,6	268	149
2933	4	7	3,3	10,6	415	149
2942	0	4	0,4	2,4	286	149
2945	0	53	0,1	8,23	457	149
2946	2	18	2,0	0,2	475	149
2951	9	40	9,7	24,16	480	149
2952	419	2	660,231	2,0	1488	149
2953	175	13	230,148	25,4	563	149
2954	0	25	6,0	69,46	376	149
2955	9	86	17,26	164,108	356	149
2957	6	3	8,5	0,0	366	149
2958	3	0	0,0	2,0	288	149
2962	2	6	0,2	5,3	451	149
2963	6	2	2,2	6,7	1005	149
2966	2	1	0,1	0,0	274	149
2970	64	9	75,36	7,0	268	149
2971	0	60	3,1	67,78	223	149
2974	0	56	4,2	100,91	243	149
2977	8	4	33,22	8,9	341	149
2978	2	15	0,1	44,76	256	149
2981	1	2	7,6	9,10	370	149
2982	1	0	7,4	2,0	348	149
2984	53	16	46,50	17,5	495	149
2985	0	32	3,5	23,54	239	149
2986	0	61	0,3	84,119	229	149
2987	2	54	9,18	85,73	242	149
2988	4	1	10,22	3,2	1203	149
2989	4	42	13,2	18,29	248	149
2990	11	68	19,7	97,105	226	149
2991	6	78	5,18	116,110	222	149
2992	22	72	32,54	75,71	811	149
2994	16	29	11,11	20,44	480	149
2996	4	47	11,2	54,76	257	149
2998	7	65	30,31	63,69	374	149
2999	65	9	85,74	1,0	249	149
3000	6	0	8,2	5,2	246	149
3001	3	4	8,2	0,2	220	149
3002	0	2	2,2	0,0	226	149
3006	162	277	233,148	266,138	881	149
3007	2032	13	2484,1279	2,0	1640	149
3015	14	14	2,8	6,3	360	149
3016	14	8	0,8	0,2	243	149
3018	2	2	0,0	0,5	477	149
3019	7	12	128,80	89,46	297	149
3020	44	0	594,358	2,0	439	149
3025	23	2	38,22	0,0	796	149
3026	22	4	38,27	0,0	1336	149
3027	112	1609	87,79	1376,1360	258	149
3028	139	59	264,103	37,14	685	149
3030	733	11	1146,512	15,0	1869	149
3031	634	8	1030,473	10,10	1534	149
3032	823	8	1716,1055	2,2	3467	149
3042	305	145	113,45	80,50	829	149
3045	1	0	3,5	6,4	496	149
3046	28	120	61,131	234,346	240	149
3047	6	0	41,13	0,2	894	149
3049	1	4	0,0	3,4	271	149
3053	4	4	2,0	13,0	252	149
3056	16	17	17,20	13,3	1105	149
3058	6	148	11,2	243,212	410	149
3060	12	153	23,13	238,162	328	149
3061	13	176	33,22	237,155	264	149
3062	9	118	11,5	125,110	350	149
3064	30	78	101,176	118,74	1789	149
3067	9	141	35,24	165,131	1048	149
3068	11	43	58,19	74,39	383	149
3071	13	12	29,30	21,14	291	149
3072	13	8	30,30	8,10	294	149
3074	14	27	53,25	79,71	762	149
3075	20	10	28,58	9,6	706	149
3078	15	8	24,13	9,9	760	149
3080	6	16	17,28	16,22	865	149
3081	14	2	15,26	2,0	1948	149
3083	56	0	84,34	0,1	310	149
3084	32	64	192,36	68,33	376	149
3087	13	12	11,21	40,44	429	149
3091	108	3189	158,79	1815,1425	1784	149
3092	2	12	0,6	71,29	408	149
3093	236	67	523,309	34,33	2218	149
3099	0	4	3,2	0,5	400	149
3102	12	0	20,23	0,5	544	149
3103	12	0	20,23	0,2	549	149
3110	7	2	1,31	2,7	240	149
3111	80	19	171,117	8,1	1507	149
3116	40	31	27,14	20,2	609	149
3119	28	37	50,22	34,47	1550	149
3120	26	100	17,12	68,86	613	149
3121	10	163	16,3	128,161	284	149
3123	10	5	8,8	6,8	1109	149
3124	243	394	243,205	1175,392	1673	149
3125	1453	49	3660,1622	402,96	3274	149
3126	315	14	316,164	19,4	1790	149
3127	0	4	58,52	0,8	1798	149
3128	28	62	49,54	25,31	3186	149
3129	7	78	10,5	42,30	373	149
3131	5	40	13,10	17,16	929	149
3132	6	28	4,4	15,8	294	149
3133	39	25	44,28	17,15	1494	149
3135	39	2	44,28	0,0	1452	149
3138	54	125	106,39	101,63	1507	149
3141	0	4	6,5	15,7	292	149
3143	0	1	11,14	9,6	736	149
3148	1	24	0,0	17,48	394	149
3149	3	1	1,14	0,2	585	149
3150	8	0	26,13	2,0	2841	149
3152	6	4	8,8	6,8	258	149
3153	14	81	45,23	75,48	486	149
3154	34	9	48,38	20,13	1041	149
3155	33	36	47,38	53,40	1038	149
3165	0	1	4,2	0,0	452	149
3166	7	123	2,16	46,44	227	149
3171	19	0	87,48	0,8	4374	149
3172	5	0	19,9	2,0	241	149
3173	5	0	20,9	2,0	246	149
3176	688	2	2681,1821	19,10	11605	149
3177	12	3	5,4	1,0	251	149
3178	28	1319	25,31	795,969	239	149
3179	408	90	653,421	39,8	671	149
3181	1	8	3,3	12,6	341	149
3189	114	65	78,58	83,123	1597	149
3190	90	323	53,22	63,56	754	149
3191	153	6	96,40	1,0	2017	149
3192	58	283	49,15	28,23	1311	149
3193	118	4	81,73	2,2	1592	149
3194	4	2	4,7	0,0	372	149
3195	3226	0	3263,1696	0,2	745	149
3199	3	0	11,2	1,0	259	149
3201	15	0	46,73	5,2	956	149
3202	11	0	18,17	3,5	986	149
3210	47	21	170,158	27,25	2243	149
3212	79	2	229,142	0,0	399	149
3213	6	2	6,7	0,0	465	149
3214	107	88	146,56	64,34	2043	149
3217	2	0	3,4	2,0	360	149
3219	151	115	300,171	47,52	790	149
3221	15	2	53,38	9,3	422	149
3222	20	0	118,106	0,4	239	149
3226	46	320	147,100	312,245	1597	149
3230	0	7	6,0	8,5	523	149
3233	1	7	4,0	4,9	378	149
3234	1	0	2,2	0,2	389	149
3237	168	263	12,47	37,38	386	149
3238	605	182	41,88	12,13	949	149
3239	725	151	65,92	25,20	755	149
3240	42	828	33,29	751,895	343	149
3242	43	821	31,58	685,915	470	149
3244	71	6	179,97	12,7	526	149
3247	2	6	4,2	5,5	301	149
3248	9	2	14,6	0,0	361	149
3249	15	32	22,7	44,23	332	149
3250	6	0	54,66	6,0	1118	149
3252	2	0	0,0	11,2	397	149
3253	5	2	18,6	3,0	1418	149
3254	5	0	18,6	2,0	1451	149
3261	0	1	2,0	0,0	347	149
3263	475	1	49,12	0,0	600	149
3265	207	39	123,90	34,30	718	149
3280	9	59	37,21	70,100	591	149
3282	9	0	37,21	1,0	595	149
3283	720	2	274,112	1,0	233	149
3287	36	2	42,37	2,0	509	149
3289	2293	6	2823,2005	11,4	432	149
3290	1513	0	1902,1408	2,0	323	149
3291	5972	888	6779,5811	450,358	1385	149
3292	5192	12	5858,5214	9,4	1276	149
3293	3896	0	4194,3959	1,0	1015	149
3295	558	1084	517,332	748,497	364	149
3296	499	1280	300,294	1033,473	525	149
3297	163	835	115,69	611,520	380	149
3298	106	999	83,82	795,708	263	149
3301	720	1	393,135	0,2	1577	149
3305	17	21	38,24	24,43	1406	149
3306	5	6	0,5	10,17	420	149
3310	2	0	0,0	2,0	424	149
3314	1	28	10,6	41,61	603	149
3317	3	15	0,10	3,8	225	149
3318	17	1	12,16	0,0	814	149
3320	488	43	529,220	20,13	1705	149
3322	0	12	4,2	10,26	371	149
3324	1	6	2,2	52,37	387	149
3328	24	2	29,26	0,0	301	149
3329	82	14	92,39	3,12	2923	149
3331	0	1	0,1	0,0	345	149
3340	16	15	11,7	3,10	429	149
3341	15	23	6,9	2,0	431	149
3345	7	11	11,15	14,15	404	149
3349	10	2	12,6	0,2	275	149
3353	2	5	7,4	14,13	220	149
3360	104	2	150,108	1,3	543	149
3361	140	25	191,151	23,23	1701	149
3362	0	8	2,2	11,14	262	149
3363	2	0	6,4	11,22	710	149
3369	18	48	11,14	38,31	230	149
3372	17	4	62,35	2,2	1583	149
3373	2	8	2,2	64,23	552	149
3375	61	14	150,69	31,15	1583	149
3377	0	4	0,6	2,2	491	149
3381	0	9	0,2	9,1	376	149
3382	7	33	8,6	60,65	374	149
3383	2	16	32,15	11,3	1082	149
3385	14	17	5,0	5,8	638	149
3388	8	23	16,11	16,14	269	149
3392	15	4	49,39	11,16	1861	149
3394	12	86	7,4	9,6	430	149
3396	12	67	17,6	6,7	577	149
3397	37	114	3,2	4,7	401	149
3399	14	306	3,0	26,14	307	149
3401	37	8	40,41	3,0	1196	149
3402	46	28	40,41	6,4	1229	149
3403	16	368	31,16	368,332	360	149
3404	25	409	43,35	457,315	328	149
3405	280	160	250,113	85,64	913	149
3406	32	163	15,7	150,85	240	149
3408	31	0	33,16	2,0	500	149
3409	20	20	20,5	11,0	357	149
3411	38	87	24,8	31,10	1550	149
3417	7	12	42,9	30,9	1205	149
3418	3	57	6,11	72,36	248	149
3419	63	0	150,118	4,0	866	149
3422	2	15	8,2	13,11	246	149
3424	78	100	104,63	85,30	1519	149
3426	7	0	8,5	0,2	320	149
3430	6	26	18,15	40,25	1648	149
3433	108	2	353,293	6,2	1406	149
3434	75	10	28,26	1,2	469	149
3437	30	13	26,14	15,16	965	149
3438	0	2	0,2	0,0	283	149
3442	21	0	103,36	2,0	314	149
3443	2	4	7,10	16,5	230	149
3444	0	5	2,2	24,8	264	149
3447	142	148	270,317	93,140	1474	149
3448	17	182	122,117	66,87	228	149
3452	0	4	7,40	14,26	633	149
3455	14	0	6,83	2,0	893	149
3458	46	0	71,34	1,0	525	149
3459	2	21	25,9	53,3	301	149
3462	18	302	37,31	408,182	335	149
3464	0	2	2,0	3,4	473	149
3465	0	7	0,2	31,13	272	149
3468	7	63	6,10	20,24	339	149
3472	190	4	885,1049	2,12	1820	149
3477	50	2	35,16	2,3	262	149
3478	13	44	64,79	74,145	1516	149
3479	5	336	68,74	270,656	1227	149
3483	0	32	0,4	67,94	258	149
3485	4	22	11,5	27,11	235	149
3486	21	47	27,8	59,44	1498	149
3487	52	36	67,41	50,38	2230	149
3488	46	42	63,36	42,16	2125	149
3491	1309	2	2264,870	6,6	1477	149
3493	15	0	11,22	5,0	336	149
3494	2	8	6,2	0,0	677	149
3501	169	2	305,139	0,0	1635	149
3508	179	2	74,49	2,6	463	149
3509	151	403	32,38	117,41	341	149
3510	6	26	0,0	32,53	244	149
3511	28	0	10,7	2,2	746	149
3514	9	1	16,17	0,1	348	149
3519	74	76	17,6	24,14	485	149
3521	621	41	1472,861	22,26	2626	149
3522	10	23	14,11	48,45	227	149
3525	26	33	42,36	66,43	289	149
3526	131	17	196,136	23,11	1580	149
3527	73	36	170,123	47,36	1441	149
3528	74	43	147,124	51,32	1370	149
3529	61	72	83,78	93,39	912	149
3531	2	13	3,6	20,9	518	149
3532	102	2	173,124	12,5	1895	149
3534	91	105	46,88	122,87	331	149
3535	10	31	20,6	66,38	339	149
3536	225	14	635,335	36,20	3581	149
3537	225	12	635,338	11,4	3593	149
3538	139	0	125,104	1,6	447	149
3539	14	170	25,41	86,115	385	149
3540	5	29	12,6	23,4	267	149
3541	6	54	12,10	29,13	270	149
3542	37	73	58,37	80,34	1065	149
3543	0	14	0,2	8,17	276	149
3545	38	3	139,74	2,1	2231	149
3548	9	105	44,31	83,163	1157	149
3550	268	284	522,364	322,159	664	149
3551	6	34	19,6	31,11	228	149
3558	15	4	32,25	20,24	262	149
3563	0	63	3,0	134,115	228	149
3565	46	28	194,82	54,40	2529	149
3569	28	65	30,13	43,11	242	149
3572	12	0	58,66	7,8	458	149
3573	26	33	27,25	16,20	1355	149
3585	29	47	36,14	44,22	1440	149
3592	2	2	7,19	9,5	371	149
3600	2	4	4,0	4,3	950	149
3601	58	59	72,53	39,37	1443	149
3603	9768	1391	9307,9981	1377,1476	1289	149
3604	7	2	5,3	2,2	342	149
3605	9	0	10,7	2,0	388	149
3612	4	1	6,6	2,0	253	149
3620	13	0	18,22	2,0	295	149
3631	0	4	2,2	8,0	1106	149
3633	57	752	23,20	364,295	407	149
3634	94	71	257,115	132,57	504	149
3635	393	28	822,542	93,53	1535	149
3636	2	6	1,0	6,20	296	149
3640	4	9	2,0	10,6	357	149
3642	16	2	72,64	6,9	709	149
3644	7	8	3,0	0,4	1666	149
3647	12	5	25,18	23,3	1593	149
3650	0	1	4,6	8,11	333	149
3661	41	0	105,49	0,4	730	149
3663	18	0	27,42	0,2	1659	149
3665	18	2	29,42	2,0	1750	149
3666	2	21	0,4	10,26	442	149
3670	30	3	89,61	2,0	1303	149
3671	12	11	25,18	14,9	838	149
3678	16	2	6,16	0,0	585	149
3688	1	2	0,6	0,3	1246	149
3700	2	0	0,0	2,0	232	149
3703	331	0	607,259	9,0	261	149
3705	1184	35	1535,1491	55,8	1665	149
3706	708	13	897,913	0,1	1074	149
3713	23	17	125,62	55,24	1213	149
3714	2	4	23,20	3,0	828	149
3715	69	77	65,42	108,84	641	149
3719	110	14	372,338	14,30	498	149
3720	15	26	49,30	59,54	1695	149
3722	1	1	4,7	12,15	253	149
3723	7	0	20,32	0,2	1275	149
3724	7	0	20,32	1,2	1271	149
3728	38	31	328,195	59,23	4259	149
3729	48346	103	23422,35192	33,38	3324	149
3730	58	0	41,14	0,2	481	149
3731	19	72	17,8	33,30	449	149
3732	14	33	59,36	49,27	954	149
3733	13	19	36,12	23,4	385	149
3735	48	8	66,25	32,13	500	149
3740	244	1	392,284	4,6	2020	149
3743	46	671	44,30	482,284	463	149
3746	1	2	10,18	0,0	1253	149
3748	293	95	120,95	50,37	820	149
3751	28	19	14,9	1,2	709	149
3754	0	2	2,0	0,0	632	149
3756	1	15	8,3	24,2	236	149
3757	121	886	140,128	208,243	1155	149
3758	2	33	4,13	35,21	307	149
3771	36	142	32,13	127,78	740	149
3773	284	2	265,209	2,2	1078	149
3774	374	15	348,291	18,1	1330	149
3775	0	1	5,2	2,6	239	149
3776	2	0	10,4	3,4	670	149
3777	0	76	8,2	38,54	429	149
3778	9	0	27,15	6,0	777	149
3779	7	14	15,10	14,2	317	149
3780	2	6	19,23	19,9	683	149
3784	15	1	180,360	2,14	761	149
3788	46	140	71,41	61,36	489	149
3789	23	135	60,32	67,66	238	149
3793	151	141	26,14	26,45	2242	149
3794	16	56	2,4	18,31	1340	149
3796	0	1	2,2	0,0	263	149
3800	4	71	0,17	1,79	241	149
3805	13	6	41,28	12,13	762	149
3810	2	0	0,0	2,0	286	149
3811	4	9	4,2	11,7	257	149
3812	0	5	0,6	10,3	229	149
3813	42	46	62,41	23,10	926	149
3814	78	43	105,53	30,28	412	149
3815	6	22	16,21	31,26	406	149
3825	0	4	2,2	0,0	311	149
3826	421	15	433,324	3,9	1799	149
3828	45	23	47,32	28,28	758	149
3835	68	13	172,78	8,6	1827	149
3836	20	7	30,12	3,12	840	149
3843	50	2	31,31	0,0	248	149
3844	134	1	99,100	0,0	1100	149
3845	72	16	58,55	4,5	279	149
3846	7	112	24,12	90,59	710	149
3847	533	2	253,378	0,0	1162	149
3853	2	15	4,8	13,11	235	149
3856	4	19	9,6	16,17	296	149
3860	2	0	0,0	1,0	454	149
3865	6	4	17,22	8,14	1354	149
3868	0	14	7,6	35,29	463	149
3874	0	1	2,0	1,4	291	149
3877	8	4	9,18	0,0	583	149
3887	11	0	2,6	0,6	334	149
3889	4	0	10,22	0,1	278	149
3893	0	3	8,4	10,7	313	149
3894	2	2	11,2	7,4	396	149
3897	7	46	3,4	42,58	245	149
3899	17	31	15,8	54,31	529	149
3900	5	27	0,2	30,48	234	149
3911	78	6	18,17	0,0	784	149
3912	62	2	2,10	0,0	281	149
3913	11	3007	18,11	2099,2537	355	149
3915	240	8	139,97	6,3	603	149
3916	104	6	89,63	0,0	398	149
3919	12	30	28,20	16,7	384	149
3921	7	30	13,20	17,10	1533	149
3922	3	26	22,14	30,6	494	149
3924	7	9	28,18	18,5	575	149
3926	4	3	5,15	3,3	885	149
3928	2	16	5,2	14,26	560	149
3929	11	33	15,15	28,10	418	149
3932	4	0	0,4	2,0	1606	149
3935	1	0	1,4	2,13	608	149
3936	15	0	25,38	2,0	501	149
3937	2	27	2,10	10,23	392	149
3938	1	8	0,4	10,15	317	149
3939	1	6	0,4	6,9	314	149
3940	1	2	2,4	2,0	326	149
3941	1	0	2,4	2,1	323	149
3942	95	0	146,79	1,0	314	149
3943	51	0	80,65	2,0	238	149
3958	2	3	8,1	13,8	233	149
3963	2	4	0,0	4,2	263	149
3971	3	4	1,6	9,19	276	149
3976	36	15	77,63	8,8	1548	149
3983	5	3	6,13	0,0	328	149
3985	40	5	99,102	2,2	1770	149
3986	70	35	47,51	19,23	479	149
3987	45	0	31,34	0,1	441	149
3988	33	130	27,33	94,93	429	149
3989	17	1	16,26	2,0	247	149
3990	46	306	50,51	226,257	367	149
3991	10	407	6,1	385,453	245	149
4000	4	12	12,8	15,15	401	149
4001	4	20	12,8	25,25	407	149
4002	1139	3	966,538	2,0	1959	149
4005	4	10	4,18	0,7	1251	149
4007	0	6	0,2	2,20	416	149
4008	19	4	8,14	6,4	982	149
4009	41	3	74,36	9,3	2909	149
4013	8	5	61,35	38,11	895	149
4017	4	14	0,3	36,33	258	149
4018	7	26	30,16	45,30	692	149
4019	18	9	43,23	8,4	428	149
4020	10	8	31,10	37,12	1030	149
4021	8	17	43,14	25,18	913	149
4022	22	9	104,52	24,18	1610	149
4023	184	7	175,71	0,0	1082	149
4024	2	3	4,5	8,2	385	149
4025	10	22	11,19	11,8	1044	149
4026	12	11	8,12	13,20	385	149
4028	92	0	140,99	2,0	268	149
4029	60	87	138,53	144,84	749	149
4031	251	5	288,117	9,2	477	149
4032	651	0	796,307	3,0	1117	149
4033	289	6	442,197	18,9	661	149
4034	32	41	31,16	25,27	236	149
4035	0	2	4,2	1,4	306	149
4037	692	0	782,596	2,2	669	149
4038	5	0	20,28	2,0	614	149
4039	7	27	37,44	72,82	364	149
4042	66	646	144,89	925,576	229	149
4045	0	14	1,0	10,8	349	149
4046	4	12	0,6	19,21	278	149
4061	1	0	8,7	2,4	483	149
4069	835	49	616,272	18,44	4052	149
4071	487	0	355,215	2,0	2631	149
4072	5	0	10,4	2,0	958	149
4073	5	0	10,4	0,1	961	149
4076	8	25	1,0	59,51	478	149
4078	7	103	96,66	401,130	874	149
4079	50	2	65,59	0,0	633	149
4080	41	1	114,69	0,0	872	149
4091	5	47	30,18	66,48	335	149
4095	50	0	403,279	0,5	5850	149
4098	10	2	0,10	0,11	615	149
4100	4	0	30,8	6,0	241	149
4103	47	175	34,43	67,69	746	149
4105	22	74	55,73	93,53	1518	149
4106	2	0	2,2	1,0	243	149
4107	29	4	8,6	2,0	481	149
4108	2	38	2,1	18,17	267	149
4109	0	11	2,1	3,9	258	149
4113	0	4	0,2	2,1	348	149
4123	0	13	1,4	12,26	432	149
4124	0	46	1,1	46,60	250	149
4125	1039	2634	0,2	19,33	320	149
4127	4	8	8,0	7,2	228	149
4131	4	0	16,7	3,0	898	149
4133	3	5	16,2	9,8	454	149
4137	17	31	87,43	19,24	1433	149
4138	34	117	101,79	183,139	310	149
4140	17	12	18,15	72,34	323	149
4143	0	164	3,8	151,110	306	149
4144	39	302	59,31	150,167	970	149
4148	31	0	63,50	1,0	2891	149
4154	4	2	2,4	0,8	450	149
4155	3	1	14,10	0,0	655	149
4157	10	8	34,33	13,5	991	149
4159	1609	16	2008,1317	11,12	2889	149
4160	6	121	24,4	135,40	344	149
4161	4	7	17,4	0,2	309	149
4163	6	4	10,6	8,0	1974	149
4165	42	94	75,42	93,31	531	149
4172	201	74	75,41	20,1	330	149
4173	355	90	161,57	43,14	807	149
4174	2	0	20,20	2,3	605	149
4175	6	2	24,27	2,2	520	149
4179	4	48	6,49	38,58	581	149
4180	4	1	6,49	2,0	585	149
4181	6	46	6,34	46,57	240	149
4184	57	23	185,104	41,34	2081	149
4185	56	4	185,104	1,2	2076	149
4197	3	8	2,2	18,12	381	149
4205	3	0	5,8	2,0	290	149
4206	8	6	62,167	32,88	501	149
4209	2	0	0,4	2,4	318	149
4210	35	61	144,62	92,85	686	149
4213	44	1	200,160	14,0	3532	149
4214	17	0	96,69	1,0	825	149
4218	8	96	14,17	97,19	882	149
4221	0	3	3,0	2,0	450	149
4223	445	12	1000,431	14,10	869	149
4224	441	0	428,178	13,4	1811	149
4225	439	52	428,175	59,24	1807	149
4226	388	0	504,447	0,2	883	149
4227	122	18	233,96	10,10	473	149
4228	126	1	239,96	1,0	503	149
4229	48	18	52,33	13,10	727	149
4230	72	1	57,67	0,0	596	149
4231	80	13	57,67	16,9	613	149
4232	9	0	19,10	1,2	509	149
4237	4	24	3,4	46,56	228	149
4238	18	20	29,13	18,10	901	149
4241	6	36	1,1	7,7	290	149
4245	0	19	5,0	10,37	377	149
4246	6	8	6,11	15,14	649	149
4249	36	6	2,2	0,0	1459	149
4250	1	157	2,1	134,134	252	149
4251	0	72	0,2	48,54	231	149
4252	1	2	4,11	0,0	441	149
4254	2	0	0,0	0,2	232	149
4255	38	88	27,36	25,39	524	149
4256	578	2	721,632	0,0	2404	149
4259	251	1	55,37	2,2	752	149
4265	33	77	74,34	113,66	1412	149
4266	105	1	178,102	0,4	1520	149
4267	66	96	68,58	74,61	1201	149
4269	59	104	84,25	70,33	595	149
4270	3	29	1,3	31,49	239	149
4273	37	0	70,43	0,4	1171	149
4274	161	3	153,81	19,4	650	149
4276	5	2	6,7	0,0	291	149
4278	5	0	8,11	1,0	547	149
4284	2	0	5,15	12,10	246	149
4285	9	5	40,18	4,4	151	149
4293	6	18	18,12	0,4	571	149
4294	4	51	12,15	6,10	1298	149
4297	66	79	52,37	21,10	233	149
4298	896	153	622,369	160,158	1144	149
4300	1	4	2,2	6,13	399	149
4303	4	2	15,10	9,0	393	149
4307	2	3	2,0	2,2	230	149
4315	403	9	367,162	6,5	399	149
4316	44	185	73,33	102,33	961	149
4319	0	17	0,1	22,4	252	149
4321	40	36	161,79	53,38	889	149
4325	150	5	118,90	3,0	2996	149
4328	4	1	9,4	2,4	1098	149
4330	46	12	190,150	29,36	1657	149
4338	21	0	22,20	2,0	836	149
4345	2	0	0,2	2,0	448	149
4351	196	15	233,321	10,21	3627	149
4353	32	9	69,43	0,1	1037	149
4354	169	1140	111,48	1467,770	601	149
4355	18	1	42,20	6,4	1220	149
4356	116	16	184,106	21,19	2962	149
4357	13	16	1,0	0,0	347	149
4358	11	21	1,0	0,0	332	149
4359	14	10	18,26	22,17	433	149
4360	480	12	525,224	10,5	1390	149
4362	33	24	38,8	44,43	2336	149
4365	9	30	40,35	26,10	228	149
4368	40	160	82,70	203,143	841	149
4369	2697	1218	674,466	1194,1343	1414	149
4371	30	2	57,32	2,0	922	149
4374	4	11	0,0	1,0	234	149
4375	0	9	0,2	8,4	1724	149
4377	24	452	75,52	973,1328	278	149
4379	2	2	15,10	1,0	421	149
4382	145	117	42,42	44,21	859	149
4387	12070	1	6289,7988	0,0	203	149
4388	243	10514	179,181	4268,5178	776	149
4389	13627	307	5160,6922	87,144	201	149
4390	186	0	166,190	19,2	237	149
4392	4	69	4,6	26,28	257	149
4393	116	557	269,572	1068,1501	605	149
4394	200	0	406,864	2,0	1053	149
4395	115	699	203,407	1671,1765	553	149
4400	413	11	567,292	16,10	456	149
4401	2377	233	3214,1381	268,95	1988	149
4402	2067	5	2776,1159	7,8	1625	149
4408	1724	3	1211,941	3,0	908	149
4409	2448	8	255,194	7,6	754	149
4410	9	6	61,30	16,14	4572	149
4411	16	4	72,30	7,6	2860	149
4417	339	1	346,309	4,0	412	149
4418	212	4227	207,200	3635,3309	405	149
4423	2	18	6,2	23,24	326	149
4441	74	46	122,64	56,42	370	149
4442	66	0	133,168	3,0	275	149
4445	119	70	271,277	91,59	561	149
4449	2127	7	249,94	0,2	242	149
4450	2493	9	310,134	2,1	260	149
4451	292	1751	187,88	205,110	2585	149
4452	0	2	8,0	0,0	246	149
4456	60	65	35,25	80,35	545	149
4462	4	0	88,54	8,13	1080	149
4465	75	117	56,35	415,122	659	149
4468	343	12	299,211	17,5	548	149
4469	16	77	42,7	48,41	480	149
4470	101	67	136,55	99,69	927	149
4471	106	0	138,63	5,2	936	149
4473	2	0	3,2	4,0	552	149
4474	4	4	2,10	0,0	612	149
4477	4	23	13,3	2,6	444	149
4480	6	10	4,4	2,4	879	149
4482	152	15	120,94	6,10	641	149
4485	78	30	161,132	32,8	2094	149
4486	2	0	0,0	0,4	778	149
4489	29	24	75,58	26,12	407	149
4490	105	66	358,289	73,82	1090	149
4491	26	115	50,27	109,125	352	149
4492	117	131	218,99	166,95	2330	149
4493	237	89	424,190	82,45	2865	149
4494	0	4	62,20	93,32	1898	149
4499	4	0	3,2	0,2	365	149
4508	10	74	19,12	145,130	901	149
4509	144	40	319,136	82,59	1636	149
4510	146	13	322,136	28,17	1639	149
4517	4	2	1,1	0,0	803	149
4521	0	2	1,2	7,0	248	149
4527	8	2	4,8	2,2	383	149
4529	4	36	13,53	20,29	497	149
4530	6	0	17,11	2,0	1530	149
4533	15	23	50,28	35,15	420	149
4534	16	20	54,28	30,20	432	149
4535	26	12	118,46	40,48	1204	149
4550	14	308	31,36	498,349	237	149
4557	0	10	3,8	2,2	433	149
4559	0	3	4,2	11,4	267	149
4560	0	1	2,0	0,0	391	149
4562	3	5	9,2	12,8	298	149
4563	0	8	18,15	11,11	658	149
4564	1	5	32,35	6,10	639	149
4566	22	1	132,72	6,2	234	149
4572	8	4	19,53	2,2	1171	149
4575	6	2	14,17	0,0	511	149
4578	7	18	13,15	32,16	730	149
4580	3	0	4,14	4,0	492	149
4583	4	3	6,9	16,6	434	149
4584	13	6	8,3	0,0	426	149
4585	103	24	521,254	53,21	976	149
4587	252	844	173,176	1020,523	1098	149
4588	195	924	111,108	1404,991	555	149
4589	702	4	488,332	2,2	1192	149
4590	557	1008	411,244	1739,1275	690	149
4591	978	788	535,446	946,651	1912	149
4594	15	89	18,23	51,67	349	149
4596	2	3	5,8	13,10	416	149
4597	0	1	4,3	13,10	289	149
4598	11	2	11,16	9,6	367	149
4601	2	8	6,0	0,0	533	149
4603	25	8	95,53	30,18	993	149
4606	25	8	101,66	52,17	998	149
4608	145	2	470,407	0,0	2302	149
4609	126	0	398,352	1,0	1356	149
4610	121	2	368,331	0,0	1321	149
4611	70	10	68,53	83,24	2656	149
4612	197	0	263,252	5,0	5440	149
4613	115	25	157,62	58,20	1351	149
4614	118	0	258,88	2,0	2842	149
4615	72	41	118,33	81,51	1549	149
4616	22	35	66,21	67,36	1417	149
4618	194	17	197,132	14,15	560	149
4619	243	0	224,187	0,2	1620	149
4621	509	77	236,240	26,17	1024	149
4622	70	116	26,39	70,55	718	149
4625	16	12	64,46	44,61	2746	149
4628	0	22	0,2	18,23	222	149
4629	3	91	4,8	71,84	502	149
4637	27	61	44,24	53,22	239	149
4638	4	2	2,3	0,0	531	149
4639	4	8	0,0	2,1	304	149
4640	12	44	14,14	75,89	886	149
4643	37	0	102,75	1,0	869	149
4645	2	4	0,2	0,4	1103	149
4648	4	0	21,14	0,4	722	149
4651	8	63	8,13	65,46	324	149
4652	13	0	11,14	2,2	225	149
4653	17	101	14,15	114,53	301	149
4654	6	79	10,9	91,27	281	149
4655	4	2	4,4	6,10	366	149
4656	0	4	2,0	10,6	245	149
4658	21	13	39,25	20,19	339	149
4662	4	4	20,16	80,31	396	149
4663	122	1	226,162	4,4	2065	149
4664	123	2	233,172	0,0	2074	149
4674	61	296	113,128	510,348	447	149
4675	134	315	256,381	551,310	1109	149
4677	546	155	1319,905	127,141	2135	149
4680	134	22	249,86	30,14	2941	149
4681	54	1	130,72	2,0	3007	149
4685	16	4	6,2	2,0	1465	149
4686	93	8	59,24	7,11	5422	149
4687	13	11	17,8	2,0	957	149
4690	0	6	2,2	0,11	508	149
4694	144	19	106,75	16,13	580	149
4695	8	67	16,5	97,62	420	149
4718	6	14	2,11	8,12	1342	149
4720	0	9	2,2	11,20	596	149
4722	1	9	2,2	2,4	546	149
4724	2	63	0,0	78,59	1172	149
4727	8	5	8,2	2,8	313	149
4731	408	9	167,149	2,2	239	149
4733	9	1	22,23	0,0	2043	149
4734	8	2	8,16	2,0	426	149
4737	7	50	16,16	60,74	359	149
4738	42	87	78,68	140,114	913	149
4744	12	8	22,2	12,2	479	149
4746	34	261	2,4	6,12	2028	149
4751	0	4	2,0	0,0	953	149
4752	1651	271	1118,629	761,415	7184	149
4753	4	30	8,8	3,20	683	149
4754	26	9	47,42	8,0	1179	149
4757	104	296	59,49	537,922	441	149
4758	7	84	12,7	130,175	235	149
4760	6	16	6,6	6,26	283	149
4764	107	2	98,84	1,0	179	149
4766	5	92	8,6	46,50	285	149
4767	4	19	3,2	22,28	287	149
4768	4	41	3,2	3,14	304	149
4771	36	28	21,20	4,4	648	149
4773	37	2	11,15	2,0	459	149
4776	139	4	208,218	0,4	1743	149
4777	8	0	63,33	0,2	292	149
4780	18	96	40,8	39,7	611	149
4782	4	2	4,12	0,0	1886	149
4785	8	106	34,16	125,61	276	149
4787	41	150	21,16	212,200	361	149
4794	4	0	12,12	7,6	794	149
4796	6	6	2,2	10,17	222	149
4797	123	4	82,43	6,0	281	149
4798	2	0	16,30	2,2	2539	149
4800	0	40	3,2	27,2	228	149
4803	68	0	18,8	0,2	2179	149
4804	0	7	4,2	2,9	384	149
4810	5	170	16,19	66,64	1171	149
4811	15	48	613,244	735,292	251	149
4815	46	17	17,2	2,0	2338	149
4816	65	4	178,101	24,10	3175	149
4818	11	8	18,2	34,10	551	149
4819	33	0	115,73	0,2	2497	149
4820	41	2	175,92	14,1	3293	149
4821	8	0	59,18	2,0	786	149
4823	107	55	213,113	23,22	1985	149
4824	8	6	2,14	14,21	327	149
4825	23	6	13,22	6,3	343	149
4830	3	19	9,9	11,28	520	149
4831	4	25	6,10	20,14	276	149
4836	28	28	16,5	11,5	4988	149
4837	2558	185	1193,966	13,23	4006	149
4849	4	25	16,7	31,8	247	149
4853	14	71	16,6	19,17	995	149
4854	4	15	6,18	6,4	610	149
4855	50	2	188,91	6,2	282	149
4858	0	4	10,4	0,0	224	149
4859	10	6	3,16	8,6	334	149
4860	48	0	108,133	0,2	438	149
4861	1	0	1,2	0,1	286	149
4867	3	168	2,0	158,124	319	149
4868	5	82	12,15	61,79	451	149
4869	136	178	148,108	96,54	1698	149
4870	171	4	166,114	1,0	1722	149
4871	165	320	100,82	210,114	1426	149
4872	192	169	136,50	119,69	1821	149
4873	185	1	136,50	0,0	1768	149
4874	52	227	49,27	143,43	1398	149
4878	14	29	26,14	19,10	403	149
4879	16	9	27,14	10,6	406	149
4883	83	7	349,187	4,0	2280	149
4885	4	0	21,22	11,9	668	149
4889	119	2	167,156	2,2	1146	149
4890	78	21	123,94	14,5	992	149
4891	10	4	2,9	13,4	527	149
4897	0	5	2,7	11,8	270	149
4898	3	0	2,8	0,2	296	149
4899	0	9	2,2	12,11	240	149
4903	2	0	0,0	2,2	251	149
4904	2	4	0,0	12,6	246	149
4905	3	6	19,12	23,8	1027	149
4906	244	5	336,263	13,8	799	149
4907	273	0	393,309	2,1	951	149
4908	48	40	97,69	46,26	241	149
4910	68	227	118,76	224,206	205	149
4911	728	219	1117,537	216,135	355	149
4912	0	5	2,0	3,0	620	149
4916	49	124	58,42	99,52	2605	149
4917	28	113	27,11	52,32	1465	149
4918	52	4	43,15	0,0	1901	149
4919	29	100	17,4	61,51	538	149
4920	53	0	43,18	0,2	1903	149
4921	0	58	0,2	3,7	455	149
4924	26	7	53,39	22,31	484	149
4926	11	0	19,21	1,0	231	149
4928	23	91	10,22	12,13	346	149
4941	63	119	80,17	154,68	1982	149
4943	236	123	329,166	186,87	6161	149
4944	27	133	41,8	219,96	965	149
4945	175	98	281,137	143,65	2927	149
4947	35	74	88,32	97,65	854	149
4949	57	16	139,70	14,5	2129	149
4962	68	0	186,124	6,4	2881	149
4969	21	4	45,22	0,5	719	149
4972	296	641	388,208	491,232	1150	149
4974	7	0	10,6	2,0	661	149
4976	4	0	4,4	2,1	295	149
4977	0	4	0,2	12,4	235	149
4979	5	45	7,4	37,30	306	149
4980	5	37	4,0	32,18	227	149
4982	16	59	20,27	68,31	281	149
4983	51	2	46,52	2,1	348	149
4985	36	57	89,53	68,20	402	149
4987	5	91	26,6	139,85	246	149
4993	29	5	62,22	21,8	660	149
4995	24	16	54,24	32,10	1435	149
4998	2	4	16,3	98,40	419	149
5000	3	5	36,1	204,56	1770	149
5001	0	12	37,13	168,58	610	149
5002	23	48	14,12	39,20	777	149
5003	8	71	9,16	43,30	244	149
5007	16	2	46,12	2,0	921	149
5008	132	74	280,144	106,53	2161	149
5009	9	2	40,18	0,4	400	149
5011	13	138	20,4	209,217	436	149
5012	16	1	24,8	0,0	439	149
5021	66	0	198,151	0,8	429	149
5022	67	2	199,151	0,0	440	149
5024	99	4	165,93	2,0	1792	149
5025	78	559	81,82	534,401	430	149
5026	43	753	56,38	689,598	262	149
5028	21	469	16,10	394,270	238	149
5029	103	854	51,43	767,503	787	149
5030	41	267	54,39	285,199	515	149
5031	7	282	259,63	5551,1566	431	149
5033	2	8	21,16	27,19	358	149
5037	136	373	146,85	229,137	627	149
5038	2422	87	2536,2128	33,9	1955	149
5041	17	174	25,9	165,91	449	149
5043	7	3	11,1	3,0	587	149
5048	0	9	8,3	8,10	304	149
5050	2	0	2,11	0,4	517	149
5057	80	720	130,48	695,430	1323	149
5058	40	726	42,34	677,407	430	149
5060	22	892	32,24	579,487	246	149
5062	45	945	38,26	1226,970	777	149
5063	221	85	313,147	71,70	1142	149
5064	611	467	632,393	602,329	2445	149
5066	671	0	694,422	2,0	2464	149
5067	13	0	84,59	2,0	3863	149
5070	10	16	2,8	20,15	287	149
5072	9	30	6,0	17,13	249	149
5073	27	29	36,23	12,12	1119	149
5075	18	15	19,8	7,17	488	149
5076	5	19	4,1	10,17	272	149
5078	14	33	0,4	9,8	437	149
5079	16	65	3,14	27,38	1844	149
5080	20	0	12,29	0,2	2076	149
5082	4	140	0,5	60,108	231	149
5083	12	102	6,21	45,77	467	149
5086	12	130	22,43	56,130	1867	149
5087	6	123	1,16	88,158	244	149
5089	1	32	11,4	17,25	485	149
5093	34	22	10,20	6,0	302	149
5094	3	4	2,4	4,0	2666	149
5095	2	0	12,21	1,0	570	149
5096	2	12	6,7	15,45	422	149
5097	0	2	0,6	13,4	232	149
5098	2	8	8,4	15,12	311	149
5099	4	6	15,20	0,0	745	149
5103	4	0	2,0	1,4	331	149
5104	1	2	13,18	5,4	537	149
5107	23	48	19,18	42,16	2096	149
5110	10	21	16,26	17,31	374	149
5111	10	2	13,24	0,0	334	149
5112	4	0	10,0	6,0	231	149
5113	564	206	360,221	108,34	2319	149
5114	436	2	280,180	2,0	1741	149
5119	132	5	215,130	15,4	1096	149
5120	389	50	561,305	43,23	2375	149
5123	2	17	15,7	11,28	883	149
5124	8	34	27,4	47,21	314	149
5130	2	0	0,0	2,0	259	149
5131	224	12	812,495	50,16	323	149
5134	102	220	200,139	102,110	340	149
5136	4	0	0,4	0,2	476	149
5137	2	2	2,0	1,0	242	149
5139	22	2	20,16	0,0	1344	149
5141	58	4	123,65	12,6	275	149
5142	24	15	27,13	27,12	218	149
5143	133	18	298,166	16,3	1641	149
5144	244	0	445,281	2,0	2917	149
5145	115	13	160,123	16,4	1385	149
5146	149	2	217,87	1,1	2379	149
5147	12	10	21,13	7,11	881	149
5153	140	3	394,366	4,10	2163	149
5154	18	2	96,72	3,14	1872	149
5155	45	2	193,159	5,4	1801	149
5156	47	0	220,175	3,0	1893	149
5158	35	16	159,150	39,32	2342	149
5159	13	16	46,43	45,34	1108	149
5160	14	0	59,68	2,0	1308	149
5161	2	8	17,24	1,5	247	149
5162	2	27	14,22	41,31	243	149
5164	144	7	361,312	13,42	3553	149
5166	98	1	262,185	3,7	1902	149
5171	889	0	680,458	1,0	4291	149
5174	55	238	51,55	314,521	426	149
5177	1900	6	2476,992	0,2	3590	149
5178	115	56	149,64	82,56	521	149
5181	172	44	146,108	22,8	666	149
5182	30	8	120,50	18,33	1133	149
5183	0	6	4,2	24,16	227	149
5186	36	130	68,22	109,74	973	149
5187	49	40	64,39	14,3	446	149
5188	1	2	3,3	13,18	334	149
5189	0	5	1,0	8,9	238	149
5191	6	0	15,3	1,0	756	149
5196	6	58	4,4	74,75	222	149
5201	0	17	2,0	23,28	220	149
5204	26	0	158,49	1,0	478	149
5207	5	8	4,12	1,6	294	149
5208	94	43	211,125	28,11	699	149
5209	2	0	19,25	4,1	272	149
5211	2	54	5,9	51,97	454	149
5224	77	2	213,133	0,1	1100	149
5225	3	9	33,11	9,4	1101	149
5227	29	0	93,74	0,2	1419	149
5228	27	11	89,61	6,10	1347	149
5231	2	21	27,19	17,10	316	149
5234	17	155	19,10	65,47	393	149
5235	0	2	4,3	2,1	1252	149
5237	9	16	45,19	9,7	831	149
5238	218	317	64,55	134,55	389	149
5239	20	2	18,6	0,0	251	149
5252	87	0	328,232	3,2	4338	149
5253	82	2	316,225	0,2	4182	149
5254	77	2	310,221	4,2	4163	149
5255	90	0	342,239	2,2	4413	149
5257	80	0	324,228	2,0	4238	149
5259	3	12	3,0	17,4	233	149
5261	0	2	4,0	0,0	387	149
5266	26	105	20,10	76,68	931	149
5267	22	18	26,16	24,23	1080	149
5268	32	86	16,8	148,86	1576	149
5269	39	60	24,8	75,50	1052	149
5271	5	22	10,2	33,15	794	149
5272	3	1	2,0	0,2	756	149
5273	113	2894	84,76	1871,1458	775	149
5276	2	72	2,0	27,37	240	149
5280	24	154	90,60	411,336	777	149
5295	4	4	1,2	0,2	330	149
5296	2	4	3,2	7,0	232	149
5300	8	0	2,2	5,3	567	149
5301	0	4	4,0	3,2	316	149
5304	0	4	1,0	2,2	230	149
5306	3	3	0,2	4,2	233	149
5307	1	8	0,0	12,6	237	149
5316	20	30	51,46	66,19	514	149
5318	14	2	35,14	3,8	310	149
5322	2	2	12,6	6,4	857	149
5325	4	4	5,2	14,8	740	149
5327	38	2	31,21	0,0	246	149
5332	19	6	40,19	2,4	608	149
5333	11	16	30,8	6,3	458	149
5335	1416	7	541,479	0,7	2522	149
5336	787	2	327,276	0,0	1233	149
5337	4	5	13,12	9,2	367	149
5341	169	82	138,90	69,41	740	149
5342	41	45	93,42	54,40	1098	149
5345	43	48	115,91	39,54	757	149
5348	119	52	85,89	31,34	1669	149
5349	22	121	10,7	75,96	303	149
5350	119	0	103,87	0,2	1397	149
5351	93	93	92,83	46,59	1135	149
5359	125	28	261,94	94,68	410	149
5366	152	91	222,168	222,223	1682	149
5367	47	117	57,53	219,354	424	149
5368	22	97	35,22	213,131	546	149
5369	6	162	30,18	361,467	227	149
5370	6	0	28,18	2,0	210	149
5372	302	31	320,181	19,11	968	149
5375	109	24	144,106	42,48	2973	149
5378	12	26	31,18	17,6	782	149
5379	2	39	10,7	39,63	535	149
5381	211	2	159,228	2,2	2697	149
5384	11	3	207,120	7,6	1488	149
5392	78	0	493,216	2,0	9596	149
5394	50	74	68,36	125,77	557	149
5395	12	76	48,39	74,51	441	149
5396	2	39	12,18	37,70	404	149
5397	6	9	19,25	9,2	482	149
5399	154	24	253,162	72,51	296	149
5400	99	14	151,130	23,14	285	149
5407	66	9	195,80	15,11	1087	149
5411	2	559	2,0	26,42	245	149
5412	216	2	244,178	0,2	3807	149
5415	197	1	428,232	0,0	1657	149
5416	27	92	27,10	144,49	455	149
5418	21	65	26,10	121,51	261	149
5419	4	2	4,16	0,0	302	149
5427	6	8	18,23	52,63	2107	149
5432	158	74	24,19	4,0	1834	149
5438	8	0	36,10	5,13	778	149
5439	126	7	112,75	0,0	1074	149
5445	11	43	22,8	23,9	709	149
5446	17	120	48,16	156,67	817	149
5447	141	170	162,96	136,81	1448	149
5448	20	159	50,21	127,70	269	149
5449	27	166	34,20	157,88	235	149
5450	199	3	238,125	2,0	2605	149
5451	47	151	46,18	142,86	911	149
5452	33	1	92,48	0,0	1483	149
5456	1	137	0,0	118,65	240	149
5457	2	29	12,4	6,16	337	149
5458	2	3	12,4	8,0	275	149
5459	12	37	12,5	39,38	345	149
5461	45	30	67,11	41,23	1096	149
5462	81	27	151,86	41,28	2156	149
5473	0	2	12,7	0,0	739	149
5474	0	3	8,0	3,2	255	149
5475	64	661	63,54	168,93	1883	149
5476	91	601	104,24	101,35	913	149
5481	4	2	2,0	0,0	568	149
5483	0	4	0,4	5,17	284	149
5484	4	0	18,25	1,0	3145	149
5489	2	6	0,14	6,0	1243	149
5490	2	2	0,8	8,1	664	149
5491	10	0	4,12	4,8	1141	149
5492	3	2	6,15	0,4	378	149
5496	0	5	0,2	4,8	230	149
5498	0	2	1,8	0,0	434	149
5502	7	101	19,23	11,3	1725	149
5504	28	0	76,66	2,0	2806	149
5508	267	2	128,140	0,0	642	149
5509	19	52	9,4	21,21	511	149
5511	53	0	101,53	4,3	4779	149
5514	5	31	2,6	26,34	228	149
5518	29	373	16,23	152,82	541	149
5520	418	1673	302,135	763,849	1458	149
5521	0	1	2,4	2,2	219	149
5522	34	16	237,137	36,45	1480	149
5525	137	0	123,69	2,0	237	149
5529	2	11	0,0	21,7	230	149
5530	0	2	4,8	2,0	384	149
5531	3	0	3,2	8,1	243	149
5532	61	8	114,92	7,2	686	149
5533	1	2	4,10	0,3	375	149
5537	195	2	105,60	1,2	618	149
5538	222	8	133,66	14,10	687	149
5539	274	18	281,136	7,2	1551	149
5540	13	1	17,14	4,0	277	149
5545	8	48	4,0	12,20	234	149
5546	2	62	3,0	17,18	261	149
5548	8	53	6,15	16,20	1048	149
5552	10	307	15,6	309,227	428	149
5553	71	339	123,150	341,259	1024	149
5554	107	0	157,168	2,0	1060	149
5555	346	16	406,323	6,4	501	149
5556	13	318	37,51	455,360	393	149
5557	519	5	594,510	6,2	551	149
5560	21	177	19,14	433,405	512	149
5566	87	202	31,35	211,168	643	149
5568	53	287	38,13	175,152	385	149
5569	190	279	113,60	294,202	667	149
5571	329	0	247,157	0,2	805	149
5572	210	362	131,85	410,308	760	149
5574	178	225	19,9	10,0	369	149
5578	4	36	1,1	19,55	222	149
5581	2	6	2,0	0,8	315	149
5583	111	12	105,137	3,2	1119	149
5586	20	14	59,24	9,2	817	149
5587	32	34	55,31	31,30	422	149
5593	0	2	1,0	1,2	358	149
5595	6	46	28,38	78,95	429	149
5596	4	0	28,36	4,2	386	149
5598	93	30	203,297	34,16	859	149
5601	12	0	23,44	0,2	364	149
5602	50	0	71,115	6,22	276	149
5605	32	10	91,57	18,17	1099	149
5610	4	0	21,24	1,0	1922	149
5616	19	10	39,38	0,1	622	149
5619	341	177	637,444	92,85	3191	149
5621	386	1	680,507	0,0	3293	149
5626	72	77	63,38	66,52	324	149
5628	83	169	149,69	130,133	501	149
5634	6	2	6,2	0,0	262	149
5636	37	0	41,15	1,0	586	149
5649	451	32	642,279	27,14	2504	149
5650	447	2	625,275	0,0	2482	149
5659	6	51	2,0	0,0	273	149
5665	28	143	60,28	74,90	658	149
5666	9	13	26,25	14,8	229	149
5667	57	4	62,81	0,6	472	149
5668	85	78	98,122	43,39	654	149
5669	66	1417	79,64	1762,1058	370	149
5670	39	0	140,42	2,0	1081	149
5671	15	6	51,18	15,2	706	149
5679	2	4	20,2	0,2	265	149
5680	12	55	16,0	64,17	307	149
5681	53	33	101,71	30,28	1618	149
5683	158	2	223,143	2,4	2525	149
5685	108	46	124,75	59,52	974	149
5687	16	36	18,5	60,50	236	149
5688	2	16	0,6	8,11	420	149
5691	2	16	0,0	8,13	337	149
5694	0	6	4,6	3,3	392	149
5696	6	10	11,2	5,0	287	149
5697	16	1113	16,5	733,646	250	149
5699	0	8	0,1	31,46	243	149
5700	7	28	18,19	33,58	1688	149
5705	11	46	12,2	51,15	536	149
5708	6	0	28,22	3,0	243	149
5709	63	16	104,49	14,14	694	149
5711	86	4	11,6	2,4	244	149
5715	0	2	2,0	2,5	659	149
5717	27	132	25,45	61,117	256	149
5718	116	470	228,315	391,535	253	149
5719	192	198	219,406	153,227	294	149
5722	0	15	8,10	34,23	281	149
5726	193	12	352,132	3,9	3644	149
5729	43	42	44,30	17,13	647	149
5733	64	1	90,35	2,0	482	149
5737	17	8	6,5	0,6	636	149
5738	10	0	6,2	0,4	515	149
5739	25	34	72,47	36,8	2347	149
5742	38	545	157,86	624,438	233	149
5744	868	45	1139,550	79,34	454	149
5745	1351	2	1872,1114	6,4	607	149
5746	1352	70	1877,1128	86,45	613	149
5750	11	42	62,41	12,20	1764	149
5753	2	0	32,26	6,0	672	149
5757	24	35	59,48	22,12	508	149
5762	233	137	458,255	92,43	3601	149
5763	45	183	130,40	153,98	1258	149
5764	56	104	83,52	145,48	2284	149
5766	12	2	8,17	0,0	541	149
5767	70	75	115,60	51,30	1478	149
5768	45	10	52,28	35,21	1108	149
5769	38	270	8,40	201,190	488	149
5772	104	38	143,98	34,19	1799	149
5783	1	0	0,1	0,1	536	149
5785	304	18	33,13	0,0	175	149
5787	17	4	2,32	0,4	661	149
5788	2	0	17,16	6,4	1318	149
5798	54	0	111,86	2,7	1253	149
5799	19	31	41,34	39,31	1118	149
5805	1	138	17,7	89,80	225	149
5806	1	95	0,5	79,76	516	149
5823	95	1	90,50	0,0	263	149
5829	9	5	13,14	1,2	292	149
5830	26	0	103,86	0,1	944	149
5833	14	2	116,131	0,2	1774	149
5837	38	204	29,15	111,90	440	149
5838	7	65	8,4	22,63	383	149
5840	23	0	61,37	2,0	244	149
5843	314	22	185,138	10,10	300	149
5844	318	4	187,138	1,4	310	149
5845	57	7	178,106	20,15	634	149
5846	2	2	3,6	0,8	227	149
5848	83	0	266,205	4,2	880	149
5849	46	27	181,133	22,40	778	149
5851	79	44	194,67	81,34	915	149
5854	980	94	1203,536	165,88	681	149
5855	600	5	899,520	7,3	442	149
5857	4107	11	6612,3715	4,0	2183	149
5858	3134	21	5418,3177	17,17	1515	149
5859	2364	4	4293,2452	4,9	993	149
5860	213	59	405,336	70,91	305	149
5861	213	45	319,331	50,49	822	149
5862	129	47	99,99	37,46	350	149
5865	54	169	118,83	208,193	297	149
5866	143	384	283,228	586,398	446	149
5869	292	846	99,44	693,278	743	149
5872	10	1	284,92	7,2	2605	149
5881	1	3	9,23	6,9	390	149
5885	329	150	837,414	148,121	4841	149
5887	1	67	0,0	24,11	234	149
5889	0	8	4,9	11,28	229	149
5890	2	17	1,3	18,35	237	149
5895	87	827	219,112	320,224	4171	149
5896	60	803	84,34	358,205	1542	149
5897	37	747	29,23	372,224	1417	149
5907	0	2	2,2	0,0	370	149
5908	4	3	10,22	2,11	3097	149
5910	14	28	29,42	19,16	854	149
5912	46	21	66,68	17,55	2092	149
5925	306	4	392,202	2,3	3721	149
5931	11	1	2,18	1,0	1975	149
5937	293	55	460,404	75,54	4781	149
5947	31	47	90,30	66,34	1773	149
5948	2	27	0,6	24,13	312	149
5954	2	61	10,3	97,58	279	149
5960	6	0	31,36	2,0	883	149
5961	2	0	6,17	1,0	439	149
5963	6	17	15,5	30,24	831	149
5967	72	0	99,101	4,0	2101	149
5973	153	52	175,66	25,10	996	149
5974	18	0	40,5	1,0	210	149
5976	31	28	74,62	24,18	2956	149
5977	38	40	65,12	7,5	685	149
5979	15	185	19,51	28,39	1103	149
5985	7131	4441	4653,2917	1660,671	1231	149
5986	130	65	194,72	63,24	2893	149
5987	236	0	293,101	5,0	305	149
5989	21	89	39,20	44,28	1621	149
5990	34	79	63,18	68,27	1135	149
5991	86	30	113,71	23,12	1312	149
5992	17	41	22,12	25,28	365	149
5993	135	8	193,81	12,2	622	149
5994	123	53	152,66	57,43	581	149
5995	3	1	178,73	54,35	626	149
5996	2	0	119,28	3,0	480	149
5997	9	21	4,2	9,27	567	149
5998	8	0	42,27	2,0	1453	149
5999	12671	799	921,428	54,20	1234	149
6000	2444	930	127,106	41,23	253	149
6001	2174	28	108,93	1,2	234	149
6002	1136	79	62,43	1,2	257	149
6003	244	103	6,4	0,2	713	149
6004	226	21	6,4	0,0	700	149
6005	181	38	2,4	0,0	655	149
6010	57	2473	23,21	1395,897	343	149
6012	32	0	10,46	1,1	560	149
6013	42	0	34,46	2,0	1070	149
6017	26	2	83,23	13,4	471	149
6018	3	0	0,2	0,2	701	149
6021	2	13	4,2	16,15	814	149
6028	0	2	1,0	27,17	891	149
6030	46	8	22,15	2,2	217	149
6033	40	827	35,30	837,395	486	149
6034	169	712	156,118	1063,444	684	149
6046	20	5	23,18	3,0	348	149
6051	80	0	36,26	0,2	450	149
6054	0	2	0,2	2,0	416	149
6057	68	46	105,22	18,19	1032	149
6059	8	54	15,7	33,27	241	149
6060	10	37	31,12	19,16	409	149
6061	8	0	28,11	4,0	345	149
6063	30	19	60,25	4,8	448	149
6065	37	5	47,31	0,0	682	149
6066	41	4	54,36	0,0	711	149
6067	2	26	1,2	36,21	521	149
6068	0	19	4,0	26,16	325	149
6069	2842	4424	547,685	702,551	1972	149
6070	3060	32	647,777	5,0	827	149
6071	13994	4697	2659,3348	672,594	3366	149
6073	3656	3932	682,1231	544,333	2122	149
6074	3436	0	646,1205	1,1	2103	149
6075	4974	1	911,1364	0,0	2189	149
6076	4880	7	893,1355	0,0	2183	149
6077	28	9	75,24	18,8	2053	149
6079	6	1	11,10	0,1	489	149
6084	5	0	2,3	0,1	727	149
6085	0	12	0,2	9,15	405	149
6086	16	0	29,19	8,8	1617	149
6091	51	7	33,13	2,0	2689	149
6097	67	0	105,68	0,2	1083	149
6098	67	2	105,68	0,8	1099	149
6101	8	10	9,5	5,4	932	149
6103	3006	6	376,149	6,0	3186	149
6105	28	13	41,36	18,14	1800	149
6107	27	6	7,14	0,0	729	149
6110	16	20	7,20	19,8	365	149
6112	31	15	99,86	56,67	1242	149
6113	14	4	41,36	2,2	1692	149
6118	6	25	0,5	46,51	220	149
6120	7	10	18,27	34,30	506	149
6121	6	2	7,10	4,0	242	149
6124	32	47	58,30	31,37	620	149
6135	25	31	44,16	74,31	350	149
6137	111	29	229,86	44,30	1594	149
6149	4	2	33,18	0,0	868	149
6151	120	62	210,83	23,18	2430	149
6153	17	68	40,19	40,25	561	149
6155	5	90	21,2	52,21	243	149
6159	26	106	38,18	59,11	740	149
6161	25	51	27,5	31,12	362	149
6164	11	6	54,61	9,12	2785	149
6165	86	1	115,103	0,0	360	149
6166	30	32	61,32	28,15	705	149
6168	21	26	40,48	47,21	942	149
6174	4	0	10,4	2,0	417	149
6177	14	8	19,48	6,12	1523	149
6183	93	290	254,103	746,420	1744	149
6184	67	263	233,136	836,340	3943	149
6186	42	314	20,41	249,259	464	149
6187	20	54	12,18	28,26	317	149
6189	20	4	107,66	7,2	3638	149
6195	0	2	0,2	2,2	261	149
6209	80	45	97,172	98,116	590	149
6212	5	7	2,0	0,1	639	149
6219	1	0	0,0	0,4	247	149
6222	29	57	43,38	85,30	485	149
6229	4	1	6,12	4,0	1154	149
6230	121	81	100,36	44,22	732	149
6233	98	129	94,84	190,168	330	149
6234	148	138	130,92	220,141	328	149
6235	285	5	175,126	4,6	519	149
6236	167	164	82,64	212,155	317	149
6237	440	1	286,231	2,0	1073	149
6238	247	216	147,137	268,150	673	149
6239	158	119	123,59	81,46	337	149
6240	201	129	152,89	214,108	376	149
6241	158	232	86,53	269,141	431	149
6242	178	234	189,94	242,112	342	149
6244	4	16	4,7	40,34	240	149
6245	0	1	8,1	1,7	229	149
6246	662	46	227,121	23,4	1768	149
6250	171	2	48,8	0,0	1918	149
6251	0	1	0,2	2,0	646	149
6261	6	6	38,12	2,0	229	149
6263	33	5	86,51	7,8	1677	149
6266	78	6	229,139	4,2	2992	149
6271	118	101	63,37	42,30	420	149
6272	25	86	103,102	164,86	3454	149
6273	14	31	45,36	22,24	713	149
6274	181	2	198,47	6,1	242	149
6277	192	2	244,121	0,6	627	149
6278	8	1	11,0	0,0	3928	149
6280	75	5	58,37	6,0	748	149
6281	39	1585	21,21	649,462	233	149
6282	2	246	1,2	292,224	535	149
6287	4	0	2,2	5,2	459	149
6290	9	4	13,19	5,0	764	149
6292	6	2	13,4	2,0	461	149
6295	240	0	447,458	1,0	1961	149
6296	82	2	213,179	2,4	689	149
6297	7	13	23,12	17,13	590	149
6298	10	7	5,20	5,2	1195	149
6299	15	191	44,24	388,204	1169	149
6302	17	28	22,4	50,21	600	149
6303	1045	45	359,317	46,11	3719	149
6304	1105	1	377,330	0,0	4343	149
6305	60	31	18,13	19,10	630	149
6307	27	17	66,17	16,6	822	149
6308	123	53	340,140	36,23	6488	149
6309	10	65	22,12	34,12	223	149
6310	19	47	8,4	38,30	819	149
6312	57	4	53,22	0,0	845	149
6313	35	194	24,12	5,0	342	149
6314	5	1	4,7	0,13	457	149
6315	0	8	1,1	29,11	231	149
6316	0	6	2,2	20,16	340	149
6322	0	1	0,4	2,10	219	149
6330	7	7	5,15	4,1	340	149
6333	53	54	25,11	14,11	845	149
6337	0	12	0,2	2,0	259	149
6340	2	0	1,2	2,2	363	149
6342	526	99	383,186	57,42	576	149
6343	577	6	398,197	0,0	802	149
6345	4	69	2,2	31,25	261	149
6348	2	8	1,0	4,0	285	149
6349	8	1	9,6	0,2	232	149
6350	9	23	9,6	54,31	247	149
6353	0	2	0,1	2,0	223	149
6361	2	2	11,4	0,0	288	149
6365	3	5	5,4	15,9	739	149
6368	14	1	40,31	0,0	203	149
6371	24	42	21,21	58,24	339	149
6376	8	0	20,5	2,0	307	149
6377	7	0	9,2	2,0	230	149
6378	65	2	105,105	4,0	983	149
6380	16	11	2,6	3,3	459	149
6381	27	141	59,16	189,77	814	149
6382	0	4	0,1	1,4	283	149
6388	25	2	36,35	2,2	813	149
6389	23	3	35,29	0,0	731	149
6391	25	2	24,10	4,2	233	149
6392	25	4	24,10	4,0	236	149
6393	7	88	5,1	15,49	226	149
6394	2	6	2,6	2,0	829	149
6395	0	7	4,2	8,3	316	149
6397	0	4	2,0	2,6	1576	149
6399	2	4	6,4	9,19	605	149
6403	2	6	3,4	7,1	523	149
6404	0	18	6,4	25,36	357	149
6405	3	0	14,22	0,5	1402	149
6408	56	90	124,67	108,65	1136	149
6411	5	173	14,10	160,176	339	149
6413	24	72	40,9	78,96	478	149
6414	55	0	54,44	2,0	275	149
6415	60	30	79,61	37,25	523	149
6418	113	31	172,205	27,44	679	149
6422	8	2	75,54	12,10	2650	149
6423	108	2	261,87	19,5	236	149
6424	10	31	3,16	18,11	227	149
6435	0	39	2,2	18,7	813	149
6437	0	23	0,1	11,1	228	149
6438	4	162	2,0	53,22	271	149
6440	141	3	30,26	1,0	221	149
6451	8	46	4,4	49,36	307	149
6452	29	4	21,22	7,0	927	149
6457	16	17	17,35	39,40	366	149
6458	10	0	32,39	2,0	624	149
6460	22	14	83,72	43,30	1023	149
6461	12	0	51,32	2,0	433	149
6462	32	0	102,85	4,0	1059	149
6468	0	2	84,18	0,2	985	149
6471	4	2	14,2	0,0	1827	149
6472	4	6	2,3	10,17	247	149
6474	7	2	7,10	0,0	204	149
6480	35	153	43,15	66,48	278	149
6483	171	14	237,112	10,10	939	149
6484	129	2	214,85	2,0	726	149
6485	2	10	12,4	13,22	415	149
6486	8	0	6,13	1,0	555	149
6487	8	83	4,11	137,166	223	149
6488	19	218	4,11	252,447	242	149
6489	186	163	96,203	181,117	416	149
6491	22	295	20,28	339,471	241	149
6492	0	7	2,0	15,8	235	149
6495	521	53	162,337	8,6	579	149
6501	569	221	707,451	115,76	1719	149
6503	581	12	712,451	8,2	1722	149
6504	303	187	490,183	54,65	1027	149
6505	69	327	107,54	239,184	232	149
6506	134	210	140,99	152,148	534	149
6508	73	241	100,32	195,129	356	149
6509	39	467	48,30	401,316	228	149
6510	30	2	25,19	0,0	232	149
6511	30	262	28,20	265,154	243	149
6512	26	70	34,13	26,25	448	149
6513	26	28	34,13	6,1	451	149
6514	20	48	32,16	11,9	337	149
6515	93	155	82,69	105,85	722	149
6524	0	2	2,6	0,0	470	149
6526	11	72	25,28	247,158	409	149
6532	261	198	192,131	116,51	4010	149
6534	8	12	19,16	26,27	285	149
6540	58	1642	31,39	631,699	657	149
6541	4	24	0,0	2,0	442	149
6542	77	39	168,144	19,20	2013	149
6551	6	0	0,0	14,3	475	149
6556	134	1	109,105	0,0	448	149
6557	14	12	17,10	7,2	806	149
6558	4	64	2,2	87,59	623	149
6563	0	26	3,2	16,42	349	149
6565	4	6	9,16	71,39	850	149
6566	4	0	0,8	2,0	688	149
6570	0	18	5,1	61,94	841	149
6586	0	20	2,2	11,4	240	149
6587	0	2	2,1	0,0	227	149
6588	5	19	9,15	7,10	225	149
6589	6	0	9,15	2,0	229	149
6590	62	15	80,46	7,5	1166	149
6591	4	2	4,8	19,18	249	149
6605	303	90	521,245	78,49	3166	149
6606	3	7	1,0	5,10	242	149
6607	2	7	3,6	0,5	453	149
6608	2	4	3,4	0,0	420	149
6609	8	62	9,21	71,108	477	149
6610	8	4	9,19	5,4	444	149
6628	160	2	167,93	0,0	1618	149
6629	164	32	172,96	20,6	1657	149
6630	67	6	73,37	3,2	348	149
6631	45	83	50,26	81,47	304	149
6632	228	4	585,294	9,12	1861	149
6634	413	0	778,667	1,0	2900	149
6637	328	147	609,550	287,158	2837	149
6639	36	6	0,8	0,2	501	149
6640	38	0	0,10	0,2	516	149
6641	25	0	37,21	1,5	1021	149
6651	2	2	0,2	4,10	418	149
6652	0	5	2,6	6,4	570	149
6658	149	306	169,116	140,80	1021	149
6659	2	36	1,2	23,23	226	149
6671	10	0	68,32	0,1	4868	149
6672	2	0	7,8	0,2	236	149
6674	0	2	5,10	0,0	766	149
6677	4	7	10,2	2,0	2162	149
6678	6	0	12,0	4,2	845	149
6681	2	5	18,25	19,8	342	149
6687	12	0	23,23	2,0	522	149
6690	2	2	24,13	47,3	764	149
6691	8	1	69,33	5,0	1506	149
6693	2	1	24,8	35,8	974	149
6702	49	1599	38,31	1062,871	440	149
6703	13	180	5,4	123,49	370	149
6708	2	2	2,2	0,0	464	149
6710	23	73	61,24	57,40	322	149
6711	183	184	226,173	171,88	2643	149
6712	9	6	3,4	2,0	240	149
6717	1	2	9,13	18,4	596	149
6719	4	0	10,2	1,0	413	149
6720	4	0	10,2	4,2	425	149
6721	0	3	3,2	7,6	275	149
6723	77	542	121,149	342,302	1293	149
6724	238	6	71,84	4,5	251	149
6725	0	10	2,2	13,10	271	149
6726	2	3	6,2	4,2	293	149
6728	2	3	4,7	2,0	343	149
6729	0	7	4,4	17,12	449	149
6734	36	15	56,25	14,2	954	149
6736	8	2	0,2	0,0	3733	149
6737	123	22	136,77	12,4	2864	149
6738	6	2	31,43	3,11	288	149
6742	123	47	78,45	38,16	699	149
6744	14	67	24,10	32,18	672	149
6747	4	36	2,0	66,38	299	149
6752	4	44	25,5	42,19	228	149
6753	525	463	416,241	150,122	1764	149
6755	2	30	0,6	22,58	423	149
6756	22	17	24,12	2,0	426	149
6757	96	0	1093,168	2,0	1690	149
6759	51	23	31,12	32,13	752	149
6760	8	30	13,12	48,10	534	149
6763	0	7	2,0	5,0	238	149
6768	1	0	4,2	0,2	519	149
6769	108	674	102,54	496,252	1208	149
6770	144	0	138,72	2,2	1215	149
6771	50	729	34,28	557,255	432	149
6773	4	128	12,1	138,89	231	149
6774	46	47	86,26	46,19	3559	149
6775	85	2	143,29	0,0	1385	149
6776	27	33	34,28	40,35	710	149
6783	1	1	14,7	14,10	403	149
6786	5	3	60,39	0,5	1449	149
6788	40	51	62,53	46,33	1661	149
6797	0	2	2,1	5,5	308	149
6800	2	6	2,2	34,12	505	149
6802	8	414	8,3	246,111	231	149
6803	15	362	8,14	127,62	1033	149
6804	28	454	29,3	167,95	3050	149
6805	18	22	23,25	28,10	235	149
6812	0	2	2,0	0,0	414	149
6817	0	14	0,2	12,13	379	149
6818	0	4	2,0	2,12	296	149
6836	2	2	2,4	7,6	780	149
6838	2	7	0,0	8,28	265	149
6847	9	2	12,14	7,2	643	149
6848	545	107	181,208	25,40	2279	149
6849	59	272	138,98	130,161	3869	149
6856	39	1	2,4	0,0	255	149
6857	210	202	130,49	53,22	2336	149
6859	155	0	299,171	2,0	3802	149
6861	83	21	116,63	30,14	420	149
6866	11	0	51,10	0,2	587	149
6867	15	119	78,20	139,118	990	149
6869	0	58	4,0	71,77	256	149
6871	31	14	59,17	27,26	460	149
6873	4	14	28,15	16,5	496	149
6875	404	198	507,339	107,70	3926	149
6888	3	2	6,14	7,4	382	149
6890	7	8	11,0	3,11	238	149
6892	4	5	8,2	12,1	275	149
6895	0	2	2,4	5,9	302	149
6896	12	2	29,10	5,8	454	149
6897	2	6	7,7	6,2	252	149
6899	49	19	76,29	16,3	486	149
6900	16	1	38,32	2,0	1400	149
6901	6	44	6,2	20,34	354	149
6905	1	8	12,16	40,29	662	149
6906	0	2	3,1	1,2	220	149
6916	12	27	48,18	29,6	389	149
6919	64	2	251,118	3,4	1318	149
6922	15	4	21,16	0,2	245	149
6923	13	62	21,16	59,26	225	149
6924	110	2	318,161	3,0	1233	149
6925	195	146	443,192	105,82	1013	149
6927	4	250	12,4	142,64	401	149
6928	39	375	43,18	166,91	2820	149
6931	20	84	39,45	92,81	1755	149
6941	64	77	9,9	8,9	1599	149
6942	233	29	54,47	2,8	1457	149
6943	24	0	279,163	7,8	609	149
6944	9	80	12,7	53,31	438	149
6945	605	244	950,421	416,222	2900	149
6947	17	20	22,45	46,20	325	149
6948	245	58	33,24	3,8	1344	149
6949	90	845	12,7	170,160	249	149
6951	106	940	18,7	260,205	337	149
6952	194	975	23,13	164,167	912	149
6953	136	2	19,8	0,0	636	149
6954	240	2	40,24	0,0	916	149
6955	369	613	48,17	148,56	794	149
6956	322	384	31,7	56,71	658	149
6957	1787	82	4071,3142	47,37	3420	149
6962	4	13	4,10	22,5	280	149
6964	65	52	87,45	42,33	826	149
6966	83	0	134,60	2,0	231	149
6971	23	0	42,54	0,2	409	149
6972	2	32	1,4	46,25	307	149
6974	69	319	344,155	471,160	754	149
6978	0	2	0,2	4,1	668	149
6979	11	0	43,64	0,4	3686	149
6986	58	8	11,23	0,8	1177	149
6992	6	12	9,18	8,10	659	149
6996	62	0	134,145	12,0	248	149
6998	9	10	53,25	15,15	325	149
6999	6	4	26,13	144,84	235	149
7001	55	0	200,136	0,2	910	149
7003	39	26	50,29	15,28	1688	149
7004	5	27	36,35	76,50	1008	149
7005	7	2	16,12	2,4	395	149
7006	20	54	24,14	71,49	457	149
7008	24	30	33,31	37,35	1365	149
7009	23	46	102,41	62,73	1968	149
7010	13	54	37,18	67,53	1398	149
7013	67	7	166,125	2,0	2811	149
7015	42	0	99,138	0,4	2208	149
7018	17	15	38,18	5,15	452	149
7019	13	0	31,10	0,2	369	149
7020	43	272	4,23	134,140	624	149
7021	58	273	2,35	122,89	793	149
7022	60	50	74,30	47,38	696	149
7027	18	179	60,92	298,319	375	149
7031	70	106	450,406	82,85	388	149
7033	2	0	2,4	0,2	408	149
7044	1	1	8,12	0,3	1526	149
7047	2	4	0,2	4,8	842	149
7056	2	0	2,4	2,0	255	149
7058	10	5	79,67	2,1	2984	149
7060	0	4	2,0	5,11	243	149
7064	2	3	10,8	2,4	722	149
7066	16	0	14,27	2,2	325	149
7067	1	10	12,2	30,28	226	149
7068	1	2	15,2	0,0	231	149
7069	15	8	51,34	25,21	1610	149
7074	6857	48	2036,2276	4,4	2055	149
7076	3	0	9,4	2,0	1267	149
7080	23	4	43,37	2,4	778	149
7081	1	13	0,0	17,13	369	149
7088	0	2	2,1	6,8	229	149
7093	2	0	2,4	1,4	847	149
7120	3	6	2,2	0,4	962	149
7122	0	10	3,3	32,17	475	149
7125	0	2	0,2	8,0	387	149
7126	2	8	0,1	0,0	236	149
7127	2	140	0,1	8,100	230	149
7129	4	302	1,1	43,138	229	149
7132	5	11	15,6	10,0	2392	149
7134	352	149	510,323	165,96	1604	149
7135	74	48	118,73	30,34	346	149
7140	77	30	294,272	48,27	1120	149
7142	23	136	27,4	39,43	303	149
7143	17	120	9,31	72,32	725	149
7148	2	2	10,10	2,0	252	149
7150	9	0	13,13	0,1	318	149
7151	3	0	3,2	0,9	336	149
7155	3	41	10,6	28,40	242	149
7156	8	47	11,12	39,48	252	149
7158	2	11	2,7	49,24	328	149
7159	0	7	13,10	6,10	306	149
7160	2	18	2,18	7,10	296	149
7163	3	24	8,5	57,57	346	149
7164	19	40	44,33	80,68	1148	149
7172	1475	1	1105,434	6,0	2478	149
7174	15	89	25,28	123,130	325	149
7176	179	562	191,101	384,361	482	149
7177	62	366	66,37	346,305	423	149
7178	85	607	146,60	688,489	457	149
7179	109	489	91,34	332,305	643	149
7182	4	8	4,4	11,9	288	149
7183	2	7	3,0	6,0	443	149
7185	34	0	1822,2119	8,6	1120	149
7200	7	92	8,9	301,308	327	149
7201	2	0	23,34	0,2	2940	149
7208	14	0	55,29	2,4	1426	149
7219	253	0	297,159	2,4	866	149
7238	2	3	0,0	16,18	248	149
7244	10	44	22,21	43,31	366	149
7248	1	29	0,2	8,5	341	149
7251	6	54	14,10	34,35	361	149
7252	12	76	30,20	62,91	1252	149
7253	4	144	6,0	135,127	284	149
7254	9	66	14,15	60,46	226	149
7255	165	2	316,298	0,0	2345	149
7257	0	1	4,2	16,14	340	149
7259	0	2	0,2	4,0	300	149
7261	6	7	6,12	11,16	262	149
7264	2	4	12,12	14,12	401	149
7265	0	6	1,0	21,15	235	149
7273	240	71	469,319	54,49	3531	149
7277	0	4	0,2	0,0	268	149
7278	5	33	13,5	27,12	685	149
7279	21	12	35,23	20,11	1815	149
7280	3	68	9,4	24,42	574	149
7282	2	20	0,2	26,9	280	149
7288	528	778	973,356	588,381	242	149
7289	864	1679	2662,1337	1288,824	3043	149
7290	421	1613	512,196	1628,809	824	149
7292	4	23	7,5	30,22	371	149
7293	8	0	12,16	0,3	254	149
7294	3	45	8,11	30,37	246	149
7295	10	2	10,9	6,0	1365	149
7296	44	3	41,39	3,3	266	149
7300	2	2	4,4	2,1	559	149
7305	17	0	20,22	2,0	2083	149
7306	9	5	33,16	0,0	786	149
7307	124	0	185,165	2,4	1950	149
7308	74	1	70,83	0,0	721	149
7309	406	0	131,94	2,4	368	149
7310	225	134	363,430	67,33	384	149
7311	156	3	277,285	0,2	230	149
7312	193	89	96,80	63,27	585	149
7313	61	115	33,22	67,37	359	149
7314	141	77	81,53	41,39	333	149
7316	278	0	149,118	4,2	834	149
7317	181	96	97,87	41,53	603	149
7318	122	79	75,43	60,35	485	149
7319	195	1	111,54	0,0	730	149
7320	100	68	61,15	58,39	343	149
7321	105	37	49,36	31,16	356	149
7322	49	4	43,31	7,2	547	149
7324	17	4	18,23	0,0	296	149
7326	3	12	22,16	18,3	597	149
7328	0	11	2,1	20,10	357	149
7330	9	0	10,13	3,0	271	149
7331	2	24	2,0	12,12	223	149
7337	18	21	34,20	38,21	1542	149
7360	2	2	2,8	2,2	461	149
7379	2	114	13,11	173,129	396	149
7380	0	7	2,5	18,17	344	149
7381	0	2	2,5	6,4	335	149
7383	12	20	40,14	20,21	615	149
7384	9	5	26,27	0,4	485	149
7385	25	0	114,133	2,11	583	149
7386	16	22	69,102	60,46	494	149
7388	2	0	0,0	4,6	245	149
7390	0	9	8,0	28,6	278	149
7391	0	2	2,4	0,0	357	149
7392	12	0	0,4	0,2	354	149
7393	114	86	258,162	165,73	1194	149
7394	0	10	0,1	13,41	326	149
7407	28	294	19,15	133,182	767	149
7414	0	8	2,0	0,4	1163	149
7416	13	93	30,3	106,60	235	149
7417	42	87	49,26	99,50	795	149
7419	2	2	42,37	5,2	1187	149
7420	23	102	29,19	56,29	416	149
7421	818	2	676,356	2,4	1188	149
7422	156	4	158,132	2,2	362	149
7423	27	34	102,33	42,11	1968	149
7429	2	0	2,3	1,4	262	149
7431	2	33	2,0	14,9	480	149
7432	9	1	14,2	0,1	1149	149
7434	72	1	112,52	0,2	2829	149
7435	72	63	108,51	40,24	2823	149
7437	46	115	56,31	102,59	458	149
7439	147	15	92,56	7,1	977	149
7440	16	18	61,31	13,8	1044	149
7441	46	0	152,84	0,2	3222	149
7442	48	0	159,93	0,2	3373	149
7443	48	10	160,93	10,10	3383	149
7447	986	2	539,583	4,4	2709	149
7448	1250	0	756,399	2,0	1262	149
7449	1388	0	866,477	1,0	1430	149
7450	2	3	31,10	4,8	237	149
7453	19	18	27,30	18,12	397	149
7455	4	1	11,19	2,7	330	149
7456	4	34	11,19	30,44	315	149
7457	0	9	0,3	24,21	251	149
7460	120	8	54,29	8,14	456	149
7461	4	3	47,3	7,4	1223	149
7466	0	19	0,4	29,25	699	149
7468	36	10	64,79	7,11	1325	149
7469	30	0	87,87	8,2	2964	149
7472	8	5	24,13	13,17	294	149
7475	45	4	6,6	0,0	470	149
7490	0	1	2,2	0,0	608	149
7491	15	1	10,1	0,1	1232	149
7492	113	32	168,141	42,50	266	149
7497	17	0	36,46	0,7	565	149
7501	27	6	97,44	5,6	3333	149
7503	91	19	138,139	10,10	1447	149
7504	5	34	5,12	21,20	270	149
7506	0	2	4,0	0,0	292	149
7508	36	55	169,106	64,49	1114	149
7510	10	26	14,14	49,32	715	149
7513	12	104	35,18	129,67	519	149
7515	2287	303	1540,1064	1825,1429	1421	149
7516	472	0	405,206	2,0	1473	149
7517	11	796	28,14	516,369	347	149
7518	14	10	531,169	156,82	2337	149
7526	10	0	69,43	2,0	976	149
7528	28	6	68,13	34,17	335	149
7529	13	105	57,26	100,57	477	149
7531	2	2	2,0	0,2	351	149
7532	1	169	2,0	134,144	347	149
7533	28	44	107,46	61,36	845	149
7539	14	2	47,27	0,2	229	149
7540	116	54	281,128	42,14	1322	149
7541	347	897	483,420	1536,554	2020	149
7542	343	0	470,415	1,6	2008	149
7543	63	11	97,74	6,6	899	149
7544	98	2	141,134	0,0	1030	149
7545	85	14	53,35	9,3	774	149
7546	123	1403	135,83	683,467	382	149
7549	2	2	0,6	6,2	336	149
7554	134	22	488,152	6,0	3650	149
7557	72	2	40,32	2,0	649	149
7561	8	11	6,8	12,8	292	149
7562	101	86	95,86	63,39	1104	149
7564	0	8	3,2	8,0	220	149
7565	12	8	63,0	20,2	416	149
7567	24	680	112,162	1699,953	1226	149
7570	34	158	26,12	120,32	228	149
7573	6	0	19,14	8,6	1929	149
7576	4	20	4,2	30,30	278	149
7577	18	30	41,29	48,53	386	149
7578	102	7	174,148	15,3	2010	149
7579	65	6	120,108	10,4	1683	149
7580	43	5	87,70	6,1	1134	149
7581	65	14	252,110	38,21	3300	149
7583	2	34	27,18	69,23	320	149
7584	2	0	2,0	0,4	380	149
7585	1462	168	749,502	63,50	2911	149
7593	14	1	76,55	6,2	2851	149
7595	35	7	32,16	72,61	836	149
7601	62	22	58,29	17,10	711	149
7607	11	0	26,34	3,0	563	149
7608	0	2	2,2	11,16	231	149
7609	2	48	19,18	177,108	445	149
7610	12	3	44,27	5,2	490	149
7611	7	57	19,16	161,102	475	149
7617	94	16	140,97	29,11	2956	149
7621	2	5	2,2	0,6	472	149
7624	15	2	6,4	0,0	1128	149
7629	22	51	58,54	92,61	1230	149
7630	43	0	99,93	2,2	686	149
7632	43	1	99,93	12,6	689	149
7634	16	0	50,47	2,0	776	149
7635	12	6	37,33	25,16	740	149
7639	1	11	0,0	25,22	283	149
7640	2	6	11,17	23,23	350	149
7641	2	2	8,17	0,0	272	149
7644	2	4	14,18	15,9	443	149
7649	2	7	2,1	10,13	292	149
7652	50	4	63,34	0,4	430	149
7653	49	43	53,34	25,16	416	149
7655	29	1	28,16	0,0	259	149
7661	53	145	10,10	8,1	3403	149
7666	83	117	204,93	92,59	478	149
7667	369	140	662,307	124,83	6379	149
7675	3	6	0,4	0,8	240	149
7679	4	4	16,8	2,0	707	149
7694	2	8	1,2	2,18	363	149
7700	4	19	16,10	12,4	313	149
7702	31	30	16,10	19,14	1026	149
7706	69	281	128,85	400,299	2262	149
7708	126	364	96,52	211,120	1113	149
7709	18	6	35,43	8,2	1098	149
7712	4	0	6,4	0,1	274	149
7713	13	79	30,20	175,110	556	149
7715	80	456	14,15	31,42	455	149
7716	25	688	0,4	79,31	855	149
7717	667	165	572,413	60,38	1396	149
7718	534	91	495,351	23,36	1313	149
7719	29	137	15,11	68,66	248	149
7720	12	2	16,4	2,2	1181	149
7725	2168	14975	601,797	8150,11304	492	149
7726	37	0	123,90	1,0	1042	149
7728	2	8	7,1	2,4	420	149
7730	50	3	96,63	2,4	1187	149
7731	21	2	30,16	1,0	254	149
7732	32	5	62,44	5,2	890	149
7734	15	13	29,19	5,2	366	149
7738	1445	112	536,361	115,58	586	149
7739	206	84	192,122	73,43	461	149
7745	0	107	4,4	67,59	272	149
7753	19	41	73,19	44,37	694	149
7754	2	41	16,7	55,50	242	149
7755	85	41	153,97	101,48	378	149
7762	6	29	6,1	19,16	266	149
7763	118	6	106,87	4,0	1575	149
7764	113	3	92,78	4,2	1515	149
7765	112	1	92,78	2,0	1512	149
7766	48	13	65,44	8,12	1734	149
7768	77	16	44,45	8,14	243	149
7770	63	35	163,96	42,51	1207	149
7772	6	79	37,15	77,41	1721	149
7781	2	4	18,23	4,2	888	149
7785	0	42	2,1	29,43	301	149
7788	1	4	2,2	14,9	655	149
7796	0	2	4,3	1,0	456	149
7797	1	9	3,2	13,23	275	149
7802	21	149	100,68	165,74	1811	149
7803	29	130	181,61	255,124	1512	149
7804	39	177	306,83	318,122	1814	149
7806	14	91	65,28	151,43	221	149
7810	81	1	107,77	0,0	426	149
7811	95	373	118,83	270,210	451	149
7814	120	0	147,144	3,0	2057	149
7815	57	484	53,78	365,287	1723	149
7817	50	0	45,62	0,2	1447	149
7819	14	557	29,18	517,370	269	149
7820	37	0	78,39	0,2	273	149
7821	12	0	32,22	2,0	381	149
7822	12	6	20,12	2,0	558	149
7825	0	4	5,6	31,14	449	149
7826	2	0	21,13	4,4	376	149
7832	4	29	22,10	13,18	2176	149
7833	4	2	32,27	6,2	322	149
7835	0	2	0,2	0,0	557	149
7836	60	5	94,114	0,5	659	149
7838	16	70	10,5	77,87	733	149
7839	26	78	20,16	88,82	456	149
7842	2	16	29,10	28,22	424	149
7843	12	23	49,16	64,29	529	149
7844	0	3	0,1	0,2	244	149
7845	23	39	62,66	17,19	275	149
7846	27	13	27,31	9,2	452	149
7847	2	4	0,2	9,23	508	149
7848	2	2	2,1	2,4	643	149
7854	6	64	26,4	99,22	481	149
7855	9	0	30,6	1,0	485	149
7863	0	2	18,0	6,0	1225	149
7866	16	2	21,3	4,0	246	149
7868	11	39	4,1	23,6	235	149
7871	7	6	17,4	0,4	748	149
7872	7	0	48,18	0,2	1767	149
7876	1	9	16,10	11,6	235	149
7878	41	9	96,48	15,9	837	149
7884	46	1	0,2	0,0	3202	149
7886	10	19	20,25	14,21	1732	149
7888	359	0	1139,427	0,4	1145	149
7890	0	11	1,2	2,4	435	149
7894	55	76	34,20	34,18	2015	149
7895	31	84	94,75	112,94	1103	149
7900	6	2	1,1	0,0	216	149
7902	533	85	405,240	73,53	4188	149
7907	475	59	398,233	54,27	1740	149
7911	144	5	36,29	1,0	236	149
7912	432	304	126,105	84,41	802	149
7913	356	4	109,94	0,0	677	149
7914	437	4	127,105	1,1	804	149
7915	448	3	131,116	4,0	806	149
7916	215	1661	87,91	2427,1436	778	149
7918	167	1653	188,133	2451,1664	426	149
7919	681	856	230,233	1016,735	567	149
7920	390	1	149,116	0,0	313	149
7921	600	1291	201,365	1420,759	2892	149
7922	84	1202	72,73	1125,617	238	149
7925	18	3	48,37	4,6	272	149
7928	839	88	1143,1347	77,92	2604	149
7929	39	345	72,41	463,250	501	149
7930	11	23	37,27	47,5	770	149
7933	33	0	50,33	2,0	362	149
7934	27	17	73,60	14,5	2810	149
7936	286	34	251,97	49,28	1290	149
7937	0	8	7,3	26,21	659	149
7939	60	2	78,39	2,2	1282	149
7941	10	7	50,55	11,21	1124	149
7946	23	0	7,8	1,2	1810	149
7947	23	0	6,8	1,0	1765	149
7949	3	72	9,0	44,7	229	149
7950	10	1	10,0	0,0	233	149
7951	7	76	4,2	52,25	240	149
7953	22	1	21,9	0,0	315	149
7954	24	1	21,10	0,0	340	149
7955	4	290	6,4	345,460	253	149
7959	1	2	8,0	0,0	233	149
7962	0	1	2,0	2,2	469	149
7964	0	2	6,0	0,0	889	149
7965	0	4	2,0	6,8	887	149
7966	18	357	265,207	904,443	473	149
7967	15	40	22,19	34,25	264	149
7969	1	3	0,0	0,2	241	149
7970	6	2	2,0	0,2	508	149
7975	216	19	135,93	22,10	3694	149
7976	227	3	143,97	0,0	3778	149
7978	72	0	136,209	0,2	1992	149
7979	8	288	47,52	323,453	950	149
7982	48	96	151,52	133,69	551	149
7987	9	73	6,4	103,53	355	149
7988	144	130	158,56	82,51	3575	149
7989	12	311	26,17	399,387	239	149
7991	2	4	42,21	48,4	747	149
7996	38	12	191,81	5,18	5060	149
7999	2	2	0,0	1,0	335	149
8001	0	1	3,0	0,0	350	149
8004	34	631	67,82	1828,1753	771	149
8005	97	982	150,122	2138,1665	2392	149
8006	52	93	77,54	130,67	789	149
8009	9	20	44,30	22,2	804	149
8012	85	13	2,0	0,0	1202	149
8016	40	58	71,45	58,29	1543	149
8017	112	33	197,72	28,16	2521	149
8028	37	1	53,19	1,2	312	149
8029	39	73	31,28	54,19	495	149
8030	51	3	74,48	0,0	801	149
8031	146	61	165,151	25,15	1838	149
8032	653	2	647,867	0,1	1577	149
8035	14	7	32,18	18,6	1674	149
8036	48	10	42,33	30,22	4392	149
8037	9	7	30,4	20,7	716	149
8039	53	7	79,58	3,13	1981	149
8044	440	117	377,151	41,30	1433	149
8045	3	4	0,6	4,0	268	149
8051	0	5	2,3	3,3	330	149
8052	2366	25	3953,2727	4,4	2449	149
8056	10	30	25,23	32,33	1082	149
8057	2	14	6,4	17,15	312	149
