ID	IJC_SAMPLE_1	SJC_SAMPLE_1	IJC_SAMPLE_2	SJC_SAMPLE_2	IncFormLen	SkipFormLen
2	0	4	0,2	2,2	180	149
10	5	19	2,0	0,0	332	149
13	36	2	403,592	237,234	874	149
14	0	2	22,36	237,234	199	149
15	0	140	3,1	34,40	254	149
17	33	403	26,10	192,264	1041	149
19	5	84	0,1	36,26	153	149
21	43	7	36,27	7,2	166	149
22	7	0	100,59	11,18	158	149
23	2	0	14,19	11,18	201	149
24	2	7	8,14	94,54	192	149
57	2	8	1,0	6,5	204	149
60	0	4	0,2	8,4	159	149
62	0	8	2,0	8,2	267	149
67	2	418	3,2	163,115	220	149
75	3	12	14,3	10,3	381	149
76	10	0	9,3	4,0	153	149
79	4	40	15,6	17,5	316	149
80	4	40	15,6	17,5	317	149
85	0	2	2,0	0,0	196	149
88	1370	4	1688,1008	0,0	2962	149
89	20	2	12,7	0,1	204	149
90	13	16	3,1	15,6	154	149
91	2	2	2,2	2,1	154	149
111	0	15	2,1	16,17	160	149
112	15	2	1,0	0,0	205	149
114	2	0	0,4	2,0	211	149
120	175	2	181,57	0,0	521	149
122	2	9	2,3	18,26	184	149
123	92	0	305,179	2,0	2503	149
141	2	1	0,4	2,5	365	149
143	8	0	19,15	2,0	243	149
147	9	3	2,8	2,6	373	149
148	0	2	1,2	1,0	153	149
149	2	0	0,6	0,2	201	149
163	85	8	88,95	0,2	159	149
164	14	8	10,34	0,2	327	149
165	13	84	10,34	88,95	317	149
174	166	1	72,135	0,0	1563	149
182	391	4	845,572	1,0	2099	149
184	4	21	0,3	21,2	232	149
194	60	29980	12,7	5104,4072	183	149
196	79	6	87,73	0,2	284	149
197	1	0	2,6	5,0	161	149
199	0	8	6,6	18,12	583	149
203	0	2	1,0	0,3	329	149
205	0	9	0,1	6,3	161	149
206	1	20	0,0	32,26	152	149
218	16	77	19,22	37,44	911	149
228	0	33	0,2	29,16	196	149
233	34	0	31,46	2,2	159	149
268	0	5	0,2	6,0	226	149
269	4	5	0,2	6,0	166	149
277	4	2	8,12	10,13	304	149
278	3	4	20,27	2,15	153	149
286	10	15	10,6	29,31	182	149
299	10	0	19,12	1,0	172	149
302	50	2	8,0	2,0	225	149
331	0	1	20,4	2,0	1095	149
332	7	2	39,17	4,0	308	149
333	1	2	0,0	4,0	156	149
334	7	1	39,17	0,0	301	149
345	7	5	4,19	1,6	164	149
346	0	6	0,2	16,35	160	149
351	6	9	2,2	12,21	153	149
357	24	0	4,21	0,2	151	149
372	0	2	0,2	2,0	491	149
385	1	26	7,4	24,21	187	149
390	1	6	0,0	0,4	173	149
392	32	63	67,54	78,53	338	149
394	5	76	4,5	68,52	171	149
395	4	6	5,0	4,4	217	149
399	67	0	241,226	2,2	580	149
405	2	0	0,0	2,0	228	149
406	0	20	10,6	36,45	292	149
409	9	11	23,8	40,20	160	149
411	3	2	6,7	4,6	160	149
419	5	2	8,2	0,0	619	149
420	2	2	3,5	2,0	154	149
424	7	3	8,6	0,0	633	149
430	11	228	6,1	173,179	177	149
438	13	159	3,1	57,49	195	149
439	10	0	2,1	3,2	195	149
441	9	82	15,12	154,166	247	149
442	31	82	61,26	154,166	442	149
443	24	2	46,16	0,2	344	149
444	2	14	17,8	16,13	203	149
458	24	1	10,4	4,2	203	149
461	3	20	2,2	7,3	474	149
463	70	0	45,60	1,3	152	149
469	0	2	3,2	4,0	203	149
481	2	94	10,0	110,97	323	149
485	37	8	39,36	5,8	270	149
487	2	30	7,11	33,17	161	149
496	392	0	121,56	2,0	222	149
506	6	0	32,2	2,0	689	149
508	9	11	13,4	52,12	201	149
510	16	2	3,7	0,2	173	149
512	0	9	15,6	8,3	176	149
514	2	6	11,10	0,0	1032	149
516	4	2	4,6	9,13	155	149
520	8	687	13,4	680,403	222	149
533	5	0	39,83	2,2	1106	149
535	410	9	185,137	4,6	292	149
544	0	25	0,2	11,29	197	149
556	13	0	18,20	2,0	543	149
561	104	7	117,34	6,8	155	149
562	24	635	13,6	343,180	162	149
565	58	4	30,11	2,0	296	149
567	13	0	7,10	0,1	260	149
568	49	0	21,22	0,1	405	149
569	64	0	39,47	0,1	696	149
573	25	5	16,5	2,9	226	149
587	2	500	2,4	690,1182	202	149
592	4	51	6,4	56,88	835	149
594	4	51	2,4	56,88	395	149
596	4	8	6,24	4,11	709	149
597	3	8	4,19	4,11	665	149
617	1	0	0,2	0,2	197	149
633	2	120	2,0	55,33	153	149
634	132	2	46,39	0,0	592	149
636	0	24	1,0	14,15	323	149
639	2	2	2,2	0,0	351	149
640	2	2	2,2	0,0	337	149
642	4	0	10,2	2,0	259	149
643	4	4	10,2	0,0	263	149
644	0	4	2,0	0,0	153	149
645	0	27	2,4	32,55	185	149
653	12	4	13,5	0,0	211	149
654	43	115	31,18	70,38	165	149
656	69	0	46,48	1,0	646	149
659	51	2	147,117	4,3	1913	149
660	51	0	147,121	2,0	1913	149
665	7	7	5,1	6,10	161	149
669	4	0	9,6	0,1	417	149
675	7	2	14,6	6,0	252	149
676	7	7	22,2	14,6	1011	149
685	3	22	2,2	4,8	199	149
686	26	2	12,25	0,0	284	149
704	2	5	1,0	8,8	175	149
705	125	0	20,86	0,1	1046	149
706	4	95	0,0	14,63	153	149
712	4	2	4,14	0,0	191	149
717	0	9	0,4	3,0	560	149
723	4	2	23,12	0,0	392	149
724	4	47	23,14	91,90	392	149
735	8	0	20,6	2,2	153	149
742	0	9	0,1	9,16	192	149
744	3	33	7,0	14,54	188	149
745	3	0	12,8	2,0	176	149
746	18	0	53,30	3,6	176	149
750	8	0	1,12	2,0	429	149
757	30	4	31,107	0,2	340	149
763	4	2	8,8	0,0	602	149
764	4	4	8,8	0,0	614	149
766	0	5	2,1	2,0	420	149
770	19	14	39,8	17,13	486	149
771	38	0	52,35	0,2	284	149
774	82	0	45,39	2,0	999	149
781	5	9	14,15	6,10	341	149
785	6	22	16,4	19,6	242	149
794	63	17	132,96	11,6	158	149
798	6	54	10,8	67,82	285	149
799	1	0	2,3	2,0	181	149
800	1	0	12,5	2,0	233	149
801	1	1	10,4	0,2	201	149
802	10	0	84,160	3,0	1619	149
803	39	47	38,19	48,12	155	149
809	0	7	0,2	4,0	276	149
812	4	0	14,32	1,0	173	149
814	0	17	1,0	8,10	154	149
817	152	7	89,37	0,0	229	149
823	2	25	2,6	21,12	187	149
831	2	0	0,4	1,0	503	149
835	10	1	19,4	2,0	229	149
836	16	0	17,15	1,0	217	149
839	1	0	2,0	2,0	164	149
840	0	2	2,4	20,8	152	149
850	0	13	2,0	17,10	230	149
852	1	0	4,4	3,9	652	149
858	53	12	16,25	5,0	206	149
859	0	2	0,2	0,9	158	149
865	45	0	76,46	3,0	366	149
866	10	2	12,7	0,0	466	149
874	0	2	0,2	0,0	259	149
881	2	11	4,0	3,13	228	149
882	13	2	11,19	0,0	302	149
884	460	1	338,175	2,0	177	149
885	0	8	1,0	13,17	275	149
886	6	41	8,1	41,8	222	149
895	2	3	11,13	13,24	181	149
896	14	0	17,11	2,0	167	149
898	51	3	84,108	2,8	204	149
912	10	2	38,23	9,16	1671	149
917	0	14	1,4	17,17	171	149
920	0	6	4,0	16,8	209	149
924	0	4	0,2	16,23	523	149
925	44	1	56,39	4,4	276	149
927	2	11	3,1	44,14	359	149
946	84	13	190,46	12,14	1298	149
952	4	48	19,6	69,75	275	149
953	0	22	2,0	43,28	197	149
956	11	0	35,15	2,2	1096	149
960	13	0	42,6	1,0	258	149
963	58	0	161,160	2,0	568	149
964	2	42	2,1	69,101	216	149
970	0	12	1,0	14,27	175	149
980	0	6	4,0	11,6	513	149
981	20	21	21,19	13,5	180	149
986	466	24	103,129	4,22	197	149
987	0	33	2,0	65,19	158	149
996	0	311	0,2	233,322	180	149
1007	61	0	153,81	2,0	153	149
1010	1520	0	855,990	0,2	306	149
1012	42	138	47,70	38,25	305	149
1014	9	0	68,88	0,2	178	149
1015	0	24	5,3	154,97	175	149
1024	0	2	2,2	1,1	194	149
1034	2	22	5,0	26,5	162	149
1043	4	0	51,21	3,2	170	149
1056	74	0	46,97	2,0	162	149
1058	0	7	1,2	16,17	166	149
1071	2	2	1,0	12,3	2056	149
1072	2	7	2,0	25,11	2056	149
1073	0	4	11,0	13,12	227	149
1076	25	0	117,86	0,4	212	149
1081	0	2	2,4	0,0	213	149
1082	0	23	4,0	37,24	153	149
1084	1	2	8,2	0,1	189	149
1085	1	0	1,0	2,2	159	149
1088	0	12	3,2	17,7	281	149
1092	87	2	242,151	0,0	259	149
1093	548	0	360,166	2,0	171	149
1097	0	13	3,8	7,20	185	149
1099	10	66	58,24	104,46	1537	149
1100	76	0	212,97	0,1	1215	149
1103	2	0	4,8	0,2	299	149
1107	69	0	181,88	3,5	211	149
1108	0	5	27,21	15,4	197	149
1113	0	4	0,2	48,31	153	149
1115	31	0	15,11	2,0	200	149
1116	0	14	2,0	3,4	192	149
1122	134	3	18,48	2,1	251	149
1124	0	6	2,2	2,8	206	149
1125	2	0	0,0	0,4	178	149
1129	2	0	8,4	2,0	362	149
1131	1	0	2,3	0,1	204	149
1132	39	0	10,17	0,1	181	149
1133	122	5	53,62	2,6	347	149
1134	19	2	4,5	0,0	347	149
1144	23	1	66,70	0,0	399	149
1160	176	0	300,184	2,2	182	149
1169	2	77	1,1	114,81	153	149
1195	51	3	76,71	4,7	297	149
1197	0	8	0,2	6,0	550	149
1199	13	10	6,10	4,10	724	149
1202	135	0	36,32	4,0	301	149
1203	18	1	23,12	0,1	600	149
1214	0	2	2,8	0,0	451	149
1218	2	2	8,0	0,0	376	149
1223	28	1	47,36	1,2	751	149
1229	0	6	1,2	9,12	156	149
1232	0	11	0,5	8,0	166	149
1233	2	1	4,3	0,2	166	149
1239	0	8	0,4	0,2	348	149
1245	0	21	7,1	27,14	211	149
1248	9	0	8,22	0,4	436	149
1249	0	2	2,14	4,4	155	149
1251	0	3	2,1	0,0	153	149
1256	165	2	260,240	6,8	2017	149
1259	1	0	0,0	0,2	274	149
1262	71	2	26,14	0,0	156	149
1263	19	162	9,10	52,54	215	149
1264	385	5	191,122	1,2	261	149
1266	4	14	2,2	19,13	270	149
1267	0	4	2,0	2,0	153	149
1273	0	330	4,2	880,689	156	149
1274	3	308	4,8	690,733	159	149
1276	22	0	17,38	2,0	375	149
1277	20	0	15,37	2,0	350	149
1286	94	6	119,54	6,8	270	149
1287	2	2	0,10	0,2	372	149
1288	64	2	47,17	5,4	169	149
1289	117	4	61,52	0,2	244	149
1292	18	297	15,7	144,88	466	149
1293	6	297	4,1	144,88	158	149
1294	39	109	27,16	52,11	244	149
1296	2	2	16,4	5,0	189	149
1297	1	9	11,6	10,0	289	149
1299	0	57	0,2	53,37	153	149
1300	25	55	18,14	36,12	185	149
1304	3	15	0,1	16,11	179	149
1310	78	0	197,115	1,0	1048	149
1313	24	0	90,73	2,0	462	149
1314	0	40	2,0	61,46	156	149
1316	16	0	21,24	2,0	223	149
1323	1	15	2,2	20,11	212	149
1338	6	56	15,14	85,84	170	149
1339	103	32	156,78	44,31	164	149
1342	2	9	2,3	6,11	178	149
1344	6	150	11,11	43,38	229	149
1349	2	1	0,0	1,2	162	149
1352	221	0	132,123	3,0	693	149
1353	103	2	115,80	0,0	727	149
1367	335	35	301,232	18,23	2170	149
1368	7	20	7,7	0,0	197	149
1369	0	7	6,0	4,0	154	149
1370	6	1	22,17	0,2	237	149
1381	2	0	10,6	0,2	173	149
1404	2	13	0,0	18,14	153	149
1405	2	2	0,2	0,4	151	149
1406	9	2	10,3	0,4	155	149
1407	7	0	10,3	0,2	153	149
1420	37	88	93,77	31,11	470	149
1421	51	51	18,15	5,4	464	149
1422	427	52664	148,235	21725,32614	369	149
1423	1	0	9,9	2,2	167	149
1424	37	0	40,15	0,2	153	149
1425	8	9	2,6	9,2	395	149
1429	34	69	31,28	59,21	188	149
1432	29	3	40,48	0,4	164	149
1438	251	0	150,119	2,0	165	149
1440	23	13	8,6	0,2	634	149
1444	12	25	16,9	40,26	185	149
1446	1	14	2,2	31,41	175	149
1447	44	2	47,26	0,0	964	149
1448	7	0	21,11	0,2	191	149
1449	7	0	6,8	2,0	179	149
1455	16	4	14,10	2,1	173	149
1458	17	14	11,3	13,4	161	149
1464	159	3	205,76	2,0	188	149
1467	2	21	2,0	17,7	164	149
1475	3	0	21,14	0,1	513	149
1476	3	2	21,14	2,0	644	149
1477	0	2	0,1	2,0	280	149
1478	2	1	2,2	2,1	473	149
1480	18	205	34,49	41,85	1687	149
1486	14	79	44,67	29,51	2544	149
1488	12	79	28,36	29,51	1396	149
1489	6	79	2,10	29,51	312	149
1490	1	60	0,0	11,15	502	149
1493	408	0	672,356	2,0	1090	149
1495	198	0	254,117	0,2	286	149
1497	84	2	85,36	0,2	311	149
1499	10	18	14,8	12,18	196	149
1500	6	0	9,0	2,0	196	149
1501	6	53	3,1	73,30	180	149
1502	2	162	4,2	155,40	374	149
1504	33	12	25,21	9,5	173	149
1508	2	14	0,0	22,10	189	149
1509	553	1	161,84	8,1	259	149
1510	9	25	7,1	0,0	164	149
1511	20	343	7,2	138,84	164	149
1514	516	5	641,259	11,14	1526	149
1515	549	0	493,235	1,0	287	149
1516	794	6	147,64	2,0	292	149
1517	943	2	179,70	1,0	403	149
1518	155	2	34,6	1,0	260	149
1519	6	1	2,0	0,0	155	149
1520	52	17	33,21	4,0	155	149
1522	4	34	4,0	31,3	212	149
1524	247	109	285,135	116,37	1939	149
1525	233	2	218,145	2,0	2266	149
1531	2	2	0,0	3,6	218	149
1538	2	0	6,6	6,0	208	149
1541	53	0	66,31	0,1	154	149
1543	8	207	5,0	140,161	223	149
1544	1	5	4,0	14,24	153	149
1551	42	6	10,9	0,0	172	149
1552	2	4	0,0	2,2	172	149
1556	7	3	12,13	0,0	397	149
1559	11	9	0,0	11,2	319	149
1560	2	49	1,4	72,83	156	149
1567	20	0	15,14	0,2	240	149
1571	3	1	2,2	0,0	494	149
1572	106	354	97,53	322,272	188	149
1578	3	409	6,8	59,40	219	149
1580	1	10	2,0	0,0	203	149
1581	1	10	2,0	0,0	193	149
1597	7	0	2,0	1,0	213	149
1608	4	43	1,2	22,28	256	149
1610	0	4	0,4	6,3	153	149
1611	2	45	35,17	40,9	1060	149
1615	34	3	58,34	4,0	1098	149
1618	58	0	72,52	2,0	389	149
1619	9	29	19,2	47,16	259	149
1620	9	0	10,0	0,2	244	149
1621	1	46	9,1	80,50	165	149
1622	124	2	108,70	0,0	188	149
1623	12	93	24,9	78,40	219	149
1630	45	0	75,48	2,0	244	149
1631	11	2152	10,2	1267,681	182	149
1632	411	7	399,284	11,2	254	149
1633	277	7	316,187	8,0	175	149
1645	25	1	57,21	18,15	206	149
1646	3	35	14,6	42,36	224	149
1647	4	0	0,2	2,0	194	149
1655	4	152	0,2	92,64	251	149
1661	7	9	8,10	4,3	153	149
1663	44	5	90,59	18,3	604	149
1664	12	5	26,19	18,3	315	149
1665	18	2	29,19	1,0	315	149
1667	65	0	108,58	4,0	174	149
1669	0	4	4,0	0,2	191	149
1670	7	0	0,0	2,0	172	149
1671	31	46	9,4	16,4	216	149
1686	16	17	31,17	14,14	653	149
1688	9	4	23,11	0,2	203	149
1691	0	76	0,2	46,53	166	149
1693	2	28	0,0	10,7	177	149
1697	8	2	22,10	0,0	286	149
1699	2	0	0,4	1,0	194	149
1710	0	11	1,6	15,9	182	149
1719	91	539	31,33	217,106	305	149
1720	298	8	82,71	0,2	337	149
1721	171	1	51,36	0,2	220	149
1722	179	65	53,41	31,11	224	149
1723	9	65	2,7	31,11	153	149
1730	28	145	55,24	81,37	493	149
1731	21	0	23,24	0,6	407	149
1732	11	17	11,6	10,4	200	149
1733	3	332	2,2	413,276	163	149
1734	23	419	14,8	506,396	188	149
1740	6	32	14,0	48,22	194	149
1743	0	3	6,3	0,0	322	149
1747	89	78	33,37	37,52	438	149
1766	10	0	10,11	2,0	353	149
1767	26	26	37,39	30,53	1270	149
1769	0	5	6,1	6,8	245	149
1772	3	123	2,1	103,57	153	149
1776	18	2	21,19	0,0	940	149
1784	187	6	369,148	2,4	1361	149
1791	10	26	62,20	132,80	310	149
1793	2	0	15,11	0,2	251	149
1812	0	8	1,3	18,27	159	149
1815	0	49	0,4	88,71	157	149
1817	2654	4	3036,1963	8,6	257	149
1820	0	4	11,10	79,39	183	149
1822	8	19	8,8	38,15	215	149
1826	9	30	42,8	34,23	192	149
1827	14	1	8,3	1,0	234	149
1828	13	76	8,5	66,51	152	149
1830	2	168	0,0	219,96	167	149
1837	2	0	0,2	0,4	152	149
1839	4	72	9,3	67,57	225	149
1840	29	49	39,18	26,36	155	149
1841	1	6	0,1	8,2	206	149
1842	50	0	40,46	1,1	244	149
1843	5	2	8,4	0,0	244	149
1844	46	0	52,24	2,0	181	149
1847	0	2	7,1	1,2	263	149
1848	1	5	0,0	3,0	178	149
1849	1	9	12,8	2,10	237	149
1871	0	1	2,0	9,18	256	149
1874	0	153	1,0	116,54	318	149
1880	8	5	1,6	8,9	821	149
1883	1	1	0,1	14,29	154	149
1888	4	2	10,13	2,0	647	149
1894	2	45	9,6	42,29	167	149
1897	4	10	2,0	3,4	194	149
1898	2	0	0,0	25,5	291	149
1899	3	36	3,1	15,4	193	149
1901	2	2	0,1	28,39	163	149
1906	58	0	56,34	1,0	376	149
1907	0	12	4,0	13,4	267	149
1911	0	2	2,2	2,0	240	149
1912	4	50	3,6	38,46	205	149
1913	3	27	7,2	27,14	194	149
1914	83	4	93,24	4,0	203	149
1915	4	41	1,6	30,32	169	149
1916	2	227	6,4	215,95	169	149
1919	2	6	2,0	1,2	337	149
1922	16	0	46,13	2,0	153	149
1923	2	32	7,0	44,20	162	149
1925	1062	84	1008,567	62,48	226	149
1926	2569	0	1987,1258	4,4	203	149
1927	678	0	626,400	4,4	585	149
1928	22	1913	35,16	1396,874	531	149
1930	28	207	0,0	0,1	296	149
1931	4	0	0,0	4,0	173	149
1932	7	20	10,14	26,10	220	149
1937	77	13	76,46	10,12	176	149
1941	3	10	15,3	18,19	275	149
1943	160	16	190,51	22,18	161	149
1947	18	0	22,2	0,2	245	149
1948	9	61	4,14	54,41	231	149
1955	8	11	5,3	19,12	158	149
1957	26	0	35,32	2,0	249	149
1958	2	14	0,0	13,29	153	149
1959	13	0	44,23	2,0	266	149
1973	0	96	10,6	150,102	283	149
1976	2	2	3,2	2,3	386	149
1977	3	0	23,18	2,0	164	149
1978	9	22	8,10	29,12	156	149
1979	15	0	47,25	2,2	1098	149
1980	11	0	20,11	4,0	172	149
1982	28	0	56,17	2,0	161	149
1983	6	0	6,6	0,1	2256	149
1985	2	0	0,4	2,0	181	149
1987	0	12	0,1	20,22	154	149
1991	58	6	107,41	10,10	1044	149
1994	19	14	37,25	6,14	1088	149
1995	0	36	1,2	28,12	160	149
1996	0	14	11,6	13,6	161	149
1997	3	10	2,2	21,13	161	149
1999	0	10	5,4	11,17	158	149
2000	27	2	17,28	2,2	494	149
2002	7	126	4,0	92,33	155	149
2004	35	0	34,23	2,2	241	149
2005	1	7	3,1	6,13	160	149
2007	1	3	0,0	10,2	161	149
2013	0	12	37,23	592,280	297	149
2019	0	25	4,0	36,16	174	149
2020	0	17	3,0	28,14	229	149
2021	28	11	27,11	21,7	161	149
2027	4	0	6,3	2,0	236	149
2040	2	7	1,0	9,6	389	149
2057	9	2	19,10	2,0	405	149
2059	4	45	1,6	40,38	205	149
2060	12	45	16,20	40,38	762	149
2063	7	1	5,5	7,8	182	149
2065	2	100	0,0	155,128	155	149
2071	2	32	2,0	34,14	154	149
2074	0	1	0,4	2,4	162	149
2079	85	160	150,71	212,122	275	149
2080	17	15	7,10	8,5	197	149
2083	2	2	5,10	0,2	188	149
2087	52	30	110,31	49,22	158	149
2088	57	2	33,25	0,0	203	149
2089	79279	0	81956,69118	2,0	586	149
2090	96398	56	107514,59431	59,35	522	149
2097	0	24	2,1	14,13	161	149
2102	79	2	122,52	15,3	183	149
2103	91	2	140,152	2,0	176	149
2108	5	41	2,0	22,8	274	149
2113	0	97	11,2	60,52	176	149
2120	6	8	0,0	4,0	261	149
2122	0	2	0,2	4,5	1760	149
2123	2	19	10,4	29,22	400	149
2129	102	0	135,189	2,0	309	149
2137	269	1	241,132	0,0	863	149
2138	7	131	3,0	73,59	177	149
2140	60	1	65,45	0,0	218	149
2141	173	1	142,88	0,0	321	149
2142	119	6	82,51	5,8	252	149
2149	13	951	52,44	1566,1043	166	149
2150	639	4	506,368	0,0	584	149
2151	520	14	838,885	19,3	158	149
2152	518	3	765,682	3,0	245	149
2153	523	2	776,691	0,0	293	149
2154	8	2	14,9	0,0	197	149
2156	2	2	4,2	2,4	479	149
2157	16	0	8,20	0,2	154	149
2159	2	0	6,4	0,2	157	149
2160	317	92	397,183	37,60	930	149
2161	0	18	0,4	16,6	221	149
2162	696	4	588,413	5,3	176	149
2163	9	42	18,5	84,43	207	149
2164	2	7	3,0	6,4	167	149
2167	5	112	2,2	77,70	153	149
2168	27	18	18,15	3,4	312	149
2169	134	18	93,83	3,4	308	149
2170	140	5	112,91	1,0	490	149
2171	30	5	22,12	1,0	331	149
2173	22	8	3,5	1,0	440	149
2174	22	1	3,5	0,0	444	149
2175	22	8	3,5	1,0	345	149
2176	22	1	3,5	0,0	349	149
2177	8	1	1,0	0,0	153	149
2181	6	115	6,4	188,66	152	149
2184	0	56	1,6	40,36	153	149
2187	21	7	25,14	5,0	467	149
2188	0	13	7,0	38,31	164	149
2189	329	99	51,169	107,44	354	149
2190	1159	4	267,409	1,3	335	149
2192	43	5	78,56	8,8	812	149
2195	43	0	32,15	2,0	187	149
2197	3	1	2,0	2,0	302	149
2198	1187	9	173,363	3,3	518	149
2203	2	3	0,4	0,0	220	149
2204	0	384	6,3	197,187	230	149
2205	7	20	15,10	24,14	241	149
2210	209	7	145,105	1,4	221	149
2213	2	278	5,2	181,207	192	149
2216	8	2	3,0	1,0	294	149
2217	18	2	15,2	1,0	315	149
2222	19	17	34,50	27,21	847	149
2223	16	17	25,37	27,21	675	149
2228	0	4	5,1	0,0	155	149
2230	0	20	19,16	32,30	196	149
2238	116	1	145,78	0,2	214	149
2239	54	0	48,24	0,4	214	149
2240	193	4	350,124	0,6	713	149
2243	4	54	6,2	65,23	171	149
2245	31	2	27,10	4,0	179	149
2248	12	0	16,13	0,2	233	149
2250	76	4	24,19	5,2	304	149
2255	4	10	14,2	36,2	760	149
2259	8	0	5,13	14,0	167	149
2260	3	0	7,1	0,1	155	149
2261	560	0	449,237	2,0	4346	149
2262	8	386	5,8	187,104	458	149
2268	0	1	0,1	0,0	820	149
2269	4	21	3,0	7,8	236	149
2270	5	2	3,0	2,0	236	149
2272	460	2	2278,1025	16,0	884	149
2273	292	2	526,189	8,4	153	149
2274	3500	4	18188,6030	0,1	3025	149
2278	0	2	2,5	3,5	593	149
2280	1	30	13,3	57,38	249	149
2297	7	4	4,0	4,6	197	149
2300	18	61	25,6	140,97	210	149
2301	2	0	3,4	1,0	203	149
2305	8	0	11,6	1,0	358	149
2307	8	0	11,6	1,0	325	149
2308	8	0	11,6	0,2	189	149
2311	8	0	11,6	3,0	319	149
2313	8	0	11,6	2,0	230	149
2316	30	0	22,28	2,0	309	149
2318	131	8	61,24	2,0	263	149
2321	15	6	4,6	1,0	350	149
2323	1	23	3,1	21,37	196	149
2333	0	6	0,2	2,6	610	149
2335	6	2	12,8	12,1	385	149
2336	2	0	2,9	4,0	173	149
2338	1	12	2,0	14,7	165	149
2339	6	247	3,2	112,72	227	149
2340	6	1506	1,4	952,564	166	149
2341	0	2	6,1	12,5	170	149
2343	13	54	28,12	21,3	433	149
2344	3	54	2,0	7,4	156	149
2345	0	5	1,1	5,5	278	149
2347	2	6	0,0	6,2	267	149
2348	0	4	2,3	253,77	159	149
2350	4	0	318,144	2,0	189	149
2351	0	6	2,2	7,8	232	149
2358	11	1	25,42	0,10	316	149
2359	7	1	17,35	0,10	268	149
2361	16	1	33,58	0,10	394	149
2363	9	4	10,21	2,5	227	149
2364	7	4	31,29	2,5	269	149
2365	1	3	21,8	0,0	191	149
2385	5	25	10,3	31,8	162	149
2391	4	32	6,6	22,39	645	149
2393	0	13	2,0	10,24	155	149
2399	11	52	13,6	28,23	205	149
2400	8	0	10,2	0,1	205	149
2404	179	0	73,46	1,0	154	149
2405	238	4	99,56	2,2	204	149
2406	59	4	27,10	2,2	199	149
2409	1	0	2,4	2,0	213	149
2420	10	0	41,26	5,1	236	149
2421	282	0	297,148	0,5	1771	149
2422	1044	6	500,234	19,1	191	149
2425	196	4	230,115	0,3	287	149
2427	15	2	29,27	0,0	166	149
2428	0	8	3,0	44,18	164	149
2430	31	0	47,47	2,2	297	149
2442	2	13	2,0	7,5	226	149
2449	73	0	116,99	0,1	181	149
2450	1	4	13,7	8,8	250	149
2451	18	7	22,15	3,4	153	149
2453	3	19	18,5	22,7	250	149
2454	55	3	91,53	20,5	153	149
2455	6	5	6,0	21,3	161	149
2456	9	31	1,1	23,4	155	149
2458	0	19	4,2	20,24	252	149
2461	2	43	13,2	46,16	266	149
2463	0	4	1,0	6,7	361	149
2471	5	16	0,4	56,83	152	149
2473	5	22	0,2	12,23	155	149
2474	0	31	0,4	47,48	151	149
2475	0	51	2,2	50,32	200	149
2480	2	33	6,0	68,14	598	149
2481	41	223	19,5	113,37	159	149
2483	2	0	11,4	1,0	662	149
2484	3	2	5,3	5,2	445	149
2491	28	10	25,27	5,1	212	149
2493	120	4	85,39	1,0	225	149
2494	223	4	282,183	0,0	575	149
2495	55	32	46,30	37,10	723	149
2498	63	0	132,82	2,0	1855	149
2500	6	40	4,19	21,10	215	149
2501	2	2	2,2	0,0	156	149
2504	26	43	16,16	63,41	167	149
2505	31	0	42,11	2,0	237	149
2506	0	21	5,6	62,37	158	149
2507	2	37	4,1	66,47	309	149
2509	122	6	50,33	0,0	167	149
2510	122	129	50,33	20,35	170	149
2511	6	129	0,0	20,35	152	149
2512	2	40	0,0	3,16	153	149
2514	7	28	15,10	30,25	326	149
2523	0	31	6,1	47,26	165	149
2525	2	45	1,4	57,32	272	149
2535	78	10	170,83	8,11	626	149
2541	147	90	158,180	52,40	1414	149
2543	10	9491	6,7	2556,3969	174	149
2544	18300	1	4125,4982	0,0	150	149
2545	4	0	7,0	2,4	291	149
2546	91	2	152,177	1,0	188	149
2549	0	13	12,8	44,12	477	149
2551	7	19	7,2	9,10	152	149
2554	44	1	36,18	9,4	211	149
2560	317	2	156,77	3,0	293	149
2561	31	2	22,23	0,2	328	149
2564	2	2	0,2	7,14	213	149
2567	0	81	1,1	89,76	157	149
2573	27	3	67,32	11,5	175	149
2578	19	0	9,2	2,0	203	149
2583	4	0	0,4	0,2	231	149
2584	183	4	193,166	0,0	301	149
2585	80	117	150,98	177,133	1232	149
2587	2	190	2,9	268,276	218	149
2592	6	482	11,1	221,56	168	149
2593	888	0	538,296	2,0	726	149
2594	2	4	4,3	5,8	173	149
2596	9	17	2,2	11,8	198	149
2599	68	1	30,10	2,2	248	149
2610	2	3	5,4	2,3	161	149
2613	5	0	0,0	2,0	272	149
2614	77	2	146,67	2,0	1210	149
2616	78	3	94,63	10,10	154	149
2618	19485	0	14385,8606	2,0	695	149
2622	1	73	2,0	94,79	159	149
2625	14	0	18,9	2,0	371	149
2627	2	78	7,0	88,61	158	149
2628	3	50	3,1	70,15	154	149
2630	35	14	34,20	12,6	251	149
2631	0	87	0,2	57,90	187	149
2632	110	0	88,42	0,1	176	149
2638	3	48	4,0	30,31	155	149
2639	19	12	19,3	3,0	168	149
2641	1	7	7,3	8,6	314	149
2650	1	15	1,5	13,8	175	149
2654	5	9	0,1	11,2	372	149
2657	5	6	5,7	1,7	182	149
2661	4	2	2,2	6,7	385	149
2663	0	4	0,4	0,0	154	149
2664	1	106	3,0	72,35	321	149
2667	82	2	86,43	1,1	377	149
2675	0	2	3,0	9,10	224	149
2676	14	1	26,21	0,0	198	149
2678	0	1	6,1	0,0	165	149
2679	2	29	3,0	20,44	198	149
2681	2	65	4,7	63,69	185	149
2682	10	1	11,15	0,0	164	149
2686	422	3	549,282	2,0	976	149
2692	2	0	4,2	0,4	194	149
2696	8	14	2,2	6,3	266	149
2701	45	0	578,332	24,5	523	149
2703	85	8	919,557	25,6	807	149
2705	40	8	365,230	25,6	433	149
2706	3	8	71,38	25,6	203	149
2713	6	0	23,19	1,0	258	149
2716	32	0	59,30	2,0	158	149
2718	399	0	208,102	2,0	972	149
2719	16	61	35,19	30,39	161	149
2720	54	40	87,62	18,15	176	149
2721	1	0	0,0	2,3	317	149
2726	12	4	9,0	1,0	438	149
2728	4	0	0,0	2,0	189	149
2732	2	0	12,12	4,0	677	149
2734	1	43	20,0	74,39	260	149
2742	159	3	190,91	0,2	346	149
2743	2	0	15,3	0,7	215	149
2748	52	0	80,67	2,2	573	149
2750	46	139	14,14	67,20	215	149
2752	31	4	32,23	16,2	155	149
2757	6	0	4,7	4,0	167	149
2765	0	8	0,1	2,4	197	149
2769	1	0	17,10	0,2	2594	149
2773	2	20	2,0	46,43	348	149
2776	5	18	3,0	25,7	153	149
2780	2	92	5,8	57,61	269	149
2782	6	112	0,0	80,29	153	149
2789	89	0	222,71	0,2	361	149
2790	1890	0	5125,2141	9,1	3316	149
2792	8	15	6,0	19,12	279	149
2793	9	0	16,13	5,2	273	149
2795	0	1	3,2	5,0	232	149
2796	0	35	2,2	74,36	185	149
2797	2	2	0,0	6,7	188	149
2800	2	25	0,0	17,15	191	149
2811	0	1	2,0	0,2	185	149
2813	37	9	54,40	20,13	152	149
2814	24	11	35,15	12,10	863	149
2822	93	0	598,235	0,2	2802	149
2824	1	39	3,2	33,31	231	149
2831	2	0	0,0	13,3	164	149
2832	7	4	8,6	0,0	176	149
2834	51	0	135,84	0,1	4559	149
2836	2	2	2,2	6,3	191	149
2839	17	2	19,21	19,10	305	149
2849	0	19	1,0	11,6	156	149
2850	5	310	0,0	65,49	153	149
2851	378	6	75,48	1,0	855	149
2855	2	278	0,0	50,32	153	149
2856	10	527	9,7	143,138	494	149
2857	29	15	31,19	26,10	218	149
2863	54	4	47,55	1,2	167	149
2864	1	83	0,0	38,34	162	149
2865	4	3	14,15	4,6	202	149
2876	5	21	29,18	27,25	314	149
2881	40	7	16,5	0,0	301	149
2885	12	44	16,8	71,45	241	149
2888	4	46	5,0	83,47	232	149
2894	108	3	106,91	3,2	150	149
2895	0	7	7,8	2,8	210	149
2899	413	0	514,449	2,0	1697	149
2901	18	3	19,21	6,6	1173	149
2910	1	0	17,9	9,5	224	149
2918	23	0	31,31	0,2	325	149
2919	38	0	53,52	0,2	325	149
2920	20	0	54,12	3,2	195	149
2921	5	18	23,4	52,24	327	149
2926	0	1	2,0	0,0	238	149
2927	5	113	4,1	118,39	169	149
2928	75	77	41,19	57,29	152	149
2932	114	5	117,66	7,16	689	149
2934	0	59	0,1	70,100	167	149
2936	15	41	41,27	84,55	693	149
2941	12	0	28,23	9,0	197	149
2942	7812	6	8466,6965	0,2	1610	149
2943	346	0	400,337	2,0	219	149
2944	3010	0	3090,2886	1,0	898	149
2945	327	9	252,72	3,2	153	149
2947	55	0	66,28	0,1	179	149
2948	4	3	23,7	4,4	465	149
2959	0	2	0,6	4,0	189	149
2961	14	0	34,33	0,4	323	149
2963	3	30	1,2	19,12	201	149
2968	60	6	124,95	25,7	164	149
2969	19	43	39,16	60,69	164	149
2970	7	166	5,12	731,354	212	149
2975	2	1	0,0	0,2	227	149
2976	410	10	355,156	6,0	335	149
2981	0	6	6,2	6,3	223	149
2989	10	1	23,12	0,0	264	149
2991	0	87	2,2	32,22	306	149
2997	0	38	3,0	49,38	188	149
2998	3	30	0,0	25,18	183	149
3002	34	0	77,72	7,2	410	149
3008	1	2	1,2	5,2	203	149
3013	23	2	17,12	3,1	204	149
3015	2	0	0,0	8,7	538	149
3016	2	0	0,0	8,7	303	149
3028	131	0	120,78	2,0	385	149
3038	17	28	3,0	6,4	182	149
3039	453	2	541,354	0,0	421	149
3040	66	160	74,35	85,64	354	149
3041	33	8	18,8	10,2	171	149
3043	0	23	2,0	21,2	160	149
3044	21	3	18,4	7,0	153	149
3045	31	0	24,11	2,0	292	149
3047	1	3	6,0	11,0	333	149
3049	80	3	97,74	8,10	260	149
3050	3	100	1,0	85,30	153	149
3051	71	100	96,60	85,30	1348	149
3055	35	1	73,42	2,2	1741	149
3059	2	1	2,1	0,2	176	149
3066	2	4	15,14	0,0	420	149
3067	21	0	240,146	2,0	917	149
3068	20	2	143,156	18,12	2075	149
3073	0	4	2,2	14,26	262	149
3078	0	29	4,0	7,3	221	149
3081	28	5	59,28	5,4	354	149
3082	0	8	8,8	6,1	186	149
3087	391	0	553,191	2,0	335	149
3088	3	4	13,17	2,12	187	149
3090	19	270	68,83	192,528	1708	149
3091	11	58	13,12	26,11	353	149
3094	62	1	53,18	0,4	253	149
3096	81	5	136,94	12,0	254	149
3110	239	93	93,57	8,4	494	149
3111	6	240	25,19	469,317	452	149
3112	0	74	1,0	106,120	383	149
3113	75	2	27,25	0,0	194	149
3122	0	57	26,2	99,35	254	149
3123	2	25	0,1	43,27	185	149
3127	14	12	36,23	11,4	161	149
3129	0	5	6,7	19,13	273	149
3130	295	0	186,178	1,6	211	149
3132	90	8	48,29	10,2	194	149
3133	123	123	140,126	68,34	1230	149
3134	2	2	4,0	2,0	194	149
3140	7	0	16,34	1,2	848	149
3143	2	5	2,2	1,4	342	149
3144	2	2	2,0	2,0	164	149
3148	0	120	3,0	50,34	211	149
3151	16	40	26,9	27,22	396	149
3152	2	40	2,0	27,22	298	149
3153	2	40	0,0	27,22	333	149
3154	2	2	0,0	2,0	184	149
3155	16	2	26,9	2,0	247	149
3156	16	2	26,9	0,0	212	149
3157	8	240	18,10	181,108	228	149
3159	15	5	54,10	14,13	335	149
3160	9	44	16,13	36,29	305	149
3163	14	2	8,18	2,4	155	149
3164	5	4	0,0	4,0	150	149
3165	8	1	5,0	1,0	150	149
3174	0	5	0,2	6,5	165	149
3177	3	35	7,0	40,10	156	149
3179	4	299	2,1	140,149	156	149
3198	2	0	6,6	2,0	795	149
3201	6	59	10,2	39,37	259	149
3202	142	8	172,175	0,0	3418	149
3223	1	7	2,0	3,7	152	149
3247	68	3445	49,42	2018,1371	265	149
3249	0	2	1,0	0,0	215	149
3252	4	1	2,1	0,4	309	149
3255	6	2	2,17	0,2	154	149
3262	0	16	0,2	15,6	361	149
3265	2	0	2,2	1,2	266	149
3266	2	2	2,2	5,4	270	149
3267	0	2	1,2	5,4	153	149
3274	55	2	23,9	0,0	256	149
3275	15	26	15,46	10,2	545	149
3276	0	4	0,2	2,2	164	149
3282	0	2	0,2	0,2	236	149
3283	29	3	78,52	2,0	614	149
3287	3	0	6,0	2,0	194	149
3288	91	0	103,29	1,0	196	149
3295	1	0	1,0	2,0	154	149
3296	808	0	580,549	2,0	203	149
3297	31	11	90,87	7,4	197	149
3299	18	12	89,55	13,2	1662	149
3302	26	3	22,21	4,2	304	149
3303	1335	4	1752,1633	0,0	1749	149
3304	647	35	836,872	55,8	1122	149
3305	2	0	16,11	2,1	1145	149
3307	29	0	72,46	1,2	197	149
3308	0	7	4,0	22,28	236	149
3309	0	7	7,12	22,28	349	149
3312	0	1	7,8	0,0	173	149
3313	12	11	9,7	8,2	170	149
3315	1	4	1,0	23,13	170	149
3319	6	0	3,2	1,0	3042	149
3324	2	605	0,0	259,500	279	149
3326	72	0	88,61	2,0	365	149
3327	10	0	40,15	6,0	158	149
3328	0	2	0,8	4,0	383	149
3329	1	2	0,2	4,0	200	149
3333	10	0	4,9	4,0	176	149
3335	19	0	14,7	4,0	223	149
3339	2	22	3,6	8,5	286	149
3340	65	4	44,32	0,0	3274	149
3346	4	0	21,5	2,4	299	149
3347	1	0	6,4	0,4	206	149
3349	0	5	1,0	21,4	161	149
3359	44	74	24,26	43,35	254	149
3361	5	18	2,1	13,8	159	149
3362	92	15	85,84	18,1	401	149
3363	77	2	74,78	2,2	691	149
3364	167	15	157,160	18,1	943	149
3369	2	0	2,6	0,2	158	149
3371	0	6	0,2	0,0	629	149
3372	85	0	57,67	6,0	497	149
3373	1	3	1,0	4,0	263	149
3374	2	4	6,0	6,0	177	149
3376	2	11	16,14	9,20	638	149
3377	1	30	3,0	32,25	164	149
3379	1	10	1,0	11,2	154	149
3381	63	2	28,24	0,0	256	149
3382	92	11	119,83	9,4	251	149
3384	1	0	4,4	14,8	176	149
3387	46	4	46,43	2,0	188	149
3388	135	2	171,121	0,6	506	149
3395	3	6	9,0	8,7	444	149
3400	2	42	5,0	102,30	158	149
3407	5	0	3,6	0,2	208	149
3409	3	7	3,8	6,8	210	149
3412	2	130	9,2	63,50	245	149
3424	0	4	2,0	10,6	321	149
3425	0	4	7,2	4,0	269	149
3428	4	2	0,0	8,0	269	149
3432	2	16	7,4	8,2	316	149
3434	2	0	6,2	2,0	183	149
3437	0	58	7,0	47,39	253	149
3438	2	0	0,2	1,0	194	149
3458	36	18	166,67	28,17	3424	149
3459	2	25	2,2	36,17	176	149
3473	4	9	0,0	52,15	161	149
3474	47	0	22,32	2,0	199	149
3480	36	0	31,43	2,0	633	149
3486	89	1	148,99	0,4	647	149
3491	3	158	1,0	215,160	247	149
3496	0	37	14,18	16,14	252	149
3497	52	0	35,16	2,0	211	149
3500	3	1	7,5	9,0	164	149
3504	8	2	12,15	2,0	158	149
3505	6	0	8,9	2,1	158	149
3506	55	82	138,101	61,75	912	149
3517	14	2	22,32	0,0	290	149
3518	26	32	6,6	16,12	334	149
3530	0	64	6,0	31,19	205	149
3531	2	1	6,1	0,0	189	149
3533	2	22	6,0	39,20	242	149
3536	0	32	2,1	46,47	153	149
3539	5	35	7,8	53,59	247	149
3540	2	29	6,8	73,72	295	149
3543	9	3	6,13	1,2	387	149
3544	0	2	25,16	0,0	261	149
3546	1	27	0,2	17,8	157	149
3547	166	28	107,101	16,13	152	149
3548	304	6	242,261	2,5	176	149
3549	30	306	36,25	226,257	269	149
3551	1	207	2,0	82,41	157	149
3552	15	243	30,9	93,27	257	149
3553	24	243	55,12	93,27	339	149
3554	13	4	30,3	5,0	231	149
3555	71	170	95,56	66,22	498	149
3556	12	4	9,17	0,2	155	149
3558	12	20	15,15	25,25	155	149
3559	13	3	9,3	2,0	209	149
3563	16	4	9,2	5,4	169	149
3567	0	11	0,2	5,0	193	149
3568	92	0	111,39	1,1	310	149
3572	0	21	4,0	42,41	350	149
3573	27	106	71,43	192,73	451	149
3580	181	0	167,68	0,1	1174	149
3583	6	0	13,9	4,1	194	149
3584	18	6	35,53	2,2	194	149
3585	455	2	416,326	4,0	277	149
3586	7	62	13,1	83,32	207	149
3588	29	21	59,10	32,14	276	149
3590	4	0	3,6	0,2	209	149
3593	1	2	7,15	10,8	185	149
3596	5	6	0,0	2,2	199	149
3611	8	4	3,2	0,0	161	149
3613	1	22	2,3	12,23	379	149
3617	57	89	71,63	55,49	755	149
3618	18	0	70,47	4,2	183	149
3619	4	17	9,2	29,26	152	149
3623	4794	5	1617,712	2,4	359	149
3632	13	5	3,10	3,5	153	149
3640	8	0	4,0	0,2	200	149
3651	42	0	20,17	0,2	200	149
3653	4	9	10,2	43,35	243	149
3656	6	2	5,3	0,0	194	149
3659	1	1	6,0	1,0	179	149
3660	0	6	2,4	4,7	269	149
3670	567	2544	0,3	4,15	187	149
3671	2	0	6,10	0,2	234	149
3673	4	3	6,4	9,4	265	149
3674	1	1	0,0	5,2	252	149
3675	2	14	2,0	41,64	170	149
3682	845	63	976,656	79,44	1790	149
3686	3	8	1,0	13,6	161	149
3688	13	0	48,42	2,0	1101	149
3690	8	8	20,23	13,5	485	149
3691	5	8	13,23	13,5	397	149
3692	1	55	5,1	130,89	160	149
3694	0	4	1,1	8,0	291	149
3703	176	5	62,38	2,0	446	149
3704	169	41	39,18	7,16	207	149
3705	98	9	35,19	6,0	216	149
3706	222	9	71,31	6,0	234	149
3711	3	23	0,0	14,20	163	149
3714	2	30	2,12	6,10	262	149
3715	73	0	45,81	2,0	223	149
3719	2	0	2,8	2,0	190	149
3725	68	82	138,69	116,64	282	149
3726	1	69	4,0	92,56	155	149
3730	79	0	48,24	2,0	217	149
3731	7	3	22,35	5,2	3119	149
3734	1	47	10,4	88,123	271	149
3738	138	4	53,40	3,2	250	149
3740	40	2	4,9	0,0	287	149
3742	11	3	22,17	3,4	281	149
3745	3	0	4,0	2,0	243	149
3748	5	2	6,0	0,0	238	149
3749	0	76	0,2	102,30	153	149
3754	4	108	0,2	31,20	228	149
3757	425	1	912,391	0,2	923	149
3758	22	2	49,13	0,0	216	149
3760	22	1	16,10	1,0	179	149
3761	24	18	26,14	13,10	284	149
3762	9	13	0,0	16,9	166	149
3765	1	15	0,0	20,20	163	149
3766	0	2	2,8	0,3	611	149
3769	23	0	18,19	0,1	161	149
3780	6	2	3,0	0,0	206	149
3786	11	2	1,0	0,0	224	149
3788	13	28	3,0	3,4	224	149
3790	0	2	2,0	0,1	179	149
3800	128	2	204,129	0,0	1524	149
3802	4	1	0,2	0,0	402	149
3805	29	0	134,14	2,0	1732	149
3807	23	48	27,17	49,51	164	149
3808	7	45	6,3	86,25	177	149
3814	0	45	1,2	70,52	177	149
3815	46	2	41,24	0,4	153	149
3819	126	17	39,63	4,8	930	149
3822	12	0	38,19	0,4	260	149
3828	33	2	50,22	0,0	154	149
3830	0	4	24,37	6,14	1370	149
3831	0	4	2,0	6,14	177	149
3836	0	19	0,1	1,4	281	149
3845	0	9	6,10	2,0	166	149
3846	27	2	21,31	3,10	244	149
3852	80	0	234,111	0,1	979	149
3857	6	157	4,2	185,189	287	149
3858	0	5	3,0	20,13	179	149
3859	4	27	26,13	13,7	248	149
3863	94	2	102,37	0,0	176	149
3864	2	6	19,9	4,1	155	149
3868	0	15	2,0	26,7	159	149
3872	16	84	22,11	36,8	215	149
3875	0	1	3,2	6,17	242	149
3893	0	4	4,2	2,2	159	149
3899	135	8	241,140	14,8	1489	149
3901	2	0	12,14	0,2	243	149
3908	131	7	161,100	0,2	167	149
3912	3261	11	1223,1190	0,2	1492	149
3915	7	0	11,4	2,0	329	149
3917	32	7	24,18	8,0	164	149
3918	11	52	55,11	65,28	289	149
3924	21	452	52,40	973,1328	176	149
3926	0	13	1,0	14,15	161	149
3929	0	58	0,4	13,19	329	149
3930	6	1	19,3	3,0	373	149
3934	116	56	48,21	28,15	277	149
3937	41	0	186,204	0,2	242	149
3940	1976	233	2663,1099	268,95	1681	149
3944	6	14	4,0	43,34	268	149
3945	0	32	4,2	12,14	184	149
3950	13	29	18,2	30,9	161	149
3954	9	4	15,9	0,0	230	149
3956	8	31	18,8	50,75	230	149
3957	120	1	178,135	0,0	464	149
3959	3	16	5,1	25,33	196	149
3960	1	16	3,0	25,33	156	149
3962	53	70	141,109	91,59	435	149
3963	39	70	106,88	91,59	336	149
3966	62	6	2,5	0,0	151	149
3967	0	2	1,4	0,8	240	149
3976	39	3	52,42	9,13	182	149
3977	84	4	10,6	0,0	615	149
3980	2	1	0,1	3,0	183	149
3981	16	67	28,8	69,14	576	149
3982	77	2	35,33	0,0	215	149
3986	2	4	0,0	0,2	406	149
3989	7	4	10,4	0,2	187	149
3992	44	3	31,16	0,2	222	149
4000	20	4	28,17	0,0	384	149
4001	196	0	178,125	2,4	808	149
4004	12	2	21,32	0,0	331	149
4005	4	704	12,2	494,356	173	149
4006	31	450	45,25	314,195	202	149
4012	19	6	48,38	66,28	483	149
4013	4	0	0,0	2,0	197	149
4014	2	123	2,6	151,117	153	149
4036	24	20	39,15	30,20	161	149
4039	2	45	4,0	76,20	163	149
4045	1	1	0,0	2,1	161	149
4046	10	3	2,5	0,0	155	149
4054	6	1	42,36	19,6	1166	149
4055	0	3	6,0	30,24	348	149
4057	21	49	34,16	20,13	237	149
4067	2	90	6,13	87,38	158	149
4068	0	2	2,0	12,17	352	149
4069	5	48	19,15	72,109	273	149
4072	2448	0	1736,1296	2,0	3132	149
4074	1446	4	1802,1227	2,2	786	149
4079	3	40	31,63	45,95	228	149
4080	309	0	190,143	0,1	432	149
4083	0	25	1,0	25,21	161	149
4084	5	18	2,0	5,2	162	149
4087	2	2	0,0	0,4	154	149
4092	128	2	421,358	0,0	1453	149
4093	0	2	18,15	0,0	191	149
4094	106	0	179,118	2,2	2838	149
4095	35	7	31,38	29,13	650	149
4096	170	0	316,153	2,0	1759	149
4098	8	10	2,2	10,1	168	149
4100	320	10	171,75	3,0	158	149
4103	0	9	0,2	2,22	161	149
4108	25	3	2,0	0,0	786	149
4109	7	381	0,4	19,11	180	149
4110	3	6	0,0	2,2	245	149
4113	5	66	19,9	238,284	932	149
4124	1	91	1,4	71,84	407	149
4139	67	0	68,57	2,0	415	149
4141	3	29	0,0	25,14	167	149
4142	6	140	5,2	136,70	174	149
4143	0	2	0,2	0,2	169	149
4144	0	15	0,2	14,14	200	149
4145	0	6	13,24	15,26	415	149
4149	35	38	89,58	71,25	2020	149
4150	11	86	29,22	86,68	200	149
4154	26	2	4,2	0,0	284	149
4159	2	2	11,14	0,0	158	149
4160	220	2	124,64	2,0	195	149
4162	6	2	18,16	3,0	548	149
4164	0	10	4,1	30,58	158	149
4165	5	53	41,33	136,96	173	149
4169	124	0	70,52	1,0	153	149
4175	26	9	10,0	2,0	170	149
4176	1	85	1,1	44,28	242	149
4182	0	22	0,1	31,28	227	149
4193	19	1	23,21	1,0	151	149
4202	0	4	4,0	0,0	353	149
4203	0	2	4,2	4,2	429	149
4204	4	2	0,2	4,2	225	149
4209	6	0	8,1	3,0	179	149
4214	70	0	991,597	4,0	153	149
4215	72	11	975,598	262,76	153	149
4216	0	4	1,2	4,2	167	149
4225	74	0	86,37	6,0	230	149
4229	0	2	2,0	0,1	189	149
4230	20	2	15,34	0,0	773	149
4231	25	11	36,37	7,7	170	149
4234	3	2	25,30	0,0	673	149
4239	6	435	3,1	925,786	153	149
4244	0	30	0,1	17,16	207	149
4245	11	0	14,32	0,2	161	149
4250	17	1	33,41	0,2	179	149
4251	13	1	48,50	0,2	200	149
4252	13	1	48,50	0,2	203	149
4253	0	4	17,13	2,4	170	149
4254	0	4	17,13	2,4	173	149
4266	4	26	0,2	9,9	153	149
4272	0	1	0,1	16,31	158	149
4274	6	4	10,3	0,4	288	149
4275	0	4	1,0	2,3	153	149
4281	4	4	6,10	0,12	510	149
4283	70	0	32,30	0,2	213	149
4285	80	6	51,33	3,1	292	149
4286	12	0	6,6	1,0	337	149
4288	5	13	33,37	38,23	625	149
4296	2	192	2,0	138,150	164	149
4298	6	3	6,0	4,3	199	149
4300	16	1	59,19	0,0	188	149
4302	0	2	5,0	7,8	161	149
4304	0	29	4,2	34,8	230	149
4305	1	23	4,4	37,14	153	149
4312	149	75	74,56	41,26	196	149
4315	2	2	13,13	3,4	245	149
4317	70	0	18,16	2,0	2470	149
4323	12	87	1,1	0,0	160	149
4324	15	88	5,4	0,0	235	149
4329	2	7	10,2	20,2	262	149
4330	2	16	0,0	4,2	175	149
4331	264	13	119,63	10,2	271	149
4334	80	0	194,122	0,4	3304	149
4335	33	2	118,74	14,1	2656	149
4337	1	0	21,6	2,0	259	149
4340	12	12	13,32	30,23	167	149
4341	0	16	0,1	16,12	188	149
4349	1	2	0,2	0,0	175	149
4353	8	38	6,2	25,14	178	149
4360	14	1	26,19	6,2	210	149
4365	49	3	84,20	6,4	263	149
4368	5	0	19,19	2,0	719	149
4369	2	0	4,2	2,0	517	149
4375	8	169	0,0	119,69	202	149
4376	401	0	211,84	2,0	1896	149
4378	0	3	8,1	15,42	189	149
4381	2	5	10,2	21,20	204	149
4385	0	1	0,2	0,0	217	149
4397	55	4	43,45	2,1	181	149
4398	62	2	58,67	2,2	303	149
4399	41	3	48,62	3,0	303	149
4400	52	6	339,237	16,13	2837	149
4404	2	6	1,0	8,6	153	149
4405	8	0	11,9	0,2	175	149
4407	2	4	0,0	12,6	167	149
4409	25	2	48,26	0,0	179	149
4410	34	0	70,54	2,1	301	149
4412	874	0	1288,700	2,0	499	149
4414	5	2	10,1	0,0	197	149
4418	5	33	22,14	49,12	267	149
4420	138	4	69,36	0,0	585	149
4421	139	0	69,39	0,2	587	149
4422	5	0	0,3	0,2	151	149
4429	6	2	8,0	0,0	229	149
4437	1	119	9,3	154,68	173	149
4439	1	74	0,0	97,65	167	149
4461	1	0	23,10	3,0	179	149
4462	97	2434	2,0	401,205	157	149
4464	16	48	2,0	3,0	157	149
4465	8	0	25,21	4,2	162	149
4470	1075	3	954,495	0,0	1256	149
4471	11	0	11,11	1,1	551	149
4472	13	0	12,13	1,1	554	149
4473	4	2	1,2	0,0	152	149
4475	71	1	50,56	0,1	399	149
4476	19	57	25,11	68,20	316	149
4483	1	12	2,0	11,6	160	149
4484	33	2	60,30	0,2	1516	149
4487	22	0	262,120	2,0	1989	149
4489	77	0	57,27	1,0	861	149
4493	8	23	11,1	19,3	164	149
4496	46	5	74,42	5,1	260	149
4499	1	251	4,4	297,276	161	149
4500	141	1	213,221	0,0	152	149
4505	1	2	1,8	0,0	160	149
4508	103	49	165,91	30,11	1876	149
4509	93	9	73,46	2,0	153	149
4516	2	8	6,7	5,6	166	149
4518	13	14	18,15	38,29	218	149
4527	82	3	52,49	2,0	257	149
4545	22	726	29,17	677,407	334	149
4547	1190	16	1770,855	26,11	864	149
4551	0	16	0,1	20,15	166	149
4554	153	8	98,151	2,2	2204	149
4555	15	0	10,19	2,2	186	149
4556	152	0	96,146	2,2	396	149
4558	2	102	1,8	45,77	357	149
4561	1	21	0,4	4,9	168	149
4562	0	31	1,0	4,2	290	149
4563	25	19	22,14	40,27	193	149
4568	8	0	2,2	0,2	159	149
4576	2	21	3,2	17,31	189	149
4578	130	206	82,41	108,34	727	149
4579	0	16	3,0	27,21	153	149
4580	14	26	19,5	18,23	186	149
4582	191	2	75,50	2,0	296	149
4583	55	133	34,18	77,46	221	149
4592	6	15	1,6	4,2	281	149
4593	2	28	0,2	34,51	286	149
4594	0	57	3,4	252,178	153	149
4596	12	200	8,12	106,66	212	149
4599	2	1313	0,0	982,627	322	149
4600	2	1313	0,0	982,627	271	149
4608	2	0	0,0	0,2	278	149
4609	10	2	8,13	0,0	332	149
4614	61	2	40,33	0,0	296	149
4616	3	147	6,0	157,56	177	149
4619	2	0	36,21	2,0	249	149
4620	53	0	227,179	2,0	2003	149
4621	8	2	46,19	2,2	249	149
4622	12	5	43,32	9,10	1161	149
4623	41	16	121,139	26,33	3018	149
4624	27	8	44,33	1,5	153	149
4643	99	48	110,37	27,15	1168	149
4652	72	11	58,60	14,18	236	149
4653	29	73	20,18	48,20	610	149
4654	24	8	31,11	11,2	184	149
4657	146	9059	0,0	7,60	234	149
4666	49	0	35,19	2,0	233	149
4668	6	321	9,4	307,172	187	149
4671	4	0	21,17	2,0	186	149
4677	1	2	4,9	7,7	154	149
4689	57	0	81,59	4,2	348	149
4690	4	37	0,0	11,14	194	149
4694	0	5	3,0	0,0	193	149
4698	45	2	102,54	0,1	837	149
4699	10	11	49,37	6,10	772	149
4701	0	21	2,3	17,10	227	149
4702	114	2	74,56	0,0	494	149
4703	5	14	0,0	6,6	161	149
4710	23	311	12,8	90,96	163	149
4712	3	3	2,0	6,2	576	149
4715	3	56	2,0	43,41	153	149
4717	0	30	2,0	23,8	158	149
4719	2	0	0,0	1,0	154	149
4723	4	0	6,0	2,0	177	149
4726	5	0	7,4	0,2	168	149
4727	7	0	12,9	3,2	305	149
4728	12	0	22,13	3,2	324	149
4729	7	2	10,6	0,2	168	149
4730	5	0	12,7	2,2	305	149
4731	10	0	20,11	2,2	324	149
4732	10	0	19,13	2,2	347	149
4737	1	10	5,0	8,7	448	149
4738	4	0	2,0	10,2	178	149
4743	0	2	1,2	0,0	209	149
4745	0	4	1,2	17,10	216	149
4748	2	4	0,0	17,10	156	149
4756	0	22	2,0	33,15	256	149
4757	0	5	0,3	0,0	275	149
4760	27	16	86,41	19,17	1597	149
4768	11	118	4,2	116,73	250	149
4775	0	154	4,0	411,336	198	149
4776	18	0	12,4	4,0	161	149
4777	2	0	0,0	4,0	297	149
4779	2	3	10,0	2,1	725	149
4780	59	1	54,31	1,3	235	149
4781	6	15	1,11	10,14	201	149
4785	1	53	13,4	78,56	167	149
4803	10	1	11,14	2,2	173	149
4806	2	33	11,11	29,19	325	149
4807	2	18	8,6	24,32	153	149
4809	2	9	2,4	23,4	164	149
4812	6	0	56,39	7,7	977	149
4815	4	18	0,2	28,35	289	149
4816	0	2	1,0	6,7	162	149
4819	4	24	3,0	30,22	153	149
4822	107	45	128,130	77,31	468	149
4824	100	24	75,38	24,12	161	149
4829	3	19	10,3	26,17	292	149
4831	218	0	169,177	0,2	1243	149
4835	2	90	8,3	131,85	153	149
4842	3	115	0,4	210,307	199	149
4847	0	73	2,0	116,45	178	149
4849	5	38	0,0	50,28	321	149
4850	40	0	30,40	0,2	613	149
4857	2	3	90,45	7,6	457	149
4863	57	20	51,32	60,36	158	149
4865	32	24	76,34	92,36	197	149
4866	21	1	50,23	0,0	197	149
4868	43	9	44,77	9,2	227	149
4891	73	0	71,51	2,0	157	149
4895	1	18	0,0	24,16	184	149
4896	1323	4	89,69	0,0	266	149
4899	3	24	2,4	30,14	166	149
4900	2	10	0,0	4,0	182	149
4906	0	10	2,1	8,9	188	149
4915	4	0	5,6	2,0	161	149
4931	249	3	540,221	4,4	202	149
4932	70	1	58,30	0,0	228	149
4935	16	45	11,7	16,11	198	149
4938	17	4	11,7	0,0	198	149
4941	0	80	0,2	47,57	305	149
4944	123	2	170,86	2,0	869	149
4945	304	3	335,193	2,0	1843	149
4946	99	3	99,49	4,1	152	149
4950	4	1	6,2	2,0	191	149
4952	1	8	3,2	19,9	159	149
4953	37	17	90,48	22,12	1551	149
4954	2	15	0,0	9,4	165	149
4957	54	0	76,108	0,2	530	149
4960	0	1	1,0	7,3	155	149
4964	14	1	15,9	0,0	171	149
4965	4	2	2,6	0,0	532	149
4966	10	1	2,2	5,7	368	149
4967	2060	2	2262,997	0,0	251	149
4968	9	27	25,4	66,26	285	149
4972	7	0	2,8	2,0	1245	149
4974	1	2	4,14	0,4	236	149
4975	1	2	4,14	0,4	249	149
4976	1	2	4,14	0,4	255	149
4980	2	0	0,0	1,0	272	149
4981	55	10	74,49	4,4	176	149
4987	1	56	2,0	9,3	362	149
4988	384	0	499,271	2,0	2469	149
4993	8	1	6,14	0,0	419	149
4995	9	410	1,0	49,42	153	149
4996	2	319	2,1	315,60	354	149
4998	0	1	2,2	0,0	195	149
4999	0	1	2,2	0,0	184	149
5000	2	1	11,57	49,110	847	149
5002	2	0	2,0	2,0	340	149
5004	336	2	293,245	0,0	248	149
5006	2	0	0,0	0,2	201	149
5007	2	0	3,0	0,2	228	149
5012	0	3	3,0	8,11	253	149
5014	3	7	2,0	6,9	164	149
5017	2	0	2,2	2,2	204	149
5023	5	4	0,7	2,0	266	149
5024	3	4	2,4	2,0	333	149
5025	3	5	2,4	0,7	216	149
5027	0	7	0,6	6,9	151	149
5028	8	129	16,14	250,117	187	149
5034	403	7	614,522	5,0	1168	149
5035	651	16	824,632	6,4	257	149
5036	17	0	7,1	2,0	229	149
5037	30	0	72,105	2,0	309	149
5038	2	0	17,4	6,2	158	149
5039	266	8	39,46	0,0	177	149
5048	35	11	64,24	8,20	874	149
5053	2	46	4,4	78,95	192	149
5054	2	46	0,2	78,95	195	149
5056	0	59	1,0	115,117	153	149
5062	6	0	33,13	2,0	415	149
5072	7	2	11,6	0,0	155	149
5073	8	0	11,6	0,2	159	149
5074	3	0	0,0	0,2	153	149
5076	3	16	4,2	15,16	179	149
5078	274	177	508,356	92,85	2556	149
5080	319	1	551,419	0,0	2658	149
5081	2	177	4,10	92,85	193	149
5083	47	1	47,73	0,0	295	149
5085	222	1	135,148	0,0	251	149
5086	26	1	32,47	0,0	221	149
5087	53	1	56,87	0,3	151	149
5089	2	42	0,2	38,71	259	149
5091	0	6	1,9	11,12	219	149
5096	10	77	3,11	66,52	207	149
5097	12	169	31,15	130,133	234	149
5098	1	150	1,3	130,88	267	149
5104	28	7	2,0	2,2	155	149
5121	27	32	35,6	27,14	238	149
5129	3	1	13,6	0,0	202	149
5132	94	6	2,0	0,0	221	149
5133	92	1	88,58	0,0	403	149
5139	42	14	22,26	13,2	239	149
5140	15	58	18,5	114,73	236	149
5141	30	0	104,26	2,0	524	149
5145	4	1	4,2	2,2	180	149
5146	1	24	0,0	33,34	164	149
5150	25	39	41,8	70,63	287	149
5152	1	59	0,1	39,38	195	149
5153	0	27	4,0	18,18	162	149
5154	1	0	0,0	2,0	279	149
5156	6	2	8,2	2,4	193	149
5157	99	2	158,120	2,4	1700	149
5161	10	0	5,6	0,2	281	149
5165	3	0	1,0	0,2	155	149
5168	0	2	1,0	3,0	173	149
5171	0	2	4,4	2,0	385	149
5173	150	4	136,62	2,0	222	149
5180	0	2	2,0	9,0	177	149
5182	176	2	505,247	0,0	377	149
5185	74	2	113,61	0,0	767	149
5186	2	5	2,0	2,0	278	149
5194	84	667	69,24	331,336	285	149
5195	56	0	61,20	0,4	285	149
5212	2	88	8,5	40,34	239	149
5213	210	68	353,140	25,12	3725	149
5215	0	4	4,0	25,12	596	149
5220	1	5	3,2	2,0	185	149
5221	4	19	13,7	41,15	156	149
5225	6	18	0,4	13,16	157	149
5234	3	22	5,4	17,13	175	149
5236	2	42	5,8	12,20	227	149
5249	148	150	64,67	58,69	190	149
5250	8	4	0,0	0,4	175	149
5251	41	10351	6,5	119,210	200	149
5253	0	5	1,0	0,0	197	149
5261	0	33	0,2	11,5	379	149
5270	170	0	84,60	2,2	1144	149
5273	49	2611	6,4	327,191	164	149
5281	1	19	13,11	42,16	277	149
5287	9	0	51,18	1,0	2308	149
5288	1	21	0,0	4,2	233	149
5294	39	17	57,27	20,19	292	149
5297	2	82	8,2	60,30	175	149
5315	0	23	0,2	14,56	233	149
5322	2	0	1,0	3,9	153	149
5323	0	2	9,8	0,2	268	149
5326	0	2	6,2	0,2	288	149
5328	0	2	9,2	0,2	274	149
5329	7	1426	15,3	735,475	202	149
5330	26	4	12,10	1,4	159	149
5331	2	20	7,3	12,6	162	149
5339	10	0	36,32	7,8	152	149
5343	3224	11	5575,3267	4,0	1651	149
5344	3044	11	5289,3136	4,0	1588	149
5347	299	2	515,306	0,0	470	149
5350	30	201	18,22	171,122	197	149
5358	0	6	11,6	20,4	176	149
5362	3	11	9,2	19,22	158	149
5367	173	7	186,98	7,0	415	149
5370	111	1	82,44	0,0	766	149
5372	0	22	2,4	35,20	161	149
5373	18	1	11,17	4,4	241	149
5378	7	3	5,0	2,2	355	149
5382	179	131	47,41	65,41	161	149
5383	5	15	10,19	19,8	268	149
5389	9	98	4,2	86,85	160	149
5390	1	2	4,1	0,0	642	149
5403	52	2	4,4	0,2	261	149
5404	22	2	5,5	2,2	261	149
5411	181	0	440,208	1,0	160	149
5412	7	135	7,4	296,232	158	149
5414	0	1	2,10	2,0	160	149
5415	200	37	4,0	0,0	288	149
5416	2	8	2,5	1,12	352	149
5417	5	12	3,5	30,21	373	149
5418	11	12	2,12	30,21	170	149
5420	0	19	4,2	9,6	213	149
5443	0	2	0,4	17,0	192	149
5444	0	4	2,5	6,14	330	149
5446	7	59	16,14	67,92	242	149
5447	8	2	31,34	7,0	976	149
5458	66	2	150,67	14,10	4013	149
5481	212	41	421,95	8,9	3872	149
5485	212	1	46,118	0,0	1291	149
5496	5	2	15,4	2,0	197	149
5497	47	27	57,15	19,10	173	149
5499	32	0	26,26	1,0	154	149
5500	3	36	4,0	49,42	184	149
5502	412	2	974,362	6,3	202	149
5503	40	118	83,51	341,111	219	149
5504	3	19	0,4	11,7	152	149
5505	1	63	2,0	52,56	155	149
5507	26	4	38,15	2,2	193	149
5508	2	2	8,4	0,0	245	149
5512	38	104	33,13	94,87	167	149
5513	11847	1	880,378	0,0	1301	149
5514	39	103	0,0	0,2	162	149
5515	101	103	4,0	0,2	207	149
5516	83	21	4,0	0,0	194	149
5521	30	0	19,37	2,0	172	149
5522	12	10	18,17	11,8	266	149
5524	0	2	0,2	32,27	208	149
5533	1	0	11,7	0,3	981	149
5534	4	2	4,4	2,2	218	149
5535	1	24	2,0	18,33	163	149
5537	0	3	2,0	2,0	171	149
5540	27	139	24,18	107,33	381	149
5541	23	2	18,2	2,0	261	149
5543	0	30	2,0	7,2	544	149
5544	3	142	7,5	102,38	153	149
5545	15	0	24,35	8,4	836	149
5546	10	267	9,6	256,222	237	149
5548	2	37	7,1	19,16	213	149
5554	0	17	2,8	13,13	165	149
5556	0	39	0,2	15,12	188	149
5558	47	20	17,24	29,23	206	149
5559	394	4183	114,97	670,621	396	149
5560	9192	12	1625,2050	0,0	2226	149
5561	5156	7	755,457	0,0	210	149
5564	2	3	7,20	18,4	211	149
5569	9	1	17,14	2,0	578	149
5573	14	0	6,9	3,0	203	149
5580	1	0	0,2	4,2	180	149
5581	7	6	0,5	0,0	207	149
5583	1	0	0,0	0,2	180	149
5584	1	2	0,0	4,6	180	149
5585	1	2	2,0	0,0	180	149
5586	50	6	64,41	4,0	457	149
5587	45	0	61,39	2,0	388	149
5590	5	6	5,2	4,0	218	149
5597	6	0	27,20	2,2	666	149
5603	966	75	46,10	9,0	246	149
5607	2	4	0,1	4,6	245	149
5608	2	3	1,5	2,0	240	149
5609	4	42	0,6	68,140	486	149
5610	39	2	299,116	6,2	309	149
5611	4	0	123,0	4,0	2729	149
5615	6	1	9,11	6,20	350	149
5618	0	2	0,4	0,0	198	149
5625	14	5	10,12	0,0	153	149
5626	2	29	3,0	34,4	208	149
5629	8	45	1,8	71,19	217	149
5631	0	44	1,0	134,99	165	149
5636	9	2	23,7	0,0	225	149
5644	87	0	71,43	5,0	153	149
5645	3	0	4,1	0,4	158	149
5652	44	5	106,45	3,2	186	149
5656	48	7	38,44	2,0	373	149
5657	2	0	6,11	0,2	186	149
5659	50	7	41,53	2,0	369	149
5661	48	7	35,44	2,0	332	149
5662	9	7	10,14	2,0	187	149
5663	18	4	13,9	0,0	429	149
5668	13	25	30,53	55,101	515	149
5670	4	44	2,4	50,24	158	149
5671	5	25	15,9	27,25	553	149
5678	13	290	42,23	746,420	744	149
5683	2	10	0,0	8,13	463	149
5695	6	2	11,8	2,2	230	149
5701	109	642	39,99	186,376	162	149
5707	5	12	0,5	39,31	191	149
5713	2	32	3,8	28,28	229	149
5719	228	1	266,226	0,2	376	149
5720	279	5	270,183	4,6	340	149
5721	132	0	98,51	2,0	391	149
5722	175	2	127,81	2,0	430	149
5723	43	2	31,30	2,0	188	149
5724	390	2	393,231	0,2	430	149
5725	162	129	110,76	214,108	188	149
5728	10	11	0,0	2,0	163	149
5729	197	19	8,9	0,0	477	149
5730	0	4	2,6	0,0	164	149
5738	1	36	0,6	62,50	160	149
5742	3	0	6,2	3,2	194	149
5743	91	0	129,143	4,1	176	149
5745	4	14	19,3	12,13	237	149
5747	2	0	9,1	2,0	171	149
5751	252	2	123,70	4,0	538	149
5753	275	32	218,92	21,6	199	149
5755	2119	3	2502,1185	2,0	1313	149
5756	2253	2	2636,1231	7,0	1386	149
5757	137	2	136,46	7,0	222	149
5758	32	21	50,7	41,11	214	149
5759	34	0	54,7	4,0	309	149
5760	23	0	45,11	4,0	244	149
5761	143	84	138,60	76,19	214	149
5762	145	7	142,60	7,4	309	149
5764	29	2	14,11	2,2	167	149
5765	3	2	2,2	2,2	218	149
5766	0	26	0,2	12,11	200	149
5769	3	4	12,0	4,3	236	149
5770	2	0	6,2	2,0	197	149
5772	3	3	0,0	6,0	160	149
5774	18	3	0,6	0,0	175	149
5775	101	5	43,29	2,0	163	149
5791	6	0	4,10	2,0	595	149
5793	12	0	15,26	3,2	916	149
5797	0	17	5,0	6,0	328	149
5798	2	17	5,2	6,0	686	149
5803	6	2	0,6	2,2	153	149
5804	1076	1	378,327	0,0	3862	149
5805	1	0	4,2	1,0	160	149
5816	311	2	159,118	0,0	212	149
5818	9	45	44,5	51,40	253	149
5820	16	0	23,8	2,0	199	149
5821	25	0	31,11	0,2	199	149
5822	1	54	0,0	14,11	257	149
5826	20	6	12,6	0,0	158	149
5827	2	23	0,2	54,31	164	149
5834	17	412	10,10	155,95	259	149
5835	309	0	246,181	1,1	183	149
5839	36	1	54,43	2,0	1139	149
5848	30	3	27,21	2,2	780	149
5852	227	0	356,141	2,0	1006	149
5853	6	4	0,1	0,0	161	149
5854	1	4	2,1	0,0	234	149
5855	2	4	2,1	0,0	240	149
5856	1	6	2,1	0,1	222	149
5857	2	6	2,1	0,1	228	149
5860	13	2	21,20	2,0	210	149
5861	85	2	86,53	2,0	214	149
5862	19	2	29,26	2,0	235	149
5863	74	2	65,34	0,1	153	149
5864	8	2	8,7	0,1	174	149
5865	6	72	6,7	63,34	170	149
5866	15	2	27,19	2,0	214	149
5868	7	0	2,1	5,0	267	149
5877	22	0	41,25	1,0	497	149
5906	7	14	37,21	14,0	166	149
5907	19	0	53,26	1,0	306	149
5908	2	10	2,1	8,7	269	149
5909	4	4	2,4	6,5	193	149
5910	30	3	29,6	2,5	295	149
5911	44	0	42,25	0,4	295	149
5912	0	23	0,2	33,39	282	149
5913	5	175	2,8	199,153	165	149
5929	27	3	34,14	5,0	340	149
5931	3	17	2,5	39,40	215	149
5932	12	14	53,33	43,30	548	149
5933	22	0	72,46	4,0	584	149
5934	24	0	62,43	4,0	185	149
5942	0	2	2,2	2,6	161	149
5948	6	24	1,4	43,25	163	149
5951	3	13	1,2	17,11	239	149
5952	9	6	4,0	11,4	153	149
5961	4	18	14,9	8,2	274	149
5962	130	0	123,51	8,1	208	149
5963	28	0	23,11	8,1	214	149
5964	0	102	1,0	101,40	155	149
5976	18	21	102,51	41,25	1985	149
5982	5	101	11,3	133,80	254	149
5988	13	391	10,17	280,185	314	149
5994	2	1	10,2	10,4	227	149
5996	66	21	110,61	26,30	681	149
5997	4	72	0,0	49,28	153	149
6003	4	2	0,2	2,6	156	149
6004	44	22	86,31	30,33	589	149
6005	8	17	10,4	6,2	180	149
6006	6	61	24,20	173,81	180	149
6023	29	0	76,43	1,0	194	149
6031	4	18	8,0	14,10	153	149
6034	42	18	20,24	18,14	191	149
6046	2	0	8,0	3,0	368	149
6047	0	2	0,1	0,0	168	149
6049	2	0	0,0	0,2	257	149
6051	44	1	277,277	12,4	187	149
6064	0	17	1,0	127,68	200	149
6072	0	29	1,1	15,21	156	149
6077	34	4	60,34	35,21	2632	149
6086	3	0	6,3	4,0	167	149
6096	2	20	0,1	11,4	162	149
6099	1	47	0,4	34,28	191	149
6102	5	3	4,1	0,0	293	149
6107	0	1	2,0	0,4	259	149
6109	40	14	41,23	22,5	158	149
6110	203	0	298,170	0,2	1566	149
6113	4	7	0,2	0,5	182	149
6114	4	62	5,6	71,108	182	149
6136	2	5	2,0	0,7	258	149
6137	105	6	104,58	3,2	193	149
6139	8	0	6,12	2,0	236	149
6140	8	205	27,22	489,488	180	149
6141	505	0	939,770	2,2	2912	149
6143	166	0	378,250	1,0	180	149
6147	5	17	16,7	10,6	844	149
6148	4	17	2,4	10,6	538	149
6149	4	17	2,2	10,6	363	149
6158	7	10	14,7	9,1	173	149
6160	26	16	16,1	0,0	232	149
6161	17	134	22,14	31,20	269	149
6167	104	0	89,33	2,2	187	149
6168	19	0	19,23	3,4	374	149
6174	82	0	109,123	0,2	479	149
6183	19	0	393,545	0,4	643	149
6184	0	11	1,1	177,144	158	149
6186	2	6	20,4	0,0	839	149
6192	308	2	565,412	2,0	290	149
6193	2	10	2,4	30,21	205	149
6194	14	2	18,16	1,0	182	149
6197	5	15	17,7	6,9	218	149
6199	16	34	13,22	49,55	164	149
6204	23	0	14,9	1,0	165	149
6205	108	2	83,44	4,0	165	149
6212	6	0	81,28	0,1	904	149
6223	400	155	824,398	97,79	3226	149
6231	3	3	9,4	2,2	153	149
6233	18	7	6,8	8,6	174	149
6235	34	2	40,21	0,0	257	149
6244	6	2	9,10	2,6	425	149
6251	141	8	96,29	10,4	236	149
6254	0	2	1,0	3,11	172	149
6257	0	83	0,2	17,21	211	149
6259	3	35	21,12	43,25	1234	149
6263	1	30	7,1	18,17	159	149
6265	404	7	150,141	4,2	253	149
6266	353	8	188,104	4,3	307	149
6267	48	3	45,88	1,0	503	149
6269	0	5	4,1	38,14	153	149
6270	478	2	456,268	0,1	855	149
6271	1820	6	1702,829	0,3	1434	149
6274	8	30	13,4	48,10	391	149
6282	0	1	6,2	6,0	152	149
6283	710	0	532,270	2,2	156	149
6288	1	1	1,1	14,10	180	149
6289	2	187	8,0	180,62	170	149
6293	2	0	9,3	8,1	154	149
6295	49	2	32,7	1,1	153	149
6296	4	0	0,1	0,3	225	149
6298	4	2	2,0	1,6	153	149
6299	11	42	22,12	45,11	225	149
6300	2	27	0,0	33,6	246	149
6302	63	0	123,47	0,4	271	149
6314	1	0	0,0	2,0	238	149
6324	0	68	3,0	35,13	218	149
6325	2	14	2,0	34,38	168	149
6326	28	17	31,16	33,27	155	149
6340	2	18	9,8	28,34	211	149
6343	10	0	24,30	2,0	1502	149
6362	4	16	6,0	25,8	471	149
6372	23	212	0,0	0,10	296	149
6381	2	22	0,0	11,7	266	149
6383	6	6	10,18	15,10	176	149
6384	127	3	483,618	5,12	374	149
6385	6	2	9,2	0,0	273	149
6386	5	74	4,0	80,20	153	149
6387	3	172	2,0	65,36	196	149
6390	0	35	2,1	57,31	173	149
6392	29	1	58,34	2,0	159	149
6394	16	4	10,14	0,0	192	149
6400	11	119	51,10	139,118	701	149
6403	2	23	5,0	55,30	188	149
6404	18	4	18,10	17,5	161	149
6405	1	43	2,0	38,29	174	149
6406	5	11	11,4	6,16	296	149
6407	6	0	11,6	0,2	384	149
6408	12	0	6,18	0,2	237	149
6411	1	0	5,0	4,0	211	149
6418	0	3	2,0	0,0	198	149
6428	2	5	0,0	6,2	314	149
6429	2	0	2,2	2,0	271	149
6438	0	4	20,5	1,4	261	149
6439	19	0	48,22	2,0	483	149
6440	14	1	45,18	2,0	483	149
6443	3	0	1,4	0,2	194	149
6446	5	38	13,16	41,41	269	149
6449	2	22	0,2	15,3	156	149
6450	2	22	0,2	15,3	190	149
6455	93	2	135,103	0,5	203	149
6456	701	0	704,626	3,2	323	149
6457	0	4	5,0	10,0	383	149
6459	2	58	0,0	26,11	312	149
6464	2	0	13,11	0,4	164	149
6466	30	1	80,135	13,12	217	149
6470	4	3	2,2	3,4	179	149
6471	65	0	40,71	2,0	197	149
6473	851	17	1373,614	28,37	2984	149
6475	1	5	0,0	5,0	268	149
6477	67	8	16,8	0,0	153	149
6478	58	8	3,8	0,0	298	149
6479	58	67	3,8	16,8	294	149
6480	35	2	4,2	1,0	222	149
6481	60	975	4,5	164,167	425	149
6487	1	68	2,2	44,42	175	149
6489	0	4	5,0	0,4	160	149
6490	28	0	50,63	0,2	439	149
6492	1	11	11,2	0,3	323	149
6495	2	0	10,16	0,2	183	149
6501	2	0	6,7	2,0	158	149
6508	0	2	2,1	5,5	154	149
6509	2	0	3,3	3,4	184	149
6510	69	0	155,181	1,0	362	149
6511	7	8	4,0	1,0	177	149
6512	5	8	5,0	1,0	224	149
6513	1	3	1,0	0,0	196	149
6514	6	4	4,0	0,0	177	149
6522	6	9	8,9	11,19	158	149
6527	0	26	2,0	15,28	191	149
6528	15	54	10,6	71,49	211	149
6529	6	134	68,24	390,242	257	149
6530	39	7	56,35	2,2	414	149
6532	0	4	3,27	0,0	1021	149
6533	6	3	3,4	14,4	158	149
6534	15	10	26,17	11,13	158	149
6537	2	5	2,4	12,32	989	149
6538	5	2	2,0	4,0	179	149
6540	4	15	7,10	5,15	232	149
6541	2	3	2,6	0,0	549	149
6542	2	2	2,6	2,0	561	149
6543	3	2	0,0	2,0	161	149
6544	79	8	144,103	22,5	152	149
6546	2	39	17,4	60,33	289	149
6549	10	94	15,10	33,53	772	149
6553	32	9	74,49	9,14	212	149
6554	42	10	41,13	3,2	192	149
6555	8	34	6,7	20,29	203	149
6556	112	0	186,101	1,4	233	149
6559	0	1	2,2	6,4	154	149
6564	0	5	1,0	2,10	374	149
6567	4	0	22,32	0,6	173	149
6571	2	0	7,0	5,0	184	149
6572	0	1	10,4	6,11	206	149
6574	25	7	4,10	22,15	305	149
6577	0	3	2,8	0,0	315	149
6580	26	0	116,54	2,0	153	149
6582	121	0	85,36	4,0	233	149
6583	0	4	11,6	5,0	458	149
6589	223	0	347,199	0,1	1913	149
6590	10	2	33,28	0,0	154	149
6591	4	0	24,17	2,0	191	149
6593	9	8	6,1	14,12	192	149
6595	2	0	9,3	6,4	178	149
6607	1	10	0,0	13,8	371	149
6628	0	18	4,0	14,16	167	149
6635	2	0	1,4	2,0	386	149
6639	2	2	1,0	0,0	181	149
6641	3	0	28,32	2,0	168	149
6644	17	21	25,24	5,6	249	149
6645	24	82	42,33	48,44	300	149
6646	28	82	22,15	48,44	200	149
6649	45	28	94,63	50,47	578	149
6651	8	0	46,39	2,1	263	149
6655	62	915	25,4	227,73	298	149
6668	452	164	437,408	65,52	537	149
6672	0	2	2,0	8,3	153	149
6674	0	19	0,6	29,23	158	149
6676	261	0	913,263	0,1	302	149
6677	0	2	2,2	2,0	191	149
6685	11	1	11,8	0,0	283	149
6694	3	2	4,2	6,6	158	149
6697	2	7	2,1	2,2	336	149
6716	57	114	101,43	64,25	1493	149
6734	2	2	10,12	2,0	278	149
6735	4	4	2,5	2,4	158	149
6736	8	4	9,7	2,4	161	149
6737	6	2	7,4	0,2	152	149
6739	80	0	71,86	2,0	212	149
6745	7	0	1,0	0,5	173	149
6748	8	22	5,4	56,46	171	149
6749	38	22	21,14	56,46	222	149
6750	30	0	18,10	2,0	200	149
6751	12	80	3,4	31,24	171	149
6752	56	80	21,14	31,24	222	149
6753	48	4	18,10	0,0	200	149
6754	37	9	17,12	8,6	222	149
6755	4	0	14,16	2,6	494	149
6756	0	8	1,7	14,14	304	149
6757	7	46	6,5	37,15	514	149
6767	18	141	14,10	118,90	265	149
6774	2	0	2,3	5,6	389	149
6781	1	4	0,0	13,2	178	149
6785	0	4	2,0	0,0	226	149
6793	2	9	2,2	9,10	429	149
6794	16	2	40,18	0,0	1111	149
6796	26	0	32,29	2,0	157	149
6802	35	35	20,51	109,99	565	149
6804	2	2	14,12	1,0	1602	149
6806	7	26	14,15	49,28	334	149
6807	0	77	0,1	62,75	167	149
6809	79	103	5,8	206,94	161	149
6817	4	0	8,4	0,2	1846	149
6827	0	4	1,0	0,0	217	149
6833	56	0	41,27	1,0	286	149
6839	2	7	6,4	18,17	158	149
6842	31	0	105,77	2,11	238	149
6843	29	0	79,72	2,0	197	149
6851	282	2	391,250	0,0	250	149
6854	40	6	16,8	6,10	171	149
6855	0	11	5,3	13,9	152	149
6856	7	48	13,9	40,22	152	149
6857	20	0	20,16	0,2	168	149
6869	9	13	23,10	14,2	691	149
6876	22	30	21,11	31,9	933	149
6878	3	0	6,2	4,1	159	149
6880	0	2	5,7	0,0	156	149
6881	4	0	4,2	3,0	208	149
6882	4	2	4,5	0,0	208	149
6883	216	2	126,57	2,0	252	149
6884	94	8	38,48	5,8	171	149
6891	0	2	2,13	2,0	482	149
6893	11	0	16,4	4,0	1248	149
6896	2	52	4,10	70,73	240	149
6897	2	52	4,10	70,73	218	149
6902	3	11	5,1	32,11	541	149
6904	2	0	7,11	0,2	300	149
6905	2	10	8,11	10,10	310	149
6906	0	10	1,2	10,10	159	149
6921	0	19	2,0	22,21	213	149
6925	8	0	40,30	0,1	171	149
6926	18	4	25,16	5,2	157	149
6929	1	24	2,2	31,17	153	149
6930	1	0	0,0	0,2	219	149
6932	1	0	0,0	0,2	155	149
6942	1	10	6,2	7,11	179	149
6943	4	2	6,7	2,2	182	149
6944	371	2	218,200	0,0	270	149
6947	1	2	9,15	2,3	177	149
6955	6	0	2,8	4,0	348	149
6956	6	0	2,8	2,2	299	149
6957	62	2	73,30	2,0	182	149
6959	0	4	3,2	0,0	173	149
6962	148	0	213,203	2,0	302	149
6963	0	6	1,1	12,12	166	149
6968	6	0	4,8	0,7	246	149
6973	100	2	144,151	0,4	195	149
6978	7	8	2,9	9,6	227	149
6989	20	2	40,25	0,0	366	149
6990	10	3	22,18	14,6	178	149
6992	0	22	2,0	48,39	151	149
6995	0	13	4,0	25,24	152	149
7001	5	1	18,0	0,1	1105	149
7002	0	1	2,0	0,1	684	149
7003	2491	10	3071,2568	26,10	1499	149
7006	26	2	28,21	0,0	251	149
7015	21	266	2,0	67,26	155	149
7017	60	7	46,19	1,0	689	149
7019	0	15	2,0	7,2	166	149
7020	2	0	18,11	0,2	500	149
7024	4	8	13,8	7,8	179	149
7025	5	8	15,8	6,12	230	149
7026	9	8	9,8	6,12	200	149
7027	82	5	200,53	5,10	629	149
7029	170	2	134,144	0,2	153	149
7037	2	8	2,0	31,6	283	149
7040	12	22	25,27	33,19	298	149
7043	0	495	2,0	834,286	153	149
7044	46	2	50,66	0,0	280	149
7045	1	0	3,17	2,2	257	149
7046	2	0	18,9	0,1	152	149
7047	21	2	29,8	8,1	152	149
7048	51	12	61,23	18,3	239	149
7049	32	12	40,16	18,3	236	149
7050	15	38	12,4	51,15	158	149
7051	3	9	2,0	4,0	158	149
7052	8	6	0,4	5,0	400	149
7054	4	17	1,2	14,16	193	149
7057	2	3	2,3	9,12	153	149
7058	3	46	1,0	17,21	160	149
7061	28	73	19,3	46,20	155	149
7064	0	13	2,0	7,3	268	149
7065	3	13	0,0	7,3	319	149
7066	3	0	0,0	2,0	200	149
7068	144	2	114,136	1,0	192	149
7072	11	0	15,10	2,0	164	149
7073	12	40	9,7	32,47	286	149
7077	4	3	29,29	11,21	573	149
7081	34	0	32,3	1,0	185	149
7085	4	128	10,5	162,150	173	149
7092	0	2	3,0	2,5	161	149
7093	2	28	0,0	50,9	152	149
7094	32	11	22,20	8,10	173	149
7095	2	3	1,1	5,0	183	149
7096	20	0	17,22	2,0	572	149
7097	116	56	498,338	65,33	2994	149
7098	1	29	0,0	33,21	180	149
7099	43	7	64,44	15,3	476	149
7100	64	7	93,79	15,3	1025	149
7101	27	6	39,39	10,4	698	149
7107	39	6	68,36	9,4	153	149
7114	2	0	1,0	3,2	164	149
7118	2	2	2,6	0,0	172	149
7127	46	9	202,122	40,15	155	149
7128	47	0	99,77	2,2	599	149
7135	13	0	8,10	2,0	175	149
7136	10	0	19,18	2,0	174	149
7139	2	2	2,2	0,0	288	149
7144	2	14	0,0	2,0	217	149
7145	2	14	0,0	2,0	271	149
7153	3	0	0,1	0,2	155	149
7157	52	0	113,121	2,0	855	149
7158	10	0	38,30	2,0	185	149
7176	2	6	3,0	23,23	227	149
7184	3	4	12,5	18,4	347	149
7197	20	44	8,2	14,16	153	149
7202	6	13	0,0	5,2	192	149
7204	9	31	26,5	28,26	296	149
7210	2	7	4,0	4,8	169	149
7211	5	4	5,8	5,3	498	149
7212	5	11	6,5	5,2	204	149
7213	1	19	8,4	12,4	227	149
7227	2	22	0,0	22,21	181	149
7228	0	4	0,1	18,19	178	149
7229	7	5	8,0	14,6	179	149
7235	0	1	11,6	19,9	224	149
7237	62	14	108,71	10,7	1325	149
7241	0	1	1,0	1,0	179	149
7247	281	3	185,109	0,1	298	149
7253	22	28	19,5	37,32	548	149
7256	0	5	3,0	3,0	202	149
7258	1	2	4,3	7,4	165	149
7259	13	33	25,5	66,49	165	149
7261	67	160	30,8	6,0	254	149
7265	0	5	0,1	10,2	197	149
7269	1	33	0,0	93,40	153	149
7270	2	33	5,5	93,40	215	149
7272	1	29	10,2	67,37	199	149
7282	0	15	2,4	18,14	216	149
7287	0	12	2,0	4,6	191	149
7292	19	2	17,5	0,0	217	149
7293	146	22	114,51	34,32	1469	149
7298	31	1	5,5	0,0	201	149
7301	24	0	23,26	2,0	385	149
7302	235	4	352,120	2,0	1030	149
7309	2	1	0,0	0,2	167	149
7311	4	16	16,6	13,11	274	149
7312	0	101	5,2	48,21	261	149
7332	2	15	9,6	36,47	295	149
7337	5	37	1,4	32,11	188	149
7343	44	469	28,33	355,306	164	149
7347	300	2	582,224	0,0	1710	149
7348	66	130	353,96	200,57	1077	149
7349	66	13	356,98	12,14	1077	149
7350	3	8	27,22	4,0	284	149
7352	547	0	459,353	3,0	483	149
7355	4	14	7,14	34,24	182	149
7361	2	9	1,0	12,3	156	149
7364	2	185	2,0	179,119	179	149
7365	23	185	16,6	179,119	280	149
7368	2	16	6,0	6,8	161	149
7370	18	282	16,21	305,165	721	149
7371	0	2	0,2	6,13	191	149
7381	156	0	232,65	2,0	218	149
7383	10	0	9,4	4,0	363	149
7384	21	2	31,13	2,0	384	149
7387	9	0	63,19	1,0	524	149
7392	17	0	43,22	2,2	946	149
7394	21	17	4,2	1,4	158	149
7398	18	45	2,0	1,0	196	149
7400	12	5	12,7	2,0	154	149
7401	213	0	523,348	0,2	164	149
7407	3	138	9,1	176,85	170	149
7408	12	0	12,3	2,0	381	149
7417	0	119	5,3	101,49	180	149
7419	9	2	3,6	0,0	601	149
7425	0	2	5,0	0,0	199	149
7427	295	0	317,124	1,0	434	149
7429	2	0	2,6	2,0	191	149
7434	515	3	235,298	0,2	166	149
7442	7	23	4,1	54,17	162	149
7443	60	0	140,58	2,0	154	149
7444	80	304	17,11	84,41	274	149
7445	1148	2	725,482	0,0	944	149
7446	292	856	81,117	1016,735	403	149
7458	0	13	2,0	18,18	163	149
7459	22	38	21,18	44,19	155	149
7461	2	0	4,0	0,4	158	149
7474	2	0	0,2	4,4	920	149
7475	20	2	8,6	0,0	426	149
7476	11	2	0,4	0,0	528	149
7477	1	10	0,0	8,2	251	149
7478	28	56	21,8	37,37	390	149
7481	10	1	7,2	2,2	190	149
7482	8	441	2,2	255,254	160	149
7483	130	62	140,97	70,49	173	149
7486	2	0	2,1	2,22	193	149
7494	2	2	3,2	0,0	287	149
7495	30	3	30,14	0,0	233	149
7499	1	3	0,2	0,0	385	149
7510	7	3	18,16	2,6	196	149
7511	0	66	3,0	69,44	163	149
7512	0	54	0,1	48,26	153	149
7514	2	4	22,14	48,4	668	149
7518	17	14	6,8	2,2	201	149
7519	75	16	124,67	20,15	202	149
7520	4	953	3,3	1619,1116	159	149
7531	25	1	76,36	2,0	1047	149
7532	4	16	2,4	20,16	291	149
7537	4	0	15,6	1,0	158	149
7541	0	1	1,0	0,0	167	149
7547	41	33	38,11	60,39	158	149
7551	60	2	86,60	0,0	2098	149
7552	1	8	0,0	7,2	192	149
7561	3	1	4,0	7,2	160	149
7562	16	89	12,4	50,15	160	149
