ID
1
2
13
14
15
17
24
25
37
40
41
42
45
46
47
48
49
50
51
54
56
58
62
63
64
65
66
68
70
71
73
75
76
79
81
83
84
85
86
87
88
89
90
91
96
97
100
102
105
112
113
114
115
116
120
122
128
129
131
137
139
141
142
143
144
145
146
147
149
153
154
157
158
160
161
162
167
168
169
170
171
173
177
181
185
186
189
191
192
195
196
199
200
201
203
204
205
207
208
209
211
212
215
216
219
220
221
223
224
225
226
227
228
229
231
233
234
238
239
240
242
243
245
246
249
250
253
254
255
256
257
260
263
264
265
266
269
270
271
272
273
274
278
281
282
283
285
286
287
288
289
290
291
292
293
294
296
297
298
299
300
302
303
304
305
308
309
311
312
313
315
317
323
326
327
328
329
330
331
332
333
334
335
336
339
342
343
344
345
346
347
349
350
353
355
356
358
359
361
362
363
364
365
366
367
368
369
373
376
377
378
379
380
382
383
384
385
386
387
389
390
392
393
395
396
397
398
399
400
401
402
403
404
405
406
407
409
410
412
413
414
417
418
419
420
422
425
426
428
429
430
433
434
435
436
437
438
439
440
441
442
445
446
447
448
450
451
452
457
458
460
462
464
465
467
468
470
471
472
473
474
477
478
479
480
481
483
484
485
486
487
488
489
490
492
493
495
496
497
499
500
501
502
503
504
505
506
507
508
509
510
512
513
519
520
521
522
523
524
528
529
532
533
534
535
536
539
540
541
543
544
545
547
548
551
552
555
556
557
558
566
568
570
571
572
573
574
575
576
577
578
580
582
584
587
589
591
592
593
595
598
600
604
613
614
617
618
619
620
621
623
625
626
629
630
637
638
640
641
643
644
645
646
649
651
655
660
661
662
664
665
666
667
668
669
671
672
678
681
682
683
684
685
686
687
688
689
690
691
692
693
694
695
696
697
698
700
702
706
707
708
711
714
715
716
718
719
723
724
725
726
727
729
730
732
733
734
735
736
738
739
740
741
743
745
746
747
749
751
753
754
755
758
760
761
763
764
765
766
767
768
769
772
773
774
775
777
778
779
780
781
782
783
785
786
788
791
792
793
796
798
800
804
809
811
813
814
821
822
823
824
825
826
827
828
829
831
833
834
835
837
843
844
845
848
852
853
854
855
857
858
861
862
864
867
868
877
883
884
888
890
891
892
893
895
896
897
899
902
903
904
905
906
907
908
910
911
912
914
915
916
917
918
919
922
924
925
927
928
933
937
938
939
941
943
944
945
946
951
955
956
957
958
961
962
967
968
969
970
971
972
973
974
975
976
979
983
984
988
991
996
997
998
999
1000
1001
1004
1010
1011
1015
1020
1022
1025
1026
1027
1028
1029
1030
1032
1033
1034
1038
1040
1043
1044
1047
1048
1049
1050
1051
1052
1053
1054
1055
1056
1058
1059
1063
1064
1065
1066
1068
1069
1070
1074
1076
1078
1079
1080
1082
1084
1086
1087
1088
1089
1091
1092
1093
1094
1095
1098
1101
1102
1103
1104
1106
1107
1109
1110
1111
1112
1113
1115
1120
1124
1128
1129
1131
1132
1134
1136
1137
1138
1139
1140
1148
1149
1151
1152
1154
1156
1157
1159
1162
1165
1166
1167
1169
1170
1172
1173
1174
1176
1179
1181
1182
1183
1184
1187
1188
1190
1193
1194
1196
1198
1199
1200
1202
1203
1205
1207
1215
1217
1218
1221
1226
1227
1228
1229
1230
1231
1238
1240
1244
1245
1246
1247
1248
1249
1251
1252
1253
1254
1257
1258
1260
1261
1262
1263
1265
1266
1267
1268
1269
1273
1277
1278
1279
1280
1281
1283
1284
1286
1287
1288
1289
1290
1291
1292
1293
1296
1298
1301
1302
1310
1321
1322
1323
1324
1327
1328
1329
1330
1333
1334
1335
1336
1337
1338
1340
1341
1343
1346
1348
1350
1351
1352
1355
1356
1358
1359
1360
1363
1365
1367
1368
1369
1372
1375
1377
1379
1380
1381
1382
1383
1384
1385
1386
1393
1394
1395
1398
1399
1400
1401
1402
1403
1404
1405
1406
1408
1409
1410
1411
1412
1413
1414
1415
1416
1417
1418
1419
1420
1423
1424
1426
1427
1428
1429
1430
1431
1432
1433
1435
1436
1437
1438
1439
1440
1442
1443
1445
1448
1450
1453
1458
1459
1461
1462
1463
1464
1465
1466
1467
1473
1475
1476
1477
1478
1479
1480
1481
1482
1483
1499
1501
1502
1506
1507
1508
1509
1510
1512
1513
1514
1515
1517
1520
1521
1522
1529
1533
1534
1537
1538
1539
1541
1542
1543
1544
1546
1547
1551
1554
1555
1556
1558
1559
1560
1561
1562
1568
1571
1574
1575
1576
1578
1579
1580
1581
1582
1583
1584
1585
1586
1587
1589
1590
1591
1601
1605
1607
1608
1609
1610
1611
1612
1614
1620
1626
1627
1628
1630
1631
1632
1633
1634
1636
1637
1638
1639
1640
1641
1642
1643
1644
1645
1646
1649
1651
1652
1654
1655
1657
1658
1663
1664
1665
1666
1667
1668
1669
1671
1672
1673
1674
1676
1677
1678
1679
1680
1682
1683
1693
1695
1696
1698
1700
1701
1702
1703
1704
1705
1707
1711
1712
1713
1714
1715
1716
1718
1720
1721
1722
1724
1725
1726
1728
1731
1733
1734
1735
1736
1737
1738
1740
1744
1751
1752
1755
1756
1759
1763
1767
1768
1770
1771
1773
1774
1775
1776
1782
1783
1784
1785
1786
1787
1788
1790
1793
1794
1796
1797
1798
1799
1800
1801
1802
1803
1804
1805
1806
1807
1808
1810
1813
1814
1815
1816
1818
1819
1820
1821
1822
1823
1825
1830
1831
1833
1834
1841
1843
1844
1847
1848
1849
1850
1854
1855
1856
1857
1858
1859
1865
1867
1868
1872
1875
1876
1877
1878
1885
1889
1893
1895
1896
1897
1898
1899
1901
1902
1903
1911
1912
1916
1917
1918
1922
1924
1936
1938
1940
1941
1942
1943
1944
1945
1947
1949
1950
1951
1952
1955
1957
1958
1959
1960
1962
1963
1965
1966
1967
1968
1969
1970
1971
1973
1974
1975
1976
1977
1978
1979
1982
1983
1984
1987
1988
1989
1990
1991
1993
1996
1997
1998
1999
2000
2002
2003
2004
2006
2009
2011
2016
2017
2018
2019
2020
2022
2023
2025
2026
2027
2028
2030
2031
2032
2033
2034
2035
2036
2038
2041
2042
2045
2047
2048
2052
2054
2056
2057
2058
2059
2060
2061
2063
2064
2065
2066
2067
2068
2069
2070
2071
2072
2076
2077
2085
2086
2087
2101
2109
2110
2111
2112
2113
2114
2115
2116
2117
2124
2125
2126
2127
2129
2130
2135
2136
2137
2138
2140
2141
2142
2150
2151
2154
2155
2156
2158
2159
2160
2161
2162
2165
2166
2167
2170
2171
2172
2176
2177
2178
2179
2180
2181
2182
2189
2191
2195
2196
2198
2199
2200
2202
2204
2205
2208
2209
2210
2211
2212
2213
2214
2217
2218
2219
2220
2221
2223
2229
2233
2234
2235
2237
2238
2241
2243
2244
2245
2246
2251
2253
2255
2256
2258
2259
2262
2263
2266
2268
2272
2273
2274
2276
2277
2278
2280
2281
2289
2294
2295
2297
2299
2300
2302
2303
2304
2305
2307
2311
2312
2313
2314
2315
2316
2317
2319
2326
2329
2334
2335
2336
2337
2340
2341
2342
2343
2350
2354
2363
2373
2374
2375
2382
2385
2387
2389
2391
2392
2393
2394
2398
2401
2402
2403
2406
2407
2410
2412
2413
2415
2417
2418
2421
2423
2424
2425
2426
2428
2430
2431
2432
2433
2435
2436
2437
2439
2440
2441
2442
2444
2445
2446
2447
2449
2452
2453
2454
2455
2456
2457
2458
2459
2461
2462
2463
2464
2465
2466
2467
2468
2471
2472
2473
2474
2475
2476
2477
2478
2480
2481
2484
2485
2486
2489
2495
2496
2498
2499
2500
2501
2503
2506
2507
2511
2512
2513
2515
2516
2519
2521
2523
2525
2528
2530
2533
2539
2540
2541
2543
2544
2545
2548
2550
2551
2554
2558
2559
2564
2565
2566
2568
2569
2571
2572
2573
2574
2575
2576
2577
2578
2579
2580
2582
2583
2584
2585
2587
2588
2589
2590
2595
2596
2597
2600
2604
2608
2610
2611
2617
2619
2626
2627
2628
2629
2630
2632
2633
2634
2635
2636
2637
2638
2639
2643
2644
2645
2646
2647
2649
2650
2651
2652
2653
2655
2657
2659
2660
2662
2663
2664
2665
2668
2669
2670
2671
2672
2675
2676
2677
2678
2681
2683
2689
2690
2691
2692
2697
2699
2700
2706
2710
2713
2714
2715
2716
2717
2719
2725
2726
2728
2729
2730
2731
2732
2733
2736
2737
2738
2739
2740
2743
2744
2745
2746
2750
2751
2752
2753
2754
2759
2760
2762
2764
2768
2770
2771
2772
2774
2775
2776
2777
2778
2779
2781
2782
2783
2784
2785
2786
2789
2790
2791
2792
2793
2794
2796
2797
2798
2799
2800
2801
2802
2803
2808
2809
2810
2812
2813
2814
2816
2817
2823
2824
2825
2832
2833
2835
2839
2840
2843
2848
2850
2853
2854
2855
2856
2857
2858
2861
2864
2868
2869
2870
2871
2873
2874
2875
2877
2879
2881
2886
2888
2891
2895
2897
2898
2905
2906
2907
2908
2909
2910
2912
2913
2914
2916
2918
2919
2920
2921
2922
2929
2930
2931
2932
2934
2937
2941
2942
2943
2944
2945
2946
2947
2948
2949
2950
2951
2952
2953
2954
2955
2957
2958
2959
2960
2961
2962
2963
2964
2965
2966
2970
2972
2973
2975
2977
2978
2979
2980
2982
2983
2986
2987
2989
2990
2991
2994
2996
2997
2998
3001
3004
3005
3006
3007
3008
3009
3010
3011
3012
3014
3016
3018
3019
3020
3021
3022
3023
3024
3025
3026
3027
3030
3033
3034
3035
3036
3038
3041
3042
3045
3046
3047
3054
3057
3059
3060
3061
3063
3064
3065
3066
3068
3072
3075
3077
3079
3080
3081
3082
3084
3087
3088
3091
3092
3094
3095
3097
3098
3099
3100
3101
3102
3105
3107
3108
3112
3113
3114
3117
3118
3119
3125
3126
3132
3134
3135
3136
3137
3140
3141
3142
3145
3146
3147
3149
3150
3152
3153
3154
3156
3160
3162
3164
3165
3168
3169
3172
3174
3175
3176
3184
3186
3187
3193
3197
3198
3199
3200
3202
3205
3206
3210
3211
3213
3214
3219
3226
3227
3228
3229
3232
3234
3235
3236
3237
3241
3243
3245
3248
3249
3252
3255
3256
3258
3259
3260
3261
3262
3263
3265
3269
3270
3271
3272
3273
3275
3278
3279
3284
3285
3286
3288
3289
3290
3291
3292
3293
3294
3296
3299
3301
3303
3305
3306
3307
3309
3312
3313
3314
3315
3316
3317
3318
3319
3320
3324
3325
3327
3328
3329
3330
3332
3335
3336
3337
3338
3339
3342
3344
3346
3347
3350
3353
3362
3363
3366
3367
3368
3372
3373
3374
3375
3376
3377
3381
3382
3384
3385
3386
3387
3390
3392
3393
3394
3395
3397
3399
3400
3401
3402
3403
3405
3406
3409
3412
3413
3416
3418
3420
3421
3423
3426
3427
3428
3429
3430
3433
3435
3441
3443
3446
3452
3453
3454
3457
3458
3459
3461
3462
3463
3464
3465
3466
3467
3471
3472
3473
3475
3476
3478
3479
3483
3486
3488
3489
3490
3491
3492
3493
3494
3495
3497
3502
3503
3504
3506
3507
3508
3509
3510
3512
3513
3515
3517
3518
3519
3520
3523
3525
3531
3532
3533
3534
3535
3540
3541
3543
3544
3546
3547
3550
3551
3552
3553
3554
3556
3557
3558
3559
3560
3561
3562
3563
3564
3565
3566
3567
3568
3570
3571
3572
3575
3576
3580
3581
3586
3588
3589
3590
3593
3594
3595
3596
3597
3598
3599
3600
3601
3604
3606
3607
3608
3609
3610
3618
3624
3627
3629
3631
3632
3633
3634
3635
3636
3638
3646
3647
3648
3650
3657
3658
3659
3660
3661
3662
3663
3664
3665
3667
3669
3670
3671
3672
3673
3674
3677
3680
3686
3687
3688
3689
3690
3691
3692
3693
3694
3695
3699
3700
3704
3706
3708
3712
3714
3722
3726
3729
3731
3732
3733
3734
3735
3736
3737
3738
3740
3741
3743
3745
3746
3748
3749
3750
3751
3754
3755
3757
3758
3759
3760
3761
3763
3766
3767
3768
3769
3772
3774
3777
3780
3781
3782
3783
3784
3785
3786
3787
3788
3794
3797
3799
3800
3803
3804
3805
3806
3807
3810
3811
3812
3813
3814
3815
3816
3821
3822
3823
3824
3826
3830
3831
3834
3835
3836
3837
3838
3839
3840
3841
3843
3849
3850
3851
3854
3866
3869
3870
3871
3872
3873
3874
3876
3879
3880
3882
3883
3884
3885
3886
3888
3889
3890
3891
3894
3900
3902
3903
3904
3905
3906
3907
3908
3913
3915
3916
3920
3921
3922
3923
3924
3925
3926
3927
3930
3936
3938
3939
3940
3941
3943
3947
3949
3950
3952
3956
3957
3958
3959
3960
3961
3963
3964
3965
3966
3967
3968
3969
3972
3973
3974
3975
3976
3977
3978
3983
3985
3986
3987
3989
3991
3993
3998
3999
4000
4001
4004
4005
4011
4013
4014
4016
4017
4018
4019
4028
4029
4030
4032
4033
4034
4035
4036
4037
4038
4044
4046
4047
4048
4049
4050
4051
4053
4054
4055
4056
4058
4060
4061
4062
4063
4064
4065
4066
4067
4068
4070
4071
4073
4074
4075
4076
4077
4090
4092
4093
4096
4097
4098
4104
4105
4107
4108
4112
4114
4117
4118
4119
4120
4121
4122
4123
4126
4128
4131
4134
4136
4137
4140
4141
4142
4143
4145
4147
4148
4151
4152
4153
4154
4155
4156
4157
4160
4165
4166
4167
4168
4171
4172
4174
4176
4180
4182
4185
4187
4188
4191
4193
4198
4200
4202
4203
4207
4208
4209
4212
4213
4215
4218
4220
4221
4222
4223
4225
4229
4230
4234
4235
4236
4237
4238
4239
4240
4241
4242
4243
4245
4246
4249
4251
4252
4253
4254
4255
4256
4257
4258
4259
4260
4261
4263
4264
4269
4270
4271
4272
4273
4274
4276
4278
4279
4280
4281
4282
4283
4284
4285
4290
4291
4295
4298
4299
4302
4304
4305
4309
4314
4315
4317
4319
4321
4322
4323
4324
4325
4326
4327
4328
4329
4331
4332
4333
4335
4339
4341
4342
4343
4344
4347
4348
4349
4350
4352
4355
4356
4358
4359
4360
4365
4366
4368
4372
4373
4375
4377
4378
4379
4381
4382
4387
4389
4390
4392
4393
4396
4397
4400
4402
4403
4405
4410
4415
4416
4417
4418
4419
4420
4421
4422
4427
4428
4429
4435
4436
4444
4445
4446
4450
4455
4456
4459
4460
4461
4462
4463
4468
4469
4472
4476
4477
4478
4480
4483
4489
4490
4492
4493
4494
4495
4497
4499
4500
4501
4502
4505
4508
4510
4513
4517
4518
4519
4520
4521
4523
4524
4525
4527
4536
4537
4538
4552
4553
4555
4557
4558
4561
4562
4571
4577
4578
4580
4585
4587
4588
4589
4590
4591
4594
4596
4597
4598
4600
4603
4605
4606
4611
4612
4613
4615
4616
4618
4619
4620
4621
4622
4623
4624
4625
4626
4627
4628
4629
4631
4634
4635
4638
4639
4640
4641
4643
4645
4648
4649
4650
4651
4652
4654
4655
4656
4657
4662
4664
4665
4666
4667
4668
4673
4674
4675
4676
4677
4678
4679
4680
4681
4682
4683
4684
4685
4686
4687
4689
4690
4691
4692
4693
4696
4697
4698
4700
4702
4703
4705
4706
4707
4710
4711
4713
4714
4715
4716
4718
4719
4720
4722
4723
4728
4729
4740
4741
4742
4744
4746
4748
4749
4750
4752
4755
4760
4761
4762
4765
4766
4769
4770
4772
4774
4775
4776
4778
4779
4780
4781
4782
4785
4786
4788
4790
4792
4794
4795
4796
4797
4799
4801
4802
4803
4804
4805
4810
4811
4812
4813
4815
4820
4821
4822
4823
4824
4825
4826
4828
4831
4832
4838
4839
4842
4846
4848
4851
4852
4853
4855
4858
4859
4863
4865
4867
4876
4877
4880
4881
4882
4883
4886
4887
4889
4892
4895
4896
4897
4899
4900
4901
4902
4909
4910
4912
4913
4914
4918
4919
4921
4922
4923
4925
4926
4927
4928
4929
4930
4931
4932
4933
4934
4935
4936
4937
4938
4939
4940
4944
4945
4946
4947
4948
4949
4952
4955
4956
4964
4965
4967
4969
4972
4973
4975
4977
4978
4979
4980
4991
4994
4995
4996
4997
4998
4999
5000
5002
5003
5004
5005
5006
5008
5009
5010
5011
5013
5015
5017
5018
5020
5021
5022
5023
5025
5026
5028
5029
5030
5037
5038
5039
5040
5042
5047
5048
5049
5050
5051
5052
5054
5055
5056
5057
5059
5061
5063
5064
5067
5069
5072
5074
5075
5076
5078
5081
5082
5083
5084
5086
5088
5089
5090
5091
5092
5095
5098
5100
5103
5104
5106
5107
5108
5110
5111
5112
5114
5115
5117
5118
5121
5122
5123
5124
5125
5126
5127
5128
5129
5131
5132
5135
5136
5138
5140
5141
5143
5144
5145
5148
5150
5151
5152
5153
5154
5155
5156
5157
5158
5159
5161
5166
5167
5168
5170
5171
5172
5178
5183
5188
5190
5193
5194
5197
5198
5200
5201
5204
5205
5209
5210
5211
5212
5213
5214
5215
5216
5217
5218
5219
5221
5222
5223
5224
5225
5226
5227
5229
5230
5231
5233
5235
5241
5246
5247
5250
5253
5256
5257
5259
5260
5262
5273
5274
5277
5283
5284
5285
5288
5289
5290
5294
5295
5297
5298
5303
5304
5305
5306
5307
5308
5310
5311
5312
5315
5316
5318
5319
5321
5322
5323
5324
5325
5326
5327
5328
5329
5330
5332
5333
5334
5335
5337
5340
5344
5346
5348
5349
5351
5353
5355
5356
5357
5359
5361
5364
5365
5366
5369
5371
5372
5373
5375
5380
5381
5382
5389
5390
5391
5392
5393
5396
5397
5399
5402
5403
5404
5405
5406
5414
5415
5416
5419
5420
5421
5422
5424
5425
5431
5432
5438
5439
5440
5441
5443
5444
5445
5446
5451
5452
5456
5457
5458
5459
5463
5464
5470
5472
5473
5474
5475
5476
5477
5478
5479
5480
5482
5483
5484
5485
5486
5487
5498
5500
5501
5502
5503
5504
5505
5506
5507
5508
5509
5511
5512
5514
5515
5516
5517
5518
5520
5521
5522
5523
5524
5525
5527
5529
5530
5533
5534
5535
5536
5539
5543
5545
5547
5548
5551
5552
5554
5555
5556
5557
5558
5563
5564
5568
5570
5571
5572
5573
5577
5578
5579
5580
5581
5582
5585
5586
5588
5591
5593
5594
5597
5599
5602
5603
5606
5608
5609
5611
5612
5618
5619
5620
5621
5622
5623
5626
5627
5630
5631
5640
5641
5644
5647
5651
5652
5653
5660
5665
5668
5669
5674
5675
5678
5689
5690
5691
5692
5693
5694
5697
5698
5699
5700
5702
5704
5705
5706
5710
5712
5715
5716
5717
5718
5719
5721
5722
5723
5724
5725
5728
5729
5730
5733
5734
5738
5739
5742
5743
5744
5747
5754
5762
5763
5764
5767
5769
5770
5771
5775
5778
5781
5782
5788
5789
5791
5793
5794
5795
5797
5805
5807
5808
5809
5810
5812
5813
5814
5818
5824
5827
5828
5829
5830
5831
5832
5833
5834
5835
5836
5837
5846
5847
5852
5853
5854
5856
5857
5858
5859
5860
5862
5863
5865
5866
5868
5869
5870
5872
5873
5874
5876
5879
5880
5882
5883
5884
5885
5886
5887
5890
5891
5894
5905
5906
5907
5908
5909
5910
5911
5913
5914
5915
5916
5921
5922
5923
5924
5926
5929
5930
5931
5932
5933
5934
5936
5937
5938
5940
5941
5946
5947
5948
5950
5951
5953
5954
5955
5962
5963
5973
5976
5977
5979
5980
5981
5982
5984
5987
5988
5989
5992
5993
5994
5995
5996
5998
6000
6003
6004
6005
6006
6007
6010
6011
6013
6017
6018
6019
6020
6021
6022
6023
6024
6025
6027
6028
6029
6030
6037
6038
6039
6040
6041
6042
6043
6044
6045
6046
6047
6048
6050
6051
6052
6053
6055
6057
6058
6059
6061
6062
6063
6070
6071
6074
6076
6081
6082
6083
6085
6086
6088
6089
6090
6091
6092
6094
6095
6096
6097
6098
6099
6100
6101
6103
6107
6108
6115
6116
6127
6128
6131
6133
6135
6137
6138
6139
6140
6142
6143
6144
6148
6151
6154
6157
6159
6163
6164
6165
6166
6167
6168
6169
6170
6171
6176
6178
6179
6183
6189
6191
6194
6195
6197
6206
6208
6210
6211
6213
6214
6215
6216
6217
6218
6221
6226
6227
6231
6235
6239
6240
6241
6243
6245
6246
6247
6248
6249
6250
6253
6255
6260
6261
6263
6264
6265
6266
6267
6268
6269
6270
6271
6272
6273
6275
6276
6277
6291
6292
6294
6297
6299
6302
6303
6304
6305
6311
6312
6313
6314
6315
6318
6321
6323
6327
6328
6329
6331
6333
6334
6335
6336
6339
6341
6345
6346
6347
6349
6350
6351
6353
6355
6359
6360
6361
6362
6363
6364
6366
6367
6368
6371
6372
6373
6374
6375
6376
6379
6380
6381
6382
6383
6384
6385
6386
6388
6390
6391
6392
6396
6399
6400
6401
6402
6405
6407
6411
6412
6413
6422
6423
6424
6425
6426
6428
6430
6434
6435
6436
6437
6439
6442
6444
6446
6447
6449
6462
6463
6465
6466
6468
6469
6471
6474
6475
6477
6478
6479
6480
6482
6483
6488
6489
6491
6500
6505
6506
6507
6508
6509
6510
6511
6512
6514
6515
6516
6517
6518
6519
6520
6521
6522
6523
6524
6525
6527
6528
6529
6532
6533
6535
6536
6537
6538
6540
6541
6543
6544
6545
6546
6547
6551
6553
6554
6555
6556
6557
6560
6561
6562
6564
6566
6572
6573
6574
6576
6580
6583
6589
6590
6595
6596
6597
6598
6600
6601
6602
6603
6604
6605
6606
6613
6614
6618
6620
6621
6622
6623
6624
6625
6630
6632
6637
6638
6639
6640
6641
6642
6643
6644
6661
6662
6663
6664
6668
6669
6671
6672
6673
6674
6676
6677
6678
6680
6681
6682
6683
6684
6688
6689
6690
6691
6694
6695
6697
6704
6705
6706
6710
6713
6719
6723
6728
6729
6730
6731
6734
6735
6739
6740
6742
6743
6744
6749
6751
6752
6753
6755
6756
6757
6758
6759
6760
6761
6763
6766
6767
6769
6770
6771
6772
6774
6776
6779
6785
6787
6788
6795
6796
6798
6799
6800
6801
6802
6803
6805
6808
6810
6812
6814
6815
6817
6818
6820
6827
6828
6829
6832
6834
6835
6836
6837
6838
6842
6843
6844
6845
6846
6848
6849
6850
6851
6852
6853
6854
6855
6856
6857
6858
6859
6862
6863
6864
6865
6866
6867
6868
6869
6870
6871
6872
6873
6874
6879
6880
6881
6882
6883
6884
6891
6894
6896
6902
6903
6904
6906
6910
6911
6912
6914
6922
6923
6925
6926
6927
6928
6931
6932
6933
6934
6936
6937
6938
6941
6942
6945
6946
6948
6949
6950
6951
6952
6953
6954
6955
6957
6958
6959
6960
6961
6962
6963
6964
6966
6967
6969
6971
6973
6977
6978
6980
6981
6983
6984
6985
6987
6988
6990
6991
6992
6993
6998
6999
7000
7004
7005
7006
7008
7010
7011
7012
7014
7022
7025
7026
7027
7028
7032
7034
7035
7036
7037
7042
7051
7052
7054
7056
7057
7058
7060
7061
7063
7064
7065
7066
7067
7069
7071
7075
7080
7081
7082
7083
7084
7085
7086
7087
7089
7093
7094
7096
7097
7100
7101
7102
7103
7106
7112
7113
7114
7115
7116
7117
7119
7120
7121
7122
7123
7124
7125
7128
7129
7130
7131
7133
7134
7135
7136
7137
7138
7140
7141
7143
7144
7145
7147
7148
7149
7150
7151
7152
7154
7156
7157
7158
7161
7162
7163
7164
7165
7169
7170
7171
7176
7178
7179
7184
7186
7188
7189
7190
7191
7192
7193
7194
7195
7196
7199
7200
7202
7204
7206
7207
7208
7210
7212
7213
7214
7215
7217
7218
7219
7220
7237
7239
7240
7241
7257
7261
7262
7263
7264
7265
7266
7267
7272
7273
7274
7275
7277
7279
7280
7283
7284
7285
7286
7287
7288
7289
7290
7293
7294
7295
7296
7297
7300
7301
7302
7303
7304
7305
7306
7309
7312
7314
7315
7316
7317
7318
7319
7320
7321
7323
7324
7325
7326
7328
7329
7330
7331
7332
7333
7334
7335
7336
7337
7338
7339
7340
7341
7342
7343
7344
7345
7346
7348
7349
7350
7352
7353
7354
7355
7356
7357
7358
7360
7361
7362
7364
7366
7367
7368
7369
7370
7371
7374
7375
7376
7377
7380
7383
7385
7387
7388
7393
7394
7395
7396
7397
7399
7400
7401
7402
7404
7405
7406
7411
7412
7413
7414
7415
7416
7417
7418
7419
7420
7421
7422
7423
7424
7426
7427
7428
7429
7430
7440
7443
7444
7449
7450
7452
7453
7455
7456
7458
7459
7463
7464
7465
7466
7467
7468
7470
7472
7474
7475
7476
7485
7489
7491
7492
7493
7495
7496
7497
7501
7502
7504
7505
7506
7508
7511
7512
7517
7518
7528
7529
7530
7533
7536
7539
7540
7541
7542
7544
7546
7547
7548
7551
7552
7553
7554
7565
7567
7568
7569
7571
7572
7576
7577
7581
7582
7585
7590
7591
7592
7593
7594
7595
7596
7597
7598
7599
7600
7602
7604
7607
7611
7613
7614
7620
7622
7626
7632
7637
7638
7646
7647
7648
7649
7650
7651
7658
7659
7660
7665
7666
7669
7672
7675
7676
7677
7681
7686
7689
7690
7692
7694
7695
7697
7698
7703
7709
7712
7714
7715
7716
7717
7722
7723
7724
7725
7726
7727
7728
7729
7730
7731
7732
7734
7738
7739
7743
7745
7746
7748
7749
7750
7751
7752
7753
7754
7755
7756
7757
7759
7762
7765
7767
7768
7769
7771
7775
7776
7778
7779
7780
7781
7782
7785
7788
7790
7791
7792
7796
7797
7798
7799
7800
7801
7802
7805
7807
7809
7811
7812
7815
7818
7819
7822
7825
7834
7836
7838
7839
7841
7843
7846
7847
7848
7849
7851
7852
7853
7854
7855
7856
7857
7858
7859
7862
7863
7864
7865
7866
7867
7868
7869
7871
7872
7873
7874
7875
7877
7878
7879
7880
7881
7882
7884
7885
7886
7887
7888
7889
7890
7893
7895
7904
7907
7911
7913
7914
7915
7917
7920
7924
7925
7926
7928
7933
7934
7936
7937
7938
7940
7941
7945
7946
7948
7950
7951
7952
7953
7954
7955
7957
7958
7960
7961
7962
7963
7964
7967
7968
7969
7971
7972
7973
7975
7978
7979
7980
7985
7993
7994
7998
7999
8000
8001
8003
8005
8006
8008
8009
8010
8012
8013
8014
8015
8017
8018
8020
8021
8023
8024
8026
8027
8028
8030
8037
8038
8039
8043
8044
8045
8046
8048
8056
8060
8061
8067
8068
8070
8071
8076
8078
8083
8090
8091
8092
8093
8094
8096
8097
