IJC_SAMPLE_1	SJC_SAMPLE_1	IJC_SAMPLE_2	SJC_SAMPLE_2	IncFormLen	SkipFormLen
25	60	73	101	298	149
399	86	197	29	298	149
7	141	26	359	298	149
89	169	127	238	298	149
19	197	51	326	298	149
17	20	20	28	273	149
29	158	27	274	298	149
65	62	79	161	298	149
1	29	0	48	298	149
124	44	616	86	298	149
18	253	7	272	217	149
11	313	23	191	217	149
14	5	23	67	298	149
50	215	114	126	220	149
23	98	127	97	298	149
234	0	379	9	298	149
216	2	391	7	298	149
239	0	399	11	298	149
109	333	270	365	228	149
0	11	33	0	298	149
233	320	116	220	298	149
11	64	28	43	298	149
126	178	175	279	298	149
4	98	10	300	298	149
246	73	1304	340	298	149
0	18	22	0	298	149
3	3	25	20	298	149
2	33	30	165	225	149
47	28	199	89	298	149
190	103	746	337	298	149
0	2	7	0	298	149
6	1	13	156	298	149
26	82	48	82	236	149
0	2	13	13	298	149
6	259	47	1571	298	149
2	99	0	150	264	149
9	262	2	225	235	149
0	2	6	0	298	149
4	10	12	16	298	149
61	30	314	148	298	149
61	43	319	211	298	149
201	70	310	68	298	149
407	69	616	22	298	149
1	2	31	0	298	149
33	19	38	23	298	149
9	28	0	53	298	149
66	4	67	0	267	149
5	412	18	453	230	149
25	16	17	0	298	149
25	80	4	41	269	149
101	56	28	28	284	149
138	79	39	22	298	149
24	36	63	58	298	149
4	28	0	111	298	149
4	2	30	6	261	149
2	3	1	41	298	149
15	0	16	13	298	149
3	31	2	42	298	149
4	0	12	69	298	149
130	6	158	0	298	149
1	10	14	79	298	149
77	28	0	1	298	149
0	41	7	128	298	149
58	215	189	259	278	149
33	249	133	264	233	149
16	397	88	381	239	149
245	268	333	227	298	149
479	9	557	5	298	149
7	71	7	124	298	149
6	29	150	63	298	149
45	1833	34	1501	278	149
21	0	98	38	298	149
1	18	0	4	298	149
1871	2	2635	0	298	149
637	19789	680	26836	298	149
23	24	31	52	298	149
4	48	93	499	237	149
247	846	383	687	239	149
508	1004	775	634	298	149
15	348	19	435	253	149
77	464	57	377	235	149
1	2	48	29	256	149
23	0	4	16	298	149
3	0	566	7	298	149
10	83	8	176	227	149
2	118	90	120	298	149
42	166	155	644	265	149
7	14	22	38	298	149
0	537	1	357	272	149
8	651	20	381	287	149
36	387	45	530	298	149
200	478	267	659	298	149
201	41374	267	60342	298	149
109	14	179	15	290	149
190	0	260	9	298	149
121	39985	151	57053	298	149
1311	17	1486	16	298	149
563	44545	672	51538	298	149
1022	29768	1129	28903	298	149
187	4	314	0	298	149
157	33443	263	31258	298	149
130	448	188	458	241	149
57	693	0	154	298	149
21	143	31	433	298	149
121	12066	181	8628	298	149
7	3	68	70	298	149
6	7	57	5	298	149
6	211	0	57	298	149
4	2	28	0	258	149
58	145	103	253	298	149
5	72	37	129	298	149
55	0	147	3	298	149
0	12	24	149	298	149
39	316	16	182	287	149
3	2	12	0	234	149
71	5	149	19	281	149
12	77	212	334	298	149
10	5	255	23	298	149
8	4	196	7	298	149
8	4	190	31	298	149
17	161	13	130	255	149
47	612	99	705	298	149
13	6	95	0	298	149
15	1349	60	1900	285	149
122	620	263	696	288	149
16	984	44	826	298	149
100	14883	210	14721	252	149
215	16748	248	19284	244	149
506	14525	487	19619	298	149
10716	530	14163	510	298	149
5	105	3	145	242	149
73	325	190	1210	298	149
3	0	29	21	298	149
64	187	61	340	260	149
24	164	26	11	298	149
165	40	11	0	221	149
3	69	0	18	222	149
11	132	68	93	298	149
0	2	81	1787	240	149
60	235	80	246	224	149
2	193	39	499	225	149
4	49	55	1063	298	149
45	1211	132	1678	298	149
12	147	27	229	298	149
174	1839	384	5532	298	149
0	7	35	46	230	149
141	653	0	1	236	149
25	4	0	5	239	149
25	4	0	8	236	149
29	101	5	123	298	149
38	149	58	109	298	149
85	53	113	122	298	149
78	4	153	4	298	149
104	39	229	34	298	149
0	11	4	69	283	149
18	7	57	0	298	149
82	693	24	1170	285	149
95	8	55	12	298	149
128	859	82	1224	238	149
0	3	27	347	259	149
3	4	140	153	298	149
2	9	157	231	267	149
2	4	157	426	275	149
63	679	15	165	246	149
84	156	15	38	249	149
184	5075	6	163	298	149
594	2831	7	49	294	149
12	66	0	42	239	149
0	2	6	0	298	149
8	37	19	35	263	149
142	307	125	345	234	149
36	1095	69	1098	237	149
5	13	33	31	298	149
52	426	30	351	263	149
0	498	39	259	232	149
18	170	53	177	219	149
20	95	74	105	298	149
0	28	35	101	223	149
11	25	56	59	229	149
1	21	14	142	223	149
35	190	53	99	252	149
31	18	56	0	298	149
4	60	9	118	297	149
102	49	413	187	298	149
0	288	7	473	259	149
505	513	397	374	298	149
694	217	489	185	298	149
55	12	76	0	298	149
56	493	80	221	298	149
151	9939	72	13184	233	149
3440	0	2521	11	279	149
30	27	24	82	248	149
0	64	7	72	253	149
4	7	51	0	298	149
29	0	86	1	298	149
9886	0	18302	14	266	149
0	18	23	12	258	149
16	11	15	15	245	149
0	204	22	133	289	149
87	65	430	318	298	149
59	20	182	73	269	149
11	0	34	13	298	149
939	26	761	110	298	149
6	10	35	0	298	149
6	26	35	34	298	149
3	374	14	560	244	149
13	367	80	4250	298	149
199	434	44	7	298	149
5	32	2	70	298	149
42	349	77	272	229	149
22	398	0	189	298	149
16	136	0	238	236	149
5	0	26	12	298	149
11	146	41	140	246	149
47	152	34	81	298	149
1	110	0	132	242	149
5	0	0	50	245	149
109	71	190	92	238	149
118	0	225	8	249	149
2	40	0	29	217	149
43	71	33	103	298	149
4	429	0	127	298	149
0	4	13	122	238	149
25	122	101	428	298	149
42	1	295	0	298	149
365	12	238	0	298	149
56	359	29	176	289	149
30	0	34	14	296	149
29	2	27	16	263	149
464	105	343	46	298	149
0	149	3	132	252	149
91	25	365	295	298	149
3	44	6	150	298	149
27	0	103	18	298	149
4	90	65	206	235	149
12	53	173	444	298	149
38	41	69	53	235	149
13	68	79	114	232	149
15	36	0	73	298	149
326	411	756	1320	240	149
35	174	177	118	298	149
36	0	149	21	243	149
30	0	118	25	224	149
9	440	2	423	236	149
14	18	30	309	298	149
7	41	32	69	298	149
1264	4	1298	0	298	149
1199	6	1038	0	298	149
5	60	120	277	298	149
0	42	79	338	270	149
11	40	78	402	231	149
202	25324	176	20559	298	149
14	325	63	200	298	149
331	436	8	1	298	149
11	146	97	678	298	149
24	190	252	841	255	149
84	58	393	327	298	149
13	2	20	50	236	149
12	0	82	7	298	149
0	50	19	56	249	149
10	10	0	42	269	149
83	2885	97	1540	298	149
48	131	62	38	298	149
29	53	40	59	290	149
88	551	13	202	298	149
18	22	20	35	232	149
18	2	20	0	236	149
78	645	88	429	298	149
8	44	15	139	298	149
55	527	74	1098	298	149
385	2	521	4	298	149
33	27	0	104	298	149
100	0	121	9	298	149
11	388	50	265	298	149
48	284	27	265	298	149
11	173	21	135	298	149
17	392	75	642	232	149
4867	0	10140	1	150	149
268	4702	777	9898	298	149
75	232	56	259	228	149
90	734	138	776	252	149
36	0	30	7	298	149
36	0	30	8	298	149
10	10800	1	15263	298	149
1112	19	1314	19	298	149
20	15682	21	14441	244	149
19	1316	21	1622	298	149
11	1022	3	965	298	149
35	1221	21	804	217	149
235	942	90	412	298	149
19	21	83	36	298	149
1672	3042	628	490	298	149
4	1	2	3	298	149
36	3	142	0	298	149
16	664	20	943	298	149
0	65	18	236	233	149
734	108	503	0	298	149
8	103	27	668	232	149
0	84	11	443	242	149
8	63	87	380	238	149
50	353	14	119	298	149
42	662	0	103	223	149
102	801	11	100	298	149
76	150	105	150	215	149
15	51	27	256	298	149
50	126	62	43	219	149
144	104	93	25	254	149
36	355	0	88	271	149
45	331	150	250	220	149
5	15	24	77	298	149
10	73	0	87	298	149
113	4	726	0	298	149
0	3	30	28	298	149
763	54	164	16	298	149
807	49	169	10	298	149
324	930	69	100	298	149
26	2976	7	6199	246	149
93	181	74	281	298	149
0	11	57	51	298	149
18	232	51	871	265	149
29	4	36	0	286	149
3	4	0	70	285	149
24	133	149	269	298	149
2	54	58	93	298	149
134	412	116	210	298	149
195	5	255	0	281	149
6	113	151	590	298	149
4	103	69	900	223	149
11	204	235	1171	298	149
12	0	156	6	298	149
6	277	58	1328	298	149
7	240	53	1089	298	149
30	368	204	1360	298	149
69	392	279	1523	298	149
174	836	548	2169	298	149
144	0	479	4	298	149
3	32	15	53	298	149
10	20	4	56	225	149
0	60	12	566	260	149
0	56	61	417	264	149
0	8	17	16	298	149
6	2	52	0	267	149
26	19	13	24	298	149
26	0	13	9	298	149
5	7	13	0	298	149
9	75	13	64	298	149
21	91	63	31	234	149
41	81	53	90	254	149
73	26	66	49	298	149
73	19	66	46	298	149
82	4	66	0	298	149
4	2	0	17	298	149
5	3	9	0	298	149
0	18	25	328	298	149
8	0	16	48	298	149
1	13	32	0	285	149
2	6	0	11	298	149
2	2	0	16	298	149
2	0	11	30	298	149
461	55	405	59	298	149
22	233	12	238	261	149
44	121	43	64	298	149
19	0	0	6	298	149
160	6	144	22	298	149
14	2	20	5	298	149
790	21	805	17	264	149
853	120	1088	80	298	149
44	362	102	371	298	149
133	1	236	12	298	149
49	232	72	348	255	149
138	464	60	226	298	149
289	1452	192	554	298	149
226	6	184	8	298	149
380	5232	407	4258	298	149
11	38	10	10	298	149
20	39	53	132	236	149
0	67	11	116	298	149
10	192	65	210	298	149
10	13	56	0	298	149
104	80	6	0	247	149
254	133	83	0	298	149
616	531	208	117	271	149
1464	56	573	0	298	149
69	68	93	187	298	149
162	8	262	8	298	149
14	85	51	157	241	149
0	64	6	308	298	149
0	79	8	213	298	149
6	182	28	552	298	149
0	10	18	0	298	149
0	9	11	4	298	149
2	84	31	662	298	149
5	29	60	38	240	149
13	0	98	5	298	149
8	26	0	9	219	149
12	3	19	14	224	149
5	49	64	168	298	149
10	0	11	4	298	149
0	9	5	239	298	149
7	45	3	190	298	149
272	82	349	58	298	149
218	574	322	332	298	149
77	0	65	9	298	149
84	762	78	525	298	149
21	563	21	245	298	149
128	338	224	167	224	149
101	310	329	140	298	149
106	9	231	0	298	149
70	140	235	51	298	149
234	10404	100	841	224	149
160	10	72	0	210	149
334	8	177	0	298	149
226	6422	157	525	244	149
242	3949	74	436	226	149
111	3870	5	563	244	149
161	2689	135	561	298	149
320	11129	121	4255	298	149
535	9867	260	3960	298	149
167	6038	182	3183	277	149
113	4712	34	3960	298	149
105	1406	21	1974	298	149
20	78	43	166	219	149
58	116	84	198	298	149
58	2	76	0	298	149
293	2	571	0	215	149
13	168	166	271	225	149
15	0	200	28	231	149
10	13	0	32	298	149
10	11	17	57	298	149
4	27	22	47	298	149
11	2	6	14	298	149
7	33	5	195	298	149
0	9	16	18	298	149
11313	1	27679	0	257	149
87	2374	431	9957	228	149
44	2	195	13	285	149
50	1906	245	10118	298	149
11	2	92	13	248	149
1276	15	6848	73	298	149
0	10	31	16	280	149
48	12	28	14	298	149
27	48	103	213	298	149
32	117	196	358	298	149
5	17	159	120	298	149
411	12	1130	0	298	149
11	12	60	110	298	149
27	166	87	156	226	149
19	0	12	15	243	149
6	1	45	0	298	149
13	54	50	90	298	149
9	17	4	58	221	149
12	4	34	0	271	149
12	4	54	36	298	149
26	64	24	108	298	149
373	15	919	23	298	149
32	8	133	0	298	149
12	329	107	293	298	149
19	107	105	282	298	149
27	389	177	271	263	149
13	26	0	96	247	149
54	2	78	0	298	149
56	72	38	111	298	149
89	16	222	40	298	149
70	2	175	4	298	149
78	15	175	0	298	149
17	20	32	95	280	149
4	21	21	167	298	149
21	7	87	61	298	149
13	22	24	49	247	149
22	0	55	56	298	149
53	151	39	190	298	149
0	26	27	25	298	149
8	78	0	46	229	149
2	7	3	30	298	149
9	4	36	34	298	149
0	89	49	347	298	149
13	1	191	31	298	149
3	27	4	235	298	149
0	26	10	149	298	149
13	106	15	179	240	149
0	21	20	82	298	149
37	125	59	422	238	149
72	2157	292	6848	232	149
10	11	72	24	298	149
5	19	43	26	298	149
0	21	20	46	298	149
0	4	12	0	298	149
0	3	14	31	298	149
6	5	14	0	298	149
0	14	9	75	298	149
13	29	60	156	298	149
107	539	210	672	298	149
14	602	26	643	229	149
225	124	348	166	277	149
56	462	131	473	226	149
354	330	716	413	298	149
133	95	128	39	298	149
0	40	14	225	249	149
3	68	0	125	227	149
19	48	99	90	241	149
6	139	17	218	229	149
1	59	89	2980	241	149
0	33	64	1346	251	149
1	2	67	331	221	149
65	26	133	49	298	149
25	939	0	180	298	149
151	768	103	121	298	149
49	666	11	199	298	149
85	6	63	0	273	149
122	3	715	13	298	149
25	88	32	97	298	149
135	146	139	82	298	149
0	4	267	123	298	149
6	8	9	25	298	149
13	235	8	435	298	149
62	169	152	151	298	149
13	512	115	3022	272	149
8	45	31	146	298	149
94	146	16	13	298	149
16	2	57	0	265	149
193	5	320	18	298	149
11	88	2	342	255	149
23	83	136	413	298	149
5	15	36	136	298	149
0	27	8	191	298	149
5	102	10	241	264	149
22	82	10	111	298	149
12	142	6	184	232	149
17	8	35	36	298	149
9	0	79	7	298	149
39	84	109	351	298	149
19	127	81	600	298	149
21	174	9	526	298	149
281	0	453	28	298	149
0	67	35	113	250	149
18	295	52	607	298	149
15	7	27	12	298	149
150	7088	150	6970	295	149
0	1	14	67	267	149
79	33	87	22	298	149
45	40	56	60	298	149
0	61	60	100	293	149
36	250	43	632	298	149
16	167	93	618	298	149
22	150	26	567	298	149
9	29	9	213	298	149
306	232	96	23	298	149
769	16008	967	24023	298	149
687	2	1322	3	298	149
33	2	21	10	271	149
7	59	6	121	298	149
3	125	0	177	298	149
9	0	18	5	298	149
9	0	18	10	298	149
9	5	34	65	298	149
9	0	51	12	298	149
94	371	49	264	224	149
34	327	28	196	298	149
1405	7	1292	0	278	149
0	22	48	401	221	149
14	17	20	38	298	149
64	1	174	23	298	149
50	0	107	8	298	149
11	0	17	10	298	149
4	122	11	62	298	149
47	515	2	288	218	149
5	30	15	315	243	149
1	15	40	137	298	149
6	16	23	128	298	149
11	0	47	5	234	149
5	64	0	179	276	149
17	46	37	122	229	149
0	34	22	127	261	149
23	55	26	72	298	149
96	119	122	157	298	149
0	113	5	166	298	149
16	110	252	796	298	149
2	134	0	48	231	149
28	29	115	24	298	149
0	12	3	80	298	149
45	468	85	569	230	149
30	438	70	620	284	149
39	444	179	815	232	149
322	4	936	16	298	149
72	377	231	878	232	149
3	62	107	293	298	149
1	13	38	29	298	149
3	0	78	43	298	149
54	26	77	55	253	149
149	31	54	0	298	149
9	19	62	94	298	149
2	10	0	414	224	149
17	38	82	27	244	149
27	2	77	16	298	149
12	18	36	60	298	149
36	4	148	0	247	149
2	20	33	206	250	149
2	7	33	0	232	149
11	46	12	85	298	149
33	44	147	96	298	149
25	117	65	197	298	149
16	195	6	267	246	149
578	296	282	109	298	149
3	18	28	91	251	149
6	41	47	159	298	149
13	31	68	43	245	149
0	68	35	121	287	149
7	29	75	43	226	149
41	575	9	307	298	149
174	12	72	0	263	149
32	657	8	304	236	149
184	164	173	221	298	149
14	169	50	220	240	149
41	142	74	267	298	149
87	3814	45	3212	245	149
6	21	0	46	298	149
1017	334	47	0	298	149
14	152	40	484	298	149
71	0	157	14	298	149
72	12	104	8	298	149
61	125	181	241	298	149
5	168	92	183	298	149
13	172	4	134	287	149
8	11	25	28	298	149
60	454	48	542	265	149
22	5	90	70	298	149
3	16	26	105	298	149
29	37	203	92	298	149
4	46	16	52	292	149
128	6	157	0	298	149
0	39	9	55	250	149
5	8	0	26	219	149
19	2	50	0	298	149
0	24	15	75	298	149
16	289	15	108	232	149
6	88	35	61	298	149
10	136	0	119	279	149
60	165	109	57	298	149
105	143	104	153	298	149
515	3	459	0	298	149
0	11	28	95	298	149
3	85	10	103	298	149
77	393	45	418	298	149
10	134	49	85	225	149
23	5	108	0	244	149
182	191	246	155	220	149
251	308	363	178	298	149
1355	2	1299	0	249	149
346	45586	387	34447	298	149
650	26458	423	16723	298	149
60120	471	38250	339	290	149
15	89	18	67	298	149
13	85	30	100	298	149
4	0	11	16	250	149
6	0	5	15	298	149
6	348	46	289	298	149
6	8	42	6	298	149
58	17	65	61	298	149
3	57	13	144	298	149
0	194	12	94	249	149
85	3	40	7	298	149
69	364	72	243	298	149
81	2004	270	5778	298	149
99	1945	341	6831	298	149
29	47	83	8	237	149
68	11	144	35	232	149
0	4	39	19	275	149
32	90	84	116	298	149
6	82	0	59	241	149
70	57	136	109	292	149
86	0	134	20	298	149
1	3	62	0	298	149
0	16	53	14	298	149
0	33	34	127	298	149
45	25	86	82	298	149
4	6	45	8	298	149
6	8	13	8	298	149
13	78	30	77	298	149
3	22	39	41	298	149
148	1194	33	620	298	149
54	859	42	375	298	149
57	382	49	107	298	149
9	344	32	332	298	149
3	6	0	40	242	149
0	32	6	89	270	149
4	40	7	18	222	149
4	0	7	3	192	149
95	10	181	15	298	149
16	61	37	116	226	149
12	198	66	247	257	149
2	0	34	3667	298	149
47	1424	43	760	298	149
26	16	31	36	288	149
12	1548	0	505	243	149
90	90	188	168	287	149
29	31	45	43	240	149
129	4	140	4	298	149
1	144	0	171	298	149
46	35	72	37	237	149
80	23	81	0	298	149
78	80	113	53	298	149
0	38	10	170	236	149
11	10	17	23	298	149
0	2	8	17	298	149
5	8	0	5	293	149
8	77	0	80	223	149
4	243	41	421	298	149
4085	40	89	8	298	149
8918	176109	207	10874	298	149
8	54	0	86	298	149
9	18	32	42	298	149
22	284	0	438	258	149
0	25	10	86	291	149
67	35	141	160	298	149
1	110	14	265	225	149
2	0	24	9	225	149
0	4	46	69	298	149
0	2	19	30	245	149
3	0	148	52	298	149
15	17	36	68	290	149
22	1	42	11	243	149
0	32	14	49	244	149
15	672	12	1908	298	149
26	764	86	1530	298	149
8	4	0	9	244	149
45	206	154	649	298	149
34	134	75	742	242	149
16	3	102	6	298	149
142	395	140	588	298	149
78	749	116	767	236	149
0	13	19	23	232	149
48	242	59	424	298	149
98	7	130	4	298	149
13	111	55	111	274	149
8	26	41	101	236	149
0	268	14	520	298	149
4	7	28	0	298	149
438	0	373	5	298	149
611	4	510	12	298	149
800	18	537	81	298	149
653	1	574	0	298	149
624	0	588	8	298	149
48	255	147	321	277	149
4	207	58	351	243	149
6	0	94	4	298	149
8	104	59	252	229	149
5	126	10	348	298	149
3	2	16	0	298	149
0	110	10	399	298	149
38	19	261	153	298	149
44	53	56	47	298	149
76	811	20	664	298	149
2	27	0	71	298	149
9	0	15	33	298	149
0	4	10	98	283	149
0	6	75	166	298	149
17	42	44	58	228	149
30	69	71	137	257	149
373	9	473	0	257	149
3	44	35	108	276	149
16	73	54	103	220	149
11	38	4	47	298	149
5	126	22	215	298	149
21	9	51	25	224	149
129	10	33	1	298	149
983	394	273	35	298	149
772	1742	175	145	245	149
1768	3569	212	555	287	149
22469	104	1729	29	298	149
24	101	37	13	223	149
17	206	44	101	233	149
0	47	7	342	298	149
8	2	15	21	298	149
0	11	8	0	262	149
11	32	15	125	227	149
73	39	61	50	239	149
0	6	10	8	298	149
4	1	8	8	223	149
4	79	15	168	236	149
3	192	45	146	264	149
1	68	0	49	289	149
4	2	22	18	239	149
21	15	1	51	298	149
10	12	0	5	298	149
3	48	0	150	228	149
27	7	75	13	298	149
12	383	8	261	236	149
3	8	11	101	238	149
133	1207	25	838	298	149
53	797	45	357	298	149
25	81	9	166	298	149
0	414	30	761	298	149
45	1235	35	757	236	149
65	78	220	162	298	149
44	870	31	632	228	149
51	985	71	538	280	149
57	834	78	497	225	149
6	10	17	166	229	149
0	3	90	213	221	149
0	6	7	221	298	149
2	0	305	60	298	149
6	58	36	21	226	149
37	197	98	246	237	149
33	144	75	324	228	149
42	24	73	0	277	149
101	108	67	177	298	149
10	175	0	476	265	149
8	178	41	486	225	149
15	0	37	9	298	149
9	117	21	282	235	149
11	3	21	0	238	149
16	1	38	43	298	149
40	93	18	301	298	149
34	78	58	382	222	149
51	31	89	54	239	149
138	59	406	91	231	149
181	15	491	62	263	149
2	193	0	306	230	149
31	154	106	247	253	149
38	0	159	2	298	149
29	219	145	211	285	149
3	0	57	5	298	149
3	0	37	21	298	149
12	31	16	205	223	149
169	1189	67	268	298	149
19	101	65	87	298	149
70	95	26	30	298	149
134	13	33	0	298	149
113	15	16	0	205	149
67	2110	21	98	298	149
71	24	32	18	298	149
67	43	32	24	298	149
52	511	108	410	298	149
4	341	0	370	298	149
9	14	60	22	298	149
189	13	370	0	298	149
195	783	364	619	298	149
74	0	182	26	298	149
1	118	33	215	225	149
39	0	63	12	298	149
24	64	51	64	270	149
7	294	31	444	298	149
6	3	9	0	231	149
4	1	57	0	298	149
1142	100	1213	28	298	149
38	0	85	5	298	149
4	0	19	37	298	149
29	49	35	203	298	149
40	153	92	298	298	149
31	24	26	59	298	149
45	24	39	121	298	149
20	226	17	262	298	149
32	31	65	120	298	149
19	23	94	82	298	149
40	13	100	12	298	149
62	341	93	327	298	149
29	6	63	0	298	149
26	11	40	0	298	149
2	251	17	235	261	149
0	37	68	70	298	149
74	34	231	77	285	149
59	2	196	50	298	149
31	9	142	23	247	149
9	14	77	47	298	149
22	2	14	0	298	149
187	12	167	41	298	149
6	415	38	2710	298	149
305	792	390	545	256	149
479	237	835	39	234	149
251	242	266	226	298	149
2	188	22	316	298	149
57	219	206	848	298	149
9	118	5	426	298	149
87	54	250	95	298	149
44	3	163	14	298	149
2	99	12	82	233	149
9	8	45	21	263	149
30	186	106	274	298	149
22	203	46	326	225	149
20	293	130	241	255	149
56	30	124	65	298	149
3	199	70	845	298	149
9	0	23	8	298	149
230	3441	224	7862	298	149
90	4183	58	13947	298	149
164	2942	622	12344	298	149
363	8953	436	9813	298	149
17	4	85	18	298	149
62	1496	153	2289	298	149
8	1448	12	3081	298	149
0	4	28	980	231	149
9	1798	243	19787	298	149
6	257	26	646	298	149
264	46	366	29	298	149
64	99	155	169	298	149
6	107	11	294	268	149
14	12	11	0	298	149
23	65	52	148	288	149
12	8	52	0	253	149
12	14	52	6	249	149
4	623	22	35	298	149
56	2339	70	1889	290	149
6	8	11	34	242	149
13	1	43	16	298	149
10	35	51	117	225	149
12	98	7	52	298	149
27	30	2	52	298	149
0	45	11	81	298	149
0	171	49	152	298	149
7	50	12	50	222	149
18	9	58	0	298	149
73	1	77	20	298	149
18	27	34	6	298	149
11	97	19	131	249	149
43	173	59	101	298	149
79	180	84	149	226	149
3	112	5	311	237	149
91	8	244	37	298	149
10	1437	30	5022	298	149
6	40	10	54	228	149
3	503	21	1562	268	149
10	16	76	37	298	149
27	22	77	42	298	149
2	49	1	174	298	149
14	51	6	230	298	149
2	16	5	243	298	149
0	19	17	10	236	149
10	15	5	5	298	149
5	57	9	218	298	149
9	5	8	37	226	149
8	11	0	91	298	149
12	10	43	36	298	149
33	119	99	71	231	149
42	108	81	140	298	149
56	87	68	136	288	149
20	54	26	111	222	149
24030	234	14062	121	254	149
18	215	86	1116	238	149
25	155	72	812	298	149
92	289	136	874	298	149
24	46	52	116	225	149
10	57	4	118	255	149
26	190	17	258	298	149
9	73	16	114	298	149
2	83	22	179	298	149
3	21	2	24	298	149
0	5	2	0	298	149
2	0	0	15	246	149
263	254	12	14	298	149
0	24	9	481	221	149
0	18	37	603	272	149
51	0	217	24	298	149
1	39	13	213	277	149
0	65	20	494	296	149
685	3	18	0	298	149
1	16	0	109	298	149
4	15	23	137	298	149
0	124	10	641	298	149
5	209	8	355	244	149
12	175	0	356	276	149
61	515	105	498	298	149
65	806	80	795	280	149
50	1	95	0	298	149
67	1262	89	1154	298	149
0	3	16	5	217	149
0	358	25	649	246	149
7	447	50	472	233	149
79	620	162	549	239	149
115	6	138	0	298	149
100	881	59	668	222	149
31	1379	37	784	227	149
4	62	0	251	298	149
0	27	19	43	298	149
10	152	27	15	298	149
14	272	43	300	298	149
70	2	620	12	298	149
50	766	101	1348	298	149
38	3	18	0	298	149
42	198	18	147	298	149
46	115	18	69	298	149
73	0	44	4	298	149
4	0	26	18	298	149
23	22	19	14	298	149
471	0	640	4	298	149
3	252	3	87	298	149
0	12	28	92	298	149
258	572	155	515	298	149
30	0	122	10	298	149
41	4	182	62	298	149
2	3	22	26	298	149
31	81	144	46	298	149
12	45	28	67	298	149
84	32	66	52	298	149
52	91	0	157	298	149
23	92	10	132	243	149
66	55	117	64	298	149
13	2	52	0	298	149
169	2	180	0	298	149
0	5	1	123	234	149
40	1	102	0	298	149
35	23	95	28	298	149
6	10	0	70	298	149
6	28	0	157	298	149
75	321	31	182	298	149
39	932	198	4891	298	149
11	499	210	5096	298	149
0	319	68	2413	298	149
7	313	192	2882	298	149
0	133	45	435	230	149
0	32	4	150	247	149
3	24	10	189	298	149
4	724	0	196	222	149
85	181	243	197	221	149
1682	22	1394	0	298	149
138	1318	120	1403	256	149
3	108	13	319	298	149
9	6	28	0	298	149
3	77	0	127	298	149
7	286	18	390	298	149
4	19	69	95	298	149
0	36	47	94	282	149
21	0	194	8	298	149
29	205	95	228	298	149
17	82	53	96	298	149
9	77	3	158	254	149
8	27	90	49	298	149
6	10	90	23	263	149
64	217	88	345	298	149
35	130	29	103	223	149
11	73	26	52	225	149
4	45	0	67	235	149
4	57	0	56	277	149
6	44	0	124	229	149
152	217	348	327	298	149
143	1034	250	1707	298	149
101	2	122	0	298	149
10	1059	33	2022	236	149
95	1447	195	3444	298	149
124	0	263	23	298	149
440	10	848	0	298	149
222	1641	389	3973	298	149
158	37	299	220	298	149
205	13	291	0	271	149
205	59	286	23	298	149
3	242	2	112	236	149
73	88	114	190	298	149
43	101	127	239	298	149
21	53	185	206	298	149
50	141	77	335	230	149
28	164	10	393	226	149
60	50	286	332	298	149
191	54	105	199	263	149
192	0	174	57	298	149
112	34	300	192	298	149
10	157	44	271	298	149
53	269	91	117	295	149
0	4	5	74	298	149
61	279	106	314	261	149
22	0	89	10	298	149
14	55	54	195	298	149
21	5	73	10	298	149
103	1426	24	214	298	149
70	6	37	0	298	149
108	16	438	4	298	149
93	0	379	18	298	149
76	77	273	532	298	149
60	145	42	683	298	149
5	26	18	79	255	149
5	26	2	8	298	149
7	33	8	72	298	149
4	6	93	43	298	149
10	39	9	17	282	149
64	1	244	0	298	149
0	10	8	0	241	149
21	2	9	0	298	149
15	6	0	5	298	149
5	342	0	478	298	149
59	10	412	1	298	149
33	76	64	542	298	149
24	10	404	203	298	149
34	143	52	217	298	149
0	9	4	174	298	149
38	10	3	0	246	149
1	0	46	15	298	149
23	0	46	12	298	149
3	4	3	45	298	149
18	37	41	274	298	149
20	6	27	14	298	149
12	32	0	364	298	149
25	17	44	232	298	149
13	291	45	567	278	149
1	50	4	29	248	149
34	228	31	172	227	149
21	193	24	245	298	149
2	2	16	0	298	149
14	3	157	20	298	149
21	357	125	663	298	149
0	7	6	77	298	149
22	36	6	98	222	149
21	0	65	17	298	149
3	7	8	186	282	149
96	298	61	293	298	149
113	37	230	194	298	149
88	68	32	257	298	149
95	6	50	6	298	149
6	127	9	198	238	149
23	8	18	97	298	149
35	33	58	77	298	149
12	0	12	20	298	149
0	3	72	182	298	149
36	117	112	289	280	149
2	15	28	63	284	149
0	20	4	213	298	149
304	745	50	46	298	149
17	119	8	16	245	149
1	3	91	15	298	149
4	0	52	8	294	149
3	5	33	128	298	149
22	68	69	103	298	149
59	79	59	93	274	149
64	134	70	81	285	149
57	161	287	322	228	149
56	117	197	271	266	149
36	274	85	207	271	149
55	188	43	179	298	149
16	43	0	277	271	149
37	22	37	43	298	149
20	0	31	7	298	149
27	439	54	862	298	149
12	2	9	0	298	149
0	38	6	78	298	149
23	201	31	185	223	149
154	160	206	76	243	149
9	75	61	270	298	149
3	5	46	0	298	149
3	90	11	248	298	149
42	81	209	80	298	149
4	13	54	162	298	149
10	968	87	617	236	149
16	489	66	518	265	149
0	16	15	26	298	149
11	45	0	40	245	149
77	41	65	141	298	149
43	274	63	217	298	149
9	13	24	4	298	149
0	1	10	0	298	149
241	21	283	27	298	149
68	12	182	17	298	149
53	422	60	348	294	149
21	390	75	355	298	149
1	0	0	11	239	149
19	576	170	1173	298	149
266	102	206	150	298	149
9	29	23	164	298	149
4	5	57	0	262	149
44	117	89	264	298	149
43	4	58	0	298	149
43	3	80	0	298	149
267	740	904	2876	298	149
141	614	436	2138	262	149
265	201	863	782	298	149
456	35	1185	260	298	149
249	0	312	59	298	149
197	0	186	7	298	149
252	1558	353	6428	298	149
300	449	400	1214	298	149
225	1	215	7	298	149
232	1752	274	4203	298	149
52	11	14	0	259	149
52	793	45	1731	280	149
10	52	31	57	298	149
3632	34	2505	0	236	149
0	1	58	1	298	149
0	21	12	78	250	149
5	116	0	199	298	149
33	14	25	24	298	149
66	458	57	743	298	149
244	8727	174	5295	298	149
150	15	383	13	298	149
183	6981	496	11456	298	149
3871	0	8099	4	298	149
6	56	82	33	298	149
5	55	156	54	298	149
8	136	62	131	298	149
6	5	23	18	298	149
78	22	105	171	298	149
58	14	67	9	298	149
46	45	142	204	298	149
220	22	271	12	298	149
187	32	227	0	298	149
206	2367	274	2743	298	149
63	3500	40	3175	219	149
257	7	142	26	225	149
0	13	13	129	264	149
91	72	436	374	298	149
111	527	193	415	241	149
20	424	2	357	243	149
7	49	3	57	297	149
46	66	94	398	234	149
43	112	74	568	298	149
9	15	6	219	259	149
42	2287	78	3048	298	149
62	484	256	2546	298	149
66	0	229	18	298	149
50	492	196	1970	232	149
41	2	168	0	298	149
20	268	117	844	237	149
188	7	534	33	298	149
116	1103	340	2957	242	149
2	4	14	27	298	149
28	193	15	101	298	149
8	118	38	98	265	149
14	44	84	71	221	149
18	10	84	0	238	149
7	65	0	97	298	149
66	14	72	9	298	149
4	27	30	480	298	149
29	30	99	424	284	149
24	3	82	1	298	149
9	176	337	627	298	149
55	316	157	665	298	149
171	0	348	20	298	149
112	369	245	499	298	149
0	1	12	33	298	149
0	4	5	112	298	149
72	49	117	61	298	149
153	220	246	129	298	149
174	18	399	41	298	149
182	0	372	38	298	149
110	220	136	179	298	149
35	2	108	0	298	149
4	211	22	150	298	149
13	129	30	255	298	149
116	10	393	95	251	149
82	2	248	0	298	149
4	60	34	320	298	149
68	5	66	0	298	149
12	1	25	37	243	149
10	4	10	5	298	149
10	6	9	38	231	149
8	5	92	8	298	149
4	6	56	23	298	149
26	25	23	18	298	149
17	299	52	572	233	149
145	3	306	8	298	149
197	23	545	68	298	149
21	12	63	107	298	149
3	97	31	168	298	149
11	27	72	176	252	149
10	59	49	254	298	149
5	21	109	91	298	149
13	26	147	86	298	149
7	0	109	16	230	149
7	31	120	70	292	149
8	24	81	75	298	149
12	15	30	29	298	149
0	20	21	142	298	149
22	45	54	213	298	149
7	184	7	118	237	149
7	611	35	436	298	149
160	1233	56	871	298	149
563	33	252	52	298	149
0	8	36	5	225	149
10	144	57	795	298	149
0	2	140	0	298	149
34	229	108	938	298	149
199	1195	185	1097	227	149
116	691	172	764	298	149
15	37	18	171	268	149
42	187	28	151	298	149
2	8	32	62	295	149
2	5	0	23	247	149
1	4	11	22	298	149
53	58	163	63	269	149
13	79	65	190	277	149
109	2040	301	8125	298	149
4	30	25	82	298	149
5	4	9	38	298	149
1	20	18	106	298	149
0	35	4	169	229	149
273	21	67	0	298	149
17	2	51	128	276	149
6	64	18	126	239	149
0	18	37	87	298	149
8	48	0	344	298	149
1	81	0	275	246	149
141	177	279	417	285	149
80	568	49	583	220	149
74	4	200	60	298	149
22	217	20	0	298	149
21	9	8	28	251	149
21	1	8	13	244	149
5	18	0	26	298	149
9	6	24	34	298	149
40	105	51	132	298	149
2	29	83	231	298	149
1	19	0	47	298	149
3	5	14	94	298	149
236	8	312	0	281	149
133	0	360	25	298	149
0	48	13	274	235	149
10	5	118	111	298	149
7	0	15	25	248	149
75	124	114	38	298	149
10	18	29	185	298	149
20	2	54	47	298	149
128	329	200	79	298	149
362	15	374	3	298	149
6	0	139	10	251	149
20	1102	71	7876	298	149
38	0	172	7	298	149
56	1632	265	5570	298	149
187	4489	222	8938	269	149
639	2	1010	0	298	149
754	5421	1165	8809	298	149
3138	7	4207	53	298	149
14	0	111	83	298	149
0	31	21	89	298	149
100	486	212	573	235	149
6	4	23	14	298	149
59	1337	61	2263	220	149
0	10	44	59	298	149
46	1299	35	1027	283	149
82	17	115	9	298	149
17	19	88	27	298	149
6	6	88	28	298	149
37	900	24	564	254	149
855	12	1	0	298	149
107	0	553	12	298	149
16	3	73	104	298	149
182	30	1009	460	298	149
166	0	1014	18	298	149
13	12	0	17	298	149
30	1183	15	1592	298	149
11	102	0	169	252	149
229	3428	614	8160	298	149
3329	18693	157	4813	298	149
1790	35	598	0	298	149
321	4258	8	1998	298	149
60	990	81	776	233	149
20	621	82	619	298	149
3	0	15	89	298	149
108	430	513	1303	298	149
407	29	1171	108	298	149
709	105	1282	179	298	149
11	0	53	12	252	149
17	7	44	31	298	149
0	5	8	0	298	149
81	7	11	68	298	149
0	3	8	5	269	149
24	78	24	204	219	149
23	2	57	12	298	149
29	40	22	31	298	149
50	380	70	445	228	149
116	236	433	200	298	149
112	211	44	51	298	149
12	260	31	176	238	149
193	5	130	0	298	149
4	518	26	1081	298	149
689	401	216	248	298	149
535	1	128	3	298	149
85	2270	6	298	298	149
73	3029	37	354	249	149
53	135	75	248	298	149
324	18	293	0	298	149
11	53	66	73	298	149
10	565	22	149	298	149
5	3	76	4	298	149
0	14	10	315	298	149
14	0	198	18	298	149
8	262	83	1066	298	149
44	467	87	1005	298	149
9	526	6	3863	298	149
34	217	155	2007	298	149
173	4	1719	0	298	149
15	365	24	618	298	149
50	141	159	394	298	149
29	135	143	266	298	149
9	178	52	327	218	149
15	308	92	494	229	149
16	323	4	557	240	149
0	2	2	69	298	149
2	3	0	30	298	149
24	27	73	54	298	149
25	59	23	72	298	149
28	8	23	0	298	149
69	4	138	0	298	149
65	55	128	81	298	149
69	17	182	14	298	149
76	344	226	580	298	149
8	25	20	83	298	149
22	39	60	52	281	149
14	288	35	113	233	149
26	2680	70	3287	298	149
40	21	59	49	298	149
40	3530	59	4667	298	149
52	122	136	316	298	149
82	2740	117	5690	227	149
137	82	211	120	234	149
33	40	104	83	298	149
79	2353	261	5815	252	149
423	1212	1043	2894	298	149
413	39	1008	111	298	149
13	20	11	2	298	149
4	0	0	106	298	149
20	0	48	6	298	149
6	30	52	37	246	149
7065	15298	142	161	237	149
7350	2790	130	19	296	149
6669	456	130	0	281	149
5	0	8	8	298	149
0	5	32	17	298	149
49	597	32	400	298	149
66	325	70	253	243	149
1610	1746	200	509	298	149
1248	11505	88	1063	298	149
528	50261	13	1046	298	149
19	129	8	165	216	149
46	122	9	170	244	149
5	370	55	927	298	149
0	39	21	333	298	149
20	23	23	53	298	149
0	52	1	357	298	149
8	81	0	460	298	149
0	178	26	597	298	149
265	11	627	2	298	149
4	35	27	126	298	149
8	0	27	4	298	149
118	107	121	90	298	149
11	0	52	9	298	149
6	3	68	40	298	149
0	24	23	53	298	149
40	37	52	55	298	149
11	17	0	1	298	149
281	7483	191	8518	298	149
7	53	6	239	298	149
1	38	17	90	236	149
2	59	20	105	293	149
0	7	17	51	298	149
8	816	17	356	298	149
39	955	48	289	298	149
0	8	35	9	298	149
1	13	1	5	296	149
45	60	344	226	298	149
9	0	55	14	280	149
9	0	67	13	298	149
78	0	630	14	298	149
74	0	639	3	298	149
0	71	11	177	298	149
13	28	0	125	298	149
0	2	41	11	298	149
14	14	38	0	298	149
13	12	30	0	238	149
53	8	107	21	298	149
35	79	65	185	298	149
16	153	10	155	298	149
30	119	57	174	233	149
41	70	12	268	298	149
32	156	8	382	298	149
88	183	40	367	298	149
80	707	32	793	298	149
106	299	228	136	226	149
59	277	119	170	240	149
2	236	0	375	247	149
0	1	3	0	298	149
22	252	63	120	298	149
18	3	98	0	298	149
45	31	125	35	298	149
45	15	119	71	298	149
5	0	75	59	298	149
27	94	50	121	298	149
24	90	22	190	298	149
150	6	162	5	298	149
0	7	64	166	298	149
4	17	54	239	298	149
3	6	62	58	244	149
13	56	29	138	228	149
14	925	77	480	298	149
42	0	36	22	298	149
50	903	33	564	298	149
77	46	78	18	298	149
20	41	13	83	298	149
0	74	13	139	298	149
2	15	39	84	226	149
13	44	48	143	298	149
13	11	36	126	286	149
100	88	591	92	298	149
21	224	237	450	298	149
6	309	26	534	298	149
22	0	76	28	298	149
151	1782	31	282	298	149
55	981	23	202	235	149
14	71	36	144	298	149
76	14	113	8	298	149
41	428	138	296	298	149
111	242	162	410	298	149
9	76	40	321	298	149
8	228	14	555	229	149
11	25	39	117	298	149
11	0	39	16	298	149
22	32	84	103	298	149
6	0	54	4	298	149
61	5	128	0	298	149
85	2	87	0	298	149
69	4	93	0	298	149
60	3	48	19	298	149
49	0	13	18	298	149
0	15	19	42	151	149
346	7	360	13	298	149
280	2	238	16	298	149
272	101	235	191	298	149
8	39	12	50	228	149
69	1	198	18	298	149
19	46	40	34	298	149
0	20	9	19	237	149
11	64	287	327	298	149
48	1	7	0	247	149
17	95	151	476	298	149
27	301	190	252	298	149
448	17118	0	3	298	149
0	6	6	0	298	149
127	1468	53	920	256	149
2	96	0	242	290	149
43	55	70	132	298	149
11	23	53	115	248	149
7	78	0	147	259	149
2	90	10	137	259	149
23	190	78	189	264	149
17	78	19	54	219	149
7	119	0	120	298	149
94	222	187	515	236	149
9	6	5	157	298	149
64	1102	55	181	298	149
406	10	86	0	298	149
62	393	91	197	220	149
6	21	0	63	290	149
12	5	61	45	298	149
28	5	225	18	298	149
69	369	117	485	298	149
51	120	100	125	298	149
6889	39194	131	1494	298	149
65	426	228	844	298	149
291	20	417	5	257	149
367	6	480	0	298	149
1	21	4	175	298	149
3	50	6	69	228	149
1	27	0	99	249	149
22	0	104	27	298	149
1	46	3	141	298	149
0	20	2	44	236	149
33	337	29	276	291	149
3610	19607	20	38	298	149
350	2586	0	26	298	149
9	61	63	164	298	149
49	15	125	10	298	149
9	258	8	500	298	149
3	9	53	0	231	149
3	128	53	371	233	149
1	29	7	242	298	149
225	412	125	316	234	149
80	146	190	250	234	149
0	6	17	93	298	149
39	9	74	5	298	149
85	403	91	1061	298	149
163	53	99	124	298	149
139	8	93	0	298	149
72	0	152	3	280	149
35	445	67	1407	276	149
54	3164	31	1077	298	149
135	11	759	157	298	149
59	3	149	28	298	149
59	29	143	93	298	149
78	264	118	950	298	149
76	2890	141	8151	298	149
5	11	31	53	298	149
10	146	26	193	298	149
117	18	438	13	260	149
13	178	43	290	298	149
88	8	119	8	298	149
3	381	38	1821	298	149
118	1148	191	4177	298	149
33	402	134	1526	298	149
174	8	442	20	298	149
3	35	15	102	298	149
24	2	79	0	298	149
6	75	1	168	226	149
39	74	48	134	298	149
131	368	498	1570	298	149
116	64	383	391	298	149
116	3	375	32	298	149
510	2	2041	0	298	149
0	532	19	1801	298	149
37	53	26	272	298	149
0	74	34	138	298	149
7	16	68	111	298	149
34	2	46	5	298	149
34	8	46	42	298	149
61	295	53	212	298	149
0	179	73	1923	298	149
6	27	57	589	298	149
2	549	11	380	228	149
13	434	24	948	298	149
193	5235	479	13678	298	149
38	944	9	288	298	149
16	2	9	0	298	149
21	0	2	8	298	149
9	301	0	391	298	149
150	0	204	13	298	149
1	49	0	449	298	149
3	134	4	617	298	149
5	0	12	4	298	149
7	9	0	175	298	149
1	0	8	65	298	149
36	51	139	42	298	149
267	656	145	315	298	149
8	138	5	220	298	149
26	381	13	514	227	149
33	730	38	578	222	149
32	1434	32	665	227	149
2	76	35	272	298	149
25	217	13	42	231	149
0	3	28	75	298	149
31	99	164	128	298	149
14	68	66	328	298	149
21	48	72	183	298	149
0	51	22	241	248	149
16	53	69	407	279	149
961	88472	1233	105769	244	149
2207	70529	3673	127345	238	149
118	30290	271	76033	232	149
370	19787	899	67730	257	149
1191	0	5021	1	298	149
226	19354	967	93194	298	149
17	177	36	476	298	149
112	48	39	81	298	149
0	5	36	319	298	149
0	8	7	490	298	149
5	86	81	1056	298	149
9	0	134	5	298	149
4	6	0	10	252	149
9	45	57	267	298	149
12	53	56	239	298	149
48	333	26	1085	298	149
2	38	17	799	235	149
41	221	19	469	298	149
10	8	0	11	298	149
4	128	26	454	232	149
127	6393	28	2	298	149
79	8	100	0	254	149
93	254	109	92	273	149
744	4	244	0	268	149
782	0	245	9	242	149
41	41	45	22	222	149
6	493	54	811	249	149
27	517	51	888	298	149
2	585	0	876	232	149
87	555	262	842	254	149
30	564	54	477	292	149
16	2156	16	1574	224	149
42	184	44	342	298	149
29	11	54	0	298	149
68	7	104	0	298	149
33	74	37	165	298	149
645	3	852	12	298	149
684	2	1215	0	298	149
648	1	1033	0	298	149
289	9	978	0	298	149
13	271	38	415	286	149
15	0	48	37	298	149
8	286	50	675	298	149
5	248	67	468	280	149
11	396	0	79	298	149
8	460	32	43	298	149
0	3	7	89	258	149
13	0	64	20	298	149
321	54	771	119	298	149
61	1529	46	759	298	149
9	138	90	271	298	149
20	145	31	249	288	149
157	0	506	11	257	149
2	39	0	50	298	149
11	36	32	49	298	149
24	118	51	114	298	149
282	548	299	61	274	149
9	33	108	83	298	149
0	1	20	27	284	149
5	0	109	14	268	149
75	1118	68	751	223	149
16	1163	51	925	243	149
21	662	46	664	268	149
56	428	95	558	298	149
23	333	15	646	256	149
28	121	42	159	298	149
81	41	96	117	298	149
46	711	53	778	239	149
66	1395	46	1310	229	149
27	924	53	1186	242	149
50	645	38	842	298	149
4	531	34	1096	248	149
10	449	46	1174	226	149
17	367	56	756	222	149
21	352	7	824	298	149
13	211	38	821	298	149
26	203	73	852	257	149
51	177	54	995	298	149
295	119	197	137	249	149
68	32	88	15	246	149
44	62	88	198	220	149
10	39	109	298	226	149
204	80	159	186	242	149
4	10	0	15	298	149
13	18	104	14	298	149
56	421	96	574	298	149
398	6	709	8	298	149
19	5	80	28	298	149
8	22	18	102	298	149
0	2	5	2	298	149
72	339	62	79	298	149
55	29	51	49	243	149
15	82	56	120	298	149
1	8	0	5	298	149
2	301	0	261	298	149
54	2	185	4	298	149
1019	16598	1434	20957	258	149
0	2	12	50	298	149
30	5	153	0	298	149
2	0	213	38	298	149
22	52	22	39	298	149
0	66	13	8	298	149
21	65	53	561	298	149
2	27	98	191	246	149
6	32	153	109	298	149
2	466	47	2797	240	149
822	0	311	7	298	149
2	265	17	1292	271	149
0	5	12	32	252	149
12	266	99	841	298	149
36	470	142	666	298	149
68	414	90	771	298	149
59	488	155	679	264	149
75	0	127	11	298	149
54	694	99	672	298	149
32	944	56	842	298	149
13	938	24	1017	298	149
254	1251	398	556	298	149
45	7	95	54	291	149
46	5	95	46	294	149
6	119	24	408	298	149
17	102	44	271	298	149
10	0	32	15	298	149
18	100	34	203	298	149
18	12	40	112	298	149
15	92	74	248	298	149
6	0	133	16	298	149
4	0	2	8	298	149
9	26	71	251	298	149
49	1496	238	1999	298	149
235	412	394	833	298	149
25	12010	35	11581	298	149
5	70	22	275	298	149
7	18	66	52	298	149
7	0	34	9	298	149
11	65	41	92	298	149
69	0	191	14	231	149
14	37	41	93	224	149
0	2	42	74	298	149
28	14	188	96	298	149
40	49	345	355	298	149
0	116	63	474	298	149
10	321	0	209	225	149
0	6	16	33	298	149
50	875	100	1283	298	149
46	1021	62	1437	298	149
72	1866	107	1885	284	149
3	73	37	847	298	149
32	22	348	568	298	149
68	41	236	215	298	149
2	83	30	459	298	149
0	90	16	263	298	149
7	167	4	296	298	149
22	222	9	424	294	149
54	248	50	458	298	149
52	0	64	12	298	149
25	29	20	67	298	149
0	13	12	157	292	149
0	28	40	194	298	149
0	98	31	179	298	149
52	178	196	219	298	149
33	404	82	567	298	149
0	15	39	36	220	149
0	79	1	245	298	149
0	6	14	49	298	149
0	55	14	206	298	149
251	7	1794	5	227	149
10	1	74	0	298	149
156	876	223	1441	227	149
50	2	198	11	241	149
13	1	7	44	298	149
2266	3363	3610	4761	251	149
138	27527	478	48207	239	149
604	19713	810	22133	298	149
156	3862	281	2729	298	149
45	359	168	119	223	149
58	320	40	122	227	149
344	21834	331	24365	298	149
1	63	0	338	298	149
2	106	0	265	298	149
7	0	8	17	298	149
19	0	24	7	298	149
120	109	90	77	298	149
14	193	11	120	223	149
72	171	144	146	242	149
22	224	27	260	238	149
0	3	10	39	298	149
554	2	456	0	298	149
501	138	216	59	298	149
2	184	0	335	298	149
11	59	54	123	298	149
132	89	253	242	298	149
16	3	63	80	298	149
56	6	663	31	240	149
1	203	11	531	298	149
58	117	156	344	298	149
6	71	56	154	298	149
0	99	7	246	298	149
39	106	71	134	298	149
23	117	5	83	298	149
22	125	42	385	298	149
5	77	74	308	298	149
13	19	66	305	298	149
954	16365	2028	36577	298	149
13259	0	26596	16	298	149
577	21339	675	39543	298	149
6	0	5	4	259	149
3	13	0	19	298	149
0	7	1	40	298	149
6	54	3	53	298	149
60	4	202	84	298	149
0	29	6	204	298	149
13	36	0	9	252	149
9	45	0	9	249	149
15	10	97	22	298	149
17	9	91	0	258	149
213	7	1	0	298	149
41	122	20	75	298	149
78	34	210	66	298	149
65	35	227	86	277	149
38	40	114	63	227	149
11	30	0	109	243	149
27	68	174	191	298	149
12	54	56	105	298	149
5	39	11	42	298	149
0	6	40	38	253	149
42	329	200	2038	298	149
81	3360	361	7759	298	149
155	7	475	11	298	149
606	0	640	3	233	149
29	378	23	331	298	149
0	5	7	0	234	149
2372	40	4146	26	298	149
1666	570	3721	1220	298	149
898	19	3027	88	298	149
994	8	3568	0	298	149
522	0	2849	4	267	149
147	757	724	3120	298	149
19	584	50	2584	298	149
7	792	86	3622	298	149
0	687	120	3229	263	149
33	102	71	4	298	149
120	9	125	0	298	149
22	173	63	384	298	149
75	144	126	254	298	149
126	22	132	28	288	149
148	427	132	283	298	149
35	1014	44	356	298	149
0	21	14	61	298	149
0	64	34	284	298	149
6	32	8	137	225	149
1	26	49	126	298	149
88	610	69	823	225	149
15	37	111	200	298	149
41	307	12	384	298	149
9	690	46	4599	298	149
8	17	39	7	298	149
46	8	62	5	298	149
0	20	101	1945	298	149
0	47	5	52	298	149
0	4	4	80	298	149
52	141	84	56	298	149
149	3	104	0	298	149
4	33	45	120	298	149
27	37	212	41	275	149
42	121	17	0	253	149
82	505	26	16	298	149
39	31	0	10	298	149
34	785	10	61	238	149
0	13	19	73	220	149
14	4	36	16	298	149
6	3	21	0	298	149
6	40	28	143	298	149
46	127	155	210	298	149
0	28	1	132	262	149
0	28	20	107	298	149
5	0	13	11	298	149
5	13	17	10	298	149
88	282	237	1010	230	149
21	11	111	82	245	149
217	24	291	18	260	149
0	31	25	236	298	149
8	198	95	996	298	149
112	386	140	584	237	149
249	125	365	392	298	149
237	4	419	14	298	149
43	132	174	231	298	149
19	42	69	60	298	149
0	72	31	564	298	149
23	60	91	126	298	149
39	152	60	125	269	149
32	269	25	216	256	149
7	161	27	171	298	149
55	765	46	533	298	149
63	998	138	949	298	149
372	184	532	637	298	149
90	396	283	849	298	149
0	13	27	160	298	149
122	1320	138	1364	298	149
152	647	96	918	298	149
37	78	26	168	298	149
12	88	0	222	240	149
88	94	46	51	298	149
5	71	9	50	298	149
9	23	61	95	298	149
20	8	20	24	298	149
9	32	0	54	246	149
0	1	21	63	298	149
50	0	372	10	278	149
20	115	68	320	298	149
2	0	241	107	298	149
13	48	63	159	298	149
143	4	376	5	298	149
6	19	36	140	298	149
20	38	71	24	283	149
16	5	44	0	298	149
36	147	59	5	298	149
47	131	70	15	298	149
19	0	301	5	298	149
18	199	23	175	230	149
2	30	15	88	298	149
49	28	46	55	228	149
565	2	2472	0	298	149
17	719	18	1900	241	149
57	1085	58	2531	298	149
40	1540	46	3178	233	149
1013	332	1333	633	298	149
0	46	34	417	298	149
106	5216	130	3499	298	149
3	0	0	14	298	149
24	71	6	177	272	149
33	117	72	95	298	149
31	410	30	230	220	149
59	389	110	1172	298	149
121	7	155	3	298	149
108	24	177	143	283	149
102	319	177	1012	280	149
52	3	51	0	298	149
40	12	86	21	262	149
38	287	264	1923	298	149
74	3586	431	15749	298	149
10	3341	110	16401	298	149
30	5	39	0	298	149
61	1936	117	1825	258	149
18	12	20	18	298	149
1	27	15	101	235	149
19	102	0	81	298	149
13	80	45	130	298	149
10	0	164	3	298	149
14	118	17	121	275	149
47	0	201	15	298	149
18	112	35	79	298	149
30	143	0	38	298	149
108	2	88	0	298	149
41	8	88	0	298	149
871	14	1011	20	290	149
893	344	1021	290	298	149
1771	16	1758	37	298	149
224	1581	144	1669	298	149
145	4645	151	1235	244	149
1915	477	51	0	269	149
55	2836	0	24	227	149
32	2835	0	35	226	149
5	68	146	599	298	149
36	7	233	77	298	149
152	616	361	833	227	149
0	15	22	145	289	149
0	66	34	50	298	149
2	48	50	111	298	149
6	78	30	105	298	149
3	126	52	36	298	149
16	259	47	572	298	149
75	60	104	122	298	149
9	29	27	74	234	149
202	496	196	677	298	149
3	21	5	274	298	149
1	5	34	65	298	149
1	2	34	67	298	149
53	3	315	0	298	149
10	157	57	945	298	149
29	35	103	152	267	149
40	91	103	361	270	149
33	710	215	1072	298	149
0	63	14	62	276	149
7	10	50	80	298	149
17	3	72	11	298	149
12	6	40	26	298	149
66	355	89	1383	298	149
4	3	0	13	228	149
19	315	24	414	250	149
261	2	358	0	298	149
13	107	0	132	298	149
45	986	115	3009	228	149
286	7	884	0	234	149
12	294	31	936	298	149
61	77	110	216	298	149
7	36	39	132	242	149
1029	1	500	26	298	149
9	0	41	39	298	149
44	9	113	0	298	149
14	4	41	37	298	149
40	713	71	2901	298	149
205	2440	0	3	298	149
73	2457	7	0	254	149
6	14	62	40	298	149
17	0	111	7	285	149
2	0	28	14	297	149
2	9	69	7	298	149
12	39	168	133	298	149
0	30	26	125	256	149
82	60	66	150	298	149
307	88	492	282	298	149
25	154	29	378	298	149
1242	555	5225	2396	298	149
4	0	0	20	298	149
9	2	20	0	298	149
0	126	20	162	254	149
33	0	67	1	298	149
74	15	79	52	298	149
65	22	66	41	298	149
6	34	58	967	225	149
540	2	796	0	298	149
609	18	594	62	295	149
639	6	576	22	298	149
99	207	125	597	298	149
9	72	8	106	298	149
25	38	82	8	298	149
5	34	15	27	298	149
108	10387	415	20380	298	149
8	406	74	422	298	149
19	181	19	208	298	149
252	775	516	869	296	149
59	703	86	221	226	149
83	44	136	107	298	149
128	146	284	256	298	149
14	15	31	1	298	149
52	419	66	496	298	149
71	613	89	761	298	149
406	6	647	0	298	149
20	401	66	625	298	149
0	7	16	24	298	149
19	155	27	126	298	149
5	0	64	54	298	149
22	14	4	120	237	149
41	92	6	308	262	149
85	1	286	5	298	149
7863	4	139	25	298	149
7860	9	136	32	298	149
19	0	21	5	298	149
13	96	34	133	298	149
40	1	63	0	298	149
26	0	56	23	298	149
141	500	157	291	242	149
33	157	118	522	298	149
46	76	92	200	244	149
33	41	130	84	298	149
6	12	17	13	298	149
352	2	51	0	273	149
8	13	99	139	298	149
27	228	34	235	298	149
8	8	0	4	239	149
0	6	5	59	232	149
1071	0	1123	11	261	149
344	472	732	1356	298	149
175	32	501	63	298	149
44	3	30	23	231	149
51	315	45	287	250	149
106	91	57	109	298	149
96	501	64	150	298	149
102	788	35	394	235	149
275	10	148	6	258	149
36	134	26	81	298	149
104	136	58	433	298	149
19	0	26	23	203	149
28	406	28	297	298	149
2	9	22	101	298	149
0	64	35	397	253	149
7	3	83	10	298	149
7	51	75	288	298	149
17	67	94	115	298	149
0	24	11	101	298	149
17918	920	3291	530	298	149
21	54	64	213	298	149
11	58	25	55	298	149
0	36	24	92	298	149
26	5	106	0	298	149
21	40	101	40	298	149
88	10	94	7	220	149
2	8	51	8	298	149
35	74	31	80	251	149
6	0	215	51	298	149
100	2069	197	5405	298	149
5	5	25	0	298	149
15	84	34	213	298	149
11	46	7	52	298	149
190	225	295	210	298	149
140	317	134	212	282	149
71	2422	58	1306	236	149
371	13460	590	18160	298	149
5	105	157	158	298	149
32	31	78	93	298	149
17	0	57	28	298	149
1	17	71	123	298	149
0	11	4	0	267	149
0	30	15	240	224	149
13	140	27	417	298	149
48	0	218	42	298	149
80	48	371	87	298	149
178	2457	232	587	298	149
213	25	349	5	298	149
307	1660	423	291	298	149
20	132	13	242	298	149
8	0	13	10	298	149
440	47	18	4	298	149
34	36	14	38	283	149
39	49	14	41	298	149
19	124	8	73	246	149
17	39	29	95	298	149
37	128	0	295	238	149
12	35	0	56	262	149
23	0	36	15	235	149
16	76	113	176	263	149
20	33	22	104	298	149
29	78	28	64	297	149
101	697	75	198	241	149
177	0	928	8	272	149
2	24	3	196	298	149
10	28	0	117	298	149
75	202	188	90	298	149
32	146	42	117	286	149
0	24	15	83	257	149
15	34	0	158	229	149
36	101	102	144	298	149
97	191	164	185	298	149
72	370	109	170	298	149
0	10	19	9	227	149
4	32	28	59	298	149
14	19	40	53	298	149
0	20	87	46	298	149
74	233	161	317	298	149
160	0	777	23	298	149
120	12	159	65	248	149
91	12	132	0	298	149
118	126	169	152	279	149
11	165	35	778	298	149
9765	36	257	0	298	149
78	6	205	49	298	149
12	62	52	103	261	149
18	40	76	132	235	149
18	0	81	3	240	149
25	48	69	111	296	149
26	3	66	0	298	149
29	96	36	193	298	149
12	8	73	68	298	149
12	103	73	185	298	149
34	20	5	11	298	149
18	20	0	11	259	149
7	10	32	0	242	149
24	89	33	204	298	149
0	19	32	496	298	149
6	291	54	634	291	149
582	4	496	0	298	149
1	34	39	67	298	149
187	1243	235	1114	253	149
161	27	226	9	238	149
109	0	19	7	298	149
11	19	19	0	298	149
36	3	64	0	298	149
30	9	11	22	298	149
111	0	272	24	278	149
135	1	363	0	298	149
0	3	29	20	298	149
8	14	5	38	298	149
36	86	11	56	227	149
23	105	3	97	224	149
13	108	0	186	245	149
135	0	155	12	298	149
136	73	181	101	298	149
11	136	23	409	234	149
0	3	25	136	251	149
99	620	34	106	267	149
531	965	0	110	298	149
2858	184	30	0	281	149
463	15858	213	9299	298	149
756	4	493	12	298	149
103	7	76	4	298	149
19	35	7	108	298	149
3	15	0	48	298	149
0	1	47	55	298	149
0	1	8	44	298	149
0	8	14	53	298	149
40	135	518	402	298	149
19	83	25	344	237	149
4	45	16	124	238	149
23	50	0	52	298	149
40	7	129	0	277	149
1	5	7	8	298	149
132	6	165	20	298	149
12	132	38	158	298	149
29	51	63	89	298	149
29	69	63	68	298	149
32	23	66	117	298	149
32	3	66	17	298	149
37	532	81	637	220	149
65	23	67	52	298	149
52	513	41	536	240	149
74	464	94	359	235	149
8	307	10	315	234	149
24	295	44	477	298	149
42	42	229	382	298	149
22	0	44	12	253	149
49	39	73	66	285	149
13	85	4	64	233	149
39	66	60	41	298	149
15	55	14	26	232	149
7	40	0	76	263	149
55	68	63	9	298	149
308	2	80	0	298	149
120	165	46	63	276	149
150	77	182	6	298	149
76	45	105	148	235	149
4	4	107	30	298	149
4	4	35	0	298	149
0	2	29	0	298	149
22	52	29	20	298	149
243	96	325	83	298	149
95	598	121	907	298	149
21	4	103	0	247	149
23	135	94	589	298	149
1	92	0	547	245	149
19	12	13	32	298	149
19	12	13	42	298	149
45	6	214	4	298	149
71	340	75	436	298	149
40	307	39	259	298	149
10	398	14	407	263	149
57	419	54	390	298	149
53	15	66	0	298	149
81	520	158	400	298	149
12	127	48	875	298	149
49	10	144	1568	298	149
0	27	8	184	258	149
69	281	166	821	298	149
14	51	36	89	298	149
2	40	0	230	298	149
6	39	22	97	298	149
11	45	0	190	298	149
78	143	134	93	298	149
90	173	170	123	298	149
68	564	111	211	298	149
0	20	23	66	237	149
0	8	17	134	298	149
158	5	412	14	298	149
152	0	291	5	298	149
61	12	131	16	298	149
106	39	162	23	236	149
26	56	10	35	298	149
11	56	24	52	284	149
840	12	1279	0	298	149
14	13	13	6	298	149
12	177	47	439	298	149
339	1624	69	477	247	149
225	5415	419	3445	229	149
10	318	29	433	283	149
12	111	6	311	298	149
0	113	17	247	278	149
8	134	30	652	298	149
1	7	25	0	298	149
121	30	246	113	298	149
0	62	4	65	298	149
0	37	14	36	230	149
65	0	28	15	288	149
0	8	42	107	298	149
24	238	13	485	298	149
3	8	65	25	298	149
3	18	12	182	298	149
11	99	14	376	298	149
4	0	10	1	298	149
18	37	157	150	298	149
10	9	148	124	298	149
1	20	87	119	298	149
4	101	0	509	273	149
8	28	16	88	298	149
6	110	87	160	298	149
13	131	115	182	233	149
73	171	73	191	261	149
4	13	10	41	298	149
2	0	12	4	298	149
4	4	7	0	241	149
5	181	33	579	298	149
70	745	2	359	243	149
0	107	14	197	267	149
1	38	0	30	258	149
2	127	8	159	298	149
58	178	207	200	298	149
3	78	21	191	225	149
61	0	102	38	298	149
4	184	6	318	247	149
29	163	18	244	298	149
65	99	86	16	266	149
27	215	22	372	298	149
40	700	0	522	250	149
15	372	0	3	298	149
87	26	168	108	238	149
0	329	15	875	228	149
6	26	37	3	298	149
4	35	0	66	242	149
50	268	127	365	298	149
16	374	30	1413	298	149
616	1474	518	691	298	149
67	238	135	188	298	149
85	60	166	161	298	149
0	74	90	581	298	149
27	5785	71	5478	298	149
15	0	2	17	298	149
4	12	113	0	298	149
10	88	45	122	298	149
6	2	44	23	298	149
3	35	34	92	298	149
44	27	219	109	298	149
0	99	1	484	298	149
57	60	72	132	298	149
5	52	0	114	298	149
20	25	0	17	225	149
12	11	3	0	298	149
1	6	97	47	298	149
91	32	204	82	298	149
4	25	34	154	298	149
5	0	43	13	298	149
4	47	14	191	240	149
4	14	0	66	298	149
4	0	0	15	298	149
5	14	0	105	298	149
11	7	36	16	286	149
4	23	41	69	298	149
0	38	23	287	298	149
4	59	41	162	298	149
11	31	3	88	243	149
14	444	6	305	298	149
81	60	9	3	298	149
22	444	26	584	238	149
207	206	36	53	298	149
336	4	252	0	298	149
201	432	147	455	298	149
3	34	14	185	298	149
66	52	343	918	298	149
7601	7	475	0	298	149
167	475	351	561	298	149
2	0	28	5	298	149
31	0	170	2	298	149
0	2	28	99	298	149
45	38	97	437	270	149
34	148	36	382	298	149
10	85	2	19	298	149
36	48	479	197	298	149
0	3	30	30	298	149
0	15	30	250	298	149
421	3	630	0	298	149
124	54	236	123	298	149
148	10	348	64	298	149
31	159	111	337	298	149
20	26	151	64	298	149
20	127	161	269	298	149
2	90	26	266	298	149
143	198	172	119	298	149
4	0	52	60	298	149
0	2	4	70	298	149
72	2540	247	8385	290	149
8	16	85	33	298	149
15	12	18	80	298	149
33	240	66	208	298	149
28	194	48	175	298	149
76	68	115	64	298	149
36	18	21	0	298	149
11	898	34	2032	252	149
40	915	62	1928	231	149
23	2	64	0	298	149
690	1	1362	0	298	149
9	400	30	550	232	149
269	261	762	325	298	149
492	428	798	411	298	149
594	511	510	612	298	149
421	45	420	24	298	149
67	253	0	25	298	149
0	14	14	88	298	149
81	773	139	778	239	149
0	4	15	40	176	149
10	5	85	58	298	149
224	1	311	21	291	149
206	11	304	2	270	149
0	19	17	409	298	149
626	33	175	0	298	149
635	11	181	0	298	149
44	81	23	37	257	149
16	110	18	62	298	149
35	66	105	56	298	149
25	100	0	134	298	149
39	70	44	14	238	149
51	16	44	0	252	149
1	9	143	191	233	149
389	317	616	1132	298	149
27	112	29	268	297	149
0	22	20	92	298	149
3	32	0	141	228	149
1	0	4	58	298	149
2	5	60	41	298	149
2	0	0	16	298	149
5	42	67	58	230	149
34	1158	19	135	298	149
69	298	24	95	220	149
31	51	9	116	298	149
737	4	2269	32	298	149
30	248	119	1316	298	149
145	427	144	365	252	149
22	38	84	150	232	149
2	4	0	32	298	149
95	6	74	17	298	149
75	75	121	128	298	149
14	8	29	0	298	149
85	244	201	600	298	149
20	11	209	173	298	149
6	2	3	20	227	149
8	7	32	2	298	149
471	1	546	32	298	149
142	123	155	201	298	149
5	66	48	219	250	149
8	20	3	143	298	149
4	67	0	57	298	149
3	87	25	248	298	149
42	0	138	8	150	149
0	5	3	41	298	149
62	155	96	1112	298	149
41	62	84	351	298	149
237	5911	135	3471	298	149
70	26	135	78	298	149
455	2	588	14	298	149
26	765	13	1114	298	149
160	8	108	0	298	149
35	71	44	184	228	149
106	294	159	569	298	149
15	960	0	313	298	149
0	1	8	46	225	149
18	89	64	53	234	149
32	811	73	6547	298	149
99	5331	395	16264	278	149
112	292	91	483	298	149
45794	2	202378	9	203	149
353	16279	1654	58684	298	149
25206	289	68762	583	201	149
3445	20	1669	0	237	149
81	20	115	12	253	149
81	1401	115	1101	257	149
70	1632	1084	22029	298	149
17	2026	432	21531	298	149
73	2	377	34	298	149
38	26	332	419	298	149
57	14	562	27	298	149
317	8	1311	5	298	149
4083	1	40	0	298	149
1507	9	4920	111	298	149
800	33332	2932	128259	298	149
34298	442	112738	1279	235	149
21	207	29	415	298	149
165	1	376	0	285	149
237	3	364	0	298	149
9	47	36	240	253	149
18	5	112	138	298	149
23	0	169	55	298	149
5	58	0	69	298	149
2	3	7	0	298	149
39	38	164	115	298	149
75	0	334	18	275	149
80	13	255	16	298	149
843	1	1146	0	242	149
1019	10	1276	7	260	149
85	1224	53	544	298	149
28	25	65	116	298	149
8	179	26	236	298	149
18	828	0	601	298	149
14	0	111	8	247	149
29	686	357	3857	298	149
0	5	35	35	298	149
15	1	14	4	222	149
143	5	607	0	298	149
28	89	29	159	298	149
7	10	26	0	298	149
7	34	26	127	298	149
4	38	11	240	298	149
0	6	10	183	269	149
113	692	1281	2561	298	149
81	101	313	119	298	149
30	8	36	0	298	149
1	8	17	32	298	149
26	257	38	438	298	149
25	249	75	503	298	149
11	169	45	412	298	149
6	62	0	174	298	149
2	14	24	81	298	149
179	2660	95	382	234	149
461	61	410	5	285	149
191	730	177	271	298	149
477	488	46	13	298	149
65	747	99	2491	298	149
10	115	50	385	298	149
15	34	59	210	298	149
50	1	96	38	250	149
0	11	4	6	298	149
54	171	64	202	298	149
35	117	71	334	298	149
4	32	0	84	298	149
4	16	48	29	298	149
4	8	48	37	298	149
0	6	15	0	298	149
3	11	11	39	298	149
28	330	45	1202	237	149
1	0	45	8	298	149
73	441	34	32	298	149
16	34	14	107	267	149
0	4	26	128	298	149
0	3	63	83	298	149
6	4	47	54	298	149
3	14	0	49	298	149
1	0	163	4	234	149
2	0	38	17	261	149
0	11	57	152	298	149
14	32	42	291	298	149
3	120	2	169	298	149
68	819	97	388	298	149
3	91	40	165	298	149
7	59	19	180	298	149
44	98	25	191	298	149
108	684	117	207	298	149
55	270	209	359	298	149
122	2012	202	3784	298	149
121	630	73	2039	298	149
224	673	282	2718	298	149
19	685	193	2958	298	149
6	12	60	21	298	149
8	10	45	42	298	149
207	1725	173	1906	298	149
126	9	282	11	298	149
82	44	277	96	298	149
110	483	49	279	289	149
490	224	519	91	298	149
36	504	11	427	259	149
81	0	90	5	298	149
66	83	78	270	298	149
24	15	263	191	298	149
20	16	43	28	298	149
28	0	51	3	298	149
20	0	52	4	298	149
0	7	16	23	298	149
1	2	16	16	298	149
14	89	8	44	298	149
9	15	0	39	298	149
100	22	179	76	298	149
398	211	462	784	298	149
22	213	35	490	298	149
13	52	70	136	242	149
28	16	0	66	298	149
0	261	68	1206	298	149
136	4841	439	8663	298	149
51	8515	79	15684	222	149
667	8710	789	16126	298	149
508	86	295	142	244	149
2	0	30	47	298	149
0	16	70	118	239	149
25	4	117	0	298	149
46	43	125	176	298	149
20	650	22	693	298	149
0	747	37	685	298	149
13	313	56	382	298	149
7	393	10	363	239	149
1	8	0	63	298	149
0	12	18	22	298	149
35	3	0	12	298	149
291	19	344	0	298	149
45	492	0	680	298	149
39	1	50	14	225	149
69	818	87	748	298	149
15	1267	39	991	281	149
7	212	21	415	298	149
34	523	37	563	245	149
99	903	186	766	270	149
0	6	12	49	298	149
31	5	63	21	233	149
10	54	39	156	298	149
181	233	123	870	298	149
40	952	54	2566	298	149
120	43	109	76	298	149
162	120	159	687	298	149
113	308	51	298	272	149
23	450	6	295	289	149
74	809	18	353	298	149
2	16	4	123	216	149
31	634	34	2149	298	149
2	108	29	956	298	149
13	60	107	510	298	149
123	1172	84	483	234	149
9	760	6	526	265	149
35	146	4	175	293	149
15	113	33	59	244	149
6	50	9	599	298	149
0	56	13	243	298	149
1	77	43	209	298	149
78	33	224	233	298	149
9	216	81	239	298	149
167	9	376	0	298	149
45	15	49	39	298	149
24	0	90	53	298	149
16	246	32	441	298	149
7	81	92	442	298	149
17	56	101	382	298	149
47	48	88	129	298	149
5	108	17	206	245	149
75	190	58	280	218	149
24	602	19	154	298	149
53	171	20	135	298	149
18	105	7	62	298	149
73	1342	68	1095	232	149
23	560	49	630	298	149
21	732	77	1068	298	149
22	17	34	37	298	149
4	31	6	51	251	149
34	63	206	141	298	149
24	102	145	217	298	149
51	1019	136	1764	298	149
379	2296	515	2027	298	149
86	89	16	60	298	149
132	113	140	97	298	149
7	5	0	142	298	149
101	2590	0	24	298	149
9	46	0	82	240	149
14	79	0	45	245	149
9	65	8	16	298	149
13	38	22	0	298	149
21	1195	0	144	298	149
0	36	29	115	298	149
13	202	31	224	298	149
4	960	139	8276	298	149
67	1533	218	8385	235	149
73	1783	205	7327	283	149
195	2	985	8	269	149
3409	3	13146	2	179	149
99	1013	164	461	285	149
87	456	116	229	287	149
165	341	175	139	298	149
0	29	17	269	234	149
74	84	217	195	298	149
51	90	132	413	298	149
9	0	51	70	298	149
56	2	174	0	298	149
23	105	122	419	298	149
158	19	238	0	292	149
17	13	0	4	298	149
55	54	11	77	298	149
1	4	47	0	298	149
13	53	46	127	276	149
59	9348	102	11234	298	149
1	0	334	20	298	149
3	1	0	107	298	149
9	17	26	92	298	149
45	0	480	8	280	149
89	604	72	188	222	149
503	21	791	0	281	149
0	20	20	70	298	149
0	22	12	108	228	149
121	7	66	3	298	149
11	84	15	154	298	149
42	912	34	1517	298	149
26	248	56	533	251	149
7	107	11	56	298	149
3	3	0	72	298	149
12	63	16	138	298	149
1	62	6	106	298	149
29	921	39	434	298	149
89	381	95	298	298	149
2	0	20	4	272	149
6	123	9	193	298	149
26	46	46	161	276	149
80	182	379	220	298	149
75	21	49	30	298	149
13	13	32	27	298	149
0	1	46	28	298	149
34	54	73	127	247	149
0	1	17	0	298	149
13	235	0	95	298	149
9	103	27	156	298	149
106	6	250	0	282	149
22	75	65	282	224	149
23	60	30	226	298	149
231	2096	520	4797	286	149
3	230	0	83	245	149
5	231	0	606	298	149
22	405	21	687	298	149
10	6	0	177	298	149
8	36	0	246	298	149
26	141	80	489	298	149
23	6	95	0	298	149
0	205	15	269	298	149
9	26	4	26	260	149
11	221	14	38	253	149
53	7	3	18	295	149
25	18	33	127	298	149
0	1	32	91	298	149
4	25	57	16	298	149
89	111	164	190	298	149
32	268	61	371	298	149
32	0	61	34	298	149
66	315	85	97	298	149
51	204	40	105	270	149
67	2	40	9	296	149
2	247	12	68	240	149
25	6	31	19	298	149
22	72	31	98	298	149
26	0	61	12	228	149
29	21	85	0	251	149
28	25	61	94	246	149
0	1	4	44	298	149
269	702	418	1575	298	149
255	92	402	258	298	149
159	555	312	1432	241	149
165	0	333	5	250	149
75	515	265	1676	205	149
92	210	809	1124	298	149
5	40	94	304	298	149
8	426	3	187	298	149
12	148	21	264	298	149
12	2	21	0	298	149
0	138	2	295	298	149
13	0	21	8	298	149
45	1375	13	50	298	149
12	50	69	103	298	149
4	175	0	92	298	149
39	141	57	449	298	149
22	13	72	191	286	149
2	60	7	174	298	149
47	5	87	57	298	149
1	72	12	268	298	149
1	325	0	516	298	149
20	710	0	417	298	149
85	982	33	546	298	149
1	4	37	17	298	149
0	33	18	42	298	149
7	0	0	13	298	149
7	0	0	14	298	149
30	195	91	305	215	149
16	80	135	257	298	149
26	0	291	12	298	149
55	278	113	329	235	149
10	17	102	294	298	149
9	185	7	491	245	149
4	108	0	304	233	149
25	469	46	1271	298	149
73	1034	188	681	298	149
567	4	536	0	298	149
57	1089	209	917	295	149
19	717	5	966	235	149
33	464	20	558	270	149
0	24	13	181	227	149
6	3	48	0	258	149
52	184	84	393	281	149
158	10	270	23	298	149
375	700	381	403	298	149
131	1018	68	587	246	149
301	104	348	185	239	149
0	63	7	286	242	149
54	0	142	27	283	149
0	16	15	143	298	149
27	3	343	10	298	149
0	3	15	98	298	149
19	47	58	509	227	149
0	45	17	242	298	149
0	59	19	221	298	149
6	25	6	210	298	149
26	25	29	105	298	149
66	1244	46	1686	268	149
28	574	30	2147	298	149
32	1	43	0	298	149
263	1588	1124	6721	298	149
8	0	13	4	298	149
186	14	284	85	298	149
185	9	276	0	298	149
185	0	544	8	298	149
1	6	25	0	298	149
111	2384	395	8515	298	149
30	1197	101	5076	262	149
24	990	64	3542	238	149
56	682	380	3448	298	149
35	678	307	3468	298	149
6	570	181	13774	298	149
4	3	20	6	298	149
162	109	172	103	298	149
123	856	83	778	298	149
193	164	362	605	298	149
8	93	23	372	298	149
11	7	27	81	298	149
116	8	2	3	298	149
76	218	16	123	298	149
69	148	32	307	262	149
19	32	14	51	298	149
76	9	98	0	298	149
64	84	84	78	298	149
7	45	0	77	222	149
38	919	349	6280	298	149
8	1074	138	4988	298	149
8	1522	87	7512	246	149
2	1595	4	6242	298	149
30	249	100	623	298	149
50	1035	109	3340	298	149
20	0	13	11	298	149
2	27	57	126	298	149
1	0	0	14	287	149
0	2	19	18	298	149
9	2	0	45	298	149
11	356	29	1407	298	149
9	392	25	1550	298	149
121	2	390	0	268	149
40	432	0	1221	231	149
33	718	56	1236	298	149
82	2	78	1	298	149
65	930	22	1528	298	149
22	1334	82	1667	244	149
119	438	103	164	298	149
150	223	54	79	298	149
78	0	459	9	236	149
2	0	0	20	298	149
105	189	91	559	298	149
5	157	28	396	232	149
8	117	40	266	298	149
0	17	6	139	298	149
54	23	166	42	239	149
51	34	160	34	229	149
22	24	55	58	265	149
5	26	0	36	298	149
14	20	44	51	298	149
20	19	33	45	223	149
3	47	38	176	298	149
18	223	71	231	298	149
18	12	92	0	298	149
4	39	69	302	298	149
1188	1	4235	64	262	149
225	5046	719	20040	241	149
7	2	12	0	298	149
0	14	88	33	298	149
12	7	101	181	298	149
31	106	70	260	298	149
0	15	73	261	298	149
23	94	60	203	298	149
18	4	53	17	264	149
74	19	278	90	298	149
45	4	93	27	298	149
5	21	58	80	259	149
142	28	635	39	298	149
66	0	5972	25	211	149
0	42	46	4302	298	149
74	202	197	832	298	149
84	161	95	112	298	149
74	10	285	51	275	149
40	21	142	46	218	149
8	22	40	130	298	149
4	20	0	191	298	149
3	10	29	114	298	149
15	13	110	124	298	149
5	8	0	42	298	149
0	7	10	43	298	149
0	6	33	28	298	149
6	0	70	65	298	149
384	1246	5	16	298	149
1328	12	820	0	298	149
480	14006	515	19153	298	149
6	1	15	69	298	149
45	34	255	104	298	149
45	124	298	373	298	149
6	2	67	35	298	149
0	5	11	28	298	149
2	243	1	458	298	149
36	53	78	164	298	149
35	319	134	713	298	149
6	170	0	464	238	149
102	87	355	520	298	149
58	4	218	305	298	149
11	14	72	23	298	149
6	17	50	6	298	149
0	2	11	20	298	149
90	0	324	23	298	149
103	332	149	408	222	149
139	833	261	493	298	149
390	24	588	26	298	149
286	179	368	304	298	149
83	217	82	432	220	149
180	0	322	18	242	149
0	18	55	32	298	149
45	3	25	17	219	149
17	102	107	555	294	149
107	172	848	803	298	149
0	6	38	4	272	149
72	1791	37	2378	298	149
10	0	19	2	298	149
15	13	11	29	229	149
128	19	263	29	298	149
0	130	17	162	298	149
22	36	40	193	298	149
1	40	69	115	298	149
6	231	4	76	298	149
5	137	46	112	298	149
25	8	10	77	298	149
42	234	117	518	298	149
1456	4	11	0	272	149
5	0	33	6	298	149
9	0	33	11	298	149
8	0	27	12	298	149
33	8	54	39	298	149
8	219	43	152	298	149
45	145	78	207	257	149
9	313	0	410	298	149
9	347	0	530	298	149
23	226	6	507	298	149
20	13	97	73	298	149
193	13853	336	15983	298	149
0	3	128	10	298	149
1	2	31	11	298	149
63	4317	120	4084	298	149
58	2	87	0	298	149
6	264	0	192	273	149
0	213	16	172	298	149
20	3	5	30	298	149
0	98	18	114	298	149
14	53	12	0	222	149
24	69	24	22	267	149
23	31	28	44	241	149
15	119	79	163	298	149
15	30	0	24	298	149
116	44	192	111	298	149
6	154	0	219	232	149
24	5	897	82	298	149
7	8	83	456	294	149
40	34	1581	784	298	149
17	34	249	920	298	149
41	159	109	199	298	149
41	55	109	139	272	149
24	331	98	380	230	149
8	523	13	452	228	149
25	685	31	444	233	149
20	538	34	251	237	149
14	326	39	166	246	149
23	2	32	0	298	149
40	304	22	162	225	149
12	130	95	151	236	149
14	12	70	9	298	149
22	28	168	235	298	149
80	459	179	522	297	149
10	157	97	144	298	149
27	136	77	146	298	149
5	226	10	272	298	149
777	19	376	0	246	149
35	0	231	18	298	149
0	7	15	0	255	149
51	32	61	37	298	149
7	16	39	14	298	149
940	97	595	290	298	149
15	12	10	47	298	149
5	12	13	84	223	149
19	9	41	313	298	149
10	183	12	186	298	149
11	59	96	542	298	149
0	2	27	132	250	149
27	216	55	397	298	149
49	100	14	150	298	149
36	60	59	231	298	149
47	688	41	496	235	149
23	10	65	22	233	149
2	301	30	812	229	149
170	13	267	0	298	149
89	1517	203	1772	298	149
14	340	73	1048	298	149
5	350	30	876	298	149
0	336	43	938	227	149
20	0	232	28	298	149
4	8	6	0	298	149
52	158	43	449	298	149
26	122	50	266	298	149
6	42	17	222	298	149
19	93	57	270	298	149
69	9	222	8	298	149
28	29	166	60	298	149
62	132	61	289	298	149
28	902	59	767	242	149
9	137	48	413	298	149
30	57	183	146	298	149
17	50	70	295	298	149
0	21	19	357	298	149
15	12	122	35	298	149
28	0	485	54	296	149
11	0	324	10	285	149
0	9	8	134	298	149
5	4	36	78	298	149
200	3	985	0	298	149
202	15	986	38	298	149
172	3	719	6	298	149
1	136	58	398	298	149
0	59	39	307	261	149
215	114	285	35	298	149
3	3	9	13	298	149
6	3	35	9	298	149
80	412	169	371	225	149
6	110	30	1673	298	149
13	0	59	8	298	149
9	106	31	260	298	149
315	57	341	0	298	149
36	16	3	0	222	149
3	20	24	204	298	149
33	2	1	0	298	149
0	51	53	280	298	149
10	215	48	257	298	149
33	249	40	436	269	149
46	360	61	758	235	149
35	0	40	13	298	149
29	414	9	766	298	149
36	2	33	0	298	149
156	0	284	19	291	149
13	0	154	3	298	149
13	47	154	56	298	149
201	2784	191	1438	298	149
100	128	65	170	275	149
287	397	568	287	298	149
25	703	116	799	228	149
24	187	36	327	298	149
122	259	91	406	298	149
4	1	10	45	298	149
49	925	14	338	298	149
91	665	92	408	298	149
3	196	25	449	225	149
27	673	72	685	237	149
543	0	3855	19	298	149
32	230	322	1759	298	149
0	159	83	1536	298	149
11	98	241	929	298	149
115	678	151	1415	284	149
7	13	22	19	298	149
661	64	378	46	298	149
655	186	378	56	298	149
28	402	31	380	298	149
0	12	16	24	298	149
35	49	35	61	298	149
53	21	96	28	298	149
44	19	75	0	291	149
41	3	52	0	272	149
75	15	166	78	230	149
120	9	173	28	298	149
125	19	216	92	298	149
27	128	13	265	266	149
275	4	477	0	269	149
2	42	6	239	298	149
10	0	0	8	298	149
2	54	7	268	298	149
701	35	634	61	298	149
12	291	18	253	298	149
32	20	35	59	298	149
8	11	0	56	298	149
23	418	55	530	228	149
724	11530	1200	17949	298	149
76	29946	228	37971	298	149
0	5	10	128	298	149
3	299	6	211	238	149
7	139	0	144	298	149
7	11	0	6	298	149
8	93	0	191	230	149
29	282	63	118	298	149
4	23	37	165	243	149
99	22	205	147	298	149
60	246	68	250	298	149
173	24	262	16	298	149
11	17	43	33	298	149
19	430	6	73	249	149
11	670	17	107	234	149
23	961	17	168	261	149
13	949	0	162	251	149
94	1316	73	209	298	149
208	7813	767	32994	298	149
259	9394	1368	39467	298	149
2270	0	8848	25	298	149
9308	153	39198	429	298	149
61	9109	293	34827	298	149
12105	21	47971	83	298	149
25	2102	73	1672	298	149
30	53	211	137	298	149
6	6	56	0	298	149
19	1887	15	2731	298	149
16	740	23	1481	298	149
86	545	57	1700	298	149
38	402	62	1239	298	149
41	12	25	38	298	149
0	4	20	42	298	149
93	784	115	1054	222	149
402	1233	638	1450	298	149
32	22	164	75	298	149
33	44	117	12	298	149
5	2	22	32	298	149
23	37	22	49	298	149
147	173	313	425	298	149
192	1	414	0	298	149
24	239	89	726	298	149
24	16	102	0	298	149
24	1	102	0	298	149
344	82	574	163	298	149
701	330	1015	220	298	149
1604	31	1440	24	276	149
5	51	51	46	298	149
10	17	0	3	298	149
36	14	3	8	298	149
42	30	3	147	298	149
63	328	214	514	298	149
0	30	16	192	247	149
66	408	455	3545	298	149
65	0	418	13	266	149
123	433	383	3800	298	149
25	4	39	0	298	149
0	1	120	24	298	149
25	2	59	71	298	149
59	458	57	152	256	149
40	69	127	246	298	149
39	1	104	16	298	149
0	101	10	95	293	149
21	10	80	43	278	149
4	127	0	609	298	149
16	204	117	614	229	149
43	13	136	23	298	149
56	130	203	390	298	149
252	7099	605	17955	298	149
16	303	53	225	298	149
2	0	85	33	298	149
1	39	86	179	298	149
11	0	178	11	298	149
192	0	701	18	249	149
17	2	4	49	265	149
0	5	7	114	298	149
0	4	2	104	298	149
3	13	30	132	298	149
3	29	66	141	236	149
34	0	149	47	298	149
32	38	137	478	298	149
37	0	146	14	298	149
25	13	87	14	298	149
21	30	40	168	298	149
24	27	42	41	287	149
71	9248	64	12202	250	149
24	96	29	194	298	149
5	172	9	309	243	149
3	70	3	313	298	149
5	7	38	107	298	149
4	47	55	105	298	149
16	269	0	514	298	149
43	8	109	33	243	149
0	10	39	82	298	149
25	11	138	126	298	149
6	168	34	175	239	149
64	277	261	269	256	149
6	133	13	408	253	149
13	187	97	518	294	149
67	105	102	280	281	149
7	42	16	119	298	149
191	272	83	250	298	149
103	28	20	35	298	149
2	68	0	56	298	149
0	111	24	971	233	149
577	238	1800	315	298	149
983	22	2855	53	298	149
937	110	2737	671	298	149
0	45	48	164	298	149
4	19	0	23	298	149
5	5	16	0	298	149
145	115	779	379	298	149
2	196	26	187	298	149
10	126	8	183	298	149
8	1	78	0	298	149
18	37	125	182	298	149
60	1845	49	3364	298	149
60	7	108	0	287	149
20	193	41	502	298	149
0	104	19	99	298	149
15	33	20	140	298	149
31	44	82	92	298	149
28	63	51	114	270	149
1644	227	1141	196	175	149
0	4	6	196	298	149
19	17	247	128	298	149
7	21	121	146	298	149
41	759	8	264	232	149
0	8	15	32	298	149
50	39	147	158	298	149
29	25	112	114	217	149
21	29	157	88	298	149
8	153	0	341	225	149
80	960	43	503	298	149
121	867	109	284	298	149
627	788	368	282	298	149
8	141	54	91	298	149
105	87	154	195	298	149
22	76	63	174	298	149
35	86	181	93	298	149
41	22	68	46	298	149
9	2	73	7	240	149
22	58	107	170	250	149
10	33	37	160	255	149
7	4	63	0	292	149
29	1	229	0	298	149
15	0	249	5	298	149
27	23	227	77	298	149
30	0	477	5	291	149
174	21	412	93	298	149
0	85	7	675	298	149
77	1093	184	1763	298	149
16	1	65	0	244	149
16	4	65	0	249	149
1760	50	3726	214	298	149
1750	10	3689	8	298	149
16	18	73	62	298	149
4	22	0	277	298	149
279	6	2010	72	298	149
143	157	896	1967	298	149
7	6	0	25	298	149
372	486	450	614	298	149
337	4	650	57	298	149
365	48	843	91	298	149
331	257	951	219	298	149
296	14	1191	51	298	149
360	1954	1192	5998	298	149
74	1901	532	5328	298	149
130	1392	525	4746	298	149
4	1306	6	5924	297	149
16	1136	219	6596	298	149
2	1068	13	1370	298	149
188	449	505	368	239	149
21	41	174	454	298	149
155	6	240	0	298	149
35	128	84	44	298	149
0	34	5	64	298	149
15	45	82	40	298	149
26	293	118	1989	298	149
192	2166	1	8	234	149
127	1401	0	1	236	149
10	12	67	85	229	149
4	23	2	64	237	149
16	939	16	1028	298	149
8	693	2	986	298	149
4	801	0	1419	298	149
257	911	349	926	229	149
34	1	54	26	232	149
0	92	14	322	240	149
12	31	196	68	250	149
0	9	46	526	298	149
6	40	115	341	298	149
5	12	76	154	298	149
0	7	21	217	298	149
0	5	5	21	298	149
8	149	37	144	298	149
2	15	52	152	298	149
46	33	348	26	281	149
6	71	33	453	298	149
0	7	16	21	298	149
1003	0	1088	8	298	149
36	712	82	1160	298	149
6	586	24	1482	298	149
48	9	61	0	298	149
9	6	55	19	298	149
0	11	40	26	298	149
0	9	5	62	298	149
5	0	102	15	298	149
3	9	19	389	298	149
0	25	2	194	298	149
0	10	92	4	244	149
0	7	105	14	292	149
10	2	81	41	266	149
3	14	0	35	279	149
811	63	242	56	298	149
0	2	18	0	250	149
13	57	38	59	298	149
992	2955	33	4	298	149
591	597	0	15	298	149
13	242	39	341	298	149
32	44	60	96	298	149
143	7	398	2	298	149
150	18	304	25	298	149
147	5	313	20	298	149
165	4	425	0	298	149
16	2	16	13	298	149
8	5	134	6	298	149
0	37	4	156	298	149
7	14	16	30	298	149
3	2	28	17	234	149
15	290	17	692	298	149
8	3	81	0	298	149
50	0	274	11	298	149
11	46	122	221	298	149
2430	1355	239	637	298	149
0	87	13	120	298	149
2	104	0	153	298	149
21	3	34	59	298	149
10	11	8	44	298	149
11	8	13	8	298	149
7	0	0	43	298	149
5	117	42	2828	298	149
0	167	79	4398	298	149
111	2044	448	17666	298	149
682	337	43	15	298	149
435	251	8	11	253	149
389	1	8	0	234	149
86	18	18	0	257	149
52	1	71	0	298	149
8	3	7	0	298	149
104	6617	52	3514	298	149
40	132	48	156	231	149
287	6	251	41	298	149
94	6	275	7	298	149
204	292	114	185	229	149
99	140	368	382	273	149
14	93	127	301	267	149
2	0	41	8	298	149
91	524	264	1152	298	149
83	1141	86	2038	240	149
49	308	109	491	298	149
17	1	61	10	298	149
8	5	69	3	298	149
3	240	21	336	259	149
2	0	57	86	260	149
1	27	21	433	298	149
6	139	23	283	225	149
30716	1090	20543	721	217	149
3	20	0	37	298	149
114	2832	46	1604	298	149
277	1541	209	1030	298	149
101	134	109	62	298	149
201	3	243	0	298	149
64	239	84	76	238	149
9	8	25	30	298	149
9260	58	11832	74	298	149
12	98	34	47	298	149
3	117	19	42	298	149
5	173	24	76	220	149
26	27	72	139	298	149
0	64	45	169	241	149
16	48	51	15	298	149
16	3	41	23	298	149
93	7	192	0	298	149
96	225	168	155	298	149
62	3	166	0	298	149
58	321	79	151	298	149
81	2	82	0	298	149
28	269	11	89	298	149
10	356	18	150	298	149
345	7202	509	4866	298	149
62	10	64	6	298	149
53	1062	94	3341	298	149
36	584	119	3085	298	149
0	3	10	16	298	149
0	7	12	11	298	149
0	53	63	151	298	149
110	223	197	200	298	149
20	4	2	15	298	149
24	15	2	13	298	149
7	14	36	0	298	149
23	6	18	0	298	149
0	8	3	31	298	149
1559	1916	50	17	298	149
246	2607	0	22	232	149
228	3369	0	76	220	149
1890	11376	69	88	298	149
4	44	66	199	298	149
37	14	80	15	298	149
75	331	182	455	298	149
19	303	33	359	220	149
41	1	32	14	242	149
169	1177	237	1045	298	149
6	0	8	10	288	149
1	4	8	0	227	149
248	6927	125	1501	298	149
83	3224	92	1170	235	149
4	21	16	66	298	149
4	3	16	0	298	149
6	0	15	59	298	149
17	2	76	34	298	149
16	5	91	61	298	149
1	12	42	129	179	149
0	12	6	15	296	149
162	24	175	0	298	149
0	11	31	315	298	149
0	6	4	0	298	149
0	23	6	77	298	149
11	50	0	199	298	149
7	97	7	111	298	149
0	160	13	466	298	149
571	10	1284	0	298	149
17	75	93	376	298	149
20	0	57	11	298	149
52	71	102	75	298	149
0	24	6	256	229	149
8	27	48	733	229	149
2210	9	8	0	298	149
2334	18133	20	823	298	149
617	6863	36	509	298	149
0	31	4	107	227	149
181	1762	342	1510	298	149
338	1899	444	1319	298	149
586	12	770	74	292	149
36	168	115	580	261	149
1	189	27	686	298	149
0	9	14	42	220	149
0	1	13	29	298	149
1780	47	9780	226	298	149
163	3785	736	21782	298	149
132	2553	463	11972	283	149
78	3437	30	727	298	149
0	52	38	179	225	149
135	1168	91	398	229	149
241	1099	292	413	222	149
266	1334	307	495	222	149
351	691	334	316	298	149
199	621	213	536	247	149
2	49	8	68	298	149
4	0	45	16	298	149
11	9	17	0	298	149
121	371	56	594	298	149
4	1	0	40	298	149
150	1070	399	1641	298	149
170	1221	519	2048	298	149
234	10	746	35	298	149
323	1269	886	1961	298	149
124	6	377	0	298	149
165	1429	345	2626	298	149
101	867	296	1554	298	149
270	827	704	1979	298	149
54	1611	218	4133	298	149
90	1873	627	5420	298	149
9	28	23	161	240	149
0	1	10	51	229	149
10	2	50	27	298	149
0	4	24	39	298	149
5	6	87	0	229	149
13	10	133	125	298	149
28	50	66	187	298	149
3	0	27	15	298	149
10	25	28	130	298	149
3	168	19	620	298	149
13	211	67	313	298	149
62	1	291	26	242	149
27	0	1003	108	298	149
115	6136	120	10762	233	149
27	5341	98	10320	298	149
157	7	170	4	298	149
151	4	139	0	298	149
4	65	0	194	298	149
0	8	7	78	298	149
38	7	89	26	298	149
167	1	389	42	298	149
10	23	70	119	298	149
0	6	36	72	298	149
20	32	20	0	298	149
8	49	20	76	298	149
138	250	81	812	298	149
5	0	38	9	298	149
19	569	49	1272	298	149
4	10	0	6	298	149
0	6	5	54	298	149
11	28	0	85	298	149
25	154	36	224	231	149
25	145	40	196	298	149
1545	6	827	0	263	149
23	499	48	284	298	149
30	309	18	35	298	149
92	820	129	631	219	149
0	3	12	45	298	149
7	43	7	231	298	149
3	116	57	297	252	149
150	41	184	167	298	149
0	4	14	21	298	149
19	48	6	27	282	149
47	33	35	80	298	149
39	26	63	51	242	149
45	43	79	57	298	149
9	104	0	69	259	149
160	616	86	449	298	149
18	798	49	537	281	149
165	2046	163	1554	298	149
337	21	274	10	298	149
135	33	103	0	298	149
136	1381	224	1113	261	149
36	912	17	849	285	149
17	0	105	21	232	149
17	117	105	198	247	149
118	168	183	174	298	149
206	14	213	22	298	149
8	191	56	186	223	149
95	244	74	177	240	149
5	25	11	35	241	149
59	275	28	43	298	149
24	653	46	96	229	149
11	14	45	5	298	149
4	2	105	27	288	149
2	14	0	35	298	149
155	1	1097	41	203	149
210	2	1240	25	263	149
281	0	2039	6	290	149
147	574	279	591	298	149
130	109	58	52	298	149
5	4	2	9	298	149
1	144	26	390	298	149
0	11	1	92	298	149
17	40	30	41	283	149
9	0	58	32	233	149
9	0	61	8	236	149
38	1906	57	2427	226	149
214	3522	542	2609	298	149
5	15	44	132	298	149
34	105	47	317	298	149
36	95	76	268	298	149
14	140	5	386	298	149
2	115	29	286	298	149
23	66	9	85	298	149
56	0	133	13	224	149
9	130	0	685	298	149
2	225	0	632	298	149
14	220	31	568	298	149
18	200	82	481	298	149
18	2	83	0	298	149
180	299	121	717	298	149
36	856	35	103	298	149
53	4	33	0	298	149
12	624	0	147	242	149
8	438	0	229	298	149
10	414	31	216	228	149
10	145	21	166	271	149
242	1	169	0	221	149
7	89	8	46	298	149
39	7	112	3	298	149
2	22	12	44	238	149
51	13	109	63	298	149
31	141	33	361	257	149
54	68	313	340	298	149
53	102	41	199	298	149
109	245	112	491	298	149
76	120	181	585	298	149
22	2	44	0	298	149
15	46	143	379	298	149
56	0	56	16	260	149
52	7	43	22	204	149
219	72	96	87	242	149
209	3	97	0	298	149
196	0	73	3	298	149
190	4	104	0	298	149
421	8	82	0	298	149
408	92	58	116	298	149
75	491	98	438	278	149
577	9	399	75	298	149
67	10	58	69	298	149
27	0	241	24	298	149
48	1637	143	1617	298	149
63	4	177	32	298	149
127	1229	235	1248	223	149
27	1065	88	1341	242	149
3272	1205	2877	861	298	149
549	18	379	0	258	149
202	5227	224	2824	241	149
70	5587	53	2099	235	149
159	272	76	232	239	149
69	343	105	1895	298	149
7	0	177	8	298	149
13	6	130	45	298	149
3	18	49	0	298	149
3	51	49	456	298	149
3	0	68	21	298	149
7	28	114	829	298	149
8	53	58	684	232	149
9	71	88	362	298	149
17	55	100	599	298	149
2	168	5	713	228	149
3	102	8	492	243	149
21	108	39	422	298	149
21	42	58	145	298	149
30	216	99	649	298	149
69	407	48	717	298	149
0	64	10	146	239	149
27	0	100	8	255	149
17	31	61	59	222	149
18	124	9	67	218	149
69	88	68	38	298	149
65	90	171	155	298	149
61	308	79	204	279	149
48	12	79	0	256	149
147	0	139	13	298	149
38	227	19	389	298	149
19	38	70	265	285	149
224	10685	294	10325	298	149
731	7891	960	12200	298	149
27	158	18	215	298	149
201	4	426	4	298	149
27	0	68	28	221	149
3	13	0	254	298	149
0	85	18	225	298	149
0	44	20	1374	298	149
95	474	175	497	298	149
1	101	77	366	298	149
430	231	1539	1984	298	149
195	180	1515	1835	298	149
112	236	171	477	298	149
10	0	82	5	298	149
19	186	85	1085	298	149
138	4	283	9	236	149
252	153	167	55	246	149
31	277	20	340	249	149
17	54	15	45	240	149
9	23	7	11	298	149
4	9	6	23	298	149
3	17	15	33	240	149
22	3	62	48	225	149
22	0	69	3	229	149
21	23	73	98	298	149
14	46	71	79	249	149
543	22	442	21	298	149
189	0	206	12	298	149
1	5	0	48	298	149
8	0	81	36	298	149
20	219	103	1554	298	149
13	248	31	1542	242	149
269	33	459	35	298	149
150	78	325	83	298	149
281	660	454	523	298	149
162	415	320	355	298	149
154	3343	217	1952	298	149
271	2544	402	1120	230	149
19	88	146	208	298	149
23	0	39	14	298	149
16	47	19	122	298	149
2	0	53	26	298	149
114	4	922	0	298	149
80	113	318	1110	298	149
68	19	68	9	298	149
69	15	68	8	298	149
1	6	11	16	298	149
0	6	3085	13572	298	149
36	22	47	39	298	149
65	14	61	43	298	149
71	19	106	12	298	149
69	0	81	7	298	149
14	22	0	77	268	149
91	0	97	2	298	149
5	107	135	328	298	149
10	189	144	711	298	149
3	11	22	150	253	149
38	32	31	167	252	149
4	35	20	185	298	149
2	86	28	335	226	149
63	408	43	166	232	149
10	327	0	181	232	149
0	13	55	60	235	149
73	293	243	1329	236	149
424	0	1672	2	150	149
214	507	823	1325	298	149
12	17	0	73	298	149
6	81	65	159	298	149
432	124	684	82	298	149
0	8	43	88	298	149
57	44	65	156	233	149
18	11	96	45	298	149
18	34	80	160	298	149
15	5	0	31	284	149
189	11656	167	23052	298	149
116	18862	275	39265	298	149
0	11	10	28	278	149
19	22	118	134	298	149
9	25	2	61	298	149
31	324	136	343	298	149
10	5	104	34	240	149
9	38	0	67	298	149
3	3	21	0	298	149
3	2	21	59	298	149
0	7	21	90	275	149
695	16105	92	1528	298	149
8191	171	2127	25	251	149
51	418	46	338	271	149
8	228	19	215	293	149
5	6	18	10	257	149
14	84	15	318	298	149
6	97	7	207	298	149
6	0	0	12	298	149
0	1	8	23	298	149
0	253	40	644	249	149
3	33	42	128	298	149
1766	819	1082	635	288	149
1621	0	1064	10	265	149
2043	14	1208	0	298	149
35	32	8	94	298	149
5	80	15	105	298	149
22	348	50	829	298	149
48	1088	270	2351	298	149
0	121	74	464	298	149
25	4	73	2	298	149
10	38	64	99	238	149
17	66	20	119	268	149
23	80	29	171	298	149
35	16	30	0	298	149
76	1	169	10	298	149
62	2205	57	2036	298	149
183	3	199	5	298	149
32	2329	84	2117	298	149
6	39	12	194	231	149
28	47	0	116	298	149
0	2	64	252	298	149
0	4	3	95	298	149
4	14	51	30	298	149
4	19	51	299	298	149
0	60	25	362	298	149
0	4	1	0	298	149
4	101	18	207	298	149
49	215	23	289	298	149
11	185	18	253	245	149
8	130	0	279	298	149
42	11	54	152	298	149
21	453	0	207	231	149
18	173	23	165	298	149
6	136	0	180	298	149
94	99	142	201	235	149
135	44	308	166	298	149
4	6	21	107	225	149
9	416	12	768	298	149
510	0	448	14	298	149
588	504	483	266	298	149
62	1388	4	573	226	149
143	3675	277	4130	223	149
1313	29	1713	59	280	149
61	845	66	528	298	149
80	564	14	345	296	149
161	286	113	398	298	149
4	201	8	90	221	149
35	112	17	36	228	149
14	159	58	309	298	149
45	376	4	249	222	149
8	0	7	15	271	149
189	1	346	0	298	149
176	2	349	0	298	149
83	191	62	170	217	149
69	3	62	0	199	149
106	68	59	21	298	149
117	6	69	0	298	149
176	1247	218	928	267	149
269	1231	246	909	298	149
170	905	191	1048	275	149
567	96	761	76	298	149
228	819	425	892	298	149
140	1005	99	1248	298	149
43	0	61	21	298	149
19	952	131	1266	265	149
19377	259	29448	492	212	149
51	21	91	78	237	149
2	2	34	0	298	149
0	84	8	95	298	149
56	67	65	164	298	149
19	26	0	44	298	149
47	1506	31	1342	298	149
24	20	269	10	255	149
3	0	64	6	298	149
0	4	10	16	298	149
13	310	50	548	298	149
11	3	30	0	298	149
5	665	44	1512	256	149
0	6	34	16	298	149
30	312	87	2253	298	149
7	10	101	22	298	149
169	71	331	109	298	149
8	22	5	0	298	149
19	5	106	13	298	149
32	155	106	123	298	149
13	134	128	131	238	149
16	6	92	0	298	149
16	2	120	0	298	149
25	110	124	91	275	149
3	188	14	110	298	149
15	211	79	84	298	149
37	311	92	117	252	149
37	0	92	7	239	149
68	23	133	24	298	149
27	798	34	806	298	149
47	0	370	10	298	149
42	139	114	1240	298	149
2	147	75	80	220	149
84	4	77	0	298	149
50	70	51	121	298	149
13	71	43	119	230	149
7	0	10	8	298	149
5	1	15	24	298	149
1	3	9	0	298	149
0	27	16	63	298	149
0	112	18	202	234	149
16	81	9	127	236	149
94	55	255	173	298	149
457	7	529	0	298	149
118	17	147	13	245	149
17	596	77	764	225	149
32	246	55	512	298	149
5	68	91	211	298	149
44	109	37	332	298	149
0	178	7	384	298	149
2	160	21	561	298	149
7	9	62	120	298	149
25	171	40	534	298	149
26	15	318	59	298	149
4	16	0	32	298	149
15	1	0	18	298	149
16	454	8	454	298	149
344	539	204	371	298	149
7	151	1	662	298	149
1	151	60	414	298	149
92	162	103	139	298	149
164	613	703	2592	298	149
27	2314	192	13827	249	149
81	2213	658	12705	298	149
117	2810	357	13973	298	149
233	4	905	0	298	149
202	3541	810	13610	298	149
299	6008	712	19435	298	149
36	3	372	0	298	149
28	214	42	230	280	149
10	0	14	13	298	149
1	28	0	205	298	149
34	11	64	99	298	149
34	13	64	47	298	149
88	22	197	100	298	149
15	354	73	436	298	149
19	189	59	321	298	149
7	151	5	310	298	149
4	110	21	209	298	149
0	13	4	0	298	149
73	40	67	11	298	149
22	30	53	51	298	149
23	4	68	0	298	149
14	10	96	100	298	149
48	36	57	0	298	149
55	4	110	0	248	149
0	14	8	34	298	149
0	16	10	726	235	149
35	92	27	34	251	149
115	28	57	2	298	149
0	17	8	162	298	149
5	135	48	341	298	149
9	4	104	11	298	149
0	9	14	24	298	149
92	1171	144	3060	298	149
38	1418	64	4004	298	149
20	227	116	313	298	149
16	802	29	3211	298	149
8	813	45	3291	298	149
167	19387	152	30573	298	149
765	16993	771	30965	228	149
793	2	1730	0	298	149
713	2	822	0	298	149
686	9004	1790	17336	298	149
2	8	55	54	298	149
4	6	32	7	271	149
5	0	357	49	298	149
2	32	0	41	298	149
67	307	96	225	298	149
59	2	83	0	298	149
2	161	0	140	298	149
182	0	233	2	241	149
71	334	100	665	298	149
85	4	310	0	233	149
120	10	327	46	298	149
114	924	20	238	245	149
0	37	5	102	298	149
38	193	100	256	298	149
0	7	10	46	243	149
36	21	90	12	298	149
9	6	4	14	298	149
9	1	4	8	298	149
291	10	177	3	298	149
0	9	11	76	226	149
14	0	86	10	298	149
54	616	15	185	298	149
2	22	1	186	264	149
38	27	70	76	298	149
1396	215	1359	135	264	149
85	418	177	380	298	149
10	1373	20	786	298	149
8	1	9	0	233	149
57	626	133	543	229	149
79	481	82	350	222	149
399	3806	18	50	227	149
22	43	20	19	298	149
1	40	0	35	229	149
2	33	0	72	228	149
3	5	0	62	298	149
2	106	133	172	298	149
111	10	78	69	298	149
36	50	65	36	250	149
43	147	37	99	298	149
22	149	31	139	298	149
18	150	2	31	298	149
16	104	0	26	293	149
28	51	0	4	298	149
124	18	86	0	298	149
127	83	146	142	298	149
40	140	44	194	298	149
261	0	762	10	298	149
319	128	656	181	298	149
262	4	570	5	298	149
3	1	34	123	223	149
8	4	77	12	298	149
9	0	13	24	251	149
1	0	11	5	229	149
95	296	94	294	257	149
11	73	3	0	298	149
57	2373	88	466	238	149
103	260	64	231	298	149
54	469	36	491	291	149
214	940	491	2510	298	149
38	273	51	246	298	149
293	463	13	57	236	149
219	4908	13	511	230	149
2565	7	307	0	286	149
63	6065	0	519	229	149
170	5	369	0	298	149
17	23	30	105	298	149
52	26	75	172	298	149
51	20	288	310	298	149
0	29	8	97	298	149
1	38	0	95	298	149
3	4	3	0	252	149
67	18	46	4	298	149
19	7	15	0	295	149
4	30	16	20	298	149
3	44	17	0	298	149
34	265	61	727	242	149
73	248	214	465	252	149
78	2	180	11	298	149
3	356	31	1145	298	149
6	119	83	569	298	149
8	103	94	527	296	149
4	84	56	451	298	149
3	103	128	754	298	149
0	126	27	1052	298	149
5	96	2	826	265	149
681	29	109	22	298	149
0	6	13	11	298	149
197	6	146	22	298	149
0	75	23	300	298	149
50	432	282	2597	298	149
16	253	169	2583	298	149
14	195	65	1939	298	149
21	125	92	2074	298	149
6	2	99	6	298	149
62	298	96	278	288	149
172	303	74	174	298	149
186	0	122	24	298	149
3	49	58	448	298	149
1	0	40	49	229	149
1	8	19	67	224	149
0	2	8	59	298	149
7	75	97	211	298	149
6	664	7	656	234	149
14	47	84	154	298	149
7	16	13	109	298	149
8	5	94	43	298	149
4	3	171	0	298	149
20	65	67	105	222	149
0	79	4	555	298	149
5	0	0	15	219	149
32	0	90	51	298	149
32	7	90	17	298	149
9	105	5	225	248	149
55	83	164	76	298	149
26	193	105	251	298	149
0	4	29	0	298	149
10	0	56	21	298	149
9	18	47	87	298	149
64	559	208	410	298	149
0	440	8	933	298	149
0	12	8	102	298	149
51	297	108	748	298	149
17	613	40	648	298	149
47	767	31	768	284	149
1	5	45	136	298	149
0	26	21	186	298	149
0	20	77	179	298	149
452	8	305	0	298	149
0	23	41	81	262	149
1	15	96	39	298	149
0	6	11	97	235	149
21	98	17	163	298	149
33	136	0	206	298	149
2	67	52	66	222	149
28	61	63	104	298	149
0	31	10	124	220	149
15	193	147	1129	298	149
24	2	5	14	298	149
13	236	56	434	298	149
11	236	78	504	298	149
6	103	37	414	298	149
9	2	22	14	298	149
2	35	0	164	280	149
4	15	83	57	229	149
6	90	50	180	298	149
27	300	52	469	260	149
22	3	61	0	298	149
121	393	2369	3438	242	149
4	177	114	2659	298	149
13	73	127	2355	298	149
43	465	83	650	298	149
38	0	61	53	254	149
38	63	29	298	246	149
0	23	2	212	298	149
192	8	384	0	266	149
25	0	118	7	298	149
7	43	9	24	231	149
163	19	106	0	298	149
199	104	435	132	298	149
0	42	14	197	257	149
0	44	7	153	230	149
24	41	285	73	298	149
50	1149	104	985	298	149
150	10	106	13	298	149
24	6	94	33	298	149
447	34	623	208	298	149
118	0	113	12	298	149
680	5	1195	13	298	149
88	225	266	453	298	149
109	163	117	405	298	149
50	211	52	446	298	149
101	167	208	318	298	149
53	9	148	59	298	149
41	131	132	265	298	149
40	152	118	289	298	149
33	15	184	41	298	149
44	205	154	398	298	149
24	158	63	317	298	149
31	58	111	73	298	149
83	83	222	116	296	149
154	6	333	0	298	149
2	31	10	122	298	149
175	255	363	642	298	149
225	22	58	52	271	149
42	344	13	157	223	149
31	383	86	186	298	149
412	5	375	0	298	149
100	163	228	173	298	149
210	522	215	572	298	149
202	386	88	170	241	149
67	3965	65	1610	288	149
27	5	202	92	298	149
10	81	64	207	259	149
44	106	97	50	298	149
9	27	0	60	234	149
18	23	4	38	269	149
41	67	54	107	298	149
17	39	22	42	298	149
353	13	1379	18	231	149
3	43	3	33	298	149
28	12	80	0	298	149
22	145	41	220	298	149
80	92	163	146	298	149
18	9	50	24	298	149
11	257	0	345	224	149
73	677	44	544	298	149
297	0	281	5	263	149
6	3	23	0	298	149
156	1742	118	438	266	149
191	42	126	27	271	149
7	113	21	118	232	149
12	721	11	1724	244	149
13	73	21	288	280	149
72	729	73	102	216	149
14	384	49	865	298	149
34	850	22	834	298	149
30	75	15	52	298	149
28	49	41	120	298	149
2	59	62	163	298	149
33	191	230	250	298	149
97	11	318	0	298	149
51	212	209	267	298	149
817	13	600	14	250	149
11	25	24	103	245	149
3	3	6	80	278	149
3	15	2	50	298	149
116	175	200	107	298	149
6	19	127	298	298	149
43	860	299	9364	298	149
4	73	16	206	216	149
198	11447	335	18868	298	149
5556	72	11727	141	298	149
12	1	45	0	298	149
7	120	45	14	298	149
6	128	0	189	235	149
18	120	6	221	298	149
2	0	0	6	298	149
13	312	69	370	298	149
69	21	376	64	298	149
0	21	1	87	298	149
70	435	72	254	222	149
133	5	119	0	298	149
114	502	147	230	234	149
274	213	175	108	262	149
1	4	21	67	298	149
1	64	15	286	298	149
2	41	51	330	298	149
2	7	6	82	298	149
89	609	147	646	298	149
21	78	46	26	242	149
9	10	42	46	298	149
62	0	414	11	298	149
112	420	136	672	298	149
39	3	103	43	298	149
27	110	24	314	298	149
22	114	0	687	251	149
47	20	19	0	242	149
215	0	125	8	298	149
8	33	21	311	298	149
20	29	25	57	298	149
0	52	12	347	298	149
16	77	250	513	298	149
6	69	69	407	298	149
0	5	2	0	298	149
31	85	31	297	294	149
63	209	57	47	298	149
12	101	38	88	298	149
11	1	128	62	298	149
6	3	0	45	245	149
122	45	699	350	266	149
5	14	9	52	298	149
7	1	9	0	298	149
26	16	86	98	298	149
24	253	105	358	298	149
15	25	112	128	298	149
66	732	60	615	270	149
70	27	115	66	298	149
51	646	88	419	292	149
6	20	21	156	298	149
137	512	127	489	298	149
107	1	157	0	253	149
49	7	70	20	298	149
44	154	70	554	298	149
607	13	118	0	298	149
21	750	50	2036	298	149
0	19	61	1212	298	149
0	28	43	385	298	149
73	55	171	100	298	149
72	3029	140	6008	298	149
4	4	8	48	298	149
16	104	7	120	219	149
41	57	0	15	296	149
10	2	0	42	298	149
0	114	7	1428	298	149
35	23	177	109	298	149
206	3972	229	3126	298	149
6	39	8	98	298	149
0	4	17	13	298	149
45	0	33	10	298	149
69	693	120	589	298	149
105	569	87	470	243	149
39	318	65	522	298	149
67	5	63	67	298	149
202	259	355	195	298	149
230	8	353	8	298	149
38	577	44	677	292	149
12	184	93	477	298	149
33	0	174	20	298	149
6	4	15	148	298	149
191	14114	1557	103898	298	149
0	20	18	287	228	149
249	2460	447	4905	245	149
14	103	38	198	278	149
60	194	77	305	298	149
6	18	0	94	298	149
195	2100	259	1781	298	149
8	6	0	15	298	149
4	39	26	195	298	149
37	262	12	311	234	149
5	72	14	129	298	149
10	90	8	284	298	149
7	0	66	23	298	149
0	25	4	275	298	149
99	560	52	498	225	149
116	12	62	0	246	149
126	264	73	368	257	149
16	185	1	190	298	149
17	63	22	48	298	149
141	507	225	1154	298	149
938	167	553	201	298	149
0	9	17	24	298	149
3	12	27	104	298	149
4	14	19	84	298	149
1	3	14	0	298	149
1	60	14	77	283	149
11	54	42	93	298	149
49	95	55	129	298	149
24	99	37	115	292	149
337	133	111	43	298	149
302	605	90	349	298	149
190	9	63	9	259	149
4	0	15	16	298	149
34	0	266	45	298	149
10	77	20	30	298	149
38	270	9	79	298	149
96	207	451	427	298	149
1159	225	423	76	227	149
8	30	10	2	240	149
3	1	32	0	298	149
0	19	11	208	298	149
242	209	280	75	298	149
11	533	1	329	298	149
8	1	26	0	298	149
2	0	16	60	298	149
2	0	16	21	298	149
112	0	134	6	298	149
0	25	23	117	251	149
20	0	79	10	298	149
19	31	88	62	298	149
17	2	79	0	298	149
19	5	91	18	298	149
15	37	15	76	298	149
4	14	6	17	298	149
2	7	0	14	252	149
518	3	174	0	298	149
29	224	7	175	298	149
24	862	307	5618	298	149
25	558	92	1214	298	149
101	11	387	17	298	149
24	0	21	16	298	149
342	33	600	26	274	149
122	841	113	774	298	149
7	28	14	41	298	149
2239	1749	307	1915	298	149
306	1499	24	2476	298	149
272	945	1642	5609	298	149
24	206	701	1013	298	149
4	160	0	1988	248	149
0	4	111	274	298	149
14	0	42	8	298	149
1415	22367	205	11556	298	149
5	0	20	22	298	149
20	0	172	135	298	149
24	0	366	43	254	149
4	7	33	19	298	149
6	11	14	0	298	149
253	336	316	288	298	149
10	117	81	357	298	149
65	23	69	18	298	149
39	234	30	48	281	149
51	1208	46	275	298	149
206	1	111	0	298	149
135	3188	61	530	272	149
0	13	9	32	298	149
102	3	185	0	221	149
0	28	15	39	298	149
1	35	0	87	242	149
55	136	121	153	298	149
0	36	4	344	274	149
9	41	18	276	249	149
22	24	37	61	298	149
73	633	2	106	266	149
47	0	165	22	298	149
30	11	102	0	298	149
36	8	102	4	298	149
32	3	58	28	243	149
9	75	23	173	298	149
0	102	6	505	298	149
21	164	157	751	298	149
174	41	642	293	298	149
55	270	130	298	298	149
4	24	65	48	298	149
9	0	19	54	298	149
18	195	39	1600	298	149
35	72	15	179	298	149
26	48	66	87	275	149
373	7	478	0	238	149
191	219	124	276	298	149
7	70	25	290	298	149
7	22	9	188	298	149
3	8	9	211	221	149
4	13	0	10	298	149
541	0	1166	7	298	149
558	3154	1163	5615	298	149
411	20	933	34	298	149
461	21	1058	57	298	149
69	3391	280	5735	298	149
91	2	209	19	298	149
59	31	165	37	298	149
55	5	42	0	243	149
100	3752	125	6188	269	149
248	16	313	55	273	149
182	25	359	219	298	149
7	47	38	292	298	149
4	1	16	0	229	149
9	3	75	0	298	149
4	147	24	590	298	149
3	130	59	401	298	149
36	12	40	0	217	149
47	353	44	457	241	149
54	1	20	34	298	149
37	479	13	493	298	149
3	34	8	124	298	149
12	8	168	21	298	149
29	8	218	17	298	149
27	5	207	8	298	149
147	9	353	0	298	149
25	269	56	508	298	149
20	261	109	416	298	149
22	3	30	0	275	149
84	4	166	2	298	149
0	17	55	114	298	149
9	7	138	39	298	149
367	196	296	77	275	149
122	19	159	49	298	149
44	70	351	264	298	149
23	350	53	878	298	149
18	86	41	623	298	149
90	22	606	184	298	149
3	49	15	408	298	149
1	73	20	116	298	149
12	11	10	26	249	149
0	4	30	0	298	149
2	10	26	78	235	149
5	1	62	0	298	149
293	65	1845	184	298	149
43	338	223	1183	226	149
4	36	13	49	235	149
15	50	99	68	298	149
5	58	0	13	298	149
39	210	85	120	298	149
45	322	105	231	298	149
86	399	124	374	298	149
13	0	155	36	226	149
0	23	4	48	298	149
10	76	27	233	298	149
8	2	17	0	209	149
8	234	17	427	230	149
14	334	20	418	235	149
44	0	206	7	215	149
5	155	21	1601	298	149
77	861	257	2361	298	149
40	879	150	1951	298	149
76	69	98	24	298	149
18	0	124	34	236	149
13	406	166	3477	298	149
10	0	148	20	298	149
16	5	196	23	298	149
29	12	287	38	298	149
50	1142	166	3922	298	149
57	1695	79	4531	298	149
518	4337	1055	8207	298	149
66	5948	114	9540	298	149
277	5822	360	6720	238	149
18	312	39	328	228	149
2	235	22	401	224	149
80	9	78	32	272	149
249	309	964	798	298	149
84	2181	280	4789	298	149
0	41	83	203	298	149
83	283	51	120	298	149
61	11	341	0	298	149
10	2	16	47	298	149
14	9	52	21	298	149
39	6	294	0	298	149
46	38	101	70	298	149
35	17	37	84	298	149
0	8	14	27	298	149
16	0	106	14	298	149
14	17804	27	27709	253	149
3	0	36	21	233	149
7	56	14	421	298	149
8	89	32	287	245	149
17	126	11	233	298	149
0	32	8	62	298	149
125	4028	29	2592	298	149
14	7	0	38	264	149
14	15	37	61	241	149
22	14	73	54	298	149
44	53	247	24	298	149
101	179	134	411	298	149
3	33	123	259	298	149
27	536	27	25	298	149
310	25	98	5	298	149
139	0	627	27	298	149
43	2106	378	10701	298	149
10	0	106	11	298	149
12	109	154	917	298	149
56	10	87	0	248	149
30	97	70	189	224	149
61	470	28	2923	298	149
0	76	6	233	298	149
38	411	44	1830	239	149
75	237	143	953	298	149
13	305	11	127	240	149
189	34	144	39	298	149
53	178	17	212	252	149
0	299	61	3098	298	149
10	292	172	2655	298	149
4	285	31	1948	298	149
10	0	78	6	298	149
0	18	78	291	298	149
0	34	24	115	298	149
3	8	27	100	298	149
0	4	49	60	298	149
508	57	755	40	298	149
64	204	196	264	298	149
361	3653	69	244	298	149
1557	1263	252	49	298	149
0	1	8	31	298	149
44	14	62	79	298	149
13	37	71	156	298	149
19	29	33	158	298	149
585	97	1788	350	298	149
459	241	539	132	298	149
406	8	462	0	298	149
277	265	171	118	227	149
6	370	61	1385	298	149
14	210	0	274	298	149
