IncLevel1	IncLevel2	IncLevelDifference
0.172	0.265	-0.093
0.699	0.773	-0.074
0.024	0.035	-0.011
0.208	0.211	-0.003
0.046	0.073	-0.027
0.317	0.28	0.037
0.084	0.047	0.037
0.344	0.197	0.147
0.017	0.0	0.017
0.585	0.782	-0.197
0.047	0.017	0.03
0.024	0.076	-0.052
0.583	0.146	0.437
0.136	0.38	-0.244
0.105	0.396	-0.291
1.0	0.955	0.045
0.982	0.965	0.017
1.0	0.948	0.052
0.176	0.326	-0.15
0.0	1.0	-1.0
0.267	0.209	0.058
0.079	0.246	-0.167
0.261	0.239	0.022
0.02	0.016	0.004
0.628	0.657	-0.029
0.0	1.0	-1.0
0.333	0.385	-0.052
0.039	0.107	-0.068
0.456	0.528	-0.072
0.48	0.525	-0.045
0.0	1.0	-1.0
0.75	0.04	0.71
0.167	0.27	-0.103
0.0	0.333	-0.333
0.011	0.015	-0.004
0.011	0.0	0.011
0.021	0.006	0.015
0.0	1.0	-1.0
0.167	0.273	-0.106
0.504	0.515	-0.011
0.415	0.43	-0.015
0.589	0.695	-0.106
0.747	0.933	-0.186
0.2	1.0	-0.8
0.465	0.452	0.013
0.138	0.0	0.138
0.902	1.0	-0.098
0.008	0.025	-0.017
0.439	1.0	-0.561
0.148	0.051	0.097
0.486	0.344	0.142
0.466	0.47	-0.004
0.25	0.352	-0.102
0.067	0.0	0.067
0.533	0.741	-0.208
0.25	0.012	0.238
1.0	0.381	0.619
0.046	0.023	0.023
1.0	0.08	0.92
0.915	1.0	-0.085
0.048	0.081	-0.033
0.579	0.0	0.579
0.0	0.027	-0.027
0.126	0.281	-0.155
0.078	0.244	-0.166
0.025	0.126	-0.101
0.314	0.423	-0.109
0.964	0.982	-0.018
0.047	0.027	0.02
0.094	0.543	-0.449
0.013	0.012	0.001
1.0	0.563	0.437
0.027	0.0	0.027
0.998	1.0	-0.002
0.016	0.013	0.003
0.324	0.23	0.094
0.05	0.105	-0.055
0.154	0.258	-0.104
0.202	0.379	-0.177
0.025	0.025	0.0
0.095	0.087	0.008
0.225	0.491	-0.266
1.0	0.111	0.889
1.0	0.976	0.024
0.073	0.029	0.044
0.008	0.273	-0.265
0.125	0.119	0.006
0.2	0.224	-0.024
0.0	0.002	-0.002
0.006	0.027	-0.021
0.044	0.041	0.003
0.173	0.168	0.005
0.002	0.002	0.0
0.8	0.86	-0.06
1.0	0.935	0.065
0.002	0.001	0.001
0.975	0.979	-0.004
0.006	0.006	0.0
0.017	0.019	-0.002
0.959	1.0	-0.041
0.002	0.004	-0.002
0.152	0.202	-0.05
0.04	0.0	0.04
0.068	0.035	0.033
0.005	0.01	-0.005
0.538	0.327	0.211
0.3	0.851	-0.551
0.014	0.0	0.014
0.536	1.0	-0.464
0.167	0.169	-0.002
0.034	0.125	-0.091
1.0	0.961	0.039
0.0	0.075	-0.075
0.06	0.044	0.016
0.489	1.0	-0.511
0.883	0.806	0.077
0.072	0.241	-0.169
0.5	0.847	-0.347
0.5	0.933	-0.433
0.5	0.754	-0.254
0.058	0.055	0.003
0.037	0.066	-0.029
0.52	1.0	-0.48
0.006	0.016	-0.01
0.092	0.164	-0.072
0.008	0.026	-0.018
0.004	0.008	-0.004
0.008	0.008	0.0
0.017	0.012	0.005
0.91	0.933	-0.023
0.028	0.013	0.015
0.101	0.073	0.028
1.0	0.408	0.592
0.164	0.093	0.071
0.068	0.542	-0.474
0.736	1.0	-0.264
0.028	0.0	0.028
0.04	0.268	-0.228
0.0	0.027	-0.027
0.145	0.178	-0.033
0.007	0.049	-0.042
0.039	0.025	0.014
0.018	0.038	-0.02
0.039	0.056	-0.017
0.045	0.034	0.011
0.0	0.33	-0.33
0.12	0.0	0.12
0.796	0.0	0.796
0.798	0.0	0.798
0.126	0.02	0.106
0.113	0.21	-0.097
0.445	0.317	0.128
0.907	0.95	-0.043
0.571	0.771	-0.2
0.0	0.03	-0.03
0.562	1.0	-0.438
0.058	0.011	0.047
0.856	0.696	0.16
0.085	0.04	0.045
0.0	0.043	-0.043
0.273	0.314	-0.041
0.11	0.275	-0.165
0.213	0.166	0.047
0.053	0.052	0.001
0.244	0.191	0.053
0.018	0.018	0.0
0.096	0.068	0.028
0.102	0.0	0.102
0.0	1.0	-1.0
0.109	0.235	-0.126
0.228	0.187	0.041
0.02	0.038	-0.018
0.161	0.347	-0.186
0.065	0.046	0.019
0.0	0.088	-0.088
0.067	0.169	-0.102
0.095	0.261	-0.166
0.0	0.188	-0.188
0.223	0.382	-0.159
0.031	0.062	-0.031
0.098	0.24	-0.142
0.463	1.0	-0.537
0.032	0.037	-0.005
0.51	0.525	-0.015
0.0	0.008	-0.008
0.33	0.347	-0.017
0.615	0.569	0.046
0.696	1.0	-0.304
0.054	0.153	-0.099
0.01	0.003	0.007
1.0	0.992	0.008
0.4	0.15	0.25
0.0	0.054	-0.054
0.222	1.0	-0.778
1.0	0.977	0.023
1.0	0.999	0.001
0.0	0.525	-0.525
0.469	0.378	0.091
0.0	0.079	-0.079
0.401	0.403	-0.002
0.62	0.58	0.04
1.0	0.567	0.433
0.948	0.776	0.172
0.231	1.0	-0.769
0.103	0.34	-0.237
0.005	0.015	-0.01
0.017	0.009	0.008
0.187	0.759	-0.572
0.072	0.014	0.058
0.073	0.156	-0.083
0.027	0.0	0.027
0.069	0.0	0.069
1.0	0.52	0.48
0.044	0.151	-0.107
0.134	0.173	-0.039
0.006	0.0	0.006
1.0	0.0	1.0
0.49	0.564	-0.074
1.0	0.944	0.056
0.033	0.0	0.033
0.232	0.138	0.094
0.005	0.0	0.005
0.0	0.063	-0.063
0.093	0.106	-0.013
0.955	1.0	-0.045
0.938	1.0	-0.062
0.074	0.078	-0.004
1.0	0.55	0.45
0.891	0.489	0.402
0.688	0.789	-0.101
0.0	0.013	-0.013
0.645	0.382	0.263
0.033	0.02	0.013
1.0	0.741	0.259
0.027	0.167	-0.14
0.102	0.163	-0.061
0.37	0.452	-0.082
0.109	0.308	-0.199
0.172	0.0	0.172
0.33	0.262	0.068
0.091	0.429	-0.338
1.0	0.813	0.187
1.0	0.758	0.242
0.013	0.003	0.01
0.28	0.046	0.234
0.079	0.188	-0.109
0.994	1.0	-0.006
0.99	1.0	-0.01
0.04	0.178	-0.138
0.0	0.114	-0.114
0.151	0.111	0.04
0.004	0.004	0.0
0.021	0.136	-0.115
0.275	0.8	-0.525
0.036	0.067	-0.031
0.069	0.149	-0.08
0.42	0.375	0.045
0.804	0.202	0.602
1.0	0.854	0.146
0.0	0.169	-0.169
0.356	0.0	0.356
0.014	0.031	-0.017
0.155	0.449	-0.294
0.219	0.258	-0.039
0.074	0.031	0.043
0.344	0.268	0.076
0.85	1.0	-0.15
0.057	0.093	-0.036
0.083	0.051	0.032
0.05	0.033	0.017
0.99	0.985	0.005
0.379	0.0	0.379
1.0	0.871	0.129
0.014	0.086	-0.072
0.078	0.048	0.03
0.031	0.072	-0.041
0.027	0.07	-0.043
1.0	1.0	0.0
0.028	0.038	-0.01
0.174	0.124	0.05
0.068	0.095	-0.027
1.0	0.682	0.318
1.0	0.652	0.348
0.0	0.0	0.0
0.967	0.972	-0.005
0.001	0.001	0.0
0.007	0.006	0.001
0.005	0.002	0.003
0.019	0.018	0.001
0.111	0.098	0.013
0.311	0.535	-0.224
0.216	0.391	-0.175
0.667	0.25	0.417
0.857	1.0	-0.143
0.012	0.01	0.002
0.0	0.047	-0.047
0.773	1.0	-0.227
0.048	0.025	0.023
0.0	0.015	-0.015
0.074	0.125	-0.051
0.066	0.056	0.01
0.041	0.0	0.041
0.06	0.052	0.008
0.26	0.327	-0.067
0.128	0.05	0.078
0.213	0.495	-0.282
0.448	0.686	-0.238
0.053	0.0	0.053
0.084	0.289	-0.205
0.143	0.135	0.008
0.064	0.0	0.064
0.934	1.0	-0.066
0.0	0.349	-0.349
0.876	0.837	0.039
0.892	0.894	-0.002
0.148	0.257	-0.109
0.005	0.001	0.004
0.204	0.116	0.088
0.0	0.358	-0.358
0.042	0.032	0.01
0.791	1.0	-0.209
0.282	0.0	0.282
0.083	0.217	-0.134
0.018	0.238	-0.22
0.14	0.216	-0.076
0.954	1.0	-0.046
0.026	0.113	-0.087
0.025	0.049	-0.024
0.026	0.091	-0.065
1.0	0.929	0.071
0.011	0.021	-0.01
0.014	0.024	-0.01
0.039	0.07	-0.031
0.081	0.084	-0.003
0.094	0.112	-0.018
1.0	0.984	0.016
0.045	0.124	-0.079
0.249	0.045	0.204
0.0	0.012	-0.012
0.0	0.076	-0.076
0.0	0.347	-0.347
0.626	1.0	-0.374
0.406	0.213	0.193
1.0	0.419	0.581
0.263	1.0	-0.737
0.057	0.092	-0.035
0.128	0.564	-0.436
0.229	0.257	-0.028
0.584	0.402	0.182
0.658	0.418	0.24
0.911	1.0	-0.089
0.5	0.0	0.5
0.455	1.0	-0.545
0.0	0.037	-0.037
1.0	0.143	0.857
0.039	1.0	-0.961
0.143	0.0	0.143
0.333	0.0	0.333
1.0	0.155	0.845
0.807	0.774	0.033
0.051	0.028	0.023
0.154	0.251	-0.097
1.0	0.0	1.0
0.93	0.766	0.164
0.778	0.667	0.111
0.955	0.964	-0.009
0.78	0.872	-0.092
0.057	0.121	-0.064
0.985	0.908	0.077
0.11	0.108	0.002
0.129	0.117	0.012
0.091	0.148	-0.057
0.95	0.92	0.03
0.035	0.046	-0.011
0.126	0.333	-0.207
0.245	0.202	0.043
0.0	0.045	-0.045
0.025	0.134	-0.109
0.278	1.0	-0.722
0.44	1.0	-0.56
0.488	1.0	-0.512
0.389	0.494	-0.105
0.929	1.0	-0.071
0.337	0.199	0.138
0.91	0.942	-0.032
0.092	0.167	-0.075
0.0	0.01	-0.01
0.0	0.018	-0.018
0.016	0.025	-0.009
0.0	1.0	-1.0
0.0	0.579	-0.579
0.012	0.023	-0.011
0.097	0.495	-0.398
1.0	0.907	0.093
0.173	0.0	0.173
0.727	0.474	0.253
0.049	0.16	-0.111
1.0	0.579	0.421
0.0	0.01	-0.01
0.072	0.008	0.064
0.624	0.751	-0.127
0.16	0.327	-0.167
1.0	0.783	0.217
0.052	0.069	-0.017
0.018	0.041	-0.023
0.201	0.472	-0.271
0.14	0.54	-0.4
0.855	1.0	-0.145
0.2	0.697	-0.497
0.015	0.073	-0.058
0.919	1.0	-0.081
0.954	1.0	-0.046
0.021	0.154	-0.133
0.039	0.101	-0.062
0.017	0.005	0.012
0.029	0.107	-0.078
0.014	0.014	0.0
0.026	0.032	-0.006
0.015	0.03	-0.015
0.012	0.004	0.008
0.036	0.005	0.031
0.149	0.15	-0.001
0.2	0.175	0.025
0.935	1.0	-0.065
0.99	1.0	-0.01
0.049	0.289	-0.24
1.0	0.822	0.178
0.278	0.0	0.278
0.312	0.13	0.182
0.069	0.19	-0.121
0.733	0.176	0.557
0.096	0.013	0.083
0.0	0.308	-0.308
1.0	1.0	0.0
0.023	0.028	-0.005
0.92	0.887	0.033
0.013	0.012	0.001
0.768	0.81	-0.042
0.977	0.979	-0.002
0.0	0.508	-0.508
0.667	0.5	0.167
0.22	0.195	0.025
0.12	0.215	-0.095
0.128	0.398	-0.27
0.945	1.0	-0.055
0.314	0.214	0.1
0.097	0.269	-0.172
1.0	0.329	0.671
0.75	1.0	-0.25
0.107	0.217	-0.11
0.263	0.044	0.219
0.623	1.0	-0.377
0.6	0.429	0.171
0.169	0.1	0.069
0.926	0.952	-0.026
0.667	1.0	-0.333
0.018	0.154	-0.136
0.082	0.157	-0.075
0.038	0.27	-0.232
0.232	0.0	0.232
0.931	1.0	-0.069
0.28	0.146	0.134
0.736	0.735	0.001
0.946	0.956	-0.01
0.722	1.0	-0.278
0.311	0.152	0.159
0.087	0.059	0.028
0.6	0.416	0.184
0.263	0.228	0.035
1.0	0.329	0.671
0.149	0.093	0.056
0.0	0.351	-0.351
0.063	0.0	0.063
0.125	0.048	0.077
0.529	0.346	0.183
0.0	0.066	-0.066
0.867	0.755	0.112
0.053	0.008	0.045
0.0	0.032	-0.032
0.071	0.049	0.022
0.0	0.109	-0.109
0.156	0.08	0.076
0.021	0.027	-0.006
0.312	0.6	-0.288
0.116	0.453	-0.337
0.0	0.179	-0.179
0.0	1.0	-1.0
0.0	0.184	-0.184
0.375	1.0	-0.625
0.0	0.057	-0.057
0.183	0.161	0.022
0.09	0.135	-0.045
0.015	0.026	-0.011
0.494	0.53	-0.036
0.074	0.154	-0.08
0.349	0.464	-0.115
0.412	0.621	-0.209
0.0	0.036	-0.036
0.028	0.0	0.028
0.197	0.405	-0.208
0.027	0.048	-0.021
0.01	0.018	-0.008
0.0	0.027	-0.027
0.252	0.12	0.132
0.556	0.576	-0.02
0.013	0.0	0.013
0.09	0.299	-0.209
0.035	0.027	0.008
0.885	1.0	-0.115
0.953	0.965	-0.012
0.124	0.142	-0.018
0.316	0.459	-0.143
0.0	0.52	-0.52
0.273	0.153	0.12
0.027	0.009	0.018
0.155	0.335	-0.18
0.014	0.02	-0.006
0.082	0.096	-0.014
0.244	0.381	-0.137
0.818	1.0	-0.182
0.951	0.899	0.052
0.068	0.003	0.065
0.122	0.141	-0.019
0.143	0.117	0.026
0.0	0.021	-0.021
0.027	0.023	0.004
0.118	0.043	0.075
0.051	0.021	0.03
0.515	0.327	0.188
1.0	0.849	0.151
0.188	0.134	0.054
0.07	0.063	0.007
0.057	0.008	0.049
1.0	0.89	0.11
0.0	0.156	-0.156
0.03	0.041	-0.011
0.517	0.529	-0.012
0.011	0.011	0.0
0.0	0.104	-0.104
0.545	0.664	-0.119
0.36	0.318	0.042
0.0	0.234	-0.234
0.067	0.033	0.034
0.046	0.07	-0.024
0.068	0.022	0.046
0.134	0.021	0.113
0.397	0.676	-0.279
0.023	0.02	0.003
0.994	0.995	-0.001
0.901	0.536	0.365
0.056	0.024	0.032
0.012	0.0	0.012
1.0	0.643	0.357
1.0	0.474	0.526
0.474	0.207	0.267
1.0	0.68	0.32
0.144	0.11	0.034
0.049	0.067	-0.018
0.991	1.0	-0.009
0.0	0.075	-0.075
0.292	0.208	0.084
0.97	0.791	0.179
1.0	0.87	0.13
1.0	0.459	0.541
0.016	0.081	-0.065
0.059	0.005	0.054
0.093	0.028	0.065
0.032	0.127	-0.095
0.158	0.082	0.076
1.0	0.857	0.143
0.04	0.0	0.04
0.194	0.165	0.029
0.0	0.09	-0.09
0.173	0.153	0.02
0.287	0.28	0.007
0.0	0.015	-0.015
0.068	0.137	-0.069
0.01	0.0	0.01
0.326	0.706	-0.38
0.0	0.018	-0.018
0.059	0.088	-0.029
0.035	0.056	-0.021
0.053	0.124	-0.071
0.976	0.967	0.009
0.109	0.145	-0.036
0.024	0.154	-0.13
0.037	0.396	-0.359
1.0	0.476	0.524
0.55	0.452	0.098
0.706	1.0	-0.294
0.191	0.248	-0.057
0.117	0.0	0.117
0.215	0.65	-0.435
0.871	0.706	0.165
0.25	0.231	0.019
0.844	1.0	-0.156
0.056	0.087	-0.031
0.155	1.0	-0.845
0.107	0.066	0.041
0.273	0.434	-0.161
0.097	0.142	-0.045
0.047	0.013	0.034
0.494	0.564	-0.07
0.09	0.154	-0.064
0.068	0.129	-0.061
0.203	0.49	-0.287
0.0	0.131	-0.131
0.137	0.535	-0.398
0.034	0.014	0.02
0.891	1.0	-0.109
0.03	0.016	0.014
0.359	0.281	0.078
0.049	0.124	-0.075
0.126	0.122	0.004
0.014	0.008	0.006
0.125	0.0	0.125
0.604	1.0	-0.396
0.044	0.04	0.004
1.0	0.849	0.151
0.75	0.867	-0.117
0.196	0.273	-0.077
0.015	0.201	-0.186
0.038	0.015	0.023
0.267	0.309	-0.042
0.069	0.047	0.022
0.688	0.391	0.297
0.086	0.11	-0.024
0.282	0.525	-0.243
0.042	0.136	-0.094
0.914	1.0	-0.086
0.0	0.089	-0.089
0.298	0.0	0.298
0.826	1.0	-0.174
0.0	0.091	-0.091
0.034	0.082	-0.048
0.033	0.223	-0.19
0.038	0.0	0.038
0.154	0.489	-0.335
0.269	0.254	0.015
0.988	1.0	-0.012
0.0	0.128	-0.128
0.017	0.046	-0.029
0.089	0.051	0.038
0.047	0.276	-0.229
0.737	1.0	-0.263
0.392	0.518	-0.126
0.29	0.505	-0.215
0.998	1.0	-0.002
0.004	0.006	-0.002
0.012	0.012	0.0
0.985	0.983	0.002
0.078	0.118	-0.04
0.071	0.13	-0.059
1.0	0.291	0.709
1.0	0.143	0.857
0.009	0.074	-0.065
0.273	0.778	-0.505
0.63	0.348	0.282
0.026	0.043	-0.017
0.0	0.071	-0.071
0.934	0.741	0.193
0.087	0.129	-0.042
0.02	0.023	-0.003
0.025	0.024	0.001
0.279	0.867	-0.588
0.799	0.725	0.074
0.0	0.527	-0.527
0.151	0.266	-0.115
0.043	0.0	0.043
0.385	0.389	-0.004
1.0	0.77	0.23
0.143	1.0	-0.857
0.0	0.654	-0.654
0.0	0.118	-0.118
0.474	0.344	0.13
0.25	0.738	-0.488
0.273	0.448	-0.175
0.077	0.163	-0.086
0.064	0.322	-0.258
0.058	0.026	0.032
0.03	0.053	-0.023
0.069	0.186	-0.117
0.013	0.046	-0.033
0.235	0.0	0.235
0.0	0.036	-0.036
0.063	0.207	-0.144
1.0	0.644	0.356
0.826	0.858	-0.032
0.147	0.174	-0.027
0.034	0.134	-0.1
1.0	0.005	0.995
0.016	0.028	-0.012
0.457	0.308	0.149
0.005	0.0	0.005
0.342	0.367	-0.025
0.367	0.394	-0.027
0.942	0.946	-0.004
0.003	0.0	0.003
0.452	0.55	-0.098
0.635	1.0	-0.365
0.328	0.516	-0.188
0.0	0.036	-0.036
0.355	0.27	0.085
0.0	0.19	-0.19
0.241	0.0	0.241
0.065	0.0	0.065
0.008	0.046	-0.038
0.981	0.848	0.133
0.025	0.009	0.016
0.069	0.0	0.069
0.2	0.276	-0.076
0.043	0.0	0.043
0.0	0.056	-0.056
0.489	0.306	0.183
0.006	0.034	-0.028
1.0	0.638	0.362
0.0	0.25	-0.25
0.0	0.278	-0.278
1.0	0.587	0.413
0.312	0.214	0.098
0.931	0.701	0.23
0.0	0.149	-0.149
0.011	0.003	0.008
0.017	0.027	-0.01
0.55	0.0	0.55
0.098	0.106	-0.008
0.135	0.059	0.076
0.727	0.895	-0.168
0.152	0.106	0.046
0.062	0.087	-0.025
0.0	0.347	-0.347
0.09	0.065	0.025
0.875	0.942	-0.067
0.06	0.212	-0.152
0.163	0.204	-0.041
0.0	0.013	-0.013
0.222	1.0	-0.778
1.0	0.974	0.026
0.987	0.955	0.032
0.957	0.768	0.189
0.997	1.0	-0.003
1.0	0.974	0.026
0.092	0.198	-0.106
0.012	0.092	-0.08
1.0	0.922	0.078
0.048	0.132	-0.084
0.019	0.014	0.005
0.429	1.0	-0.571
0.0	0.012	-0.012
0.5	0.46	0.04
0.293	0.373	-0.08
0.045	0.015	0.03
0.036	0.0	0.036
1.0	0.185	0.815
0.0	0.051	-0.051
0.0	0.184	-0.184
0.209	0.331	-0.122
0.201	0.231	-0.03
0.96	1.0	-0.04
0.036	0.149	-0.113
0.129	0.262	-0.133
0.126	0.041	0.085
0.019	0.049	-0.03
0.608	0.576	0.032
0.866	0.943	-0.077
0.555	0.796	-0.241
0.212	0.423	-0.211
0.205	0.165	0.04
0.991	0.968	0.023
0.137	0.655	-0.518
0.05	0.218	-0.168
0.0	0.01	-0.01
0.667	0.263	0.404
0.0	1.0	-1.0
0.184	0.073	0.111
0.539	0.432	0.107
0.0	0.385	-0.385
0.728	0.401	0.327
0.031	0.053	-0.022
0.009	0.148	-0.139
0.008	0.0	0.008
0.555	0.432	0.123
0.412	0.01	0.402
0.294	0.0	0.294
0.039	0.0	0.039
0.659	0.743	-0.084
0.019	0.019	0.0
0.19	0.064	0.126
0.052	0.015	0.037
0.032	0.059	-0.027
0.134	0.026	0.108
0.0	0.019	-0.019
0.022	0.028	-0.006
0.294	0.404	-0.11
0.032	0.031	0.001
0.027	0.066	-0.039
0.043	0.094	-0.051
0.281	0.062	0.219
0.0	0.222	-0.222
0.0	0.016	-0.016
1.0	0.718	0.282
0.064	0.531	-0.467
0.106	0.2	-0.094
0.13	0.131	-0.001
0.485	1.0	-0.515
0.319	0.159	0.16
0.031	0.0	0.031
0.029	0.053	-0.024
1.0	0.673	0.327
0.047	0.045	0.002
0.697	1.0	-0.303
0.889	0.306	0.583
0.177	0.029	0.148
0.226	0.092	0.134
0.506	0.507	-0.001
0.601	0.742	-0.141
0.872	0.818	0.054
0.007	0.0	0.007
0.106	0.202	-0.096
1.0	0.975	0.025
0.065	0.264	-0.199
1.0	0.851	0.149
1.0	0.468	0.532
0.205	0.05	0.155
0.066	0.111	-0.045
0.086	0.272	-0.186
0.269	0.302	-0.033
0.838	1.0	-0.162
0.846	1.0	-0.154
0.016	0.097	-0.081
0.597	0.471	0.126
0.438	0.4	0.038
0.048	0.116	-0.068
0.006	0.0	0.006
0.243	0.577	-0.334
0.879	1.0	-0.121
0.111	0.227	-0.116
1.0	0.778	0.222
0.006	0.092	-0.086
1.0	0.724	0.276
0.171	0.305	-0.134
0.012	0.034	-0.022
0.563	1.0	-0.437
0.667	1.0	-0.333
0.851	0.956	-0.105
1.0	0.895	0.105
1.0	0.204	0.796
0.228	0.079	0.149
0.116	0.134	-0.018
0.392	0.181	0.211
0.484	0.139	0.345
0.042	0.031	0.011
0.34	0.213	0.127
0.292	0.364	-0.072
0.606	0.806	-0.2
0.083	0.124	-0.041
0.707	1.0	-0.293
0.542	1.0	-0.458
0.005	0.04	-0.035
0.0	0.327	-0.327
0.532	0.611	-0.079
0.937	0.662	0.275
0.675	0.788	-0.113
0.243	0.45	-0.207
0.846	1.0	-0.154
0.886	0.671	0.215
0.007	0.007	0.0
0.183	0.294	-0.111
0.563	0.932	-0.369
0.341	0.37	-0.029
0.005	0.034	-0.029
0.115	0.108	0.007
0.037	0.006	0.031
0.446	0.568	-0.122
0.88	0.853	0.027
0.013	0.086	-0.073
0.389	0.548	-0.159
0.075	0.162	-0.087
0.067	0.085	-0.018
0.038	0.24	-0.202
0.483	0.488	-0.005
0.007	0.04	-0.033
1.0	0.59	0.41
0.032	0.014	0.018
0.011	0.002	0.009
0.027	0.025	0.002
0.02	0.022	-0.002
0.68	0.702	-0.022
0.02	0.032	-0.012
0.003	0.002	0.001
0.0	0.018	-0.018
0.002	0.006	-0.004
0.012	0.02	-0.008
0.742	0.863	-0.121
0.244	0.314	-0.07
0.03	0.02	0.01
0.368	1.0	-0.632
0.155	0.154	0.001
0.469	1.0	-0.531
0.339	0.838	-0.499
0.003	0.239	-0.236
0.012	0.019	-0.007
0.316	0.166	0.15
0.867	0.573	0.294
0.159	0.224	-0.065
0.058	0.063	-0.005
0.31	0.019	0.291
0.0	0.064	-0.064
0.0	0.139	-0.139
0.086	0.139	-0.053
0.5	1.0	-0.5
0.973	0.658	0.315
0.25	0.739	-0.489
0.064	0.08	-0.016
0.111	0.226	-0.115
0.224	0.271	-0.047
0.017	0.01	0.007
0.85	0.767	0.083
0.003	0.003	0.0
0.089	0.108	-0.019
0.003	0.007	-0.004
0.238	0.507	-0.269
0.38	0.478	-0.098
0.02	0.003	0.017
0.121	0.013	0.108
0.059	0.01	0.049
0.0	0.518	-0.518
0.25	0.333	-0.083
0.042	0.02	0.022
0.543	0.125	0.418
0.267	0.0	0.267
0.375	0.374	0.001
0.152	0.474	-0.322
0.163	0.224	-0.061
0.25	0.206	0.044
0.199	0.136	0.063
0.984	0.986	-0.002
0.05	0.046	0.004
0.075	0.042	0.033
0.137	0.072	0.065
0.257	0.229	0.028
0.093	0.019	0.074
0.064	0.032	0.032
0.058	0.066	-0.008
0.012	0.058	-0.046
0.067	0.04	0.027
0.0	1.0	-1.0
1.0	0.0	1.0
0.341	0.3	0.041
0.0	0.012	-0.012
0.0	0.033	-0.033
1.0	0.819	0.181
0.014	0.032	-0.018
0.0	0.02	-0.02
0.991	1.0	-0.009
0.03	0.0	0.03
0.118	0.077	0.041
0.0	0.008	-0.008
0.014	0.014	0.0
0.036	0.0	0.036
0.056	0.095	-0.039
0.041	0.051	-0.01
0.962	1.0	-0.038
0.026	0.037	-0.011
0.0	0.687	-0.687
0.0	0.023	-0.023
0.01	0.063	-0.053
0.074	0.155	-0.081
0.906	1.0	-0.094
0.071	0.056	0.015
0.015	0.03	-0.015
0.031	0.0	0.031
0.0	0.181	-0.181
0.032	0.474	-0.442
0.025	0.067	-0.042
0.946	0.963	-0.017
0.032	0.036	-0.004
0.864	1.0	-0.136
0.096	0.058	0.038
0.167	0.115	0.052
1.0	0.846	0.154
1.0	0.419	0.581
0.343	0.404	-0.061
1.0	0.988	0.012
0.006	0.017	-0.011
0.0	0.132	-0.132
0.184	0.131	0.053
1.0	0.859	0.141
0.837	0.595	0.242
0.25	0.297	-0.047
0.161	0.61	-0.449
0.118	0.173	-0.055
0.568	0.388	0.18
0.222	0.0	0.222
0.133	0.044	0.089
0.375	0.478	-0.103
0.765	1.0	-0.235
0.977	1.0	-0.023
0.0	0.005	-0.005
0.952	1.0	-0.048
0.432	0.629	-0.197
0.231	0.0	0.231
0.097	0.0	0.097
0.105	0.078	0.027
0.02	0.02	0.0
0.011	0.02	-0.009
0.0	0.014	-0.014
0.011	0.032	-0.021
0.0	0.063	-0.063
0.0	0.016	-0.016
0.059	0.026	0.033
0.004	0.0	0.004
0.24	0.454	-0.214
0.975	1.0	-0.025
0.057	0.047	0.01
0.014	0.02	-0.006
0.429	1.0	-0.571
0.019	0.0	0.019
0.012	0.023	-0.011
0.095	0.266	-0.171
0.0	0.209	-0.209
1.0	0.924	0.076
0.066	0.172	-0.106
0.094	0.216	-0.122
0.064	0.011	0.053
0.129	0.479	-0.35
0.254	0.689	-0.435
0.129	0.113	0.016
0.152	0.158	-0.006
0.091	0.249	-0.158
0.053	0.0	0.053
0.036	0.0	0.036
0.081	0.0	0.081
0.259	0.347	-0.088
0.065	0.068	-0.003
0.962	1.0	-0.038
0.006	0.01	-0.004
0.032	0.028	0.004
1.0	0.851	0.149
0.957	1.0	-0.043
0.063	0.047	0.016
0.681	0.405	0.276
0.897	1.0	-0.103
0.635	0.861	-0.226
0.008	0.011	-0.003
0.293	0.231	0.062
0.176	0.21	-0.034
0.165	0.31	-0.145
0.187	0.13	0.057
0.101	0.016	0.085
0.375	0.301	0.074
0.667	0.23	0.437
1.0	0.604	0.396
0.622	0.439	0.183
0.031	0.075	-0.044
0.091	0.282	-0.191
0.0	0.033	-0.033
0.111	0.162	-0.051
1.0	0.817	0.183
0.113	0.122	-0.009
0.677	0.785	-0.108
0.035	0.053	-0.018
0.854	1.0	-0.146
0.771	0.982	-0.211
1.0	0.913	0.087
0.33	0.204	0.126
0.171	0.03	0.141
0.101	0.117	-0.016
0.088	0.111	-0.023
0.096	0.053	0.043
0.25	0.52	-0.27
0.119	0.219	-0.1
0.97	1.0	-0.03
0.0	1.0	-1.0
0.84	1.0	-0.16
0.556	0.0	0.556
0.007	0.0	0.007
0.747	0.995	-0.248
0.178	0.056	0.122
0.545	0.499	0.046
0.106	0.107	-0.001
0.0	0.011	-0.011
0.697	1.0	-0.303
1.0	0.605	0.395
1.0	0.657	0.343
0.273	0.032	0.241
0.196	0.07	0.126
0.625	0.491	0.134
0.158	0.0	0.158
0.424	0.087	0.337
0.023	0.041	-0.018
0.012	0.077	-0.065
0.089	0.106	-0.017
0.052	0.047	0.005
0.333	1.0	-0.667
0.7	0.797	-0.097
0.029	0.086	-0.057
0.0	0.037	-0.037
0.291	0.039	0.252
1.0	0.657	0.343
0.185	0.022	0.163
0.139	0.094	0.045
0.604	0.372	0.232
0.393	0.059	0.334
0.888	0.806	0.082
0.029	0.028	0.001
0.59	0.085	0.505
0.347	0.274	0.073
1.0	0.231	0.769
0.0	0.165	-0.165
0.141	0.171	-0.03
0.065	0.189	-0.124
0.0	0.009	-0.009
0.169	0.352	-0.183
0.08	0.233	-0.153
0.143	0.752	-0.609
1.0	0.767	0.233
0.231	0.114	0.117
0.139	0.251	-0.112
0.289	0.256	0.033
0.2	0.311	-0.111
0.188	0.368	-0.18
0.211	0.289	-0.078
0.067	0.184	-0.117
0.128	0.107	0.021
0.17	0.0	0.17
0.457	0.301	0.156
1.0	0.689	0.311
0.03	0.03	0.0
0.75	1.0	-0.25
0.0	0.037	-0.037
0.071	0.101	-0.03
0.371	0.624	-0.253
0.057	0.101	-0.044
0.231	1.0	-0.769
0.016	0.022	-0.006
0.206	0.566	-0.36
0.133	0.143	-0.01
0.006	0.082	-0.076
0.018	0.067	-0.049
0.0	0.224	-0.224
0.129	0.0	0.129
0.484	0.187	0.297
0.073	0.127	-0.054
0.257	0.75	-0.493
0.0	1.0	-1.0
0.852	0.84	0.012
0.739	0.843	-0.104
0.06	0.08	-0.02
0.026	0.096	-0.07
1.0	0.0	1.0
0.016	0.068	-0.052
0.566	0.407	0.159
0.134	0.066	0.068
0.313	1.0	-0.687
0.158	0.144	0.014
0.843	1.0	-0.157
0.878	1.0	-0.122
0.153	0.136	0.017
0.116	0.104	0.012
0.397	0.356	0.041
0.867	0.695	0.172
1.0	0.726	0.274
1.0	0.93	0.07
0.075	0.027	0.048
0.25	0.141	0.109
0.991	0.939	0.052
0.062	0.032	0.03
0.731	1.0	-0.269
0.034	0.014	0.02
0.088	0.214	-0.126
0.985	1.0	-0.015
0.0	0.967	-0.967
0.0	0.084	-0.084
0.021	0.0	0.021
0.541	0.342	0.199
0.067	0.037	0.03
0.014	0.016	-0.002
0.833	0.936	-0.103
0.013	0.021	-0.008
1.0	0.999	0.001
0.051	0.554	-0.503
0.043	0.591	-0.548
0.029	0.191	-0.162
0.375	0.39	-0.015
0.639	0.235	0.404
0.674	0.788	-0.114
0.338	0.258	0.08
0.833	0.919	-0.086
0.745	1.0	-0.255
0.042	0.048	-0.006
0.012	0.008	0.004
0.96	0.783	0.177
0.0	0.054	-0.054
0.387	0.368	0.019
0.115	0.223	-0.108
0.028	0.003	0.025
0.067	0.026	0.041
0.307	0.131	0.176
0.161	0.061	0.1
0.257	0.016	0.241
0.009	0.013	-0.004
0.06	0.048	0.012
1.0	0.864	0.136
0.061	0.06	0.001
0.911	1.0	-0.089
0.045	0.08	-0.035
0.931	0.89	0.041
0.061	0.066	-0.005
0.2	0.206	-0.006
0.068	0.069	-0.001
0.037	0.179	-0.142
0.177	0.444	-0.267
0.53	1.0	-0.47
0.051	0.0	0.051
0.702	0.8	-0.098
0.069	0.03	0.039
0.337	0.109	0.228
0.8	0.976	-0.176
0.025	0.212	-0.187
0.08	0.106	-0.026
1.0	0.897	0.103
0.132	0.197	-0.065
0.0	0.154	-0.154
0.0	0.022	-0.022
0.424	0.49	-0.066
0.258	0.488	-0.23
0.829	0.83	-0.001
1.0	0.83	0.17
0.2	0.275	-0.075
0.897	1.0	-0.103
0.009	0.068	-0.059
0.048	0.056	-0.008
0.873	0.711	0.162
0.953	1.0	-0.047
0.032	0.05	-0.018
0.872	1.0	-0.128
0.88	0.293	0.587
0.556	0.5	0.056
0.518	0.133	0.385
0.444	0.852	-0.408
0.25	0.549	-0.299
0.342	0.39	-0.048
0.035	0.055	-0.02
0.96	0.95	0.01
0.811	0.8	0.011
0.467	0.227	0.24
0.015	0.084	-0.069
0.194	0.195	-0.001
0.078	0.088	-0.01
0.106	0.375	-0.269
0.2	0.461	-0.261
1.0	0.815	0.185
0.103	0.467	-0.364
0.143	0.351	-0.208
0.286	0.341	-0.055
0.0	0.069	-0.069
0.196	0.112	0.084
0.023	0.036	-0.013
0.006	0.039	-0.033
0.061	0.031	0.03
0.895	0.708	0.187
0.0	0.827	-0.827
0.034	0.035	-0.001
0.0	1.0	-1.0
0.069	0.054	0.015
0.099	0.1	-0.001
0.077	0.101	-0.024
0.184	0.055	0.129
0.101	0.085	0.016
0.112	0.207	-0.095
0.194	0.0	0.194
0.111	0.2	-0.089
0.336	0.589	-0.253
0.081	0.155	-0.074
0.026	0.018	0.008
0.062	0.132	-0.07
0.385	0.106	0.279
0.024	0.078	-0.054
0.0	0.015	-0.015
0.867	1.0	-0.133
0.821	0.177	0.644
0.055	0.082	-0.027
0.0	0.175	-0.175
0.077	0.0	0.077
0.007	0.0	0.007
0.294	0.259	0.035
0.087	0.054	0.033
0.902	0.625	0.277
0.048	1.0	-0.952
0.581	0.145	0.436
0.928	0.273	0.655
0.122	0.0	0.122
0.429	0.261	0.168
0.16	0.162	-0.002
0.033	0.152	-0.119
0.026	0.0	0.026
0.231	0.069	0.162
0.94	1.0	-0.06
1.0	0.878	0.122
0.0	0.029	-0.029
0.5	0.347	0.153
1.0	0.265	0.735
0.232	0.6	-0.368
0.217	0.073	0.144
0.833	0.365	0.468
0.163	0.559	-0.396
0.923	0.984	-0.061
1.0	0.892	0.108
0.009	0.004	0.005
1.0	0.925	0.075
0.017	0.023	-0.006
0.023	0.014	0.009
0.994	1.0	-0.006
0.065	0.062	0.003
0.996	0.975	0.021
1.0	0.401	0.599
0.0	0.106	-0.106
0.115	0.19	-0.075
0.429	0.451	-0.022
0.029	0.018	0.011
0.0	0.272	-0.272
0.018	0.018	0.0
0.707	0.865	-0.158
0.309	0.62	-0.311
0.333	0.611	-0.278
0.024	0.024	0.0
0.973	1.0	-0.027
1.0	0.958	0.042
0.727	0.26	0.467
0.752	0.523	0.229
1.0	0.966	0.034
0.351	0.0	0.351
0.013	0.005	0.008
0.06	0.0	0.06
0.032	0.036	-0.004
0.082	0.016	0.066
0.962	1.0	-0.038
0.036	0.002	0.034
0.037	0.063	-0.026
0.016	0.062	-0.046
1.0	0.078	0.922
0.112	0.164	-0.052
0.875	0.844	0.031
0.771	0.782	-0.011
1.0	0.723	0.277
0.548	0.415	0.133
0.0	1.0	-1.0
0.853	0.075	0.778
0.0	0.47	-0.47
0.173	0.074	0.099
0.852	0.704	0.148
0.266	0.262	0.004
0.079	0.093	-0.014
0.197	0.52	-0.323
0.21	0.301	-0.091
0.028	0.099	-0.071
0.951	1.0	-0.049
0.004	0.012	-0.008
0.462	0.303	0.159
0.996	0.955	0.041
0.018	0.01	0.008
0.014	0.059	-0.045
0.164	0.131	0.033
0.9	1.0	-0.1
0.094	0.311	-0.217
0.009	0.069	-0.06
0.455	0.905	-0.45
0.0	0.016	-0.016
1.0	0.846	0.154
0.015	0.037	-0.022
0.045	0.041	0.004
0.008	0.001	0.007
0.073	0.037	0.036
0.956	1.0	-0.044
0.02	0.019	0.001
0.151	0.168	-0.017
0.097	0.212	-0.115
0.033	0.098	-0.065
0.031	0.108	-0.077
0.03	0.004	0.026
0.0	0.014	-0.014
0.25	0.0	0.25
0.308	0.403	-0.095
0.175	0.138	0.037
0.636	1.0	-0.364
0.896	1.0	-0.104
0.371	0.441	-0.07
0.67	0.867	-0.197
0.099	0.163	-0.064
0.138	0.108	0.03
0.23	0.38	-0.15
0.03	0.165	-0.135
0.005	0.011	-0.006
0.488	0.376	0.112
0.006	0.006	0.0
0.176	0.177	-0.001
0.019	0.013	0.006
0.515	0.528	-0.013
0.292	0.385	-0.093
0.019	0.026	-0.007
0.149	0.153	-0.004
0.841	0.82	0.021
0.245	0.733	-0.488
1.0	0.0	1.0
1.0	0.8	0.2
0.108	0.46	-0.352
0.225	0.357	-0.132
0.57	0.775	-0.205
0.886	1.0	-0.114
1.0	0.333	0.667
0.0	0.485	-0.485
0.039	0.038	0.001
0.111	0.145	-0.034
0.316	0.164	0.152
0.051	0.04	0.011
0.005	0.006	-0.001
0.092	0.032	0.06
0.187	0.031	0.156
0.007	0.029	-0.022
0.0	0.031	-0.031
0.303	0.178	0.125
0.0	0.001	-0.001
0.047	0.0	0.047
0.0	0.021	-0.021
0.923	0.994	-0.071
0.054	0.097	-0.043
1.0	0.771	0.229
0.355	0.402	-0.047
1.0	0.743	0.257
0.5	0.459	0.041
0.0	0.178	-0.178
0.351	0.321	0.03
0.244	0.0	0.244
0.018	0.011	0.007
0.062	0.012	0.05
0.016	0.107	-0.091
0.017	0.088	-0.071
0.0	0.143	-0.143
0.005	0.023	-0.018
0.02	0.077	-0.057
0.0	0.66	-0.66
0.037	0.091	-0.054
0.273	0.432	-0.159
1.0	0.676	0.324
1.0	0.72	0.28
1.0	0.957	0.043
1.0	0.991	0.009
0.0	0.03	-0.03
0.188	0.0	0.188
0.0	0.651	-0.651
0.333	1.0	-0.667
0.404	1.0	-0.596
0.768	0.718	0.05
0.181	0.149	0.032
0.05	0.031	0.019
0.139	0.173	-0.034
0.227	0.022	0.205
0.093	0.01	0.083
0.194	0.052	0.142
0.054	0.02	0.034
0.189	0.525	-0.336
0.117	0.303	-0.186
0.005	0.0	0.005
0.0	1.0	-1.0
0.042	0.208	-0.166
0.75	1.0	-0.25
0.421	0.641	-0.22
0.6	0.456	0.144
1.0	0.389	0.611
0.126	0.171	-0.045
0.118	0.055	0.063
0.926	0.942	-0.016
0.0	0.162	-0.162
0.105	0.102	0.003
0.234	0.395	-0.161
0.132	0.121	0.011
0.008	0.074	-0.066
1.0	0.45	0.55
0.027	0.028	-0.001
0.456	0.684	-0.228
0.196	0.073	0.123
0.0	0.045	-0.045
0.081	0.234	-0.153
0.129	0.144	-0.015
0.381	0.13	0.251
0.362	0.763	-0.401
0.045	0.208	-0.163
0.01	0.024	-0.014
1.0	0.576	0.424
0.041	0.052	-0.011
0.034	0.067	-0.033
0.09	0.111	-0.021
0.731	0.876	-0.145
0.046	0.189	-0.143
0.187	0.165	0.022
0.056	0.059	-0.003
0.022	0.016	0.006
0.18	0.143	0.037
1.0	0.549	0.451
0.256	0.29	-0.034
1.0	0.871	0.129
0.859	1.0	-0.141
0.955	1.0	-0.045
0.896	1.0	-0.104
0.909	0.558	0.351
1.0	0.265	0.735
0.0	0.309	-0.309
0.961	0.933	0.028
0.986	0.881	0.105
0.574	0.381	0.193
0.118	0.136	-0.018
0.972	0.846	0.126
0.171	0.37	-0.199
0.0	0.229	-0.229
0.079	0.305	-0.226
0.967	1.0	-0.033
0.082	0.137	-0.055
0.043	0.274	-0.231
0.013	0.0	0.013
0.0	1.0	-1.0
0.048	0.032	0.016
0.011	0.0	0.011
0.281	0.21	0.071
0.223	0.217	0.006
0.049	0.0	0.049
0.013	0.04	-0.027
0.064	0.189	-0.125
0.129	0.193	-0.064
0.029	0.0	0.029
0.211	0.186	0.025
0.429	0.016	0.413
0.028	0.132	-0.104
0.953	1.0	-0.047
0.097	0.238	-0.141
0.128	0.0	0.128
0.545	0.404	0.141
0.737	0.862	-0.125
0.086	0.108	-0.022
0.175	0.286	-0.111
0.081	0.042	0.039
0.071	0.119	-0.048
0.894	0.98	-0.086
0.968	1.0	-0.032
0.023	0.011	0.012
0.038	0.054	-0.016
0.022	0.0	0.022
1.0	0.658	0.342
0.011	0.011	0.0
0.0	0.028	-0.028
0.048	0.051	-0.003
0.084	0.208	-0.124
0.063	0.0	0.063
0.069	0.161	-0.092
0.62	0.862	-0.242
0.017	0.008	0.009
0.177	1.0	-0.823
0.015	0.084	-0.069
0.017	0.014	0.003
0.258	0.201	0.057
0.259	0.326	-0.067
0.0	0.084	-0.084
0.684	0.881	-0.197
0.095	0.041	0.054
0.606	0.285	0.321
0.897	1.0	-0.103
1.0	0.964	0.036
0.041	0.025	0.016
0.008	0.014	-0.006
0.86	0.707	0.153
0.908	0.727	0.181
0.504	0.435	0.069
0.129	0.058	0.071
0.013	0.009	0.004
0.185	0.226	-0.041
0.033	0.063	-0.03
0.788	0.951	-0.163
0.035	0.069	-0.034
0.846	0.881	-0.035
0.004	0.01	-0.006
0.049	0.022	0.027
0.039	0.042	-0.003
0.916	0.917	-0.001
0.041	0.068	-0.027
0.857	1.0	-0.143
0.05	0.004	0.046
0.209	0.152	0.057
0.151	0.137	0.014
0.475	0.329	0.146
0.951	0.854	0.097
0.992	1.0	-0.008
0.0	0.005	-0.005
0.259	0.046	0.213
0.0	0.11	-0.11
0.179	0.234	-0.055
0.895	0.821	0.074
0.68	0.354	0.326
0.094	0.111	-0.017
0.0	0.019	-0.019
0.1	0.046	0.054
0.002	0.019	-0.017
0.015	0.012	0.003
0.018	0.017	0.001
0.02	0.015	0.005
0.8	1.0	-0.2
1.0	0.111	0.889
0.015	0.0	0.015
1.0	0.887	0.113
0.01	0.0	0.01
0.011	0.003	0.008
1.0	0.6	0.4
0.28	0.0	0.28
1.0	0.058	0.942
0.261	0.623	-0.362
0.169	0.187	-0.018
0.028	0.011	0.017
0.043	0.016	0.027
0.029	0.042	-0.013
0.014	0.031	-0.017
0.013	0.06	-0.047
0.069	0.166	-0.097
0.0	0.157	-0.157
0.135	0.39	-0.255
0.093	0.091	0.002
0.179	0.164	0.015
0.0	0.052	-0.052
0.139	0.083	0.056
0.007	0.007	0.0
0.019	0.018	0.001
0.002	0.002	0.0
0.011	0.008	0.003
1.0	1.0	0.0
0.006	0.005	0.001
0.046	0.036	0.01
0.538	0.194	0.344
0.0	0.053	-0.053
0.0	0.007	-0.007
0.028	0.037	-0.009
1.0	0.931	0.069
0.283	0.0	0.283
0.091	0.096	-0.005
0.102	0.105	-0.003
0.067	0.012	0.055
0.032	0.013	0.019
0.085	0.02	0.065
0.385	0.0	0.385
0.02	0.035	-0.015
0.01	0.875	-0.865
0.853	1.0	-0.147
0.167	0.393	-0.226
0.99	1.0	-0.01
1.0	0.944	0.056
0.402	0.579	-0.177
0.007	0.038	-0.031
0.025	0.028	-0.003
0.002	0.0	0.002
0.084	0.154	-0.07
0.026	0.055	-0.029
0.005	0.007	-0.002
0.102	0.06	0.042
0.569	1.0	-0.431
0.829	1.0	-0.171
0.182	0.101	0.081
0.991	0.973	0.018
0.994	1.0	-0.006
0.997	1.0	-0.003
0.941	1.0	-0.059
0.024	0.046	-0.022
1.0	0.393	0.607
0.014	0.036	-0.022
0.011	0.071	-0.06
0.014	0.0	0.014
0.009	0.271	-0.262
0.0	0.043	-0.043
1.0	0.615	0.385
0.748	0.764	-0.016
0.02	0.029	-0.009
0.032	0.142	-0.11
0.067	0.061	0.006
1.0	0.964	0.036
0.025	0.0	0.025
0.133	0.246	-0.113
0.092	0.183	-0.091
0.219	0.727	-0.508
0.12	0.394	-0.274
0.0	0.28	-0.28
1.0	0.812	0.188
0.043	0.057	-0.014
0.008	0.033	-0.025
0.017	0.037	-0.02
0.061	0.078	-0.017
0.039	0.013	0.026
0.104	0.117	-0.013
0.497	0.291	0.206
0.039	0.041	-0.002
0.03	0.022	0.008
0.018	0.027	-0.009
0.037	0.022	0.015
0.005	0.018	-0.013
0.014	0.025	-0.011
0.03	0.047	-0.017
0.029	0.004	0.025
0.03	0.023	0.007
0.069	0.047	0.022
0.126	0.026	0.1
0.597	0.462	0.135
0.563	0.78	-0.217
0.325	0.231	0.094
0.145	0.194	-0.049
0.611	0.345	0.266
0.167	0.0	0.167
0.265	0.788	-0.523
0.062	0.077	-0.015
0.971	0.978	-0.007
0.655	0.588	0.067
0.154	0.081	0.073
0.0	0.556	-0.556
0.096	0.282	-0.186
0.538	0.39	0.148
0.084	0.189	-0.105
0.059	0.0	0.059
0.003	0.0	0.003
0.931	0.959	-0.028
0.034	0.038	-0.004
0.0	0.107	-0.107
0.75	1.0	-0.25
1.0	0.737	0.263
0.175	0.22	-0.045
0.0	0.448	-0.448
0.139	0.045	0.094
0.043	0.237	-0.194
0.086	0.412	-0.326
0.003	0.01	-0.007
1.0	0.957	0.043
0.004	0.007	-0.003
0.0	0.181	-0.181
0.022	0.056	-0.034
0.037	0.096	-0.059
0.076	0.055	0.021
0.064	0.114	-0.05
1.0	0.852	0.148
0.037	0.069	-0.032
0.017	0.032	-0.015
0.007	0.012	-0.005
0.092	0.264	-0.172
0.767	0.474	0.293
0.823	0.511	0.312
0.025	0.029	-0.004
0.077	0.075	0.002
1.0	0.516	0.484
0.083	0.077	0.006
0.429	0.152	0.277
0.075	0.13	-0.055
1.0	0.806	0.194
1.0	0.111	0.889
0.148	0.124	0.024
0.016	0.056	-0.04
0.222	0.191	0.031
0.001	0.002	-0.001
0.034	0.038	-0.004
0.163	0.388	-0.225
1.0	0.654	0.346
0.078	0.182	-0.104
1.0	0.898	0.102
0.201	0.227	-0.026
0.0	0.221	-0.221
0.5	0.495	0.005
0.29	0.327	-0.037
0.0	0.062	-0.062
0.02	0.0	0.02
0.0	0.195	-0.195
0.028	0.038	-0.01
0.022	0.021	0.001
0.02	0.029	-0.009
0.02	0.021	-0.001
0.421	0.235	0.186
0.453	0.354	0.099
0.012	0.032	-0.02
0.0	0.03	-0.03
0.021	0.007	0.014
0.048	0.011	0.037
0.098	0.052	0.046
1.0	0.727	0.273
0.301	0.13	0.171
0.0	0.038	-0.038
0.0	0.093	-0.093
0.0	0.08	-0.08
0.127	0.309	-0.182
0.039	0.067	-0.028
0.0	0.423	-0.423
0.0	0.002	-0.002
0.0	0.125	-0.125
0.0	0.033	-0.033
0.959	0.996	-0.037
0.833	1.0	-0.167
0.105	0.092	0.013
0.939	0.918	0.021
0.867	0.074	0.793
0.286	0.31	-0.024
0.003	0.006	-0.003
0.015	0.018	-0.003
0.02	0.049	-0.029
0.077	0.485	-0.408
0.106	0.177	-0.071
0.008	0.007	0.001
0.008	0.0	0.008
0.009	0.0	0.009
1.0	0.19	0.81
1.0	0.632	0.368
0.355	0.369	-0.014
0.046	0.058	-0.012
0.206	0.378	-0.172
0.058	0.061	-0.003
0.0	0.114	-0.114
0.993	1.0	-0.007
0.645	0.647	-0.002
0.005	0.0	0.005
0.085	0.18	-0.095
0.426	0.343	0.083
0.727	0.283	0.444
0.853	0.93	-0.077
0.002	0.01	-0.008
0.199	0.185	0.014
0.041	0.154	-0.113
0.0	0.014	-0.014
0.155	0.209	-0.054
0.089	0.029	0.06
0.081	0.052	0.029
0.031	0.107	-0.076
0.255	0.098	0.157
0.028	0.027	0.001
1.0	0.999	0.001
0.013	0.008	0.005
1.0	0.418	0.582
0.103	0.0	0.103
0.0	0.012	-0.012
0.053	0.028	0.025
0.882	0.546	0.336
0.0	0.014	-0.014
0.176	0.0	0.176
0.107	0.0	0.107
0.429	0.688	-0.259
0.522	1.0	-0.478
0.938	1.0	-0.062
0.144	0.118	0.026
0.534	0.614	-0.08
0.5	0.587	-0.087
0.384	0.543	-0.159
0.184	0.0	0.184
0.166	0.313	-0.147
0.1	0.211	-0.111
0.06	0.116	-0.056
0.0	0.383	-0.383
0.06	0.047	0.013
0.012	0.023	-0.011
0.917	0.956	-0.039
1.0	0.993	0.007
0.037	0.034	0.003
0.0	1.0	-1.0
0.967	0.988	-0.021
0.594	0.604	-0.01
0.959	0.945	0.014
0.984	1.0	-0.016
1.0	0.997	0.003
0.089	0.104	-0.015
0.016	0.01	0.006
0.004	0.012	-0.008
0.0	0.021	-0.021
0.139	0.899	-0.76
0.87	1.0	-0.13
0.06	0.076	-0.016
0.207	0.199	0.008
0.748	0.709	0.039
0.148	0.189	-0.041
0.017	0.058	-0.041
0.0	0.103	-0.103
0.0	0.056	-0.056
0.11	0.037	0.073
0.019	0.163	-0.144
0.087	0.053	0.034
0.169	0.217	-0.048
0.063	0.015	0.048
0.006	0.005	0.001
0.19	0.736	-0.546
0.742	0.861	-0.119
0.0	0.025	-0.025
0.0	0.046	-0.046
0.0	0.024	-0.024
0.156	0.429	-0.273
0.961	1.0	-0.039
0.057	0.158	-0.101
0.283	0.737	-0.454
0.17	1.0	-0.83
0.075	0.448	-0.373
0.386	0.0	0.386
0.026	0.093	-0.067
0.0	0.15	-0.15
0.636	0.529	0.107
0.5	1.0	-0.5
0.07	0.089	-0.019
0.153	0.27	-0.117
0.0	0.004	-0.004
0.0	0.085	-0.085
1.0	0.371	0.629
0.161	0.459	-0.298
0.168	0.132	0.036
0.537	0.452	0.085
0.838	0.903	-0.065
0.0	0.05	-0.05
0.02	0.046	-0.026
0.154	0.131	0.023
0.499	0.318	0.181
0.967	0.937	0.03
0.14	0.274	-0.134
0.184	0.365	-0.181
0.0	0.027	-0.027
0.161	0.265	-0.104
0.124	0.21	-0.086
0.065	0.063	0.002
0.021	0.073	-0.052
0.035	0.041	-0.006
0.031	0.068	-0.037
0.503	0.295	0.208
0.102	0.143	-0.041
0.0	0.078	-0.078
0.044	0.048	-0.004
0.105	0.05	0.055
0.192	0.072	0.12
0.078	0.0	0.078
0.319	0.311	0.008
0.034	0.083	-0.049
0.164	0.243	-0.079
0.556	0.294	0.262
0.146	0.0	0.146
0.0	0.143	-0.143
1.0	0.952	0.048
0.08	0.096	-0.016
1.0	0.53	0.47
0.119	0.165	-0.046
0.947	0.974	-0.027
0.136	0.114	0.022
0.217	0.609	-0.392
0.615	1.0	-0.385
0.109	0.855	-0.746
0.152	0.7	-0.548
1.0	0.968	0.032
0.055	0.078	-0.023
0.032	0.079	-0.047
0.534	0.353	0.181
0.993	1.0	-0.007
0.014	0.006	0.008
0.026	0.011	0.015
0.016	0.009	0.007
0.604	0.513	0.091
0.0	0.039	-0.039
0.01	0.018	-0.008
1.0	0.0	1.0
0.156	0.018	0.138
0.124	0.275	-0.151
0.049	0.081	-0.032
0.07	0.045	0.025
0.896	0.963	-0.067
0.703	0.395	0.308
0.145	0.085	0.06
0.897	1.0	-0.103
0.655	0.7	-0.045
0.062	0.064	-0.002
0.01	0.013	-0.003
0.001	0.003	-0.002
0.75	1.0	-0.25
0.018	0.036	-0.018
0.429	0.357	0.072
0.023	0.086	-0.063
0.085	0.0	0.085
0.075	0.148	-0.073
1.0	0.965	0.035
0.06	0.071	-0.011
1.0	0.87	0.13
0.074	0.181	-0.107
0.095	0.0	0.095
0.964	1.0	-0.036
0.719	1.0	-0.281
0.97	0.963	0.007
0.565	0.638	-0.073
0.982	0.96	0.022
0.066	0.041	0.025
0.019	0.069	-0.05
0.69	1.0	-0.31
0.013	0.0	0.013
0.007	0.0	0.007
0.035	0.109	-0.074
0.72	0.602	0.118
0.139	0.221	-0.082
0.0	0.073	-0.073
0.0	0.254	-0.254
0.02	0.184	-0.164
0.037	0.125	-0.088
0.012	0.419	-0.407
0.03	0.039	-0.009
0.385	0.299	0.086
0.165	0.189	-0.024
0.169	0.126	0.043
0.067	0.009	0.058
0.091	0.207	-0.116
0.2	0.202	-0.002
0.898	1.0	-0.102
0.031	0.029	0.002
0.316	0.274	0.042
0.195	0.136	0.059
0.023	0.091	-0.068
0.0	0.109	-0.109
0.259	0.238	0.021
0.739	0.766	-0.027
0.5	0.435	0.065
0.085	0.031	0.054
0.466	0.0	0.466
0.035	0.033	0.002
0.985	1.0	-0.015
0.057	0.0	0.057
0.029	0.024	0.005
0.963	1.0	-0.037
0.02	0.016	0.004
0.284	0.203	0.081
0.107	0.154	-0.047
0.998	0.906	0.092
1.0	0.345	0.655
0.71	1.0	-0.29
0.636	0.357	0.279
0.027	0.012	0.015
0.04	0.0	0.04
0.017	1.0	-0.983
0.176	0.437	-0.261
1.0	0.892	0.108
1.0	0.501	0.499
0.1	0.831	-0.731
0.133	0.387	-0.254
0.0	0.108	-0.108
0.406	0.18	0.226
0.636	0.466	0.17
0.075	0.037	0.038
0.528	0.522	0.006
1.0	0.0	1.0
0.692	1.0	-0.308
0.0	0.068	-0.068
1.0	0.971	0.029
0.712	0.432	0.28
0.596	0.446	0.15
0.105	0.038	0.067
0.993	1.0	-0.007
0.945	0.829	0.116
0.982	0.929	0.053
0.193	0.095	0.098
0.059	0.036	0.023
0.248	0.837	-0.589
0.068	0.217	-0.149
0.005	0.01	-0.005
0.01	0.081	-0.071
0.05	0.044	0.006
0.141	0.23	-0.089
0.052	0.204	-0.152
0.485	0.389	0.096
0.305	0.357	-0.052
0.318	0.939	-0.621
0.058	0.062	-0.004
0.055	0.055	0.0
0.971	1.0	-0.029
0.024	0.05	-0.026
0.0	0.25	-0.25
0.058	0.097	-0.039
1.0	0.372	0.628
0.497	0.021	0.476
0.202	0.011	0.191
0.977	0.966	0.011
0.999	0.735	0.264
0.998	0.68	0.318
1.0	0.677	0.323
0.063	0.113	-0.05
0.952	1.0	-0.048
1.0	0.549	0.451
0.148	0.249	-0.101
0.095	0.102	-0.007
0.27	0.219	0.051
0.287	0.436	-0.149
0.2	0.395	-0.195
0.99	1.0	-0.01
0.235	0.263	-0.028
0.056	0.067	-0.011
0.384	0.0	0.384
0.0	0.052	-0.052
1.0	0.983	0.017
0.267	0.213	0.054
0.732	0.799	-0.067
0.904	0.457	0.447
0.088	0.085	0.003
0.368	0.207	0.161
0.087	0.176	-0.089
0.076	0.053	0.023
0.941	0.934	0.007
0.118	0.138	-0.02
0.277	0.063	0.214
1.0	0.453	0.547
0.033	0.045	-0.012
0.1	0.098	0.002
0.0	0.049	-0.049
0.538	0.806	-0.268
0.064	0.115	-0.051
0.113	0.29	-0.177
0.0	0.052	-0.052
0.907	0.756	0.151
0.163	0.131	0.032
0.087	0.185	-0.098
0.0	0.115	-0.115
0.722	1.0	-0.278
0.208	0.558	-0.35
0.856	0.901	-0.045
0.111	0.761	-0.65
0.219	0.187	0.032
1.0	0.678	0.322
0.024	0.018	0.006
0.333	1.0	-0.667
0.082	0.074	0.008
0.107	0.063	0.044
0.297	0.413	-0.116
0.189	0.25	-0.061
0.018	0.027	-0.009
0.014	0.016	-0.002
0.023	0.332	-0.309
0.34	0.295	0.045
1.0	0.504	0.496
0.029	0.224	-0.195
0.0	1.0	-1.0
0.0	0.04	-0.04
0.044	0.031	0.013
1.0	0.722	0.278
0.455	0.681	-0.226
0.035	0.165	-0.13
0.81	0.972	-0.162
0.085	0.421	-0.336
0.07	0.026	0.044
1.0	0.394	0.606
0.824	0.692	0.132
0.332	0.162	0.17
0.285	0.146	0.139
0.085	0.062	0.023
0.179	0.132	0.047
0.153	0.0	0.153
0.163	0.0	0.163
1.0	0.603	0.397
0.107	0.267	-0.16
0.233	0.096	0.137
0.157	0.18	-0.023
0.082	0.19	-0.108
1.0	0.985	0.015
0.04	0.008	0.032
0.152	0.0	0.152
0.157	0.511	-0.354
0.102	0.158	-0.056
0.0	0.095	-0.095
0.223	0.0	0.223
0.151	0.262	-0.111
0.203	0.307	-0.104
0.089	0.243	-0.154
0.0	0.581	-0.581
0.059	0.192	-0.133
0.269	0.274	-0.005
0.0	0.486	-0.486
0.137	0.203	-0.066
1.0	0.944	0.056
0.857	0.595	0.262
0.791	1.0	-0.209
0.333	0.373	-0.04
0.032	0.022	0.01
0.993	1.0	-0.007
0.867	0.677	0.19
0.099	0.224	-0.125
0.222	0.267	-0.045
1.0	0.944	0.056
0.208	0.238	-0.03
0.812	1.0	-0.188
0.131	0.085	0.046
0.429	0.349	0.08
0.055	0.165	-0.11
0.459	0.185	0.274
0.341	0.0	0.341
0.301	1.0	-0.699
0.119	0.075	0.044
0.0	0.031	-0.031
0.01	0.042	-0.032
0.986	1.0	-0.014
0.014	0.225	-0.211
0.081	0.111	-0.03
0.789	0.94	-0.151
1.0	0.576	0.424
0.224	1.0	-0.776
0.857	1.0	-0.143
0.625	0.2	0.425
1.0	0.859	0.141
0.985	1.0	-0.015
0.0	0.42	-0.42
0.222	0.062	0.16
0.216	0.114	0.102
0.127	0.02	0.107
0.068	0.0	0.068
1.0	0.866	0.134
0.482	0.473	0.009
0.049	0.035	0.014
0.0	0.098	-0.098
0.082	0.152	-0.07
0.216	0.0	0.216
0.892	1.0	-0.108
0.014	0.011	0.003
0.99	0.954	0.036
0.88	0.905	-0.025
0.213	0.031	0.182
0.091	0.0	0.091
0.0	0.299	-0.299
0.0	0.083	-0.083
0.0	0.117	-0.117
0.129	0.392	-0.263
0.126	0.044	0.082
0.053	0.075	-0.022
0.187	0.0	0.187
0.755	1.0	-0.245
0.091	0.304	-0.213
0.917	0.805	0.112
0.043	0.107	-0.064
0.221	0.261	-0.04
0.174	0.317	-0.143
0.41	0.22	0.19
0.842	0.66	0.182
0.045	0.079	-0.034
0.586	0.392	0.194
0.059	0.045	0.014
0.092	0.142	-0.05
0.016	0.02	-0.004
0.039	0.044	-0.005
0.333	0.231	0.102
1.0	0.683	0.317
0.396	0.366	0.03
0.089	0.038	0.051
0.228	0.423	-0.195
0.149	0.257	-0.108
0.09	0.0	0.09
0.288	0.778	-0.49
0.987	1.0	-0.013
0.282	0.283	-0.001
0.493	0.938	-0.445
0.517	0.31	0.207
0.333	0.641	-0.308
0.333	1.0	-0.667
0.0	1.0	-1.0
0.175	0.42	-0.245
0.559	0.662	-0.103
0.074	0.063	0.011
0.76	1.0	-0.24
0.078	0.074	0.004
0.007	0.0	0.007
0.442	0.169	0.273
0.442	0.134	0.308
0.789	0.964	-0.175
0.095	0.079	0.016
0.061	0.07	-0.009
0.014	0.019	-0.005
0.064	0.065	-0.001
0.639	1.0	-0.361
0.072	0.165	-0.093
0.045	0.027	0.018
0.71	0.044	0.666
0.0	0.024	-0.024
0.109	0.092	0.017
0.121	0.168	-0.047
0.024	0.0	0.024
0.071	0.102	-0.031
0.109	0.0	0.109
0.214	0.419	-0.205
0.206	0.409	-0.203
0.057	0.208	-0.151
0.0	0.18	-0.18
0.0	0.06	-0.06
0.94	0.936	0.004
1.0	0.967	0.033
0.718	0.804	-0.086
0.632	0.816	-0.184
0.188	0.125	0.063
0.093	0.195	-0.102
0.972	1.0	-0.028
0.35	0.52	-0.17
0.033	0.051	-0.018
0.112	0.08	0.032
0.026	0.073	-0.047
0.016	0.034	-0.018
0.051	0.01	0.041
0.0	0.036	-0.036
0.029	0.022	0.007
0.067	1.0	-0.933
0.669	0.521	0.148
0.0	0.03	-0.03
0.0	0.201	-0.201
1.0	0.491	0.509
0.0	0.164	-0.164
0.048	0.013	0.035
0.158	0.565	-0.407
0.077	0.032	0.045
0.053	0.018	0.035
1.0	0.833	0.167
0.196	0.344	-0.148
0.357	0.374	-0.017
0.024	0.268	-0.244
0.021	0.0	0.021
0.125	0.083	0.042
0.027	0.214	-0.187
0.06	0.288	-0.228
0.196	0.179	0.017
0.133	0.109	0.024
1.0	0.6	0.4
0.382	1.0	-0.618
0.014	0.028	-0.014
0.054	0.003	0.051
0.0	0.038	-0.038
0.015	0.0	0.015
0.008	0.025	-0.017
0.14	0.341	-0.201
0.025	0.068	-0.043
1.0	0.573	0.427
0.013	0.011	0.002
0.082	0.036	0.046
0.269	0.751	-0.482
0.059	0.029	0.03
0.033	0.0	0.033
0.02	0.0	0.02
0.677	0.493	0.184
0.0	0.011	-0.011
0.103	0.86	-0.757
0.066	0.0	0.066
0.085	0.148	-0.063
0.021	0.011	0.01
0.173	0.273	-0.1
0.123	0.264	-0.141
0.415	0.34	0.075
0.0	0.072	-0.072
0.002	0.006	-0.004
1.0	0.056	0.944
0.143	1.0	-0.857
0.054	0.156	-0.102
0.6	0.489	0.111
0.041	0.156	-0.115
0.449	0.501	-0.052
0.0	0.001	-0.001
0.322	0.214	0.108
0.046	0.0	0.046
0.346	0.0	0.346
0.353	1.0	-0.647
0.077	0.508	-0.431
0.587	0.554	0.033
0.074	0.099	-0.025
1.0	0.623	0.377
0.05	0.044	0.006
0.125	0.0	0.125
1.0	0.0	1.0
0.152	0.0	0.152
0.45	0.54	-0.09
0.08	0.229	-0.149
0.0	0.039	-0.039
0.033	0.112	-0.079
0.179	0.02	0.159
0.016	0.01	0.006
0.403	0.6	-0.197
0.03	0.027	0.003
0.334	0.254	0.08
0.977	1.0	-0.023
0.189	0.139	0.05
0.042	0.036	0.006
0.388	0.157	0.231
0.998	1.0	-0.002
0.15	0.238	-0.088
1.0	0.737	0.263
1.0	0.977	0.023
0.0	0.124	-0.124
0.395	0.109	0.286
0.103	0.045	0.058
0.056	0.05	0.006
0.273	0.549	-0.276
0.0	0.333	-0.333
0.0	0.057	-0.057
0.986	1.0	-0.014
0.534	0.49	0.044
0.881	0.731	0.15
0.089	0.141	-0.052
0.278	0.541	-0.263
0.073	0.23	-0.157
0.011	0.047	-0.036
0.265	0.42	-0.155
1.0	0.302	0.698
0.0	0.028	-0.028
0.014	0.015	-0.001
0.2	0.563	-0.363
0.385	0.101	0.284
0.064	0.137	-0.073
0.067	0.121	-0.054
0.358	0.473	-0.115
0.5	1.0	-0.5
0.007	0.01	-0.003
0.027	0.02	0.007
0.852	1.0	-0.148
0.997	1.0	-0.003
0.014	0.034	-0.02
0.34	0.54	-0.2
0.365	0.493	-0.128
0.368	0.294	0.074
0.824	0.897	-0.073
0.117	0.0	0.117
0.0	0.074	-0.074
0.061	0.1	-0.039
0.0	0.241	-0.241
0.5	0.423	0.077
0.991	0.883	0.108
0.912	0.988	-0.076
0.0	0.02	-0.02
0.905	1.0	-0.095
0.967	1.0	-0.033
0.24	0.265	-0.025
0.068	0.127	-0.059
0.21	0.484	-0.274
0.111	0.0	0.111
0.259	0.663	-0.404
0.653	1.0	-0.347
0.066	0.324	-0.258
0.38	0.214	0.166
0.108	0.051	0.057
0.0	0.098	-0.098
0.058	0.0	0.058
1.0	0.033	0.967
0.167	0.423	-0.256
1.0	0.0	1.0
0.072	0.428	-0.356
0.014	0.066	-0.052
0.136	0.146	-0.01
0.233	0.037	0.196
0.989	0.973	0.016
0.057	0.043	0.014
0.167	0.189	-0.022
0.271	0.265	0.006
0.2	0.0	0.2
0.888	0.685	0.203
0.333	0.321	0.012
0.467	1.0	-0.533
0.148	0.143	0.005
0.476	0.377	0.099
0.663	0.09	0.573
0.364	0.889	-0.525
0.996	0.895	0.101
0.366	0.278	0.088
0.043	0.116	-0.073
0.167	0.01	0.157
0.029	0.0	0.029
0.017	0.048	-0.031
1.0	0.945	0.055
0.0	0.035	-0.035
0.167	0.041	0.126
0.248	0.107	0.141
0.02	0.019	0.001
0.574	0.464	0.11
0.991	0.955	0.036
0.017	0.006	0.011
0.909	1.0	-0.091
0.244	0.135	0.109
0.153	0.123	0.03
0.008	0.0	0.008
0.0	0.103	-0.103
0.114	0.435	-0.321
0.019	0.006	0.013
0.01	0.013	-0.003
0.161	0.086	0.075
1.0	1.0	0.0
0.011	0.014	-0.003
0.985	0.989	-0.004
0.991	1.0	-0.009
0.705	0.849	-0.144
0.032	0.057	-0.025
0.021	0.024	-0.003
0.004	0.01	-0.006
0.948	0.847	0.101
0.422	0.284	0.138
0.671	0.912	-0.241
0.952	0.992	-0.04
1.0	1.0	0.0
0.988	0.957	0.031
0.012	0.011	0.001
0.98	0.982	-0.002
0.048	0.034	0.014
0.989	1.0	-0.011
0.975	1.0	-0.025
0.101	0.081	0.02
0.643	0.289	0.354
1.0	0.606	0.394
0.041	0.0	0.041
0.25	1.0	-0.75
0.339	0.416	-0.077
1.0	0.91	0.09
0.755	0.889	-0.134
0.998	1.0	-0.002
0.983	0.991	-0.008
0.034	0.046	-0.012
0.359	0.219	0.14
0.022	0.052	-0.03
0.011	0.0	0.011
1.0	0.893	0.107
0.021	0.044	-0.023
0.0	0.333	-0.333
0.91	0.701	0.209
0.935	1.0	-0.065
0.136	0.084	0.052
0.259	1.0	-0.741
0.093	0.093	0.0
0.05	0.022	0.028
0.0	0.029	-0.029
0.075	0.2	-0.125
0.286	0.568	-0.282
0.652	1.0	-0.348
0.059	0.21	-0.151
0.048	0.042	0.006
0.048	0.069	-0.021
0.032	0.052	-0.02
0.046	0.0	0.046
0.067	0.129	-0.062
0.041	0.137	-0.096
0.798	0.977	-0.179
0.116	0.246	-0.13
0.328	0.639	-0.311
0.042	0.019	0.023
0.042	0.061	-0.019
0.181	0.123	0.058
0.968	0.601	0.367
0.0	0.25	-0.25
0.136	0.137	-0.001
0.13	0.096	0.034
0.059	0.0	0.059
0.111	0.453	-0.342
0.2	0.393	-0.193
0.0	1.0	-1.0
0.12	0.124	-0.004
0.051	0.023	0.028
1.0	0.738	0.262
0.076	0.347	-0.271
0.208	0.068	0.14
0.0	0.092	-0.092
0.0	0.275	-0.275
0.429	0.303	0.126
0.097	0.0	0.097
1.0	0.963	0.037
1.0	0.561	0.439
0.0	0.158	-0.158
0.179	0.067	0.112
0.012	0.006	0.006
0.04	0.111	-0.071
0.016	0.108	-0.092
0.056	0.05	0.006
0.183	0.061	0.122
0.073	0.22	-0.147
0.092	0.225	-0.133
0.029	0.026	0.003
0.088	0.018	0.07
0.143	0.049	0.094
0.014	0.032	-0.018
0.2	0.588	-0.388
0.286	0.349	-0.063
0.057	0.043	0.014
0.875	0.928	-0.053
0.482	0.591	-0.109
0.105	0.083	0.022
0.522	0.74	-0.218
0.039	0.015	0.024
1.0	0.9	0.1
0.284	0.126	0.158
0.444	0.408	0.036
0.385	0.434	-0.049
1.0	0.895	0.105
1.0	0.867	0.133
0.0	0.258	-0.258
0.2	0.333	-0.133
0.073	0.083	-0.01
0.231	0.0	0.231
0.694	0.541	0.153
0.485	0.228	0.257
0.049	0.034	0.015
0.133	0.241	-0.108
0.467	0.0	0.467
0.0	0.027	-0.027
0.014	0.025	-0.011
0.004	0.003	0.001
0.037	0.024	0.013
0.783	0.559	0.224
1.0	0.242	0.758
0.0	0.27	-0.27
0.758	1.0	-0.242
0.348	0.262	0.086
0.015	0.016	-0.001
0.0	0.026	-0.026
0.02	0.068	-0.048
0.011	0.017	-0.006
0.059	0.0	0.059
0.0	0.29	-0.29
0.854	0.0	0.854
0.884	1.0	-0.116
0.044	0.0	0.044
0.963	0.703	0.26
0.04	0.055	-0.015
0.006	0.02	-0.014
0.016	0.025	-0.009
0.038	0.038	0.0
0.057	0.118	-0.061
0.0	0.109	-0.109
0.799	0.657	0.142
0.085	0.111	-0.026
0.28	0.066	0.214
0.021	0.01	0.011
0.583	0.418	0.165
0.403	0.104	0.299
0.167	0.086	0.081
0.026	0.01	0.016
0.044	0.025	0.019
0.079	0.022	0.057
0.024	0.008	0.016
0.009	0.015	-0.006
0.098	0.095	0.003
0.063	0.1	-0.037
0.007	0.006	0.001
0.109	0.011	0.098
0.075	0.255	-0.18
0.057	0.007	0.05
0.0	0.026	-0.026
0.006	0.093	-0.087
0.542	0.325	0.217
0.02	0.145	-0.125
0.903	1.0	-0.097
0.6	0.386	0.214
1.0	0.459	0.541
0.031	0.035	-0.004
0.041	0.094	-0.053
0.132	0.117	0.015
0.329	0.254	0.075
0.027	0.048	-0.021
0.212	0.124	0.088
0.02	0.058	-0.038
0.134	0.069	0.065
0.079	0.053	0.026
0.034	0.038	-0.004
0.02	0.037	-0.017
0.014	0.035	-0.021
0.393	0.315	0.078
0.071	0.065	0.006
0.212	0.422	-0.21
0.105	0.25	-0.145
0.024	0.037	-0.013
0.076	0.113	-0.037
0.326	0.118	0.208
0.369	0.419	-0.05
0.412	0.0	0.412
0.019	0.0	0.019
0.108	0.0	0.108
0.097	0.0	0.097
0.065	0.2	-0.135
0.146	1.0	-0.854
0.009	0.0	0.009
0.0	0.112	-0.112
0.031	0.065	-0.034
0.002	0.008	-0.006
0.027	0.016	0.011
0.021	0.015	0.006
0.982	0.986	-0.004
0.999	1.0	-0.001
0.049	0.157	-0.108
0.09	0.208	-0.118
0.195	0.386	-0.191
0.0	0.039	-0.039
0.306	0.357	-0.051
0.221	0.138	0.083
1.0	0.267	0.733
0.933	1.0	-0.067
0.099	0.127	-0.028
0.809	1.0	-0.191
0.395	0.0	0.395
0.337	0.067	0.27
0.111	1.0	-0.889
0.117	0.164	-0.047
0.003	0.005	-0.002
1.0	0.893	0.107
0.6	0.0	0.6
0.209	0.124	0.085
1.0	0.97	0.03
0.09	0.204	-0.114
0.927	1.0	-0.073
0.0	0.125	-0.125
0.0	0.068	-0.068
0.896	0.917	-0.021
0.061	0.046	0.015
0.023	0.011	0.012
0.059	0.059	0.0
0.032	0.089	-0.057
0.333	0.0	0.333
0.087	0.055	0.032
0.008	0.028	-0.02
0.015	0.043	-0.028
0.105	0.137	-0.032
1.0	0.733	0.267
0.024	0.023	0.001
0.234	0.134	0.1
0.18	0.463	-0.283
0.641	0.45	0.191
0.333	0.372	-0.039
0.0	0.451	-0.451
0.275	0.257	0.018
0.0	1.0	-1.0
0.027	0.0	0.027
0.042	0.08	-0.038
0.903	1.0	-0.097
0.163	0.133	0.03
0.161	0.062	0.099
0.054	0.053	0.001
0.008	0.0	0.008
0.011	0.0	0.011
0.026	0.015	0.011
0.455	0.0	0.455
0.1	0.0	0.1
0.084	0.076	0.008
0.657	1.0	-0.343
0.0	0.027	-0.027
0.166	0.081	0.085
0.028	0.178	-0.15
0.793	0.078	0.715
0.41	0.115	0.295
0.0	0.15	-0.15
0.074	0.64	-0.566
0.286	0.301	-0.015
0.056	0.076	-0.02
1.0	0.473	0.527
0.095	0.305	-0.21
0.121	0.174	-0.053
0.944	0.691	0.253
0.005	0.099	-0.094
0.676	0.449	0.227
0.133	0.137	-0.004
1.0	0.769	0.231
0.45	1.0	-0.55
0.404	0.282	0.122
0.0	0.043	-0.043
0.161	0.117	0.044
0.581	0.438	0.143
0.15	0.119	0.031
1.0	0.975	0.025
0.096	0.103	-0.007
0.18	0.265	-0.085
0.059	0.134	-0.075
0.009	0.008	0.001
0.039	0.038	0.001
0.75	1.0	-0.25
0.0	0.003	-0.003
1.0	0.568	0.432
0.016	0.115	-0.099
0.107	0.251	-0.144
0.011	0.0	0.011
0.121	0.06	0.061
0.469	0.164	0.305
0.016	0.02	-0.004
0.825	0.433	0.392
0.007	0.022	-0.015
0.002	0.0	0.002
0.014	0.0	0.014
0.041	0.029	0.012
0.111	0.521	-0.41
0.0	0.176	-0.176
1.0	0.0	1.0
1.0	0.0	1.0
0.096	0.171	-0.075
0.091	0.208	-0.117
1.0	0.924	0.076
0.111	0.179	-0.068
0.227	0.148	0.079
0.029	0.009	0.02
0.023	0.0	0.023
0.026	0.018	0.008
0.034	0.121	-0.087
0.986	1.0	-0.014
0.026	0.103	-0.077
0.017	0.003	0.014
0.038	0.019	0.019
0.0	0.045	-0.045
0.536	1.0	-0.464
0.13	0.102	0.028
0.888	0.854	0.034
0.211	0.321	-0.11
0.072	0.066	0.006
0.643	0.54	0.103
0.0	0.015	-0.015
1.0	0.735	0.265
0.0	0.05	-0.05
0.818	0.945	-0.127
0.0	0.071	-0.071
0.21	0.07	0.14
0.0	0.034	-0.034
0.0	0.041	-0.041
0.107	0.014	0.093
0.342	0.121	0.221
0.029	0.015	0.014
0.024	0.007	0.017
0.941	1.0	-0.059
0.076	0.077	-0.001
1.0	0.619	0.381
0.869	0.626	0.243
0.911	1.0	-0.089
1.0	0.971	0.029
0.077	1.0	-0.923
0.023	0.023	0.0
0.014	0.011	0.003
0.015	0.011	0.004
0.039	0.052	-0.013
0.025	0.042	-0.017
0.005	0.007	-0.002
0.4	0.625	-0.225
0.426	0.455	-0.029
0.067	0.051	0.016
0.37	0.23	0.14
0.041	0.03	0.011
0.44	0.143	0.297
0.879	0.25	0.629
0.148	0.061	0.087
0.21	0.056	0.154
0.229	0.121	0.108
0.809	1.0	-0.191
0.276	0.35	-0.074
0.095	0.0	0.095
0.02	0.027	-0.007
0.004	0.014	-0.01
0.003	0.007	-0.004
0.001	0.0	0.001
0.057	0.074	-0.017
0.024	0.016	0.008
1.0	0.371	0.629
0.036	0.184	-0.148
1.0	0.0	1.0
0.0	0.345	-0.345
0.692	0.0	0.692
0.015	0.01	0.005
0.011	0.008	0.003
0.971	1.0	-0.029
0.056	0.0	0.056
0.022	0.022	0.0
0.953	0.975	-0.022
0.034	0.007	0.027
0.01	0.029	-0.019
0.12	0.239	-0.119
0.252	0.255	-0.003
1.0	0.97	0.03
1.0	0.0	1.0
0.217	0.075	0.142
0.02	0.043	-0.023
0.033	0.07	-0.037
0.0	0.021	-0.021
0.594	0.711	-0.117
0.494	0.754	-0.26
0.34	0.348	-0.008
0.088	0.0	0.088
0.259	0.301	-0.042
0.413	0.329	0.084
0.031	0.097	-0.066
0.039	0.133	-0.094
0.429	1.0	-0.571
0.049	0.103	-0.054
0.999	0.974	0.025
0.027	0.022	0.005
0.636	1.0	-0.364
0.0	0.571	-0.571
0.462	0.218	0.244
0.128	0.119	0.009
0.0	0.123	-0.123
0.109	0.129	-0.02
0.717	0.638	0.079
0.661	0.607	0.054
0.849	0.633	0.216
0.12	0.294	-0.174
0.717	0.891	-0.174
1.0	0.994	0.006
0.0	0.005	-0.005
0.155	0.106	0.049
0.207	0.298	-0.091
0.8	0.752	0.048
0.566	0.678	-0.112
0.154	0.133	0.021
0.091	0.0	0.091
0.13	0.113	0.017
0.366	0.307	0.059
0.238	0.0	0.238
0.0	0.104	-0.104
0.0	0.371	-0.371
1.0	0.35	0.65
0.134	0.135	-0.001
0.982	1.0	-0.018
0.017	0.013	0.004
0.75	0.098	0.652
0.398	0.551	-0.153
0.154	0.285	-0.131
0.6	0.489	0.111
0.0	0.164	-0.164
0.004	0.001	0.003
0.254	0.192	0.062
0.052	0.086	-0.034
0.022	0.0	0.022
0.37	0.254	0.116
0.879	0.263	0.616
0.282	0.61	-0.328
0.15	0.806	-0.656
0.0	0.216	-0.216
1.0	0.876	0.124
0.172	0.197	-0.025
0.077	0.209	-0.132
0.89	0.919	-0.029
0.444	0.377	0.067
0.206	0.114	0.092
1.0	0.917	0.083
0.0	0.462	-0.462
0.911	0.5	0.411
0.078	0.089	-0.011
0.237	0.346	-0.109
0.0	0.839	-0.839
0.02	0.008	0.012
1.0	0.826	0.174
0.429	0.198	0.231
0.771	0.819	-0.048
0.0	0.05	-0.05
0.234	0.094	0.14
0.012	0.231	-0.219
0.013	0.026	-0.013
0.018	0.17	-0.152
0.61	0.061	0.549
0.082	0.101	-0.019
0.995	1.0	-0.005
1.0	0.733	0.267
1.0	0.6	0.4
1.0	0.529	0.471
0.673	0.409	0.264
0.018	0.124	-0.106
0.152	0.179	-0.027
0.014	0.0	0.014
0.013	0.0	0.013
0.048	0.006	0.042
0.435	0.399	0.036
0.007	0.01	-0.003
0.0	0.865	-0.865
0.2	0.585	-0.385
0.007	0.014	-0.007
0.935	1.0	-0.065
0.012	0.0	0.012
0.0	0.044	-0.044
0.769	0.077	0.692
0.0	0.073	-0.073
0.151	1.0	-0.849
0.163	0.378	-0.215
0.314	0.282	0.032
0.059	0.195	-0.136
0.2	0.0	0.2
0.569	0.464	0.105
0.024	0.0	0.024
0.706	0.845	-0.139
0.307	0.084	0.223
0.37	0.502	-0.132
0.2	0.119	0.081
0.114	0.215	-0.101
0.29	0.3	-0.01
0.045	0.143	-0.098
0.01	0.018	-0.008
0.023	0.043	-0.02
0.023	0.078	-0.055
0.025	0.125	-0.1
0.852	1.0	-0.148
0.08	0.083	-0.003
0.055	0.284	-0.229
0.368	0.795	-0.427
0.282	0.263	0.019
0.08	0.147	-0.067
0.031	0.252	-0.221
0.09	0.209	-0.119
0.011	0.018	-0.007
0.961	1.0	-0.039
1.0	0.865	0.135
0.0	1.0	-1.0
0.443	0.452	-0.009
0.179	0.582	-0.403
0.829	0.506	0.323
0.385	0.096	0.289
0.218	0.094	0.124
0.514	0.061	0.453
0.027	0.031	-0.004
0.085	0.081	0.004
0.0	0.109	-0.109
0.059	0.065	-0.006
0.197	0.045	0.152
0.231	0.113	0.118
0.042	0.05	-0.008
0.595	0.654	-0.059
0.004	0.023	-0.019
0.867	1.0	-0.133
0.028	0.054	-0.026
0.02	0.034	-0.014
0.007	0.017	-0.01
0.0	0.029	-0.029
1.0	0.806	0.194
0.2	1.0	-0.8
0.141	0.046	0.095
0.096	0.086	0.01
0.067	0.037	0.03
0.093	0.095	-0.002
0.793	0.933	-0.14
0.326	0.58	-0.254
0.19	0.095	0.095
0.019	0.045	-0.026
0.032	0.055	-0.023
0.208	0.385	-0.177
0.145	0.106	0.039
0.0	0.026	-0.026
0.385	0.635	-0.25
1.0	0.819	0.181
1.0	0.944	0.056
0.0	0.029	-0.029
0.385	0.188	0.197
0.971	1.0	-0.029
0.871	0.928	-0.057
0.966	0.984	-0.018
0.004	0.068	-0.064
0.0	0.068	-0.068
0.485	0.803	-0.318
0.333	0.257	0.076
0.5	0.66	-0.16
0.114	0.232	-0.118
0.027	0.009	0.018
1.0	0.787	0.213
0.041	0.056	-0.015
0.734	1.0	-0.266
0.602	1.0	-0.398
0.07	0.056	0.014
0.892	1.0	-0.108
0.0	0.086	-0.086
0.023	0.085	-0.062
0.068	0.048	0.02
0.075	0.049	0.026
1.0	0.606	0.394
0.034	0.006	0.028
0.9	1.0	-0.1
1.0	0.884	0.116
1.0	0.963	0.037
0.121	0.579	-0.458
0.035	0.062	-0.027
0.297	0.172	0.125
0.265	0.497	-0.232
0.023	0.087	-0.064
0.06	0.052	0.008
0.191	0.101	0.09
0.667	0.1	0.567
0.026	0.02	0.006
0.064	0.101	-0.037
0.01	0.036	-0.026
0.025	0.062	-0.037
1.0	0.99	0.01
0.065	0.084	-0.019
0.0	0.026	-0.026
0.053	0.115	-0.062
0.082	0.053	0.029
0.212	0.367	-0.155
0.838	0.804	0.034
0.638	0.771	-0.133
0.034	0.039	-0.005
0.0	0.25	-0.25
0.263	0.223	0.04
0.558	0.632	-0.074
0.542	1.0	-0.458
0.882	1.0	-0.118
0.764	0.58	0.184
0.87	0.755	0.115
0.767	0.54	0.227
0.106	0.027	0.079
0.974	1.0	-0.026
0.023	0.012	0.011
1.0	0.0	1.0
0.018	0.013	0.005
0.909	0.839	0.07
0.02	0.034	-0.014
0.444	0.229	0.215
0.267	0.0	0.267
0.035	0.064	-0.029
0.03	0.032	-0.002
0.001	0.003	-0.002
0.0	0.038	-0.038
0.006	0.017	-0.011
0.025	0.0	0.025
0.241	0.0	0.241
0.053	0.0	0.053
0.049	0.211	-0.162
0.096	0.121	-0.025
0.692	0.411	0.281
0.109	0.12	-0.011
0.783	0.891	-0.108
0.244	0.394	-0.15
0.026	0.047	-0.021
0.01	0.092	-0.082
0.013	0.055	-0.042
0.008	0.0	0.008
0.034	0.149	-0.115
0.013	0.011	0.002
0.014	0.017	-0.003
1.0	0.994	0.006
0.968	0.979	-0.011
0.003	0.004	-0.001
0.997	0.997	0.0
0.006	0.021	-0.015
0.221	0.435	-0.214
0.333	1.0	-0.667
0.005	0.003	0.002
0.011	0.008	0.003
0.073	0.016	0.057
0.045	0.024	0.021
0.631	0.248	0.383
0.0	0.192	-0.192
0.074	0.068	0.006
0.14	0.18	-0.04
0.421	0.522	-0.101
0.273	0.83	-0.557
0.556	0.256	0.3
0.237	0.183	0.054
0.298	0.269	0.029
0.99	1.0	-0.01
0.048	0.058	-0.01
0.429	1.0	-0.571
0.923	1.0	-0.077
0.677	0.638	0.039
0.515	0.698	-0.183
0.965	0.97	-0.005
0.047	0.357	-0.31
0.227	0.0	0.227
0.562	0.158	0.404
0.412	0.01	0.402
0.088	0.172	-0.084
0.0	0.048	-0.048
0.075	0.06	0.015
1.0	0.947	0.053
0.124	0.048	0.076
0.758	1.0	-0.242
0.0	0.714	-0.714
0.862	0.294	0.568
0.07	0.179	-0.109
0.225	0.205	0.02
0.951	0.765	0.186
0.0	0.051	-0.051
0.53	0.499	0.031
0.016	0.0	0.016
0.049	0.11	-0.061
0.623	0.747	-0.124
0.177	0.207	-0.03
0.017	0.017	0.0
0.026	0.105	-0.079
1.0	0.563	0.437
0.013	0.194	-0.181
1.0	0.89	0.11
1.0	0.959	0.041
0.827	0.044	0.783
0.0	0.03	-0.03
0.0	0.01	-0.01
0.103	0.102	0.001
0.061	0.228	-0.167
1.0	0.613	0.387
0.296	0.125	0.171
1.0	0.839	0.161
0.49	0.757	-0.267
0.259	0.106	0.153
0.316	0.347	-0.031
0.005	0.003	0.002
0.111	0.07	0.041
0.018	0.018	0.0
0.021	0.005	0.016
0.263	0.151	0.112
0.041	0.208	-0.167
0.029	0.0	0.029
0.767	0.669	0.098
0.0	0.192	-0.192
0.532	0.354	0.178
0.022	0.108	-0.086
0.119	0.361	-0.242
0.026	0.018	0.008
0.034	0.087	-0.053
0.253	0.162	0.091
0.077	0.063	0.014
0.26	0.142	0.118
0.648	0.222	0.426
0.014	0.0	0.014
0.0	0.016	-0.016
0.548	0.741	-0.193
0.957	0.964	-0.007
0.81	0.671	0.139
0.0	0.128	-0.128
0.095	0.0	0.095
0.333	1.0	-0.667
0.387	0.507	-0.12
0.005	0.065	-0.06
0.038	0.021	0.017
0.8	1.0	-0.2
0.196	0.256	-0.06
0.016	0.007	0.009
0.817	1.0	-0.183
0.049	0.039	0.01
0.0	0.088	-0.088
0.185	0.067	0.118
0.261	0.308	-0.047
0.197	0.198	-0.001
0.86	0.832	0.028
0.0	0.015	-0.015
0.358	0.491	-0.133
0.143	0.293	-0.15
0.034	0.019	0.015
0.0	0.19	-0.19
0.391	0.317	0.074
0.443	0.403	0.04
0.266	0.471	-0.205
0.033	0.0	0.033
0.04	0.041	-0.001
0.065	0.161	-0.096
0.285	0.395	-0.11
0.028	0.229	-0.201
0.376	0.283	0.093
0.126	0.153	-0.027
0.169	0.493	-0.324
0.482	0.425	0.057
0.736	0.866	-0.13
0.184	0.273	-0.089
0.15	0.119	0.031
0.472	1.0	-0.528
0.935	1.0	-0.065
1.0	0.961	0.039
0.37	0.596	-0.226
1.0	0.98	0.02
0.806	0.689	0.117
0.0	0.005	-0.005
0.034	0.05	-0.016
0.907	1.0	-0.093
0.705	1.0	-0.295
0.946	0.897	0.049
0.989	0.996	-0.007
0.308	0.371	-0.063
0.083	0.0	0.083
0.959	0.933	0.026
0.313	0.186	0.127
0.368	0.0	0.368
0.277	0.268	0.009
0.977	0.851	0.126
0.792	0.822	-0.03
0.392	0.685	-0.293
0.914	0.921	-0.007
0.084	0.09	-0.006
0.019	0.048	-0.029
0.045	0.052	-0.007
0.002	0.001	0.001
0.007	0.016	-0.009
0.001	0.005	-0.004
0.207	0.461	-0.254
0.204	0.161	0.043
0.928	1.0	-0.072
0.12	0.488	-0.368
0.0	0.038	-0.038
0.143	0.506	-0.363
0.042	0.029	0.013
0.053	0.074	-0.021
0.054	0.0	0.054
0.352	0.339	0.013
0.099	0.019	0.08
0.008	0.008	0.0
0.006	0.001	0.005
0.002	0.0	0.002
0.155	0.197	-0.042
0.956	0.572	0.384
0.0	0.026	-0.026
0.187	0.632	-0.445
0.0	0.042	-0.042
0.07	0.144	-0.074
0.172	0.198	-0.026
0.0	0.046	-0.046
0.0	0.106	-0.106
0.026	0.114	-0.088
0.062	0.146	-0.084
0.425	0.877	-0.452
0.041	0.035	0.006
0.0	0.276	-0.276
1.0	0.986	0.014
0.025	0.034	-0.009
0.005	0.008	-0.003
0.727	1.0	-0.273
0.429	0.591	-0.162
0.0	0.435	-0.435
0.0	0.039	-0.039
1.0	0.773	0.227
0.143	0.024	0.119
0.0	0.005	-0.005
0.0	0.934	-0.934
0.0	0.793	-0.793
0.737	0.525	0.212
0.103	0.0	0.103
0.866	0.684	0.182
0.0	1.0	-1.0
0.102	0.244	-0.142
0.144	0.805	-0.661
0.331	0.0	0.331
0.026	0.054	-0.028
0.267	0.238	0.029
0.911	0.99	-0.079
0.806	0.859	-0.053
0.936	0.887	0.049
0.954	1.0	-0.046
0.8	0.381	0.419
0.444	0.918	-0.474
0.0	0.013	-0.013
0.2	0.211	-0.011
0.489	0.512	-0.023
0.025	0.012	0.013
0.571	1.0	-0.429
1.0	0.926	0.074
0.107	0.216	-0.109
0.473	0.158	0.315
0.0	0.051	-0.051
0.01	0.0	0.01
0.778	0.224	0.554
0.312	0.083	0.229
0.407	0.448	-0.041
1.0	0.0	1.0
0.021	0.007	0.014
0.0	0.009	-0.009
0.026	0.013	0.013
0.503	0.589	-0.086
0.505	0.3	0.205
0.996	1.0	-0.004
0.735	1.0	-0.265
0.963	1.0	-0.037
0.571	1.0	-0.429
0.008	0.007	0.001
0.164	0.166	-0.002
0.96	0.754	0.206
0.887	0.952	-0.065
0.313	0.286	0.027
0.278	0.345	-0.067
0.077	0.191	-0.114
1.0	0.719	0.281
0.08	0.103	-0.023
0.043	0.026	0.017
0.074	0.1	-0.026
0.895	0.753	0.142
0.444	0.92	-0.476
0.007	0.035	-0.028
1.0	0.275	0.725
0.018	0.024	-0.006
0.028	0.051	-0.023
0.951	0.951	0.0
0.07	0.0	0.07
0.02	0.014	0.006
0.082	0.092	-0.01
0.274	0.468	-0.194
0.971	1.0	-0.029
0.144	0.409	-0.265
0.36	0.294	0.066
0.988	0.988	0.0
0.058	0.266	-0.208
0.013	0.184	-0.171
0.019	0.176	-0.157
0.325	0.206	0.119
0.0	0.141	-0.141
0.143	0.63	-0.487
0.727	0.471	0.256
0.869	1.0	-0.131
0.176	0.351	-0.175
0.912	1.0	-0.088
0.083	0.207	-0.124
0.953	1.0	-0.047
0.049	0.058	-0.009
0.014	0.057	-0.043
0.023	0.05	-0.027
0.756	0.842	-0.086
0.024	0.014	0.01
0.03	0.019	0.011
0.0	0.238	-0.238
0.0	0.353	-0.353
0.0	0.173	-0.173
0.198	0.33	-0.132
0.714	0.062	0.652
0.444	0.071	0.373
0.2	1.0	-0.8
0.657	1.0	-0.343
0.0	0.046	-0.046
0.289	0.595	-0.306
0.057	0.0	0.057
0.044	0.0	0.044
0.077	0.282	-0.205
0.043	0.142	-0.099
0.569	0.727	-0.158
0.102	0.167	-0.065
0.041	0.059	-0.018
0.962	0.585	0.377
0.067	0.102	-0.035
1.0	0.293	0.707
0.141	1.0	-0.859
0.018	0.04	-0.022
0.016	0.047	-0.031
0.087	0.108	-0.021
0.4	1.0	-0.6
1.0	0.113	0.887
0.81	0.528	0.282
0.615	0.427	0.188
0.065	0.213	-0.148
0.0	0.168	-0.168
0.771	1.0	-0.229
0.0	0.047	-0.047
0.0	1.0	-1.0
0.0	0.037	-0.037
0.099	0.0	0.099
0.035	0.031	0.004
0.0	0.014	-0.014
0.966	1.0	-0.034
0.102	0.11	-0.008
1.0	0.722	0.278
0.268	0.405	-0.137
0.0	0.015	-0.015
0.162	0.041	0.121
0.992	1.0	-0.008
0.06	0.012	0.048
0.043	0.034	0.009
0.0	0.024	-0.024
0.049	0.102	-0.053
0.082	0.144	-0.062
0.961	0.842	0.119
0.109	0.102	0.007
0.003	0.019	-0.016
0.0	0.184	-0.184
0.0	0.183	-0.183
0.95	0.956	-0.006
0.021	0.017	0.004
0.027	0.02	0.007
0.011	0.02	-0.009
0.0	0.123	-0.123
0.07	0.13	-0.06
0.128	0.322	-0.194
0.118	0.294	-0.176
0.203	0.346	-0.143
0.162	0.193	-0.031
0.02	0.056	-0.036
1.0	0.584	0.416
0.379	1.0	-0.621
0.14	0.045	0.095
0.667	0.0	0.667
0.066	0.108	-0.042
0.065	0.112	-0.047
0.921	0.914	0.007
0.113	0.184	-0.071
0.912	1.0	-0.088
0.055	0.062	-0.007
0.055	0.087	-0.032
0.14	0.151	-0.011
0.016	0.026	-0.01
0.023	0.055	-0.032
0.166	0.081	0.085
0.0	0.113	-0.113
0.714	0.481	0.233
0.0	0.235	-0.235
0.352	1.0	-0.648
0.394	0.347	0.047
0.219	0.15	0.069
1.0	0.474	0.526
0.167	0.097	0.07
0.009	0.015	-0.006
0.03	0.097	-0.067
0.974	0.873	0.101
1.0	0.823	0.177
0.012	0.007	0.005
0.003	0.005	-0.002
0.918	0.955	-0.037
0.95	1.0	-0.05
0.03	0.0	0.03
0.0	0.043	-0.043
0.731	0.631	0.1
0.988	0.822	0.166
0.179	0.227	-0.048
0.0	0.2	-0.2
0.238	1.0	-0.762
0.075	0.116	-0.041
0.216	0.048	0.168
1.0	0.679	0.321
0.016	0.019	-0.003
0.167	0.0	0.167
0.0	0.044	-0.044
0.164	0.0	0.164
0.095	0.094	0.001
0.079	0.093	-0.014
0.993	1.0	-0.007
0.023	0.078	-0.055
0.046	0.205	-0.159
0.071	0.122	-0.051
0.0	0.118	-0.118
0.075	0.015	0.06
0.015	0.102	-0.087
0.647	0.355	0.292
0.0	0.25	-0.25
0.173	0.105	0.068
0.416	0.179	0.237
0.48	0.432	0.048
0.344	0.409	-0.065
0.047	0.0	0.047
0.115	0.087	0.028
0.012	0.046	-0.034
0.039	0.05	-0.011
0.889	0.932	-0.043
0.672	1.0	-0.328
0.053	0.103	-0.05
0.02	0.01	0.01
1.0	0.763	0.237
0.081	0.242	-0.161
0.26	0.345	-0.085
0.88	0.829	0.051
0.027	0.167	-0.14
0.195	0.206	-0.011
0.11	0.163	-0.053
0.097	0.246	-0.149
0.023	0.238	-0.215
0.282	0.818	-0.536
0.509	0.668	-0.159
0.067	0.0	0.067
0.991	0.952	0.039
0.983	0.966	0.017
1.0	0.994	0.006
0.114	0.191	-0.077
0.374	0.358	0.016
0.385	0.1	0.285
0.003	0.032	-0.029
0.0	0.005	-0.005
0.183	0.278	-0.095
1.0	0.537	0.463
1.0	0.828	0.172
0.013	0.015	-0.002
0.029	0.094	-0.065
0.143	0.143	0.0
0.139	0.069	0.07
0.159	0.124	0.035
0.048	0.006	0.042
0.009	0.048	-0.039
0.148	0.05	0.098
1.0	0.872	0.128
0.033	0.0	0.033
0.004	0.0	0.004
0.031	0.027	0.004
0.043	0.079	-0.036
0.818	1.0	-0.182
0.231	0.078	0.153
0.021	0.145	-0.124
0.869	1.0	-0.131
0.012	0.0	0.012
0.009	0.0	0.009
0.016	0.086	-0.07
0.037	0.065	-0.028
0.994	1.0	-0.006
0.038	0.08	-0.042
0.736	0.949	-0.213
0.054	0.146	-0.092
0.662	0.464	0.198
0.113	0.05	0.063
0.284	0.315	-0.031
0.206	0.093	0.113
0.182	0.102	0.08
0.241	0.134	0.107
0.846	1.0	-0.154
0.14	0.159	-0.019
1.0	0.667	0.333
0.844	0.588	0.256
0.652	0.405	0.247
0.972	1.0	-0.028
1.0	0.924	0.076
0.96	1.0	-0.04
0.963	1.0	-0.037
0.689	0.2	0.489
0.076	0.107	-0.031
0.97	0.727	0.243
0.77	0.296	0.474
1.0	0.834	0.166
0.014	0.042	-0.028
0.887	0.734	0.153
0.065	0.112	-0.047
0.015	0.039	-0.024
0.576	0.626	-0.05
0.946	1.0	-0.054
0.023	0.047	-0.024
0.008	0.016	-0.008
0.267	0.17	0.097
0.091	0.027	0.064
1.0	0.917	0.083
0.52	0.591	-0.071
0.077	1.0	-0.923
0.029	0.051	-0.022
1.0	0.618	0.382
0.111	0.064	0.047
0.088	0.052	0.036
0.06	0.108	-0.048
0.134	0.077	0.057
0.008	0.005	0.003
0.018	0.01	0.008
0.089	0.044	0.045
0.2	0.167	0.033
0.065	0.071	-0.006
0.078	0.032	0.046
0.0	0.041	-0.041
1.0	0.88	0.12
0.269	0.41	-0.141
0.09	0.084	0.006
0.282	0.472	-0.19
0.265	0.356	-0.091
0.096	0.171	-0.075
0.7	1.0	-0.3
1.0	0.842	0.158
0.077	0.024	0.053
0.207	0.121	0.086
0.01	0.014	-0.004
0.044	0.038	0.006
0.079	0.04	0.039
0.962	0.982	-0.02
1.0	0.621	0.379
0.103	0.0	0.103
0.0	0.038	-0.038
0.0	0.007	-0.007
0.091	0.15	-0.059
0.005	0.095	-0.09
0.482	0.279	0.203
0.351	0.292	0.059
0.192	0.152	0.04
1.0	0.891	0.109
0.049	0.038	0.011
0.956	0.952	0.004
0.499	0.648	-0.149
0.063	0.034	0.029
0.163	0.171	-0.008
0.164	0.241	-0.077
0.182	0.115	0.067
0.099	0.22	-0.121
0.829	0.461	0.368
1.0	0.937	0.063
0.313	0.271	0.042
0.154	0.35	-0.196
0.925	0.913	0.012
1.0	0.896	0.104
0.091	0.0	0.091
1.0	0.529	0.471
0.044	0.032	0.012
0.031	0.012	0.019
0.803	0.868	-0.065
0.49	0.662	-0.172
0.176	0.303	-0.127
0.163	0.311	-0.148
0.023	0.053	-0.03
0.065	0.189	-0.124
0.097	0.26	-0.163
1.0	0.582	0.418
0.145	0.072	0.073
1.0	0.505	0.495
0.934	1.0	-0.066
0.261	0.125	0.136
0.642	0.791	-0.149
0.697	0.81	-0.113
0.077	0.256	-0.179
0.0	0.102	-0.102
0.45	0.376	0.074
0.699	0.415	0.284
0.651	0.815	-0.164
1.0	0.853	0.147
0.261	0.0	0.261
1.0	0.96	0.04
0.023	0.171	-0.148
0.026	0.092	-0.066
0.138	0.08	0.058
0.413	0.099	0.314
0.054	0.051	0.003
0.015	0.052	-0.037
0.09	0.143	-0.053
0.019	0.0	0.019
0.0	0.368	-0.368
0.136	0.103	0.033
1.0	0.999	0.001
0.174	0.237	-0.063
0.261	0.0	0.261
0.036	0.17	-0.134
0.635	0.807	-0.172
0.0	0.196	-0.196
0.453	0.21	0.243
0.45	0.516	-0.066
0.209	0.2	0.009
0.611	0.0	0.611
0.008	0.004	0.004
0.003	0.003	0.0
0.0	0.161	-0.161
0.302	0.306	-0.004
0.153	0.016	0.137
0.046	0.165	-0.119
0.554	0.655	-0.101
0.106	0.0	0.106
0.333	1.0	-0.667
0.429	0.151	0.278
0.0	0.112	-0.112
0.021	0.029	-0.008
0.966	0.981	-0.015
0.063	0.07	-0.007
0.018	0.043	-0.025
0.326	0.511	-0.185
0.077	0.023	0.054
0.03	0.017	0.013
1.0	0.0	1.0
0.0	0.148	-0.148
0.0	0.036	-0.036
0.043	0.141	-0.098
0.527	0.469	0.058
1.0	0.984	0.016
0.986	1.0	-0.014
0.354	0.041	0.313
0.03	0.067	-0.037
0.031	0.029	0.002
0.022	0.054	-0.032
0.0	0.074	-0.074
0.758	0.948	-0.19
0.141	0.288	-0.147
0.125	0.085	0.04
0.126	0.078	0.048
0.522	1.0	-0.478
0.974	0.894	0.08
0.014	0.014	0.0
0.968	0.952	0.016
0.007	0.019	-0.012
0.09	0.038	0.052
0.23	0.0	0.23
0.0	0.113	-0.113
0.0	0.016	-0.016
0.125	0.459	-0.334
0.095	0.079	0.016
0.0	0.033	-0.033
0.0	1.0	-1.0
0.019	0.042	-0.023
0.102	0.038	0.064
0.035	0.041	-0.006
0.03	0.0	0.03
0.656	0.151	0.505
0.029	0.0	0.029
0.049	0.065	-0.016
0.022	0.0	0.022
0.376	0.309	0.067
0.605	0.481	0.124
0.306	0.115	0.191
0.011	0.008	0.003
1.0	0.941	0.059
0.368	0.476	-0.108
0.029	0.005	0.024
0.025	0.043	-0.018
0.96	0.939	0.021
0.035	0.059	-0.024
0.067	0.02	0.047
0.22	0.124	0.096
0.013	0.057	-0.044
0.17	0.236	-0.066
0.042	0.086	-0.044
0.074	0.011	0.063
1.0	0.204	0.796
0.99	1.0	-0.01
0.978	1.0	-0.022
0.23	0.2	0.03
0.945	1.0	-0.055
0.438	0.584	-0.146
0.907	1.0	-0.093
0.073	0.116	-0.043
0.098	0.119	-0.021
0.092	0.09	0.002
0.747	0.834	-0.087
0.122	0.192	-0.07
0.065	0.038	0.027
1.0	0.592	0.408
0.011	0.055	-0.044
0.981	0.977	0.004
0.604	0.423	0.181
0.333	1.0	-0.667
0.0	0.04	-0.04
0.295	0.165	0.13
0.268	0.0	0.268
0.015	0.011	0.004
0.412	0.94	-0.528
1.0	0.842	0.158
0.0	0.238	-0.238
0.021	0.044	-0.023
0.647	1.0	-0.353
0.004	0.017	-0.013
0.0	0.515	-0.515
0.046	0.019	0.027
0.259	0.697	-0.438
0.543	0.603	-0.06
0.154	1.0	-0.846
0.655	0.803	-0.148
0.094	0.301	-0.207
0.057	0.38	-0.323
0.571	1.0	-0.429
0.8	1.0	-0.2
0.11	0.425	-0.315
0.008	0.06	-0.052
0.034	0.32	-0.286
0.066	0.317	-0.251
1.0	0.891	0.109
0.596	0.735	-0.139
0.017	0.021	-0.004
1.0	0.949	0.051
0.131	0.044	0.087
0.009	0.388	-0.379
0.913	1.0	-0.087
0.263	0.174	0.089
0.106	0.19	-0.084
1.0	0.385	0.615
0.714	0.238	0.476
0.143	1.0	-0.857
0.0	0.113	-0.113
0.0	0.054	-0.054
0.111	0.043	0.068
0.461	0.424	0.037
0.97	1.0	-0.03
0.808	0.873	-0.065
0.019	0.063	-0.044
0.061	0.051	0.01
0.035	0.177	-0.142
0.168	0.053	0.115
0.0	0.009	-0.009
0.006	0.018	-0.012
0.28	0.205	0.075
0.068	0.036	0.032
0.464	0.729	-0.265
0.111	0.0	0.111
0.882	0.0	0.882
0.017	0.009	0.008
0.242	0.216	0.026
0.023	0.001	0.022
0.003	0.068	-0.065
0.221	0.27	-0.049
0.118	0.119	-0.001
0.007	0.008	-0.001
0.018	0.025	-0.007
0.02	0.013	0.007
0.967	1.0	-0.033
0.028	0.029	-0.001
0.024	0.018	0.006
0.857	1.0	-0.143
0.065	0.089	-0.024
1.0	0.35	0.65
0.018	0.0	0.018
0.607	0.244	0.363
0.567	0.405	0.162
0.667	0.496	0.171
0.021	0.077	-0.056
0.048	0.084	-0.036
0.023	0.008	0.015
0.018	0.048	-0.03
0.0	1.0	-1.0
0.477	0.753	-0.276
0.268	0.342	-0.074
0.742	1.0	-0.258
0.412	0.324	0.088
0.4	1.0	-0.6
0.892	1.0	-0.108
0.0	0.105	-0.105
0.0	0.009	-0.009
0.184	0.32	-0.136
0.673	0.934	-0.261
0.0	0.024	-0.024
0.018	0.066	-0.048
0.529	0.825	-0.296
0.0	0.226	-0.226
0.038	0.023	0.015
0.013	0.008	0.005
0.042	0.156	-0.114
0.01	0.004	0.006
0.005	0.007	-0.002
0.004	0.002	0.002
0.029	0.016	0.013
0.995	1.0	-0.005
0.994	1.0	-0.006
0.037	0.049	-0.012
0.111	0.337	-0.226
0.268	0.715	-0.447
1.0	0.785	0.215
0.03	0.0	0.03
0.098	0.176	-0.078
0.937	1.0	-0.063
0.006	0.0	0.006
1.0	0.986	0.014
0.096	0.07	0.026
0.931	1.0	-0.069
0.857	0.78	0.077
0.07	0.049	0.021
0.0	0.024	-0.024
0.09	0.163	-0.073
0.0	0.118	-0.118
0.462	0.789	-0.327
0.429	0.125	0.304
0.818	0.2	0.618
0.936	0.967	-0.031
0.0	0.087	-0.087
1.0	0.811	0.189
0.042	0.039	0.003
0.049	0.003	0.046
0.413	0.315	0.098
0.786	0.85	-0.064
0.092	0.189	-0.097
0.004	0.013	-0.009
0.836	1.0	-0.164
0.056	0.137	-0.081
0.099	0.136	-0.037
0.064	0.191	-0.127
0.204	0.345	-0.141
0.016	0.0	0.016
0.038	0.0	0.038
0.231	0.0	0.231
0.009	0.279	-0.27
0.847	0.361	0.486
0.3	0.518	-0.218
0.128	0.157	-0.029
0.069	0.1	-0.031
0.057	0.031	0.026
0.073	0.0	0.073
0.215	0.0	0.215
0.775	1.0	-0.225
0.433	0.34	0.093
0.125	0.102	0.023
1.0	0.974	0.026
0.555	0.644	-0.089
0.97	0.983	-0.013
0.667	0.156	0.511
0.5	0.762	-0.262
1.0	0.243	0.757
1.0	0.589	0.411
0.157	0.156	0.001
0.07	1.0	-0.93
0.015	0.106	-0.091
0.165	0.122	0.043
0.056	0.036	0.02
0.102	0.089	0.013
0.065	0.094	-0.029
0.285	0.126	0.159
0.028	0.016	0.012
0.995	1.0	-0.005
0.007	0.0	0.007
0.944	1.0	-0.056
0.27	0.125	0.145
0.5	0.179	0.321
0.56	0.317	0.243
0.0	0.04	-0.04
0.013	0.0	0.013
0.307	1.0	-0.693
0.65	0.852	-0.202
0.578	1.0	-0.422
0.062	0.286	-0.224
0.033	1.0	-0.967
0.073	0.049	0.024
0.148	0.214	-0.066
0.951	0.891	0.06
0.004	0.013	-0.009
0.025	0.068	-0.043
0.038	0.082	-0.044
0.023	0.058	-0.035
0.014	0.078	-0.064
0.0	0.013	-0.013
0.028	0.001	0.027
0.922	0.712	0.21
0.0	0.371	-0.371
0.943	0.768	0.175
0.0	0.037	-0.037
0.055	0.051	0.004
0.031	0.032	-0.001
0.035	0.016	0.019
0.077	0.022	0.055
0.6	0.892	-0.292
0.097	0.152	-0.055
0.221	0.175	0.046
1.0	0.718	0.282
0.03	0.061	-0.031
1.0	0.347	0.653
0.077	0.159	-0.082
0.0	0.063	-0.063
0.045	0.187	-0.142
0.006	0.007	-0.001
0.13	0.214	-0.084
0.179	0.056	0.123
0.444	0.522	-0.078
0.4	1.0	-0.6
0.171	0.3	-0.129
0.0	0.004	-0.004
1.0	0.0	1.0
1.0	0.469	0.531
0.696	0.726	-0.03
0.049	0.013	0.036
0.249	0.519	-0.27
0.063	0.173	-0.11
0.0	1.0	-1.0
1.0	0.571	0.429
0.2	0.213	-0.013
0.054	0.202	-0.148
0.0	0.004	-0.004
0.0	0.038	-0.038
0.079	0.067	0.012
0.014	0.03	-0.016
0.031	0.021	0.01
0.091	0.142	-0.051
0.0	0.053	-0.053
0.0	0.177	-0.177
0.966	1.0	-0.034
0.0	0.224	-0.224
0.032	0.552	-0.52
0.0	0.067	-0.067
0.097	0.05	0.047
0.108	0.0	0.108
0.02	0.346	-0.326
0.187	0.232	-0.045
0.0	0.052	-0.052
0.037	0.061	-0.024
0.857	0.152	0.705
0.027	0.061	-0.034
0.023	0.072	-0.049
0.028	0.043	-0.015
0.692	0.44	0.252
0.03	0.0	0.03
0.148	0.487	-0.339
0.032	0.122	-0.09
0.049	0.06	-0.011
0.786	1.0	-0.214
0.159	0.298	-0.139
0.011	0.021	-0.01
0.082	0.026	0.056
0.044	0.06	-0.016
1.0	0.403	0.597
0.268	0.056	0.212
0.0	0.005	-0.005
0.931	1.0	-0.069
1.0	0.894	0.106
0.095	0.195	-0.1
0.811	1.0	-0.189
0.489	0.622	-0.133
0.0	0.04	-0.04
0.0	0.029	-0.029
0.226	0.661	-0.435
0.021	0.05	-0.029
0.882	0.803	0.079
0.667	0.588	0.079
0.868	0.6	0.268
1.0	0.825	0.175
0.986	0.979	0.007
0.164	0.227	-0.063
0.251	0.126	0.125
0.106	0.055	0.051
0.232	0.246	-0.014
0.746	0.556	0.19
0.135	0.199	-0.064
0.116	0.17	-0.054
0.524	0.692	-0.168
0.097	0.162	-0.065
0.071	0.09	-0.019
0.211	0.432	-0.221
0.335	0.491	-0.156
0.928	1.0	-0.072
0.031	0.039	-0.008
0.255	0.22	0.035
0.849	0.38	0.469
0.075	0.052	0.023
0.039	0.188	-0.149
0.976	1.0	-0.024
0.235	0.397	-0.162
0.167	0.158	0.009
0.244	0.242	0.002
0.009	0.02	-0.011
0.73	0.523	0.207
0.066	0.151	-0.085
0.172	0.492	-0.32
0.175	0.0	0.175
0.302	0.055	0.247
0.234	0.201	0.033
0.179	0.208	-0.029
0.946	0.98	-0.034
0.034	0.043	-0.009
0.538	1.0	-0.462
0.071	0.085	-0.014
0.303	0.358	-0.055
0.5	0.51	-0.01
0.028	0.0	0.028
0.051	0.039	0.012
1.0	0.97	0.03
0.5	1.0	-0.5
0.048	0.131	-0.083
0.714	0.72	-0.006
0.038	0.103	-0.065
0.01	0.004	0.006
0.087	0.037	0.05
0.064	0.331	-0.267
0.018	0.028	-0.01
0.02	0.013	0.007
0.167	0.126	0.041
0.222	0.146	0.076
0.017	0.16	-0.143
0.08	0.315	-0.235
0.815	1.0	-0.185
0.107	0.281	-0.174
0.974	0.962	0.012
0.211	0.124	0.087
0.349	0.039	0.31
0.091	0.02	0.071
0.249	0.483	-0.234
0.136	0.176	-0.04
0.024	0.016	0.008
0.036	0.051	-0.015
0.009	0.009	0.0
0.975	0.977	-0.002
0.857	1.0	-0.143
0.028	0.616	-0.588
0.029	0.0	0.029
0.07	0.013	0.057
1.0	0.0	1.0
0.02	0.085	-0.065
0.622	0.746	-0.124
0.0	0.006	-0.006
0.097	0.16	-0.063
0.93	1.0	-0.07
0.126	0.289	-0.163
0.422	0.48	-0.058
0.111	0.135	-0.024
0.008	0.026	-0.018
0.024	0.072	-0.048
0.125	0.035	0.09
0.068	0.102	-0.034
0.142	0.521	-0.379
0.31	0.313	-0.003
1.0	0.95	0.05
0.118	0.092	0.026
0.867	0.545	0.322
0.109	0.037	0.072
0.103	0.0	0.103
0.591	1.0	-0.409
1.0	0.887	0.113
0.108	0.033	0.075
0.256	0.18	0.076
0.0	0.017	-0.017
0.094	0.196	-0.102
0.042	0.078	-0.036
0.0	1.0	-1.0
0.156	0.05	0.106
0.131	0.377	-0.246
0.056	0.178	-0.122
0.846	0.508	0.338
0.549	0.0	0.549
0.603	0.528	0.075
0.152	0.08	0.072
0.778	1.0	-0.222
0.448	0.305	0.143
0.045	0.128	-0.083
0.231	0.304	-0.073
0.047	0.051	-0.004
0.565	0.466	0.099
0.039	0.097	-0.058
0.13	0.063	0.067
0.118	0.115	0.003
0.984	1.0	-0.016
0.778	0.636	0.142
0.125	0.059	0.066
0.959	1.0	-0.041
0.014	0.012	0.002
0.0	0.025	-0.025
0.0	0.053	-0.053
0.399	0.461	-0.062
0.012	0.012	0.0
0.333	0.077	0.256
0.095	0.038	0.057
0.266	0.0	0.266
0.714	0.0	0.714
0.0	0.002	-0.002
0.432	0.448	-0.016
0.025	0.035	-0.01
0.071	0.039	0.032
0.0	0.395	-0.395
1.0	0.623	0.377
0.047	0.092	-0.045
0.102	0.102	0.0
0.058	0.059	-0.001
0.87	0.32	0.55
0.281	0.477	-0.196
0.935	0.957	-0.022
0.033	0.032	0.001
0.032	0.089	-0.057
1.0	0.813	0.187
0.429	0.048	0.381
0.007	0.007	0.0
0.0	0.039	-0.039
0.058	0.053	0.005
0.068	0.093	-0.025
0.134	0.112	0.022
0.143	0.0	0.143
0.044	0.068	-0.024
0.4	0.0	0.4
0.049	0.062	-0.013
0.083	0.024	0.059
0.034	0.051	-0.017
0.053	0.014	0.039
1.0	0.589	0.411
0.0	0.007	-0.007
0.105	0.065	0.04
0.854	1.0	-0.146
0.217	0.103	0.114
0.041	0.003	0.038
0.119	0.186	-0.067
0.122	0.089	0.033
0.737	0.579	0.158
0.0	0.262	-0.262
0.111	0.115	-0.004
0.125	0.102	0.023
0.143	1.0	-0.857
0.009	0.087	-0.078
0.092	0.184	-0.092
0.205	0.176	0.029
0.11	0.141	-0.031
0.559	0.563	-0.004
0.2	0.114	0.086
0.924	0.801	0.123
1.0	0.319	0.681
1.0	0.747	0.253
0.061	0.25	-0.189
0.066	0.054	0.012
0.188	0.346	-0.158
0.772	0.785	-0.013
0.142	0.756	-0.614
0.6	1.0	-0.4
0.0	0.026	-0.026
0.367	0.651	-0.284
0.01	0.002	0.008
0.8	1.0	-0.2
1.0	0.118	0.882
1.0	0.276	0.724
1.0	0.918	0.082
0.0	0.105	-0.105
1.0	0.798	0.202
0.235	0.415	-0.18
0.81	1.0	-0.19
0.655	0.717	-0.062
0.169	0.09	0.079
0.125	0.15	-0.025
0.145	0.0	0.145
0.989	1.0	-0.011
0.061	0.02	0.041
0.014	0.027	-0.013
0.022	0.037	-0.015
0.821	0.919	-0.098
1.0	0.396	0.604
0.849	0.926	-0.077
0.068	0.068	0.0
0.111	0.146	-0.035
0.39	0.074	0.316
0.093	0.005	0.088
0.126	0.128	-0.002
0.055	0.257	-0.202
0.015	0.0	0.015
0.0	0.168	-0.168
1.0	0.724	0.276
0.031	0.009	0.022
1.0	0.312	0.688
1.0	0.389	0.611
1.0	0.833	0.167
0.222	0.465	-0.243
0.214	1.0	-0.786
0.274	0.354	-0.08
0.041	0.102	-0.061
0.586	0.657	-0.071
0.081	0.249	-0.168
0.021	0.077	-0.056
0.99	1.0	-0.01
0.023	0.059	-0.036
0.0	0.123	-0.123
0.958	1.0	-0.042
0.0	0.161	-0.161
0.017	0.0	0.017
0.168	0.283	-0.115
0.0	0.006	-0.006
0.116	0.038	0.078
0.314	0.233	0.081
0.061	0.01	0.051
1.0	0.789	0.211
0.577	1.0	-0.423
0.692	0.927	-0.235
0.867	0.559	0.308
0.057	0.062	-0.005
0.0	0.006	-0.006
0.06	0.095	-0.035
0.68	0.523	0.157
0.092	0.179	-0.087
0.077	0.404	-0.327
1.0	0.15	0.85
0.044	0.012	0.032
0.196	0.04	0.156
0.227	0.291	-0.064
0.971	1.0	-0.029
0.304	0.183	0.121
0.048	0.041	0.007
0.137	0.023	0.114
0.202	0.028	0.174
0.133	0.0	0.133
1.0	0.988	0.012
0.081	0.094	-0.013
0.911	0.932	-0.021
0.917	0.903	0.014
0.01	0.024	-0.014
0.958	0.846	0.112
0.488	0.69	-0.202
0.871	1.0	-0.129
0.015	0.011	0.004
0.894	0.756	0.138
0.784	0.45	0.334
0.069	0.061	0.008
0.722	1.0	-0.278
0.6	1.0	-0.4
0.013	0.02	-0.007
0.011	0.069	-0.058
0.673	1.0	-0.327
0.076	0.056	0.02
0.964	0.227	0.737
0.037	0.013	0.024
0.042	0.031	0.011
0.429	0.8	-0.371
0.644	0.865	-0.221
0.73	0.928	-0.198
0.891	1.0	-0.109
0.044	0.052	-0.008
0.037	0.116	-0.079
0.799	1.0	-0.201
0.913	0.976	-0.063
0.0	0.194	-0.194
0.391	0.639	-0.248
0.504	0.676	-0.172
0.763	0.619	0.144
0.239	0.399	-0.16
0.032	0.029	0.003
0.095	0.032	0.063
0.672	0.622	0.05
0.03	0.018	0.012
0.007	0.079	-0.072
0.395	0.187	0.208
0.0	1.0	-1.0
0.113	0.174	-0.061
0.714	1.0	-0.286
0.693	0.834	-0.141
0.077	0.111	-0.034
0.066	0.144	-0.078
0.13	0.421	-0.291
0.041	0.0	0.041
0.085	0.262	-0.177
0.065	0.185	-0.12
0.097	0.142	-0.045
1.0	0.739	0.261
0.0	0.04	-0.04
0.062	0.055	0.007
0.74	1.0	-0.26
0.022	0.025	-0.003
0.026	0.029	-0.003
1.0	0.953	0.047
0.016	0.007	0.009
0.043	0.052	-0.009
0.022	0.037	-0.015
0.355	0.671	-0.316
1.0	0.697	0.303
0.016	0.023	-0.007
1.0	0.787	0.213
0.615	0.81	-0.195
0.547	0.791	-0.244
0.021	0.021	0.0
0.017	0.009	0.008
0.056	0.06	-0.004
0.006	0.006	0.0
0.029	0.032	-0.003
0.036	0.072	-0.036
0.006	0.035	-0.029
0.83	0.572	0.258
0.287	0.377	-0.09
0.019	0.028	-0.009
0.0	0.17	-0.17
0.128	0.175	-0.047
0.735	1.0	-0.265
0.714	0.145	0.569
0.437	0.553	-0.116
0.765	1.0	-0.235
0.377	0.419	-0.042
0.507	0.18	0.327
0.0	0.206	-0.206
1.0	0.791	0.209
0.0	0.001	-0.001
1.0	0.523	0.477
0.059	0.016	0.043
0.052	0.064	-0.012
0.063	0.023	0.04
0.0	0.061	-0.061
0.015	0.006	0.009
0.53	0.0	0.53
0.366	0.273	0.093
0.44	0.403	0.037
0.293	0.837	-0.544
0.22	0.14	0.08
0.043	0.192	-0.149
0.025	0.351	-0.326
0.861	0.907	-0.046
1.0	0.921	0.079
0.01	0.017	-0.007
1.0	0.828	0.172
0.052	0.077	-0.025
0.771	1.0	-0.229
0.171	0.198	-0.027
0.061	0.005	0.056
0.0	0.013	-0.013
0.054	0.015	0.039
0.137	0.07	0.067
0.026	0.051	-0.025
0.735	0.649	0.086
0.15	0.045	0.105
0.0	0.01	-0.01
0.017	0.031	-0.014
0.007	0.008	-0.001
1.0	0.867	0.133
0.0	0.118	-0.118
0.0	0.094	-0.094
0.158	0.119	0.039
0.0	0.29	-0.29
0.817	0.904	-0.087
0.136	0.271	-0.135
0.047	0.124	-0.077
0.381	0.72	-0.339
0.0	0.114	-0.114
0.611	0.282	0.329
0.149	0.185	-0.036
0.247	0.095	0.152
0.751	0.719	0.032
0.488	0.671	-0.183
0.962	1.0	-0.038
0.407	0.487	-0.08
0.008	0.022	-0.014
0.032	0.0	0.032
