IJC_SAMPLE_1	SJC_SAMPLE_1	IJC_SAMPLE_2	SJC_SAMPLE_2	IncFormLen	SkipFormLen
11	10	9,9	13,22	298	149
11	0	104,174	0,2	298	149
5	45	12,15	62,35	298	149
10	2	17,7	0,2	273	149
12	1	11,6	0,0	298	149
0	2	0,2	0,0	298	149
9	289	20,12	110,75	262	149
18	65	95,77	32,42	298	149
38	17	71,110	13,27	298	149
2	6	0,2	6,4	298	149
0	8	2,6	8,2	298	149
194	243	626,301	83,90	298	149
0	2	2,0	3,6	298	149
4	0	7,0	0,2	298	149
2	1	7,5	0,0	298	149
45	3	45,19	3,4	298	149
46	2	48,20	7,0	298	149
14	2	23,14	0,0	298	149
5	1	4,11	0,0	298	149
4	0	11,16	4,0	298	149
4	1	11,5	2,0	298	149
2	2	4,0	0,0	298	149
46	2	106,56	0,2	230	149
3	0	0,0	2,2	298	149
1	0	0,0	6,6	239	149
35	11	3,3	2,2	298	149
3	6	0,9	2,4	298	149
2	2	0,2	0,0	298	149
0	10	0,2	35,32	278	149
31	0	40,8	4,0	298	149
0	6	1,0	2,1	298	149
4	0	0,0	1,0	298	149
1	2	0,4	0,2	298	149
1	0	0,4	2,0	298	149
2	8	5,4	0,2	298	149
1	84	5,4	88,95	298	149
6	252	3,10	205,354	298	149
5	56	0,1	27,43	298	149
13	276	7,8	136,90	298	149
62	17	117,66	10,12	298	149
0	30	3,11	27,40	298	149
0	2	2,0	0,0	258	149
0	4	2,2	5,10	298	149
1	24	0,0	11,15	255	149
2	14	2,4	4,4	298	149
3	51	6,5	55,53	288	149
5	112	2,6	118,119	298	149
2	60	4,2	50,58	252	149
0	39	3,3	13,25	244	149
5	5	5,1	1,0	298	149
0	19	0,3	40,48	242	149
0	2	0,1	0,3	247	149
7	22	1,6	31,29	298	149
0	7	2,1	2,4	260	149
2	7	2,2	5,4	298	149
1	0	0,0	0,2	298	149
2	1	0,0	2,0	298	149
0	7	2,12	3,2	298	149
4	14	0,0	14,11	285	149
0	31	1,1	39,36	238	149
3	38	0,0	0,4	298	149
2	0	5,0	4,2	234	149
2	1	0,2	0,0	298	149
3	148	1,0	67,89	233	149
0	7	2,2	2,2	289	149
0	4	1,4	2,2	298	149
160	0	90,58	8,1	298	149
4	49	34,42	86,31	298	149
1	17	2,0	2,0	243	149
6	83	4,6	7,25	298	149
13	13	8,8	4,2	298	149
11	0	5,7	3,0	298	149
2	6	8,2	12,16	298	149
9	7	16,10	15,12	298	149
0	10	6,4	23,19	235	149
0	4	4,2	5,8	298	149
1	10	0,0	3,2	223	149
4	56	3,9	25,18	240	149
0	8	2,2	4,8	298	149
0	1	4,6	0,0	298	149
0	5	2,6	4,3	298	149
0	8	4,2	0,1	298	149
2	22	1,0	5,4	298	149
1	0	4,9	0,2	298	149
0	2	0,1	0,5	232	149
6	265	3,6	249,280	298	149
0	1	1,2	7,2	252	149
0	12	0,1	16,26	244	149
14	16	31,24	6,8	298	149
0	2	2,0	4,0	298	149
4	2	0,8	2,2	298	149
0	49	10,26	69,76	246	149
0	1	0,3	0,0	298	149
3	131	18,10	111,96	265	149
22	32	13,17	33,28	285	149
16	20	39,23	67,112	298	149
4	18	17,11	27,13	298	149
4	0	6,2	0,2	298	149
4	51	9,6	110,126	223	149
3	29	8,5	47,50	298	149
1	0	9,7	2,2	298	149
4	61	9,7	238,213	298	149
4	81	7,6	143,123	298	149
2	39	9,7	52,47	298	149
3	54	22,11	79,57	298	149
2	15	3,4	22,38	298	149
1	0	5,6	3,4	298	149
0	4	1,0	5,5	264	149
20	0	46,16	1,2	298	149
7	2	3,2	0,0	298	149
6	0	9,4	0,2	298	149
4	8	7,2	0,4	298	149
4	10	0,10	2,2	234	149
11	8	2,5	11,11	254	149
13	2	18,10	2,4	298	149
13	2	19,11	2,0	298	149
53	145	74,43	68,54	298	149
7	2	20,2	2,6	298	149
11	21	8,11	36,38	225	149
7	26	5,7	11,24	261	149
6	12	25,29	4,17	298	149
29	0	47,78	4,0	264	149
63	8	68,79	5,8	298	149
0	8	0,4	5,4	298	149
5	94	20,16	48,62	255	149
1	0	0,0	2,0	298	149
211	2291	97,68	219,205	298	149
20	62	7,1	16,14	298	149
2	36	7,4	24,13	298	149
3	4	3,0	0,8	236	149
0	9	5,4	8,3	298	149
0	6	2,0	0,0	298	149
1	1	2,4	0,0	247	149
4	2	2,8	0,0	298	149
9	10	4,2	10,5	298	149
106	2	94,32	0,2	298	149
35	91	51,25	40,43	241	149
3	42	2,6	23,18	298	149
7	10	2,2	21,13	298	149
6	1	4,1	0,0	298	149
2	3	0,0	4,0	249	149
15	12	33,13	16,12	298	149
26	13	82,65	17,34	298	149
110	0	41,20	1,0	298	149
39	0	27,17	0,1	298	149
43	2	36,16	0,0	298	149
26	76	72,16	195,66	298	149
1	0	0,2	2,2	298	149
1	8	0,2	11,11	298	149
3	128	0,0	2,20	224	149
1	176	0,4	198,364	298	149
0	125	1,5	144,220	298	149
2	500	2,10	690,1182	277	149
0	247	1,4	290,575	298	149
2	8	4,8	4,11	298	149
6	0	3,9	0,2	298	149
2	2	8,4	4,7	298	149
1	6	8,2	2,6	298	149
2	21	4,17	36,62	228	149
0	21	0,2	13,37	298	149
7	22	30,20	24,21	298	149
6	37	13,21	46,40	298	149
10	2	1,14	1,0	298	149
7	5	2,0	8,8	298	149
23	101	16,10	51,35	226	149
16	3	10,9	0,0	298	149
19	2	12,4	0,0	298	149
4	4	6,4	3,2	298	149
5	2	2,8	0,0	298	149
2	3	11,4	8,10	247	149
2	9	7,5	9,17	298	149
0	43	7,14	34,20	298	149
0	1	1,0	3,2	298	149
10	2	9,0	0,0	298	149
1	37	9,0	27,21	298	149
0	3	2,0	2,2	298	149
2	17	0,9	13,16	240	149
2	2	2,6	4,0	298	149
0	3	1,5	4,11	298	149
0	3	1,0	11,8	298	149
2	1	3,11	2,4	298	149
0	12	9,4	10,7	298	149
8	17	0,4	6,16	298	149
2	9	2,4	2,1	298	149
4	0	0,0	0,1	263	149
0	11	0,2	2,5	298	149
159	13	178,92	6,4	298	149
2	111	4,6	37,80	298	149
10	1	5,14	0,0	298	149
6	4	3,11	0,0	298	149
1	2	2,8	0,0	298	149
1	62	0,3	74,79	298	149
10	65	6,20	100,85	298	149
0	2	0,1	4,0	298	149
0	33	17,10	37,54	255	149
1	20	4,7	21,38	298	149
0	14	4,2	24,40	298	149
0	6	4,4	10,31	298	149
2	0	2,0	2,0	298	149
6	12	10,0	2,12	298	149
7	39	5,0	26,18	298	149
3	46	5,0	25,29	298	149
13	56	8,3	25,23	250	149
21	5	42,40	0,0	298	149
22	91	40,34	84,46	298	149
58	733	33,31	689,650	295	149
12	43	21,3	40,27	298	149
21	32	25,15	39,45	298	149
7	26	15,2	23,10	298	149
3	44	10,3	52,49	298	149
19	23	9,8	14,6	298	149
35	283	11,18	211,264	298	149
18	1	8,6	0,1	298	149
17	6	18,18	0,0	298	149
0	20	5,4	26,31	298	149
1	17	8,6	14,9	298	149
13	0	41,33	2,10	298	149
0	3	2,4	4,4	221	149
8	2	29,20	2,0	298	149
11	22	19,17	17,14	298	149
4	0	30,40	3,0	298	149
4	1	15,12	6,12	298	149
2	4	0,0	20,16	243	149
5	15	16,17	36,56	298	149
5	37	13,32	87,56	298	149
2	13	2,2	8,10	276	149
2	6	2,6	4,4	229	149
0	13	3,3	6,13	261	149
2	3	2,4	7,6	298	149
0	2	2,0	2,4	298	149
2	17	5,1	8,10	298	149
6	2	0,0	3,0	298	149
0	4	2,0	16,7	298	149
0	27	0,1	39,56	284	149
0	30	4,9	53,69	232	149
1	17	3,2	16,34	232	149
10	107	8,4	42,33	237	149
30	0	46,52	2,1	298	149
2	1	2,0	0,0	298	149
0	2	2,0	6,4	224	149
3	0	6,14	2,2	244	149
2	0	4,3	0,2	298	149
2	6	6,2	7,10	298	149
11	4	12,20	0,0	298	149
6	4	0,4	4,0	240	149
12	15	11,6	0,0	298	149
4	113	10,11	161,273	245	149
3	19	0,3	4,6	298	149
51	2	37,11	1,0	298	149
16	42	42,22	37,32	298	149
12	0	38,18	3,0	298	149
16	39	26,7	44,23	298	149
16	69	15,4	29,24	287	149
4	2	2,4	2,0	298	149
6	2	5,5	0,0	298	149
2	10	0,2	2,8	265	149
7	0	28,53	2,3	298	149
1	0	0,0	0,4	279	149
2	0	9,4	8,6	298	149
1	2	0,2	2,2	298	149
4	9	4,9	3,0	220	149
0	2	2,4	0,0	298	149
277	14	276,307	16,27	290	149
6	38	20,19	65,74	298	149
0	8	4,10	2,22	298	149
0	2	6,2	9,16	298	149
0	2	6,2	0,0	298	149
2	6	1,0	4,3	298	149
0	2	0,2	64,23	298	149
23	64	42,36	88,37	298	149
20	40	62,38	89,70	298	149
4	2	7,0	4,2	298	149
0	22	2,0	43,28	298	149
3	40	11,5	98,44	298	149
0	4	8,5	24,10	298	149
3	8	3,3	42,17	298	149
3	0	3,3	2,2	298	149
0	7	1,5	15,10	242	149
0	16	0,2	5,4	222	149
1	27	14,2	36,29	298	149
0	4	0,1	0,6	298	149
2	12	5,2	14,27	298	149
3	6	3,3	6,7	243	149
9	15	2,6	28,30	287	149
7	51	7,8	17,18	298	149
22	35	45,19	23,20	236	149
1	0	1,6	0,2	298	149
1304	0	766,839	0,6	237	149
145	3	116,279	4,4	298	149
14	31	46,26	87,72	298	149
8	6	82,53	10,29	298	149
11	0	118,103	0,2	298	149
0	22	2,1	17,44	258	149
2	2	0,0	0,2	290	149
2	25	7,5	29,31	298	149
0	18	0,4	12,30	298	149
1	6	2,3	11,15	236	149
0	12	2,0	14,12	298	149
1	2	0,0	0,2	274	149
2	0	14,12	2,2	298	149
5	2	57,43	0,2	253	149
0	2	0,3	10,8	277	149
0	9	5,2	25,19	243	149
2	7	4,1	28,9	229	149
0	11	1,0	2,20	298	149
6	28	25,6	12,22	298	149
11	0	37,15	2,0	298	149
8	199	1,0	0,2	237	149
5	3	10,18	11,18	283	149
2	2	8,6	0,0	298	149
19	6	2,4	0,2	298	149
16	39	5,5	10,16	245	149
29	156	9,10	57,103	287	149
103	0	16,84	2,0	298	149
0	6	0,2	9,4	249	149
2	6	6,10	2,2	223	149
5	18	15,2	18,27	298	149
23	1	97,29	0,0	298	149
0	2	0,2	4,2	236	149
0	2	2,0	0,2	298	149
5	11	2,8	8,11	298	149
1	22	1,3	24,25	225	149
2	4	0,0	18,10	237	149
0	8	2,4	4,3	298	149
0	12	4,5	26,13	298	149
2	0	4,3	2,0	298	149
5	0	40,31	0,2	298	149
4	36	9,9	61,41	225	149
4	0	9,7	2,0	211	149
0	5	2,0	14,31	298	149
3	13	1,6	40,17	298	149
25	2	56,61	0,0	298	149
0	6	6,0	18,8	298	149
2	2	6,4	17,12	298	149
4	14	7,4	28,3	298	149
12	1	22,13	0,4	298	149
6	1	14,11	1,2	298	149
10	2	7,0	0,3	298	149
2	2	2,1	2,0	261	149
1	0	4,3	0,2	247	149
17	6	37,31	15,24	298	149
34	0	15,51	2,0	298	149
19	327	41,12	490,330	298	149
5	4	2,7	0,4	234	149
4	0	6,10	0,4	298	149
2	4	2,0	6,18	298	149
7	1	2,0	0,2	298	149
0	8	2,0	6,15	255	149
8	147	26,32	141,152	298	149
154	1193	55,31	407,465	298	149
41	317	8,21	171,260	298	149
77	1223	45,39	711,799	298	149
16	301	5,5	459,562	298	149
31	404	57,40	289,337	298	149
14	186	23,8	124,49	298	149
31	329	39,26	898,859	298	149
42	2	40,16	0,0	298	149
18	355	14,3	214,97	298	149
4	0	8,8	0,2	298	149
0	1	2,0	0,0	288	149
38	33	2,2	0,2	298	149
9	189	0,0	3,2	298	149
2	0	4,2	1,6	298	149
17	20	44,15	62,22	298	149
16	59	6,0	36,60	290	149
2	2	4,0	0,0	298	149
9	36	19,12	54,36	298	149
0	2	5,0	5,4	242	149
0	10	4,2	2,4	298	149
0	2	0,6	0,0	226	149
5	99	6,2	75,62	298	149
3	6	0,2	0,0	250	149
13	153	3,7	40,29	228	149
0	45	2,2	44,47	268	149
0	2	2,2	0,0	298	149
3	18	13,8	42,38	298	149
4	53	25,2	117,87	298	149
17	76	28,16	76,63	298	149
2	8	2,6	4,5	226	149
19	144	66,40	81,55	298	149
69	3	66,36	6,2	298	149
44	8	46,33	3,0	298	149
1	0	2,3	2,0	298	149
20	4	7,34	0,2	254	149
35	631	24,35	383,192	298	149
9	77	48,24	254,188	227	149
4	12	6,0	23,13	298	149
0	6	3,7	13,12	298	149
0	6	2,9	5,13	298	149
3	5	5,0	37,23	244	149
2	19	15,7	21,25	298	149
13	0	24,21	6,0	298	149
1	0	9,8	0,7	298	149
2	15	2,0	14,18	298	149
21	4	28,13	0,0	298	149
42	88	79,48	31,11	298	149
13	58	15,9	38,35	298	149
148	1	97,71	3,5	298	149
17	220	32,26	106,90	298	149
33	0	37,33	2,0	298	149
36	55	41,33	62,19	298	149
36	46	44,33	46,28	298	149
43	2	59,42	0,6	298	149
9	7	19,6	3,0	298	149
7	21	28,17	43,33	298	149
17	44	15,15	43,37	298	149
29	2	61,27	4,2	298	149
39	25	71,34	40,26	298	149
1	0	8,0	2,0	298	149
1	0	8,0	0,1	298	149
0	11	0,4	7,4	298	149
14	32	33,21	14,18	298	149
2	20	5,4	11,14	298	149
5	3	19,24	2,2	298	149
20	42	43,15	55,25	243	149
51	24	69,37	18,5	298	149
24	2	55,32	2,0	298	149
3	0	1,2	0,2	298	149
2	0	2,6	0,1	298	149
2	2	0,0	2,0	298	149
32	165	34,13	61,87	298	149
5	97	7,5	31,58	298	149
0	205	0,4	41,85	298	149
6	79	2,6	29,51	298	149
3	65	5,9	50,20	230	149
87	204	107,53	102,51	221	149
61	18	93,48	9,6	298	149
54	1	19,23	0,0	298	149
22	55	11,8	13,29	256	149
23	178	29,7	170,75	298	149
32	0	33,9	2,0	298	149
37	1	64,14	4,0	298	149
19	65	22,5	90,34	298	149
63	162	53,19	81,53	298	149
17	27	30,11	38,50	298	149
8	5	20,8	2,2	298	149
16	375	20,26	213,175	298	149
9	179	5,7	141,104	236	149
10	173	4,0	86,70	298	149
43	65	23,9	43,24	298	149
24	4	19,4	0,0	298	149
127	2	22,26	0,0	271	149
120	16	16,24	2,1	298	149
4	2	6,14	0,2	298	149
2	0	2,3	2,1	298	149
2	0	6,12	8,5	263	149
7	3	10,14	0,0	298	149
17	75	19,10	34,36	298	149
17	68	16,2	31,32	295	149
6	13	37,25	70,69	298	149
6	5	28,16	22,22	298	149
26	0	26,12	0,2	298	149
12	4	22,2	6,4	298	149
1	4	9,0	15,8	298	149
0	1	9,9	0,0	298	149
22	0	53,60	1,0	298	149
204	0	158,85	0,2	298	149
4	2	4,6	0,0	298	149
11	1	1,6	2,0	298	149
5	180	46,18	386,154	298	149
6	0	8,4	1,0	298	149
10	4	12,10	2,0	298	149
3	3	14,14	14,14	298	149
1	2	13,5	2,0	298	149
4	25	4,0	30,34	298	149
0	19	11,3	17,7	298	149
9	127	24,16	70,25	251	149
5	0	20,2	0,2	298	149
4	6	22,6	10,0	298	149
27	50	53,5	45,32	298	149
10	60	41,22	94,57	298	149
22	72	31,18	74,50	298	149
30	0	69,31	2,0	298	149
29	46	72,31	80,50	298	149
27	229	45,10	72,51	278	149
0	5	0,3	2,2	248	149
2	37	17,14	8,16	298	149
7	13	6,8	6,11	298	149
2	15	0,4	10,14	227	149
0	14	2,0	7,4	230	149
2	0	7,5	2,0	298	149
32	0	68,21	1,3	298	149
2	0	6,0	0,2	298	149
0	16	4,4	10,17	298	149
1	20	15,18	26,20	298	149
1	22	15,9	24,14	298	149
0	2	2,2	5,7	222	149
25	6	50,26	3,0	298	149
2	5	0,2	4,10	282	149
0	7	6,8	4,4	298	149
40	46	32,24	16,4	298	149
20	4	30,25	0,0	298	149
7	37	2,11	17,14	238	149
2	0	5,7	0,2	298	149
1	1	6,4	5,6	298	149
2	19	10,2	10,2	280	149
0	6	2,2	20,7	284	149
12	104	28,20	135,54	298	149
40	80	0,0	2,2	245	149
24	14	36,21	16,8	298	149
5	7	9,11	28,22	266	149
2	2	0,4	0,0	298	149
7	11	4,7	10,19	271	149
2	11	3,4	6,13	298	149
0	4	9,2	0,0	298	149
0	7	3,4	13,8	298	149
1	2	4,4	7,5	298	149
51	0	59,57	2,0	150	149
7	91	32,24	131,74	298	149
23	49	48,34	62,27	298	149
5	3	15,9	3,8	298	149
4	7	2,0	21,15	236	149
6	44	21,4	98,80	265	149
24	97	32,17	82,41	298	149
2	0	0,4	4,3	298	149
0	4	4,0	9,7	227	149
9	5	17,17	16,16	298	149
32	4	32,19	0,0	298	149
1	10	4,5	18,18	294	149
18	0	18,12	0,6	298	149
30	3	18,9	2,0	298	149
9	8	28,8	35,38	298	149
5	30	13,9	45,13	298	149
5	2	20,4	2,0	262	149
19	18	38,25	55,35	298	149
14	3	22,22	0,0	298	149
33	5	3,12	4,2	262	149
54	5	16,14	3,4	298	149
73	2	26,41	2,2	298	149
38	78	18,19	37,52	298	149
85	29	47,54	25,19	298	149
73	4	37,42	0,0	298	149
74	314	37,35	170,119	298	149
4	18	0,0	8,2	280	149
131	1	84,87	0,0	236	149
5	6	52,16	3,11	298	149
11	21	23,8	10,11	250	149
20	0	49,26	1,0	298	149
0	25	1,2	12,13	298	149
12	0	14,8	2,0	298	149
31	188	64,59	116,105	298	149
26	123	19,19	103,57	298	149
0	3	4,4	16,12	298	149
74	15	101,31	57,31	298	149
64	6	102,23	2,4	298	149
53	10	107,28	55,13	298	149
0	4	1,2	0,2	298	149
1	4	0,0	2,0	241	149
1	2	0,6	0,8	297	149
14	67	24,12	70,36	234	149
8	116	30,18	163,87	298	149
27	0	71,17	2,0	236	149
0	2	1,0	2,4	298	149
393	1	607,1568	0,0	152	149
65	0	144,134	6,0	245	149
32	876	24,12	326,165	298	149
80	60	164,88	118,86	298	149
12	14	43,27	26,12	232	149
2	4	1,4	4,3	237	149
14	25	34,30	18,39	242	149
54	30	233,89	34,23	298	149
49	0	247,99	2,0	298	149
0	1	0,2	0,0	298	149
7	0	10,11	1,0	298	149
12	12	29,8	8,9	298	149
17	0	21,22	2,0	298	149
5	34	19,19	43,17	298	149
1	2	44,18	10,8	298	149
0	8	5,8	1,6	298	149
0	5	5,8	8,9	298	149
0	2	0,1	0,3	298	149
0	3	3,8	4,13	298	149
34	1	60,31	14,29	251	149
4	14	8,4	50,36	298	149
32	6	19,25	5,11	243	149
5	27	20,11	24,22	298	149
0	14	2,0	5,18	233	149
0	2	2,0	1,6	298	149
2	0	3,0	0,1	298	149
2	0	0,0	25,5	298	149
2	1	4,4	8,10	298	149
0	2	9,5	0,0	298	149
0	5	1,2	20,23	239	149
0	9	8,0	34,14	298	149
1	4	5,4	10,10	298	149
12	13	18,24	11,4	225	149
37	94	77,44	86,61	298	149
13	0	7,8	2,0	298	149
142	286	182,53	124,109	298	149
11	0	26,11	0,4	298	149
2	2	8,3	1,4	268	149
22	2	44,20	6,11	298	149
6	4	1,0	0,0	295	149
0	9	2,0	3,2	298	149
2	30	4,14	14,16	269	149
0	19	1,15	18,17	277	149
2	14	2,5	11,5	298	149
28	50	42,33	91,50	298	149
20	4	39,35	3,0	298	149
15	41	31,9	85,37	298	149
9	40	14,4	33,45	229	149
1805	68	192,305	0,0	298	149
14	84	74,6	46,33	298	149
4	34	25,9	16,10	276	149
2	12	5,2	51,22	239	149
1	16	11,8	15,16	298	149
8	106	1,11	118,73	298	149
1	60	3,6	90,35	246	149
2	9	1,0	18,25	220	149
39	22	47,24	29,12	251	149
35	5	42,19	3,5	244	149
2	10	13,14	15,10	298	149
1	0	16,15	4,0	298	149
2	13	5,14	3,5	298	149
0	2	0,4	8,11	298	149
5	24	28,11	32,7	298	149
2	16	22,11	37,18	298	149
8	26	9,12	22,21	298	149
4	11	17,4	16,7	298	149
0	2	3,1	2,2	298	149
6	14	12,10	6,14	298	149
70	102	45,17	93,43	298	149
98	0	78,45	0,2	298	149
6	42	3,3	34,25	235	149
7	0	43,14	2,2	298	149
2	1	13,0	2,4	298	149
2	7	4,10	6,2	298	149
2	0	2,8	0,2	298	149
22	4	31,13	6,0	248	149
110	15	82,28	21,12	251	149
26	368	39,31	164,200	298	149
31	3	41,30	0,2	298	149
43	930	32,40	629,624	298	149
18	1195	17,20	837,999	269	149
139	1104	85,98	813,932	298	149
734	4	551,556	4,4	298	149
0	4	4,0	10,22	298	149
4	16	2,3	3,6	235	149
2	21	3,20	11,31	220	149
1	7	13,6	11,0	298	149
2	10	1,0	2,18	283	149
0	21	6,3	38,25	298	149
0	2	4,3	2,2	298	149
6	39	2,0	42,48	254	149
79	177	159,52	152,78	298	149
2	7	18,4	6,10	227	149
7	4	11,29	2,2	298	149
1	2	7,2	7,2	298	149
0	10	1,2	6,9	298	149
5	12	31,14	10,1	298	149
572	16859	285,57	2049,977	298	149
6	39	6,2	40,27	298	149
3	0	3,0	1,0	298	149
7348	52821	1210,1069	61054,47406	298	149
6836	9	782,684	5,10	298	149
25386	247	23507,15024	51,34	298	149
4328	46498	624,326	43611,33044	298	149
2	198	0,0	94,50	233	149
8	191	6,14	57,58	298	149
1	7	2,4	14,11	298	149
4	24	11,6	14,13	298	149
125	322	160,90	281,155	298	149
237	7	335,175	3,2	298	149
364	190	413,352	84,38	298	149
242	0	157,157	3,0	298	149
22	2	39,18	1,2	252	149
40	5	37,33	5,4	298	149
2	1	4,2	0,0	298	149
13	1	17,4	6,4	298	149
4	23	10,7	9,0	219	149
1	0	1,0	0,2	270	149
2	7	9,7	0,4	298	149
7	35	31,30	42,18	238	149
46	3	48,42	4,2	298	149
22	251	23,4	215,61	298	149
2	0	1,0	1,1	298	149
1	54	5,8	33,77	298	149
17	12	8,1	23,27	249	149
28	2	108,79	0,0	298	149
0	5	8,2	5,3	298	149
53	228	38,19	132,69	298	149
125	310	126,86	270,238	298	149
5	9	16,11	9,13	298	149
22	75	15,2	78,24	298	149
142	4	167,73	8,2	298	149
11	133	18,14	142,162	298	149
16	136	35,13	285,209	298	149
33	241	36,27	444,315	298	149
18	627	31,20	776,838	298	149
97	411	127,93	626,543	298	149
165	3	236,197	3,0	298	149
137	2	193,139	0,0	298	149
10	15	8,1	16,0	298	149
0	4	4,0	0,0	298	149
71	41	15,11	13,14	298	149
4	0	2,6	0,2	298	149
4	2	2,6	6,4	298	149
123	3	106,43	5,0	298	149
94	92	72,45	37,60	298	149
1	0	2,6	4,15	298	149
17	22	5,2	14,9	281	149
6	4	0,5	10,10	233	149
61	159	32,27	102,102	298	149
52	3	29,16	0,2	298	149
54	112	29,14	77,70	298	149
50	18	23,14	3,4	298	149
38	91	21,14	37,16	227	149
42	2	23,23	0,1	234	149
36	2	18,14	0,2	203	149
39	5	26,16	1,0	298	149
22	85	20,8	24,14	252	149
49	8	23,22	1,0	298	149
49	1	23,22	0,0	298	149
1	12	17,15	48,18	298	149
8	8	13,2	6,3	298	149
18	470	8,29	54,161	237	149
239	1142	53,122	233,270	296	149
208	223	40,77	59,105	281	149
1	37	1,0	28,11	259	149
0	17	7,2	54,55	298	149
0	2	2,0	8,18	243	149
14	7	19,9	13,10	298	149
185	4487	14,55	333,772	298	149
139	4527	30,39	602,1299	298	149
121	4939	15,17	497,1142	298	149
0	2	2,0	0,0	241	149
2768	0	1634,1526	0,2	298	149
19	384	17,12	197,187	298	149
27	197	18,7	91,77	298	149
1	4	13,4	5,2	298	149
9	470	18,8	260,221	298	149
23	538	17,13	340,310	298	149
251	7	165,133	12,5	298	149
18	278	32,8	181,207	298	149
18	1	27,12	0,2	298	149
20	2	19,9	1,0	298	149
7	16	24,15	22,18	298	149
6	0	25,15	2,1	298	149
10	9	2,8	8,7	298	149
4	0	1,0	2,0	298	149
51	46	108,18	64,29	298	149
8	355	13,2	329,302	298	149
27	95	14,4	57,23	298	149
4	10	9,10	0,3	298	149
28	62	14,7	14,15	236	149
8	74	29,7	119,39	293	149
2	65	22,11	93,41	298	149
1	123	8,5	84,37	298	149
20	341	16,11	136,85	298	149
4	0	1,3	0,4	298	149
14	0	24,4	4,0	280	149
23	234	451,276	599,258	298	149
95	289	1321,303	522,185	298	149
134	21	1162,371	9,1	298	149
2	0	0,0	2,0	298	149
11	73	13,15	188,132	298	149
0	2	2,0	12,3	298	149
0	4	7,6	27,20	298	149
4	7	0,0	10,8	298	149
0	4	4,2	2,5	226	149
27	0	139,128	2,0	298	149
7	5	13,9	4,8	298	149
2	0	0,7	0,4	298	149
2	8	2,2	53,94	298	149
43	210	115,90	240,200	298	149
5	1	15,19	0,1	298	149
1	2	0,1	0,0	286	149
0	1	2,2	1,5	298	149
0	47	0,2	35,83	298	149
3	0	18,12	10,14	298	149
0	2	2,2	2,10	298	149
0	3	2,0	2,4	298	149
19	94	55,23	35,30	298	149
18	0	54,23	2,0	298	149
11	20	19,18	52,23	298	149
18	3	46,68	0,1	298	149
16	1	43,66	0,10	298	149
16	4	58,67	2,5	298	149
17	3	74,74	0,0	298	149
7	0	18,2	4,0	298	149
6	4	11,0	0,0	298	149
6	0	6,0	2,6	298	149
6	0	24,27	2,6	298	149
17	23	49,35	24,11	298	149
3	39	6,1	29,6	237	149
14	0	24,30	0,1	298	149
116	123	134,48	142,32	298	149
1	2	8,14	6,11	298	149
1545	2480	6,8	23,30	298	149
12	5520	0,0	28,31	298	149
2	24	4,4	18,18	256	149
2	6	2,4	3,3	290	149
5	22	10,19	23,27	298	149
4	12	0,8	6,5	248	149
0	2	4,2	2,2	259	149
0	2	6,0	2,2	259	149
0	1	0,1	2,0	219	149
34	75	77,33	94,59	236	149
0	5	45,29	27,12	298	149
12	44	29,18	39,21	290	149
21	43	20,17	8,19	298	149
110	1	210,114	0,0	298	149
13	27	6,8	8,10	298	149
68	4	67,54	1,0	257	149
74	0	85,88	2,2	298	149
2	20	3,4	22,34	298	149
0	2	5,1	0,0	298	149
92	3	19,6	0,0	270	149
8	26	2,2	12,10	298	149
1	1	6,0	0,6	236	149
1	1	0,0	0,2	298	149
6	50	5,4	31,19	298	149
0	31	0,6	47,48	233	149
3	51	3,3	50,32	298	149
10	51	39,16	76,42	298	149
0	19	10,8	24,28	298	149
84	105	77,40	8,4	298	149
67	4	74,57	0,0	298	149
99	3	57,24	0,0	280	149
64	307	48,21	125,107	276	149
0	23	1,0	16,17	298	149
8	42	13,11	27,67	298	149
9	438	14,12	337,467	298	149
58	47	67,20	55,60	298	149
4	6	7,3	18,7	298	149
11	139	22,2	54,18	298	149
77	8	46,31	2,3	298	149
0	15	5,2	11,14	298	149
2	25	2,10	42,30	298	149
12	201	32,25	154,90	298	149
13	14	23,15	23,20	298	149
16	112	29,2	49,29	298	149
17	108	41,24	167,77	226	149
3	43	1,2	45,40	298	149
95	227	49,20	70,75	298	149
94	86	50,20	20,25	298	149
96	6	50,20	1,4	298	149
7	158	14,9	200,162	298	149
120	0	84,29	1,0	233	149
4	12	2,0	3,6	298	149
15	0	13,27	2,0	298	149
4	24	2,0	6,9	298	149
8	2	47,39	3,4	229	149
46	4	95,42	6,4	298	149
8	72	42,11	143,136	298	149
12	24	61,25	61,77	298	149
14	66	8,12	25,13	298	149
139	0	150,71	2,0	298	149
139	2	146,68	2,2	298	149
10	129	16,4	78,56	298	149
93	1181	45,94	549,671	298	149
6	81	11,4	89,76	298	149
0	57	3,12	61,35	298	149
0	32	5,0	30,22	298	149
2	50	0,2	40,21	249	149
1	53	1,0	29,33	298	149
4	71	6,9	60,44	298	149
2	2	7,2	2,2	298	149
34	2	38,16	0,1	298	149
2	80	25,6	76,44	298	149
17	25	38,21	20,15	298	149
21	6	48,37	0,3	298	149
276	400	169,93	99,45	298	149
0	32	0,3	12,37	227	149
2	178	12,14	2,8	231	149
0	1	6,8	3,2	298	149
22	0	18,18	0,2	298	149
2	1	4,4	1,0	298	149
7	2	5,4	10,9	298	149
6	18	4,2	19,42	248	149
4	27	4,10	3,11	279	149
71	7677	72,28	4492,4014	244	149
154	6253	115,153	3246,4367	238	149
35	5427	47,20	3950,5056	232	149
348	15263	302,182	11370,6891	257	149
893	2	570,377	0,0	298	149
140	18035	187,119	14691,11350	298	149
1	20	3,5	38,36	298	149
9	32	28,4	66,34	298	149
4	33	16,13	98,58	298	149
7	0	7,2	1,2	298	149
8	53	7,2	78,31	298	149
3	18	1,4	14,5	298	149
8	17	7,1	14,13	298	149
3	2	5,0	0,0	298	149
33	184	60,34	288,146	298	149
3	165	4,1	128,72	235	149
42	311	28,12	159,91	298	149
12	185	8,3	51,20	232	149
6	12	5,4	3,0	298	149
22	0	4,30	0,6	268	149
0	7	2,3	10,6	298	149
0	4	0,4	2,4	286	149
0	53	0,1	8,23	298	149
2	18	0,0	0,2	298	149
2	40	6,6	24,16	298	149
63	2	109,42	2,0	298	149
75	13	81,52	25,4	298	149
0	25	6,0	69,46	298	149
9	86	15,24	164,108	298	149
2	3	1,2	0,0	298	149
3	0	0,0	2,0	288	149
2	6	0,2	5,3	298	149
0	2	2,0	6,7	298	149
0	1	0,1	0,0	274	149
64	9	75,35	7,0	268	149
0	60	3,1	67,78	223	149
0	56	4,2	100,91	243	149
6	4	19,17	8,9	298	149
2	15	0,1	44,76	256	149
0	2	7,6	9,10	298	149
26	16	18,17	17,5	298	149
0	32	3,5	23,54	239	149
0	61	0,3	84,119	229	149
2	54	9,18	85,73	242	149
2	1	2,5	3,2	298	149
4	42	13,2	18,29	248	149
11	68	19,7	97,105	226	149
6	78	5,18	116,110	222	149
6	72	5,12	75,71	298	149
6	29	7,2	20,44	298	149
4	47	11,2	54,76	257	149
7	65	18,19	63,69	298	149
65	9	85,74	1,0	249	149
6	0	8,2	5,2	246	149
3	4	8,2	0,2	220	149
0	2	2,2	0,0	226	149
45	277	68,44	266,138	298	149
352	13	410,179	2,0	298	149
6	14	2,8	6,3	298	149
14	8	0,8	0,2	243	149
7	12	118,72	89,46	297	149
36	0	357,218	2,0	298	149
2	2	0,3	0,0	298	149
7	4	13,4	0,0	298	149
112	1609	87,79	1376,1360	258	149
55	59	105,37	37,14	298	149
118	11	172,80	15,0	298	149
137	8	224,126	10,10	298	149
57	8	101,64	2,2	298	149
100	145	33,14	80,50	298	149
1	0	3,5	6,4	298	149
28	120	61,121	234,346	240	149
6	0	27,9	0,2	298	149
1	4	0,0	3,4	271	149
4	4	2,0	13,0	252	149
1	17	3,4	13,3	298	149
4	148	11,2	243,212	298	149
8	153	23,13	238,162	298	149
13	176	33,22	237,155	264	149
7	118	9,5	125,110	298	149
10	78	33,15	118,74	298	149
7	141	23,5	165,131	298	149
4	43	38,9	74,39	298	149
13	12	26,24	21,14	291	149
13	8	27,24	8,10	294	149
4	27	12,4	79,71	298	149
5	10	8,13	9,6	298	149
2	8	6,4	9,9	298	149
6	16	10,10	16,22	298	149
4	2	0,0	2,0	298	149
53	0	77,29	0,1	298	149
27	64	155,21	68,33	298	149
6	12	5,4	40,44	298	149
49	3189	50,24	1815,1425	298	149
2	12	0,2	71,29	298	149
25	67	58,41	34,33	298	149
0	4	1,2	0,5	298	149
1	0	12,9	0,5	298	149
1	0	9,9	0,2	298	149
7	2	1,31	2,7	240	149
9	19	27,23	8,1	298	149
14	31	10,3	20,2	298	149
10	37	0,4	34,47	298	149
10	100	11,7	68,86	298	149
10	163	16,3	128,161	284	149
8	5	4,4	6,8	298	149
73	394	87,49	1175,392	298	149
154	49	368,157	402,96	298	149
37	14	42,19	19,4	298	149
0	4	3,2	0,8	298	149
4	62	13,4	25,31	298	149
7	78	10,5	42,30	298	149
2	40	4,4	17,16	298	149
3	28	4,2	15,8	294	149
3	25	7,6	17,15	298	149
3	2	10,6	0,0	298	149
18	125	18,8	101,63	298	149
0	4	4,3	15,7	292	149
0	1	7,0	9,6	298	149
1	24	0,0	17,48	298	149
1	1	0,4	0,2	298	149
6	4	8,8	6,8	258	149
13	81	28,15	75,48	298	149
6	9	20,9	20,13	298	149
5	36	19,9	53,40	298	149
0	1	2,2	0,0	298	149
7	123	2,16	46,44	227	149
5	0	19,9	2,0	241	149
5	0	20,9	2,0	246	149
19	2	35,47	19,10	298	149
10	3	2,4	1,0	251	149
28	1319	25,31	795,969	239	149
62	90	40,39	39,8	298	149
1	8	3,3	12,6	298	149
7	65	3,4	83,123	298	149
58	323	25,8	63,56	298	149
50	6	15,6	1,0	298	149
15	283	14,2	28,23	298	149
73	4	32,31	2,2	298	149
4	2	2,7	0,0	298	149
1106	0	1115,624	0,2	298	149
3	0	11,2	1,0	259	149
5	0	6,26	5,2	298	149
4	0	8,7	3,5	298	149
9	21	55,26	27,25	298	149
60	2	167,119	0,0	298	149
0	2	4,1	0,0	298	149
13	88	23,3	64,34	298	149
2	0	3,2	2,0	298	149
50	115	107,66	47,52	298	149
11	2	29,19	9,3	298	149
20	0	118,106	0,4	239	149
16	320	25,24	312,245	298	149
0	7	6,0	8,5	298	149
1	7	2,0	4,9	298	149
1	0	0,2	0,2	298	149
125	263	8,41	37,38	298	149
216	182	10,39	12,13	298	149
270	151	23,43	25,20	298	149
42	828	33,29	751,895	298	149
37	821	26,32	685,915	298	149
41	6	80,68	12,7	298	149
2	6	4,0	5,5	298	149
5	2	8,2	0,0	298	149
13	32	20,7	44,23	298	149
2	0	10,24	6,0	298	149
2	0	0,0	11,2	298	149
3	2	5,0	3,0	298	149
3	0	4,0	2,0	298	149
0	1	2,0	0,0	298	149
209	1	24,4	0,0	298	149
69	39	44,18	34,30	298	149
3	59	11,3	70,100	298	149
3	0	10,3	1,0	298	149
720	2	274,112	1,0	233	149
17	2	26,19	2,0	298	149
1695	6	2009,1452	11,4	298	149
1391	0	1690,1251	2,0	298	149
1352	888	1619,981	450,358	298	149
1048	12	1300,780	9,4	298	149
903	0	1029,741	1,0	298	149
402	1084	369,232	748,497	298	149
242	1280	173,142	1033,473	298	149
132	835	90,55	611,520	298	149
106	999	82,80	795,708	263	149
161	1	71,41	0,2	298	149
2	21	6,3	24,43	298	149
3	6	0,0	10,17	298	149
2	0	0,0	2,0	298	149
1	28	2,2	41,61	298	149
3	15	0,10	3,8	225	149
2	1	2,0	0,0	298	149
93	43	99,49	20,13	298	149
0	12	2,2	10,26	298	149
1	6	2,2	52,37	298	149
24	2	28,18	0,0	298	149
7	14	13,6	3,12	298	149
0	1	0,1	0,0	298	149
11	15	6,7	3,10	298	149
8	23	4,8	2,0	298	149
7	11	6,13	14,15	298	149
10	2	10,4	0,2	275	149
2	5	7,4	14,13	220	149
47	2	67,38	1,3	298	149
17	25	29,38	23,23	298	149
0	8	2,2	11,14	262	149
18	48	11,14	38,31	230	149
3	4	2,14	2,2	298	149
5	14	21,17	31,15	298	149
0	9	0,2	9,1	298	149
7	33	8,6	60,65	298	149
0	16	17,0	11,3	298	149
9	17	2,0	5,8	298	149
6	23	16,11	16,14	269	149
0	4	5,2	11,16	298	149
10	86	7,4	9,6	298	149
2	67	8,2	6,7	298	149
27	114	3,2	4,7	298	149
14	306	3,0	26,14	298	149
15	8	9,7	3,0	298	149
24	28	9,7	6,4	298	149
14	368	28,12	368,332	298	149
24	409	41,31	457,315	298	149
83	160	91,42	85,64	298	149
32	163	15,7	150,85	240	149
14	0	17,13	2,0	298	149
15	20	16,3	11,0	298	149
5	87	10,0	31,10	298	149
4	12	22,5	30,9	298	149
3	57	6,11	72,36	248	149
12	0	41,20	4,0	298	149
2	15	8,2	13,11	246	149
9	100	16,11	85,30	298	149
7	0	7,5	0,2	298	149
0	26	8,0	40,25	298	149
26	2	92,55	6,2	298	149
44	10	22,15	1,2	298	149
2	13	8,5	15,16	298	149
0	2	0,2	0,0	283	149
21	0	102,33	2,0	298	149
2	4	7,10	16,5	230	149
0	5	2,2	24,8	264	149
51	148	55,119	93,140	298	149
17	182	122,117	66,87	228	149
0	4	5,7	14,26	298	149
31	0	36,19	1,0	298	149
0	21	25,7	53,3	298	149
17	302	35,23	408,182	298	149
0	2	1,0	3,4	298	149
0	7	0,2	31,13	272	149
7	63	6,6	20,24	298	149
23	4	87,95	2,12	298	149
50	2	35,16	2,3	262	149
2	44	6,4	74,145	298	149
5	336	27,29	270,656	298	149
0	32	0,4	67,94	258	149
4	22	11,5	27,11	235	149
11	47	10,4	59,44	298	149
9	36	13,3	50,38	298	149
15	42	20,7	42,16	298	149
337	2	555,208	6,6	298	149
9	0	10,16	5,0	298	149
0	8	2,0	0,0	298	149
37	2	74,26	0,0	298	149
167	2	66,38	2,6	298	149
135	403	23,36	117,41	298	149
6	26	0,0	32,53	244	149
12	0	8,2	2,2	298	149
5	1	11,17	0,1	298	149
47	76	7,3	24,14	298	149
82	41	228,132	22,26	298	149
10	23	14,11	48,45	227	149
26	33	42,34	66,43	289	149
17	17	23,17	23,11	298	149
18	36	31,23	47,36	298	149
16	43	25,39	51,32	298	149
20	72	23,14	93,39	298	149
2	13	3,6	20,9	298	149
6	2	11,1	12,5	298	149
81	105	39,76	122,87	298	149
10	31	17,6	66,38	298	149
10	14	62,27	36,20	298	149
10	12	55,26	11,4	298	149
136	0	112,75	1,6	298	149
14	170	19,31	86,115	298	149
5	29	12,6	23,4	267	149
6	54	12,10	29,13	270	149
7	73	23,8	80,34	298	149
0	14	0,2	8,17	276	149
7	3	6,5	2,1	298	149
2	105	12,4	83,163	298	149
106	284	237,140	322,159	298	149
6	34	19,6	31,11	228	149
15	4	32,25	20,24	262	149
0	63	3,0	134,115	228	149
0	28	2,2	54,40	298	149
28	65	30,13	43,11	242	149
10	0	52,61	7,8	298	149
6	33	6,6	16,20	298	149
3	47	8,2	44,22	298	149
2	2	6,13	9,5	298	149
0	4	1,0	4,3	298	149
14	59	19,5	39,37	298	149
894	1391	804,836	1377,1476	298	149
5	2	5,3	2,2	298	149
5	0	8,7	2,0	298	149
4	1	6,6	2,0	253	149
13	0	18,22	2,0	295	149
0	4	2,0	8,0	298	149
57	752	22,20	364,295	298	149
60	71	159,82	132,57	298	149
83	28	193,101	93,53	298	149
2	6	1,0	6,20	296	149
4	9	2,0	10,6	298	149
8	2	28,23	6,9	298	149
1	8	1,0	0,4	298	149
2	5	7,4	23,3	298	149
0	1	4,6	8,11	298	149
12	0	43,20	0,4	298	149
4	0	2,8	0,2	298	149
4	2	4,8	2,0	298	149
0	21	0,4	10,26	298	149
15	3	27,22	2,0	298	149
4	11	7,4	14,9	298	149
6	2	5,13	0,0	298	149
2	0	0,0	2,0	232	149
331	0	603,251	9,0	261	149
232	35	388,325	55,8	298	149
245	13	364,270	0,1	298	149
3	17	33,21	55,24	298	149
2	4	15,0	3,0	298	149
30	77	34,17	108,84	298	149
27	14	157,114	14,30	298	149
3	26	16,11	59,54	298	149
1	1	4,7	12,15	253	149
2	31	23,7	59,23	298	149
5544	103	2617,2970	33,38	298	149
53	0	36,14	0,2	298	149
14	72	12,8	33,30	298	149
1	33	16,4	49,27	298	149
11	19	27,10	23,4	298	149
41	8	54,23	32,13	298	149
51	1	64,41	4,6	298	149
35	671	35,29	482,284	298	149
89	95	53,28	50,37	298	149
10	19	8,4	1,2	298	149
1	15	8,3	24,2	236	149
31	886	28,35	208,243	298	149
2	33	2,13	35,21	298	149
22	142	16,13	127,78	298	149
52	2	48,42	2,2	298	149
94	15	97,51	18,1	298	149
0	1	5,2	2,6	239	149
2	0	8,4	3,4	298	149
0	76	6,0	38,54	298	149
3	0	11,6	6,0	298	149
5	14	9,10	14,2	298	149
0	6	9,7	19,9	298	149
1	1	9,44	2,14	298	149
26	140	39,32	61,36	298	149
23	135	60,32	67,66	238	149
31	141	5,0	26,45	298	149
1	56	0,2	18,31	298	149
0	1	2,0	0,0	263	149
4	71	0,17	1,79	241	149
4	6	9,6	12,13	298	149
2	0	0,0	2,0	286	149
4	9	4,2	11,7	257	149
0	5	0,6	10,3	229	149
18	46	34,19	23,10	298	149
47	43	78,36	30,28	298	149
4	22	12,10	31,26	298	149
0	4	2,2	0,0	298	149
78	15	78,59	3,9	298	149
15	23	25,25	28,28	298	149
4	13	3,6	8,6	298	149
3	7	18,6	3,12	298	149
50	2	31,31	0,0	248	149
52	1	46,36	0,0	298	149
68	16	56,47	4,5	279	149
5	112	4,8	90,59	298	149
299	2	125,172	0,0	298	149
2	15	4,8	13,11	235	149
4	19	9,6	16,17	296	149
2	0	0,0	1,0	298	149
0	14	7,4	35,29	298	149
0	1	2,0	1,4	291	149
3	4	3,10	0,0	298	149
11	0	2,4	0,6	298	149
4	0	10,19	0,1	278	149
0	3	6,4	10,7	298	149
2	2	4,2	7,4	298	149
7	46	3,4	42,58	245	149
7	31	13,6	54,31	298	149
5	27	0,2	30,48	234	149
6	6	2,4	0,0	298	149
49	2	2,6	0,0	281	149
11	3007	15,11	2099,2537	298	149
116	8	81,41	6,3	298	149
67	6	49,48	0,0	298	149
9	30	21,18	16,7	298	149
5	30	5,6	17,10	298	149
3	26	16,6	30,6	298	149
1	9	18,9	18,5	298	149
0	3	1,3	3,3	298	149
0	16	4,2	14,26	298	149
6	33	11,10	28,10	298	149
1	0	1,4	2,13	298	149
12	0	25,26	2,0	298	149
2	27	2,10	10,23	298	149
1	8	0,4	10,15	298	149
1	6	0,4	6,9	298	149
1	2	2,4	2,0	298	149
1	0	2,4	2,1	298	149
92	0	135,70	1,0	298	149
49	0	80,65	2,0	238	149
2	3	8,1	13,8	233	149
2	4	0,0	4,2	263	149
3	4	1,6	9,19	276	149
4	15	11,10	8,8	298	149
5	3	3,7	0,0	298	149
8	5	37,9	2,2	298	149
57	35	40,44	19,23	298	149
32	0	24,27	0,1	298	149
20	130	20,26	94,93	298	149
17	1	16,26	2,0	247	149
46	306	50,51	226,257	298	149
10	407	6,1	385,453	245	149
4	12	10,8	15,15	298	149
4	20	10,8	25,25	298	149
157	3	113,53	2,0	298	149
0	6	0,2	2,20	298	149
9	3	3,0	9,3	298	149
4	5	22,17	38,11	298	149
4	14	0,3	36,33	258	149
7	26	18,6	45,30	298	149
9	9	28,17	8,4	298	149
2	8	2,2	37,12	298	149
2	17	11,6	25,18	298	149
1	9	17,7	24,18	298	149
49	7	59,15	0,0	298	149
0	3	2,5	8,2	298	149
3	22	2,2	11,8	298	149
10	11	6,12	13,20	298	149
91	0	138,99	2,0	268	149
25	87	54,28	144,84	298	149
111	5	140,44	9,2	298	149
178	0	245,80	3,0	298	149
133	6	219,67	18,9	298	149
32	41	31,16	25,27	236	149
0	2	4,2	1,4	298	149
267	0	381,266	2,2	298	149
4	0	20,17	2,0	298	149
4	27	24,33	72,82	298	149
66	646	144,89	925,576	229	149
0	14	1,0	10,8	298	149
4	12	0,6	19,21	278	149
1	0	8,5	2,4	298	149
47	49	34,22	18,44	298	149
14	0	15,7	2,0	298	149
6	25	0,0	59,51	298	149
5	103	51,34	401,130	298	149
25	2	27,20	0,0	298	149
7	1	37,6	0,0	298	149
2	47	22,16	66,48	298	149
0	2	0,4	0,11	298	149
4	0	30,8	6,0	241	149
22	175	8,8	67,69	298	149
12	74	24,12	93,53	298	149
2	0	2,2	1,0	243	149
18	4	2,4	2,0	298	149
2	38	2,1	18,17	267	149
0	11	2,1	3,9	258	149
0	4	0,2	2,1	298	149
0	13	1,0	12,26	298	149
0	46	1,1	46,60	250	149
926	2634	0,1	19,33	298	149
4	8	8,0	7,2	228	149
1	5	12,0	9,8	298	149
4	31	5,1	19,24	298	149
25	117	95,67	183,139	298	149
17	12	17,15	72,34	298	149
0	164	3,8	151,110	298	149
10	302	14,5	150,167	298	149
3	0	0,2	1,0	298	149
4	2	2,4	0,8	298	149
1	1	6,5	0,0	298	149
2	8	9,15	13,5	298	149
110	16	136,84	11,12	298	149
6	121	13,2	135,40	298	149
4	7	7,2	0,2	298	149
2	4	3,4	8,0	298	149
18	94	36,23	93,31	298	149
167	74	71,37	20,1	298	149
128	90	70,16	43,14	298	149
2	2	9,12	2,2	298	149
4	48	2,27	38,58	298	149
4	1	0,25	2,0	298	149
6	46	6,34	46,57	240	149
13	23	25,13	41,34	298	149
12	4	25,13	1,2	298	149
3	8	2,2	18,12	298	149
3	0	3,8	2,0	290	149
2	6	36,98	32,88	298	149
2	0	0,4	2,4	298	149
18	61	72,20	92,85	298	149
6	1	19,17	14,0	298	149
8	0	32,10	1,0	298	149
1	96	8,11	97,19	298	149
0	3	2,0	2,0	298	149
135	12	400,167	14,10	298	149
50	0	41,24	13,4	298	149
48	52	41,21	59,24	298	149
99	0	114,70	0,2	298	149
22	18	39,25	10,10	298	149
25	1	44,22	1,0	298	149
14	18	12,5	13,10	298	149
18	1	13,17	0,0	298	149
26	13	13,17	16,9	298	149
9	0	12,6	1,2	298	149
4	24	3,4	46,56	228	149
6	20	17,2	18,10	298	149
6	36	1,1	7,7	290	149
0	19	5,0	10,37	298	149
2	8	2,5	15,14	298	149
6	6	0,2	0,0	298	149
1	157	2,1	134,134	252	149
0	72	0,2	48,54	231	149
1	2	0,1	0,0	298	149
2	0	0,0	0,2	232	149
28	88	23,22	25,39	298	149
0	2	0,2	0,0	298	149
74	1	11,10	2,2	298	149
8	77	15,12	113,66	298	149
24	1	33,32	0,4	298	149
15	96	23,12	74,61	298	149
23	104	32,16	70,33	298	149
3	29	1,3	31,49	239	149
7	0	15,18	0,4	298	149
62	3	39,26	19,4	298	149
5	2	6,7	0,0	291	149
4	0	4,3	1,0	298	149
2	0	5,15	12,10	246	149
9	5	40,18	4,4	151	149
6	18	15,3	0,4	298	149
0	51	6,0	6,10	298	149
66	79	52,37	21,10	233	149
212	153	195,86	160,158	298	149
2	2	15,9	9,0	298	149
2	3	2,0	2,2	230	149
355	9	300,124	6,5	298	149
16	185	26,11	102,33	298	149
0	17	0,1	22,4	252	149
8	36	40,8	53,38	298	149
27	5	15,14	3,0	298	149
0	1	5,2	2,4	298	149
6	12	52,21	29,36	298	149
3	0	4,8	2,0	298	149
1	15	1,11	10,21	298	149
11	9	12,5	0,1	298	149
67	1140	40,14	1467,770	298	149
3	1	12,0	6,4	298	149
9	16	28,17	21,19	298	149
13	16	1,0	0,0	298	149
11	21	1,0	0,0	298	149
7	10	11,9	22,17	298	149
73	12	119,34	10,5	298	149
2	24	2,0	44,43	298	149
9	30	40,35	26,10	228	149
18	160	45,37	203,143	298	149
501	1218	103,91	1194,1343	298	149
7	2	19,4	2,0	298	149
4	11	0,0	1,0	234	149
24	452	75,50	973,1328	278	149
0	2	10,3	1,0	298	149
55	117	17,16	44,21	298	149
12070	1	6288,7982	0,0	203	149
154	10514	102,103	4268,5178	298	149
13627	307	5160,6922	87,144	201	149
186	0	165,190	19,2	237	149
2	69	4,4	26,28	257	149
57	557	141,308	1068,1501	298	149
54	0	107,274	2,0	298	149
64	699	128,255	1671,1765	298	149
310	11	437,223	16,10	298	149
345	233	595,263	268,95	298	149
366	5	610,259	7,8	298	149
605	3	320,193	3,0	298	149
178	8	19,16	7,6	298	149
1	6	5,5	16,14	298	149
0	4	13,4	7,6	298	149
291	1	318,261	4,0	298	149
165	4227	182,152	3635,3309	298	149
2	18	6,2	23,24	298	149
59	46	115,43	56,42	298	149
66	0	128,160	3,0	275	149
82	70	159,157	91,59	298	149
2127	7	247,94	0,2	242	149
2458	9	306,134	2,1	260	149
49	1751	18,14	205,110	298	149
0	2	8,0	0,0	246	149
24	65	13,10	80,35	298	149
42	117	31,26	415,122	298	149
159	12	166,122	17,5	298	149
11	77	36,7	48,41	298	149
36	67	48,17	99,69	298	149
41	0	50,25	5,2	298	149
2	0	3,2	4,0	298	149
0	4	2,4	0,0	298	149
2	23	13,3	2,6	298	149
2	10	2,2	2,4	298	149
66	15	37,33	6,10	298	149
10	30	42,34	32,8	298	149
21	24	58,45	26,12	298	149
44	66	127,113	73,82	298	149
21	115	37,21	109,125	298	149
26	131	22,10	166,95	298	149
22	89	73,29	82,45	298	149
0	4	7,4	93,32	298	149
4	0	3,0	0,2	298	149
10	74	19,12	145,130	298	149
15	40	49,35	82,59	298	149
17	13	52,35	28,17	298	149
0	2	1,2	7,0	248	149
4	2	2,2	2,2	298	149
4	36	8,20	20,29	298	149
11	23	29,23	35,15	298	149
12	20	33,21	30,20	298	149
7	12	43,19	40,48	298	149
14	308	31,36	498,349	237	149
0	10	3,2	2,2	298	149
0	3	4,2	11,4	267	149
0	1	2,0	0,0	298	149
3	5	9,0	12,8	298	149
0	8	4,8	11,11	298	149
1	5	22,8	6,10	298	149
22	1	132,72	6,2	234	149
1	4	0,2	2,2	298	149
0	2	0,2	0,0	298	149
2	18	3,5	32,16	298	149
3	0	0,5	4,0	298	149
2	3	4,2	16,6	298	149
7	6	0,3	0,0	298	149
35	24	178,102	53,21	298	149
74	844	54,54	1020,523	298	149
137	924	71,68	1404,991	298	149
204	4	125,78	2,2	298	149
300	1008	210,129	1739,1275	298	149
163	788	118,101	946,651	298	149
14	89	18,21	51,67	298	149
0	3	3,8	13,10	298	149
0	1	4,3	13,10	289	149
10	2	9,10	9,6	298	149
0	8	2,0	0,0	298	149
4	8	24,5	30,18	298	149
7	8	20,17	52,17	298	149
11	2	70,44	0,0	298	149
19	0	122,80	1,0	298	149
15	2	107,71	0,0	298	149
13	10	8,6	83,24	298	149
3	0	15,11	5,0	298	149
27	25	44,10	58,20	298	149
13	0	43,4	2,0	298	149
13	41	37,7	81,51	298	149
7	35	16,7	67,36	298	149
91	17	86,74	14,15	298	149
54	0	36,56	0,2	298	149
168	77	78,59	26,17	298	149
50	116	15,20	70,55	298	149
1	12	11,1	44,61	298	149
0	22	0,2	18,23	222	149
3	91	4,8	71,84	298	149
27	61	44,24	53,22	239	149
4	2	2,3	0,0	298	149
4	8	0,0	2,1	298	149
2	44	2,3	75,89	298	149
12	0	32,24	1,0	298	149
2	4	0,2	0,4	298	149
4	0	14,7	0,4	298	149
6	63	5,11	65,46	298	149
13	0	11,14	2,2	225	149
17	101	14,15	114,53	298	149
6	79	10,7	91,27	281	149
4	2	4,0	6,10	298	149
0	4	2,0	10,6	245	149
21	13	31,19	20,19	298	149
4	4	15,13	80,31	298	149
28	1	13,27	4,4	298	149
29	2	19,37	0,0	298	149
52	296	87,92	510,348	298	149
37	315	43,92	551,310	298	149
49	155	126,86	127,141	298	149
10	22	18,6	30,14	298	149
8	1	0,2	2,0	298	149
3	4	0,0	2,0	298	149
4	8	1,2	7,11	298	149
6	11	8,2	2,0	298	149
0	6	2,2	0,11	298	149
73	19	76,49	16,13	298	149
8	67	9,5	97,62	298	149
0	9	2,0	11,20	298	149
0	9	2,0	2,4	298	149
2	63	0,0	78,59	298	149
8	5	6,2	2,8	298	149
406	9	167,149	2,2	239	149
6	2	2,11	2,0	298	149
4	50	10,7	60,74	298	149
11	87	12,15	140,114	298	149
5	8	10,0	12,2	298	149
14	261	2,1	6,12	298	149
0	4	2,0	0,0	298	149
76	271	50,37	761,415	298	149
4	30	8,5	3,20	298	149
3	9	4,9	8,0	298	149
70	296	49,31	537,922	298	149
7	84	12,7	130,175	235	149
6	16	4,6	6,26	283	149
107	2	98,84	1,0	179	149
5	92	8,6	46,50	285	149
4	19	3,2	22,28	287	149
4	41	3,2	3,14	298	149
18	28	16,14	4,4	298	149
23	2	10,10	2,0	298	149
12	4	12,5	0,4	298	149
8	0	59,29	0,2	292	149
11	96	18,4	39,7	298	149
8	106	34,16	125,61	276	149
29	150	11,2	212,200	298	149
6	6	2,2	10,17	222	149
123	4	78,41	6,0	281	149
0	40	3,2	27,2	228	149
0	7	4,2	2,9	298	149
2	170	9,3	66,64	298	149
15	48	609,240	735,292	251	149
10	17	2,0	2,0	298	149
3	4	17,4	24,10	298	149
5	8	14,0	34,10	298	149
2	2	26,7	14,1	298	149
3	0	31,10	2,0	298	149
12	55	47,14	23,22	298	149
8	6	2,12	14,21	298	149
17	6	6,9	6,3	298	149
1	19	4,1	11,28	298	149
4	25	6,10	20,14	276	149
4	28	2,0	11,5	298	149
235	185	98,102	13,23	298	149
4	25	16,7	31,8	247	149
8	71	4,2	19,17	298	149
4	15	3,6	6,4	298	149
49	2	186,87	6,2	282	149
0	4	10,4	0,0	224	149
7	6	3,8	8,6	298	149
36	0	87,115	0,2	298	149
1	0	1,2	0,1	286	149
3	168	2,0	158,124	298	149
3	82	12,10	61,79	298	149
27	178	42,12	96,54	298	149
60	4	58,18	1,0	298	149
39	320	26,23	210,114	298	149
25	169	19,11	119,69	298	149
20	1	24,11	0,0	298	149
14	227	12,8	143,43	298	149
10	29	19,2	19,10	298	149
11	9	19,2	10,6	298	149
13	7	96,45	4,0	298	149
2	0	13,11	11,9	298	149
53	2	46,60	2,2	298	149
29	21	25,9	14,5	298	149
1	4	0,2	13,4	298	149
0	5	2,7	11,8	270	149
3	0	2,8	0,2	296	149
0	9	2,2	12,11	240	149
2	0	0,0	2,2	251	149
2	4	0,0	12,6	246	149
2	6	10,6	23,8	298	149
39	5	51,33	13,8	298	149
21	0	57,40	2,1	298	149
48	40	97,69	46,26	241	149
68	227	118,76	224,206	205	149
632	219	905,453	216,135	298	149
0	5	2,0	3,0	298	149
13	124	8,7	99,52	298	149
7	113	4,3	52,32	298	149
12	4	10,1	0,0	298	149
14	100	13,0	61,51	298	149
12	0	10,4	0,2	298	149
0	58	0,2	3,7	298	149
14	7	34,21	22,31	298	149
11	0	19,21	1,0	231	149
20	91	8,21	12,13	298	149
8	119	28,11	154,68	298	149
9	123	23,11	186,87	298	149
2	133	16,0	219,96	298	149
19	98	35,23	143,65	298	149
7	74	34,13	97,65	298	149
18	16	20,7	14,5	298	149
7	0	8,9	6,4	298	149
13	4	20,13	0,5	298	149
82	641	99,45	491,232	298	149
1	0	2,2	2,0	298	149
4	0	4,4	2,1	295	149
0	4	0,2	12,4	235	149
3	45	7,4	37,30	298	149
5	37	4,0	32,18	227	149
16	59	20,27	68,31	281	149
51	2	44,47	2,1	298	149
24	57	34,30	68,20	298	149
5	91	26,6	139,85	246	149
12	5	28,11	21,8	298	149
8	16	16,8	32,10	298	149
2	4	9,1	98,40	298	149
1	5	10,1	204,56	298	149
0	12	28,4	168,58	298	149
23	48	11,8	39,20	298	149
8	71	9,16	43,30	244	149
9	2	19,0	2,0	298	149
21	74	59,16	106,53	298	149
8	2	26,12	0,4	298	149
12	138	14,0	209,217	298	149
15	1	18,4	0,0	298	149
44	0	142,88	0,8	298	149
45	2	143,84	0,0	298	149
16	4	26,20	2,0	298	149
53	559	51,61	534,401	298	149
43	753	56,38	689,598	262	149
21	469	16,10	394,270	238	149
77	854	35,30	767,503	298	149
27	267	29,19	285,199	298	149
3	282	221,48	5551,1566	298	149
2	8	14,10	27,19	298	149
71	373	61,36	229,137	298	149
265	87	369,273	33,9	298	149
15	174	21,8	165,91	298	149
3	3	7,1	3,0	298	149
0	9	6,2	8,10	298	149
2	0	0,9	0,4	298	149
27	720	60,14	695,430	298	149
31	726	29,27	677,407	298	149
22	892	32,24	579,487	246	149
26	945	23,15	1226,970	298	149
108	85	153,69	71,70	298	149
114	467	159,67	602,329	298	149
173	0	219,96	2,0	298	149
10	16	2,8	20,15	287	149
9	30	6,0	17,13	249	149
7	29	6,7	12,12	298	149
6	15	2,4	7,17	298	149
5	19	4,1	10,17	272	149
6	33	0,2	9,8	298	149
6	65	2,2	27,38	298	149
8	0	2,5	0,2	298	149
4	140	0,5	60,108	231	149
5	102	1,9	45,77	298	149
6	130	5,6	56,130	298	149
6	123	1,16	88,158	244	149
1	32	4,1	17,25	298	149
32	22	10,18	6,0	298	149
0	4	0,2	4,0	298	149
2	0	2,16	1,0	298	149
0	12	2,7	15,45	298	149
0	2	0,6	13,4	232	149
2	8	6,2	15,12	298	149
0	6	0,2	0,0	298	149
2	0	2,0	1,4	298	149
1	2	2,2	5,4	298	149
1	48	5,0	42,16	298	149
10	21	14,21	17,31	298	149
10	2	12,24	0,0	298	149
4	0	10,0	6,0	231	149
65	206	47,18	108,34	298	149
78	2	53,19	2,0	298	149
24	5	59,34	15,4	298	149
50	50	73,33	43,23	298	149
0	17	5,1	11,28	298	149
8	34	24,4	47,21	298	149
2	0	0,0	2,0	259	149
204	12	718,431	50,16	298	149
82	220	163,117	102,110	298	149
2	0	0,0	0,2	298	149
2	2	2,0	1,0	242	149
2	2	0,2	0,0	298	149
58	4	122,64	12,6	275	149
24	15	27,13	27,12	218	149
8	18	43,19	16,3	298	149
15	0	40,19	2,0	298	149
19	13	28,21	16,4	298	149
11	2	7,5	1,1	298	149
0	10	8,5	7,11	298	149
4	3	12,18	4,10	298	149
0	2	15,10	3,14	298	149
3	2	29,23	5,4	298	149
5	0	48,26	3,0	298	149
3	16	15,11	39,32	298	149
1	16	14,14	45,34	298	149
1	0	19,31	2,0	298	149
2	8	17,24	1,5	247	149
2	27	14,22	41,31	243	149
13	7	47,29	13,42	298	149
8	1	35,9	3,7	298	149
62	0	45,22	1,0	298	149
28	238	26,34	314,521	298	149
92	6	137,40	0,2	298	149
59	56	97,53	82,56	298	149
77	44	65,27	22,8	298	149
12	8	26,10	18,33	298	149
0	6	4,2	24,16	227	149
12	130	28,7	109,74	298	149
29	40	43,30	14,3	298	149
1	2	3,3	13,18	298	149
0	5	1,0	8,9	238	149
6	58	4,4	74,75	222	149
0	17	2,0	23,28	220	149
14	0	108,42	1,0	298	149
3	8	4,12	1,6	294	149
34	43	110,61	28,11	298	149
2	0	19,25	4,1	272	149
2	54	5,5	51,97	298	149
31	2	69,34	0,1	298	149
1	9	2,0	9,4	298	149
2	0	20,17	0,2	298	149
0	11	16,8	6,10	298	149
2	21	20,15	17,10	298	149
16	155	16,8	65,47	298	149
1	16	14,6	9,7	298	149
147	317	56,45	134,55	298	149
20	2	18,6	0,0	251	149
5	0	18,20	3,2	298	149
6	2	33,27	0,2	298	149
1	2	27,23	4,2	298	149
8	0	29,16	2,2	298	149
4	0	38,19	2,0	298	149
3	12	3,0	17,4	233	149
0	2	2,0	0,0	298	149
13	105	4,0	76,68	298	149
3	18	2,4	24,23	298	149
6	86	4,0	148,86	298	149
6	60	2,0	75,50	298	149
2	22	4,2	33,15	298	149
1	1	0,0	0,2	298	149
95	2894	69,62	1871,1458	298	149
2	72	2,0	27,37	240	149
8	154	15,13	411,336	298	149
4	4	1,2	0,2	298	149
2	4	3,2	7,0	232	149
0	4	4,0	3,2	298	149
0	4	1,0	2,2	230	149
3	3	0,2	4,2	233	149
1	8	0,0	12,6	237	149
11	30	35,28	66,19	298	149
14	2	33,9	3,8	298	149
4	4	3,0	14,8	298	149
38	2	31,21	0,0	246	149
13	6	14,15	2,4	298	149
9	16	12,4	6,3	298	149
232	7	78,67	0,7	298	149
310	2	119,90	0,0	298	149
4	5	11,9	9,2	298	149
59	82	54,48	69,41	298	149
27	45	43,16	54,40	298	149
20	48	68,33	39,54	298	149
5	52	7,9	31,34	298	149
21	121	10,3	75,96	298	149
27	0	10,11	0,2	298	149
15	93	29,18	46,59	298	149
90	28	193,75	94,68	298	149
25	91	32,20	222,223	298	149
36	117	40,28	219,354	298	149
14	97	19,6	213,131	298	149
6	162	30,18	361,467	227	149
6	0	28,18	2,0	210	149
117	31	147,86	19,11	298	149
13	24	9,22	42,48	298	149
0	26	10,0	17,6	298	149
2	39	2,1	39,63	298	149
35	2	20,24	2,2	298	149
0	3	59,28	7,6	298	149
6	0	21,5	2,0	298	149
24	74	24,20	125,77	298	149
8	76	29,20	74,51	298	149
2	39	2,3	37,70	298	149
6	9	9,9	9,2	298	149
137	24	223,150	72,51	296	149
97	14	151,126	23,14	285	149
25	9	76,36	15,11	298	149
2	559	2,0	26,42	245	149
36	2	18,24	0,2	298	149
35	1	67,35	0,0	298	149
20	92	15,7	144,49	298	149
21	65	26,10	121,51	261	149
4	2	4,14	0,0	298	149
0	8	3,3	52,63	298	149
47	74	10,5	4,0	298	149
22	7	20,21	0,0	298	149
5	43	13,2	23,9	298	149
8	120	16,8	156,67	298	149
40	170	48,27	136,81	298	149
20	159	50,21	127,70	269	149
27	166	34,20	157,88	235	149
28	3	31,8	2,0	298	149
25	151	25,8	142,86	298	149
4	1	29,4	0,0	298	149
1	137	0,0	118,65	240	149
0	29	6,4	6,16	298	149
2	3	12,4	8,0	275	149
10	37	12,5	39,38	298	149
9	30	6,5	41,23	298	149
7	27	19,10	41,28	298	149
0	2	8,5	0,0	298	149
0	3	8,0	3,2	255	149
30	661	27,16	168,93	298	149
59	601	35,4	101,35	298	149
0	4	0,4	5,17	284	149
0	6	0,10	6,0	298	149
2	2	0,6	8,1	298	149
4	0	0,10	4,8	298	149
3	2	6,15	0,4	298	149
0	5	0,2	4,8	230	149
0	2	0,6	0,0	298	149
1	101	6,1	11,3	298	149
2	0	6,6	2,0	298	149
58	2	27,19	0,0	298	149
9	52	7,0	21,21	298	149
5	31	2,6	26,34	228	149
27	373	12,23	152,82	298	149
82	1673	67,24	763,849	298	149
0	1	2,4	2,2	219	149
10	16	39,14	36,45	298	149
137	0	123,69	2,0	237	149
2	11	0,0	21,7	230	149
0	2	4,6	2,0	298	149
3	0	3,2	8,1	243	149
40	8	51,36	7,2	298	149
1	2	2,10	0,3	298	149
128	2	48,32	1,2	298	149
138	8	67,38	14,10	298	149
65	18	55,24	7,2	298	149
13	1	17,14	4,0	277	149
8	48	4,0	12,20	234	149
2	62	3,0	17,18	261	149
0	53	2,6	16,20	298	149
10	307	13,6	309,227	298	149
13	339	42,36	341,259	298	149
46	0	65,48	2,0	298	149
335	16	373,289	6,4	298	149
5	318	21,23	455,360	298	149
506	5	554,464	6,2	298	149
10	177	17,11	433,405	298	149
44	202	9,4	211,168	298	149
39	287	33,5	175,152	298	149
101	279	54,37	294,202	298	149
172	0	162,108	0,2	298	149
74	362	61,39	410,308	298	149
108	225	11,5	10,0	298	149
4	36	1,1	19,55	222	149
2	6	2,0	0,8	298	149
19	12	32,32	3,2	298	149
0	14	17,10	9,2	298	149
25	34	42,25	31,30	298	149
0	2	1,0	1,2	298	149
5	46	13,21	78,95	298	149
3	0	14,26	4,2	298	149
32	30	94,150	34,16	298	149
8	0	6,28	0,2	298	149
48	0	68,110	6,22	276	149
9	10	32,15	18,17	298	149
12	10	25,13	0,1	298	149
42	177	80,56	92,85	298	149
74	1	98,107	0,0	298	149
64	77	58,36	66,52	298	149
48	169	103,50	130,133	298	149
6	2	6,2	0,0	262	149
22	0	32,9	1,0	298	149
79	32	104,37	27,14	298	149
76	2	90,35	0,0	298	149
4	51	2,0	0,0	273	149
10	143	26,8	74,90	298	149
9	13	26,25	14,8	229	149
33	4	28,63	0,6	298	149
30	78	24,40	43,39	298	149
54	1417	74,60	1762,1058	298	149
10	0	31,10	2,0	298	149
9	6	16,2	15,2	298	149
2	4	20,2	0,2	265	149
12	55	10,0	64,17	298	149
8	33	25,20	30,28	298	149
20	2	44,32	2,4	298	149
27	46	28,28	59,52	298	149
16	36	18,5	60,50	236	149
1	16	0,2	8,11	298	149
0	6	0,2	3,3	298	149
6	10	9,0	5,0	287	149
16	1113	16,5	733,646	250	149
0	8	0,1	31,46	243	149
1	28	3,3	33,58	298	149
9	46	10,2	51,15	298	149
6	0	28,22	3,0	243	149
26	16	46,21	14,14	298	149
86	4	11,6	2,4	244	149
0	2	2,0	2,5	298	149
25	132	25,45	61,117	256	149
116	470	226,315	391,535	253	149
173	198	204,350	153,227	294	149
0	15	8,10	34,23	281	149
6	12	36,18	3,9	298	149
25	42	23,20	17,13	298	149
35	1	53,22	2,0	298	149
11	8	0,3	0,6	298	149
8	0	0,0	0,4	298	149
5	34	18,6	36,8	298	149
38	545	157,86	624,438	233	149
472	45	654,290	79,34	298	149
597	2	920,600	6,4	298	149
569	70	874,569	86,45	298	149
3	42	14,11	12,20	298	149
22	35	50,37	22,12	298	149
27	137	23,15	92,43	298	149
17	183	32,3	153,98	298	149
12	104	27,10	145,48	298	149
8	2	6,9	0,0	298	149
6	75	18,11	51,30	298	149
5	10	6,5	35,21	298	149
16	270	4,15	201,190	298	149
31	38	24,10	34,19	298	149
1	0	0,1	0,1	298	149
304	18	33,13	0,0	175	149
6	4	0,12	0,4	298	149
35	0	74,54	2,7	298	149
5	31	16,12	39,31	298	149
1	138	17,7	89,80	225	149
1	95	0,5	79,76	298	149
95	1	88,48	0,0	263	149
7	5	13,14	1,2	292	149
2	0	8,6	0,1	298	149
2	2	10,17	0,2	298	149
28	204	25,6	111,90	298	149
5	65	8,4	22,63	298	149
19	0	61,37	2,0	244	149
297	22	176,133	10,10	298	149
284	4	170,118	1,4	298	149
19	7	59,17	20,15	298	149
2	2	3,6	0,8	227	149
48	0	119,100	4,2	298	149
13	27	53,49	22,40	298	149
29	44	86,23	81,34	298	149
364	94	474,187	165,88	298	149
421	5	652,334	7,3	298	149
235	11	299,204	4,0	298	149
246	21	378,213	17,17	298	149
339	4	543,340	4,9	298	149
204	59	379,287	70,91	298	149
66	45	86,100	50,49	298	149
103	47	68,65	37,46	298	149
50	169	111,76	208,193	297	149
109	384	205,164	586,398	298	149
105	846	40,14	693,278	298	149
0	1	39,9	7,2	298	149
1	3	4,13	6,9	298	149
23	150	55,20	148,121	298	149
1	67	0,0	24,11	234	149
0	8	4,9	11,28	229	149
2	17	1,3	18,35	237	149
8	827	5,13	320,224	298	149
12	803	17,11	358,205	298	149
26	747	6,15	372,224	298	149
0	2	2,2	0,0	298	149
0	3	0,6	2,11	298	149
8	28	6,21	19,16	298	149
8	21	20,19	17,55	298	149
18	4	19,9	2,3	298	149
1	1	1,2	1,0	298	149
24	55	45,26	75,54	298	149
7	47	15,11	66,34	298	149
2	27	0,4	24,13	298	149
2	61	10,3	97,58	279	149
1	0	3,12	2,0	298	149
0	17	2,0	30,24	298	149
13	0	29,26	4,0	298	149
45	52	72,30	25,10	298	149
18	0	40,5	1,0	210	149
4	28	6,10	24,18	298	149
8	40	27,5	7,5	298	149
13	185	7,8	28,39	298	149
1559	4441	919,484	1660,671	298	149
32	65	42,12	63,24	298	149
219	0	266,96	5,0	298	149
4	89	5,6	44,28	298	149
11	79	10,0	68,27	298	149
34	30	29,23	23,12	298	149
16	41	18,12	25,28	298	149
79	8	129,55	12,2	298	149
70	53	94,41	57,43	298	149
0	1	82,35	54,35	298	149
2	0	43,8	3,0	298	149
3	21	4,0	9,27	298	149
1	0	18,5	2,0	298	149
3133	799	236,142	54,20	298	149
2432	930	127,106	41,23	253	149
2172	28	108,93	1,2	234	149
1135	79	62,43	1,2	257	149
174	103	6,0	0,2	298	149
162	21	6,0	0,0	298	149
123	38	2,0	0,0	298	149
57	2473	21,17	1395,897	298	149
26	0	10,42	1,1	298	149
17	0	6,18	2,0	298	149
10	2	54,15	13,4	298	149
2	13	4,2	16,15	298	149
0	2	1,0	27,17	298	149
46	8	22,15	2,2	217	149
30	827	21,17	837,395	298	149
93	712	117,69	1063,444	298	149
14	5	19,16	3,0	298	149
53	0	24,24	0,2	298	149
17	46	27,5	18,19	298	149
8	54	15,7	33,27	241	149
8	37	16,6	19,16	298	149
6	0	20,5	4,0	298	149
16	19	35,12	4,8	298	149
7	5	20,6	0,0	298	149
11	4	23,11	0,0	298	149
2	26	0,0	36,21	298	149
0	19	2,0	26,16	298	149
452	4424	87,101	702,551	298	149
892	32	172,162	5,0	298	149
1292	4697	279,252	672,594	298	149
740	3932	153,171	544,333	298	149
595	0	136,167	1,1	298	149
1953	1	361,277	0,0	298	149
1865	7	344,269	0,0	298	149
4	9	7,0	18,8	298	149
4	1	7,2	0,1	298	149
1	0	2,0	0,1	298	149
4	7	2,2	2,0	298	149
24	0	28,27	0,2	298	149
24	2	24,26	0,8	298	149
0	10	1,0	5,4	298	149
242	6	27,10	6,0	298	149
4	13	4,4	18,14	298	149
9	20	0,6	19,8	298	149
8	15	34,22	56,67	298	149
2	4	3,4	2,2	298	149
6	25	0,5	46,51	220	149
3	10	12,15	34,30	298	149
6	2	7,10	4,0	242	149
11	47	27,4	31,37	298	149
24	31	30,16	74,31	298	149
11	29	54,22	44,30	298	149
4	2	15,0	0,0	298	149
18	62	34,9	23,18	298	149
15	68	25,13	40,25	298	149
5	90	21,2	52,21	243	149
9	106	13,13	59,11	298	149
25	51	24,5	31,12	298	149
0	6	2,1	9,12	298	149
64	1	68,64	0,0	298	149
11	32	26,13	28,15	298	149
0	26	10,11	47,21	298	149
1	0	3,0	2,0	298	149
2	8	7,21	6,12	298	149
5	290	4,11	746,420	298	149
3	263	34,7	836,340	298	149
40	314	20,27	249,259	298	149
18	54	11,16	28,26	298	149
0	4	6,2	7,2	298	149
16	45	18,30	98,116	298	149
1	0	0,0	0,4	247	149
21	57	21,23	85,30	298	149
2	1	4,2	4,0	298	149
10	81	10,3	44,22	298	149
84	129	87,59	190,168	298	149
111	138	99,73	220,141	298	149
170	5	99,82	4,6	298	149
149	164	81,59	212,155	298	149
87	1	90,61	2,0	298	149
120	216	67,45	268,150	298	149
123	119	109,52	81,46	298	149
144	129	127,68	214,108	298	149
92	232	50,31	269,141	298	149
128	234	146,75	242,112	298	149
4	16	4,7	40,34	240	149
0	1	8,1	1,7	229	149
102	46	43,26	23,4	298	149
17	2	9,0	0,0	298	149
0	1	0,2	2,0	298	149
6	6	38,12	2,0	229	149
11	5	24,9	7,8	298	149
9	6	16,24	4,2	298	149
85	101	45,28	42,30	298	149
2	86	20,13	164,86	298	149
6	31	13,5	22,24	298	149
179	2	194,47	6,1	242	149
84	2	92,51	0,6	298	149
28	5	11,5	6,0	298	149
39	1585	21,21	649,462	233	149
2	246	1,2	292,224	298	149
5	4	7,5	5,0	298	149
4	2	9,2	2,0	298	149
29	0	84,61	1,0	298	149
17	2	43,28	2,4	298	149
1	13	4,6	17,13	298	149
2	7	0,4	5,2	298	149
5	191	17,4	388,204	298	149
8	28	11,0	50,21	298	149
61	45	22,16	46,11	298	149
61	1	20,18	0,0	298	149
21	31	7,8	19,10	298	149
14	17	37,8	16,6	298	149
5	53	25,9	36,23	298	149
10	65	22,12	34,12	223	149
11	47	4,2	38,30	298	149
15	4	16,14	0,0	298	149
31	194	21,10	5,0	298	149
3	1	0,4	0,13	298	149
0	8	1,1	29,11	231	149
0	6	2,2	20,16	298	149
0	1	0,4	2,10	219	149
7	7	2,9	4,1	298	149
15	54	5,4	14,11	298	149
0	12	0,2	2,0	259	149
2	0	1,2	2,2	298	149
7	99	5,9	57,42	298	149
55	6	18,16	0,0	298	149
4	69	2,2	31,25	261	149
2	8	1,0	4,0	285	149
8	1	9,6	0,2	232	149
9	23	9,6	54,31	247	149
0	2	0,1	2,0	223	149
2	2	10,4	0,0	288	149
1	5	1,0	15,9	298	149
14	1	40,31	0,0	203	149
21	42	16,19	58,24	298	149
8	0	20,5	2,0	298	149
7	0	9,2	2,0	230	149
11	2	30,25	4,0	298	149
8	11	0,4	3,3	298	149
10	141	27,6	189,77	298	149
0	4	0,1	1,4	283	149
5	2	2,16	2,2	298	149
9	3	10,13	0,0	298	149
25	2	24,10	4,2	233	149
25	4	24,10	4,0	236	149
7	88	5,1	15,49	226	149
0	6	2,0	2,0	298	149
0	7	4,0	8,3	298	149
0	4	6,2	9,19	298	149
2	6	0,0	7,1	298	149
0	18	6,2	25,36	298	149
2	90	39,20	108,65	298	149
4	173	14,10	160,176	298	149
14	72	18,6	78,96	298	149
55	0	52,41	2,0	275	149
34	30	39,26	37,25	298	149
26	31	64,72	27,44	298	149
2	2	11,6	12,10	298	149
108	2	261,83	19,5	236	149
10	31	3,16	18,11	227	149
0	23	0,1	11,1	228	149
4	162	2,0	53,22	271	149
141	3	30,26	1,0	221	149
8	46	4,4	49,36	298	149
16	17	11,22	39,40	298	149
4	0	12,5	2,0	298	149
8	14	28,12	43,30	298	149
10	0	32,16	2,0	298	149
15	0	32,21	4,0	298	149
0	2	42,9	0,2	298	149
0	2	2,0	0,0	298	149
4	6	2,3	10,17	247	149
7	2	7,10	0,0	204	149
35	153	43,15	66,48	278	149
25	14	40,11	10,10	298	149
49	2	72,13	2,0	298	149
2	10	12,4	13,22	298	149
7	0	4,11	1,0	298	149
8	83	4,11	137,166	223	149
19	218	4,11	252,447	242	149
115	163	71,125	181,117	298	149
22	295	20,28	339,471	241	149
0	7	2,0	15,8	235	149
137	53	43,88	8,6	298	149
81	221	119,56	115,76	298	149
90	12	122,54	8,2	298	149
94	187	147,59	54,65	298	149
69	327	107,52	239,184	232	149
75	210	73,69	152,148	298	149
54	241	79,23	195,129	298	149
39	467	48,30	401,316	228	149
30	2	25,19	0,0	232	149
30	262	28,20	265,154	243	149
15	70	29,12	26,25	298	149
15	28	29,12	6,1	298	149
19	48	30,16	11,9	298	149
47	155	30,41	105,85	298	149
11	72	20,20	247,158	298	149
23	198	23,11	116,51	298	149
8	12	19,16	26,27	285	149
33	1642	20,8	631,699	298	149
4	24	0,0	2,0	298	149
10	39	32,26	19,20	298	149
2	0	0,0	14,3	298	149
95	1	82,56	0,0	298	149
2	12	5,2	7,2	298	149
2	64	1,0	87,59	298	149
0	26	3,2	16,42	298	149
2	6	1,6	71,39	298	149
2	0	0,0	2,0	298	149
0	18	1,1	61,94	298	149
0	20	2,2	11,4	240	149
0	2	2,1	0,0	227	149
5	19	9,15	7,10	225	149
6	0	9,15	2,0	229	149
7	15	10,10	7,5	298	149
4	2	4,8	19,18	249	149
12	90	26,14	78,49	298	149
3	7	1,0	5,10	242	149
2	7	3,6	0,5	298	149
2	4	3,4	0,0	298	149
8	62	9,21	71,108	298	149
8	4	9,19	5,4	298	149
31	2	27,3	0,0	298	149
35	32	30,5	20,6	298	149
61	6	66,23	3,2	298	149
45	83	50,26	81,47	298	149
27	4	76,27	9,12	298	149
115	0	235,163	1,0	298	149
32	147	72,52	287,158	298	149
24	6	0,6	0,2	298	149
26	0	0,7	0,2	298	149
9	0	8,7	1,5	298	149
0	2	0,2	4,10	298	149
0	5	2,4	6,4	298	149
42	306	58,37	140,80	298	149
2	36	1,2	23,23	226	149
2	0	7,8	0,2	236	149
1	5	17,13	19,8	298	149
4	0	17,17	2,0	298	149
0	2	10,5	47,3	298	149
0	1	12,6	5,0	298	149
1	1	7,4	35,8	298	149
36	1599	32,19	1062,871	298	149
13	180	5,4	123,49	298	149
2	2	0,2	0,0	298	149
20	73	52,18	57,40	298	149
50	184	65,39	171,88	298	149
9	6	3,4	2,0	240	149
0	2	3,3	18,4	298	149
2	0	7,0	1,0	298	149
2	0	7,0	4,2	298	149
0	3	3,2	7,6	275	149
67	542	70,102	342,302	298	149
226	6	65,82	4,5	251	149
0	10	2,2	13,10	271	149
0	3	6,2	4,2	293	149
1	3	4,5	2,0	298	149
0	7	0,2	17,12	298	149
6	15	11,1	14,2	298	149
10	22	17,6	12,4	298	149
6	2	31,41	3,11	288	149
45	47	31,26	38,16	298	149
4	67	11,8	32,18	298	149
4	36	2,0	66,38	298	149
4	44	25,5	42,19	228	149
87	463	80,52	150,122	298	149
2	30	0,4	22,58	298	149
16	17	15,6	2,0	298	149
16	0	160,23	2,0	298	149
18	23	15,0	32,13	298	149
3	30	11,9	48,10	298	149
0	7	2,0	5,0	238	149
44	674	50,12	496,252	298	149
79	0	86,26	2,2	298	149
43	729	28,16	557,255	298	149
4	128	12,1	138,89	231	149
5	47	3,2	46,19	298	149
20	2	36,9	0,0	298	149
9	33	17,19	40,35	298	149
1	1	12,2	14,10	298	149
0	3	15,8	0,5	298	149
12	51	12,5	46,33	298	149
0	2	2,1	5,5	298	149
8	414	8,3	246,111	231	149
11	362	5,11	127,62	298	149
8	454	2,3	167,95	298	149
18	22	23,19	28,10	235	149
0	2	2,0	0,0	298	149
0	14	0,2	12,13	298	149
0	4	2,0	2,12	296	149
2	2	2,0	7,6	298	149
2	7	0,0	8,28	265	149
1	2	6,2	7,2	298	149
92	107	41,35	25,40	298	149
7	272	10,14	130,161	298	149
35	1	2,4	0,0	255	149
40	202	38,19	53,22	298	149
16	0	21,4	2,0	298	149
53	21	87,47	30,14	298	149
3	0	30,10	0,2	298	149
7	119	39,13	139,118	298	149
0	58	4,0	71,77	256	149
25	14	40,15	27,26	298	149
2	14	21,12	16,5	298	149
62	198	19,30	107,70	298	149
3	2	4,6	7,4	298	149
7	8	11,0	3,11	238	149
4	5	7,2	12,1	275	149
0	2	2,4	5,9	298	149
7	2	10,4	5,8	298	149
2	6	7,7	6,2	252	149
18	19	54,21	16,3	298	149
2	1	6,6	2,0	298	149
2	44	4,2	20,34	298	149
1	8	11,16	40,29	298	149
0	2	3,1	1,2	220	149
9	27	45,14	29,6	298	149
22	2	80,19	3,4	298	149
15	4	21,16	0,2	245	149
13	62	21,16	59,26	225	149
10	2	24,12	3,0	298	149
70	146	159,57	105,82	298	149
3	250	2,4	142,64	298	149
11	375	9,7	166,91	298	149
2	84	7,3	92,81	298	149
12	77	3,0	8,9	298	149
20	29	10,4	2,8	298	149
4	0	104,60	7,8	298	149
4	80	9,3	53,31	298	149
60	244	111,42	416,222	298	149
15	20	15,44	46,20	298	149
71	58	16,4	3,8	298	149
90	845	12,7	170,160	249	149
101	940	17,5	260,205	298	149
98	975	9,6	164,167	298	149
67	2	7,3	0,0	298	149
144	2	26,17	0,0	298	149
142	613	22,4	148,56	298	149
135	384	11,1	56,71	298	149
138	82	339,194	47,37	298	149
2	13	4,8	22,5	280	149
22	52	43,12	42,33	298	149
83	0	134,60	2,0	231	149
21	0	40,52	0,2	298	149
2	32	1,4	46,25	298	149
41	319	176,62	471,160	298	149
0	2	0,2	4,1	298	149
16	8	2,0	0,8	298	149
2	12	5,12	8,10	298	149
62	0	131,145	12,0	248	149
9	10	50,23	15,15	298	149
6	4	26,13	144,84	235	149
4	26	5,2	15,28	298	149
5	27	13,14	76,50	298	149
5	2	12,10	2,4	298	149
17	54	19,9	71,49	298	149
8	30	8,7	37,35	298	149
7	46	27,20	62,73	298	149
7	54	22,12	67,53	298	149
6	7	27,16	2,0	298	149
3	0	3,9	0,4	298	149
12	15	26,13	5,15	298	149
12	0	22,5	0,2	298	149
8	272	2,11	134,140	298	149
7	273	0,9	122,89	298	149
24	50	31,17	47,38	298	149
10	179	25,31	298,319	298	149
2	106	0,0	82,85	298	149
1	0	2,2	0,2	298	149
1	1	2,5	0,3	298	149
2	0	2,4	2,0	255	149
2	5	6,1	2,1	298	149
0	4	2,0	5,11	243	149
0	3	6,0	2,4	298	149
14	0	14,17	2,2	298	149
1	10	12,2	30,28	226	149
1	2	15,2	0,0	231	149
3	8	10,3	25,21	298	149
811	48	291,341	4,4	298	149
9	4	13,6	2,4	298	149
1	13	0,0	17,13	298	149
0	2	2,1	6,8	229	149
1	6	2,2	0,4	298	149
0	10	3,3	32,17	298	149
0	2	0,2	8,0	298	149
2	8	0,1	0,0	236	149
2	140	0,1	8,100	230	149
4	302	1,1	43,138	229	149
0	11	0,2	10,0	298	149
64	149	129,42	165,96	298	149
61	48	104,67	30,34	298	149
19	30	131,136	48,27	298	149
20	136	27,4	39,43	298	149
10	120	6,25	72,32	298	149
2	2	10,10	2,0	252	149
9	0	12,10	0,1	298	149
1	0	3,2	0,9	298	149
3	41	10,6	28,40	242	149
8	47	11,12	39,48	252	149
2	11	2,5	49,24	298	149
0	7	11,4	6,10	298	149
2	18	2,18	7,10	296	149
3	24	8,5	57,57	298	149
0	40	8,8	80,68	298	149
176	1	127,42	6,0	298	149
13	89	19,28	123,130	298	149
89	562	119,72	384,361	298	149
39	366	37,25	346,305	298	149
49	607	76,25	688,489	298	149
35	489	50,18	332,305	298	149
4	8	4,4	11,9	288	149
11	0	659,790	8,6	298	149
7	92	6,5	301,308	298	149
1	0	15,3	2,4	298	149
63	0	84,52	2,4	298	149
2	3	0,0	16,18	248	149
10	44	20,15	43,31	298	149
1	29	0,2	8,5	298	149
6	54	4,6	34,35	298	149
2	76	5,4	62,91	298	149
4	144	6,0	135,127	284	149
9	66	14,15	60,46	226	149
32	2	49,33	0,0	298	149
0	1	4,2	16,14	298	149
0	2	0,2	4,0	298	149
6	7	6,12	11,16	262	149
2	4	10,10	14,12	298	149
0	6	1,0	21,15	235	149
20	71	36,46	54,49	298	149
0	4	0,2	0,0	268	149
1	33	8,1	27,12	298	149
1	12	2,3	20,11	298	149
3	68	9,4	24,42	298	149
0	20	0,2	26,9	280	149
528	778	962,356	588,381	242	149
57	1679	200,88	1288,824	298	149
209	1613	236,107	1628,809	298	149
4	23	7,3	30,22	298	149
8	0	12,16	0,3	254	149
3	45	8,11	30,37	246	149
2	2	4,1	6,0	298	149
44	3	41,39	3,3	266	149
0	2	0,2	2,1	298	149
6	0	14,9	2,0	298	149
3	5	7,2	0,0	298	149
8	0	18,12	2,4	298	149
42	1	21,40	0,0	298	149
299	0	90,66	2,4	298	149
81	134	43,34	67,33	298	149
155	3	277,285	0,2	230	149
110	89	55,34	63,27	298	149
55	115	29,18	67,37	298	149
122	77	68,46	41,39	298	149
98	0	66,26	4,2	298	149
103	96	59,27	41,53	298	149
71	79	51,22	60,35	298	149
74	1	40,17	0,0	298	149
72	68	42,11	58,39	298	149
69	37	24,21	31,16	298	149
28	4	20,13	7,2	298	149
15	4	18,23	0,0	296	149
3	12	17,5	18,3	298	149
0	11	2,1	20,10	298	149
9	0	10,13	3,0	271	149
2	24	2,0	12,12	223	149
3	21	11,5	38,21	298	149
2	2	0,4	2,2	298	149
2	114	12,10	173,129	298	149
0	7	2,3	18,17	298	149
0	2	2,3	6,4	298	149
3	20	27,10	20,21	298	149
7	5	5,10	0,4	298	149
10	0	57,43	2,11	298	149
6	22	35,37	60,46	298	149
2	0	0,0	4,6	245	149
0	9	8,0	28,6	278	149
0	2	2,4	0,0	298	149
2	0	0,3	0,2	298	149
41	86	88,47	165,73	298	149
0	10	0,1	13,41	298	149
6	294	4,4	133,182	298	149
0	8	2,0	0,4	298	149
13	93	30,3	106,60	235	149
20	87	30,19	99,50	298	149
0	2	16,9	5,2	298	149
19	102	17,19	56,29	298	149
220	2	150,80	2,4	298	149
87	4	81,76	2,2	298	149
7	34	19,5	42,11	298	149
2	0	2,3	1,4	262	149
0	33	1,0	14,9	298	149
6	1	3,0	0,1	298	149
3	1	5,5	0,2	298	149
3	63	1,4	40,24	298	149
24	115	43,21	102,59	298	149
53	15	27,16	7,1	298	149
7	18	14,8	13,8	298	149
4	0	16,17	0,2	298	149
3	0	13,9	0,2	298	149
3	10	13,9	10,10	298	149
88	2	47,71	4,4	298	149
265	0	191,91	2,0	298	149
214	0	170,92	1,0	298	149
2	3	31,10	4,8	237	149
11	18	16,22	18,12	298	149
2	1	11,13	2,7	298	149
4	34	11,13	30,44	298	149
0	9	0,3	24,21	251	149
89	8	37,22	8,14	298	149
4	3	14,2	7,4	298	149
7	10	16,15	7,11	298	149
8	5	22,13	13,17	294	149
18	4	2,0	0,0	298	149
0	1	2,0	0,0	298	149
1	1	2,1	0,1	298	149
113	32	162,137	42,50	266	149
7	0	8,11	0,7	298	149
2	6	4,11	5,6	298	149
6	19	10,15	10,10	298	149
5	34	5,12	21,20	270	149
0	2	4,0	0,0	292	149
9	55	26,39	64,49	298	149
9	26	6,8	49,32	298	149
4	104	22,16	129,67	298	149
427	303	392,237	1825,1429	298	149
20	0	20,17	2,0	298	149
11	796	26,12	516,369	298	149
1	10	52,8	156,82	298	149
3	0	11,9	2,0	298	149
22	6	59,9	34,17	298	149
11	105	37,20	100,57	298	149
2	2	2,0	0,2	298	149
1	169	2,0	134,144	298	149
7	44	38,17	61,36	298	149
14	2	47,27	0,2	229	149
20	54	48,17	42,14	298	149
80	897	118,53	1536,554	298	149
78	0	113,54	1,6	298	149
34	11	78,41	6,6	298	149
47	2	89,66	0,0	298	149
25	14	16,6	9,3	298	149
95	1403	94,54	683,467	298	149
2	2	0,2	6,2	298	149
2	22	66,26	6,0	298	149
10	2	0,3	2,0	298	149
8	11	6,8	12,8	292	149
29	86	33,27	63,39	298	149
0	8	3,2	8,0	220	149
7	8	36,0	20,2	298	149
14	680	64,45	1699,953	298	149
34	158	26,12	120,32	228	149
2	0	4,2	8,6	298	149
4	20	4,2	30,30	278	149
15	30	35,18	48,53	298	149
25	7	41,28	15,3	298	149
19	6	20,18	10,4	298	149
15	5	20,23	6,1	298	149
4	14	18,9	38,21	298	149
2	34	21,12	69,23	298	149
2	0	2,0	0,4	298	149
155	168	66,45	63,50	298	149
0	1	12,6	6,2	298	149
11	7	11,12	72,61	298	149
21	22	9,6	17,10	298	149
3	0	12,17	3,0	298	149
0	2	2,2	11,16	231	149
2	48	19,9	177,108	298	149
7	3	30,22	5,2	298	149
2	57	5,11	161,102	298	149
2	16	22,10	29,11	298	149
0	5	0,2	0,6	298	149
4	2	4,2	0,0	298	149
4	51	11,13	92,61	298	149
9	0	26,32	2,2	298	149
9	1	26,32	12,6	298	149
6	0	24,22	2,0	298	149
2	6	13,10	25,16	298	149
1	11	0,0	25,22	283	149
1	6	9,11	23,23	298	149
2	2	8,15	0,0	272	149
2	4	4,10	15,9	298	149
2	7	2,1	10,13	292	149
35	4	42,15	0,4	298	149
36	43	32,15	25,16	298	149
29	1	26,15	0,0	259	149
11	145	2,0	8,1	298	149
39	117	105,57	92,59	298	149
15	140	33,3	124,83	298	149
3	6	0,4	0,8	240	149
0	4	10,0	2,0	298	149
2	8	1,2	2,18	298	149
4	19	16,10	12,4	298	149
6	30	6,4	19,14	298	149
17	281	25,24	400,299	298	149
34	364	39,9	211,120	298	149
10	6	12,19	8,2	298	149
4	0	6,4	0,1	274	149
9	79	18,14	175,110	298	149
40	456	6,3	31,42	298	149
14	688	0,0	79,31	298	149
198	165	161,110	60,38	298	149
90	91	103,75	23,36	298	149
29	137	15,11	68,66	248	149
1	2	3,4	2,2	298	149
1290	14975	450,671	8150,11304	298	149
3	0	32,20	1,0	298	149
0	8	3,1	2,4	298	149
18	3	31,13	2,4	298	149
21	2	30,16	1,0	254	149
13	5	34,8	5,2	298	149
12	13	28,16	5,2	298	149
655	112	255,170	115,58	298	149
112	84	129,66	73,43	298	149
0	107	4,4	67,59	272	149
5	41	14,7	44,37	298	149
2	41	16,7	55,50	242	149
70	41	109,88	101,48	298	149
6	29	6,1	19,16	266	149
26	6	37,25	4,0	298	149
25	3	26,17	4,2	298	149
25	1	26,17	2,0	298	149
12	13	17,19	8,12	298	149
77	16	44,43	8,14	243	149
10	35	39,26	42,51	298	149
0	79	3,3	77,41	298	149
0	4	6,2	4,2	298	149
0	42	2,1	29,43	298	149
1	4	2,0	14,9	298	149
0	2	4,3	1,0	298	149
1	9	3,2	13,23	275	149
11	149	41,25	165,74	298	149
7	130	57,20	255,124	298	149
16	177	67,17	318,122	298	149
14	91	65,28	151,43	221	149
39	1	41,48	0,0	298	149
52	373	48,48	270,210	298	149
24	0	21,34	3,0	298	149
10	484	7,15	365,287	298	149
5	0	4,11	0,2	298	149
14	557	29,16	517,370	269	149
37	0	78,37	0,2	273	149
4	0	6,5	2,0	298	149
2	6	5,3	2,0	298	149
0	4	0,4	31,14	298	149
1	0	13,5	4,4	298	149
0	29	1,0	13,18	298	149
4	2	29,25	6,2	298	149
45	5	84,91	0,5	298	149
6	70	6,3	77,87	298	149
24	78	17,15	88,82	298	149
2	16	27,4	28,22	298	149
5	23	24,11	64,29	298	149
0	3	0,1	0,2	244	149
23	39	60,63	17,19	275	149
14	13	23,24	9,2	298	149
0	4	0,1	9,23	298	149
2	2	0,1	2,4	298	149
4	64	19,2	99,22	298	149
7	0	23,4	1,0	298	149
0	2	4,0	6,0	298	149
16	2	21,2	4,0	246	149
11	39	4,1	23,6	235	149
0	6	2,2	0,4	298	149
3	0	11,2	0,2	298	149
1	9	16,10	11,6	235	149
18	9	48,16	15,9	298	149
2	19	2,0	14,21	298	149
50	0	185,87	0,4	298	149
0	11	1,2	2,4	298	149
12	76	14,3	34,18	298	149
11	84	46,34	112,94	298	149
6	2	1,1	0,0	216	149
34	85	30,20	73,53	298	149
74	59	63,41	54,27	298	149
144	5	36,29	1,0	236	149
209	304	48,25	84,41	298	149
214	4	48,33	0,0	298	149
212	4	49,25	1,1	298	149
222	3	53,36	4,0	298	149
91	1661	71,47	2427,1436	298	149
145	1653	169,109	2451,1664	298	149
432	856	151,185	1016,735	298	149
371	1	129,103	0,0	298	149
59	1291	16,29	1420,759	298	149
84	1202	72,73	1125,617	238	149
18	3	48,35	4,6	272	149
21	88	32,57	77,92	298	149
23	345	34,25	463,250	298	149
1	23	9,14	47,5	298	149
25	0	39,22	2,0	298	149
3	17	14,9	14,5	298	149
54	34	46,13	49,28	298	149
0	8	3,1	26,21	298	149
13	2	13,9	2,2	298	149
1	7	9,6	11,21	298	149
2	0	1,2	1,2	298	149
4	0	0,2	1,0	298	149
3	72	9,0	44,7	229	149
10	1	10,0	0,0	233	149
7	76	4,2	52,25	240	149
18	1	21,9	0,0	298	149
20	1	21,10	0,0	298	149
4	290	6,4	345,460	253	149
1	2	8,0	0,0	233	149
0	1	2,0	2,2	298	149
18	357	157,84	904,443	298	149
15	40	22,19	34,25	264	149
1	3	0,0	0,2	241	149
2	2	0,0	0,2	298	149
27	19	11,2	22,10	298	149
38	3	19,6	0,0	298	149
1	0	7,4	0,2	298	149
7	288	26,17	323,453	298	149
28	96	93,38	133,69	298	149
9	73	4,4	103,53	298	149
6	130	18,1	82,51	298	149
12	311	26,17	399,387	239	149
2	4	19,6	48,4	298	149
0	12	5,2	5,18	298	149
2	2	0,0	1,0	298	149
0	1	3,0	0,0	298	149
27	631	63,66	1828,1753	298	149
43	982	64,55	2138,1665	298	149
11	93	26,16	130,67	298	149
5	20	15,4	22,2	298	149
7	58	15,16	58,29	298	149
15	33	23,5	28,16	298	149
35	1	53,17	1,2	298	149
25	73	17,20	54,19	298	149
19	3	21,27	0,0	298	149
17	61	10,19	25,15	298	149
3	7	8,0	18,6	298	149
2	10	4,3	30,22	298	149
3	7	2,0	20,7	298	149
9	7	16,10	3,13	298	149
96	117	132,45	41,30	298	149
3	4	0,6	4,0	268	149
0	5	2,3	3,3	298	149
195	25	352,267	4,4	298	149
2	30	8,7	32,33	298	149
2	14	4,4	17,15	298	149
