IncLevel1	IncLevel2	IncLevelDifference
0.355	0.257,0.17	0.141
1.0	1.0,0.978	0.011
0.053	0.088,0.176	-0.079
0.732	1.0,0.656	-0.096
0.857	1.0,1.0	-0.143
0.0	NA,1.0	-1.0
0.017	0.094,0.083	-0.071
0.122	0.597,0.478	-0.415
0.528	0.732,0.671	-0.173
0.143	0.0,0.2	0.043
0.0	0.111,0.6	-0.355
0.285	0.79,0.626	-0.423
0.0	0.25,0.0	-0.125
1.0	1.0,0.0	0.5
0.5	1.0,1.0	-0.5
0.882	0.882,0.704	0.089
0.92	0.774,1.0	0.033
0.778	1.0,1.0	-0.222
0.714	1.0,1.0	-0.286
1.0	0.579,1.0	0.211
0.667	0.733,1.0	-0.2
0.333	1.0,NA	-0.667
0.937	1.0,0.948	-0.037
1.0	0.0,0.0	1.0
1.0	0.0,0.0	1.0
0.614	0.429,0.429	0.185
0.2	0.0,0.529	-0.065
0.333	NA,1.0	-0.667
0.0	0.0,0.032	-0.016
1.0	0.833,1.0	0.084
0.0	0.2,0.0	-0.1
1.0	0.0,NA	1.0
0.2	NA,0.5	-0.3
1.0	0.0,1.0	0.5
0.111	1.0,0.5	-0.639
0.006	0.028,0.021	-0.019
0.012	0.007,0.014	0.001
0.043	0.0,0.011	0.037
0.023	0.025,0.043	-0.011
0.646	0.854,0.733	-0.147
0.0	0.053,0.121	-0.087
0.0	1.0,NA	-1.0
0.0	0.167,0.091	-0.129
0.024	0.0,0.0	0.024
0.067	0.2,0.333	-0.2
0.03	0.053,0.047	-0.02
0.022	0.008,0.025	0.005
0.019	0.045,0.02	-0.014
0.0	0.124,0.068	-0.096
0.333	0.714,1.0	-0.524
0.0	0.0,0.037	-0.018
0.0	NA,0.167	-0.167
0.137	0.016,0.094	0.082
0.0	0.364,0.125	-0.244
0.125	0.167,0.2	-0.058
1.0	NA,0.0	1.0
0.5	0.0,NA	0.5
0.0	0.25,0.75	-0.5
0.13	0.0,0.0	0.13
0.0	0.016,0.017	-0.017
0.038	NA,0.0	0.038
1.0	0.443,0.0	0.778
0.5	NA,1.0	-0.5
0.013	0.009,0.0	0.009
0.0	0.34,0.34	-0.34
0.0	0.2,0.5	-0.35
1.0	0.849,0.967	0.092
0.039	0.165,0.404	-0.246
0.035	0.38,NA	-0.345
0.035	0.222,0.107	-0.13
0.333	0.5,0.667	-0.251
1.0	0.455,1.0	0.272
0.143	0.25,0.059	-0.012
0.391	0.348,0.294	0.07
0.0	0.142,0.118	-0.13
0.0	0.286,0.111	-0.198
0.063	0.0,0.0	0.063
0.042	0.069,0.237	-0.111
0.0	0.2,0.111	-0.155
0.0	1.0,1.0	-1.0
0.0	0.2,0.5	-0.35
0.0	1.0,0.5	-0.75
0.043	0.091,0.0	-0.003
1.0	1.0,0.692	0.154
0.0	NA,0.114	-0.114
0.011	0.006,0.011	0.002
0.0	0.078,0.372	-0.225
0.0	0.0,0.023	-0.011
0.304	0.721,0.6	-0.356
0.0	0.2,NA	-0.2
0.5	0.0,0.667	0.166
0.0	0.081,0.172	-0.127
0.0	NA,1.0	-1.0
0.013	0.084,0.055	-0.057
0.264	0.171,0.241	0.058
0.286	0.225,0.093	0.127
0.1	0.239,0.297	-0.168
1.0	1.0,0.333	0.334
0.05	0.052,0.031	0.009
0.049	0.078,0.048	-0.014
1.0	0.692,0.636	0.336
0.032	0.019,0.016	0.014
0.024	0.024,0.024	0.0
0.025	0.08,0.069	-0.05
0.027	0.122,0.088	-0.078
0.062	0.064,0.05	0.005
1.0	0.455,0.429	0.558
0.0	0.101,0.0	-0.051
1.0	0.958,0.8	0.121
0.636	1.0,1.0	-0.364
1.0	1.0,0.5	0.25
0.2	1.0,0.2	-0.4
0.203	0.0,0.761	-0.177
0.446	0.096,0.211	0.292
0.765	0.818,0.556	0.078
0.765	0.826,1.0	-0.148
0.155	0.352,0.285	-0.164
0.636	0.833,0.143	0.148
0.258	0.128,0.161	0.113
0.133	0.206,0.143	-0.041
0.2	0.758,0.46	-0.409
1.0	0.869,1.0	0.066
0.797	0.872,0.832	-0.055
0.0	0.0,0.333	-0.167
0.03	0.196,0.131	-0.134
1.0	0.0,NA	1.0
0.044	0.181,0.142	-0.117
0.139	0.179,0.034	0.033
0.027	0.127,0.133	-0.103
0.321	1.0,0.0	-0.179
0.0	0.238,0.4	-0.319
0.0	1.0,NA	-1.0
0.376	1.0,1.0	-0.624
0.5	1.0,1.0	-0.5
0.31	0.167,0.167	0.143
0.964	1.0,0.889	0.019
0.192	0.441,0.264	-0.161
0.034	0.042,0.143	-0.058
0.259	0.045,0.071	0.201
0.75	1.0,1.0	-0.25
0.285	0.0,NA	0.285
0.385	0.508,0.351	-0.044
0.5	0.707,0.489	-0.098
1.0	0.953,1.0	0.024
1.0	1.0,0.895	0.052
0.915	1.0,1.0	-0.085
0.146	0.156,0.108	0.014
1.0	0.0,0.333	0.834
0.059	0.0,0.083	0.017
0.015	0.0,0.0	0.015
0.003	0.0,0.005	0.001
0.0	0.003,0.011	-0.007
0.002	0.002,0.005	-0.002
0.0	0.002,0.003	-0.003
0.111	0.333,0.267	-0.189
1.0	1.0,0.692	0.154
0.333	0.5,0.222	-0.028
0.077	0.667,0.143	-0.328
0.059	0.068,0.152	-0.051
0.0	0.0,0.026	-0.013
0.137	0.385,0.323	-0.217
0.075	0.124,0.208	-0.091
0.714	0.333,1.0	0.047
0.412	0.111,0.0	0.356
0.131	0.171,0.159	-0.034
0.727	1.0,1.0	-0.273
0.826	1.0,1.0	-0.174
0.333	0.5,0.5	-0.167
0.556	1.0,1.0	-0.444
0.287	0.453,0.194	-0.037
0.1	0.28,0.128	-0.104
0.0	0.093,0.259	-0.176
0.0	0.143,0.0	-0.071
0.714	1.0,NA	-0.286
0.013	0.143,0.0	-0.058
0.0	0.333,0.0	-0.167
0.068	0.0,0.259	-0.061
0.333	0.2,1.0	-0.267
0.0	0.111,0.185	-0.148
0.0	0.043,0.0	-0.021
0.5	0.429,0.579	-0.004
0.0	0.31,0.222	-0.266
0.19	0.0,0.111	0.135
0.1	0.333,0.667	-0.4
1.0	NA,0.0	1.0
0.0	0.0,0.167	-0.084
0.859	0.937,0.92	-0.07
0.009	0.051,0.036	-0.034
0.833	1.0,1.0	-0.167
0.429	1.0,1.0	-0.571
0.2	1.0,1.0	-0.8
0.008	0.0,0.019	-0.001
0.071	0.029,0.105	0.004
0.0	0.0,1.0	-0.5
0.0	0.212,0.098	-0.155
0.024	0.087,0.084	-0.061
0.0	0.077,0.024	-0.051
0.0	0.167,0.061	-0.114
1.0	0.333,NA	0.667
0.2	0.714,0.0	-0.157
0.082	0.088,0.0	0.038
0.032	0.091,0.0	-0.013
0.122	0.16,0.072	0.006
0.677	1.0,1.0	-0.323
0.108	0.192,0.27	-0.123
0.038	0.024,0.024	0.014
0.122	0.208,0.053	-0.009
0.247	0.243,0.143	0.054
0.119	0.246,0.091	-0.049
0.033	0.088,0.03	-0.026
0.292	0.243,0.4	-0.03
0.058	0.025,0.033	0.029
0.9	1.0,0.75	0.025
0.586	1.0,1.0	-0.414
0.0	0.088,0.061	-0.074
0.029	0.222,0.25	-0.207
1.0	0.911,0.623	0.233
0.0	0.252,0.403	-0.328
0.667	0.879,1.0	-0.272
0.2	0.358,0.378	-0.168
1.0	0.833,1.0	0.084
0.667	0.556,0.333	0.223
0.235	0.0,0.0	0.235
0.143	0.182,0.132	-0.014
0.063	0.07,0.222	-0.083
0.077	0.119,0.097	-0.031
0.178	0.245,0.494	-0.192
0.0	0.222,0.116	-0.169
0.25	0.125,0.25	0.062
0.0	0.333,0.0	-0.167
0.056	0.238,0.048	-0.087
0.6	0.0,NA	0.6
0.0	0.059,0.0	-0.029
0.0	0.0,0.009	-0.004
0.0	0.046,0.077	-0.061
0.036	0.107,0.036	-0.035
0.055	0.107,0.071	-0.034
1.0	0.92,0.963	0.058
0.5	1.0,NA	-0.5
0.0	0.181,0.0	-0.09
1.0	0.647,0.81	0.271
1.0	1.0,0.429	0.285
0.143	0.3,0.091	-0.053
0.579	1.0,1.0	-0.421
0.482	0.0,1.0	-0.018
0.286	1.0,1.0	-0.714
0.021	0.036,0.024	-0.009
0.073	0.0,0.2	-0.027
0.927	0.949,1.0	-0.047
0.16	0.362,0.256	-0.149
1.0	0.864,1.0	0.068
0.17	0.228,0.132	-0.01
0.107	0.212,0.08	-0.039
0.5	0.333,1.0	-0.166
0.6	1.0,1.0	-0.4
0.101	0.0,0.123	0.04
1.0	0.875,0.898	0.113
1.0	NA,0.0	1.0
1.0	0.36,0.25	0.695
0.2	0.0,0.333	0.034
0.231	0.475,1.0	-0.507
0.0	1.0,1.0	-1.0
0.91	0.899,0.854	0.033
0.073	0.133,0.114	-0.051
0.0	0.5,0.185	-0.343
0.0	0.25,0.059	-0.154
0.0	1.0,1.0	-1.0
0.143	0.111,0.0	0.087
0.0	0.0,0.042	-0.021
0.152	0.193,0.327	-0.108
0.2	0.258,0.213	-0.035
0.5	0.467,0.0	0.266
0.0	0.023,0.0	-0.011
0.036	0.053,0.054	-0.018
0.0	0.143,0.2	-0.171
0.158	0.034,0.081	0.101
1.0	0.429,0.429	0.571
0.0	0.039,0.235	-0.137
0.0	0.0,0.251	-0.126
0.018	0.163,0.033	-0.08
0.0	NA,0.077	-0.077
0.077	0.152,0.036	-0.017
0.235	0.235,0.208	0.014
0.238	0.036,0.094	0.173
0.064	0.171,0.182	-0.112
0.284	0.553,0.375	-0.18
1.0	1.0,0.6	0.2
1.0	1.0,0.989	0.006
0.96	0.935,0.972	0.006
0.184	0.209,0.153	0.003
0.4	0.804,0.477	-0.241
1.0	1.0,0.963	0.018
0.0	0.064,0.013	-0.038
0.339	NA,0.0	0.339
0.038	0.108,0.075	-0.053
0.0	0.0,0.062	-0.031
0.095	0.103,0.112	-0.012
0.0	0.067,0.0	-0.034
0.214	NA,0.0	0.214
1.0	0.778,0.75	0.236
0.596	1.0,0.927	-0.368
0.0	0.0,0.168	-0.084
0.0	0.109,0.061	-0.085
0.157	0.085,0.067	0.081
0.0	0.2,0.0	-0.1
0.097	0.51,0.12	-0.218
1.0	0.902,1.0	0.049
0.025	1.0,0.0	-0.475
0.467	0.324,0.345	0.133
0.333	1.0,1.0	-0.667
0.613	1.0,0.5	-0.137
0.2	0.233,0.16	0.004
0.088	0.076,0.048	0.026
1.0	0.8,1.0	0.1
0.0	0.0,0.23	-0.115
0.182	0.667,0.77	-0.536
0.122	0.294,0.036	-0.043
0.92	1.0,1.0	-0.08
0.0	0.0,0.387	-0.194
0.0	1.0,0.0	-0.5
0.185	0.111,0.267	-0.004
0.029	0.027,0.074	-0.021
0.239	0.0,0.0	0.239
0.0	0.2,0.4	-0.3
0.0	0.071,0.161	-0.116
1.0	0.5,1.0	0.25
1.0	1.0,0.886	0.057
0.069	0.089,0.127	-0.039
1.0	0.761,1.0	0.119
0.0	0.067,0.0	-0.034
0.103	0.012,0.15	0.022
0.862	1.0,1.0	-0.138
0.0	0.143,0.0	-0.071
0.333	0.15,0.143	0.187
0.125	0.111,0.4	-0.131
0.857	1.0,0.619	0.047
0.75	0.875,0.733	-0.054
0.714	1.0,0.0	0.214
0.363	0.363,1.0	-0.319
1.0	1.0,0.475	0.262
0.586	0.552,0.392	0.114
1.0	0.789,1.0	0.105
0.028	0.04,0.018	-0.001
0.443	1.0,0.527	-0.321
1.0	1.0,0.556	0.222
0.2	0.143,0.0	0.129
0.778	1.0,0.0	0.278
0.0	0.163,0.0	-0.082
0.026	0.084,0.095	-0.064
0.061	0.063,0.032	0.013
0.061	0.023,0.039	0.03
0.031	0.031,0.024	0.003
0.026	0.005,0.004	0.021
0.037	0.09,0.056	-0.036
0.036	0.085,0.075	-0.044
0.045	0.021,0.015	0.027
0.913	1.0,1.0	-0.087
0.025	0.032,0.015	0.002
1.0	1.0,0.667	0.166
0.0	1.0,NA	-1.0
0.365	1.0,0.333	-0.301
0.023	0.0,0.0	0.023
1.0	0.667,0.143	0.595
0.298	0.262,0.254	0.04
0.122	0.079,0.0	0.082
0.333	1.0,NA	-0.667
0.111	0.15,0.143	-0.035
0.0	0.381,0.0	-0.191
0.0	0.5,0.2	-0.35
0.0	NA,1.0	-1.0
0.025	0.038,0.016	-0.002
0.23	NA,1.0	-0.77
0.053	0.047,0.136	-0.038
0.0	0.025,0.023	-0.024
0.0	1.0,1.0	-1.0
0.077	0.134,0.095	-0.038
0.036	0.097,0.011	-0.018
0.101	0.156,0.113	-0.034
0.142	0.248,0.442	-0.203
0.062	0.289,0.267	-0.216
0.92	0.846,0.9	0.047
0.733	0.885,1.0	-0.21
1.0	0.333,1.0	0.334
0.746	1.0,0.909	-0.209
0.027	0.03,0.084	-0.03
0.071	0.11,0.077	-0.023
0.143	0.115,0.0	0.085
0.0	0.103,0.226	-0.165
0.0	0.167,0.257	-0.212
0.268	0.076,0.0	0.23
0.05	0.263,0.123	-0.143
1.0	0.667,1.0	0.166
1.0	1.0,0.364	0.318
0.062	0.067,0.0	0.028
0.724	1.0,1.0	-0.276
0.193	0.56,0.686	-0.43
0.101	0.165,0.114	-0.039
0.987	0.942,0.877	0.078
0.037	0.131,0.126	-0.091
1.0	0.902,1.0	0.049
0.247	0.248,0.465	-0.11
0.281	0.324,0.371	-0.067
0.915	1.0,0.778	0.026
0.391	0.76,1.0	-0.489
0.143	0.246,0.205	-0.082
0.162	0.149,0.169	0.003
0.879	0.884,0.871	0.002
0.438	0.47,0.395	0.006
1.0	0.667,NA	0.333
1.0	1.0,0.0	0.5
0.0	0.0,0.333	-0.167
0.179	0.541,0.368	-0.276
0.048	0.185,0.125	-0.107
0.455	0.826,0.857	-0.386
0.226	0.324,0.269	-0.07
0.515	0.657,0.787	-0.207
0.857	0.932,1.0	-0.109
1.0	1.0,0.333	0.334
1.0	1.0,0.75	0.125
0.333	0.0,NA	0.333
0.088	0.218,0.07	-0.056
0.025	0.101,0.041	-0.046
0.0	0.0,0.023	-0.011
0.037	0.033,0.056	-0.007
0.029	0.061,0.226	-0.115
0.223	0.414,0.412	-0.19
0.629	0.838,0.8	-0.19
0.964	1.0,1.0	-0.036
0.189	0.33,0.138	-0.045
0.061	0.079,0.045	-0.001
1.0	0.892,1.0	0.054
0.949	0.889,1.0	0.004
0.128	0.109,0.068	0.04
0.163	0.247,0.152	-0.037
0.239	0.283,0.099	0.048
0.444	0.833,0.667	-0.306
0.021	0.045,0.069	-0.036
0.031	0.022,0.041	-0.001
0.028	0.023,0.0	0.017
0.249	0.211,0.158	0.065
0.75	1.0,1.0	-0.25
0.972	1.0,1.0	-0.028
0.789	0.8,0.923	-0.073
0.5	1.0,0.778	-0.389
1.0	0.333,0.6	0.533
1.0	0.298,0.576	0.563
0.538	1.0,1.0	-0.462
0.102	0.218,0.122	-0.068
0.112	0.207,0.031	-0.007
0.188	0.209,0.153	0.007
0.375	0.389,0.267	0.047
1.0	1.0,0.75	0.125
0.6	0.647,0.2	0.176
0.111	0.231,0.0	-0.005
0.0	1.0,1.0	-1.0
1.0	0.964,1.0	0.018
1.0	1.0,0.955	0.022
0.5	1.0,1.0	-0.5
0.846	0.2,1.0	0.246
0.014	0.056,0.055	-0.042
1.0	0.8,1.0	0.1
0.556	0.75,1.0	-0.319
0.333	0.333,0.333	0.0
0.2	0.765,1.0	-0.683
0.074	0.062,0.0	0.043
0.0	0.244,0.176	-0.21
0.04	0.169,0.275	-0.182
1.0	1.0,0.333	0.334
0.25	0.524,1.0	-0.512
0.213	0.371,0.072	-0.009
0.077	0.179,0.162	-0.093
0.133	0.173,0.153	-0.03
1.0	0.945,1.0	0.028
0.24	0.31,0.237	-0.033
0.059	0.251,0.095	-0.114
0.0	0.0,0.474	-0.237
0.026	0.515,0.304	-0.383
0.212	0.333,0.267	-0.088
0.08	0.0,0.158	0.001
0.0	0.156,0.0	-0.078
1.0	0.636,1.0	0.182
1.0	0.971,0.778	0.125
1.0	1.0,0.0	0.5
0.0	0.167,0.105	-0.136
0.024	0.224,0.31	-0.243
0.022	0.238,0.243	-0.218
0.0	0.212,0.161	-0.186
0.676	0.893,1.0	-0.27
0.174	0.0,0.096	0.126
0.0	0.429,0.5	-0.465
0.303	0.5,0.75	-0.322
0.714	1.0,1.0	-0.286
0.106	0.069,0.33	-0.094
1.0	1.0,0.636	0.182
0.333	0.375,0.25	0.021
0.053	0.347,0.347	-0.294
0.0	0.05,0.13	-0.09
0.055	0.094,0.156	-0.07
0.233	0.0,0.0	0.233
0.462	0.529,0.568	-0.086
0.286	0.153,0.219	0.1
0.333	NA,1.0	-0.667
0.259	0.18,0.168	0.085
0.083	0.2,0.133	-0.084
0.0	1.0,1.0	-1.0
0.0	0.103,0.2	-0.151
0.2	0.222,0.286	-0.054
1.0	0.967,1.0	0.016
0.037	0.109,0.14	-0.087
0.19	0.279,0.386	-0.143
0.455	0.714,0.36	-0.082
0.265	0.057,0.0	0.237
0.071	0.108,0.027	0.003
0.11	0.163,0.172	-0.057
1.0	0.0,0.4	0.8
0.0	0.226,0.0	-0.113
0.474	0.347,0.347	0.127
0.8	1.0,1.0	-0.2
0.048	0.101,0.123	-0.064
1.0	1.0,0.5	0.25
0.833	0.818,1.0	-0.076
0.36	0.286,0.095	0.169
0.077	0.126,0.257	-0.115
0.587	0.85,1.0	-0.338
0.345	0.257,0.263	0.085
0.7	1.0,1.0	-0.3
0.79	0.299,0.773	0.254
0.844	0.727,0.636	0.162
0.948	0.867,0.911	0.059
0.196	0.196,0.154	0.021
0.594	0.485,0.587	0.058
0.901	1.0,1.0	-0.099
0.105	0.098,0.128	-0.008
0.106	0.0,0.0	0.106
0.988	1.0,1.0	-0.012
0.294	0.897,0.421	-0.365
0.238	0.578,0.302	-0.202
1.0	0.961,1.0	0.02
0.0	0.04,0.071	-0.055
1.0	0.778,1.0	0.111
0.076	0.216,0.219	-0.142
0.096	0.084,0.143	-0.017
0.0	0.111,0.143	-0.127
0.712	0.47,0.333	0.31
0.842	0.962,0.742	-0.01
0.726	0.493,0.519	0.22
0.0	1.0,0.333	-0.666
0.134	0.0,NA	0.134
0.201	NA,0.273	-0.072
0.117	0.179,0.175	-0.06
0.033	0.084,0.094	-0.056
1.0	0.957,1.0	0.022
0.0	0.2,0.0	-0.1
0.997	1.0,1.0	-0.003
1.0	0.936,1.0	0.032
0.018	0.036,0.035	-0.018
0.4	0.41,0.338	0.026
0.355	0.515,0.591	-0.198
0.239	0.136,0.456	-0.057
0.256	0.538,0.321	-0.173
0.474	0.774,0.659	-0.243
1.0	0.984,1.0	0.008
0.0	NA,1.0	-1.0
1.0	0.833,1.0	0.084
0.333	0.644,0.308	-0.143
1.0	0.84,1.0	0.08
0.068	0.181,0.358	-0.201
0.2	0.688,0.529	-0.409
0.0	0.714,0.4	-0.557
0.0	0.238,0.308	-0.273
0.0	NA,0.143	-0.143
0.0	0.273,0.235	-0.254
0.953	0.718,0.388	0.4
0.125	0.074,0.053	0.061
0.766	0.7,0.582	0.125
0.085	0.294,0.2	-0.162
0.0	0.204,0.0	-0.102
0.0	0.5,0.0	-0.25
1.0	1.0,0.0	0.5
1.0	0.0,0.0	1.0
0.5	0.2,0.167	0.317
0.0	1.0,1.0	-1.0
0.0	0.03,0.051	-0.04
0.0	0.105,0.0	-0.052
0.111	0.2,0.167	-0.072
0.379	0.52,0.799	-0.28
0.164	0.309,0.265	-0.123
1.0	0.636,1.0	0.182
0.199	0.423,0.196	-0.11
1.0	1.0,0.579	0.211
0.357	0.816,0.294	-0.198
0.846	0.786,0.476	0.215
0.431	1.0,NA	-0.569
0.0	0.25,0.0	-0.125
0.036	0.137,0.326	-0.196
0.0	0.029,0.322	-0.176
0.067	0.083,0.333	-0.141
0.219	0.187,0.248	0.002
0.714	0.867,1.0	-0.22
0.155	0.154,0.108	0.024
0.128	0.216,0.055	-0.008
0.93	1.0,1.0	-0.07
0.077	0.446,0.083	-0.188
0.06	0.458,0.327	-0.333
0.094	0.058,0.054	0.038
0.03	0.268,0.2	-0.204
0.036	0.004,0.07	-0.001
0.01	0.02,0.094	-0.047
0.131	0.036,0.0	0.113
0.513	0.49,0.543	-0.003
0.81	0.895,0.699	0.013
0.091	0.302,0.412	-0.266
1.0	0.667,1.0	0.166
0.071	0.455,0.583	-0.448
0.0	0.0,0.154	-0.077
0.094	0.304,0.44	-0.278
0.059	0.229,0.234	-0.173
0.133	0.17,0.222	-0.063
0.154	0.347,0.222	-0.13
0.0	0.429,0.2	-0.315
0.176	0.5,0.263	-0.206
0.255	0.195,0.165	0.075
1.0	1.0,0.918	0.041
0.083	0.053,0.071	0.021
1.0	0.915,0.778	0.153
0.5	0.765,0.0	0.117
0.125	0.25,0.714	-0.357
1.0	1.0,0.667	0.166
0.768	0.756,1.0	-0.11
0.813	0.699,0.581	0.173
0.034	0.106,0.072	-0.055
0.838	1.0,0.882	-0.103
0.023	0.025,0.031	-0.005
0.008	0.011,0.011	-0.003
0.059	0.05,0.05	0.009
0.989	0.986,0.986	0.003
0.0	0.167,0.0	-0.084
0.137	0.297,0.241	-0.132
0.061	0.156,0.304	-0.169
0.067	0.371,1.0	-0.619
0.095	0.208,0.0	-0.009
0.0	0.073,0.057	-0.065
0.0	0.5,0.429	-0.465
0.083	0.027,0.0	0.07
0.182	0.343,0.25	-0.114
0.158	0.663,0.208	-0.277
0.467	0.733,0.879	-0.339
0.2	0.333,0.333	-0.133
0.0	0.077,0.1	-0.088
0.172	0.608,0.875	-0.57
0.017	0.065,0.028	-0.029
0.071	0.07,0.036	0.018
1.0	0.6,NA	0.4
0.065	0.01,0.011	0.055
0.997	0.987,0.972	0.017
0.981	0.996,0.995	-0.015
0.044	0.007,0.005	0.038
0.006	0.0,0.0	0.006
0.021	0.05,0.108	-0.058
0.067	0.067,0.154	-0.043
0.077	0.282,0.188	-0.158
0.163	0.222,0.225	-0.06
0.944	0.982,0.978	-0.036
0.489	0.711,0.822	-0.277
1.0	0.963,1.0	0.018
0.867	0.958,0.842	-0.033
0.8	0.787,0.805	0.004
0.5	1.0,1.0	-0.5
0.867	0.586,0.333	0.407
0.106	0.431,1.0	-0.61
1.0	1.0,0.0	0.5
0.125	1.0,0.467	-0.609
0.111	0.316,0.511	-0.302
0.885	0.857,0.913	0.0
0.042	0.051,0.032	0.001
1.0	0.333,0.0	0.834
0.009	0.07,0.049	-0.051
0.459	0.172,0.022	0.362
0.875	1.0,1.0	-0.125
0.0	0.444,0.25	-0.347
0.104	0.126,0.121	-0.02
0.168	0.189,0.153	-0.003
0.217	0.471,0.297	-0.167
0.128	0.088,0.04	0.064
0.947	0.913,0.948	0.016
0.04	0.06,0.041	-0.011
0.056	0.058,0.03	0.012
0.064	0.039,0.041	0.024
0.014	0.02,0.012	-0.002
0.106	0.092,0.079	0.021
0.965	0.975,1.0	-0.023
0.972	1.0,1.0	-0.028
0.25	0.2,1.0	-0.35
0.0	1.0,NA	-1.0
0.464	0.366,0.282	0.14
1.0	1.0,0.6	0.2
0.5	0.143,0.429	0.214
0.953	0.914,1.0	-0.004
0.338	0.493,0.273	-0.045
1.0	0.2,0.167	0.817
0.291	0.159,0.105	0.159
0.49	0.0,0.242	0.369
0.161	0.136,0.117	0.035
0.897	1.0,0.8	-0.003
0.194	0.158,0.091	0.07
0.581	0.793,0.636	-0.134
0.215	0.271,0.365	-0.103
0.93	1.0,0.936	-0.038
0.93	1.0,0.837	0.012
0.796	0.929,1.0	-0.168
0.133	0.33,0.253	-0.158
0.754	0.92,1.0	-0.206
0.961	1.0,1.0	-0.039
0.04	0.15,0.294	-0.182
0.333	0.52,0.25	-0.052
0.024	0.085,0.102	-0.07
0.095	0.103,0.185	-0.049
0.331	0.264,0.28	0.059
0.015	0.02,0.0	0.005
0.0	0.061,0.018	-0.04
0.0	0.133,0.0	-0.067
0.5	0.422,0.31	0.134
0.02	0.021,0.034	-0.008
0.015	0.024,0.015	-0.005
0.012	0.015,0.007	0.001
0.0	1.0,NA	-1.0
1.0	1.0,0.997	0.002
0.024	0.041,0.031	-0.012
0.064	0.09,0.043	-0.003
0.111	0.565,0.5	-0.421
0.009	0.033,0.018	-0.017
0.021	0.024,0.021	-0.001
0.947	0.873,0.93	0.045
0.031	0.081,0.019	-0.019
0.9	1.0,0.75	0.025
0.833	0.905,1.0	-0.12
0.179	0.353,0.294	-0.145
1.0	0.862,0.882	0.128
0.357	0.111,0.364	0.119
1.0	0.2,NA	0.8
0.357	0.458,0.237	0.009
0.011	0.019,0.003	0.0
0.124	0.109,0.08	0.029
0.167	1.0,0.625	-0.645
0.222	0.387,0.228	-0.085
0.052	0.11,0.084	-0.045
0.015	0.106,0.118	-0.097
0.004	0.045,0.063	-0.05
0.028	0.056,0.061	-0.03
1.0	1.0,0.273	0.363
1.0	0.761,1.0	0.119
0.047	0.273,0.348	-0.264
0.141	0.559,0.45	-0.364
0.761	0.985,0.995	-0.229
1.0	0.0,NA	1.0
0.07	0.033,0.054	0.027
0.0	0.077,0.0	-0.038
0.0	0.115,0.13	-0.122
0.222	0.0,0.0	0.222
0.0	0.569,0.209	-0.389
1.0	0.972,1.0	0.014
0.412	0.619,0.36	-0.078
1.0	NA,0.467	0.533
0.111	0.019,0.011	0.096
0.093	0.193,0.184	-0.096
0.714	1.0,0.905	-0.239
0.207	NA,1.0	-0.793
0.0	0.5,0.167	-0.334
0.0	0.0,0.012	-0.006
1.0	0.474,0.3	0.613
0.0	0.333,0.091	-0.212
0.0	0.333,0.0	-0.167
0.092	0.44,0.277	-0.267
1.0	0.931,1.0	0.034
0.216	0.154,0.281	-0.002
0.75	1.0,0.971	-0.236
0.889	1.0,0.767	0.006
0.667	0.935,0.87	-0.236
0.739	1.0,1.0	-0.261
1.0	0.692,1.0	0.154
0.429	1.0,NA	-0.571
1.0	0.6,0.0	0.7
1.0	0.857,0.692	0.226
0.27	0.505,0.614	-0.289
0.046	0.115,0.095	-0.059
1.0	1.0,0.938	0.031
0.32	0.321,0.429	-0.055
0.2	0.4,0.389	-0.195
0.238	0.115,0.118	0.121
0.001	0.0,0.0	0.001
0.046	0.115,0.115	-0.069
0.146	0.255,0.407	-0.185
0.102	0.179,0.26	-0.118
0.167	0.0,0.49	-0.078
0.0	0.535,0.365	-0.45
0.0	0.633,0.0	-0.317
0.0	0.0,1.0	-0.5
0.223	0.341,0.261	-0.078
0.0	0.455,0.547	-0.501
0.123	0.276,0.306	-0.168
0.196	0.556,0.309	-0.236
0.982	1.0,1.0	-0.018
0.194	0.273,0.286	-0.085
0.908	0.975,1.0	-0.08
1.0	0.955,0.957	0.044
0.048	0.064,0.056	-0.012
0.0	1.0,1.0	-1.0
0.944	1.0,1.0	-0.056
0.133	0.077,0.091	0.049
0.387	1.0,0.0	-0.113
0.333	NA,0.0	0.333
0.057	0.075,0.095	-0.028
0.0	0.0,0.074	-0.037
0.029	0.029,0.045	-0.008
0.089	0.204,0.16	-0.093
0.0	0.172,0.125	-0.148
0.286	0.828,0.833	-0.544
0.893	1.0,1.0	-0.107
0.946	1.0,1.0	-0.054
0.101	0.172,0.096	-0.033
0.0	0.03,0.0	-0.015
0.087	0.194,0.076	-0.048
0.01	0.02,0.013	-0.007
0.382	0.379,0.143	0.121
0.25	0.163,0.176	0.081
0.038	0.169,0.053	-0.073
0.828	0.92,0.838	-0.051
0.0	0.185,0.067	-0.126
0.038	0.023,0.143	-0.045
0.029	0.094,0.122	-0.079
0.317	0.333,0.273	0.014
0.067	0.228,0.033	-0.064
0.094	0.139,0.17	-0.061
0.034	0.011,0.024	0.017
0.173	0.259,0.118	-0.016
0.353	0.556,0.286	-0.068
0.889	0.962,0.714	0.051
0.022	0.034,0.027	-0.009
1.0	0.982,1.0	0.009
0.143	0.25,0.0	0.018
1.0	0.765,1.0	0.117
0.077	0.143,0.0	0.006
0.722	0.911,0.864	-0.165
0.852	0.888,0.84	-0.012
0.053	0.128,0.039	-0.031
0.2	0.333,0.14	-0.037
0.096	0.138,0.316	-0.131
1.0	0.974,1.0	0.013
0.972	0.973,0.944	0.014
0.037	0.093,0.034	-0.027
0.038	0.039,0.065	-0.014
0.036	0.058,0.026	-0.006
0.0	0.024,0.146	-0.085
0.0	0.077,0.0	-0.038
0.023	0.0,0.054	-0.004
0.009	0.017,0.0	0.0
0.027	0.048,0.093	-0.044
0.333	0.636,0.333	-0.152
0.895	1.0,0.889	-0.049
0.012	0.141,0.064	-0.09
0.254	0.487,0.412	-0.196
0.636	1.0,0.86	-0.294
0.257	0.46,0.508	-0.227
0.0	0.0,0.051	-0.025
0.007	0.795,0.53	-0.656
0.0	0.5,0.667	-0.584
1.0	1.0,0.818	0.091
0.5	0.667,1.0	-0.334
0.636	0.2,0.182	0.445
0.167	0.112,0.028	0.097
0.073	0.416,0.327	-0.298
0.006	0.01,0.004	-0.001
0.015	0.022,0.021	-0.006
0.004	0.008,0.003	-0.001
0.013	0.015,0.015	-0.002
0.996	1.0,1.0	-0.004
0.004	0.006,0.005	-0.001
0.024	0.038,0.065	-0.028
0.123	0.175,0.056	0.008
0.057	0.075,0.101	-0.031
1.0	0.778,0.333	0.445
0.07	0.043,0.031	0.033
0.077	0.034,0.286	-0.083
0.19	0.2,0.037	0.071
0.429	1.0,NA	-0.571
0.082	0.094,0.104	-0.017
0.011	0.019,0.009	-0.003
0.063	0.081,0.062	-0.009
0.04	0.092,0.088	-0.05
0.2	0.455,1.0	-0.528
1.0	1.0,0.735	0.133
0.0	0.091,0.2	-0.146
0.0	0.0,0.343	-0.172
0.0	0.0,0.021	-0.011
0.053	NA,0.0	0.053
0.024	0.111,0.158	-0.111
0.94	0.965,1.0	-0.042
0.743	0.618,0.867	0.001
0.0	0.042,0.0	-0.021
0.05	0.044,0.1	-0.022
0.25	1.0,1.0	-0.75
1.0	0.0,NA	1.0
0.143	0.0,0.25	0.018
0.0	0.143,0.0	-0.071
0.0	NA,1.0	-1.0
0.798	0.856,1.0	-0.13
0.0	0.029,0.008	-0.019
0.0	0.024,0.013	-0.018
0.429	0.543,0.486	-0.085
0.072	0.0,0.008	0.068
0.0	0.28,0.231	-0.256
0.448	0.346,0.63	-0.04
0.0	0.075,0.055	-0.065
0.0	0.0,0.016	-0.008
0.022	0.061,0.132	-0.075
0.5	0.25,0.556	0.097
0.054	0.303,0.04	-0.117
0.096	0.114,0.042	0.018
0.049	0.028,0.099	-0.014
0.04	0.032,0.078	-0.015
0.094	0.149,0.022	0.009
0.047	0.106,0.015	-0.013
0.051	0.125,0.121	-0.072
0.812	0.981,1.0	-0.178
1.0	0.492,0.377	0.566
0.337	1.0,0.404	-0.365
0.0	1.0,1.0	-1.0
0.075	0.113,0.138	-0.051
0.931	0.99,1.0	-0.064
0.176	0.143,0.571	-0.181
0.518	NA,0.71	-0.192
0.226	0.399,0.44	-0.193
1.0	0.989,1.0	0.006
0.333	NA,1.0	-0.667
0.467	1.0,1.0	-0.533
0.039	0.035,0.032	0.005
0.318	0.587,0.569	-0.26
0.843	0.851,1.0	-0.083
0.895	0.918,0.863	0.004
0.781	0.962,0.941	-0.17
0.256	0.171,0.123	0.109
1.0	0.2,0.385	0.708
0.127	0.139,0.178	-0.032
1.0	1.0,0.692	0.154
0.121	0.0,0.0	0.121
0.372	0.083,NA	0.289
0.029	0.103,0.4	-0.223
0.013	0.022,0.005	-0.001
0.025	0.046,0.039	-0.017
0.04	0.073,0.074	-0.033
0.029	0.035,0.022	0.001
0.06	0.123,0.092	-0.048
0.024	0.065,0.019	-0.018
0.044	0.204,0.103	-0.11
0.357	0.388,0.467	-0.071
0.452	0.631,0.549	-0.138
0.069	0.071,0.027	0.02
0.2	0.308,0.52	-0.214
0.111	0.25,0.182	-0.105
0.158	0.238,0.185	-0.053
0.5	0.0,NA	0.5
1.0	1.0,0.935	0.032
0.174	0.533,0.241	-0.213
0.2	0.059,0.043	0.149
0.008	0.014,0.008	-0.003
0.077	0.0,0.033	0.06
0.157	0.46,0.383	-0.264
0.0	1.0,0.167	-0.584
1.0	1.0,0.474	0.263
1.0	1.0,0.692	0.154
0.685	0.237,0.733	0.2
0.191	0.628,0.92	-0.583
0.184	0.2,0.429	-0.131
0.119	0.0,0.041	0.098
0.048	0.075,0.039	-0.009
0.031	0.062,0.01	-0.005
0.444	0.25,0.2	0.219
0.085	0.036,0.059	0.038
0.611	0.314,0.45	0.229
0.569	0.525,0.704	-0.046
0.0	1.0,0.111	-0.555
0.031	0.206,0.061	-0.103
0.043	0.106,0.077	-0.049
0.024	0.105,0.111	-0.084
0.052	0.119,0.112	-0.064
0.057	0.171,0.167	-0.112
0.429	1.0,1.0	-0.571
0.067	0.082,0.06	-0.004
0.0	0.12,0.179	-0.149
0.0	0.28,0.0	-0.14
0.02	0.0,0.0	0.02
0.333	NA,0.5	-0.167
0.464	0.435,0.366	0.064
0.074	0.157,0.135	-0.072
0.25	0.333,0.257	-0.045
0.065	0.152,0.101	-0.061
0.0	1.0,1.0	-1.0
0.036	0.028,0.193	-0.075
1.0	0.855,1.0	0.073
1.0	0.858,1.0	0.071
0.826	0.479,0.701	0.236
0.664	0.543,1.0	-0.108
0.013	0.019,0.02	-0.007
0.256	0.339,0.709	-0.268
0.059	0.111,0.2	-0.097
0.051	0.018,0.016	0.034
0.082	0.166,0.067	-0.035
0.806	0.882,1.0	-0.135
0.026	0.2,0.042	-0.095
0.901	0.889,0.886	0.014
0.5	1.0,1.0	-0.5
1.0	1.0,0.994	0.003
1.0	0.864,1.0	0.068
1.0	0.375,0.867	0.379
1.0	0.571,0.412	0.509
0.176	0.505,0.342	-0.247
0.938	1.0,1.0	-0.062
0.0	1.0,1.0	-1.0
0.069	0.152,0.042	-0.028
1.0	0.429,1.0	0.285
0.179	0.532,0.388	-0.281
0.733	0.617,0.76	0.044
1.0	1.0,0.943	0.028
0.024	0.039,0.047	-0.019
0.0	0.273,0.0	-0.137
0.067	0.2,0.0	-0.033
1.0	NA,0.333	0.667
0.192	0.098,0.35	-0.032
0.372	0.294,0.6	-0.075
0.472	0.315,0.518	0.055
0.025	0.021,0.016	0.006
0.022	0.019,0.017	0.004
0.774	0.769,0.829	-0.025
0.143	0.286,0.0	0.0
0.556	1.0,1.0	-0.444
0.169	0.185,0.132	0.011
1.0	0.455,1.0	0.272
1.0	0.0,0.0	1.0
0.429	0.455,NA	-0.026
1.0	0.5,NA	0.5
0.0	1.0,NA	-1.0
0.991	1.0,1.0	-0.009
0.469	0.393,0.231	0.157
0.025	0.073,0.015	-0.019
1.0	0.833,1.0	0.084
0.996	0.994,1.0	-0.001
0.81	0.867,1.0	-0.123
0.993	0.989,0.995	0.001
1.0	0.998,1.0	0.001
0.432	0.643,0.578	-0.179
0.978	0.986,0.99	-0.01
1.0	0.998,1.0	0.001
0.156	0.198,0.189	-0.038
0.086	0.077,0.131	-0.018
0.073	0.069,0.05	0.013
0.057	0.055,0.06	-0.0
0.988	1.0,0.911	0.032
0.045	0.111,0.034	-0.028
0.2	0.0,0.0	0.2
1.0	0.0,NA	1.0
0.018	0.024,0.016	-0.002
0.117	0.0,0.453	-0.11
0.5	1.0,NA	-0.5
0.52	0.712,0.653	-0.162
0.0	0.091,0.037	-0.064
0.077	0.019,0.026	0.054
0.857	1.0,1.0	-0.143
0.2	0.684,0.2	-0.242
0.0	NA,1.0	-1.0
0.268	0.5,0.259	-0.111
0.148	0.5,1.0	-0.602
0.241	0.176,0.302	0.002
0.73	1.0,0.52	-0.03
0.213	0.253,0.172	0.001
0.922	0.971,0.864	0.005
0.254	0.387,0.452	-0.165
0.0	0.094,0.075	-0.084
0.195	0.158,0.226	0.003
0.273	0.333,0.778	-0.282
0.152	0.253,0.362	-0.155
0.0	0.0,0.5	-0.25
0.096	0.062,0.044	0.043
0.0	0.436,0.0	-0.218
0.209	0.167,0.0	0.126
0.126	0.356,0.303	-0.204
0.0	0.185,0.059	-0.122
0.055	0.28,0.25	-0.21
0.015	0.4,0.125	-0.247
0.106	0.273,0.125	-0.093
0.022	0.055,0.0	-0.006
0.484	0.6,1.0	-0.316
0.3	0.429,0.467	-0.148
0.019	0.037,0.018	-0.008
0.029	0.043,0.047	-0.016
0.206	0.349,0.247	-0.092
0.109	0.058,0.049	0.055
1.0	0.81,1.0	0.095
0.273	0.421,1.0	-0.438
0.028	0.139,0.0	-0.042
0.143	0.268,0.217	-0.1
0.031	0.048,0.155	-0.071
1.0	0.837,1.0	0.082
0.075	0.272,0.099	-0.111
0.043	0.086,0.155	-0.077
1.0	1.0,0.556	0.222
0.0	0.091,0.0	-0.045
0.867	0.885,0.932	-0.042
0.688	0.917,0.789	-0.165
0.071	0.211,0.135	-0.102
0.0	NA,1.0	-1.0
1.0	0.962,1.0	0.019
0.245	0.221,0.564	-0.147
0.0	0.045,0.124	-0.084
0.147	0.228,0.298	-0.116
0.058	0.547,0.468	-0.45
0.0	0.152,0.119	-0.136
1.0	0.947,1.0	0.026
0.0	0.191,0.538	-0.365
0.027	0.041,0.059	-0.023
0.0	0.143,0.0	-0.071
0.0	0.0,0.078	-0.039
0.053	0.13,0.111	-0.068
0.742	0.956,0.798	-0.135
0.934	0.909,0.752	0.104
0.022	0.039,0.014	-0.005
0.007	0.048,0.022	-0.028
0.0	0.0,0.024	-0.012
0.103	0.205,0.224	-0.112
0.105	0.078,0.043	0.044
0.111	0.115,0.038	0.035
0.152	0.192,0.179	-0.034
0.988	0.979,0.945	0.026
1.0	0.5,1.0	0.25
0.0	1.0,NA	-1.0
0.902	1.0,1.0	-0.098
0.977	0.943,0.76	0.126
0.143	0.089,0.305	-0.054
0.124	0.0,0.0	0.124
1.0	0.667,0.333	0.5
0.714	1.0,0.895	-0.234
0.236	0.127,0.097	0.124
0.5	0.838,0.717	-0.277
0.222	0.161,0.138	0.072
0.289	0.247,0.29	0.021
0.333	0.333,0.436	-0.051
0.2	0.248,0.242	-0.045
0.157	0.197,0.379	-0.131
0.122	0.11,0.152	-0.009
0.071	0.07,0.25	-0.089
0.6	0.314,0.091	0.397
0.278	0.138,0.304	0.057
0.139	0.114,0.073	0.046
0.263	0.463,0.403	-0.17
0.294	0.714,0.765	-0.446
1.0	0.982,0.862	0.078
0.04	0.099,0.119	-0.069
0.088	0.226,0.456	-0.253
0.058	0.186,0.298	-0.184
0.046	0.126,0.105	-0.069
0.0	0.0,0.06	-0.03
0.538	0.6,0.714	-0.119
0.009	0.067,0.012	-0.03
0.157	0.269,0.306	-0.13
0.103	0.286,0.263	-0.171
0.681	0.476,0.372	0.257
0.0	0.014,0.0	-0.007
0.0	0.018,0.024	-0.021
0.21	0.3,0.421	-0.15
1.0	0.788,0.792	0.21
0.083	0.158,0.13	-0.061
0.031	0.083,0.043	-0.032
0.333	0.25,0.565	-0.074
0.0	0.111,0.0	-0.056
0.106	0.196,0.063	-0.024
0.243	0.226,0.221	0.019
0.556	0.556,0.429	0.064
1.0	0.667,1.0	0.166
0.702	0.639,1.0	-0.118
1.0	0.82,1.0	0.09
0.0	0.111,NA	-0.111
0.037	0.029,0.033	0.006
0.297	0.376,0.418	-0.1
0.597	0.509,0.488	0.098
0.144	0.077,0.0	0.105
0.182	0.091,0.0	0.137
0.667	0.7,0.561	0.036
0.059	1.0,0.0	-0.441
0.167	0.132,0.4	-0.099
0.0	0.2,0.214	-0.207
1.0	1.0,0.714	0.143
1.0	1.0,0.667	0.166
0.5	0.5,1.0	-0.25
0.0	0.0,0.071	-0.035
0.714	0.871,1.0	-0.222
0.154	0.2,0.182	-0.037
0.6	1.0,1.0	-0.4
1.0	0.0,NA	1.0
1.0	0.975,1.0	0.012
0.768	0.779,0.953	-0.098
0.904	1.0,0.993	-0.092
0.081	0.231,0.304	-0.186
0.2	0.714,NA	-0.514
0.163	0.136,0.092	0.049
0.491	0.849,0.655	-0.261
0.055	0.119,0.092	-0.05
0.371	0.164,0.216	0.181
0.031	0.163,0.132	-0.117
0.964	0.975,0.975	-0.011
1.0	1.0,0.778	0.111
0.089	0.154,0.118	-0.047
0.015	0.14,0.069	-0.09
0.224	0.37,0.556	-0.239
0.719	0.458,0.469	0.255
0.962	0.889,0.774	0.13
0.025	0.035,0.049	-0.017
0.319	0.346,0.275	0.009
0.208	0.8,0.5	-0.442
0.04	0.174,0.486	-0.29
0.017	0.063,0.067	-0.048
0.029	0.028,0.236	-0.103
0.072	0.059,0.077	0.004
0.929	0.923,0.913	0.011
0.758	0.729,0.962	-0.087
0.0	0.609,0.172	-0.39
1.0	0.571,0.333	0.548
0.0	0.073,0.0	-0.036
1.0	0.478,1.0	0.261
0.152	0.243,0.714	-0.327
0.0	0.191,0.28	-0.236
0.333	0.692,0.611	-0.318
0.085	0.242,0.308	-0.19
0.096	0.359,0.233	-0.2
0.099	0.088,0.0	0.055
0.009	0.0,0.031	-0.007
0.0	1.0,NA	-1.0
0.034	0.0,0.117	-0.025
0.25	0.273,0.188	0.019
1.0	0.0,NA	1.0
0.205	0.174,0.142	0.047
0.0	0.0,0.565	-0.282
0.164	0.425,0.487	-0.292
0.353	0.565,0.391	-0.125
0.083	0.162,0.161	-0.079
0.0	1.0,1.0	-1.0
0.722	0.929,0.766	-0.126
0.246	0.309,0.309	-0.063
0.133	0.158,0.333	-0.112
0.176	0.75,0.2	-0.299
0.938	1.0,1.0	-0.062
0.963	1.0,1.0	-0.037
0.694	0.882,0.834	-0.164
0.022	0.022,0.063	-0.02
0.987	1.0,1.0	-0.013
0.078	0.163,0.316	-0.161
0.096	0.221,0.151	-0.09
1.0	0.0,NA	1.0
0.0	0.091,0.065	-0.078
0.0	0.506,0.0	-0.253
0.273	1.0,1.0	-0.727
1.0	1.0,0.25	0.375
1.0	1.0,0.911	0.044
0.0	0.231,0.222	-0.227
0.333	0.222,0.2	0.122
0.085	0.042,0.04	0.044
0.101	0.107,0.088	0.004
0.105	0.0,0.026	0.092
0.333	1.0,1.0	-0.667
0.929	1.0,1.0	-0.071
0.002	0.004,0.002	-0.001
0.879	0.871,0.872	0.008
0.848	1.0,1.0	-0.152
0.13	0.396,0.562	-0.349
0.077	0.128,0.231	-0.102
0.055	0.211,0.333	-0.217
0.053	0.333,0.474	-0.35
0.0	0.143,0.333	-0.238
0.0	0.125,0.037	-0.081
0.083	0.164,0.333	-0.165
1.0	0.2,0.133	0.834
1.0	0.862,1.0	0.069
0.036	0.091,0.179	-0.099
0.059	0.0,0.118	0.0
0.077	0.0,0.182	-0.014
0.2	0.333,1.0	-0.466
1.0	0.333,0.667	0.5
1.0	0.985,1.0	0.008
1.0	0.962,1.0	0.019
0.299	0.282,0.074	0.121
0.221	0.0,0.0	0.221
0.288	0.057,0.146	0.186
0.118	0.407,0.385	-0.278
0.455	1.0,1.0	-0.545
0.444	0.902,0.692	-0.353
0.449	0.513,0.489	-0.052
1.0	1.0,0.931	0.034
0.071	0.096,0.123	-0.039
0.911	0.828,1.0	-0.003
0.07	0.1,0.09	-0.025
0.015	0.009,0.001	0.01
0.143	0.25,0.211	-0.087
0.091	0.167,0.138	-0.062
0.963	0.966,1.0	-0.02
0.0	0.0,0.048	-0.024
0.6	0.143,0.0	0.528
0.286	0.224,0.436	-0.044
0.142	0.0,0.05	0.117
0.119	0.167,0.091	-0.01
0.333	0.636,0.68	-0.325
0.111	0.026,0.077	0.06
0.056	0.18,0.143	-0.105
0.053	0.262,0.163	-0.16
0.778	1.0,1.0	-0.222
0.0	0.111,0.556	-0.334
0.064	0.083,0.111	-0.033
0.312	0.188,0.231	0.102
1.0	0.975,1.0	0.012
0.126	0.158,0.143	-0.024
0.917	0.886,0.917	0.016
1.0	0.976,1.0	0.012
0.917	0.859,0.788	0.094
0.33	0.439,0.272	-0.026
0.0	0.667,0.2	-0.433
1.0	0.99,0.985	0.012
1.0	0.833,1.0	0.084
0.069	0.143,0.168	-0.086
0.062	0.092,0.091	-0.029
0.0	0.048,0.0	-0.024
0.152	0.0,0.133	0.085
1.0	0.667,0.385	0.474
0.324	0.486,0.2	-0.019
1.0	0.789,1.0	0.105
0.107	0.0,0.0	0.107
0.024	0.06,0.116	-0.064
0.862	1.0,1.0	-0.138
0.778	1.0,1.0	-0.222
0.021	0.143,0.143	-0.122
0.0	NA,0.154	-0.154
1.0	0.756,1.0	0.122
0.059	0.056,0.055	0.003
0.075	0.114,0.102	-0.033
1.0	0.551,1.0	0.224
0.692	0.333,1.0	0.025
0.029	0.058,0.032	-0.016
0.0	0.278,0.06	-0.169
0.0	0.0,0.5	-0.25
0.0	0.04,0.0	-0.02
0.0	0.013,0.01	-0.011
0.149	0.0,0.015	0.141
0.246	0.428,0.0	0.032
0.091	0.4,0.0	-0.109
0.061	0.116,0.02	-0.007
0.097	0.206,0.194	-0.103
0.415	0.106,0.181	0.271
0.0	0.01,0.035	-0.023
0.016	0.045,0.015	-0.014
1.0	0.0,1.0	0.5
0.5	1.0,0.2	-0.1
0.333	1.0,1.0	-0.667
0.111	0.257,0.6	-0.318
0.775	0.861,0.778	-0.044
0.024	0.046,0.024	-0.011
0.222	1.0,0.333	-0.445
0.2	0.158,1.0	-0.379
0.087	0.162,0.271	-0.13
0.53	0.64,0.949	-0.264
0.416	0.449,0.364	0.01
0.333	0.692,0.75	-0.388
0.04	0.026,0.189	-0.068
0.667	0.0,1.0	0.167
0.075	0.075,0.27	-0.098
0.22	0.234,0.16	0.023
0.6	0.926,0.765	-0.246
0.158	0.053,0.077	0.093
1.0	0.435,1.0	0.282
0.143	0.36,0.358	-0.216
1.0	0.0,0.333	0.834
0.129	0.281,0.105	-0.064
0.75	0.404,1.0	0.048
1.0	0.941,1.0	0.03
0.005	0.04,0.224	-0.127
0.0	0.333,NA	-0.333
0.849	0.935,0.893	-0.065
1.0	0.612,0.75	0.319
0.316	0.258,0.304	0.035
1.0	1.0,0.946	0.027
0.379	0.661,0.556	-0.23
0.926	0.957,1.0	-0.052
0.28	0.316,0.2	0.022
0.9	1.0,1.0	-0.1
0.5	0.289,0.486	0.113
1.0	0.857,0.6	0.272
0.098	0.041,0.045	0.055
0.13	0.321,0.091	-0.076
0.079	0.068,0.068	0.011
0.0	0.2,0.0	-0.1
0.111	0.062,0.152	0.004
0.333	NA,1.0	-0.667
0.004	0.009,0.004	-0.002
0.0	0.0,0.023	-0.011
0.2	NA,1.0	-0.8
1.0	NA,0.0	1.0
0.137	0.315,0.22	-0.131
0.0	NA,1.0	-1.0
0.974	0.733,0.714	0.25
0.049	0.062,0.083	-0.024
0.923	1.0,0.8	0.023
0.072	0.135,0.09	-0.041
0.1	0.186,0.195	-0.09
0.061	0.02,0.037	0.033
1.0	1.0,0.692	0.154
0.912	0.506,0.765	0.277
0.561	1.0,1.0	-0.439
1.0	0.667,1.0	0.166
1.0	0.202,0.476	0.661
0.64	0.908,0.816	-0.222
0.143	1.0,0.273	-0.494
0.0	0.333,0.0	-0.167
0.348	0.613,0.703	-0.31
0.409	0.379,0.214	0.112
0.333	0.455,1.0	-0.395
0.302	0.393,0.0	0.105
0.952	0.962,0.925	0.008
0.041	0.113,0.143	-0.087
0.0	0.0,0.129	-0.065
0.1	0.274,0.095	-0.084
0.73	0.714,1.0	-0.127
0.0	0.556,0.2	-0.378
0.2	0.473,0.226	-0.149
1.0	0.5,1.0	0.25
0.032	0.048,0.208	-0.096
0.379	1.0,0.714	-0.478
0.029	0.013,0.009	0.018
0.6	0.5,0.0	0.35
0.22	0.4,0.309	-0.135
0.289	1.0,NA	-0.711
0.208	1.0,NA	-0.792
0.259	0.2,0.209	0.054
0.753	0.856,0.773	-0.061
0.04	0.022,0.0	0.029
0.164	0.501,0.696	-0.434
0.053	0.1,0.115	-0.055
0.171	0.041,0.033	0.134
0.636	0.826,1.0	-0.277
0.188	0.0,NA	0.188
0.028	0.04,0.02	-0.002
0.0	0.833,1.0	-0.916
0.19	0.162,0.276	-0.029
1.0	1.0,1.0	0.0
0.007	0.012,0.01	-0.004
0.971	0.978,0.973	-0.005
1.0	0.845,0.984	0.086
0.017	0.082,0.076	-0.062
0.049	0.062,0.093	-0.028
1.0	0.964,1.0	0.018
0.044	0.037,0.067	-0.008
0.934	0.932,0.918	0.009
0.425	0.526,0.581	-0.129
0.973	0.978,0.942	0.013
0.99	0.982,1.0	-0.001
0.918	0.576,0.571	0.345
0.077	0.135,0.152	-0.067
0.0	0.481,0.25	-0.365
0.993	0.975,1.0	0.005
0.019	0.024,0.022	-0.004
0.053	0.115,0.04	-0.025
0.391	0.507,0.339	-0.032
1.0	0.959,1.0	0.02
0.369	0.466,0.571	-0.149
0.995	1.0,0.967	0.011
0.994	0.989,0.987	0.006
0.014	0.042,0.06	-0.037
0.0	1.0,NA	-1.0
0.156	0.075,0.125	0.056
0.152	0.036,0.096	0.086
0.869	0.83,0.924	-0.008
0.067	0.273,0.079	-0.109
0.212	0.195,0.11	0.059
1.0	0.833,0.862	0.153
1.0	0.273,1.0	0.363
0.0	1.0,1.0	-1.0
0.042	0.765,0.2	-0.441
0.091	0.333,0.2	-0.176
0.688	0.755,0.623	-0.001
0.143	0.396,0.68	-0.395
0.304	0.527,0.652	-0.286
0.25	0.465,0.408	-0.186
0.084	0.145,0.077	-0.027
0.09	0.062,0.05	0.034
0.11	0.308,0.244	-0.166
0.0	0.036,0.059	-0.048
1.0	1.0,0.0	0.5
0.063	0.061,0.044	0.011
0.158	0.23,0.229	-0.072
0.395	0.481,0.507	-0.099
0.0	0.079,1.0	-0.539
0.5	0.333,0.333	0.167
0.053	0.167,0.256	-0.159
0.193	0.293,0.434	-0.17
0.231	0.355,0.344	-0.118
0.226	0.35,0.165	-0.032
0.028	0.038,0.061	-0.022
0.0	0.429,0.333	-0.381
0.0	0.169,0.218	-0.194
0.0	1.0,NA	-1.0
0.231	0.273,0.0	0.095
0.0	0.154,0.267	-0.211
0.091	0.647,0.286	-0.376
0.933	0.933,0.958	-0.012
0.111	0.0,0.333	-0.056
0.0	NA,1.0	-1.0
0.053	0.045,0.135	-0.037
1.0	0.0,1.0	0.5
0.25	0.111,0.143	0.123
0.368	NA,1.0	-0.632
0.422	0.627,0.708	-0.245
0.042	0.026,0.049	0.005
0.069	0.025,0.033	0.04
0.962	0.969,0.951	0.002
0.13	0.057,0.048	0.077
0.094	0.059,0.072	0.028
0.073	0.15,0.135	-0.07
0.0	0.103,0.286	-0.194
0.0	0.137,0.134	-0.136
0.714	0.333,0.455	0.32
0.0	1.0,NA	-1.0
0.2	0.286,0.122	-0.004
0.304	0.161,0.333	0.057
0.733	1.0,1.0	-0.267
1.0	0.984,1.0	0.008
0.789	1.0,1.0	-0.211
0.394	0.046,0.111	0.316
1.0	0.6,1.0	0.2
0.351	0.275,0.2	0.113
1.0	0.915,1.0	0.042
0.137	0.186,0.064	0.012
0.091	0.107,0.089	-0.007
0.728	0.754,0.712	-0.005
1.0	1.0,0.933	0.033
0.522	0.6,0.634	-0.095
0.177	0.097,0.154	0.051
0.04	0.111,0.008	-0.019
0.0	0.0,0.055	-0.028
0.016	0.027,0.045	-0.02
0.216	0.341,0.405	-0.157
0.5	1.0,1.0	-0.5
0.2	0.0,0.0	0.2
0.022	0.013,0.017	0.007
1.0	0.941,1.0	0.03
0.2	NA,0.2	0.0
1.0	1.0,0.467	0.266
0.045	0.037,0.107	-0.027
1.0	0.785,0.823	0.196
0.078	0.058,0.124	-0.013
0.039	0.055,0.121	-0.049
0.5	0.25,0.0	0.375
0.0	0.108,0.0	-0.054
0.447	0.437,0.333	0.062
0.333	0.086,0.173	0.204
0.933	0.619,0.771	0.238
0.879	1.0,1.0	-0.121
0.081	0.079,0.117	-0.017
0.055	0.038,0.129	-0.029
0.136	0.332,0.234	-0.147
0.185	0.231,0.176	-0.019
0.8	0.0,1.0	0.3
0.273	0.0,NA	0.273
0.2	0.067,0.083	0.125
0.214	0.667,1.0	-0.62
0.0	1.0,0.083	-0.541
0.658	0.704,0.653	-0.02
0.056	0.044,0.039	0.015
0.0	0.083,0.0	-0.042
0.0	0.333,0.0	-0.167
0.016	0.0,0.0	0.016
0.444	0.6,0.111	0.089
0.966	0.981,0.979	-0.014
0.6	0.333,1.0	-0.067
0.038	0.077,0.045	-0.023
0.059	0.041,0.062	0.007
0.238	0.294,0.0	0.091
0.026	0.143,0.04	-0.066
0.0	1.0,NA	-1.0
0.123	0.032,0.043	0.085
0.062	0.571,0.111	-0.279
0.143	0.2,1.0	-0.457
0.106	0.044,0.017	0.075
0.05	0.055,0.025	0.01
0.165	0.26,0.108	-0.019
0.978	0.988,1.0	-0.016
0.028	0.083,0.059	-0.043
0.099	0.066,0.036	0.048
0.047	0.333,0.067	-0.153
0.243	0.667,0.636	-0.408
0.852	0.714,1.0	-0.005
0.6	1.0,0.385	-0.093
1.0	1.0,0.881	0.059
0.054	0.188,0.222	-0.151
0.039	0.128,0.124	-0.087
0.088	0.025,0.005	0.073
0.402	0.118,0.073	0.306
0.942	0.873,1.0	0.005
0.0	0.068,0.395	-0.232
0.0	0.5,0.1	-0.3
0.006	0.064,0.023	-0.037
0.156	0.33,0.328	-0.173
0.227	0.333,NA	-0.106
0.273	0.262,0.167	0.058
0.238	0.171,0.0	0.152
0.333	0.481,0.778	-0.296
1.0	0.886,1.0	0.057
0.098	0.505,0.241	-0.275
0.4	0.067,0.222	0.256
0.586	0.333,0.6	0.119
0.026	0.154,0.018	-0.06
0.08	0.139,0.278	-0.129
0.067	0.083,0.0	0.026
0.388	0.79,0.689	-0.352
0.088	0.237,0.345	-0.203
0.053	0.095,0.056	-0.022
0.118	0.2,0.429	-0.197
0.928	0.942,0.958	-0.022
0.0	1.0,1.0	-1.0
0.368	0.158,0.4	0.089
1.0	1.0,0.966	0.017
1.0	1.0,0.51	0.245
0.009	0.006,0.0	0.006
0.018	0.09,0.06	-0.057
0.07	0.179,0.1	-0.07
0.882	0.967,1.0	-0.102
0.057	0.058,0.092	-0.018
0.069	0.074,0.074	-0.005
0.909	1.0,1.0	-0.091
0.03	0.04,0.085	-0.033
0.147	0.333,0.091	-0.065
0.379	0.487,0.143	0.064
0.481	0.923,1.0	-0.481
1.0	0.371,0.379	0.625
0.93	0.92,0.938	0.001
0.408	0.472,0.474	-0.065
0.111	0.0,0.2	0.011
0.0	0.091,0.326	-0.209
1.0	1.0,0.668	0.166
0.0	0.094,0.101	-0.098
1.0	0.0,0.0	1.0
0.232	0.0,0.0	0.232
0.143	0.179,0.273	-0.083
0.796	0.662,0.673	0.129
1.0	0.934,0.952	0.057
0.426	0.566,0.621	-0.167
0.179	0.277,0.211	-0.065
0.591	0.677,0.627	-0.061
0.0	0.25,NA	-0.25
0.05	0.039,0.063	-0.001
0.03	0.037,0.045	-0.011
0.6	1.0,1.0	-0.4
0.065	0.096,0.0	0.017
1.0	1.0,0.5	0.25
0.0	0.0,0.125	-0.062
0.5	0.436,0.253	0.155
1.0	0.925,1.0	0.037
0.099	0.25,0.447	-0.25
0.033	0.083,0.075	-0.046
0.035	0.058,0.059	-0.023
0.007	0.035,0.0	-0.011
0.088	0.109,0.15	-0.042
0.045	0.149,0.091	-0.075
0.36	0.417,0.412	-0.054
1.0	0.4,0.529	0.535
0.619	1.0,0.565	-0.163
0.06	0.092,0.088	-0.03
1.0	0.333,1.0	0.334
1.0	0.503,0.669	0.414
0.0	0.0,0.241	-0.12
0.032	0.086,0.062	-0.042
0.081	0.076,0.0	0.043
0.126	0.135,0.316	-0.1
0.927	0.917,0.959	-0.011
0.174	0.2,0.429	-0.141
0.032	0.102,0.041	-0.039
0.545	0.4,0.407	0.142
0.2	0.2,0.286	-0.043
0.2	0.044,0.012	0.172
0.091	0.024,0.009	0.074
0.0	0.077,0.033	-0.055
0.193	0.124,0.167	0.047
0.064	0.113,0.246	-0.115
0.692	0.826,NA	-0.134
0.124	0.218,0.131	-0.05
0.667	1.0,0.6	-0.133
0.042	0.032,0.0	0.026
0.882	1.0,1.0	-0.118
1.0	1.0,0.846	0.077
0.918	1.0,1.0	-0.082
0.667	0.867,1.0	-0.266
0.045	0.046,0.071	-0.013
0.031	0.044,0.035	-0.009
0.027	0.025,0.023	0.003
0.043	0.022,0.029	0.017
0.048	0.048,0.046	0.001
0.005	0.02,0.015	-0.013
0.111	0.206,0.208	-0.096
0.087	0.118,0.116	-0.03
0.604	0.848,0.938	-0.289
0.041	0.06,0.042	-0.01
0.333	0.538,1.0	-0.436
0.0	0.273,0.091	-0.182
1.0	NA,0.529	0.471
0.018	0.041,0.016	-0.011
0.021	0.021,0.032	-0.006
0.015	0.032,0.029	-0.015
0.014	0.009,0.008	0.005
0.388	0.519,0.33	-0.036
0.109	0.117,0.092	0.004
1.0	0.982,1.0	0.009
0.245	0.049,0.217	0.112
0.152	0.174,0.0	0.065
0.108	0.2,0.226	-0.105
0.167	0.125,0.105	0.052
0.126	0.18,0.031	0.021
0.083	0.0,0.111	0.028
0.044	0.036,0.026	0.013
1.0	1.0,0.556	0.222
0.018	0.0,0.029	0.003
0.024	0.011,0.055	-0.009
0.023	0.043,0.023	-0.01
0.029	0.007,0.058	-0.003
0.015	0.105,0.02	-0.048
0.421	0.455,1.0	-0.307
0.0	0.0,1.0	-0.5
1.0	0.5,1.0	0.25
0.0	0.062,0.072	-0.067
0.0	0.0,0.491	-0.245
0.111	0.167,0.077	-0.011
0.0	NA,1.0	-1.0
1.0	0.5,0.0	0.75
0.2	0.167,0.2	0.017
0.01	0.056,0.0	-0.018
0.192	0.292,0.253	-0.08
0.714	1.0,1.0	-0.286
1.0	0.518,NA	0.482
0.136	0.179,0.209	-0.058
0.951	0.93,1.0	-0.014
0.706	0.663,0.81	-0.031
0.333	0.459,0.418	-0.105
0.0	0.185,0.018	-0.101
0.105	0.203,0.087	-0.04
1.0	0.0,NA	1.0
0.895	0.878,0.931	-0.01
0.157	0.444,0.347	-0.238
1.0	NA,0.0	1.0
0.381	0.552,NA	-0.171
0.333	NA,1.0	-0.667
0.887	0.846,0.852	0.038
0.522	0.406,0.425	0.107
0.182	0.573,0.76	-0.484
1.0	0.909,1.0	0.045
0.422	0.467,0.724	-0.174
0.733	0.778,0.714	-0.013
0.0	0.364,0.185	-0.274
0.4	0.6,0.474	-0.137
0.0	0.714,0.263	-0.488
0.429	0.744,0.742	-0.314
1.0	0.889,1.0	0.055
0.086	0.161,0.147	-0.068
0.03	0.135,0.171	-0.123
1.0	0.826,1.0	0.087
0.131	0.911,0.743	-0.696
0.043	0.173,0.303	-0.195
0.481	0.644,0.257	0.03
0.8	0.854,0.391	0.177
1.0	0.957,1.0	0.022
0.056	0.04,0.032	0.02
0.885	1.0,0.909	-0.07
0.345	0.372,0.321	-0.002
0.467	0.596,0.628	-0.145
0.429	0.419,0.132	0.154
0.0	0.099,0.076	-0.087
0.044	0.114,0.045	-0.036
0.266	0.606,0.833	-0.454
0.2	0.103,0.077	0.11
0.0	0.073,0.0	-0.036
0.065	0.035,0.035	0.03
0.0	0.056,0.0	-0.028
1.0	0.982,1.0	0.009
0.16	0.67,0.503	-0.426
0.283	0.663,0.735	-0.416
1.0	0.722,0.932	0.173
0.018	0.047,0.025	-0.018
0.886	1.0,0.944	-0.086
0.053	0.1,0.0	0.003
1.0	1.0,0.81	0.095
0.0	0.571,0.286	-0.428
0.045	0.37,0.429	-0.354
0.049	0.11,0.078	-0.045
0.03	0.437,0.3	-0.339
0.188	0.173,0.29	-0.043
0.856	1.0,1.0	-0.144
1.0	0.75,0.833	0.209
0.6	1.0,0.871	-0.336
0.2	0.771,0.852	-0.611
1.0	0.879,0.8	0.16
1.0	0.905,1.0	0.047
0.138	0.101,0.0	0.088
0.0	1.0,NA	-1.0
0.058	0.026,0.0	0.045
0.077	0.04,0.08	0.017
0.034	0.013,0.0	0.028
0.048	0.013,0.0	0.042
0.043	0.057,0.062	-0.017
0.333	NA,0.0	0.333
0.016	0.018,0.021	-0.003
0.017	0.044,0.0	-0.005
0.025	0.018,0.019	0.007
0.333	1.0,0.333	-0.333
0.243	0.216,1.0	-0.365
0.0	0.4,0.0	-0.2
0.0	0.245,0.0	-0.122
0.39	0.0,0.39	0.195
0.073	0.0,0.0	0.073
0.155	0.21,0.424	-0.162
0.778	0.846,0.36	0.175
0.333	0.097,0.0	0.285
0.92	1.0,1.0	-0.08
0.52	0.778,0.652	-0.195
0.22	0.5,0.4	-0.23
0.943	1.0,0.827	0.029
0.987	1.0,1.0	-0.013
0.286	0.379,0.692	-0.249
0.265	0.281,0.369	-0.06
0.231	0.285,0.167	0.005
0.172	0.466,0.234	-0.178
0.046	0.101,0.117	-0.063
0.08	0.062,0.015	0.042
1.0	1.0,0.733	0.133
0.075	0.24,0.132	-0.111
0.616	0.507,0.355	0.185
0.121	0.067,0.043	0.066
0.133	0.084,0.038	0.072
0.067	0.043,0.022	0.035
0.024	0.052,0.025	-0.014
1.0	0.909,1.0	0.045
0.654	0.795,0.796	-0.142
0.213	0.097,0.186	0.071
0.0	0.227,0.0	-0.114
0.025	0.025,0.008	0.009
0.897	0.833,0.857	0.052
0.0	0.808,0.7	-0.754
1.0	0.84,1.0	0.08
0.14	0.088,0.115	0.039
0.05	0.164,0.164	-0.114
0.025	0.026,0.021	0.002
0.25	0.333,0.692	-0.262
0.742	0.609,0.597	0.139
0.784	0.774,0.825	-0.015
0.581	0.717,0.621	-0.088
0.002	0.045,0.0	-0.02
0.9	1.0,0.857	-0.028
0.946	1.0,1.0	-0.054
0.098	0.05,0.067	0.04
0.156	0.109,0.101	0.051
0.5	1.0,1.0	-0.5
0.0	0.028,0.023	-0.026
0.241	0.556,1.0	-0.537
0.611	1.0,1.0	-0.389
0.055	0.22,0.1	-0.105
0.032	0.049,0.056	-0.021
0.105	0.15,0.143	-0.041
0.065	0.179,0.142	-0.095
0.093	0.121,0.126	-0.03
0.824	0.886,1.0	-0.119
0.076	0.081,0.044	0.013
0.667	1.0,1.0	-0.333
0.005	0.0,0.0	0.005
0.0	0.333,0.111	-0.222
0.265	0.448,1.0	-0.459
0.119	0.133,0.062	0.021
0.13	0.068,0.098	0.047
0.115	0.188,0.152	-0.055
0.0	1.0,1.0	-1.0
0.0	0.609,0.0	-0.304
0.022	0.074,0.079	-0.054
0.047	0.148,0.054	-0.054
0.0	0.0,0.11	-0.055
0.0	0.0,1.0	-0.5
0.333	0.0,0.75	-0.042
1.0	0.0,0.385	0.807
0.429	1.0,0.652	-0.397
0.0	0.0,0.139	-0.07
0.0	NA,1.0	-1.0
0.005	0.214,0.143	-0.173
1.0	0.6,1.0	0.2
0.935	1.0,1.0	-0.065
0.08	0.143,0.0	0.009
0.095	0.048,0.103	0.02
0.035	0.038,0.123	-0.045
0.024	0.042,0.014	-0.004
0.0	0.405,0.576	-0.49
0.238	0.351,0.135	-0.005
1.0	0.975,1.0	0.012
0.105	0.0,0.0	0.105
0.0	0.5,1.0	-0.75
1.0	0.187,0.551	0.631
0.714	0.785,0.9	-0.129
0.2	1.0,0.625	-0.613
0.97	0.96,0.889	0.045
0.896	0.705,0.655	0.216
0.644	0.797,0.857	-0.183
0.875	0.696,1.0	0.027
0.096	0.175,0.0	0.009
0.018	0.092,0.0	-0.028
0.0	0.059,0.13	-0.095
0.016	0.021,0.013	-0.001
0.019	0.058,0.065	-0.042
1.0	0.942,1.0	0.029
0.913	0.969,0.973	-0.058
0.008	0.023,0.031	-0.019
0.981	0.979,0.991	-0.004
0.027	0.019,0.013	0.011
0.098	0.021,0.012	0.082
0.064	0.086,0.016	0.013
0.153	0.084,0.084	0.069
1.0	1.0,0.964	0.018
0.093	0.069,0.06	0.028
0.194	0.355,1.0	-0.483
0.069	0.034,0.012	0.046
0.143	1.0,0.0	-0.357
0.442	0.842,0.889	-0.423
0.0	0.486,0.714	-0.6
0.269	0.404,0.294	-0.08
0.0	0.333,0.0	-0.167
0.052	0.077,0.1	-0.036
1.0	0.636,0.867	0.248
0.348	0.58,0.824	-0.354
1.0	1.0,0.875	0.062
1.0	0.86,0.73	0.205
0.31	0.471,0.306	-0.078
0.375	1.0,0.867	-0.558
0.106	0.303,0.248	-0.169
0.974	1.0,1.0	-0.026
0.294	0.305,0.257	0.013
0.124	0.284,0.158	-0.097
0.63	1.0,1.0	-0.37
1.0	0.941,1.0	0.03
0.552	0.658,0.569	-0.061
0.95	1.0,1.0	-0.05
0.041	1.0,NA	-0.959
0.034	0.149,0.043	-0.062
0.311	0.547,0.67	-0.298
0.805	1.0,0.84	-0.115
0.161	0.218,0.339	-0.118
0.019	0.021,0.028	-0.006
1.0	0.886,1.0	0.057
0.429	0.348,0.333	0.088
0.219	1.0,0.36	-0.461
0.098	0.072,0.0	0.062
0.108	0.294,0.263	-0.17
0.833	0.917,0.8	-0.026
0.227	0.192,0.212	0.025
0.219	0.159,0.059	0.11
0.03	0.0,0.083	-0.012
0.0	0.0,0.25	-0.125
0.238	0.483,NA	-0.245
0.008	0.013,0.005	-0.001
0.0	0.0,0.013	-0.006
0.018	0.043,0.025	-0.016
0.089	0.089,0.062	0.013
1.0	0.851,1.0	0.075
0.448	0.622,0.429	-0.077
0.929	0.771,0.478	0.304
0.0	0.333,0.0	-0.167
0.099	0.193,0.183	-0.089
0.127	0.254,0.257	-0.129
0.307	0.403,0.439	-0.114
0.0	0.111,0.187	-0.149
0.2	0.857,0.5	-0.478
0.229	0.404,0.435	-0.19
0.946	0.93,1.0	-0.019
0.407	NA,0.2	0.207
1.0	NA,0.0	1.0
0.068	0.2,0.273	-0.169
0.043	0.139,0.112	-0.083
0.84	0.805,0.81	0.032
0.993	0.987,0.987	0.006
0.803	0.836,0.863	-0.046
0.034	0.368,0.216	-0.258
0.239	0.532,0.607	-0.331
0.09	0.111,0.149	-0.04
0.044	0.095,0.015	-0.011
0.055	0.085,0.094	-0.034
0.667	1.0,1.0	-0.333
0.038	0.15,0.155	-0.114
0.2	0.079,0.106	0.108
0.029	0.01,0.038	0.005
0.29	0.261,0.208	0.055
1.0	NA,0.333	0.667
0.935	1.0,1.0	-0.065
0.429	NA,0.6	-0.171
1.0	0.949,0.794	0.129
0.075	0.17,0.162	-0.091
0.005	0.112,0.055	-0.079
0.005	0.0,0.032	-0.011
0.982	1.0,1.0	-0.018
0.417	0.869,0.781	-0.408
1.0	1.0,0.75	0.125
0.333	1.0,0.81	-0.572
0.064	0.101,0.032	-0.003
0.037	0.154,0.031	-0.056
1.0	0.949,1.0	0.026
0.871	0.898,0.869	-0.012
0.973	0.988,0.937	0.01
0.576	0.596,0.362	0.097
0.396	1.0,0.33	-0.269
1.0	0.937,0.962	0.05
0.194	0.546,0.38	-0.269
0.248	0.347,0.253	-0.052
0.659	0.59,0.515	0.107
0.977	0.979,0.982	-0.003
0.914	0.974,1.0	-0.073
0.854	0.917,0.862	-0.035
0.977	0.985,0.95	0.009
0.634	0.73,0.612	-0.037
0.423	0.462,0.505	-0.061
0.523	0.479,0.414	0.077
0.129	0.211,0.165	-0.059
0.124	0.149,0.171	-0.036
0.058	0.028,0.025	0.032
0.0	0.736,0.692	-0.714
0.143	0.25,0.419	-0.192
0.071	0.157,0.076	-0.045
0.009	0.0,0.0	0.009
0.0	0.191,0.173	-0.182
0.069	0.034,0.051	0.027
0.005	0.008,0.028	-0.013
0.007	0.023,0.026	-0.018
0.017	0.008,0.032	-0.003
0.0	1.0,1.0	-1.0
0.0	0.0,0.214	-0.107
0.125	0.136,0.396	-0.141
0.16	0.37,0.147	-0.099
0.692	0.826,0.6	-0.021
0.333	0.333,1.0	-0.333
0.179	0.231,0.194	-0.034
0.069	0.102,0.139	-0.051
0.036	0.0,0.133	-0.031
0.017	0.052,0.027	-0.022
1.0	0.429,1.0	0.285
0.0	0.032,0.0	-0.016
1.0	0.784,1.0	0.108
0.302	0.59,0.6	-0.293
1.0	0.966,1.0	0.017
0.067	0.111,0.217	-0.097
0.091	0.659,0.333	-0.405
0.034	0.111,0.093	-0.068
0.149	0.217,0.265	-0.092
0.198	0.25,0.2	-0.027
1.0	0.964,1.0	0.018
0.022	0.054,0.097	-0.053
0.065	0.068,0.0	0.031
0.362	0.387,0.489	-0.076
0.163	0.265,0.176	-0.057
0.832	0.843,0.932	-0.055
0.398	0.452,0.323	0.011
0.0	0.432,0.333	-0.383
1.0	0.878,1.0	0.061
0.067	0.182,0.0	-0.024
1.0	0.818,1.0	0.091
0.662	0.686,0.78	-0.071
0.606	0.646,0.731	-0.083
0.98	0.986,0.967	0.004
0.893	0.973,0.926	-0.056
0.458	1.0,0.0	-0.042
0.794	1.0,NA	-0.206
0.618	1.0,NA	-0.382
0.011	0.007,0.009	0.003
1.0	0.833,0.955	0.106
1.0	0.6,1.0	0.2
0.714	0.675,0.652	0.05
0.071	0.111,0.062	-0.015
0.0	0.018,0.0	-0.009
0.798	0.883,0.837	-0.062
0.018	0.012,0.021	0.001
0.061	0.052,0.072	-0.001
0.583	0.76,1.0	-0.297
1.0	1.0,0.857	0.072
0.156	0.429,0.116	-0.117
0.084	0.219,0.138	-0.094
0.098	0.296,0.158	-0.129
1.0	0.714,1.0	0.143
0.296	0.814,0.429	-0.325
0.412	1.0,1.0	-0.588
0.579	1.0,1.0	-0.421
0.037	0.0,0.0	0.037
0.0	0.037,0.0	-0.018
0.049	0.058,0.084	-0.022
0.933	0.945,1.0	-0.039
0.121	0.172,0.175	-0.052
0.086	0.123,0.204	-0.077
1.0	0.986,0.988	0.013
0.999	1.0,1.0	-0.001
0.993	1.0,1.0	-0.007
0.182	0.163,0.0	0.1
0.667	1.0,0.5	-0.083
1.0	1.0,0.0	0.5
0.222	0.333,1.0	-0.445
1.0	1.0,0.871	0.065
0.857	1.0,0.619	0.047
0.0	0.091,0.0	-0.045
0.953	0.692,1.0	0.107
0.133	0.1,0.125	0.021
0.184	0.0,0.273	0.047
0.211	0.233,0.141	0.024
0.2	0.429,0.5	-0.265
0.14	0.0,0.062	0.109
0.13	0.15,0.2	-0.045
0.649	0.519,1.0	-0.111
0.105	0.303,0.051	-0.072
0.279	0.169,0.205	0.092
0.159	0.38,0.268	-0.165
0.5	1.0,NA	-0.5
0.127	0.425,0.2	-0.185
0.099	0.238,0.206	-0.123
0.033	0.198,0.055	-0.093
0.041	0.099,0.371	-0.194
0.197	0.279,0.172	-0.028
0.0	0.1,0.04	-0.07
0.97	1.0,1.0	-0.03
0.147	0.317,0.302	-0.163
0.0	0.096,0.208	-0.152
1.0	0.429,NA	0.571
0.111	0.368,0.467	-0.306
0.009	0.003,0.013	0.001
0.006	0.02,0.01	-0.009
0.06	0.039,0.05	0.015
0.143	0.164,0.235	-0.057
0.0	0.3,0.333	-0.317
0.151	0.084,0.115	0.051
1.0	NA,0.0	1.0
0.156	0.11,0.277	-0.038
0.5	0.333,1.0	-0.166
0.058	0.102,0.064	-0.025
0.246	0.186,0.149	0.079
0.287	0.184,0.206	0.092
0.944	0.925,0.872	0.045
0.312	0.16,0.16	0.152
0.978	0.957,1.0	-0.0
0.217	0.111,0.13	0.097
0.341	0.402,0.361	-0.04
0.358	0.229,0.239	0.124
0.165	0.085,0.099	0.073
0.215	0.232,0.251	-0.026
0.134	0.058,0.113	0.049
0.0	0.839,0.085	-0.462
0.526	0.483,0.765	-0.098
0.81	1.0,NA	-0.19
0.0	0.0,1.0	-0.5
0.394	0.925,1.0	-0.569
0.524	0.632,0.36	0.028
0.429	0.667,0.857	-0.333
0.296	0.349,0.318	-0.038
0.011	0.057,0.07	-0.053
0.088	0.228,0.094	-0.073
0.982	0.952,0.967	0.022
0.955	1.0,0.81	0.05
0.737	0.478,1.0	-0.002
0.015	0.02,0.028	-0.009
0.004	0.002,0.004	0.001
0.385	0.412,1.0	-0.321
0.5	0.692,1.0	-0.346
1.0	0.977,1.0	0.012
0.81	0.915,0.778	-0.036
0.037	0.105,0.188	-0.109
0.125	0.0,0.5	-0.125
0.013	0.021,0.01	-0.003
0.125	0.099,0.0	0.075
0.404	0.193,0.421	0.097
0.968	1.0,1.0	-0.032
0.253	0.156,0.286	0.032
0.292	0.536,0.4	-0.176
0.045	0.258,0.164	-0.166
0.093	0.302,0.401	-0.259
0.105	0.05,0.032	0.064
0.652	1.0,1.0	-0.348
0.074	0.677,1.0	-0.765
0.6	NA,0.133	0.467
0.0	0.022,0.055	-0.038
0.0	0.048,0.059	-0.053
0.0	0.0,0.214	-0.107
0.333	0.2,0.818	-0.176
0.122	0.152,0.154	-0.031
0.0	0.0,1.0	-0.5
1.0	0.2,0.333	0.734
0.034	0.042,0.097	-0.036
0.821	1.0,1.0	-0.179
0.032	0.036,0.044	-0.008
0.116	0.116,NA	0.0
0.837	1.0,0.658	0.008
0.191	0.091,0.105	0.093
0.0	0.0,1.0	-0.5
0.341	1.0,1.0	-0.659
0.091	0.032,0.0	0.075
0.911	1.0,1.0	-0.089
0.2	0.121,0.284	-0.002
1.0	0.833,1.0	0.084
1.0	0.745,1.0	0.127
0.733	0.789,1.0	-0.162
0.267	0.0,0.4	0.067
0.034	0.067,0.037	-0.018
0.0	0.0,0.116	-0.058
0.556	0.333,0.8	-0.01
0.6	1.0,1.0	-0.4
0.889	0.793,0.762	0.111
0.798	0.791,1.0	-0.097
0.05	0.18,0.013	-0.046
0.0	0.333,NA	-0.333
0.0	0.2,0.0	-0.1
0.0	0.25,0.05	-0.15
0.143	0.0,0.0	0.143
0.0	0.107,0.027	-0.067
0.011	0.153,0.133	-0.132
0.011	0.042,0.028	-0.024
0.089	0.103,0.03	0.022
1.0	0.934,1.0	0.033
0.362	0.345,0.342	0.018
0.295	0.542,0.45	-0.201
0.333	0.314,0.231	0.06
0.972	0.897,0.913	0.067
0.175	0.099,0.488	-0.118
0.0	0.0,0.395	-0.198
0.013	0.02,0.0	0.003
0.969	0.953,1.0	-0.007
0.08	0.039,0.053	0.034
0.32	0.124,0.216	0.15
1.0	0.75,1.0	0.125
0.222	0.246,0.167	0.015
1.0	0.889,1.0	0.055
1.0	0.8,1.0	0.1
0.0	1.0,0.692	-0.846
0.0	1.0,NA	-1.0
0.287	0.108,0.096	0.185
0.719	1.0,1.0	-0.281
0.109	0.259,0.143	-0.092
0.472	0.667,0.355	-0.039
0.925	0.947,1.0	-0.048
0.091	0.316,0.083	-0.109
1.0	0.667,1.0	0.166
0.061	0.019,0.042	0.03
0.051	0.01,0.015	0.038
0.261	0.164,0.348	0.005
0.044	0.035,0.035	0.009
0.0	0.078,0.0	-0.039
0.564	0.729,0.88	-0.241
0.155	0.341,0.269	-0.15
0.789	0.884,0.931	-0.118
0.201	0.576,0.312	-0.243
0.119	0.223,0.154	-0.07
0.152	0.194,0.189	-0.04
0.101	0.168,0.082	-0.024
0.052	0.073,0.058	-0.014
0.906	1.0,1.0	-0.094
0.066	0.061,0.074	-0.002
0.097	0.358,0.194	-0.179
0.211	0.707,0.857	-0.571
0.165	0.577,0.471	-0.359
0.132	0.125,0.194	-0.027
0.071	0.039,0.06	0.021
0.055	0.09,0.097	-0.038
0.258	0.276,0.237	0.002
0.01	0.016,0.006	-0.001
0.077	0.0,NA	0.077
0.114	0.457,0.394	-0.311
1.0	0.0,0.0	1.0
0.979	1.0,1.0	-0.021
0.077	0.263,0.333	-0.221
0.015	0.006,0.0	0.012
0.0	0.086,0.023	-0.054
0.143	0.007,0.071	0.104
1.0	0.0,NA	1.0
0.0	0.008,0.005	-0.007
0.0	0.101,0.237	-0.169
0.0	1.0,1.0	-1.0
0.148	0.46,0.498	-0.331
1.0	0.745,1.0	0.127
0.189	0.417,0.5	-0.27
0.545	0.112,0.21	0.384
0.062	0.143,0.125	-0.072
0.209	0.11,0.0	0.154
0.125	1.0,0.375	-0.562
0.2	1.0,1.0	-0.8
0.061	0.06,0.089	-0.013
0.5	0.474,0.704	-0.089
0.886	1.0,1.0	-0.114
0.354	0.429,0.294	-0.008
0.836	0.917,0.852	-0.049
0.213	0.236,0.217	-0.013
0.771	0.809,0.529	0.102
1.0	0.992,1.0	0.004
0.098	0.111,0.141	-0.028
0.667	NA,0.6	0.067
1.0	NA,0.636	0.364
1.0	0.8,0.412	0.394
0.0	0.0,0.091	-0.045
0.0	0.143,0.333	-0.238
0.064	0.172,0.188	-0.116
0.035	0.028,0.054	-0.006
1.0	1.0,0.716	0.142
0.091	0.309,0.448	-0.287
1.0	0.81,1.0	0.095
0.0	0.096,0.455	-0.276
0.0	0.545,1.0	-0.772
0.333	0.091,0.2	0.188
0.011	0.015,0.011	-0.002
0.035	0.02,0.039	0.006
0.333	NA,1.0	-0.667
0.12	0.313,0.184	-0.129
0.12	0.16,0.181	-0.05
0.482	0.482,1.0	-0.259
0.0	0.077,0.273	-0.175
1.0	0.778,NA	0.222
1.0	0.467,0.0	0.766
0.0	0.188,0.153	-0.17
0.058	0.093,0.144	-0.06
0.957	0.906,0.907	0.05
0.0	0.078,0.099	-0.088
0.0	0.433,0.337	-0.385
0.143	0.5,1.0	-0.607
0.0	0.0,0.077	-0.038
0.167	0.282,0.2	-0.074
0.185	0.415,0.429	-0.237
0.608	0.842,0.659	-0.142
0.324	0.29,0.448	-0.045
0.029	0.147,0.182	-0.135
0.053	0.015,0.0	0.045
0.056	0.28,0.147	-0.158
0.086	0.211,0.176	-0.108
0.032	0.0,0.033	0.015
0.32	0.789,1.0	-0.575
1.0	0.976,1.0	0.012
0.281	0.19,0.0	0.186
0.048	0.103,0.31	-0.158
0.0	0.2,NA	-0.2
0.032	0.048,0.023	-0.004
1.0	0.956,0.867	0.089
0.029	0.025,0.03	0.002
0.02	0.053,0.007	-0.01
0.051	0.032,0.05	0.01
0.833	1.0,1.0	-0.167
0.12	0.175,0.213	-0.074
0.333	0.3,0.091	0.138
0.0	1.0,0.444	-0.722
0.105	0.115,0.07	0.012
0.0	0.167,0.091	-0.129
0.012	0.021,0.017	-0.007
0.015	0.019,0.081	-0.035
0.009	0.006,0.016	-0.002
0.342	0.342,0.546	-0.102
0.0	1.0,NA	-1.0
0.0	0.0,0.071	-0.035
0.0	0.335,0.0	-0.168
0.333	0.125,0.0	0.271
0.138	0.0,0.0	0.138
0.2	0.3,0.333	-0.116
0.301	0.451,0.304	-0.077
0.013	0.037,0.042	-0.027
0.953	1.0,1.0	-0.047
0.09	0.264,0.302	-0.193
1.0	0.84,1.0	0.08
0.558	0.592,0.627	-0.051
1.0	1.0,0.714	0.143
0.029	0.123,0.052	-0.058
0.0	0.032,0.0	-0.016
0.472	0.426,0.224	0.147
0.067	0.396,0.545	-0.404
0.135	0.082,0.176	0.006
0.429	0.222,0.429	0.103
0.354	0.697,0.0	0.006
0.302	0.24,0.52	-0.078
0.0	0.167,0.182	-0.174
0.636	0.5,0.2	0.286
0.165	0.408,0.674	-0.376
0.321	0.628,0.778	-0.382
0.5	0.6,1.0	-0.3
0.022	0.091,0.029	-0.038
0.059	0.121,0.216	-0.109
0.0	0.67,0.253	-0.462
0.143	0.437,0.538	-0.345
0.846	0.93,0.704	0.029
0.695	1.0,0.83	-0.22
0.122	0.191,0.29	-0.118
0.714	0.8,1.0	-0.186
0.193	0.431,0.258	-0.152
0.006	0.007,0.03	-0.012
0.014	0.026,0.037	-0.018
0.012	0.037,0.018	-0.015
0.072	0.158,0.0	-0.007
0.256	0.714,0.2	-0.201
1.0	0.881,0.789	0.165
0.024	0.078,0.046	-0.038
0.109	0.118,0.086	0.007
0.273	0.14,0.524	-0.059
0.38	0.727,0.2	-0.084
0.06	0.041,0.026	0.026
0.051	0.032,0.012	0.029
0.048	0.027,0.018	0.026
0.944	1.0,1.0	-0.056
0.973	1.0,1.0	-0.027
0.104	0.069,0.034	0.052
0.15	0.089,0.007	0.102
0.457	0.783,0.724	-0.297
0.076	0.088,0.46	-0.198
0.175	0.339,0.154	-0.072
1.0	0.977,1.0	0.012
1.0	1.0,0.929	0.035
0.03	0.011,0.074	-0.012
0.06	0.157,0.162	-0.1
0.0	0.0,0.5	-0.25
0.5	1.0,0.0	0.0
0.077	0.238,0.375	-0.229
1.0	0.868,1.0	0.066
0.31	0.625,0.434	-0.219
0.487	0.103,0.089	0.391
0.071	0.143,0.034	-0.018
0.085	0.079,0.123	-0.016
0.556	0.75,0.556	-0.097
0.136	0.118,0.084	0.035
0.118	0.098,0.091	0.023
0.071	0.179,0.12	-0.079
0.061	0.141,0.102	-0.06
0.3	0.871,1.0	-0.635
1.0	1.0,0.529	0.236
0.286	0.722,0.302	-0.226
1.0	1.0,0.556	0.222
0.014	0.007,0.038	-0.008
0.013	0.0,0.048	-0.011
0.194	0.248,0.183	-0.021
0.027	0.04,0.046	-0.016
0.009	0.0,0.0	0.009
1.0	1.0,0.333	0.334
0.333	1.0,0.455	-0.395
1.0	0.369,1.0	0.316
0.167	0.6,0.333	-0.299
0.0	0.197,0.0	-0.099
0.0	0.6,0.0	-0.3
1.0	0.778,0.81	0.206
0.062	0.209,0.045	-0.065
0.244	1.0,1.0	-0.756
0.158	0.167,0.067	0.041
0.894	0.973,0.977	-0.081
0.529	0.765,0.429	-0.068
0.037	0.0,0.0	0.037
0.0	0.178,0.075	-0.127
0.077	1.0,0.2	-0.523
0.0	0.045,0.081	-0.063
0.0	0.0,1.0	-0.5
0.136	NA,1.0	-0.864
0.009	0.0,0.006	0.006
0.009	0.015,0.005	-0.001
0.0	0.0,1.0	-0.5
0.177	0.281,0.179	-0.053
0.389	0.634,0.496	-0.176
0.241	0.577,0.716	-0.405
0.068	0.257,0.044	-0.082
0.04	0.04,0.281	-0.12
0.372	0.747,1.0	-0.501
1.0	1.0,0.833	0.084
1.0	1.0,0.1	0.45
0.043	0.18,0.085	-0.09
0.091	0.143,0.129	-0.045
0.083	0.02,0.094	0.026
0.0	0.478,0.167	-0.323
0.053	0.126,0.475	-0.247
0.059	0.066,0.042	0.005
0.0	0.048,0.056	-0.052
0.989	0.914,1.0	0.032
0.068	0.072,0.097	-0.016
0.073	0.134,0.091	-0.04
0.051	0.051,0.039	0.006
0.039	0.052,0.025	0.001
0.035	0.07,0.029	-0.014
0.206	0.158,0.187	0.034
1.0	0.976,0.985	0.02
0.037	0.01,0.008	0.028
1.0	0.789,0.273	0.469
1.0	0.955,0.867	0.089
0.286	0.0,0.0	0.286
0.102	0.189,0.195	-0.09
0.017	0.0,0.167	-0.067
0.053	0.056,0.079	-0.015
0.013	0.039,0.022	-0.018
0.014	0.023,0.0	0.003
0.082	0.133,0.177	-0.073
0.889	1.0,1.0	-0.111
0.0	0.111,0.067	-0.089
0.0	0.0,1.0	-0.5
0.328	0.237,0.299	0.06
0.2	0.263,0.294	-0.078
0.0	0.029,0.0	-0.015
0.123	0.25,0.319	-0.161
0.0	NA,1.0	-1.0
0.015	0.129,0.04	-0.07
0.04	0.048,0.12	-0.044
0.022	0.158,0.045	-0.08
0.0	0.0,0.106	-0.053
0.295	0.502,0.365	-0.139
0.017	0.072,0.051	-0.044
0.061	0.068,0.062	-0.004
0.08	0.104,0.064	-0.004
1.0	1.0,0.758	0.121
0.039	0.139,0.153	-0.107
0.333	0.25,1.0	-0.292
0.891	0.884,0.879	0.01
0.0	0.0,0.5	-0.25
1.0	0.778,1.0	0.111
0.231	1.0,1.0	-0.769
1.0	0.818,0.6	0.291
0.955	1.0,1.0	-0.045
1.0	0.957,0.892	0.076
0.232	0.243,0.34	-0.059
0.971	1.0,0.989	-0.023
0.382	0.304,0.386	0.037
0.193	0.178,0.196	0.006
0.442	0.453,0.371	0.03
1.0	0.892,0.867	0.121
0.349	0.418,0.203	0.038
0.31	0.298,0.239	0.042
0.974	1.0,1.0	-0.026
0.346	0.266,0.124	0.151
0.483	0.279,0.396	0.145
0.778	0.588,0.765	0.102
0.654	1.0,1.0	-0.346
0.111	0.321,0.455	-0.277
0.0	0.048,0.048	-0.048
1.0	0.647,1.0	0.176
0.053	0.1,0.0	0.003
0.067	0.126,0.106	-0.049
0.333	0.0,0.5	0.083
0.009	0.034,0.037	-0.027
0.0	0.053,0.081	-0.067
0.0	0.143,0.273	-0.208
0.07	0.403,0.192	-0.227
0.412	1.0,0.556	-0.366
1.0	0.934,0.662	0.202
0.12	0.226,0.287	-0.137
1.0	0.0,0.0	1.0
0.0	0.133,0.0	-0.067
0.0	1.0,1.0	-1.0
1.0	NA,0.429	0.571
0.192	0.211,0.244	-0.035
0.0	0.0,0.012	-0.006
0.01	0.015,0.011	-0.003
0.0	1.0,0.0	-0.5
0.081	0.152,0.031	-0.01
0.103	0.132,0.16	-0.043
0.0	0.615,0.692	-0.653
0.085	0.132,0.247	-0.104
0.982	0.974,0.909	0.04
0.916	0.953,0.95	-0.035
0.093	0.184,0.185	-0.091
1.0	0.532,0.299	0.585
0.0	0.034,0.0	-0.017
0.75	1.0,0.0	0.25
0.6	1.0,0.556	-0.178
0.023	0.012,0.077	-0.021
0.094	0.174,0.151	-0.068
0.639	0.659,0.889	-0.135
0.163	0.35,0.333	-0.179
1.0	1.0,0.81	0.095
1.0	1.0,0.692	0.154
0.13	0.394,0.31	-0.222
0.957	0.855,0.899	0.08
1.0	0.979,1.0	0.01
1.0	0.988,1.0	0.006
0.295	0.83,0.44	-0.34
0.234	0.308,0.478	-0.159
0.5	0.733,0.481	-0.107
0.056	0.155,0.129	-0.086
0.0	0.0,0.078	-0.039
0.848	0.698,0.44	0.279
0.4	0.5,0.2	0.05
0.259	0.533,0.405	-0.21
0.448	0.462,0.279	0.077
0.692	1.0,NA	-0.308
0.0	1.0,NA	-1.0
0.333	1.0,0.333	-0.333
0.664	0.684,0.605	0.019
1.0	1.0,0.44	0.28
0.143	0.286,0.478	-0.239
0.136	0.333,0.429	-0.245
0.075	0.116,0.249	-0.107
0.0	1.0,NA	-1.0
0.076	0.169,0.285	-0.151
0.148	0.058,0.111	0.063
0.019	0.079,0.107	-0.074
0.413	0.097,0.077	0.326
1.0	0.833,1.0	0.084
0.007	0.025,0.016	-0.014
0.048	0.143,0.047	-0.047
1.0	0.733,1.0	0.133
0.647	0.465,0.209	0.31
0.05	0.156,0.149	-0.102
0.333	1.0,0.0	-0.167
0.003	0.007,0.0	-0.001
0.074	0.238,0.191	-0.141
0.82	1.0,0.898	-0.129
0.156	0.364,0.378	-0.215
0.043	0.037,0.046	0.002
1.0	0.983,0.818	0.1
0.607	0.867,0.774	-0.214
0.922	1.0,1.0	-0.078
0.472	0.471,0.5	-0.014
0.033	0.064,0.055	-0.026
0.333	0.0,0.333	0.167
0.043	0.846,1.0	-0.88
0.714	0.0,1.0	0.214
0.271	0.203,0.338	0.001
0.144	0.208,0.257	-0.088
0.0	0.203,1.0	-0.602
0.304	0.474,0.0	0.067
0.01	0.018,0.023	-0.01
0.123	0.124,0.197	-0.038
1.0	0.2,0.143	0.829
0.097	0.067,0.034	0.046
0.2	0.267,0.145	-0.006
0.641	0.577,0.824	-0.059
0.613	0.5,0.692	0.017
0.6	0.625,0.92	-0.172
0.125	0.191,0.176	-0.058
0.029	0.132,0.207	-0.14
1.0	1.0,0.0	0.5
0.316	0.344,0.31	-0.011
0.0	0.5,0.6	-0.55
0.44	0.071,0.09	0.36
0.323	0.209,0.231	0.103
1.0	0.667,1.0	0.166
0.0	0.105,0.075	-0.09
0.02	0.051,0.04	-0.025
0.538	0.75,0.846	-0.26
0.017	0.015,0.051	-0.016
0.059	0.275,0.312	-0.234
0.0	NA,0.143	-0.143
0.5	1.0,1.0	-0.5
0.038	0.056,0.096	-0.038
1.0	0.867,0.889	0.122
0.818	0.52,0.727	0.195
1.0	0.857,1.0	0.072
0.143	0.206,0.238	-0.079
0.046	0.0,0.0	0.046
0.077	0.164,0.193	-0.101
0.354	1.0,1.0	-0.646
0.2	0.118,0.357	-0.037
0.127	0.093,0.038	0.061
0.814	1.0,0.652	-0.012
0.295	0.39,0.319	-0.06
0.943	1.0,1.0	-0.057
0.037	0.111,0.0	-0.019
0.143	0.363,0.326	-0.202
0.051	0.117,0.018	-0.017
0.237	NA,0.237	0.0
0.0	0.714,NA	-0.714
0.111	0.2,0.053	-0.015
0.095	0.4,0.556	-0.383
0.091	0.136,0.125	-0.04
0.029	0.03,0.039	-0.006
0.045	0.085,0.036	-0.015
0.455	0.429,0.826	-0.172
1.0	1.0,0.685	0.157
0.054	0.049,0.06	-0.001
0.042	0.088,0.034	-0.019
0.01	0.0,0.0	0.01
0.375	0.573,0.591	-0.207
0.331	0.691,0.51	-0.27
0.113	0.117,0.091	0.009
0.2	0.429,0.5	-0.265
0.041	0.027,0.029	0.013
1.0	0.941,1.0	0.03
0.0	0.429,0.111	-0.27
0.75	0.886,0.619	-0.002
0.86	0.946,1.0	-0.113
0.565	0.773,0.667	-0.155
0.316	0.737,0.8	-0.452
0.745	0.526,0.594	0.185
0.4	0.469,0.434	-0.051
0.0	0.032,0.036	-0.034
0.057	0.137,0.086	-0.054
0.029	0.152,0.079	-0.086
0.461	0.35,0.478	0.047
0.104	0.15,0.034	0.012
0.684	0.822,1.0	-0.227
0.806	0.765,0.81	0.018
0.926	0.867,1.0	-0.007
0.316	0.515,0.442	-0.163
0.747	0.771,0.653	0.035
0.125	0.317,0.203	-0.135
0.0	0.019,0.035	-0.027
0.0	0.429,0.333	-0.381
0.0	0.033,0.011	-0.022
0.111	0.067,0.0	0.077
0.0	0.667,1.0	-0.834
0.057	0.111,0.045	-0.021
0.036	0.111,0.145	-0.092
0.026	0.101,0.075	-0.062
0.043	0.095,0.065	-0.037
0.094	0.225,0.305	-0.171
0.951	1.0,1.0	-0.049
0.065	0.082,0.103	-0.027
1.0	0.778,1.0	0.111
0.01	0.009,0.025	-0.007
1.0	1.0,0.733	0.133
0.014	0.03,0.023	-0.012
1.0	1.0,0.91	0.045
1.0	0.6,1.0	0.2
0.143	0.556,1.0	-0.635
0.0	0.0,0.125	-0.062
1.0	0.619,0.385	0.498
0.0	0.037,0.0	-0.018
0.5	0.707,0.862	-0.284
0.818	1.0,0.901	-0.133
0.041	0.037,0.017	0.014
0.133	0.088,0.084	0.047
0.059	0.325,0.083	-0.145
0.098	0.158,0.159	-0.06
0.0	NA,0.234	-0.234
0.242	0.657,0.642	-0.407
0.35	0.561,0.857	-0.359
0.0	0.0,0.021	-0.011
0.333	0.0,0.111	0.278
0.03	0.088,0.043	-0.036
1.0	0.92,1.0	0.04
0.0	0.25,NA	-0.25
0.829	0.761,1.0	-0.052
0.152	0.099,0.096	0.054
0.0	1.0,0.2	-0.6
1.0	1.0,0.333	0.334
0.066	0.48,0.514	-0.431
0.5	0.615,0.471	-0.043
0.05	0.067,0.0	0.017
1.0	1.0,0.916	0.042
0.0	0.2,0.2	-0.2
0.073	0.171,0.077	-0.051
0.061	0.17,0.153	-0.101
0.674	1.0,1.0	-0.326
0.167	0.17,0.159	0.003
0.385	0.368,0.432	-0.015
0.948	0.958,1.0	-0.031
0.256	0.222,0.234	0.028
0.964	1.0,1.0	-0.036
0.964	0.961,0.926	0.02
0.974	0.869,1.0	0.039
0.027	0.014,0.016	0.012
0.042	0.033,0.032	0.01
0.201	0.069,0.112	0.111
0.995	1.0,1.0	-0.005
0.022	0.006,0.019	0.009
0.042	0.039,0.069	-0.012
0.767	0.868,0.762	-0.048
0.107	0.172,0.237	-0.097
0.032	0.035,0.048	-0.01
0.021	0.087,0.583	-0.314
1.0	0.907,1.0	0.046
0.081	0.333,0.474	-0.322
0.443	0.319,0.188	0.19
0.0	0.055,0.023	-0.039
0.765	0.765,0.692	0.037
0.067	0.29,0.125	-0.14
1.0	0.333,0.333	0.667
1.0	0.0,1.0	0.5
0.026	0.117,0.0	-0.033
0.865	1.0,NA	-0.135
0.054	0.046,0.047	0.007
0.9	1.0,1.0	-0.1
0.909	1.0,1.0	-0.091
0.008	0.01,0.005	0.001
0.242	1.0,NA	-0.758
0.0	0.333,0.0	-0.167
0.025	0.08,0.087	-0.058
0.175	0.268,0.3	-0.109
0.171	NA,0.0	0.171
0.333	NA,0.0	0.333
0.415	0.2,0.091	0.269
0.864	1.0,1.0	-0.136
1.0	1.0,0.5	0.25
0.012	0.039,0.018	-0.016
0.127	0.259,0.216	-0.11
0.058	0.019,0.036	0.031
0.023	0.099,0.01	-0.032
0.023	0.039,0.027	-0.01
0.2	0.165,0.429	-0.097
0.0	0.333,0.053	-0.193
0.333	0.0,NA	0.333
0.0	1.0,NA	-1.0
0.021	0.017,0.018	0.003
0.021	0.015,0.016	0.006
0.056	0.091,0.107	-0.043
0.111	0.254,0.5	-0.266
0.057	0.115,0.216	-0.109
0.185	0.291,0.135	-0.028
0.946	0.964,0.81	0.059
0.146	0.136,0.345	-0.095
0.76	1.0,1.0	-0.24
0.122	0.167,0.388	-0.156
0.176	0.182,0.0	0.085
0.091	0.062,0.064	0.028
0.176	0.048,0.0	0.152
0.391	0.727,0.278	-0.111
0.291	0.617,0.429	-0.232
0.294	0.0,1.0	-0.206
0.0	0.25,0.333	-0.291
0.796	0.978,0.971	-0.178
0.032	0.111,0.096	-0.072
0.067	0.105,0.118	-0.044
