ID
161
207
251
252
359
431
438
465
514
620
662
672
691
729
914
1125
1162
1214
1319
1320
1512
1520
1721
1728
1780
1996
2003
2025
2029
2191
2272
2285
2354
2359
2361
2363
2364
2375
2404
2415
2418
2469
2470
2471
2482
2484
2512
2599
2667
2670
2684
2709
2808
2875
2905
3013
3224
3264
3265
3274
3278
3279
3280
3431
3461
3464
3493
3512
3523
3556
3586
3616
3617
3696
3709
3892
3908
3969
4025
4292
4306
4353
4364
4376
4392
4393
4463
4466
4560
4563
4564
4706
4725
4834
4879
4881
4996
4999
5000
5029
5035
5083
5145
5238
5364
5365
5483
5591
5679
5708
5800
5821
5822
5826
5827
5830
5946
5956
5957
5958
5960
5995
6030
6032
6034
6068
6085
6170
6171
6198
6272
6281
6295
6301
6353
6377
6444
6448
6450
6471
6500
6529
6596
6682
6712
6722
6763
6808
6834
6914
6980
6983
6990
7099
7138
7246
7247
7253
7471
7497
7501
7523
7664
7672
7673
7759
7802
7842
7862
7875
7877
7884
7922
7935
8008
