IncLevel1	IncLevel2	IncLevelDifference
0.325	0.316,0.203	0.066
1.0	1.0,0.984	0.008
0.0	0.054,0.0	-0.027
0.09	0.097,0.154	-0.036
0.732	1.0,0.656	-0.096
0.833	1.0,1.0	-0.167
0.099	1.0,1.0	-0.901
1.0	0.498,1.0	0.251
0.017	0.102,0.083	-0.075
0.178	0.665,0.605	-0.457
0.532	0.761,0.697	-0.197
0.174	0.227,0.274	-0.077
0.192	1.0,1.0	-0.808
0.317	0.436,0.507	-0.155
0.349	0.817,0.648	-0.383
0.0	0.201,0.0	-0.101
1.0	1.0,0.046	0.477
0.532	1.0,1.0	-0.468
0.959	0.966,0.928	0.012
0.972	0.925,1.0	0.009
0.785	1.0,1.0	-0.215
0.742	1.0,1.0	-0.258
1.0	0.586,1.0	0.207
0.559	0.819,1.0	-0.35
0.562	1.0,1.0	-0.438
0.937	1.0,0.948	-0.037
1.0	0.933,0.819	0.124
0.012	0.025,0.045	-0.023
1.0	0.0,0.0	1.0
1.0	0.611,1.0	0.195
0.706	0.41,0.294	0.354
0.198	0.0,0.526	-0.065
0.195	NA,1.0	-0.805
0.0	0.0,0.032	-0.016
1.0	0.799,1.0	0.101
0.131	0.102,0.184	-0.012
1.0	0.785,1.0	0.107
0.111	1.0,0.367	-0.573
1.0	0.15,1.0	0.425
0.417	1.0,0.87	-0.518
0.062	0.059,0.126	-0.03
0.011	0.007,0.015	0.0
0.56	1.0,0.933	-0.406
0.039	0.0,0.011	0.034
0.023	0.05,0.071	-0.037
0.623	0.857,0.769	-0.19
0.0	0.03,0.05	-0.04
0.0	1.0,NA	-1.0
0.03	1.0,0.199	-0.57
0.0	0.166,0.091	-0.129
0.024	0.0,0.0	0.024
0.056	0.342,0.294	-0.262
0.03	0.053,0.047	-0.02
0.018	0.007,0.021	0.004
0.019	0.045,0.02	-0.014
0.0	0.124,0.068	-0.096
0.644	0.94,1.0	-0.326
0.0	0.0,0.037	-0.018
0.0	NA,0.167	-0.167
0.092	0.039,0.072	0.037
0.0	0.364,0.125	-0.244
1.0	0.173,1.0	0.413
0.096	0.372,0.156	-0.168
1.0	NA,0.0	1.0
0.478	0.0,NA	0.478
0.0	0.22,0.717	-0.468
0.13	0.0,0.0	0.13
0.0	0.016,0.017	-0.017
0.024	NA,0.0	0.024
1.0	0.443,0.0	0.778
0.571	NA,1.0	-0.429
0.0	0.0,0.125	-0.062
0.036	0.375,0.072	-0.188
0.013	0.009,0.0	0.009
0.0	0.34,0.34	-0.34
0.153	0.153,0.42	-0.133
1.0	0.887,0.98	0.067
0.043	0.144,0.516	-0.287
0.035	0.38,NA	-0.345
0.047	0.307,0.155	-0.184
0.369	0.559,0.823	-0.322
0.014	0.047,0.037	-0.028
1.0	0.489,1.0	0.256
0.517	0.329,0.25	0.228
0.318	0.341,0.201	0.047
0.0	0.142,0.118	-0.13
0.0	0.269,0.315	-0.292
0.063	0.0,0.0	0.063
0.042	0.069,0.237	-0.111
0.0	0.165,0.09	-0.128
0.644	1.0,1.0	-0.356
0.0	0.241,0.459	-0.35
0.054	0.272,0.0	-0.082
0.0	1.0,0.541	-0.77
0.015	0.033,0.0	-0.002
1.0	1.0,0.514	0.243
0.0	NA,0.114	-0.114
0.008	0.004,0.008	0.002
0.0	0.078,0.372	-0.225
0.028	0.0,1.0	-0.472
0.0	0.0,0.023	-0.011
0.213	0.553,0.567	-0.347
0.0	NA,0.183	-0.183
0.0	0.113,NA	-0.113
0.472	0.183,0.528	0.116
1.0	0.165,1.0	0.417
0.0	0.081,0.182	-0.132
0.595	1.0,1.0	-0.405
0.013	0.084,0.055	-0.057
0.29	0.192,0.241	0.073
0.275	0.272,0.13	0.074
0.053	0.145,0.216	-0.128
1.0	1.0,0.537	0.232
0.05	0.052,0.031	0.009
0.069	0.049,0.074	0.008
1.0	0.543,0.655	0.401
0.017	0.013,0.016	0.003
0.025	0.027,0.016	0.004
0.039	0.069,0.133	-0.062
0.071	0.161,0.151	-0.085
0.054	0.055,0.043	0.005
1.0	0.476,0.369	0.578
0.0	0.101,0.0	-0.051
1.0	0.0,1.0	0.5
1.0	0.0,0.183	0.908
1.0	1.0,0.663	0.168
1.0	0.961,0.828	0.106
0.43	1.0,1.0	-0.57
1.0	1.0,0.615	0.193
0.287	1.0,0.433	-0.43
0.203	0.0,0.761	-0.177
0.446	0.096,0.211	0.292
0.713	0.77,0.534	0.061
0.713	0.772,1.0	-0.173
0.116	0.348,0.308	-0.212
0.683	0.818,0.282	0.133
0.258	0.128,0.161	0.113
0.133	0.206,0.143	-0.041
0.16	0.584,0.217	-0.24
1.0	0.874,1.0	0.063
0.761	0.867,0.847	-0.096
0.162	0.0,0.279	0.022
0.03	0.196,0.131	-0.134
1.0	0.226,NA	0.774
0.022	0.103,0.089	-0.074
0.118	0.166,0.04	0.015
0.036	0.104,0.12	-0.076
0.321	1.0,0.0	-0.179
0.035	0.215,0.159	-0.152
1.0	0.136,0.093	0.885
0.021	1.0,1.0	-0.979
0.376	1.0,1.0	-0.624
0.411	1.0,1.0	-0.589
0.397	0.266,0.116	0.206
0.97	1.0,0.93	0.005
0.192	0.441,0.264	-0.161
0.048	0.121,0.134	-0.08
0.184	0.03,0.09	0.124
0.713	1.0,1.0	-0.287
0.285	0.0,NA	0.285
0.408	0.433,0.309	0.037
0.637	0.845,0.619	-0.095
1.0	0.935,1.0	0.032
1.0	1.0,0.926	0.037
0.903	1.0,1.0	-0.097
0.0	0.254,0.0	-0.127
0.177	0.144,0.139	0.035
1.0	0.0,0.222	0.889
0.035	0.0,0.05	0.01
0.015	0.0,0.0	0.015
0.004	0.0,0.003	0.003
0.002	0.002,0.015	-0.007
0.002	0.002,0.005	-0.002
0.0	0.001,0.002	-0.002
0.361	0.489,0.526	-0.147
1.0	1.0,0.792	0.104
0.469	0.399,0.417	0.061
0.049	0.648,0.235	-0.393
0.059	0.068,0.152	-0.051
0.063	0.097,0.037	-0.004
0.152	0.436,0.354	-0.243
0.037	0.114,0.119	-0.079
0.684	0.302,1.0	0.033
0.542	0.175,0.0	0.455
0.131	0.171,0.159	-0.034
0.691	1.0,1.0	-0.309
0.852	1.0,1.0	-0.148
0.29	0.352,0.505	-0.139
0.522	1.0,1.0	-0.478
0.287	0.453,0.194	-0.037
0.04	0.215,0.072	-0.103
0.029	0.153,0.254	-0.175
0.0	0.071,0.315	-0.193
0.56	1.0,1.0	-0.44
0.008	0.19,0.0	-0.087
0.0	0.299,0.0	-0.149
0.068	0.0,0.259	-0.061
0.266	0.521,1.0	-0.494
0.0	0.071,0.2	-0.136
0.0	0.178,0.094	-0.136
0.0	0.025,0.0	-0.013
0.427	0.571,0.312	-0.015
0.0	0.19,0.13	-0.16
0.18	0.0,0.104	0.128
0.1	0.333,0.75	-0.442
1.0	NA,0.0	1.0
0.0	0.0,0.104	-0.052
0.815	0.914,0.902	-0.093
0.039	0.031,0.047	0.0
0.846	1.0,1.0	-0.154
0.471	1.0,1.0	-0.529
0.518	1.0,1.0	-0.482
0.003	0.005,0.008	-0.004
0.037	0.023,0.039	0.006
0.0	0.0,1.0	-0.5
0.0	0.212,0.098	-0.155
0.167	0.28,0.122	-0.034
0.0	0.03,0.027	-0.028
0.0	0.121,0.043	-0.082
1.0	0.589,1.0	0.206
0.226	0.737,0.226	-0.255
0.071	0.102,0.0	0.02
0.03	0.178,0.019	-0.068
0.122	0.16,0.072	0.006
0.639	1.0,1.0	-0.361
0.089	0.22,0.223	-0.133
0.04	0.026,0.024	0.015
0.129	0.167,0.135	-0.022
0.26	0.234,0.14	0.073
0.186	0.271,0.282	-0.09
0.071	0.087,0.065	-0.005
0.306	0.32,0.462	-0.085
0.05	0.032,0.024	0.022
0.934	1.0,0.898	-0.015
0.629	1.0,1.0	-0.371
0.052	0.056,0.079	-0.016
0.05	0.17,0.108	-0.089
1.0	0.931,0.629	0.22
0.0	0.252,0.403	-0.328
0.619	0.789,1.0	-0.276
0.273	0.441,0.324	-0.109
1.0	0.681,1.0	0.159
0.798	0.689,0.368	0.27
0.235	0.0,0.0	0.235
0.268	0.222,0.159	0.078
0.105	0.1,0.188	-0.039
0.077	0.119,0.097	-0.031
0.178	0.245,0.494	-0.192
0.0	0.222,0.116	-0.169
0.237	0.117,0.237	0.06
0.417	0.264,0.152	0.209
0.053	0.23,0.046	-0.085
0.598	0.249,1.0	-0.027
0.127	0.084,0.111	0.029
0.0	0.0,0.009	-0.004
0.0	0.046,0.077	-0.061
0.036	0.107,0.036	-0.035
0.055	0.107,0.071	-0.034
1.0	0.922,0.962	0.058
0.378	1.0,NA	-0.622
0.0	0.181,0.0	-0.09
1.0	0.647,0.81	0.271
1.0	1.0,0.612	0.194
0.095	0.31,0.239	-0.179
1.0	1.0,0.284	0.358
1.0	1.0,0.816	0.092
0.655	1.0,1.0	-0.345
0.482	0.0,1.0	-0.018
0.189	1.0,1.0	-0.811
0.021	0.036,0.024	-0.009
1.0	0.401,0.0	0.799
0.127	0.106,0.284	-0.068
0.934	0.951,1.0	-0.041
0.158	0.37,0.286	-0.17
1.0	0.731,1.0	0.135
0.105	0.13,0.137	-0.029
0.107	0.212,0.08	-0.039
0.477	0.549,1.0	-0.297
0.564	1.0,1.0	-0.436
0.101	0.0,0.123	0.04
1.0	0.773,0.817	0.205
1.0	NA,0.0	1.0
1.0	0.357,0.266	0.689
0.202	0.337,0.404	-0.169
0.231	0.475,1.0	-0.507
0.55	1.0,1.0	-0.45
0.493	0.652,0.571	-0.118
0.912	0.9,0.856	0.034
0.036	0.084,0.097	-0.054
0.015	0.324,0.107	-0.201
0.266	0.349,0.111	0.036
0.239	1.0,1.0	-0.761
0.13	0.101,0.0	0.08
0.0	0.0,0.031	-0.015
0.143	0.164,0.272	-0.075
0.338	1.0,NA	-0.662
0.229	0.269,0.247	-0.029
0.419	0.504,0.568	-0.117
0.027	0.014,0.0	0.02
0.044	0.036,0.023	0.014
0.433	0.291,0.495	0.04
0.109	0.019,0.046	0.076
1.0	0.296,0.296	0.704
0.0	0.039,0.235	-0.137
0.0	0.0,0.251	-0.126
0.007	0.105,0.074	-0.082
0.0	NA,0.053	-0.053
0.137	0.145,0.034	0.048
0.235	0.235,0.208	0.014
0.238	0.036,0.094	0.173
0.056	0.193,0.131	-0.106
0.284	0.553,0.375	-0.18
1.0	1.0,0.609	0.196
1.0	1.0,0.989	0.006
0.985	0.972,0.983	0.007
0.138	0.242,0.175	-0.07
0.449	0.834,0.517	-0.226
1.0	1.0,0.962	0.019
0.0	0.064,0.013	-0.038
0.339	NA,0.0	0.339
0.028	0.088,0.051	-0.041
0.0	0.0,0.068	-0.034
0.0	0.0,0.051	-0.025
0.095	0.103,0.112	-0.012
0.0	0.065,0.0	-0.033
0.214	NA,0.0	0.214
1.0	0.605,0.59	0.403
0.596	1.0,0.927	-0.368
0.0	0.0,0.168	-0.084
0.0	0.109,0.061	-0.085
0.157	0.085,0.067	0.081
1.0	0.254,NA	0.746
1.0	0.385,0.0	0.807
0.026	0.445,0.068	-0.231
0.066	0.458,0.153	-0.239
1.0	0.868,1.0	0.066
0.025	1.0,0.0	-0.475
0.551	0.324,0.345	0.217
1.0	0.753,1.0	0.123
0.106	0.678,0.731	-0.599
0.655	1.0,1.0	-0.345
0.52	1.0,0.507	-0.234
0.2	0.233,0.16	0.004
0.088	0.076,0.048	0.026
1.0	0.807,1.0	0.097
0.0	0.0,0.23	-0.115
0.182	0.667,0.77	-0.536
0.106	0.275,0.031	-0.047
0.963	1.0,1.0	-0.037
0.0	0.0,0.387	-0.194
1.0	0.36,1.0	0.32
0.11	1.0,0.11	-0.445
0.18	0.325,0.345	-0.155
1.0	0.303,0.0	0.849
0.029	0.027,0.074	-0.021
0.239	0.0,0.0	0.239
0.0	0.101,0.309	-0.205
0.0	0.026,0.063	-0.044
1.0	0.641,1.0	0.179
1.0	1.0,0.898	0.051
0.069	0.089,0.127	-0.039
1.0	0.761,1.0	0.119
0.0	0.05,0.012	-0.031
0.171	0.011,0.136	0.098
0.839	1.0,1.0	-0.161
0.043	0.095,0.092	-0.051
0.378	0.125,0.168	0.231
0.0	NA,1.0	-1.0
0.121	0.094,0.391	-0.121
0.812	1.0,0.575	0.025
0.847	0.91,0.771	0.006
0.774	1.0,0.709	-0.081
0.363	0.363,1.0	-0.319
1.0	1.0,0.566	0.217
1.0	1.0,0.475	0.262
0.529	0.536,0.392	0.065
1.0	0.807,1.0	0.097
0.034	0.049,0.031	-0.006
0.443	1.0,0.527	-0.321
1.0	1.0,0.536	0.232
0.168	0.118,0.0	0.109
0.771	1.0,0.0	0.271
0.0	0.163,0.0	-0.082
0.017	0.064,0.055	-0.042
0.057	0.064,0.03	0.01
0.077	0.054,0.048	0.026
0.031	0.035,0.025	0.001
0.019	0.005,0.006	0.013
0.031	0.063,0.033	-0.017
0.037	0.078,0.166	-0.085
0.041	0.017,0.017	0.024
0.886	1.0,1.0	-0.114
0.018	0.014,0.032	-0.005
1.0	1.0,0.699	0.151
1.0	1.0,0.608	0.196
0.0	1.0,NA	-1.0
0.589	1.0,0.589	-0.206
0.019	0.032,0.091	-0.042
1.0	0.598,0.147	0.627
0.319	0.258,0.271	0.054
0.136	0.079,0.0	0.097
0.31	1.0,NA	-0.69
0.112	0.167,0.153	-0.048
0.0	0.381,0.0	-0.191
0.0	0.39,0.138	-0.264
0.0	NA,1.0	-1.0
0.012	0.025,0.008	-0.005
0.23	NA,1.0	-0.77
0.053	0.047,0.136	-0.038
0.0	0.025,0.023	-0.024
0.103	1.0,1.0	-0.897
0.151	0.163,0.126	0.006
0.035	0.053,0.06	-0.021
0.063	0.113,0.115	-0.051
0.142	0.248,0.442	-0.203
0.092	0.253,0.258	-0.164
0.877	0.778,0.883	0.046
0.708	0.864,1.0	-0.224
1.0	0.423,1.0	0.288
0.763	1.0,0.913	-0.194
1.0	0.131,1.0	0.434
0.036	0.036,0.1	-0.032
0.071	0.11,0.077	-0.023
0.108	0.124,0.0	0.046
0.105	0.314,0.319	-0.212
0.045	0.519,0.32	-0.374
0.268	0.076,0.0	0.23
1.0	0.119,0.159	0.861
0.125	0.259,0.098	-0.053
1.0	0.735,1.0	0.133
1.0	1.0,0.248	0.376
0.059	0.13,0.043	-0.027
0.801	1.0,1.0	-0.199
0.152	0.455,0.63	-0.39
0.169	0.201,0.184	-0.023
0.988	0.947,0.9	0.065
0.05	0.13,0.094	-0.062
1.0	0.896,1.0	0.052
0.249	0.218,0.407	-0.064
0.283	0.283,0.327	-0.022
0.909	1.0,0.729	0.044
0.362	0.764,1.0	-0.52
0.0	0.026,0.099	-0.062
0.209	0.22,0.172	0.013
0.175	0.185,0.161	0.002
0.828	0.802,0.825	0.014
0.313	0.31,0.287	0.015
1.0	0.774,1.0	0.113
1.0	1.0,0.795	0.103
0.0	0.09,0.408	-0.249
0.203	0.483,0.307	-0.192
0.076	0.174,0.086	-0.054
0.72	0.873,0.745	-0.089
0.226	0.324,0.269	-0.07
0.531	0.654,0.795	-0.194
0.873	0.936,1.0	-0.095
1.0	1.0,0.488	0.256
1.0	1.0,0.779	0.111
0.356	0.67,1.0	-0.479
0.072	0.19,0.107	-0.076
0.013	0.106,0.052	-0.066
0.006	0.069,0.046	-0.052
1.0	0.227,1.0	0.386
0.01	0.078,0.068	-0.063
0.029	0.061,0.226	-0.115
0.223	0.414,0.412	-0.19
0.735	0.878,0.811	-0.11
0.969	1.0,1.0	-0.031
0.189	0.33,0.138	-0.045
0.047	0.053,0.029	0.006
1.0	0.836,1.0	0.082
0.953	0.851,1.0	0.027
0.123	0.106,0.175	-0.017
0.098	0.209,0.159	-0.086
0.23	0.274,0.132	0.027
0.676	0.848,0.845	-0.17
0.022	0.038,0.073	-0.033
0.031	0.022,0.041	-0.001
0.038	0.017,0.0	0.029
0.227	0.278,0.161	0.007
0.764	1.0,1.0	-0.236
0.973	1.0,1.0	-0.027
0.806	0.857,0.933	-0.089
0.687	1.0,0.825	-0.225
1.0	0.469,0.569	0.481
1.0	0.362,0.576	0.531
0.467	1.0,1.0	-0.533
0.091	0.195,0.094	-0.054
0.112	0.207,0.031	-0.007
0.158	0.227,0.128	-0.019
0.282	0.431,0.374	-0.12
1.0	1.0,0.729	0.135
0.626	0.658,0.525	0.034
0.083	0.225,0.0	-0.029
0.393	1.0,1.0	-0.607
1.0	0.963,1.0	0.018
1.0	1.0,0.974	0.013
0.473	1.0,1.0	-0.527
0.82	0.509,1.0	0.066
0.01	0.041,0.041	-0.031
1.0	0.815,1.0	0.093
0.586	0.723,1.0	-0.275
0.334	0.368,0.3	0.0
0.024	0.088,0.0	-0.02
0.07	0.741,1.0	-0.8
0.053	0.108,0.016	-0.009
0.029	0.202,0.127	-0.136
0.04	0.169,0.275	-0.182
1.0	1.0,0.642	0.179
0.338	0.551,1.0	-0.438
0.227	0.369,0.229	-0.072
0.102	0.152,0.096	-0.022
0.093	0.116,0.136	-0.033
1.0	0.904,1.0	0.048
0.186	0.192,0.207	-0.014
0.059	0.259,0.095	-0.118
0.0	0.0,0.474	-0.237
0.128	0.48,0.243	-0.233
0.374	0.572,0.395	-0.109
0.08	0.0,0.158	0.001
1.0	0.294,1.0	0.353
0.0	0.156,0.0	-0.078
1.0	0.647,1.0	0.176
1.0	0.973,0.79	0.119
1.0	1.0,0.426	0.287
0.057	0.163,0.147	-0.098
0.014	0.11,0.173	-0.127
0.013	0.288,0.155	-0.208
0.0	0.212,0.161	-0.186
0.696	0.891,1.0	-0.25
0.174	0.0,0.096	0.126
0.343	0.554,0.646	-0.257
0.293	0.504,0.742	-0.33
0.717	1.0,1.0	-0.283
0.106	0.069,0.33	-0.094
1.0	1.0,0.634	0.183
0.22	0.404,0.22	-0.092
0.053	0.347,0.347	-0.294
0.0	0.05,0.13	-0.09
0.041	0.057,0.081	-0.028
0.54	NA,1.0	-0.46
0.233	0.0,0.0	0.233
0.379	1.0,1.0	-0.621
0.47	0.525,0.624	-0.105
0.286	0.153,0.219	0.1
0.332	1.0,1.0	-0.668
0.259	0.18,0.168	0.085
0.151	0.276,0.167	-0.071
0.11	1.0,1.0	-0.89
0.056	0.138,0.172	-0.099
0.176	0.299,0.204	-0.076
1.0	0.967,1.0	0.016
0.022	0.063,0.088	-0.053
0.223	0.214,0.334	-0.051
0.437	0.688,0.292	-0.053
0.265	0.057,0.0	0.237
0.071	0.108,0.027	0.003
0.112	0.168,0.158	-0.051
1.0	0.0,0.238	0.881
0.0	0.226,0.0	-0.113
0.404	0.32,0.309	0.09
0.771	1.0,1.0	-0.229
0.048	0.22,0.236	-0.18
1.0	1.0,0.623	0.189
0.805	0.879,1.0	-0.134
0.301	0.275,0.127	0.1
0.132	0.323,0.42	-0.239
0.587	0.862,1.0	-0.344
0.187	0.166,0.21	-0.001
0.57	1.0,1.0	-0.43
0.799	0.299,0.773	0.263
0.848	0.716,0.692	0.144
0.952	0.854,0.904	0.073
0.415	0.472,0.373	-0.008
0.696	0.65,0.683	0.029
0.887	1.0,1.0	-0.113
0.096	0.093,0.156	-0.028
0.106	0.0,0.0	0.106
0.988	1.0,1.0	-0.012
0.569	0.877,0.345	-0.042
0.238	0.578,0.302	-0.202
1.0	0.942,1.0	0.029
0.0	0.14,0.048	-0.094
1.0	0.835,1.0	0.083
0.08	0.195,0.2	-0.118
0.166	0.124,0.241	-0.016
0.554	0.189,0.206	0.357
0.67	0.42,0.331	0.295
0.8	0.952,0.786	-0.069
0.681	0.409,0.518	0.218
1.0	0.153,0.351	0.748
0.131	1.0,0.502	-0.62
0.134	0.0,NA	0.134
0.201	NA,0.273	-0.072
0.117	0.179,0.175	-0.06
0.031	0.095,0.079	-0.056
1.0	0.957,1.0	0.022
0.085	0.427,0.295	-0.276
0.997	1.0,1.0	-0.003
1.0	0.936,1.0	0.032
0.011	0.029,0.04	-0.024
0.397	0.431,0.332	0.016
0.355	0.515,0.591	-0.198
0.239	0.136,0.456	-0.057
0.256	0.538,0.321	-0.173
0.457	0.798,0.741	-0.313
1.0	0.985,1.0	0.008
0.0	NA,1.0	-1.0
1.0	0.82,1.0	0.09
0.298	0.607,0.442	-0.226
1.0	0.904,1.0	0.048
0.121	0.296,0.449	-0.252
0.557	0.715,0.649	-0.125
0.0	0.447,0.301	-0.374
0.0	0.055,0.142	-0.098
0.126	1.0,0.278	-0.513
0.338	1.0,0.0	-0.162
0.44	0.364,0.141	0.188
0.953	0.724,0.388	0.397
0.178	0.08,0.085	0.095
0.771	0.7,0.582	0.13
0.103	0.22,0.124	-0.069
0.0	0.204,0.0	-0.102
0.0	0.399,0.0	-0.2
1.0	1.0,0.629	0.185
1.0	0.0,0.0	1.0
0.463	0.245,0.147	0.267
1.0	0.63,0.445	0.463
0.0	1.0,1.0	-1.0
0.0	0.03,0.051	-0.04
0.0	0.09,0.0	-0.045
0.142	0.142,0.142	0.0
1.0	0.346,0.585	0.534
0.379	0.52,0.799	-0.28
0.236	0.39,0.281	-0.1
1.0	0.783,1.0	0.109
0.256	0.409,0.266	-0.082
1.0	1.0,0.553	0.224
0.357	0.816,0.294	-0.198
0.919	0.834,0.585	0.21
0.431	1.0,NA	-0.569
0.0	0.213,0.0	-0.106
0.036	0.137,0.326	-0.196
0.0	0.029,0.322	-0.176
0.29	1.0,0.29	-0.355
0.058	0.072,0.3	-0.128
0.208	0.153,0.173	0.045
0.752	0.831,1.0	-0.163
0.203	0.124,0.154	0.064
0.128	0.216,0.055	-0.008
0.951	1.0,1.0	-0.049
0.051	0.465,0.129	-0.246
0.06	0.458,0.373	-0.355
0.094	0.058,0.054	0.038
0.04	0.263,0.143	-0.163
0.023	0.003,0.056	-0.007
0.01	0.02,0.094	-0.047
0.131	0.036,0.0	0.113
0.513	0.49,0.543	-0.003
0.81	0.895,0.699	0.013
0.045	0.192,0.288	-0.195
1.0	0.505,1.0	0.248
0.35	0.809,0.714	-0.412
0.173	0.05,0.037	0.13
0.045	0.23,0.498	-0.319
0.083	0.165,0.178	-0.088
0.174	0.29,0.19	-0.066
0.336	0.385,0.378	-0.045
0.0	0.365,0.103	-0.234
0.211	0.46,0.194	-0.116
0.223	0.192,0.16	0.047
1.0	1.0,0.911	0.044
0.083	0.053,0.071	0.021
1.0	0.935,0.894	0.085
0.695	0.841,0.599	-0.025
0.229	0.409,0.675	-0.313
1.0	1.0,0.666	0.167
0.768	0.756,1.0	-0.11
0.813	0.704,0.581	0.17
0.046	0.113,0.08	-0.051
0.869	1.0,0.9	-0.081
0.043	0.047,0.052	-0.007
0.008	0.011,0.011	-0.003
0.07	0.135,0.098	-0.046
0.985	0.985,0.984	0.001
0.0	0.162,0.0	-0.081
0.137	0.297,0.241	-0.132
0.061	0.156,0.304	-0.169
0.24	0.399,1.0	-0.46
0.095	0.208,0.0	-0.009
0.073	0.08,0.039	0.013
0.0	0.424,0.329	-0.377
0.083	0.027,0.0	0.07
0.231	0.373,0.355	-0.133
0.158	0.686,0.208	-0.289
0.49	0.872,0.959	-0.425
0.562	0.45,0.589	0.043
0.0	0.097,0.056	-0.076
0.173	0.571,0.842	-0.533
0.011	0.055,0.028	-0.031
0.067	0.054,0.018	0.031
1.0	0.511,NA	0.489
0.065	0.009,0.01	0.056
0.997	0.988,0.973	0.017
0.977	0.995,0.994	-0.017
0.044	0.007,0.005	0.038
0.006	0.0,0.0	0.006
0.006	0.014,0.032	-0.017
0.234	0.124,0.258	0.043
0.113	0.293,0.169	-0.118
0.162	0.218,0.218	-0.056
0.937	0.98,0.975	-0.04
0.436	0.744,0.816	-0.344
1.0	0.969,1.0	0.016
0.876	0.958,0.842	-0.024
0.761	0.805,0.789	-0.036
0.682	1.0,1.0	-0.318
0.908	0.69,0.516	0.305
0.106	0.431,1.0	-0.61
1.0	1.0,0.0	0.5
0.153	1.0,0.45	-0.572
0.111	0.316,0.511	-0.302
0.868	0.863,0.916	-0.021
0.023	0.048,0.094	-0.048
1.0	0.31,0.0	0.845
0.081	0.235,0.34	-0.206
0.459	0.172,0.022	0.362
0.901	1.0,1.0	-0.099
0.0	0.407,0.364	-0.385
0.1	0.139,0.117	-0.028
0.167	0.189,0.136	0.005
0.349	0.562,0.226	-0.045
0.138	0.113,0.109	0.027
0.899	0.831,0.876	0.046
0.034	0.051,0.035	-0.009
0.085	0.054,0.041	0.038
0.059	0.026,0.039	0.026
0.014	0.015,0.011	0.001
0.116	0.093,0.083	0.028
0.963	0.97,1.0	-0.022
0.973	1.0,1.0	-0.027
0.094	0.158,1.0	-0.485
0.257	1.0,1.0	-0.743
0.446	0.328,0.282	0.141
1.0	1.0,0.567	0.217
0.274	0.159,0.398	-0.005
0.953	0.927,1.0	-0.011
0.396	0.658,0.339	-0.103
1.0	0.408,0.257	0.667
0.291	0.159,0.105	0.159
0.49	0.0,0.242	0.369
0.145	0.127,0.097	0.033
0.922	1.0,0.85	-0.003
0.243	0.202,0.138	0.073
0.64	0.859,0.742	-0.16
0.215	0.271,0.365	-0.103
0.93	1.0,0.936	-0.038
0.93	1.0,0.837	0.012
0.838	0.946,1.0	-0.135
0.133	0.33,0.253	-0.158
0.708	0.911,1.0	-0.248
0.951	1.0,1.0	-0.049
1.0	0.126,1.0	0.437
0.0	0.182,1.0	-0.591
0.029	0.124,0.23	-0.148
0.283	0.513,0.513	-0.23
0.024	0.085,0.102	-0.07
0.096	0.103,0.188	-0.049
0.331	0.264,0.285	0.057
0.03	0.02,0.0	0.02
0.056	0.089,0.06	-0.018
0.0	0.133,0.0	-0.067
0.543	0.445,0.326	0.158
0.019	0.027,0.03	-0.009
0.012	0.021,0.014	-0.006
0.009	0.012,0.005	0.0
0.0	1.0,NA	-1.0
1.0	1.0,0.993	0.004
0.013	0.028,0.027	-0.015
0.046	0.077,0.037	-0.011
0.243	0.507,0.392	-0.207
0.015	0.035,0.034	-0.02
0.008	0.019,0.015	-0.009
0.765	0.604,0.742	0.092
0.028	0.067,0.023	-0.017
0.898	1.0,0.735	0.031
0.987	0.989,1.0	-0.007
0.181	0.407,0.295	-0.17
1.0	0.872,0.888	0.12
0.15	0.156,0.254	-0.055
1.0	0.142,1.0	0.429
0.318	0.449,0.202	-0.008
0.017	0.015,0.006	0.007
0.106	0.122,0.176	-0.043
0.085	1.0,0.514	-0.672
0.222	0.387,0.228	-0.085
0.052	0.117,0.084	-0.049
0.015	0.113,0.117	-0.1
0.016	0.046,0.065	-0.04
0.018	0.063,0.054	-0.04
1.0	1.0,0.255	0.373
1.0	0.761,1.0	0.119
0.043	0.282,0.325	-0.261
0.136	0.552,0.452	-0.366
0.887	0.99,0.997	-0.107
1.0	0.0,NA	1.0
0.039	0.016,0.04	0.011
0.0	0.064,0.0	-0.032
0.066	0.059,0.066	0.004
0.213	0.087,0.0	0.169
0.0	0.569,0.209	-0.389
1.0	0.979,1.0	0.01
0.402	0.716,0.367	-0.139
1.0	NA,0.405	0.595
0.103	0.017,0.01	0.089
0.098	0.167,0.149	-0.06
0.91	1.0,0.957	-0.068
0.207	NA,1.0	-0.793
0.0	0.373,0.106	-0.239
0.024	0.0,0.0	0.024
0.0	0.0,0.008	-0.004
1.0	0.322,0.295	0.692
0.538	0.28,0.237	0.28
0.0	0.279,0.0	-0.14
0.111	0.404,0.28	-0.231
1.0	0.923,1.0	0.038
0.216	0.161,0.328	-0.028
0.743	1.0,0.972	-0.243
0.909	1.0,0.825	-0.003
0.739	0.955,0.913	-0.195
0.79	1.0,1.0	-0.21
0.703	1.0,1.0	-0.297
1.0	0.633,1.0	0.183
0.406	1.0,NA	-0.594
1.0	0.589,0.0	0.706
1.0	0.932,0.815	0.127
0.291	0.518,0.568	-0.252
0.046	0.115,0.095	-0.059
1.0	1.0,0.971	0.014
0.357	0.301,0.52	-0.053
0.364	0.632,0.414	-0.159
0.363	0.31,0.301	0.057
0.001	0.0,0.004	-0.001
0.046	0.115,0.115	-0.069
0.146	0.255,0.507	-0.235
0.168	0.197,0.221	-0.041
0.167	0.0,0.49	-0.078
0.0	0.535,0.365	-0.45
0.0	0.633,0.0	-0.317
0.0	0.0,1.0	-0.5
0.223	0.341,0.267	-0.081
0.38	0.439,0.547	-0.113
0.123	0.276,0.306	-0.168
0.656	0.923,0.875	-0.243
0.984	1.0,1.0	-0.016
0.189	0.267,0.28	-0.085
0.91	0.975,1.0	-0.078
1.0	0.954,0.949	0.048
0.064	0.147,0.066	-0.042
0.269	1.0,1.0	-0.731
0.944	1.0,1.0	-0.056
1.0	1.0,0.671	0.164
0.219	0.299,0.376	-0.119
0.387	1.0,0.0	-0.113
0.79	NA,0.239	0.551
0.074	0.096,0.0	0.026
0.041	0.054,0.101	-0.036
0.0	0.0,0.074	-0.037
0.028	0.029,0.044	-0.008
0.068	0.134,0.105	-0.051
0.0	0.111,0.079	-0.095
0.309	0.853,0.862	-0.548
0.921	1.0,1.0	-0.079
0.946	1.0,1.0	-0.054
0.101	0.172,0.096	-0.033
0.0	0.011,0.02	-0.015
0.084	0.125,0.083	-0.02
0.009	0.012,0.013	-0.004
0.467	0.502,0.221	0.106
0.482	0.373,0.52	0.035
0.031	0.099,0.11	-0.074
0.667	0.843,0.709	-0.109
0.0	0.175,0.071	-0.123
0.015	0.052,0.103	-0.062
0.036	0.099,0.104	-0.066
0.233	0.234,0.2	0.016
0.077	0.218,0.061	-0.063
0.094	0.139,0.17	-0.061
0.031	0.01,0.022	0.015
0.187	0.28,0.121	-0.014
0.376	0.571,0.295	-0.057
0.897	0.964,0.725	0.052
0.039	0.044,0.032	0.001
1.0	0.982,1.0	0.009
0.178	0.465,0.42	-0.265
1.0	0.807,1.0	0.097
0.074	0.195,0.3	-0.173
0.722	0.911,0.864	-0.165
0.834	0.884,0.834	-0.025
0.074	0.088,0.065	-0.003
0.15	0.269,0.219	-0.094
0.204	0.226,0.429	-0.124
1.0	0.976,1.0	0.012
0.975	0.974,0.937	0.019
0.074	0.116,0.07	-0.019
0.018	0.021,0.023	-0.004
0.027	0.039,0.04	-0.013
0.009	0.039,0.112	-0.067
0.013	0.054,0.0	-0.014
0.023	0.0,0.054	-0.004
0.004	0.024,0.014	-0.015
0.021	0.036,0.071	-0.032
0.454	0.489,0.404	0.008
0.892	1.0,0.869	-0.042
0.025	0.134,0.116	-0.1
0.246	0.457,0.39	-0.177
0.698	1.0,0.855	-0.23
0.276	0.513,0.542	-0.252
0.0	0.0,0.051	-0.025
1.0	1.0,0.643	0.178
0.007	0.795,0.53	-0.656
0.346	0.613,0.48	-0.201
1.0	1.0,0.787	0.107
0.384	0.555,1.0	-0.394
0.614	0.445,0.33	0.226
1.0	0.806,0.409	0.392
0.167	0.112,0.028	0.097
0.073	0.416,0.327	-0.298
0.006	0.01,0.004	-0.001
0.015	0.022,0.021	-0.006
0.004	0.008,0.003	-0.001
0.013	0.015,0.015	-0.002
0.993	1.0,1.0	-0.007
0.004	0.005,0.004	-0.001
0.022	0.035,0.059	-0.025
0.163	0.139,0.116	0.036
0.082	0.061,0.064	0.02
1.0	0.793,0.382	0.412
0.098	0.046,0.038	0.056
0.083	0.078,0.171	-0.041
0.063	0.087,0.052	-0.006
0.369	1.0,1.0	-0.631
0.092	0.084,0.088	0.006
0.011	0.019,0.009	-0.003
0.047	0.063,0.052	-0.01
0.04	0.092,0.088	-0.05
0.177	0.428,1.0	-0.537
1.0	1.0,0.735	0.133
0.17	0.097,0.152	0.046
0.0	0.0,0.343	-0.172
0.0	0.0,0.014	-0.007
0.034	1.0,0.0	-0.466
0.065	0.104,0.12	-0.047
0.955	0.971,1.0	-0.031
0.781	0.709,0.907	-0.027
0.0	0.033,0.0	-0.017
0.042	0.042,0.092	-0.025
0.449	1.0,1.0	-0.551
1.0	0.0,NA	1.0
0.099	0.0,0.18	0.009
0.308	0.047,0.041	0.264
0.521	NA,1.0	-0.479
0.798	0.856,1.0	-0.13
0.0	0.029,0.008	-0.019
0.0	0.024,0.013	-0.018
0.466	0.643,0.516	-0.113
0.072	0.0,0.008	0.068
0.168	0.239,0.195	-0.049
1.0	0.6,1.0	0.2
0.499	0.449,0.751	-0.101
0.0	0.075,0.055	-0.065
0.0	0.0,0.016	-0.008
0.022	0.061,0.132	-0.075
0.331	0.292,0.577	-0.103
0.054	0.303,0.04	-0.117
0.096	0.114,0.042	0.018
0.049	0.028,0.099	-0.014
0.053	0.073,0.123	-0.045
0.146	0.146,0.072	0.037
0.047	0.106,0.015	-0.013
0.041	0.159,0.152	-0.114
0.812	0.981,1.0	-0.178
1.0	0.492,0.377	0.566
0.337	1.0,0.404	-0.365
0.0	1.0,1.0	-1.0
0.09	0.129,0.154	-0.052
0.934	0.991,1.0	-0.061
0.293	0.121,0.525	-0.03
0.518	NA,0.71	-0.192
0.238	NA,0.0	0.238
0.226	0.419,0.466	-0.216
1.0	0.99,1.0	0.005
0.683	1.0,1.0	-0.317
0.38	1.0,1.0	-0.62
0.039	0.035,0.032	0.005
0.339	0.608,0.615	-0.272
0.842	0.859,1.0	-0.088
0.885	0.909,0.821	0.02
0.816	0.974,0.958	-0.15
0.274	0.202,0.139	0.104
1.0	0.131,0.273	0.798
0.127	0.139,0.19	-0.038
1.0	1.0,0.52	0.24
0.121	0.0,0.0	0.121
0.372	0.083,NA	0.289
0.113	0.15,0.473	-0.199
0.015	0.016,0.003	0.005
0.034	0.042,0.035	-0.005
0.04	0.073,0.074	-0.033
0.031	0.036,0.019	0.004
0.031	0.067,0.165	-0.085
0.009	0.029,0.025	-0.018
0.091	0.234,0.159	-0.106
0.357	0.414,0.523	-0.112
0.452	0.655,0.603	-0.177
0.092	0.116,0.064	0.002
0.297	0.396,0.671	-0.237
0.269	0.343,0.221	-0.013
0.061	0.155,0.18	-0.106
0.349	0.365,1.0	-0.334
1.0	1.0,0.942	0.029
0.165	0.528,0.302	-0.25
0.273	0.087,0.142	0.159
0.003	0.007,0.005	-0.003
0.057	0.0,0.07	0.022
0.191	0.508,0.386	-0.256
0.0	1.0,0.13	-0.565
1.0	1.0,0.558	0.221
1.0	1.0,0.757	0.121
0.685	0.237,0.733	0.2
0.294	0.679,0.92	-0.506
0.24	0.248,0.631	-0.2
0.068	0.124,0.043	-0.015
0.059	0.057,0.033	0.014
0.031	0.062,0.01	-0.005
0.212	0.152,0.118	0.077
0.052	0.018,0.045	0.02
0.574	0.293,0.435	0.21
0.652	0.581,0.773	-0.025
0.0	1.0,0.35	-0.675
0.021	0.084,0.075	-0.058
0.035	0.087,0.062	-0.039
0.02	0.109,0.091	-0.08
0.098	0.119,0.202	-0.062
0.135	0.205,0.157	-0.046
0.667	1.0,1.0	-0.333
0.041	0.094,0.058	-0.035
0.0	0.17,0.267	-0.219
0.0	0.198,0.321	-0.26
0.016	0.0,0.0	0.016
0.433	1.0,0.641	-0.388
1.0	0.405,1.0	0.297
0.464	0.435,0.366	0.064
0.05	0.155,0.128	-0.092
0.351	0.256,0.295	0.076
0.116	0.113,0.12	-0.0
0.0	1.0,1.0	-1.0
0.036	0.028,0.193	-0.075
1.0	1.0,0.17	0.415
1.0	0.855,1.0	0.073
1.0	0.858,1.0	0.071
0.815	0.644,0.7	0.143
0.704	0.748,1.0	-0.17
0.013	0.019,0.02	-0.007
0.502	0.788,0.921	-0.353
0.052	0.098,0.179	-0.087
0.141	0.081,0.042	0.079
0.052	0.143,0.072	-0.055
0.653	0.876,1.0	-0.285
0.023	0.166,0.069	-0.095
0.734	0.791,0.774	-0.048
0.445	1.0,1.0	-0.555
1.0	1.0,0.994	0.003
1.0	0.864,1.0	0.068
1.0	0.589,0.85	0.28
1.0	0.476,0.339	0.593
0.129	0.295,0.296	-0.166
0.937	1.0,1.0	-0.063
0.49	1.0,1.0	-0.51
0.081	0.143,0.107	-0.044
1.0	0.383,1.0	0.308
0.198	0.546,0.383	-0.267
0.726	0.675,0.817	-0.02
1.0	1.0,0.943	0.028
0.013	0.042,0.037	-0.027
0.0	0.176,0.0	-0.088
0.053	0.283,0.0	-0.088
1.0	1.0,0.277	0.361
0.198	0.111,0.323	-0.019
0.343	0.349,0.515	-0.089
0.487	0.339,0.476	0.08
0.022	0.019,0.014	0.005
0.016	0.014,0.02	-0.001
0.77	0.809,0.797	-0.033
0.142	0.284,0.165	-0.082
0.65	1.0,1.0	-0.35
0.174	0.183,0.12	0.022
1.0	0.545,1.0	0.228
1.0	0.0,0.0	1.0
0.208	0.387,1.0	-0.486
1.0	0.48,1.0	0.26
0.0	1.0,NA	-1.0
0.992	1.0,1.0	-0.008
0.524	0.429,0.384	0.118
0.037	0.118,0.05	-0.047
1.0	0.903,1.0	0.048
0.996	0.994,1.0	-0.001
0.84	0.86,1.0	-0.09
0.992	0.989,0.994	0.0
1.0	0.998,1.0	0.001
0.42	0.618,0.636	-0.207
0.981	0.987,0.993	-0.009
1.0	0.998,1.0	0.001
0.174	0.221,0.215	-0.044
0.1	0.076,0.15	-0.013
0.071	0.069,0.049	0.012
0.057	0.056,0.062	-0.002
0.986	1.0,0.864	0.054
0.079	0.144,0.056	-0.021
0.228	0.0,0.094	0.181
1.0	0.0,NA	1.0
0.009	0.057,0.024	-0.032
0.117	0.0,0.453	-0.11
0.757	1.0,1.0	-0.243
0.498	0.698,0.597	-0.149
0.0	0.138,0.03	-0.084
0.06	0.015,0.02	0.042
0.856	1.0,1.0	-0.144
0.23	0.61,0.142	-0.146
0.0	NA,1.0	-1.0
0.27	0.56,0.196	-0.108
0.184	0.509,1.0	-0.571
0.19	0.225,0.269	-0.057
0.73	1.0,0.619	-0.08
0.213	0.253,0.172	0.001
0.935	0.976,0.908	-0.007
0.329	0.421,0.365	-0.064
0.0	0.094,0.075	-0.084
1.0	0.103,0.037	0.93
0.195	0.158,0.226	0.003
0.286	0.745,0.622	-0.398
0.063	0.008,0.023	0.048
0.291	0.313,0.302	-0.017
0.0	0.0,0.477	-0.238
0.0	0.0,0.442	-0.221
0.078	0.05,0.035	0.035
0.017	0.286,0.408	-0.33
0.161	0.189,0.0	0.067
0.162	0.356,0.303	-0.168
0.231	0.263,0.163	0.018
0.046	0.212,0.188	-0.154
0.044	0.423,0.181	-0.258
0.108	0.218,0.096	-0.049
0.022	0.053,0.0	-0.005
0.366	0.624,1.0	-0.446
0.166	0.447,0.554	-0.335
0.018	0.034,0.02	-0.009
0.027	0.041,0.048	-0.017
0.222	0.324,0.224	-0.052
0.109	0.058,0.049	0.055
1.0	0.831,1.0	0.085
0.294	0.431,1.0	-0.422
0.04	0.069,0.071	-0.03
0.067	0.148,0.11	-0.062
0.031	0.048,0.155	-0.071
1.0	0.866,1.0	0.067
0.075	0.272,0.099	-0.111
0.071	0.107,0.171	-0.068
1.0	1.0,0.538	0.231
0.02	0.039,0.051	-0.025
0.851	0.862,0.939	-0.049
0.704	0.899,0.805	-0.148
0.263	0.211,0.119	0.098
0.0	NA,1.0	-1.0
1.0	0.961,1.0	0.02
0.245	0.221,0.564	-0.147
0.0	0.045,0.124	-0.084
0.088	0.227,0.186	-0.119
0.058	0.547,0.468	-0.45
0.0	0.105,0.266	-0.185
1.0	0.334,1.0	0.333
1.0	0.953,1.0	0.024
0.045	0.189,0.598	-0.348
0.026	0.039,0.07	-0.029
0.0	0.174,0.0	-0.087
0.0	0.0,0.078	-0.039
0.047	0.116,0.155	-0.089
0.795	0.973,0.877	-0.13
0.934	0.909,0.752	0.104
0.028	0.078,0.051	-0.037
0.002	0.03,0.014	-0.02
0.0	0.0,0.024	-0.012
0.103	0.205,0.224	-0.112
0.043	0.044,0.018	0.012
0.088	0.082,0.067	0.013
0.071	0.095,0.136	-0.045
0.985	0.974,0.936	0.03
1.0	0.494,1.0	0.253
0.052	1.0,1.0	-0.948
0.885	1.0,1.0	-0.115
0.966	0.923,0.724	0.142
0.141	0.107,0.288	-0.056
0.124	0.0,0.0	0.124
1.0	0.5,0.411	0.544
0.794	1.0,0.879	-0.145
0.23	0.179,0.116	0.083
0.462	0.792,0.653	-0.261
0.222	0.161,0.138	0.072
0.289	0.247,0.302	0.015
0.421	0.446,0.538	-0.071
0.173	0.272,0.261	-0.094
0.158	0.239,0.296	-0.109
0.122	0.127,0.246	-0.065
0.042	0.041,0.161	-0.059
0.8	0.531,0.661	0.204
0.281	0.145,0.313	0.052
0.124	0.118,0.065	0.033
0.401	0.423,0.411	-0.016
0.437	0.705,0.778	-0.305
1.0	0.977,0.852	0.086
0.031	0.101,0.121	-0.08
0.088	0.226,0.456	-0.253
0.058	0.186,0.298	-0.184
0.066	0.092,0.132	-0.046
0.0	0.0,0.06	-0.03
0.458	0.823,0.832	-0.369
0.011	0.064,0.024	-0.033
0.175	0.267,0.339	-0.128
0.103	0.286,0.263	-0.171
0.681	0.476,0.372	0.257
0.0	0.014,0.0	-0.007
0.088	0.175,0.108	-0.053
0.21	0.3,0.421	-0.15
1.0	0.729,0.729	0.271
0.08	0.157,0.121	-0.059
0.06	0.078,0.062	-0.01
0.287	0.238,0.604	-0.134
0.073	0.136,0.0	0.005
0.092	0.16,0.129	-0.053
0.448	0.439,0.439	0.009
0.604	0.521,0.395	0.146
1.0	0.658,1.0	0.171
0.702	0.639,1.0	-0.118
1.0	0.82,1.0	0.09
0.0	0.033,1.0	-0.516
0.027	0.023,0.024	0.003
0.281	0.365,0.374	-0.088
0.577	0.462,0.498	0.097
0.144	0.077,0.0	0.105
0.156	0.077,0.0	0.117
0.627	0.716,0.599	-0.03
0.073	1.0,0.0	-0.427
0.183	0.092,0.359	-0.042
0.0	0.183,0.196	-0.19
1.0	1.0,0.714	0.143
1.0	1.0,0.654	0.173
0.434	0.552,1.0	-0.342
0.031	0.0,0.049	0.006
0.533	0.836,1.0	-0.385
0.162	0.241,0.262	-0.089
0.671	1.0,1.0	-0.329
0.056	NA,0.193	-0.137
1.0	0.0,NA	1.0
1.0	0.975,1.0	0.012
0.752	0.714,0.943	-0.077
0.883	1.0,0.992	-0.113
0.143	0.218,0.241	-0.086
0.083	0.58,1.0	-0.707
0.172	0.123,0.104	0.058
0.702	0.888,0.771	-0.128
0.048	0.068,0.047	-0.01
0.371	0.164,0.216	0.181
1.0	1.0,0.652	0.174
1.0	0.701,0.652	0.324
0.041	0.163,0.229	-0.155
0.955	0.97,0.976	-0.018
1.0	1.0,0.684	0.158
0.081	0.146,0.081	-0.032
0.062	0.158,0.172	-0.103
0.209	0.377,0.537	-0.248
0.641	0.381,0.364	0.269
0.947	0.878,0.777	0.119
0.022	0.029,0.033	-0.009
0.056	1.0,1.0	-0.944
0.359	0.304,0.318	0.048
0.236	0.746,0.486	-0.38
0.0	1.0,NA	-1.0
0.04	0.174,0.486	-0.29
0.017	0.08,0.064	-0.055
0.029	0.053,0.231	-0.113
0.049	0.048,0.032	0.009
0.952	0.948,0.935	0.01
0.736	0.684,0.97	-0.091
0.0	0.609,0.172	-0.39
1.0	0.426,0.182	0.696
0.0	0.068,0.013	-0.041
1.0	0.463,1.0	0.268
0.19	0.335,0.702	-0.328
0.068	0.179,0.358	-0.2
0.746	0.946,0.834	-0.144
0.091	0.262,0.258	-0.169
0.096	0.359,0.233	-0.2
0.066	0.062,0.02	0.025
0.031	0.012,0.014	0.018
0.0	1.0,1.0	-1.0
0.034	0.0,0.117	-0.025
0.298	0.401,0.296	-0.051
1.0	0.0,NA	1.0
0.205	0.174,0.142	0.047
0.0	0.0,0.565	-0.282
0.128	0.303,0.397	-0.222
0.396	0.559,0.406	-0.087
0.091	0.159,0.229	-0.103
0.0	1.0,1.0	-1.0
0.699	0.923,0.749	-0.137
0.278	0.248,0.183	0.063
0.299	0.637,0.515	-0.277
0.336	0.639,0.151	-0.059
0.938	1.0,1.0	-0.062
0.948	1.0,1.0	-0.052
0.706	0.886,0.855	-0.165
0.013	0.053,0.041	-0.034
0.972	1.0,1.0	-0.028
0.078	0.163,0.316	-0.161
0.096	0.221,0.151	-0.09
1.0	0.0,NA	1.0
0.142	0.19,0.147	-0.026
0.0	0.06,0.062	-0.061
0.0	0.506,0.0	-0.253
0.338	1.0,1.0	-0.662
1.0	1.0,0.308	0.346
1.0	1.0,0.922	0.039
0.0	0.276,0.214	-0.245
0.273	0.372,0.158	0.008
0.085	0.042,0.04	0.044
0.134	0.073,0.068	0.064
0.105	0.0,0.026	0.092
0.712	1.0,1.0	-0.288
0.943	1.0,1.0	-0.057
0.002	0.004,0.002	-0.001
0.881	0.851,0.889	0.011
0.866	1.0,1.0	-0.134
0.134	0.404,0.526	-0.331
0.022	0.069,0.163	-0.094
0.034	0.181,0.413	-0.263
0.168	0.287,0.483	-0.217
0.183	0.219,0.457	-0.155
0.032	0.087,0.02	-0.021
0.106	0.16,0.348	-0.148
1.0	0.0,1.0	0.5
1.0	0.109,0.07	0.91
1.0	0.788,1.0	0.106
0.027	0.071,0.142	-0.079
0.055	0.0,0.111	-0.001
0.073	0.0,0.174	-0.014
0.186	0.314,1.0	-0.471
1.0	0.316,0.649	0.517
1.0	0.986,1.0	0.007
1.0	0.962,1.0	0.019
0.299	0.282,0.074	0.121
0.221	0.0,0.0	0.221
0.288	0.057,0.146	0.186
0.188	0.481,0.431	-0.268
0.431	1.0,1.0	-0.569
0.402	0.806,0.811	-0.406
0.384	0.435,0.408	-0.037
1.0	1.0,0.92	0.04
0.081	0.091,0.11	-0.02
0.911	0.828,1.0	-0.003
0.058	0.082,0.075	-0.02
0.015	0.009,0.001	0.01
0.11	0.229,0.165	-0.087
0.068	0.149,0.105	-0.059
0.967	0.974,1.0	-0.02
0.045	1.0,0.234	-0.572
0.0	0.0,0.035	-0.018
0.419	0.168,0.347	0.161
0.412	0.296,0.381	0.073
0.21	0.211,0.346	-0.068
0.142	0.0,0.05	0.117
0.055	0.126,0.103	-0.059
0.41	0.652,0.667	-0.249
0.153	0.108,0.108	0.045
0.071	0.219,0.113	-0.095
0.184	0.286,0.211	-0.065
0.784	1.0,1.0	-0.216
0.205	0.162,0.492	-0.122
0.061	0.125,0.253	-0.128
0.297	0.192,0.188	0.107
1.0	0.975,1.0	0.012
0.121	0.16,0.112	-0.015
0.94	0.909,0.948	0.011
1.0	0.973,1.0	0.014
0.916	0.847,0.831	0.077
0.33	0.439,0.272	-0.026
0.0	0.661,0.196	-0.428
1.0	0.989,0.985	0.013
1.0	0.708,1.0	0.146
0.096	0.174,0.18	-0.081
0.062	0.092,0.091	-0.029
0.0	0.041,0.0	-0.021
0.152	0.0,0.133	0.085
1.0	0.552,0.351	0.548
0.385	0.557,0.185	0.014
1.0	0.91,1.0	0.045
1.0	0.437,1.0	0.281
1.0	1.0,0.383	0.308
0.091	0.005,0.0	0.088
0.011	0.039,0.08	-0.049
0.855	1.0,1.0	-0.145
0.875	1.0,1.0	-0.125
0.045	0.168,0.143	-0.111
1.0	1.0,0.587	0.207
0.548	NA,0.18	0.368
1.0	0.756,1.0	0.122
0.051	0.092,0.111	-0.051
0.028	0.055,0.119	-0.059
1.0	0.551,1.0	0.224
0.692	0.553,1.0	-0.085
0.029	0.058,0.032	-0.016
0.0	0.278,0.06	-0.169
0.0	0.0,0.461	-0.231
0.0	0.028,0.05	-0.039
0.0	0.013,0.01	-0.011
0.155	0.0,0.027	0.141
0.246	0.428,0.0	0.032
1.0	0.469,1.0	0.266
0.165	0.368,0.076	-0.057
0.054	0.323,0.157	-0.186
0.123	0.21,0.215	-0.089
0.395	0.103,0.169	0.259
0.0	0.01,0.034	-0.022
0.019	0.057,0.028	-0.024
1.0	0.765,1.0	0.117
0.398	1.0,0.142	-0.173
0.406	1.0,1.0	-0.594
0.158	0.282,0.498	-0.232
0.838	0.904,0.85	-0.039
0.021	0.071,0.042	-0.035
0.216	1.0,0.491	-0.53
0.102	0.086,1.0	-0.441
0.111	0.185,0.275	-0.119
0.551	0.629,0.949	-0.238
0.421	0.409,0.429	0.002
1.0	0.711,0.621	0.334
0.462	0.775,0.795	-0.323
0.021	0.039,0.178	-0.087
0.505	0.433,1.0	-0.212
0.075	0.075,0.27	-0.098
0.151	0.244,0.18	-0.061
0.501	0.93,0.789	-0.359
0.128	0.042,0.061	0.076
1.0	0.562,1.0	0.219
0.284	0.366,0.361	-0.08
1.0	0.0,0.319	0.841
0.111	0.254,0.137	-0.085
0.65	0.376,1.0	-0.038
1.0	0.945,1.0	0.028
0.014	0.024,0.131	-0.064
0.0	0.332,NA	-0.332
0.864	0.925,0.881	-0.039
1.0	0.73,0.785	0.242
0.41	0.374,0.375	0.035
1.0	1.0,0.974	0.013
0.681	0.88,0.751	-0.134
0.974	0.986,1.0	-0.019
0.353	0.45,0.403	-0.074
0.947	1.0,1.0	-0.053
0.599	0.464,0.644	0.045
1.0	0.848,0.594	0.279
0.098	0.041,0.045	0.055
0.13	0.21,0.177	-0.064
0.079	0.068,0.068	0.011
0.0	0.165,0.0	-0.083
0.147	0.084,0.153	0.028
0.38	1.0,1.0	-0.62
0.004	0.009,0.004	-0.002
0.0	0.0,0.023	-0.011
0.145	1.0,1.0	-0.855
1.0	NA,0.0	1.0
0.109	0.235,0.208	-0.112
0.947	1.0,1.0	-0.053
0.98	0.845,0.786	0.164
0.043	0.065,0.052	-0.015
0.911	1.0,0.714	0.054
0.079	0.102,0.106	-0.025
0.124	0.231,0.159	-0.071
0.061	0.02,0.037	0.033
1.0	1.0,0.578	0.211
0.925	0.649,0.823	0.189
0.561	1.0,1.0	-0.439
1.0	0.685,1.0	0.157
1.0	0.202,0.476	0.661
0.64	0.908,0.816	-0.222
0.08	1.0,0.439	-0.64
0.009	0.187,0.147	-0.158
0.348	0.613,0.703	-0.31
0.433	0.336,0.233	0.148
0.085	0.111,0.054	0.003
0.431	0.387,1.0	-0.263
0.302	0.393,0.0	0.105
0.944	0.958,0.924	0.003
0.036	0.1,0.134	-0.081
0.0	0.0,0.129	-0.065
0.157	0.337,0.258	-0.14
0.599	0.662,1.0	-0.232
0.352	0.379,0.119	0.103
0.256	0.371,0.273	-0.066
1.0	0.662,1.0	0.169
1.0	0.0,1.0	0.5
0.349	0.489,0.386	-0.089
0.338	1.0,0.861	-0.593
0.035	0.018,0.015	0.019
0.687	0.461,0.379	0.267
0.267	0.306,0.219	0.005
0.259	1.0,NA	-0.741
0.19	1.0,NA	-0.81
0.325	0.22,0.345	0.043
0.811	0.849,0.828	-0.027
0.081	0.052,0.012	0.049
0.164	0.501,0.696	-0.434
0.042	0.067,0.08	-0.032
0.189	0.056,0.035	0.144
0.708	0.822,1.0	-0.203
0.188	0.0,NA	0.188
0.0	0.0,0.041	-0.021
0.028	0.04,0.021	-0.002
0.261	0.841,1.0	-0.659
0.177	0.142,0.258	-0.023
1.0	1.0,1.0	0.0
0.004	0.008,0.007	-0.003
0.971	0.978,0.973	-0.005
1.0	0.846,0.984	0.085
0.033	0.082,0.111	-0.064
0.049	0.058,0.086	-0.023
1.0	0.966,1.0	0.017
0.042	0.032,0.058	-0.003
0.925	0.921,0.905	0.012
0.433	0.473,0.521	-0.064
0.974	0.973,0.93	0.022
0.99	0.985,1.0	-0.002
0.984	0.878,0.865	0.113
0.047	0.111,0.065	-0.041
0.172	0.349,0.207	-0.106
0.992	0.969,1.0	0.008
0.018	0.021,0.022	-0.003
0.048	0.107,0.037	-0.024
0.393	0.467,0.38	-0.03
1.0	0.96,1.0	0.02
0.311	0.442,0.555	-0.188
0.995	1.0,0.967	0.011
0.994	0.989,0.987	0.006
0.01	0.05,0.044	-0.037
0.0	1.0,NA	-1.0
0.202	0.107,0.163	0.067
1.0	0.603,0.364	0.516
0.127	0.03,0.061	0.082
0.886	0.827,0.92	0.013
0.061	0.214,0.05	-0.071
0.195	0.181,0.114	0.048
1.0	0.815,0.834	0.175
1.0	0.168,1.0	0.416
0.196	1.0,1.0	-0.804
0.055	0.686,0.144	-0.36
0.092	0.253,0.145	-0.107
0.702	0.823,0.686	-0.052
0.156	0.264,0.54	-0.246
1.0	NA,0.0	1.0
0.307	0.514,0.639	-0.27
0.179	0.401,0.325	-0.184
0.087	0.163,0.084	-0.037
0.054	0.077,0.062	-0.016
0.122	0.212,0.18	-0.074
0.0	0.05,0.047	-0.049
1.0	1.0,0.29	0.355
0.022	0.021,0.015	0.004
0.247	0.262,0.174	0.029
0.505	0.511,0.421	0.039
0.271	1.0,1.0	-0.729
0.0	0.079,1.0	-0.539
0.609	0.438,0.609	0.086
0.032	0.163,0.354	-0.227
1.0	0.453,1.0	0.273
0.188	0.336,0.398	-0.179
0.216	0.383,0.326	-0.139
0.211	0.267,0.106	0.024
0.028	0.038,0.061	-0.022
0.0	0.34,0.579	-0.46
0.0	0.169,0.218	-0.194
0.0	1.0,NA	-1.0
0.231	0.273,0.111	0.039
0.0	0.27,0.236	-0.253
0.045	0.554,0.449	-0.457
0.933	0.933,0.958	-0.012
0.203	0.547,0.771	-0.456
0.467	1.0,1.0	-0.533
0.074	0.077,0.161	-0.045
1.0	0.232,1.0	0.384
0.314	0.114,0.34	0.087
0.431	1.0,1.0	-0.569
0.396	0.6,0.649	-0.229
0.039	0.022,0.044	0.006
0.054	0.021,0.028	0.029
0.956	0.968,0.954	-0.005
0.107	0.049,0.04	0.062
0.088	0.042,0.051	0.041
0.067	0.131,0.128	-0.062
0.193	0.121,0.223	0.021
0.0	0.137,0.134	-0.136
0.691	0.332,0.52	0.265
0.065	1.0,NA	-0.935
0.319	0.322,0.306	0.005
0.318	0.225,0.367	0.022
0.824	1.0,1.0	-0.176
1.0	0.978,1.0	0.011
0.872	1.0,1.0	-0.128
0.282	0.044,0.11	0.205
1.0	0.59,1.0	0.205
0.337	0.23,0.255	0.095
1.0	0.871,1.0	0.065
0.145	0.123,0.059	0.054
0.062	0.094,0.058	-0.014
0.752	0.789,0.701	0.007
1.0	1.0,0.896	0.052
0.49	0.569,0.673	-0.131
0.111	0.072,0.128	0.011
0.067	0.073,0.039	0.011
0.0	0.0,0.055	-0.028
0.01	0.016,0.027	-0.011
0.216	0.341,0.405	-0.157
0.359	1.0,1.0	-0.641
0.197	0.0,0.0	0.197
0.044	0.03,0.026	0.016
1.0	0.946,1.0	0.027
0.063	NA,0.063	0.0
1.0	1.0,0.419	0.29
0.055	0.054,0.115	-0.03
1.0	0.785,0.823	0.196
0.077	0.057,0.123	-0.013
0.039	0.055,0.15	-0.064
0.449	0.213,0.14	0.273
0.0	0.108,0.0	-0.054
0.415	0.462,0.366	0.001
0.273	0.086,0.163	0.149
0.898	0.803,0.745	0.124
0.815	1.0,1.0	-0.185
0.064	0.069,0.109	-0.025
0.054	0.059,0.142	-0.046
0.197	0.42,0.309	-0.167
0.236	0.296,0.237	-0.03
0.728	0.763,1.0	-0.153
0.289	0.234,1.0	-0.328
0.242	0.188,0.057	0.119
0.155	0.57,1.0	-0.63
0.0	1.0,0.051	-0.525
0.661	0.63,0.597	0.048
0.041	0.055,0.028	-0.001
0.045	0.027,0.092	-0.014
0.0	0.043,0.024	-0.034
0.029	0.214,0.12	-0.138
0.004	0.0,0.0	0.004
0.432	0.656,0.106	0.051
0.966	0.981,0.979	-0.014
0.396	1.0,1.0	-0.604
0.583	0.583,1.0	-0.209
0.055	0.1,0.082	-0.036
0.073	0.083,0.089	-0.013
0.318	0.363,0.237	0.018
0.009	0.024,0.024	-0.015
0.0	1.0,NA	-1.0
0.112	0.03,0.03	0.082
0.028	0.368,0.08	-0.196
0.267	0.426,1.0	-0.446
0.106	0.036,0.018	0.079
0.05	0.055,0.025	0.01
0.165	0.345,0.108	-0.061
0.978	0.988,1.0	-0.016
0.028	0.083,0.059	-0.043
0.099	0.066,0.036	0.048
0.046	0.329,0.065	-0.151
0.228	0.547,0.535	-0.313
0.857	0.641,1.0	0.036
0.748	1.0,0.823	-0.163
1.0	1.0,0.894	0.053
0.044	0.2,0.218	-0.165
0.136	1.0,1.0	-0.864
0.039	0.128,0.124	-0.087
0.101	0.039,0.032	0.066
1.0	0.243,0.273	0.742
0.402	0.118,0.073	0.306
0.942	0.879,1.0	0.002
1.0	0.319,0.468	0.607
0.0	0.068,0.395	-0.232
1.0	1.0,0.215	0.392
0.0	0.437,0.079	-0.258
0.004	0.03,0.036	-0.029
0.156	0.331,0.332	-0.176
0.147	0.351,1.0	-0.528
0.433	0.258,0.322	0.143
0.271	0.125,0.051	0.183
1.0	1.0,0.685	0.157
0.481	0.361,0.806	-0.103
1.0	0.848,1.0	0.076
0.127	0.41,0.278	-0.217
0.378	0.061,0.233	0.231
0.625	0.485,0.761	0.002
0.043	0.19,0.084	-0.094
0.08	0.139,0.278	-0.129
0.029	0.042,0.029	-0.007
0.34	0.773,0.61	-0.351
0.088	0.237,0.345	-0.203
0.029	0.112,0.05	-0.052
0.061	0.196,0.524	-0.299
0.93	0.943,0.96	-0.021
0.0	1.0,1.0	-1.0
0.426	0.143,0.543	0.083
1.0	1.0,0.958	0.021
1.0	1.0,0.51	0.245
0.008	0.006,0.0	0.005
0.02	0.061,0.059	-0.04
0.063	0.119,0.149	-0.071
0.787	0.935,1.0	-0.18
0.051	0.047,0.07	-0.008
0.085	0.086,0.056	0.014
0.94	1.0,1.0	-0.06
0.024	0.035,0.063	-0.025
0.151	0.336,0.341	-0.188
0.395	0.498,0.461	-0.085
0.437	0.851,1.0	-0.488
1.0	0.299,0.353	0.674
0.886	0.916,0.91	-0.027
0.358	0.569,0.738	-0.295
0.414	0.042,0.389	0.198
0.0	0.091,0.326	-0.209
1.0	1.0,0.668	0.166
0.0	0.094,0.101	-0.098
1.0	0.0,0.0	1.0
0.232	0.0,0.0	0.232
0.068	0.107,0.179	-0.075
0.901	0.828,0.86	0.057
1.0	0.969,0.98	0.026
0.426	0.566,0.621	-0.167
0.179	0.277,0.211	-0.065
0.583	0.685,0.625	-0.072
0.0	0.138,NA	-0.138
0.022	0.032,0.044	-0.016
0.025	0.05,0.034	-0.017
0.505	1.0,1.0	-0.495
0.074	0.072,0.021	0.027
1.0	1.0,0.413	0.293
0.0	0.0,0.086	-0.043
0.533	0.426,0.279	0.18
1.0	0.925,1.0	0.037
0.098	0.264,0.422	-0.245
0.038	0.038,0.018	0.01
0.044	0.041,0.044	0.002
0.03	0.028,0.013	0.009
0.083	0.091,0.097	-0.011
0.076	0.137,0.079	-0.032
0.2	0.41,0.495	-0.253
1.0	0.616,0.616	0.384
0.521	1.0,0.477	-0.217
0.056	0.093,0.104	-0.043
1.0	0.53,1.0	0.235
1.0	0.503,0.669	0.414
0.0	0.0,0.241	-0.12
0.051	0.084,0.061	-0.022
0.081	0.076,0.0	0.043
0.126	0.135,0.316	-0.1
0.916	0.908,0.957	-0.016
0.19	0.327,0.496	-0.221
0.032	0.102,0.041	-0.039
0.567	0.4,0.383	0.175
0.135	0.149,0.199	-0.039
0.151	0.055,0.026	0.11
0.048	0.015,0.002	0.04
0.0	0.051,0.052	-0.051
0.084	0.064,0.103	0.001
0.064	0.113,0.246	-0.115
0.564	0.788,1.0	-0.33
0.11	0.154,0.158	-0.046
0.626	1.0,0.626	-0.187
0.031	0.032,0.006	0.012
0.844	1.0,1.0	-0.156
1.0	1.0,0.868	0.066
0.919	1.0,1.0	-0.081
0.673	0.873,1.0	-0.263
0.046	0.05,0.066	-0.012
0.031	0.044,0.035	-0.009
0.027	0.025,0.023	0.003
0.022	0.012,0.016	0.008
0.043	0.052,0.054	-0.01
0.009	0.016,0.014	-0.006
0.094	0.245,0.26	-0.159
0.08	0.132,0.128	-0.05
0.68	0.854,0.947	-0.22
0.031	0.048,0.032	-0.009
0.372	0.482,1.0	-0.369
0.0	0.329,0.128	-0.229
1.0	1.0,0.442	0.279
0.012	0.021,0.012	-0.005
0.019	0.021,0.028	-0.006
0.015	0.032,0.029	-0.015
0.009	0.006,0.005	0.003
0.253	0.365,0.215	-0.037
0.074	0.06,0.068	0.01
1.0	0.955,1.0	0.022
1.0	0.618,1.0	0.191
0.245	0.049,0.217	0.112
0.152	0.174,0.0	0.065
0.11	0.285,0.203	-0.134
0.268	0.453,0.126	-0.021
0.126	0.18,0.031	0.021
0.126	0.0,0.146	0.053
0.02	0.009,0.029	0.001
1.0	1.0,0.51	0.245
0.018	0.0,0.029	0.003
0.036	0.041,0.08	-0.025
0.007	0.03,0.026	-0.021
0.029	0.007,0.058	-0.003
0.01	0.166,0.047	-0.097
0.433	0.451,1.0	-0.293
0.04	0.027,1.0	-0.473
1.0	0.758,1.0	0.121
0.056	0.124,0.052	-0.032
0.0	0.0,0.491	-0.245
0.107	0.204,0.138	-0.064
0.118	1.0,1.0	-0.882
1.0	0.474,0.0	0.763
0.122	0.419,0.555	-0.365
0.033	0.031,0.074	-0.019
0.159	0.273,0.25	-0.103
0.69	1.0,1.0	-0.31
1.0	0.518,NA	0.482
0.15	0.176,0.295	-0.085
0.949	0.923,1.0	-0.013
0.782	0.661,0.815	0.044
0.328	0.45,0.454	-0.124
0.019	0.187,0.04	-0.095
0.1	0.214,0.083	-0.048
1.0	0.0,NA	1.0
0.896	0.882,0.935	-0.013
0.169	0.462,0.356	-0.24
1.0	NA,0.385	0.615
0.381	0.552,NA	-0.171
0.549	1.0,1.0	-0.451
0.887	0.847,0.854	0.036
0.522	0.406,0.425	0.107
0.402	0.628,0.834	-0.329
1.0	0.919,1.0	0.04
0.488	0.518,0.768	-0.155
0.824	0.931,0.845	-0.064
0.169	0.337,0.167	-0.083
0.763	0.872,0.716	-0.031
0.417	0.718,0.29	-0.087
0.651	0.762,0.767	-0.113
1.0	0.852,1.0	0.074
0.122	0.206,0.23	-0.096
0.098	0.121,0.145	-0.035
1.0	0.771,1.0	0.115
0.131	0.911,0.743	-0.696
0.043	0.173,0.303	-0.195
0.463	0.538,0.238	0.075
0.885	0.872,0.674	0.112
1.0	0.959,1.0	0.02
0.075	0.054,0.036	0.03
0.929	1.0,0.954	-0.048
0.37	0.342,0.246	0.076
0.467	0.598,0.751	-0.207
0.33	0.467,0.166	0.014
0.0	0.099,0.076	-0.087
0.041	0.087,0.044	-0.025
0.29	0.604,0.813	-0.418
0.182	0.093,0.069	0.101
0.0	0.073,0.0	-0.036
1.0	0.747,1.0	0.127
0.065	0.035,0.035	0.03
0.0	0.056,0.0	-0.028
1.0	0.98,1.0	0.01
0.241	0.67,0.503	-0.346
0.318	0.616,0.708	-0.344
1.0	0.722,0.932	0.173
0.012	0.031,0.03	-0.018
0.839	1.0,0.947	-0.135
0.043	0.332,0.271	-0.259
1.0	1.0,0.795	0.103
0.214	0.621,0.403	-0.298
0.043	0.428,0.473	-0.408
0.04	0.1,0.075	-0.047
0.0	0.192,0.263	-0.228
0.092	0.473,0.327	-0.308
0.208	0.155,0.277	-0.008
0.856	1.0,1.0	-0.144
1.0	0.79,0.799	0.206
0.594	1.0,0.8	-0.306
0.579	0.735,0.798	-0.188
1.0	0.852,0.801	0.173
1.0	0.851,1.0	0.075
0.138	0.101,0.0	0.088
0.0	1.0,NA	-1.0
0.038	0.04,0.023	0.006
0.144	0.13,0.088	0.035
0.034	0.01,0.009	0.025
0.084	0.043,0.022	0.052
0.041	0.054,0.024	0.002
0.372	1.0,0.0	-0.128
0.007	0.009,0.01	-0.002
0.017	0.044,0.0	-0.005
0.029	0.04,0.033	-0.008
0.311	1.0,0.311	-0.344
0.243	0.216,1.0	-0.365
1.0	0.095,0.149	0.878
0.0	0.386,0.0	-0.193
0.0	0.245,0.0	-0.122
0.39	0.0,0.39	0.195
0.073	0.0,0.0	0.073
0.162	0.183,0.412	-0.135
0.771	0.849,0.457	0.118
0.148	0.258,0.207	-0.084
0.168	0.067,0.048	0.111
0.92	1.0,1.0	-0.08
0.437	0.831,0.538	-0.247
0.183	0.619,0.465	-0.359
0.923	1.0,0.802	0.022
0.979	1.0,1.0	-0.021
0.245	0.37,0.709	-0.294
0.293	0.287,0.307	-0.004
0.11	0.189,0.125	-0.047
0.15	0.367,0.249	-0.158
0.17	0.197,0.189	-0.023
0.082	0.062,0.035	0.034
1.0	1.0,0.823	0.089
0.116	0.208,0.156	-0.066
0.619	0.502,0.334	0.201
0.129	0.081,0.063	0.057
0.124	0.084,0.05	0.057
0.058	0.043,0.044	0.015
0.024	0.052,0.025	-0.014
1.0	0.909,1.0	0.045
0.6	0.722,0.717	-0.12
0.185	0.147,0.1	0.061
0.081	0.258,0.364	-0.23
0.014	0.067,0.03	-0.035
0.854	0.815,0.863	0.015
0.269	0.748,0.667	-0.439
1.0	0.793,1.0	0.103
0.153	0.127,0.111	0.034
0.051	0.18,0.205	-0.142
0.019	0.107,0.087	-0.078
0.171	0.395,0.794	-0.423
0.764	0.639,0.615	0.137
0.787	0.774,0.829	-0.014
0.501	0.641,0.499	-0.069
0.002	0.045,0.0	-0.02
0.809	1.0,0.777	-0.08
0.947	1.0,1.0	-0.053
0.088	0.058,0.063	0.027
0.156	0.109,0.101	0.051
0.497	1.0,1.0	-0.503
0.05	0.024,0.025	0.026
0.148	0.328,1.0	-0.516
1.0	0.58,0.128	0.646
0.714	1.0,1.0	-0.286
0.051	0.167,0.157	-0.111
0.025	0.053,0.042	-0.022
0.079	0.109,0.109	-0.03
0.065	0.179,0.142	-0.095
0.093	0.121,0.126	-0.03
0.791	0.872,1.0	-0.145
0.048	0.05,0.033	0.006
0.768	1.0,1.0	-0.232
0.005	0.0,0.0	0.005
0.03	0.469,0.1	-0.254
0.265	0.448,1.0	-0.459
0.123	0.117,0.054	0.037
0.169	0.182,0.061	0.048
0.172	0.203,0.175	-0.017
0.0	1.0,1.0	-1.0
0.0	0.609,0.0	-0.304
0.008	0.029,0.044	-0.028
0.024	0.144,0.101	-0.099
0.344	1.0,NA	-0.656
0.0	0.0,0.11	-0.055
1.0	0.46,1.0	0.27
0.038	0.0,1.0	-0.462
0.183	0.0,0.642	-0.138
1.0	0.116,0.164	0.86
0.372	1.0,0.596	-0.426
0.0	0.0,0.139	-0.07
0.0	1.0,1.0	-1.0
0.006	0.13,0.398	-0.258
1.0	0.669,1.0	0.165
0.969	1.0,1.0	-0.031
0.096	0.111,0.053	0.014
1.0	0.44,0.355	0.603
0.095	0.048,0.103	0.02
0.021	0.028,0.072	-0.029
0.025	0.039,0.016	-0.002
0.0	0.405,0.576	-0.49
0.176	0.399,0.235	-0.141
1.0	0.975,1.0	0.012
0.105	0.0,0.0	0.105
0.0	0.437,1.0	-0.719
1.0	0.187,0.551	0.631
0.624	0.78,0.909	-0.221
0.166	1.0,0.57	-0.619
0.959	0.962,0.879	0.038
0.858	0.673,0.589	0.227
0.594	0.794,0.867	-0.237
0.875	0.696,1.0	0.027
0.096	0.175,0.0	0.009
0.018	0.092,0.0	-0.028
0.021	0.051,0.096	-0.052
0.011	0.017,0.009	-0.002
0.03	0.05,0.078	-0.034
1.0	0.917,1.0	0.041
0.865	0.953,0.96	-0.091
0.015	0.03,0.051	-0.025
0.966	0.964,0.986	-0.009
0.033	0.013,0.01	0.022
0.091	0.033,0.046	0.051
0.067	0.078,0.032	0.012
0.132	0.079,0.062	0.061
1.0	1.0,0.936	0.032
0.102	0.059,0.051	0.047
0.242	0.434,1.0	-0.475
0.069	0.034,0.012	0.046
0.136	1.0,0.0	-0.364
0.552	0.823,0.901	-0.31
0.207	0.545,0.686	-0.409
0.249	0.385,0.267	-0.077
0.0	0.294,0.0	-0.147
0.043	0.111,0.122	-0.073
1.0	0.73,0.874	0.198
0.35	0.509,0.763	-0.286
1.0	1.0,0.9	0.05
1.0	0.865,0.738	0.199
0.303	0.407,0.313	-0.057
1.0	0.619,1.0	0.191
0.313	1.0,0.901	-0.637
0.083	0.244,0.196	-0.137
0.946	1.0,1.0	-0.054
0.301	0.305,0.252	0.023
0.127	0.254,0.134	-0.067
0.63	1.0,1.0	-0.37
1.0	0.912,1.0	0.044
0.456	0.586,0.543	-0.108
0.931	1.0,1.0	-0.069
0.06	1.0,NA	-0.94
0.042	0.155,0.066	-0.069
0.311	0.547,0.67	-0.298
0.818	1.0,0.81	-0.087
0.199	0.342,0.416	-0.18
0.018	0.018,0.024	-0.003
1.0	0.906,1.0	0.047
0.345	0.418,0.655	-0.192
0.219	1.0,0.36	-0.461
0.096	0.108,0.0	0.042
0.129	0.237,0.189	-0.084
0.823	0.868,0.678	0.05
0.264	0.243,0.181	0.052
0.219	0.159,0.059	0.11
0.042	0.0,0.162	-0.039
0.052	0.0,0.0	0.052
0.0	0.336,0.432	-0.384
0.238	0.533,1.0	-0.528
0.008	0.013,0.005	-0.001
0.0	0.0,0.013	-0.006
0.022	0.046,0.028	-0.015
0.062	0.061,0.036	0.013
1.0	0.851,1.0	0.075
0.458	0.615,0.429	-0.064
0.929	0.771,0.478	0.304
0.0	0.184,0.0	-0.092
0.106	0.193,0.183	-0.082
0.127	0.256,0.257	-0.13
0.33	0.42,0.475	-0.117
0.0	0.111,0.187	-0.149
0.397	0.828,0.375	-0.204
0.191	0.373,0.347	-0.169
0.952	0.933,1.0	-0.015
0.332	1.0,0.163	-0.249
1.0	1.0,0.126	0.437
0.045	0.113,0.272	-0.148
0.043	0.139,0.112	-0.083
0.864	0.826,0.841	0.031
0.994	0.987,0.986	0.008
0.824	0.841,0.859	-0.026
0.022	0.304,0.148	-0.204
1.0	0.542,1.0	0.229
0.167	0.44,0.54	-0.323
0.066	0.171,0.197	-0.118
0.028	0.091,0.046	-0.041
0.034	0.036,0.066	-0.017
0.623	1.0,1.0	-0.377
0.086	0.185,0.168	-0.09
0.377	0.167,0.152	0.217
0.041	0.012,0.06	0.005
0.185	0.258,0.299	-0.093
1.0	NA,0.218	0.782
0.935	1.0,1.0	-0.065
0.489	1.0,0.643	-0.333
1.0	0.243,0.311	0.723
1.0	0.868,0.594	0.269
0.076	0.123,0.128	-0.05
0.005	0.112,0.055	-0.079
0.003	0.0,0.019	-0.006
0.982	1.0,1.0	-0.018
0.479	0.869,0.781	-0.346
1.0	1.0,0.931	0.034
0.37	1.0,0.846	-0.553
0.059	0.081,0.053	-0.008
0.04	0.124,0.024	-0.034
1.0	0.949,1.0	0.026
0.876	0.902,0.873	-0.011
0.974	0.989,0.943	0.008
0.657	0.677,0.624	0.006
0.396	1.0,0.33	-0.269
1.0	0.918,0.946	0.068
0.246	0.612,0.389	-0.254
0.226	0.281,0.243	-0.036
0.695	0.615,0.571	0.102
0.976	0.977,0.983	-0.004
0.962	0.991,1.0	-0.034
0.936	0.969,0.948	-0.022
0.989	0.994,0.976	0.004
0.638	0.739,0.643	-0.053
0.462	0.536,0.55	-0.081
0.539	0.533,0.478	0.033
0.138	0.222,0.177	-0.061
0.111	0.139,0.161	-0.039
0.065	0.028,0.031	0.036
0.364	0.699,0.725	-0.348
0.113	0.364,0.494	-0.316
0.063	0.148,0.095	-0.058
0.009	0.0,0.0	0.009
0.0	0.191,0.173	-0.182
0.069	0.034,0.051	0.027
0.004	0.024,0.018	-0.017
0.007	0.022,0.016	-0.012
0.005	0.008,0.011	-0.004
0.0	1.0,1.0	-1.0
0.06	0.194,0.088	-0.081
0.08	0.21,0.314	-0.182
0.135	0.217,0.081	-0.014
0.754	0.887,0.729	-0.054
0.454	0.131,1.0	-0.111
0.142	0.16,0.189	-0.033
0.053	0.103,0.069	-0.033
0.034	0.0,0.181	-0.056
0.017	0.052,0.027	-0.022
1.0	0.723,1.0	0.139
1.0	0.671,1.0	0.164
0.06	0.082,0.036	0.001
1.0	0.637,1.0	0.181
0.306	0.512,0.497	-0.198
1.0	0.966,1.0	0.017
0.053	0.135,0.148	-0.089
0.171	0.669,0.343	-0.335
0.011	0.084,0.15	-0.106
0.163	0.253,0.345	-0.136
0.093	0.137,0.134	-0.043
1.0	0.966,1.0	0.017
0.021	0.075,0.062	-0.048
0.053	0.108,0.08	-0.041
0.246	0.358,0.402	-0.134
0.145	0.264,0.149	-0.062
0.802	0.794,0.907	-0.048
0.373	0.406,0.282	0.029
0.417	0.44,0.332	0.031
1.0	0.925,1.0	0.037
0.101	0.105,0.019	0.039
1.0	0.683,1.0	0.158
0.657	0.673,0.721	-0.04
0.607	0.646,0.731	-0.082
0.98	0.986,0.967	0.004
0.893	0.973,0.926	-0.056
0.331	1.0,0.295	-0.316
0.696	1.0,1.0	-0.304
0.52	1.0,1.0	-0.48
0.01	0.007,0.01	0.001
1.0	0.727,0.924	0.174
1.0	0.703,1.0	0.149
0.804	0.669,0.645	0.147
1.0	NA,0.175	0.825
0.027	0.044,0.024	-0.007
0.0	0.006,0.0	-0.003
0.798	0.883,0.837	-0.062
0.015	0.013,0.023	-0.003
0.049	0.031,0.055	0.006
0.631	0.766,1.0	-0.252
1.0	1.0,0.811	0.095
0.0	0.0,1.0	-0.5
0.176	0.457,0.143	-0.124
0.084	0.219,0.138	-0.094
0.09	0.373,0.215	-0.204
1.0	0.751,1.0	0.125
0.344	0.833,0.51	-0.328
0.618	1.0,1.0	-0.382
0.682	1.0,1.0	-0.318
0.022	0.008,0.027	0.004
0.0	0.066,0.0	-0.033
0.046	0.056,0.086	-0.025
0.945	0.959,1.0	-0.035
0.117	0.149,0.2	-0.057
0.061	0.081,0.206	-0.082
1.0	0.979,0.988	0.016
0.997	1.0,1.0	-0.003
0.979	1.0,1.0	-0.021
0.184	0.232,0.179	-0.022
0.646	1.0,0.753	-0.231
1.0	1.0,0.381	0.309
0.0	0.0,0.047	-0.024
1.0	0.25,0.18	0.785
0.288	0.478,1.0	-0.451
1.0	1.0,0.824	0.088
0.82	1.0,0.535	0.052
0.113	0.223,0.167	-0.082
0.959	0.746,1.0	0.086
0.151	0.159,0.176	-0.016
0.479	1.0,1.0	-0.521
0.246	0.131,0.505	-0.072
0.199	0.175,0.133	0.045
0.236	0.644,0.613	-0.393
0.14	0.0,0.062	0.109
0.171	0.135,0.209	-0.001
0.649	0.519,1.0	-0.111
0.141	0.31,0.163	-0.096
0.256	0.202,0.18	0.065
0.264	0.327,0.211	-0.005
0.256	1.0,1.0	-0.744
0.106	0.359,0.22	-0.183
0.062	0.21,0.168	-0.127
0.033	0.198,0.055	-0.093
0.047	0.115,0.248	-0.135
0.168	0.264,0.146	-0.037
0.089	0.243,0.214	-0.139
0.973	1.0,1.0	-0.027
0.165	0.315,0.311	-0.148
0.113	0.119,0.266	-0.08
1.0	0.641,1.0	0.179
0.146	0.237,0.281	-0.113
0.027	0.028,0.021	0.002
0.01	0.01,0.015	-0.003
0.041	0.025,0.048	0.004
0.148	0.168,0.246	-0.059
0.17	0.385,0.575	-0.31
0.0	0.0,0.363	-0.181
0.31	0.2,0.272	0.074
0.143	1.0,0.0	-0.357
1.0	NA,0.0	1.0
0.135	0.135,0.28	-0.073
0.341	0.162,1.0	-0.24
0.233	0.316,0.25	-0.05
0.255	0.183,0.184	0.072
0.328	0.212,0.229	0.108
0.942	0.926,0.858	0.05
0.324	0.154,0.163	0.166
0.984	0.952,1.0	0.008
0.202	0.108,0.168	0.064
0.37	0.402,0.362	-0.012
0.382	0.22,0.246	0.149
0.191	0.1,0.115	0.083
0.249	0.254,0.268	-0.012
0.134	0.058,0.113	0.049
0.0	0.839,0.085	-0.462
0.548	0.454,0.718	-0.038
0.869	1.0,1.0	-0.131
0.0	0.0,1.0	-0.5
0.394	0.925,1.0	-0.569
0.37	0.522,0.362	-0.072
0.393	0.74,0.776	-0.365
0.293	0.347,0.304	-0.033
0.012	0.026,0.049	-0.025
0.086	0.299,0.239	-0.183
0.982	0.953,0.967	0.022
0.958	1.0,0.827	0.044
0.233	1.0,NA	-0.767
0.749	0.658,1.0	-0.08
0.015	0.02,0.028	-0.009
0.002	0.001,0.002	0.001
1.0	0.115,0.245	0.82
0.305	0.336,1.0	-0.363
0.492	0.678,1.0	-0.347
1.0	0.971,1.0	0.014
0.899	0.958,0.906	-0.033
0.12	0.255,0.189	-0.102
0.151	0.111,0.555	-0.182
0.01	0.014,0.015	-0.004
0.131	0.099,0.045	0.059
0.482	0.238,0.536	0.095
0.974	1.0,1.0	-0.026
0.314	0.183,0.235	0.105
0.224	0.428,0.339	-0.16
0.051	0.178,0.123	-0.1
0.093	0.302,0.401	-0.259
0.069	0.037,0.024	0.039
0.715	1.0,1.0	-0.285
0.073	0.677,1.0	-0.766
0.62	1.0,0.149	0.045
0.0	0.022,0.055	-0.038
0.0	0.042,0.052	-0.047
0.0	0.0,0.214	-0.107
0.305	0.354,0.868	-0.306
0.148	0.239,0.15	-0.047
0.0	0.0,1.0	-0.5
1.0	0.17,0.291	0.77
0.579	0.635,0.534	-0.006
0.947	1.0,1.0	-0.053
0.032	0.036,0.044	-0.008
0.116	0.116,NA	0.0
0.837	1.0,0.658	0.008
0.191	0.091,0.105	0.093
0.0	0.0,1.0	-0.5
0.341	1.0,1.0	-0.659
0.108	0.063,0.082	0.035
0.911	1.0,1.0	-0.089
0.201	0.137,0.278	-0.007
1.0	0.829,1.0	0.086
1.0	0.745,1.0	0.127
0.831	0.799,1.0	-0.069
0.321	0.178,0.394	0.035
0.034	0.054,0.037	-0.011
0.0	0.0,0.116	-0.058
0.696	0.767,0.762	-0.069
0.61	1.0,1.0	-0.39
0.889	0.793,0.762	0.111
0.798	0.791,1.0	-0.097
0.05	0.18,0.013	-0.046
0.057	0.152,1.0	-0.519
0.0	0.191,0.239	-0.215
0.0	0.086,0.0	-0.043
0.11	0.141,0.049	0.015
0.087	0.109,0.533	-0.234
0.0	0.091,0.044	-0.068
1.0	1.0,0.319	0.341
0.075	0.131,0.119	-0.05
0.013	0.037,0.024	-0.018
0.094	0.138,0.028	0.011
1.0	0.936,1.0	0.032
0.363	0.378,0.41	-0.031
0.444	0.583,0.506	-0.1
0.184	0.26,0.233	-0.062
0.972	0.897,0.917	0.065
0.175	0.099,0.488	-0.118
0.0	0.02,0.05	-0.035
0.0	0.0,0.395	-0.198
0.013	0.02,0.0	0.003
0.969	0.953,1.0	-0.007
0.078	0.038,0.051	0.034
0.538	0.325,1.0	-0.124
0.277	0.151,0.263	0.07
1.0	0.793,1.0	0.103
0.186	0.219,0.259	-0.053
1.0	0.898,1.0	0.051
1.0	0.782,1.0	0.109
0.0	1.0,0.577	-0.788
0.14	1.0,1.0	-0.86
0.287	0.108,0.096	0.185
0.719	1.0,1.0	-0.281
0.109	0.259,0.143	-0.092
0.66	0.79,0.64	-0.055
0.93	0.956,1.0	-0.048
0.067	0.249,0.061	-0.088
1.0	0.617,1.0	0.192
0.061	0.019,0.042	0.03
0.051	0.01,0.015	0.038
0.29	0.16,0.383	0.018
0.044	0.035,0.035	0.009
0.0	0.078,0.0	-0.039
0.717	0.839,0.935	-0.17
0.182	0.348,0.34	-0.162
0.807	0.885,0.951	-0.111
0.19	0.568,0.29	-0.239
0.119	0.223,0.159	-0.072
0.151	0.204,0.157	-0.029
0.113	0.177,0.094	-0.023
0.052	0.073,0.058	-0.014
0.906	1.0,1.0	-0.094
0.066	0.061,0.074	-0.002
0.11	0.303,0.147	-0.115
0.235	0.652,0.811	-0.497
0.156	0.563,0.44	-0.345
0.11	0.139,0.143	-0.031
0.0	1.0,1.0	-1.0
0.053	0.036,0.061	0.004
0.047	0.058,0.087	-0.025
0.258	0.276,0.237	0.002
0.008	0.011,0.012	-0.003
0.053	0.0,NA	0.053
0.128	0.396,0.348	-0.244
1.0	0.0,0.0	1.0
0.978	1.0,1.0	-0.022
0.177	0.31,0.48	-0.218
0.015	0.005,0.008	0.008
0.0	0.074,0.02	-0.047
0.105	0.022,0.067	0.06
1.0	0.0,1.0	0.5
0.0	0.014,0.002	-0.008
0.0	0.101,0.237	-0.169
0.0	1.0,1.0	-1.0
0.148	0.46,0.498	-0.331
1.0	0.745,1.0	0.127
0.346	0.594,0.54	-0.221
0.545	0.112,0.21	0.384
0.137	0.239,0.19	-0.077
0.209	0.11,0.0	0.154
0.086	1.0,0.283	-0.555
0.151	1.0,1.0	-0.849
0.039	0.038,0.057	-0.009
0.402	0.377,0.614	-0.093
0.88	1.0,1.0	-0.12
0.315	0.436,0.59	-0.198
0.827	0.912,0.888	-0.073
0.21	0.232,0.213	-0.013
0.82	0.839,0.662	0.07
1.0	0.976,1.0	0.012
0.105	0.1,0.155	-0.023
0.641	NA,0.543	0.098
1.0	NA,0.591	0.409
1.0	0.844,0.38	0.388
0.263	0.0,0.067	0.23
0.0	0.08,0.282	-0.181
0.066	0.15,0.175	-0.096
0.035	0.028,0.054	-0.006
1.0	1.0,0.495	0.252
1.0	1.0,0.716	0.142
0.0	1.0,1.0	-1.0
0.038	0.256,1.0	-0.59
1.0	0.346,0.0	0.827
0.148	0.292,0.577	-0.286
1.0	0.766,1.0	0.117
0.163	0.091,0.458	-0.112
0.442	0.577,1.0	-0.346
0.234	0.095,0.133	0.12
0.01	0.012,0.012	-0.002
0.028	0.016,0.032	0.004
0.243	1.0,1.0	-0.757
0.127	0.331,0.217	-0.147
0.053	0.069,0.1	-0.032
0.482	0.482,1.0	-0.259
0.111	0.111,0.448	-0.169
1.0	0.783,1.0	0.109
1.0	0.467,0.26	0.636
0.0	0.188,0.153	-0.17
0.016	0.039,0.054	-0.03
0.959	0.913,0.909	0.048
0.0	0.078,0.099	-0.088
0.253	0.433,0.337	-0.132
0.225	0.465,1.0	-0.508
0.0	0.072,0.1	-0.086
0.273	0.385,0.661	-0.25
0.138	NA,1.0	-0.862
0.225	0.371,0.5	-0.21
0.608	0.842,0.669	-0.148
0.358	0.304,0.375	0.018
0.044	0.143,0.11	-0.083
0.052	0.015,0.0	0.044
0.056	0.28,0.147	-0.158
0.087	0.19,0.143	-0.079
0.023	0.0,0.035	0.005
0.312	0.808,1.0	-0.592
1.0	0.98,1.0	0.01
0.305	0.161,0.155	0.147
0.069	0.07,0.251	-0.091
0.0	0.2,NA	-0.2
1.0	1.0,0.223	0.388
0.019	0.025,0.026	-0.007
1.0	0.894,0.815	0.145
0.023	0.021,0.036	-0.005
0.02	0.053,0.007	-0.01
0.039	0.073,0.054	-0.025
0.821	1.0,1.0	-0.179
0.147	0.151,0.144	-0.001
0.27	0.27,0.206	0.032
0.146	1.0,0.445	-0.577
0.066	0.108,0.126	-0.051
0.0	0.162,0.088	-0.125
0.09	0.017,0.047	0.058
0.012	0.021,0.017	-0.007
0.006	0.009,0.032	-0.015
0.003	0.008,0.002	-0.002
0.342	0.342,0.613	-0.136
0.0	1.0,NA	-1.0
0.0	0.0,0.057	-0.029
0.0	0.335,0.0	-0.168
0.16	0.052,0.113	0.077
0.138	0.0,0.0	0.138
0.51	0.284,0.619	0.058
0.25	0.321,0.254	-0.037
0.008	0.039,0.023	-0.023
0.958	1.0,1.0	-0.042
0.062	0.135,0.124	-0.068
1.0	0.854,1.0	0.073
0.584	0.578,0.615	-0.013
1.0	1.0,0.559	0.22
0.019	0.078,0.025	-0.033
0.0	0.032,0.0	-0.016
0.418	0.414,0.175	0.123
0.079	0.345,0.474	-0.33
0.072	0.152,0.155	-0.082
0.369	0.251,0.577	-0.045
0.354	0.697,0.0	0.006
0.302	0.265,0.52	-0.091
0.0	0.165,0.18	-0.172
0.663	0.656,0.291	0.19
0.165	0.408,0.674	-0.376
0.442	0.593,0.748	-0.228
0.63	0.669,1.0	-0.205
0.054	0.112,0.024	-0.014
0.027	0.063,0.11	-0.059
0.0	0.67,0.253	-0.462
0.145	0.388,0.535	-0.317
0.783	0.904,0.769	-0.053
0.695	1.0,0.83	-0.22
0.122	0.191,0.29	-0.118
0.869	0.928,1.0	-0.095
0.164	0.383,0.256	-0.155
0.006	0.03,0.023	-0.02
0.005	0.014,0.01	-0.007
0.02	0.035,0.045	-0.02
0.072	0.095,0.085	-0.018
0.451	0.734,0.375	-0.103
1.0	0.907,0.833	0.13
0.037	0.072,0.071	-0.034
0.113	0.105,0.089	0.016
0.28	0.18,0.508	-0.064
0.319	0.549,0.25	-0.081
0.06	0.041,0.026	0.026
0.047	0.03,0.015	0.025
0.031	0.022,0.013	0.014
0.941	1.0,1.0	-0.059
0.951	1.0,1.0	-0.049
0.101	0.057,0.054	0.046
0.16	0.111,0.022	0.093
0.487	0.791,0.787	-0.302
0.141	0.088,0.516	-0.161
0.184	0.272,0.197	-0.051
1.0	0.977,1.0	0.012
1.0	1.0,0.908	0.046
0.029	0.01,0.072	-0.012
0.041	0.126,0.161	-0.103
0.0	0.0,0.308	-0.154
1.0	1.0,0.393	0.303
0.479	1.0,0.267	-0.154
0.102	0.203,0.289	-0.144
1.0	0.87,1.0	0.065
0.292	0.618,0.433	-0.233
0.487	0.103,0.089	0.391
1.0	1.0,0.918	0.041
0.117	0.227,0.084	-0.038
0.027	0.065,0.094	-0.053
0.569	0.751,0.531	-0.072
0.108	0.099,0.085	0.016
0.08	0.089,0.088	-0.008
0.036	0.111,0.041	-0.04
0.025	0.056,0.035	-0.02
0.337	0.815,1.0	-0.571
1.0	1.0,0.7	0.15
0.272	0.715,0.283	-0.227
1.0	1.0,0.669	0.165
0.036	0.007,0.038	0.013
0.038	0.003,0.069	0.002
0.204	0.252,0.145	0.005
0.038	0.074,0.103	-0.05
0.202	0.678,0.647	-0.461
1.0	1.0,0.422	0.289
0.089	1.0,0.281	-0.552
0.081	0.0,0.042	0.06
1.0	0.369,1.0	0.316
0.091	0.664,0.77	-0.626
0.0	0.197,0.0	-0.099
0.121	0.508,0.292	-0.279
1.0	0.762,0.861	0.189
0.062	0.209,0.045	-0.065
0.244	1.0,1.0	-0.756
0.148	0.159,0.13	0.003
0.912	0.974,0.976	-0.063
1.0	0.346,1.0	0.327
0.524	0.805,0.639	-0.198
0.03	0.0,0.0	0.03
0.0	0.178,0.075	-0.127
1.0	0.26,0.15	0.795
0.072	1.0,0.072	-0.464
0.0	0.029,0.052	-0.041
0.0	0.0,1.0	-0.5
0.136	NA,1.0	-0.864
0.009	0.0,0.006	0.006
0.009	0.015,0.005	-0.001
0.028	0.085,1.0	-0.514
0.18	0.223,0.238	-0.05
0.399	0.629,0.48	-0.155
0.255	0.449,0.573	-0.256
0.077	0.254,0.044	-0.072
0.028	0.025,0.166	-0.068
0.372	0.747,1.0	-0.501
1.0	1.0,0.859	0.071
1.0	1.0,0.09	0.455
0.043	0.18,0.085	-0.09
0.091	0.143,0.129	-0.045
0.076	0.018,0.117	0.008
0.0	0.513,0.327	-0.42
0.053	0.126,0.475	-0.247
0.051	0.057,0.036	0.004
0.058	0.067,0.059	-0.005
0.989	0.917,1.0	0.03
0.072	0.085,0.09	-0.015
0.09	0.133,0.08	-0.017
0.056	0.063,0.041	0.004
0.044	0.065,0.038	-0.008
0.049	0.06,0.025	0.007
0.206	0.158,0.187	0.034
0.088	0.144,NA	-0.056
1.0	0.968,0.979	0.026
0.034	0.012,0.013	0.022
1.0	1.0,0.463	0.268
1.0	0.742,0.431	0.413
1.0	0.962,0.872	0.083
0.286	0.0,0.0	0.286
0.085	0.172,0.216	-0.109
0.015	0.0,0.149	-0.059
0.044	0.145,0.105	-0.081
0.018	0.054,0.025	-0.022
0.014	0.023,0.0	0.003
0.082	0.133,0.177	-0.073
0.84	1.0,1.0	-0.16
0.0	0.099,0.059	-0.079
0.0	0.0,1.0	-0.5
0.328	0.237,0.299	0.06
0.157	0.242,0.271	-0.1
0.0	0.029,0.0	-0.015
0.125	0.268,0.216	-0.117
0.0	NA,1.0	-1.0
0.032	0.095,0.083	-0.057
0.126	0.126,0.147	-0.011
0.011	0.089,0.024	-0.045
0.051	0.0,0.106	-0.002
0.295	0.505,0.365	-0.14
0.025	0.092,0.074	-0.058
0.045	0.054,0.042	-0.003
0.065	0.086,0.084	-0.02
1.0	1.0,0.758	0.121
0.039	0.139,0.153	-0.107
0.353	0.154,1.0	-0.224
0.891	0.884,0.879	0.01
0.21	0.348,0.516	-0.222
1.0	0.417,1.0	0.291
0.254	1.0,1.0	-0.746
1.0	0.876,0.759	0.182
0.939	1.0,1.0	-0.061
1.0	0.964,0.905	0.066
0.394	0.678,0.835	-0.362
0.971	1.0,0.989	-0.023
0.356	0.28,0.43	0.001
0.18	0.17,0.198	-0.004
0.45	0.469,0.378	0.027
1.0	0.869,0.913	0.109
0.318	0.369,0.289	-0.011
0.322	0.277,0.274	0.046
0.975	1.0,1.0	-0.025
0.39	0.314,0.143	0.162
0.543	0.398,0.485	0.102
0.769	0.626,0.809	0.051
0.681	1.0,1.0	-0.319
0.059	0.234,0.571	-0.343
0.0	0.04,0.04	-0.04
1.0	0.647,1.0	0.176
0.053	0.1,0.0	0.003
0.076	0.08,0.084	-0.006
0.244	0.244,0.564	-0.16
0.007	0.027,0.031	-0.022
0.0	0.046,0.113	-0.08
0.0	0.129,0.357	-0.243
0.127	0.326,0.139	-0.106
0.356	1.0,0.675	-0.482
1.0	0.936,0.756	0.154
0.18	0.258,0.401	-0.15
1.0	0.0,0.0	1.0
0.0	0.133,0.0	-0.067
0.0	1.0,1.0	-1.0
1.0	NA,0.457	0.543
0.142	0.163,0.217	-0.048
0.0	0.0,0.011	-0.005
0.018	0.027,0.016	-0.003
0.0	1.0,0.0	-0.5
0.081	0.152,0.031	-0.01
0.083	0.085,0.089	-0.004
0.112	0.513,0.699	-0.494
0.075	0.156,0.19	-0.098
0.981	0.977,0.918	0.033
0.941	0.97,0.964	-0.026
0.057	0.155,0.185	-0.113
1.0	0.532,0.299	0.585
0.018	0.042,0.0	-0.003
0.539	1.0,0.206	-0.064
0.791	1.0,0.578	0.002
0.057	0.125,0.101	-0.056
0.115	0.152,0.146	-0.034
0.599	0.667,0.895	-0.182
0.113	0.401,0.356	-0.266
1.0	1.0,0.66	0.17
1.0	1.0,0.673	0.163
0.175	0.413,0.291	-0.177
0.964	0.881,0.889	0.079
1.0	0.978,1.0	0.011
1.0	0.989,1.0	0.006
0.295	0.83,0.44	-0.34
0.284	0.36,0.484	-0.138
0.644	0.713,0.551	0.012
0.053	0.148,0.17	-0.106
0.0	0.0,0.078	-0.039
0.831	0.688,0.404	0.285
0.14	0.45,0.084	-0.127
0.0	0.0,0.033	-0.017
0.288	0.507,0.447	-0.189
1.0	0.353,0.686	0.48
0.448	0.483,0.279	0.067
0.781	1.0,1.0	-0.219
0.0	1.0,1.0	-1.0
0.645	1.0,0.108	0.091
0.664	0.691,0.612	0.013
1.0	1.0,0.634	0.183
0.167	0.464,0.247	-0.189
0.33	0.587,0.589	-0.258
0.075	0.116,0.249	-0.107
0.0	1.0,NA	-1.0
0.08	0.261,0.224	-0.162
0.074	0.056,0.084	0.004
0.032	0.072,0.072	-0.04
0.442	0.081,0.072	0.365
1.0	0.953,1.0	0.024
0.006	0.023,0.016	-0.013
0.082	0.178,0.116	-0.065
1.0	0.84,1.0	0.08
0.675	0.471,0.254	0.313
0.037	0.151,0.125	-0.101
0.298	1.0,0.0	-0.202
0.003	0.006,0.0	0.0
0.101	0.236,0.184	-0.109
0.82	1.0,0.898	-0.129
0.195	0.43,0.508	-0.274
0.028	0.023,0.053	-0.01
1.0	0.972,0.837	0.096
0.487	0.728,0.671	-0.213
0.876	1.0,1.0	-0.124
0.539	0.531,0.692	-0.072
0.033	0.072,0.065	-0.036
0.307	0.0,0.571	0.022
0.199	0.769,1.0	-0.685
0.892	0.821,1.0	-0.018
0.271	0.203,0.338	0.001
0.137	0.169,0.229	-0.062
0.0	0.203,1.0	-0.602
0.349	0.53,0.0	0.084
0.004	0.008,0.02	-0.01
0.123	0.124,0.197	-0.038
1.0	0.155,0.153	0.846
0.097	0.067,0.034	0.046
0.188	0.248,0.174	-0.023
0.519	0.462,0.785	-0.105
0.49	0.515,0.705	-0.12
0.531	0.656,0.902	-0.248
0.173	0.23,0.191	-0.038
0.027	0.154,0.267	-0.184
1.0	1.0,0.0	0.5
0.308	0.378,0.339	-0.051
0.423	0.398,0.59	-0.071
0.471	0.073,0.045	0.412
0.371	0.417,0.378	-0.026
1.0	0.696,1.0	0.152
0.0	0.105,0.075	-0.09
0.014	0.035,0.053	-0.03
0.549	0.728,0.804	-0.217
0.037	0.036,0.047	-0.004
0.228	0.196,0.308	-0.024
0.112	1.0,0.095	-0.435
0.498	1.0,1.0	-0.502
0.05	0.071,0.097	-0.034
1.0	0.915,0.91	0.087
0.903	0.641,0.77	0.198
1.0	0.828,1.0	0.086
0.287	0.23,0.293	0.025
0.046	0.0,0.0	0.046
0.124	0.169,0.239	-0.08
0.354	1.0,1.0	-0.646
0.144	0.239,0.402	-0.177
0.127	0.093,0.038	0.061
0.812	1.0,0.747	-0.061
0.29	0.432,0.432	-0.142
0.943	1.0,1.0	-0.057
0.016	0.052,0.305	-0.162
0.181	0.409,0.329	-0.188
0.058	0.111,0.08	-0.037
0.237	NA,0.237	0.0
0.174	0.628,1.0	-0.64
0.093	0.17,0.044	-0.014
0.091	0.388,0.543	-0.375
0.13	0.109,0.094	0.028
0.016	0.021,0.018	-0.003
0.044	0.057,0.055	-0.012
0.289	0.373,0.745	-0.27
1.0	1.0,0.685	0.157
0.042	0.044,0.046	-0.003
0.054	0.129,0.105	-0.063
0.006	0.0,0.022	-0.005
0.301	0.504,0.537	-0.219
0.4	0.709,0.525	-0.217
0.113	0.117,0.091	0.009
0.431	0.502,0.201	0.079
0.042	0.022,0.021	0.021
1.0	0.946,1.0	0.027
0.081	0.554,0.081	-0.236
0.677	0.858,0.664	-0.084
0.86	0.946,1.0	-0.113
0.517	0.675,0.786	-0.214
0.32	0.702,0.795	-0.428
0.766	0.542,0.613	0.189
0.442	0.459,0.478	-0.027
0.0	0.032,0.036	-0.034
0.09	0.263,0.099	-0.091
0.029	0.152,0.079	-0.086
0.45	0.374,0.443	0.042
0.104	0.15,0.034	0.012
0.65	0.715,1.0	-0.207
0.787	0.693,0.793	0.044
0.917	0.819,1.0	0.008
0.241	0.411,0.24	-0.085
0.747	0.771,0.663	0.03
0.182	0.324,0.189	-0.075
0.007	0.04,0.031	-0.029
0.077	0.43,0.659	-0.467
0.0	0.033,0.011	-0.022
0.054	0.031,0.048	0.014
0.0	0.567,1.0	-0.783
0.057	0.111,0.045	-0.021
0.011	0.047,0.07	-0.048
0.022	0.065,0.046	-0.034
0.018	0.073,0.053	-0.045
0.094	0.225,0.305	-0.171
0.966	1.0,1.0	-0.034
0.078	0.126,0.115	-0.042
1.0	0.78,1.0	0.11
0.01	0.012,0.023	-0.008
1.0	1.0,0.761	0.119
0.014	0.03,0.026	-0.014
1.0	1.0,0.914	0.043
1.0	0.862,1.0	0.069
0.348	0.728,1.0	-0.516
0.0	0.051,0.125	-0.088
1.0	0.675,0.563	0.381
0.009	0.104,0.037	-0.061
0.481	0.712,0.862	-0.306
0.0	NA,1.0	-1.0
0.731	1.0,0.838	-0.188
0.044	0.026,0.012	0.025
0.098	0.069,0.06	0.034
0.042	0.267,0.138	-0.161
0.128	0.177,0.134	-0.027
0.0	NA,0.234	-0.234
0.242	0.664,0.653	-0.417
0.406	0.497,0.836	-0.26
0.128	0.0,0.025	0.116
0.188	0.188,0.055	0.067
0.028	0.075,0.053	-0.036
1.0	0.902,1.0	0.049
0.0	0.267,NA	-0.267
0.829	0.761,1.0	-0.052
0.152	0.099,0.096	0.054
0.189	1.0,0.166	-0.394
1.0	1.0,0.431	0.284
0.066	0.48,0.514	-0.431
0.448	0.533,0.487	-0.062
0.682	NA,1.0	-0.318
0.043	0.109,0.093	-0.058
1.0	1.0,0.933	0.033
0.0	0.146,0.146	-0.146
0.051	0.069,0.076	-0.022
0.047	0.102,0.097	-0.053
0.674	1.0,1.0	-0.326
0.182	0.165,0.139	0.03
0.408	0.387,0.425	0.002
0.948	0.958,1.0	-0.031
0.209	0.218,0.322	-0.061
0.951	1.0,1.0	-0.049
0.953	0.959,0.951	-0.002
0.965	0.858,1.0	0.036
0.024	0.007,0.012	0.015
0.034	0.026,0.027	0.008
0.173	0.056,0.077	0.106
0.995	1.0,1.0	-0.005
0.023	0.007,0.024	0.007
0.042	0.039,0.069	-0.012
0.767	0.868,0.772	-0.053
0.353	0.459,0.456	-0.105
0.033	0.044,0.047	-0.012
0.085	0.132,0.511	-0.236
1.0	0.911,1.0	0.044
0.078	0.217,0.389	-0.225
0.493	0.372,0.286	0.164
0.0	0.057,0.031	-0.044
0.777	0.819,0.694	0.021
0.159	0.376,0.258	-0.158
1.0	0.366,0.248	0.693
1.0	0.336,1.0	0.332
0.026	0.117,0.0	-0.033
0.865	1.0,NA	-0.135
0.054	0.046,0.047	0.007
0.912	1.0,1.0	-0.088
0.913	1.0,1.0	-0.087
0.008	0.01,0.005	0.001
0.242	1.0,NA	-0.758
0.0	0.241,0.0	-0.12
0.0	1.0,NA	-1.0
0.0	0.053,0.0	-0.026
0.016	0.085,0.128	-0.091
0.175	0.268,0.3	-0.109
0.171	NA,0.0	0.171
0.468	1.0,0.0	-0.032
0.314	0.198,0.273	0.078
0.749	1.0,1.0	-0.251
1.0	1.0,0.887	0.056
0.004	0.022,0.018	-0.016
0.119	0.235,0.169	-0.083
0.049	0.024,0.031	0.022
0.044	0.074,0.044	-0.015
0.023	0.039,0.027	-0.01
0.091	0.149,0.512	-0.24
0.085	0.529,0.117	-0.238
0.308	0.0,NA	0.308
0.0	1.0,NA	-1.0
0.01	0.007,0.009	0.002
0.006	0.004,0.005	0.001
0.096	0.101,0.132	-0.021
0.077	0.27,0.735	-0.425
0.448	1.0,NA	-0.552
0.062	0.106,0.13	-0.056
0.167	0.294,0.21	-0.085
0.946	0.962,0.819	0.055
0.139	0.147,0.307	-0.088
0.76	1.0,1.0	-0.24
0.162	0.349,0.449	-0.237
0.969	1.0,0.988	-0.025
0.151	0.137,0.211	-0.023
0.14	0.045,0.048	0.094
0.211	0.238,0.106	0.039
0.363	0.665,0.251	-0.095
0.281	0.489,0.344	-0.135
0.294	0.0,1.0	-0.206
0.0	0.231,0.311	-0.271
0.852	0.984,0.976	-0.128
0.044	0.097,0.088	-0.049
0.064	0.144,0.113	-0.065
