IncLevel1	IncLevel2	IncLevelDifference
0.957	1.0	-0.043
1.0	0.0	1.0
0.04	0.062	-0.022
0.575	0.158	0.417
0.027	0.029	-0.002
1.0	0.621	0.379
0.776	1.0	-0.224
1.0	0.065	0.935
0.0	0.047	-0.047
0.0	0.018	-0.018
0.561	1.0	-0.439
0.0	0.085	-0.085
0.0	0.062	-0.062
0.458	0.184	0.274
0.355	0.751	-0.396
0.379	0.87	-0.491
0.891	1.0	-0.109
0.124	0.0	0.124
0.0	0.074	-0.074
0.424	0.495	-0.071
0.0	0.076	-0.076
1.0	0.987	0.013
1.0	0.658	0.342
1.0	0.459	0.541
0.092	0.126	-0.034
1.0	0.527	0.473
1.0	0.708	0.292
0.296	0.0	0.296
0.649	0.017	0.632
0.0	0.257	-0.257
0.329	0.0	0.329
1.0	0.967	0.033
1.0	0.97	0.03
1.0	0.983	0.017
0.0	0.112	-0.112
0.209	0.063	0.146
0.213	0.049	0.164
0.009	0.002	0.007
1.0	0.988	0.012
1.0	0.0	1.0
0.082	0.006	0.076
0.349	0.511	-0.162
1.0	0.495	0.505
0.011	0.01	0.001
0.204	0.078	0.126
0.014	0.064	-0.05
0.0	0.006	-0.006
0.177	0.211	-0.034
1.0	0.95	0.05
1.0	0.783	0.217
0.0	1.0	-1.0
0.457	0.595	-0.138
1.0	0.179	0.821
1.0	0.996	0.004
0.121	0.0	0.121
0.458	0.276	0.182
0.18	0.13	0.05
0.872	1.0	-0.128
0.746	0.495	0.251
1.0	0.714	0.286
1.0	0.0	1.0
1.0	0.0	1.0
0.571	0.932	-0.361
0.0	0.013	-0.013
1.0	0.855	0.145
1.0	0.98	0.02
1.0	0.71	0.29
0.611	1.0	-0.389
1.0	0.931	0.069
0.015	0.041	-0.026
0.479	1.0	-0.521
0.523	0.084	0.439
0.0	0.135	-0.135
0.0	0.662	-0.662
1.0	0.041	0.959
1.0	0.978	0.022
0.71	0.785	-0.075
0.077	0.006	0.071
0.0	0.023	-0.023
0.98	1.0	-0.02
0.573	0.697	-0.124
0.0	0.175	-0.175
1.0	0.0	1.0
0.035	0.019	0.016
0.112	0.111	0.001
0.815	0.802	0.013
0.958	0.965	-0.007
0.864	0.873	-0.009
0.937	1.0	-0.063
1.0	0.834	0.166
0.0	0.022	-0.022
0.991	1.0	-0.009
0.659	0.326	0.333
0.442	0.676	-0.234
0.3	0.404	-0.104
1.0	0.796	0.204
0.143	0.108	0.035
1.0	0.781	0.219
1.0	0.765	0.235
0.98	1.0	-0.02
0.026	0.094	-0.068
1.0	0.972	0.028
0.0	0.568	-0.568
0.0	0.01	-0.01
0.037	0.012	0.025
0.106	0.072	0.034
1.0	0.226	0.774
0.998	0.971	0.027
0.996	1.0	-0.004
0.662	0.746	-0.084
1.0	0.069	0.931
1.0	0.809	0.191
1.0	0.908	0.092
0.027	0.025	0.002
0.0	0.162	-0.162
0.013	0.023	-0.01
0.0	0.541	-0.541
0.013	0.0	0.013
0.154	0.105	0.049
1.0	0.959	0.041
1.0	0.8	0.2
1.0	0.038	0.962
0.888	1.0	-0.112
1.0	0.598	0.402
0.905	0.61	0.295
1.0	0.916	0.084
0.012	0.059	-0.047
0.996	0.973	0.023
0.096	0.0	0.096
1.0	0.605	0.395
1.0	0.372	0.628
0.947	0.958	-0.011
0.913	1.0	-0.087
0.498	0.0	0.498
1.0	0.0	1.0
1.0	0.989	0.011
0.073	0.01	0.063
0.855	1.0	-0.145
0.339	0.059	0.28
1.0	0.739	0.261
0.898	1.0	-0.102
0.989	1.0	-0.011
1.0	0.955	0.045
0.967	0.988	-0.021
0.979	1.0	-0.021
0.015	0.0	0.015
0.0	0.014	-0.014
0.0	0.014	-0.014
1.0	0.0	1.0
0.947	0.74	0.207
0.854	0.89	-0.036
0.266	1.0	-0.734
0.929	1.0	-0.071
0.948	1.0	-0.052
0.448	0.709	-0.261
1.0	0.407	0.593
1.0	0.912	0.088
0.913	0.872	0.041
0.0	0.002	-0.002
1.0	0.987	0.013
0.0	0.006	-0.006
0.997	0.987	0.01
1.0	0.992	0.008
1.0	0.997	0.003
1.0	0.999	0.001
0.0	0.008	-0.008
1.0	0.941	0.059
0.0	0.034	-0.034
0.469	0.389	0.08
0.067	0.011	0.056
0.083	0.046	0.037
1.0	0.932	0.068
0.0	0.041	-0.041
0.027	0.046	-0.019
0.989	0.992	-0.003
0.94	0.982	-0.042
0.061	0.316	-0.255
0.164	0.184	-0.02
0.998	1.0	-0.002
0.981	0.929	0.052
0.928	1.0	-0.072
0.998	0.966	0.032
0.949	0.94	0.009
0.0	0.094	-0.094
0.983	0.977	0.006
0.844	0.964	-0.12
0.88	0.802	0.078
0.715	1.0	-0.285
0.958	0.976	-0.018
0.01	0.022	-0.012
1.0	0.977	0.023
0.102	0.0	0.102
1.0	0.582	0.418
0.182	0.124	0.058
0.0	0.009	-0.009
0.009	0.031	-0.022
0.054	0.04	0.014
0.123	0.395	-0.272
0.872	1.0	-0.128
1.0	0.959	0.041
0.343	1.0	-0.657
0.974	1.0	-0.026
1.0	0.979	0.021
1.0	0.941	0.059
0.944	0.994	-0.05
1.0	0.753	0.247
0.482	0.444	0.038
0.782	0.0	0.782
0.045	0.018	0.027
0.094	0.101	-0.007
0.506	0.41	0.096
0.851	0.0	0.851
0.627	0.395	0.232
1.0	0.794	0.206
0.007	0.0	0.007
0.498	1.0	-0.502
0.0	1.0	-1.0
0.28	0.168	0.112
0.015	0.054	-0.039
1.0	0.928	0.072
0.94	1.0	-0.06
1.0	0.802	0.198
1.0	0.983	0.017
0.048	0.028	0.02
1.0	0.914	0.086
0.0	0.366	-0.366
1.0	0.966	0.034
0.024	0.034	-0.01
0.853	1.0	-0.147
0.0	0.062	-0.062
0.0	0.615	-0.615
0.0	0.02	-0.02
1.0	0.969	0.031
0.842	0.68	0.162
1.0	0.662	0.338
1.0	0.218	0.782
0.0	0.019	-0.019
0.996	0.999	-0.003
1.0	1.0	0.0
1.0	0.941	0.059
1.0	0.567	0.433
0.257	0.0	0.257
0.028	0.0	0.028
0.212	0.0	0.212
0.029	0.199	-0.17
0.595	0.418	0.177
0.0	0.012	-0.012
0.0	0.254	-0.254
1.0	0.692	0.308
0.0	0.175	-0.175
0.007	0.0	0.007
0.058	0.014	0.044
0.048	0.041	0.007
0.93	0.964	-0.034
0.021	0.0	0.021
1.0	0.943	0.057
0.946	0.948	-0.002
0.898	0.595	0.303
0.225	0.119	0.106
0.008	0.019	-0.011
1.0	0.743	0.257
1.0	0.859	0.141
1.0	0.87	0.13
0.975	0.975	0.0
0.998	0.994	0.004
0.974	0.967	0.007
0.038	0.01	0.028
0.495	0.842	-0.347
1.0	0.95	0.05
0.371	1.0	-0.629
0.282	0.444	-0.162
0.015	0.0	0.015
0.761	0.89	-0.129
0.973	1.0	-0.027
1.0	0.0	1.0
1.0	0.971	0.029
0.237	0.102	0.135
0.0	0.033	-0.033
0.0	0.27	-0.27
0.897	1.0	-0.103
1.0	0.925	0.075
0.006	0.011	-0.005
1.0	0.962	0.038
0.0	0.059	-0.059
1.0	0.712	0.288
0.0	1.0	-1.0
0.659	1.0	-0.341
0.81	0.94	-0.13
0.0	0.056	-0.056
1.0	0.0	1.0
0.081	0.149	-0.068
1.0	0.893	0.107
1.0	0.926	0.074
0.0	0.044	-0.044
1.0	0.02	0.98
0.937	0.947	-0.01
0.0	0.087	-0.087
0.765	1.0	-0.235
0.863	0.91	-0.047
1.0	0.879	0.121
0.0	0.319	-0.319
0.0	0.016	-0.016
0.0	0.205	-0.205
0.0	0.096	-0.096
0.185	0.199	-0.014
0.052	0.0	0.052
0.994	0.924	0.07
0.036	0.043	-0.007
0.03	0.0	0.03
0.172	0.05	0.122
1.0	0.745	0.255
1.0	0.971	0.029
0.0	0.021	-0.021
0.968	1.0	-0.032
0.345	1.0	-0.655
0.0	0.065	-0.065
1.0	0.066	0.934
1.0	0.591	0.409
0.0	0.032	-0.032
1.0	0.983	0.017
1.0	0.951	0.049
0.044	0.165	-0.121
0.517	0.618	-0.101
0.35	0.424	-0.074
0.0	0.244	-0.244
0.017	0.074	-0.057
0.88	1.0	-0.12
0.105	0.03	0.075
0.819	0.294	0.525
0.092	0.14	-0.048
0.0	0.289	-0.289
1.0	0.998	0.002
1.0	0.997	0.003
0.512	0.831	-0.319
0.516	0.732	-0.216
1.0	0.967	0.033
0.823	0.631	0.192
0.059	0.0	0.059
0.706	0.774	-0.068
0.329	1.0	-0.671
0.939	1.0	-0.061
0.005	0.028	-0.023
0.467	0.357	0.11
0.917	1.0	-0.083
0.027	0.0	0.027
1.0	0.825	0.175
1.0	0.0	1.0
0.005	0.002	0.003
0.004	0.033	-0.029
0.164	0.288	-0.124
1.0	0.779	0.221
0.912	1.0	-0.088
0.0	0.013	-0.013
1.0	0.44	0.56
0.94	0.972	-0.032
0.809	1.0	-0.191
0.0	0.121	-0.121
0.779	0.551	0.228
1.0	0.676	0.324
1.0	0.358	0.642
0.457	0.648	-0.191
0.416	0.624	-0.208
0.814	0.568	0.246
0.919	0.926	-0.007
0.73	0.633	0.097
0.595	1.0	-0.405
0.0	0.026	-0.026
0.958	0.984	-0.026
0.254	0.47	-0.216
0.326	0.482	-0.156
0.424	0.559	-0.135
0.858	0.9	-0.042
0.963	1.0	-0.037
0.028	0.043	-0.015
0.974	0.954	0.02
0.966	0.935	0.031
0.99	0.983	0.007
0.986	0.973	0.013
0.897	0.823	0.074
0.0	0.722	-0.722
0.101	0.205	-0.104
0.168	0.0	0.168
0.997	1.0	-0.003
1.0	0.655	0.345
0.0	0.071	-0.071
0.729	0.791	-0.062
0.973	1.0	-0.027
0.936	1.0	-0.064
0.108	0.137	-0.029
0.984	0.979	0.005
1.0	0.501	0.499
0.027	0.025	0.002
1.0	0.918	0.082
1.0	0.992	0.008
0.127	0.015	0.112
0.0	0.02	-0.02
0.0	0.047	-0.047
0.516	0.276	0.24
1.0	0.409	0.591
0.285	0.0	0.285
0.951	0.887	0.064
1.0	0.732	0.268
0.503	0.291	0.212
0.789	0.428	0.361
1.0	0.905	0.095
0.658	1.0	-0.342
0.0	0.01	-0.01
0.958	0.981	-0.023
0.594	1.0	-0.406
0.049	0.058	-0.009
0.967	0.985	-0.018
0.025	0.053	-0.028
0.048	0.09	-0.042
0.579	0.806	-0.227
0.543	0.55	-0.007
0.902	0.968	-0.066
0.889	0.962	-0.073
0.929	0.924	0.005
0.988	0.994	-0.006
0.723	1.0	-0.277
0.029	0.0	0.029
0.884	1.0	-0.116
0.077	0.025	0.052
0.099	0.109	-0.01
0.057	0.019	0.038
0.0	0.199	-0.199
0.0	0.175	-0.175
0.658	0.658	0.0
0.041	0.1	-0.059
0.002	0.002	0.0
0.087	0.0	0.087
0.01	0.0	0.01
0.0	0.089	-0.089
0.037	0.0	0.037
0.604	0.199	0.405
1.0	0.246	0.754
0.0	0.038	-0.038
0.01	0.0	0.01
0.907	0.681	0.226
0.746	1.0	-0.254
0.985	1.0	-0.015
0.162	0.177	-0.015
0.018	0.0	0.018
0.961	1.0	-0.039
0.923	1.0	-0.077
0.571	0.257	0.314
0.997	0.991	0.006
0.998	0.994	0.004
0.035	0.0	0.035
0.222	0.29	-0.068
0.98	1.0	-0.02
0.942	1.0	-0.058
0.172	0.164	0.008
0.09	0.049	0.041
0.073	0.0	0.073
0.746	1.0	-0.254
1.0	0.401	0.599
0.05	0.077	-0.027
1.0	0.988	0.012
0.0	0.011	-0.011
0.823	0.785	0.038
0.796	0.664	0.132
0.01	0.0	0.01
0.038	0.038	0.0
0.041	0.025	0.016
0.991	1.0	-0.009
1.0	0.974	0.026
0.743	0.546	0.197
0.019	0.018	0.001
0.954	1.0	-0.046
0.095	0.038	0.057
0.315	0.098	0.217
0.298	0.048	0.25
0.977	0.983	-0.006
0.946	0.919	0.027
0.947	0.887	0.06
1.0	0.967	0.033
1.0	0.261	0.739
0.446	0.957	-0.511
0.831	0.803	0.028
0.0	0.025	-0.025
0.14	0.018	0.122
0.051	0.0	0.051
0.154	0.138	0.016
0.976	0.967	0.009
0.982	0.968	0.014
0.3	0.062	0.238
0.315	0.066	0.249
0.0	0.088	-0.088
0.924	1.0	-0.076
1.0	0.694	0.306
0.009	0.015	-0.006
0.973	0.984	-0.011
0.977	1.0	-0.023
0.0	0.049	-0.049
0.022	0.0	0.022
0.889	1.0	-0.111
1.0	0.648	0.352
0.96	0.975	-0.015
1.0	0.876	0.124
0.998	1.0	-0.002
0.999	0.995	0.004
1.0	0.734	0.266
0.068	0.0	0.068
0.581	0.595	-0.014
0.0	0.014	-0.014
0.541	0.495	0.046
0.938	0.951	-0.013
0.978	1.0	-0.022
1.0	0.917	0.083
0.515	0.586	-0.071
1.0	0.939	0.061
0.69	1.0	-0.31
0.355	0.376	-0.021
0.06	0.038	0.022
0.985	1.0	-0.015
0.0	0.831	-0.831
1.0	0.998	0.002
0.0	0.111	-0.111
0.007	0.0	0.007
0.934	0.767	0.167
0.271	0.185	0.086
0.875	1.0	-0.125
0.994	1.0	-0.006
0.683	1.0	-0.317
0.029	0.0	0.029
0.035	0.07	-0.035
0.028	0.021	0.007
0.841	0.766	0.075
0.744	0.495	0.249
0.705	0.696	0.009
1.0	0.729	0.271
0.988	1.0	-0.012
0.736	1.0	-0.264
1.0	0.762	0.238
0.0	0.316	-0.316
0.005	0.012	-0.007
1.0	0.991	0.009
0.002	0.003	-0.001
0.912	0.97	-0.058
0.887	0.917	-0.03
0.694	0.174	0.52
0.113	0.113	0.0
0.586	0.551	0.035
1.0	0.949	0.051
0.0	1.0	-1.0
0.88	1.0	-0.12
1.0	0.761	0.239
0.084	0.04	0.044
0.62	0.553	0.067
0.919	0.287	0.632
0.426	0.085	0.341
0.914	0.983	-0.069
0.037	0.079	-0.042
0.922	0.784	0.138
0.96	0.899	0.061
0.9	0.7	0.2
0.957	0.875	0.082
0.951	0.851	0.1
0.536	0.147	0.389
0.114	0.008	0.106
0.25	0.042	0.208
0.713	0.799	-0.086
0.018	0.011	0.007
1.0	1.0	0.0
0.102	0.0	0.102
0.235	0.0	0.235
0.141	0.227	-0.086
0.139	0.114	0.025
0.081	0.08	0.001
1.0	0.0	1.0
0.169	0.008	0.161
0.308	0.843	-0.535
0.997	1.0	-0.003
1.0	0.967	0.033
1.0	0.698	0.302
0.917	0.886	0.031
0.936	0.794	0.142
0.0	0.006	-0.006
1.0	0.951	0.049
0.208	1.0	-0.792
0.0	1.0	-1.0
0.991	0.964	0.027
0.652	0.822	-0.17
0.017	0.016	0.001
0.0	0.004	-0.004
1.0	0.963	0.037
0.036	0.004	0.032
0.984	0.998	-0.014
0.047	0.037	0.01
0.999	0.998	0.001
0.944	0.969	-0.025
0.872	0.801	0.071
0.308	0.268	0.04
1.0	0.944	0.056
0.989	0.996	-0.007
0.0	0.028	-0.028
1.0	0.746	0.254
0.046	0.052	-0.006
0.974	0.985	-0.011
0.266	0.162	0.104
1.0	0.993	0.007
0.993	0.982	0.011
0.019	0.0	0.019
0.495	0.495	0.0
0.0	0.011	-0.011
0.115	0.0	0.115
0.395	0.269	0.126
1.0	0.66	0.34
0.102	0.117	-0.015
0.523	1.0	-0.477
0.13	0.097	0.033
0.855	0.463	0.392
0.314	0.127	0.187
0.072	0.143	-0.071
0.059	0.136	-0.077
0.753	0.869	-0.116
0.0	0.265	-0.265
0.0	0.097	-0.097
0.247	0.405	-0.158
0.436	0.338	0.098
1.0	0.0	1.0
0.461	0.0	0.461
0.0	0.01	-0.01
0.99	0.973	0.017
0.071	0.0	0.071
0.993	1.0	-0.007
0.97	0.952	0.018
0.97	0.905	0.065
0.53	0.276	0.254
1.0	0.969	0.031
0.949	1.0	-0.051
0.616	0.774	-0.158
0.285	0.0	0.285
0.741	0.506	0.235
0.3	0.033	0.267
0.017	0.016	0.001
0.725	0.84	-0.115
0.659	0.259	0.4
0.993	0.974	0.019
0.015	0.011	0.004
0.97	0.974	-0.004
0.564	0.223	0.341
0.981	0.959	0.022
0.998	1.0	-0.002
0.007	0.099	-0.092
0.982	1.0	-0.018
0.988	1.0	-0.012
0.444	0.404	0.04
0.034	0.018	0.016
0.997	0.994	0.003
0.95	0.929	0.021
0.032	0.047	-0.015
0.691	0.695	-0.004
0.077	0.053	0.024
0.649	0.576	0.073
1.0	0.384	0.616
0.0	0.689	-0.689
0.0	0.102	-0.102
1.0	0.122	0.878
0.649	0.425	0.224
0.288	0.07	0.218
0.968	1.0	-0.032
0.901	0.567	0.334
0.002	0.002	0.0
0.031	0.003	0.028
0.481	0.487	-0.006
0.993	1.0	-0.007
0.009	0.0	0.009
0.057	0.017	0.04
0.045	0.017	0.028
1.0	0.421	0.579
0.0	0.076	-0.076
0.017	0.079	-0.062
0.135	0.164	-0.029
0.133	0.012	0.121
1.0	0.928	0.072
1.0	0.962	0.038
1.0	0.851	0.149
0.035	0.046	-0.011
0.996	1.0	-0.004
0.0	0.171	-0.171
0.948	0.729	0.219
0.837	0.424	0.413
1.0	0.904	0.096
0.181	0.0	0.181
0.329	0.44	-0.111
0.0	0.111	-0.111
0.0	0.099	-0.099
0.038	0.013	0.025
0.952	0.913	0.039
0.759	0.605	0.154
0.712	0.957	-0.245
1.0	0.839	0.161
0.981	0.934	0.047
0.92	0.969	-0.049
0.0	0.021	-0.021
1.0	0.825	0.175
0.215	0.077	0.138
0.073	0.056	0.017
0.02	0.006	0.014
0.61	0.816	-0.206
0.967	0.996	-0.029
0.993	0.993	0.0
0.015	0.007	0.008
0.987	0.991	-0.004
0.995	0.997	-0.002
0.587	0.947	-0.36
1.0	0.659	0.341
0.11	0.084	0.026
0.259	0.329	-0.07
1.0	0.742	0.258
0.576	0.445	0.131
0.617	0.458	0.159
1.0	0.329	0.671
0.687	0.83	-0.143
0.971	0.936	0.035
0.94	0.773	0.167
1.0	0.989	0.011
0.972	0.933	0.039
0.134	0.538	-0.404
0.0	1.0	-1.0
0.007	0.0	0.007
0.026	0.026	0.0
0.013	0.008	0.005
0.662	1.0	-0.338
0.508	1.0	-0.492
0.988	0.987	0.001
0.329	0.495	-0.166
0.774	1.0	-0.226
0.0	0.024	-0.024
0.1	0.109	-0.009
0.087	0.0	0.087
0.012	0.005	0.007
0.999	1.0	-0.001
0.998	1.0	-0.002
0.082	0.0	0.082
0.592	1.0	-0.408
0.839	1.0	-0.161
0.815	0.806	0.009
0.0	0.016	-0.016
0.995	0.992	0.003
0.996	1.0	-0.004
0.662	1.0	-0.338
0.24	0.422	-0.182
0.975	0.963	0.012
0.284	1.0	-0.716
0.992	0.939	0.053
1.0	0.989	0.011
0.974	1.0	-0.026
0.48	0.3	0.18
1.0	0.767	0.233
1.0	0.901	0.099
0.847	0.768	0.079
0.102	0.031	0.071
1.0	0.992	0.008
1.0	0.831	0.169
1.0	0.984	0.016
1.0	0.994	0.006
0.875	0.948	-0.073
0.995	0.981	0.014
0.933	0.911	0.022
1.0	0.978	0.022
0.182	0.064	0.118
0.971	0.924	0.047
0.999	1.0	-0.001
0.701	0.856	-0.155
0.169	0.184	-0.015
0.985	0.942	0.043
0.974	1.0	-0.026
0.031	0.0	0.031
0.877	0.862	0.015
0.271	0.311	-0.04
0.972	1.0	-0.028
0.004	0.0	0.004
0.032	0.0	0.032
0.592	1.0	-0.408
0.497	1.0	-0.503
0.0	0.002	-0.002
0.329	0.276	0.053
0.888	0.9	-0.012
0.01	0.0	0.01
0.954	0.919	0.035
0.984	0.968	0.016
0.718	0.474	0.244
0.022	0.013	0.009
0.942	0.826	0.116
0.977	0.99	-0.013
1.0	0.996	0.004
1.0	0.977	0.023
0.078	0.031	0.047
0.011	0.01	0.001
1.0	0.0	1.0
0.0	0.016	-0.016
0.177	0.311	-0.134
0.822	0.953	-0.131
0.983	0.983	0.0
0.944	0.781	0.163
0.993	0.998	-0.005
0.468	0.384	0.084
1.0	0.0	1.0
0.094	0.052	0.042
0.464	0.012	0.452
0.619	0.619	0.0
0.0	0.107	-0.107
0.901	0.892	0.009
1.0	0.969	0.031
0.776	0.552	0.224
0.68	1.0	-0.32
0.921	1.0	-0.079
0.006	0.014	-0.008
0.95	0.981	-0.031
1.0	0.882	0.118
1.0	0.916	0.084
0.005	0.011	-0.006
0.951	0.832	0.119
0.963	0.925	0.038
0.009	0.01	-0.001
0.972	0.949	0.023
0.993	0.986	0.007
0.991	0.993	-0.002
0.001	0.008	-0.007
0.0	0.007	-0.007
0.067	0.0	0.067
1.0	0.918	0.082
0.746	0.792	-0.046
0.71	0.969	-0.259
0.341	0.552	-0.211
1.0	0.968	0.032
1.0	0.569	0.431
0.008	0.0	0.008
0.937	1.0	-0.063
0.968	1.0	-0.032
0.966	0.911	0.055
0.088	0.053	0.035
0.736	0.383	0.353
0.869	0.669	0.2
0.0	0.033	-0.033
0.977	1.0	-0.023
0.863	0.854	0.009
0.121	0.232	-0.111
1.0	0.993	0.007
1.0	0.879	0.121
0.993	0.992	0.001
0.98	0.974	0.006
0.028	0.065	-0.037
0.025	0.068	-0.043
0.0	0.059	-0.059
1.0	0.463	0.537
1.0	0.0	1.0
0.991	0.969	0.022
0.21	0.097	0.113
0.026	0.024	0.002
0.532	0.592	-0.06
0.462	0.374	0.088
0.048	0.0	0.048
0.514	0.232	0.282
0.2	0.304	-0.104
0.42	1.0	-0.58
0.945	0.927	0.018
0.078	0.128	-0.05
1.0	0.991	0.009
1.0	0.995	0.005
0.982	0.869	0.113
0.959	0.919	0.04
1.0	0.962	0.038
0.0	0.082	-0.082
0.013	0.033	-0.02
0.662	0.932	-0.27
1.0	0.097	0.903
0.927	0.951	-0.024
0.168	0.107	0.061
0.404	0.0	0.404
1.0	0.787	0.213
0.0	1.0	-1.0
0.028	0.0	0.028
1.0	0.903	0.097
0.0	0.008	-0.008
0.98	1.0	-0.02
0.045	0.334	-0.289
1.0	0.872	0.128
0.0	0.027	-0.027
0.662	0.551	0.111
0.042	0.078	-0.036
1.0	0.742	0.258
0.977	1.0	-0.023
0.032	0.05	-0.018
1.0	0.886	0.114
1.0	0.955	0.045
0.0	0.044	-0.044
0.907	0.95	-0.043
0.756	0.843	-0.087
0.014	0.0	0.014
1.0	0.597	0.403
0.995	0.953	0.042
1.0	0.899	0.101
0.978	1.0	-0.022
1.0	0.883	0.117
0.327	0.25	0.077
0.035	0.034	0.001
0.997	1.0	-0.003
1.0	0.662	0.338
0.791	0.611	0.18
0.072	0.03	0.042
0.033	0.017	0.016
0.732	1.0	-0.268
0.02	0.031	-0.011
0.867	0.961	-0.094
0.0	0.026	-0.026
0.58	0.763	-0.183
0.475	0.031	0.444
0.908	0.889	0.019
0.955	0.852	0.103
1.0	0.92	0.08
0.0	0.066	-0.066
0.227	0.098	0.129
0.981	1.0	-0.019
0.818	0.832	-0.014
1.0	0.97	0.03
0.908	0.971	-0.063
1.0	0.97	0.03
1.0	0.811	0.189
1.0	0.951	0.049
0.487	0.789	-0.302
0.0	0.6	-0.6
0.989	1.0	-0.011
1.0	0.835	0.165
0.0	0.016	-0.016
0.096	0.114	-0.018
1.0	0.988	0.012
1.0	0.94	0.06
0.149	0.22	-0.071
0.826	0.746	0.08
0.495	0.364	0.131
0.995	1.0	-0.005
0.991	1.0	-0.009
0.991	0.954	0.037
0.979	0.947	0.032
0.989	0.958	0.031
0.877	0.624	0.253
0.08	0.132	-0.052
0.099	0.09	0.009
0.928	1.0	-0.072
0.281	0.201	0.08
0.911	0.945	-0.034
1.0	0.849	0.151
1.0	0.729	0.271
0.364	0.138	0.226
1.0	0.034	0.966
1.0	0.933	0.067
1.0	0.296	0.704
0.089	0.066	0.023
1.0	0.894	0.106
0.979	0.867	0.112
0.887	0.662	0.225
0.96	0.976	-0.016
0.988	0.985	0.003
0.989	1.0	-0.011
1.0	0.0	1.0
0.019	0.024	-0.005
0.08	0.052	0.028
0.042	0.039	0.003
1.0	0.722	0.278
0.993	1.0	-0.007
0.044	0.07	-0.026
1.0	0.0	1.0
0.0	0.329	-0.329
0.233	0.256	-0.023
0.035	0.091	-0.056
0.08	0.087	-0.007
0.979	0.956	0.023
1.0	0.985	0.015
1.0	0.807	0.193
0.0	0.065	-0.065
0.981	1.0	-0.019
0.104	0.02	0.084
0.999	1.0	-0.001
0.495	0.329	0.166
0.574	0.431	0.143
0.022	0.011	0.011
1.0	0.998	0.002
0.895	0.784	0.111
0.622	0.897	-0.275
0.984	1.0	-0.016
0.039	0.075	-0.036
1.0	0.954	0.046
0.997	1.0	-0.003
1.0	0.96	0.04
0.0	0.074	-0.074
0.0	0.016	-0.016
0.989	1.0	-0.011
0.0	1.0	-1.0
0.467	0.0	0.467
0.934	0.849	0.085
0.0	1.0	-1.0
0.326	0.0	0.326
0.93	0.626	0.304
0.039	0.019	0.02
0.034	0.0	0.034
0.0	0.032	-0.032
0.994	0.935	0.059
0.734	0.831	-0.097
1.0	0.662	0.338
0.193	0.312	-0.119
0.0	0.13	-0.13
0.078	0.307	-0.229
0.928	0.765	0.163
0.025	0.162	-0.137
0.128	0.14	-0.012
0.017	0.065	-0.048
1.0	1.0	0.0
1.0	1.0	0.0
0.0	0.329	-0.329
0.983	1.0	-0.017
0.847	0.846	0.001
0.091	0.09	0.001
0.995	1.0	-0.005
1.0	0.967	0.033
1.0	0.84	0.16
0.0	0.003	-0.003
0.017	0.026	-0.009
0.495	0.0	0.495
0.012	0.019	-0.007
0.0	0.013	-0.013
1.0	0.988	0.012
0.056	0.042	0.014
0.996	1.0	-0.004
1.0	0.083	0.917
0.0	0.272	-0.272
0.799	0.831	-0.032
0.958	1.0	-0.042
0.908	0.806	0.102
0.919	1.0	-0.081
0.0	0.044	-0.044
0.971	0.919	0.052
1.0	0.788	0.212
0.0	0.005	-0.005
0.0	0.003	-0.003
0.518	0.0	0.518
0.957	0.966	-0.009
0.007	0.002	0.005
1.0	0.985	0.015
1.0	0.994	0.006
0.608	0.329	0.279
0.0	0.106	-0.106
0.0	0.021	-0.021
0.091	0.0	0.091
0.21	0.094	0.116
0.946	1.0	-0.054
1.0	0.99	0.01
0.81	0.719	0.091
0.043	0.047	-0.004
0.495	0.329	0.166
0.936	0.854	0.082
1.0	0.957	0.043
0.056	0.498	-0.442
0.0	0.034	-0.034
0.66	0.786	-0.126
0.977	0.966	0.011
0.027	0.024	0.003
0.378	0.159	0.219
0.044	0.089	-0.045
0.855	0.739	0.116
0.531	0.858	-0.327
0.752	1.0	-0.248
1.0	0.929	0.071
0.024	0.06	-0.036
0.364	0.44	-0.076
1.0	0.282	0.718
0.344	1.0	-0.656
0.898	1.0	-0.102
0.937	0.962	-0.025
1.0	0.826	0.174
0.971	1.0	-0.029
0.856	0.868	-0.012
0.011	0.014	-0.003
1.0	0.973	0.027
0.704	0.729	-0.025
0.893	0.892	0.001
0.0	0.023	-0.023
0.992	1.0	-0.008
0.969	1.0	-0.031
0.611	0.09	0.521
0.029	0.035	-0.006
0.996	1.0	-0.004
0.01	0.0	0.01
0.902	0.853	0.049
1.0	0.961	0.039
0.852	0.892	-0.04
0.729	0.764	-0.035
0.022	0.085	-0.063
1.0	1.0	0.0
0.999	1.0	-0.001
0.001	0.001	0.0
0.961	0.809	0.152
1.0	0.261	0.739
0.766	0.86	-0.094
1.0	0.042	0.958
0.948	1.0	-0.052
0.617	0.011	0.606
0.015	0.004	0.011
0.939	0.925	0.014
0.982	1.0	-0.018
1.0	0.955	0.045
1.0	0.954	0.046
1.0	0.665	0.335
0.895	0.905	-0.01
0.05	0.0	0.05
0.976	1.0	-0.024
0.984	0.989	-0.005
0.973	0.942	0.031
1.0	0.944	0.056
1.0	0.909	0.091
0.733	0.867	-0.134
0.329	0.708	-0.379
0.978	1.0	-0.022
0.932	1.0	-0.068
0.0	0.021	-0.021
0.993	1.0	-0.007
0.995	1.0	-0.005
1.0	0.872	0.128
0.304	0.162	0.142
0.568	0.798	-0.23
1.0	0.924	0.076
1.0	0.968	0.032
0.629	0.145	0.484
0.164	0.595	-0.431
0.662	1.0	-0.338
0.927	1.0	-0.073
0.001	0.004	-0.003
0.001	0.007	-0.006
0.869	0.725	0.144
0.999	0.995	0.004
0.998	1.0	-0.002
0.925	0.666	0.259
0.791	1.0	-0.209
0.019	0.055	-0.036
0.435	0.222	0.213
0.855	0.662	0.193
0.0	0.016	-0.016
1.0	0.931	0.069
1.0	0.858	0.142
0.103	0.157	-0.054
0.0	0.086	-0.086
0.541	0.395	0.146
0.0	0.022	-0.022
0.0	0.222	-0.222
0.121	0.092	0.029
1.0	0.977	0.023
0.0	0.547	-0.547
1.0	0.899	0.101
0.009	0.003	0.006
0.994	1.0	-0.006
0.77	0.436	0.334
0.0	0.062	-0.062
1.0	0.645	0.355
0.101	0.164	-0.063
0.995	1.0	-0.005
0.092	0.044	0.048
0.331	0.395	-0.064
1.0	0.921	0.079
1.0	0.916	0.084
0.911	0.815	0.096
0.887	0.812	0.075
0.702	1.0	-0.298
0.495	0.549	-0.054
0.979	1.0	-0.021
0.986	0.975	0.011
0.12	0.201	-0.081
0.144	0.247	-0.103
0.143	0.301	-0.158
0.96	0.988	-0.028
0.966	0.992	-0.026
0.99	0.981	0.009
0.103	0.0	0.103
0.04	0.0	0.04
0.93	0.945	-0.015
1.0	0.564	0.436
1.0	0.662	0.338
0.0	0.307	-0.307
0.487	0.61	-0.123
0.0	1.0	-1.0
1.0	0.969	0.031
0.0	0.053	-0.053
1.0	0.89	0.11
1.0	0.947	0.053
0.0	0.009	-0.009
0.0	0.037	-0.037
0.0	0.009	-0.009
0.98	0.99	-0.01
0.985	1.0	-0.015
0.111	0.0	0.111
0.849	0.903	-0.054
0.898	0.779	0.119
0.922	0.883	0.039
0.281	0.053	0.228
0.139	0.374	-0.235
1.0	0.755	0.245
0.919	1.0	-0.081
0.0	0.192	-0.192
0.0	0.104	-0.104
1.0	0.289	0.711
1.0	0.0	1.0
0.0	0.029	-0.029
0.0	0.101	-0.101
0.0	0.029	-0.029
0.438	0.0	0.438
0.737	0.774	-0.037
1.0	0.933	0.067
1.0	0.746	0.254
0.703	0.126	0.577
0.639	0.129	0.51
0.771	0.393	0.378
0.583	0.594	-0.011
0.039	0.0	0.039
1.0	0.663	0.337
0.795	1.0	-0.205
0.948	1.0	-0.052
0.136	0.0	0.136
0.408	0.522	-0.114
0.564	1.0	-0.436
0.979	0.989	-0.01
0.0	0.017	-0.017
1.0	0.286	0.714
1.0	0.782	0.218
0.033	0.017	0.016
0.0	0.008	-0.008
0.984	0.973	0.011
0.114	0.025	0.089
0.833	0.769	0.064
0.981	0.978	0.003
0.0	1.0	-1.0
0.075	0.12	-0.045
0.752	0.755	-0.003
0.214	0.589	-0.375
0.044	0.054	-0.01
0.0	0.032	-0.032
0.056	0.0	0.056
0.504	0.69	-0.186
0.025	0.007	0.018
0.28	0.0	0.28
0.006	0.002	0.004
1.0	0.226	0.774
0.198	0.132	0.066
0.074	0.0	0.074
1.0	0.46	0.54
0.646	1.0	-0.354
0.931	0.909	0.022
0.0	0.069	-0.069
0.0	0.081	-0.081
1.0	0.848	0.152
0.991	1.0	-0.009
1.0	0.135	0.865
0.0	0.036	-0.036
1.0	0.088	0.912
0.836	0.987	-0.151
0.84	0.988	-0.148
0.007	0.009	-0.002
0.87	0.766	0.104
0.053	0.0	0.053
1.0	0.937	0.063
0.0	0.054	-0.054
0.95	1.0	-0.05
0.831	0.786	0.045
0.078	0.061	0.017
0.0	0.037	-0.037
0.92	1.0	-0.08
0.927	1.0	-0.073
0.091	0.186	-0.095
0.0	0.01	-0.01
0.3	0.379	-0.079
0.0	0.026	-0.026
0.0	0.047	-0.047
0.994	0.991	0.003
1.0	0.642	0.358
1.0	0.973	0.027
1.0	0.981	0.019
0.036	0.029	0.007
1.0	0.966	0.034
0.468	0.292	0.176
0.344	0.405	-0.061
0.723	0.815	-0.092
1.0	0.662	0.338
0.434	0.416	0.018
0.611	0.662	-0.051
0.903	0.961	-0.058
0.774	0.708	0.066
0.856	1.0	-0.144
1.0	0.999	0.001
0.0	0.024	-0.024
0.906	1.0	-0.094
0.966	0.856	0.11
0.831	1.0	-0.169
0.989	1.0	-0.011
0.987	1.0	-0.013
0.746	1.0	-0.254
1.0	0.903	0.097
0.951	1.0	-0.049
1.0	0.861	0.139
0.0	0.102	-0.102
0.447	0.214	0.233
0.623	0.651	-0.028
1.0	0.326	0.674
0.136	0.052	0.084
0.178	0.0	0.178
0.154	0.0	0.154
0.985	0.975	0.01
0.74	1.0	-0.26
0.833	1.0	-0.167
0.153	0.266	-0.113
0.475	0.266	0.209
0.266	0.42	-0.154
0.0	1.0	-1.0
1.0	0.773	0.227
0.0	0.05	-0.05
0.008	0.05	-0.042
0.188	0.351	-0.163
0.022	0.105	-0.083
0.858	0.793	0.065
0.0	0.561	-0.561
1.0	0.896	0.104
0.416	0.0	0.416
1.0	0.214	0.786
1.0	0.979	0.021
0.058	0.131	-0.073
1.0	0.953	0.047
1.0	0.831	0.169
0.908	0.831	0.077
0.859	0.873	-0.014
0.311	1.0	-0.689
0.595	0.528	0.067
0.0	0.602	-0.602
0.37	0.683	-0.313
1.0	0.911	0.089
0.595	0.45	0.145
1.0	0.975	0.025
0.664	0.677	-0.013
0.023	0.099	-0.076
0.807	1.0	-0.193
1.0	0.966	0.034
1.0	0.595	0.405
0.0	0.595	-0.595
0.107	0.0	0.107
0.197	0.082	0.115
0.663	0.598	0.065
1.0	0.981	0.019
0.0	0.456	-0.456
1.0	0.571	0.429
0.0	0.174	-0.174
0.427	1.0	-0.573
1.0	1.0	0.0
0.0	0.395	-0.395
0.706	0.725	-0.019
0.733	0.894	-0.161
0.734	0.884	-0.15
1.0	0.828	0.172
0.767	0.676	0.091
0.071	0.047	0.024
0.016	0.054	-0.038
0.038	0.043	-0.005
0.993	1.0	-0.007
0.001	0.003	-0.002
1.0	0.968	0.032
0.097	0.0	0.097
0.038	0.359	-0.321
1.0	0.089	0.911
0.992	1.0	-0.008
0.723	0.395	0.328
0.0	0.057	-0.057
0.743	0.873	-0.13
0.027	0.071	-0.044
0.0	0.021	-0.021
0.372	1.0	-0.628
0.723	0.573	0.15
0.897	1.0	-0.103
0.0	0.166	-0.166
0.0	0.197	-0.197
0.026	0.0	0.026
0.016	0.046	-0.03
0.02	0.052	-0.032
0.944	1.0	-0.056
0.017	0.0	0.017
1.0	0.969	0.031
0.53	0.53	0.0
0.03	0.011	0.019
0.619	0.582	0.037
0.806	0.832	-0.026
0.693	0.7	-0.007
0.0	0.049	-0.049
0.987	0.966	0.021
0.0	0.004	-0.004
0.54	0.48	0.06
0.362	0.0	0.362
0.221	0.0	0.221
0.917	0.773	0.144
0.225	0.167	0.058
1.0	0.702	0.298
0.0	0.133	-0.133
1.0	0.976	0.024
0.166	0.087	0.079
0.956	1.0	-0.044
0.883	0.882	0.001
0.741	0.592	0.149
0.1	0.029	0.071
1.0	0.943	0.057
1.0	0.906	0.094
0.043	0.077	-0.034
0.768	1.0	-0.232
0.83	0.945	-0.115
1.0	0.781	0.219
1.0	0.0	1.0
0.0	0.293	-0.293
1.0	0.495	0.505
0.043	0.0	0.043
0.635	0.367	0.268
0.002	0.003	-0.001
0.763	0.677	0.086
0.024	0.0	0.024
0.957	1.0	-0.043
0.883	0.688	0.195
0.151	0.151	0.0
0.0	0.169	-0.169
0.662	0.0	0.662
0.471	0.855	-0.384
0.197	0.495	-0.298
0.31	0.039	0.271
0.689	0.492	0.197
0.991	0.988	0.003
0.018	0.024	-0.006
1.0	0.607	0.393
0.786	0.726	0.06
1.0	0.93	0.07
0.403	0.409	-0.006
0.0	0.329	-0.329
0.297	0.123	0.174
1.0	0.784	0.216
0.975	0.922	0.053
0.391	1.0	-0.609
0.045	0.388	-0.343
0.059	0.03	0.029
0.0	1.0	-1.0
0.013	0.012	0.001
1.0	0.894	0.106
1.0	0.838	0.162
1.0	0.809	0.191
1.0	0.804	0.196
0.835	0.855	-0.02
0.452	0.395	0.057
0.967	0.937	0.03
0.11	0.0	0.11
0.261	0.168	0.093
1.0	0.861	0.139
0.055	0.132	-0.077
1.0	0.86	0.14
1.0	0.985	0.015
0.946	1.0	-0.054
0.0	0.239	-0.239
0.544	0.529	0.015
0.893	0.856	0.037
0.005	0.024	-0.019
1.0	0.562	0.438
1.0	0.644	0.356
0.0	0.011	-0.011
0.983	0.994	-0.011
0.965	0.942	0.023
0.774	0.895	-0.121
0.022	0.0	0.022
0.996	1.0	-0.004
0.351	0.221	0.13
0.0	0.032	-0.032
0.9	0.887	0.013
1.0	0.864	0.136
1.0	0.801	0.199
1.0	0.37	0.63
0.989	0.881	0.108
0.019	0.028	-0.009
0.781	1.0	-0.219
0.959	1.0	-0.041
0.035	0.012	0.023
0.0	0.043	-0.043
1.0	0.069	0.931
0.0	0.035	-0.035
0.746	0.867	-0.121
0.026	0.0	0.026
0.993	0.93	0.063
0.011	0.021	-0.01
0.773	0.755	0.018
0.808	1.0	-0.192
0.926	0.968	-0.042
0.132	0.065	0.067
0.122	0.066	0.056
0.245	0.0	0.245
0.267	0.645	-0.378
0.528	1.0	-0.472
0.047	1.0	-0.953
0.047	1.0	-0.953
0.998	1.0	-0.002
0.797	1.0	-0.203
0.801	1.0	-0.199
1.0	0.357	0.643
0.907	1.0	-0.093
0.0	0.278	-0.278
0.0	0.649	-0.649
0.0	0.057	-0.057
0.867	0.88	-0.013
0.97	1.0	-0.03
1.0	0.451	0.549
0.017	0.159	-0.142
0.0	0.105	-0.105
0.647	0.718	-0.071
0.886	0.859	0.027
1.0	0.793	0.207
0.899	0.844	0.055
1.0	0.792	0.208
1.0	0.803	0.197
1.0	0.876	0.124
0.329	0.192	0.137
0.187	0.247	-0.06
0.901	0.495	0.406
0.055	0.166	-0.111
0.204	0.174	0.03
0.994	0.904	0.09
0.827	0.793	0.034
0.629	1.0	-0.371
0.833	0.845	-0.012
0.927	0.944	-0.017
1.0	0.0	1.0
0.229	0.099	0.13
0.027	0.016	0.011
0.191	0.032	0.159
0.997	0.997	0.0
0.978	0.981	-0.003
1.0	0.812	0.188
0.0	0.171	-0.171
0.0	0.079	-0.079
1.0	0.883	0.117
0.053	0.065	-0.012
0.04	0.055	-0.015
0.422	0.452	-0.03
0.042	0.0	0.042
0.13	0.128	0.002
0.152	0.0	0.152
0.499	0.696	-0.197
0.991	0.915	0.076
0.733	0.887	-0.154
1.0	0.971	0.029
0.045	0.032	0.013
0.77	0.604	0.166
0.958	1.0	-0.042
1.0	0.197	0.803
0.339	1.0	-0.661
0.965	0.894	0.071
0.013	0.0	0.013
0.941	1.0	-0.059
0.321	0.072	0.249
0.008	0.0	0.008
0.043	0.0	0.043
0.0	0.282	-0.282
1.0	0.977	0.023
0.84	0.869	-0.029
0.824	0.909	-0.085
0.017	0.024	-0.007
0.028	0.0	0.028
0.998	0.997	0.001
0.347	0.114	0.233
0.587	0.044	0.543
0.865	1.0	-0.135
0.068	0.04	0.028
0.018	0.066	-0.048
0.784	0.907	-0.123
0.982	1.0	-0.018
0.963	0.748	0.215
0.0	0.778	-0.778
0.746	0.844	-0.098
0.147	0.153	-0.006
0.0	0.089	-0.089
0.984	0.95	0.034
1.0	0.0	1.0
0.383	0.274	0.109
1.0	0.877	0.123
0.461	0.016	0.445
0.299	0.165	0.134
0.062	0.135	-0.073
1.0	0.975	0.025
0.58	0.75	-0.17
0.698	1.0	-0.302
0.699	1.0	-0.301
1.0	0.444	0.556
0.551	0.723	-0.172
0.998	1.0	-0.002
0.099	0.46	-0.361
0.988	0.993	-0.005
0.262	0.295	-0.033
0.572	1.0	-0.428
1.0	0.884	0.116
0.873	0.632	0.241
1.0	0.957	0.043
0.953	1.0	-0.047
0.972	1.0	-0.028
0.064	0.017	0.047
0.969	1.0	-0.031
0.0	0.1	-0.1
0.659	1.0	-0.341
0.993	1.0	-0.007
0.909	0.866	0.043
0.865	0.913	-0.048
0.563	0.544	0.019
0.312	0.493	-0.181
0.591	0.644	-0.053
0.749	0.771	-0.022
0.285	0.219	0.066
0.985	0.951	0.034
0.0	0.016	-0.016
0.173	0.235	-0.062
0.0	0.081	-0.081
1.0	0.994	0.006
1.0	0.859	0.141
0.468	0.388	0.08
0.739	0.169	0.57
0.165	0.085	0.08
1.0	0.469	0.531
1.0	0.0	1.0
0.114	0.015	0.099
0.0	0.166	-0.166
0.154	0.027	0.127
0.35	0.126	0.224
0.746	0.723	0.023
0.987	1.0	-0.013
0.056	0.162	-0.106
1.0	0.864	0.136
0.96	1.0	-0.04
0.071	0.025	0.046
0.043	0.271	-0.228
1.0	0.467	0.533
0.97	1.0	-0.03
0.971	0.932	0.039
1.0	0.927	0.073
1.0	0.678	0.322
0.0	0.021	-0.021
0.943	0.96	-0.017
0.999	1.0	-0.001
0.0	0.007	-0.007
1.0	0.846	0.154
0.058	0.054	0.004
0.104	0.014	0.09
1.0	0.756	0.244
0.0	0.004	-0.004
0.0	0.032	-0.032
0.0	1.0	-1.0
0.816	0.891	-0.075
0.949	0.976	-0.027
0.998	1.0	-0.002
0.953	1.0	-0.047
0.999	1.0	-0.001
1.0	1.0	0.0
0.927	1.0	-0.073
0.0	1.0	-1.0
0.959	1.0	-0.041
0.662	0.797	-0.135
0.927	0.662	0.265
0.091	0.04	0.051
0.962	0.961	0.001
0.895	0.893	0.002
0.0	0.109	-0.109
0.243	0.429	-0.186
1.0	0.87	0.13
0.164	0.123	0.041
0.01	0.0	0.01
0.958	1.0	-0.042
0.159	0.0	0.159
1.0	0.979	0.021
0.063	0.023	0.04
0.334	0.479	-0.145
0.09	0.067	0.023
0.862	0.782	0.08
0.936	1.0	-0.064
0.2	0.6	-0.4
0.023	0.026	-0.003
0.039	0.023	0.016
0.983	0.98	0.003
0.86	1.0	-0.14
0.411	0.293	0.118
0.994	0.994	0.0
0.054	0.043	0.011
1.0	0.976	0.024
0.787	0.81	-0.023
0.855	1.0	-0.145
0.37	0.199	0.171
0.628	0.536	0.092
1.0	0.988	0.012
0.996	1.0	-0.004
0.954	0.899	0.055
0.718	1.0	-0.282
0.86	0.705	0.155
0.92	0.865	0.055
1.0	0.873	0.127
1.0	0.905	0.095
0.691	0.662	0.029
0.991	0.977	0.014
0.173	0.188	-0.015
0.039	0.018	0.021
0.98	1.0	-0.02
0.883	1.0	-0.117
0.991	0.995	-0.004
0.813	0.897	-0.084
1.0	0.962	0.038
1.0	0.6	0.4
1.0	0.965	0.035
0.02	0.003	0.017
0.848	1.0	-0.152
0.192	0.23	-0.038
0.017	0.0	0.017
0.043	0.0	0.043
0.086	0.081	0.005
0.029	0.012	0.017
0.996	1.0	-0.004
1.0	0.986	0.014
0.861	0.855	0.006
0.0	0.108	-0.108
1.0	0.905	0.095
0.05	0.033	0.017
0.0	0.03	-0.03
0.3	0.845	-0.545
0.0	0.223	-0.223
0.0	0.042	-0.042
0.206	0.082	0.124
0.052	0.0	0.052
0.995	1.0	-0.005
0.979	1.0	-0.021
0.704	1.0	-0.296
0.204	0.0	0.204
0.715	1.0	-0.285
0.993	1.0	-0.007
0.929	1.0	-0.071
0.464	0.859	-0.395
0.0	0.309	-0.309
0.934	0.975	-0.041
0.046	0.036	0.01
0.122	0.03	0.092
0.061	0.027	0.034
0.346	0.034	0.312
0.081	0.064	0.017
0.93	0.921	0.009
0.547	0.0	0.547
0.316	0.316	0.0
0.93	0.894	0.036
0.014	0.021	-0.007
0.015	0.018	-0.003
0.0	0.017	-0.017
0.384	0.395	-0.011
0.92	0.622	0.298
0.937	1.0	-0.063
0.996	1.0	-0.004
1.0	0.864	0.136
1.0	0.961	0.039
1.0	0.854	0.146
1.0	0.547	0.453
0.0	0.033	-0.033
0.861	0.694	0.167
0.149	0.074	0.075
0.626	0.301	0.325
0.763	1.0	-0.237
0.79	1.0	-0.21
0.45	0.746	-0.296
0.687	0.769	-0.082
1.0	0.806	0.194
0.0	0.007	-0.007
1.0	0.914	0.086
0.659	0.689	-0.03
0.928	0.982	-0.054
0.992	1.0	-0.008
1.0	0.015	0.985
1.0	0.278	0.722
0.819	0.545	0.274
0.019	0.011	0.008
0.815	0.723	0.092
0.641	0.68	-0.039
0.672	0.0	0.672
0.073	0.014	0.059
0.0	0.03	-0.03
1.0	0.786	0.214
0.0	0.257	-0.257
0.01	0.054	-0.044
0.006	0.0	0.006
0.07	0.055	0.015
0.044	0.059	-0.015
0.084	0.011	0.073
0.533	0.352	0.181
1.0	0.974	0.026
0.068	0.035	0.033
1.0	0.893	0.107
0.0	0.024	-0.024
1.0	0.61	0.39
0.898	1.0	-0.102
0.131	0.329	-0.198
0.507	0.804	-0.297
0.987	0.973	0.014
0.873	0.71	0.163
1.0	0.875	0.125
0.17	0.234	-0.064
0.209	0.246	-0.037
0.0	0.232	-0.232
0.844	0.64	0.204
0.555	0.662	-0.107
0.606	0.709	-0.103
0.564	0.795	-0.231
1.0	0.885	0.115
1.0	0.0	1.0
0.075	0.015	0.06
0.98	1.0	-0.02
0.078	0.0	0.078
1.0	0.924	0.076
1.0	0.312	0.688
0.07	0.046	0.024
0.925	0.765	0.16
0.515	0.268	0.247
0.901	0.839	0.062
0.517	0.611	-0.094
0.9	0.629	0.271
0.012	0.006	0.006
1.0	0.991	0.009
0.011	0.0	0.011
0.976	1.0	-0.024
1.0	0.959	0.041
0.502	0.512	-0.01
0.011	0.0	0.011
0.972	0.519	0.453
0.866	0.606	0.26
1.0	0.847	0.153
0.68	1.0	-0.32
0.291	0.053	0.238
0.643	0.185	0.458
0.751	0.475	0.276
0.0	0.024	-0.024
0.048	0.0	0.048
0.036	0.0	0.036
0.0	0.105	-0.105
0.745	0.956	-0.211
0.804	0.91	-0.106
0.641	1.0	-0.359
1.0	0.946	0.054
0.374	0.105	0.269
0.034	0.055	-0.021
1.0	0.038	0.962
0.907	0.955	-0.048
0.204	0.0	0.204
1.0	0.02	0.98
0.673	1.0	-0.327
0.999	1.0	-0.001
0.985	1.0	-0.015
0.969	1.0	-0.031
0.163	0.331	-0.168
0.042	0.068	-0.026
0.006	0.0	0.006
0.961	0.904	0.057
0.682	1.0	-0.318
0.868	0.696	0.172
1.0	0.855	0.145
1.0	0.954	0.046
1.0	0.983	0.017
0.986	1.0	-0.014
0.457	0.407	0.05
0.936	1.0	-0.064
0.709	0.211	0.498
0.0	1.0	-1.0
0.739	0.016	0.723
0.564	0.536	0.028
0.886	0.898	-0.012
0.875	1.0	-0.125
0.761	0.481	0.28
0.456	0.152	0.304
0.042	0.036	0.006
0.973	0.991	-0.018
0.004	0.011	-0.007
0.883	0.87	0.013
1.0	0.966	0.034
0.0	0.038	-0.038
0.988	1.0	-0.012
0.109	0.102	0.007
0.928	1.0	-0.072
1.0	0.974	0.026
1.0	0.958	0.042
1.0	0.1	0.9
0.966	1.0	-0.034
0.97	0.947	0.023
0.993	1.0	-0.007
0.164	0.0	0.164
0.744	0.576	0.168
0.0	0.17	-0.17
0.679	1.0	-0.321
1.0	0.351	0.649
1.0	0.303	0.697
0.997	1.0	-0.003
0.049	0.058	-0.009
0.0	0.011	-0.011
0.0	0.007	-0.007
1.0	0.982	0.018
1.0	0.948	0.052
0.694	0.594	0.1
0.88	0.844	0.036
0.639	0.106	0.533
0.07	0.067	0.003
0.855	0.941	-0.086
0.09	0.085	0.005
0.234	0.301	-0.067
0.437	0.7	-0.263
0.009	0.0	0.009
0.896	1.0	-0.104
0.052	0.088	-0.036
0.955	1.0	-0.045
0.583	0.932	-0.349
0.354	0.527	-0.173
0.782	0.457	0.325
1.0	0.496	0.504
1.0	1.0	0.0
0.321	0.478	-0.157
0.466	0.43	0.036
0.963	0.921	0.042
0.886	1.0	-0.114
1.0	0.893	0.107
0.052	0.073	-0.021
0.057	0.12	-0.063
1.0	0.834	0.166
0.641	0.698	-0.057
0.973	0.883	0.09
1.0	0.855	0.145
1.0	0.995	0.005
0.97	1.0	-0.03
0.053	0.0	0.053
0.0	0.433	-0.433
0.975	1.0	-0.025
0.641	0.638	0.003
0.99	1.0	-0.01
1.0	0.795	0.205
0.019	0.122	-0.103
0.352	0.214	0.138
0.936	0.492	0.444
0.771	0.342	0.429
0.314	0.812	-0.498
1.0	0.989	0.011
0.987	0.987	0.0
0.416	0.311	0.105
0.985	0.968	0.017
0.223	0.0	0.223
0.829	0.97	-0.141
0.0	0.226	-0.226
0.919	1.0	-0.081
1.0	0.065	0.935
1.0	0.974	0.026
0.981	0.982	-0.001
0.064	0.068	-0.004
0.163	0.027	0.136
0.031	0.0	0.031
0.983	1.0	-0.017
1.0	0.96	0.04
1.0	0.927	0.073
0.949	1.0	-0.051
0.522	1.0	-0.478
0.997	1.0	-0.003
0.0	0.004	-0.004
0.103	0.0	0.103
0.956	1.0	-0.044
0.98	1.0	-0.02
0.022	0.0	0.022
1.0	0.999	0.001
0.834	1.0	-0.166
1.0	0.0	1.0
0.0	0.058	-0.058
0.0	0.134	-0.134
1.0	0.0	1.0
0.0	0.076	-0.076
1.0	0.923	0.077
0.114	0.045	0.069
0.833	0.823	0.01
1.0	0.454	0.546
1.0	0.595	0.405
0.433	0.298	0.135
0.495	0.495	0.0
0.934	0.911	0.023
0.007	0.011	-0.004
0.0	0.021	-0.021
1.0	0.019	0.981
0.056	0.006	0.05
0.02	0.034	-0.014
1.0	0.868	0.132
0.873	1.0	-0.127
1.0	0.71	0.29
0.943	1.0	-0.057
0.047	0.072	-0.025
1.0	0.982	0.018
0.91	0.66	0.25
1.0	0.821	0.179
1.0	0.0	1.0
0.269	0.09	0.179
0.959	1.0	-0.041
0.97	1.0	-0.03
0.502	0.607	-0.105
0.986	1.0	-0.014
0.951	0.965	-0.014
0.508	0.708	-0.2
0.151	0.105	0.046
0.058	0.068	-0.01
0.988	0.895	0.093
0.414	0.122	0.292
0.093	0.481	-0.388
0.024	0.08	-0.056
0.06	0.066	-0.006
0.471	0.447	0.024
0.948	0.756	0.192
1.0	0.907	0.093
1.0	1.0	0.0
0.007	0.024	-0.017
0.02	0.0	0.02
1.0	0.695	0.305
1.0	0.183	0.817
0.359	0.033	0.326
0.149	0.2	-0.051
0.924	0.907	0.017
0.058	0.042	0.016
0.852	0.932	-0.08
1.0	0.989	0.011
1.0	0.997	0.003
0.0	0.009	-0.009
0.004	0.002	0.002
0.004	0.007	-0.003
0.003	0.007	-0.004
0.002	0.01	-0.008
0.061	0.064	-0.003
0.062	0.071	-0.009
0.696	0.329	0.367
1.0	0.983	0.017
0.971	1.0	-0.029
0.0	0.2	-0.2
1.0	0.969	0.031
0.0	0.019	-0.019
1.0	0.973	0.027
0.0	0.047	-0.047
1.0	0.97	0.03
0.029	0.087	-0.058
0.0	0.083	-0.083
1.0	0.972	0.028
0.3	0.454	-0.154
0.854	0.815	0.039
1.0	0.601	0.399
0.918	1.0	-0.082
0.031	0.06	-0.029
0.98	1.0	-0.02
0.179	0.12	0.059
0.513	1.0	-0.487
0.359	0.296	0.063
1.0	0.945	0.055
0.662	0.551	0.111
1.0	0.22	0.78
0.919	0.958	-0.039
0.0	0.019	-0.019
0.954	0.937	0.017
0.017	0.022	-0.005
0.939	0.914	0.025
0.922	0.833	0.089
0.99	1.0	-0.01
0.0	0.085	-0.085
0.904	1.0	-0.096
0.028	0.1	-0.072
0.995	1.0	-0.005
0.029	0.0	0.029
0.0	0.01	-0.01
0.995	0.992	0.003
0.94	1.0	-0.06
0.975	0.919	0.056
0.721	0.703	0.018
0.961	1.0	-0.039
0.974	1.0	-0.026
1.0	0.871	0.129
0.0	1.0	-1.0
0.969	0.893	0.076
0.105	0.0	0.105
0.232	0.157	0.075
0.476	0.0	0.476
0.136	0.059	0.077
0.743	1.0	-0.257
0.168	0.118	0.05
0.922	0.939	-0.017
0.941	0.793	0.148
0.735	0.498	0.237
0.934	0.905	0.029
0.118	0.018	0.1
1.0	0.849	0.151
0.595	0.418	0.177
1.0	0.773	0.227
0.908	0.723	0.185
0.009	0.0	0.009
1.0	0.775	0.225
0.831	1.0	-0.169
0.419	0.0	0.419
0.985	0.997	-0.012
0.0	0.034	-0.034
0.0	1.0	-1.0
0.906	0.974	-0.068
0.114	0.013	0.101
0.015	0.041	-0.026
1.0	0.894	0.106
0.954	0.941	0.013
0.344	0.597	-0.253
0.825	0.73	0.095
0.364	0.217	0.147
0.015	0.021	-0.006
0.05	0.011	0.039
1.0	0.999	0.001
0.963	0.974	-0.011
0.968	0.971	-0.003
1.0	0.602	0.398
1.0	0.0	1.0
0.072	0.0	0.072
1.0	0.961	0.039
0.005	0.0	0.005
0.992	1.0	-0.008
0.956	1.0	-0.044
0.048	0.044	0.004
0.992	0.99	0.002
1.0	0.968	0.032
1.0	0.808	0.192
0.034	0.01	0.024
0.955	0.88	0.075
0.271	0.267	0.004
0.585	0.633	-0.048
0.015	0.032	-0.017
0.054	0.015	0.039
0.024	0.0	0.024
0.601	0.431	0.17
0.768	0.723	0.045
0.999	0.999	0.0
0.648	0.816	-0.168
0.0	0.263	-0.263
0.361	0.036	0.325
0.725	0.767	-0.042
1.0	0.329	0.671
1.0	0.977	0.023
0.067	0.122	-0.055
1.0	0.932	0.068
0.583	1.0	-0.417
0.102	0.049	0.053
0.994	1.0	-0.006
0.964	0.952	0.012
1.0	0.37	0.63
1.0	0.891	0.109
0.0	0.035	-0.035
0.119	0.187	-0.068
0.146	0.194	-0.048
0.0	0.004	-0.004
0.884	0.891	-0.007
0.829	0.752	0.077
0.898	0.818	0.08
1.0	0.931	0.069
0.0	0.1	-0.1
0.07	0.038	0.032
0.0	0.133	-0.133
0.835	0.621	0.214
0.0	1.0	-1.0
0.138	0.74	-0.602
0.007	0.003	0.004
0.855	0.968	-0.113
0.0	0.033	-0.033
1.0	0.95	0.05
0.033	0.0	0.033
0.094	0.0	0.094
1.0	0.375	0.625
0.931	0.831	0.1
0.615	0.466	0.149
0.099	0.09	0.009
0.974	0.928	0.046
0.031	0.016	0.015
0.217	0.489	-0.272
0.124	0.0	0.124
0.121	0.065	0.056
0.37	1.0	-0.63
0.695	0.06	0.635
0.098	0.0	0.098
1.0	0.993	0.007
0.441	0.267	0.174
0.852	0.841	0.011
0.316	0.209	0.107
0.623	1.0	-0.377
0.691	0.0	0.691
0.229	1.0	-0.771
0.794	1.0	-0.206
0.593	0.369	0.224
0.996	1.0	-0.004
0.015	0.013	0.002
0.943	0.812	0.131
0.919	0.893	0.026
0.727	0.876	-0.149
0.893	1.0	-0.107
0.0	0.127	-0.127
1.0	0.058	0.942
0.957	1.0	-0.043
0.937	0.871	0.066
0.956	0.943	0.013
0.895	0.815	0.08
0.038	0.0	0.038
1.0	0.996	0.004
0.0	0.543	-0.543
0.089	0.092	-0.003
0.607	0.33	0.277
0.801	1.0	-0.199
0.379	0.295	0.084
0.06	0.096	-0.036
0.844	0.887	-0.043
0.915	0.83	0.085
0.753	0.766	-0.013
0.045	0.0	0.045
0.0	0.008	-0.008
0.005	0.008	-0.003
0.0	0.018	-0.018
0.989	0.986	0.003
0.131	0.0	0.131
0.214	0.282	-0.068
0.992	1.0	-0.008
0.0	0.632	-0.632
0.022	0.0	0.022
1.0	0.96	0.04
0.954	1.0	-0.046
0.052	0.0	0.052
0.463	0.0	0.463
1.0	0.0	1.0
0.495	0.296	0.199
0.982	1.0	-0.018
0.857	0.906	-0.049
0.956	0.97	-0.014
0.996	1.0	-0.004
0.971	1.0	-0.029
0.516	1.0	-0.484
1.0	0.744	0.256
0.0	0.003	-0.003
0.296	0.0	0.296
0.897	0.804	0.093
0.917	0.914	0.003
0.917	0.963	-0.046
0.0	0.032	-0.032
0.049	0.0	0.049
0.795	0.513	0.282
0.061	0.074	-0.013
0.18	0.0	0.18
1.0	0.752	0.248
1.0	0.972	0.028
0.315	0.048	0.267
0.338	0.072	0.266
0.993	0.987	0.006
0.973	0.925	0.048
0.024	0.007	0.017
0.0	0.003	-0.003
0.349	0.118	0.231
0.293	0.513	-0.22
0.761	0.63	0.131
0.0	1.0	-1.0
1.0	0.996	0.004
0.0	1.0	-1.0
0.128	0.114	0.014
0.0	1.0	-1.0
0.073	0.564	-0.491
0.296	1.0	-0.704
0.06	0.176	-0.116
0.932	1.0	-0.068
1.0	0.816	0.184
0.121	0.056	0.065
0.389	1.0	-0.611
0.613	0.613	0.0
0.506	0.376	0.13
0.499	0.388	0.111
0.129	0.0	0.129
0.977	0.918	0.059
0.826	1.0	-0.174
0.172	0.244	-0.072
0.006	0.0	0.006
0.98	0.985	-0.005
0.04	0.08	-0.04
0.931	0.653	0.278
0.022	0.023	-0.001
0.861	0.804	0.057
1.0	0.998	0.002
0.0	0.033	-0.033
0.0	0.06	-0.06
0.269	0.766	-0.497
0.052	0.03	0.022
0.279	0.248	0.031
0.667	0.835	-0.168
0.163	0.182	-0.019
0.337	0.182	0.155
0.972	0.982	-0.01
0.976	0.99	-0.014
0.974	1.0	-0.026
0.899	1.0	-0.101
0.544	0.0	0.544
0.114	0.0	0.114
0.133	0.022	0.111
0.147	0.0	0.147
0.016	0.005	0.011
1.0	1.0	0.0
0.998	0.998	0.0
0.994	0.993	0.001
1.0	0.95	0.05
0.0	0.143	-0.143
1.0	0.989	0.011
0.0	0.015	-0.015
0.02	0.024	-0.004
0.263	0.044	0.219
0.071	0.008	0.063
1.0	0.758	0.242
0.994	1.0	-0.006
0.998	1.0	-0.002
0.84	0.905	-0.065
0.869	0.259	0.61
0.925	0.961	-0.036
0.042	0.019	0.023
0.009	0.0	0.009
1.0	0.982	0.018
0.997	1.0	-0.003
0.995	0.995	0.0
0.92	1.0	-0.08
0.989	1.0	-0.011
0.99	1.0	-0.01
0.964	1.0	-0.036
0.968	1.0	-0.032
0.962	1.0	-0.038
0.999	0.996	0.003
0.995	1.0	-0.005
1.0	1.0	0.0
0.999	1.0	-0.001
0.999	1.0	-0.001
0.992	1.0	-0.008
0.054	0.029	0.025
0.989	1.0	-0.011
0.984	0.991	-0.007
0.086	0.116	-0.03
0.019	0.037	-0.018
0.504	1.0	-0.496
1.0	0.96	0.04
1.0	0.953	0.047
0.311	0.0	0.311
1.0	0.792	0.208
0.539	1.0	-0.461
0.136	0.152	-0.016
0.038	0.0	0.038
0.0	0.282	-0.282
1.0	0.282	0.718
1.0	0.882	0.118
0.038	0.056	-0.018
0.174	0.051	0.123
0.012	0.0	0.012
0.509	0.437	0.072
0.024	0.0	0.024
0.943	1.0	-0.057
0.302	0.0	0.302
0.964	0.745	0.219
0.052	0.0	0.052
1.0	0.801	0.199
0.0	0.15	-0.15
0.966	1.0	-0.034
1.0	0.745	0.255
0.021	0.045	-0.024
1.0	0.976	0.024
0.981	0.907	0.074
1.0	0.989	0.011
0.0	0.014	-0.014
0.008	0.014	-0.006
0.01	0.014	-0.004
1.0	0.998	0.002
1.0	0.989	0.011
0.844	0.782	0.062
1.0	0.998	0.002
1.0	0.987	0.013
1.0	0.927	0.073
1.0	0.997	0.003
1.0	0.386	0.614
0.035	0.027	0.008
0.953	1.0	-0.047
0.13	0.246	-0.116
0.774	0.766	0.008
0.066	0.0	0.066
1.0	0.956	0.044
0.0	0.039	-0.039
0.619	0.585	0.034
0.984	1.0	-0.016
1.0	0.984	0.016
0.981	1.0	-0.019
0.984	1.0	-0.016
0.983	0.971	0.012
0.95	0.901	0.049
0.0	0.092	-0.092
0.999	1.0	-0.001
1.0	1.0	0.0
0.709	0.404	0.305
0.963	1.0	-0.037
0.922	1.0	-0.078
0.642	1.0	-0.358
0.482	1.0	-0.518
0.951	1.0	-0.049
0.854	0.202	0.652
0.0	0.211	-0.211
0.552	0.608	-0.056
0.71	0.62	0.09
0.993	1.0	-0.007
0.966	1.0	-0.034
0.973	0.993	-0.02
0.884	0.839	0.045
0.418	0.444	-0.026
0.45	0.495	-0.045
0.049	0.056	-0.007
0.989	1.0	-0.011
0.657	0.667	-0.01
0.932	0.987	-0.055
0.999	1.0	-0.001
0.968	1.0	-0.032
0.0	0.013	-0.013
0.898	0.969	-0.071
0.746	0.723	0.023
1.0	0.911	0.089
0.0	0.006	-0.006
0.0	0.32	-0.32
1.0	0.351	0.649
0.469	1.0	-0.531
0.995	1.0	-0.005
0.998	0.986	0.012
1.0	0.029	0.971
1.0	0.617	0.383
0.98	0.976	0.004
0.291	0.233	0.058
0.096	0.09	0.006
0.812	0.812	0.0
0.0	0.185	-0.185
0.174	0.262	-0.088
0.971	0.974	-0.003
0.0	0.016	-0.016
0.055	0.246	-0.191
0.92	0.922	-0.002
0.996	0.998	-0.002
1.0	0.999	0.001
0.99	1.0	-0.01
1.0	0.792	0.208
1.0	0.815	0.185
0.996	1.0	-0.004
1.0	0.809	0.191
1.0	0.535	0.465
1.0	0.971	0.029
0.844	1.0	-0.156
0.248	1.0	-0.752
0.0	0.359	-0.359
1.0	0.721	0.279
0.023	0.051	-0.028
0.402	0.252	0.15
0.527	0.723	-0.196
0.023	0.006	0.017
0.099	0.024	0.075
1.0	0.937	0.063
1.0	0.899	0.101
0.899	0.845	0.054
0.945	1.0	-0.055
0.114	1.0	-0.886
0.618	0.202	0.416
0.046	0.0	0.046
1.0	0.44	0.56
0.78	0.774	0.006
0.495	0.457	0.038
0.26	0.0	0.26
0.997	1.0	-0.003
0.0	0.016	-0.016
0.008	0.014	-0.006
0.964	1.0	-0.036
0.0	0.015	-0.015
0.297	0.311	-0.014
0.493	0.03	0.463
0.469	0.495	-0.026
0.39	0.412	-0.022
0.544	0.58	-0.036
0.961	0.872	0.089
0.143	0.128	0.015
0.293	0.282	0.011
0.856	0.828	0.028
0.215	0.291	-0.076
0.746	0.495	0.251
0.393	0.185	0.208
0.546	0.144	0.402
0.171	0.186	-0.015
0.289	0.145	0.144
0.977	0.808	0.169
0.953	0.979	-0.026
0.478	0.277	0.201
1.0	0.984	0.016
0.0	0.039	-0.039
0.146	0.09	0.056
0.923	0.727	0.196
0.986	0.963	0.023
0.989	1.0	-0.011
0.713	0.748	-0.035
0.365	0.295	0.07
0.962	0.91	0.052
0.376	0.224	0.152
0.987	1.0	-0.013
1.0	0.614	0.386
0.385	0.773	-0.388
0.987	1.0	-0.013
0.0	0.029	-0.029
0.174	0.305	-0.131
1.0	0.868	0.132
0.495	0.387	0.108
0.596	1.0	-0.404
0.028	0.051	-0.023
0.222	0.218	0.004
0.766	1.0	-0.234
0.062	0.0	0.062
0.019	0.064	-0.045
0.885	1.0	-0.115
0.256	0.116	0.14
0.954	0.919	0.035
0.964	0.944	0.02
0.872	0.763	0.109
1.0	0.939	0.061
0.0	0.039	-0.039
0.055	0.03	0.025
0.842	0.797	0.045
1.0	0.746	0.254
0.0	0.727	-0.727
1.0	0.051	0.949
1.0	0.015	0.985
0.334	0.339	-0.005
1.0	0.188	0.812
1.0	0.91	0.09
0.0	0.053	-0.053
0.013	0.0	0.013
1.0	0.853	0.147
1.0	0.936	0.064
1.0	0.443	0.557
0.746	0.329	0.417
1.0	0.991	0.009
0.904	1.0	-0.096
0.396	0.228	0.168
0.926	0.42	0.506
0.25	0.09	0.16
0.914	0.694	0.22
0.937	1.0	-0.063
0.991	0.991	0.0
1.0	1.0	0.0
0.954	1.0	-0.046
0.008	0.075	-0.067
0.979	0.932	0.047
0.702	1.0	-0.298
0.993	1.0	-0.007
0.0	0.011	-0.011
0.254	0.694	-0.44
0.253	0.235	0.018
1.0	0.918	0.082
0.0	0.022	-0.022
0.899	0.883	0.016
1.0	0.585	0.415
0.335	0.374	-0.039
0.006	0.0	0.006
1.0	0.981	0.019
0.025	0.015	0.01
0.0	0.077	-0.077
1.0	0.93	0.07
0.015	0.011	0.004
0.897	0.926	-0.029
0.956	1.0	-0.044
0.0	0.329	-0.329
0.682	0.804	-0.122
0.288	0.0	0.288
0.373	0.198	0.175
0.993	0.978	0.015
0.986	1.0	-0.014
0.956	0.693	0.263
0.019	0.0	0.019
0.463	0.651	-0.188
0.0	0.027	-0.027
0.353	0.0	0.353
0.975	0.885	0.09
0.0	0.016	-0.016
0.592	0.797	-0.205
0.0	0.035	-0.035
1.0	0.982	0.018
0.977	1.0	-0.023
0.993	0.987	0.006
0.951	0.909	0.042
0.018	0.008	0.01
0.541	0.164	0.377
0.0	0.003	-0.003
0.917	0.707	0.21
0.917	0.926	-0.009
0.689	0.0	0.689
0.774	0.662	0.112
0.023	0.014	0.009
1.0	0.982	0.018
0.998	0.966	0.032
0.979	0.942	0.037
0.36	0.496	-0.136
0.068	0.31	-0.242
0.953	0.847	0.106
0.033	0.0	0.033
0.121	0.034	0.087
0.246	0.329	-0.083
1.0	0.547	0.453
0.002	0.002	0.0
0.997	0.999	-0.002
0.008	0.012	-0.004
1.0	0.957	0.043
1.0	0.996	0.004
0.008	0.01	-0.002
0.419	0.409	0.01
0.967	0.971	-0.004
0.853	0.896	-0.043
0.013	0.0	0.013
0.005	0.003	0.002
1.0	0.916	0.084
1.0	0.921	0.079
0.833	0.215	0.618
0.977	0.975	0.002
0.46	1.0	-0.54
0.355	0.329	0.026
0.741	1.0	-0.259
0.998	0.994	0.004
0.891	0.83	0.061
1.0	0.808	0.192
1.0	0.995	0.005
1.0	0.981	0.019
0.0	0.027	-0.027
0.066	0.092	-0.026
0.939	1.0	-0.061
1.0	0.99	0.01
0.014	0.034	-0.02
0.891	0.895	-0.004
1.0	0.873	0.127
0.0	0.006	-0.006
0.032	0.025	0.007
0.815	1.0	-0.185
0.997	0.993	0.004
1.0	0.94	0.06
0.0	0.13	-0.13
1.0	0.957	0.043
1.0	0.798	0.202
0.734	0.01	0.724
1.0	0.205	0.795
0.0	0.035	-0.035
0.003	0.006	-0.003
1.0	0.956	0.044
0.93	1.0	-0.07
0.449	0.0	0.449
0.596	0.969	-0.373
0.965	0.99	-0.025
1.0	0.979	0.021
0.758	0.708	0.05
1.0	0.857	0.143
0.058	0.041	0.017
0.943	0.911	0.032
0.153	0.137	0.016
0.946	0.662	0.284
0.792	0.637	0.155
0.572	1.0	-0.428
0.014	0.01	0.004
0.0	1.0	-1.0
0.008	0.015	-0.007
0.023	0.0	0.023
0.999	1.0	-0.001
1.0	0.865	0.135
1.0	0.849	0.151
1.0	0.849	0.151
0.0	0.605	-0.605
0.0	0.009	-0.009
1.0	0.914	0.086
1.0	0.992	0.008
0.28	0.015	0.265
0.996	0.998	-0.002
0.976	0.969	0.007
1.0	0.964	0.036
1.0	0.88	0.12
0.0	0.042	-0.042
1.0	0.434	0.566
0.662	0.197	0.465
0.976	0.979	-0.003
1.0	0.94	0.06
0.969	1.0	-0.031
0.985	0.993	-0.008
0.514	0.446	0.068
0.2	0.304	-0.104
0.017	0.019	-0.002
0.0	0.015	-0.015
0.732	1.0	-0.268
1.0	0.919	0.081
0.128	0.013	0.115
1.0	0.392	0.608
0.392	0.219	0.173
0.774	0.534	0.24
0.871	0.934	-0.063
0.946	1.0	-0.054
0.0	1.0	-1.0
0.311	0.0	0.311
0.341	0.0	0.341
1.0	0.0	1.0
1.0	0.0	1.0
0.0	0.011	-0.011
1.0	0.952	0.048
0.0	1.0	-1.0
0.558	1.0	-0.442
0.134	0.189	-0.055
1.0	0.948	0.052
0.0	0.065	-0.065
0.966	0.992	-0.026
0.495	0.632	-0.137
1.0	0.0	1.0
1.0	0.544	0.456
1.0	0.589	0.411
0.302	0.166	0.136
1.0	0.572	0.428
1.0	0.829	0.171
1.0	0.985	0.015
0.55	0.637	-0.087
0.25	0.182	0.068
1.0	0.354	0.646
1.0	0.955	0.045
1.0	0.873	0.127
0.0	0.017	-0.017
0.091	0.011	0.08
1.0	0.401	0.599
0.011	0.0	0.011
0.917	0.896	0.021
0.984	1.0	-0.016
0.992	1.0	-0.008
0.994	0.998	-0.004
1.0	0.0	1.0
1.0	0.638	0.362
1.0	0.0	1.0
1.0	0.0	1.0
0.281	0.0	0.281
0.115	0.0	0.115
0.0	0.414	-0.414
0.623	0.322	0.301
1.0	0.063	0.937
0.493	1.0	-0.507
1.0	0.989	0.011
0.992	1.0	-0.008
0.049	0.104	-0.055
0.994	0.957	0.037
0.249	0.032	0.217
0.0	0.028	-0.028
1.0	0.977	0.023
0.924	0.795	0.129
0.994	1.0	-0.006
0.286	0.285	0.001
0.0	0.011	-0.011
0.246	1.0	-0.754
0.106	0.216	-0.11
0.96	1.0	-0.04
0.079	0.046	0.033
0.846	1.0	-0.154
0.444	0.626	-0.182
0.501	0.362	0.139
0.036	0.0	0.036
0.061	0.0	0.061
0.0	0.611	-0.611
0.148	0.15	-0.002
0.228	0.079	0.149
0.621	0.29	0.331
1.0	0.908	0.092
0.246	0.567	-0.321
0.827	0.629	0.198
0.973	0.993	-0.02
0.263	0.0	0.263
0.823	0.903	-0.08
1.0	0.933	0.067
1.0	0.597	0.403
0.991	1.0	-0.009
0.992	1.0	-0.008
0.863	1.0	-0.137
0.0	0.06	-0.06
0.992	1.0	-0.008
0.335	0.494	-0.159
0.418	0.644	-0.226
0.596	0.835	-0.239
0.0	0.017	-0.017
0.012	0.0	0.012
0.843	0.966	-0.123
0.0	0.011	-0.011
0.891	1.0	-0.109
1.0	0.973	0.027
0.378	0.155	0.223
0.136	0.043	0.093
0.897	1.0	-0.103
0.906	0.97	-0.064
0.57	0.79	-0.22
0.0	0.044	-0.044
1.0	0.955	0.045
0.976	1.0	-0.024
0.987	0.981	0.006
0.0	0.015	-0.015
1.0	0.957	0.043
0.925	1.0	-0.075
1.0	0.954	0.046
0.072	0.0	0.072
1.0	0.403	0.597
0.095	0.072	0.023
1.0	0.016	0.984
1.0	0.856	0.144
0.063	0.068	-0.005
0.949	0.944	0.005
1.0	0.951	0.049
1.0	0.868	0.132
0.075	0.113	-0.038
0.613	0.791	-0.178
0.903	0.769	0.134
0.898	0.954	-0.056
0.967	0.931	0.036
0.922	0.711	0.211
0.97	0.967	0.003
0.924	0.931	-0.007
1.0	0.93	0.07
1.0	0.852	0.148
0.0	0.027	-0.027
1.0	0.994	0.006
0.768	1.0	-0.232
1.0	0.949	0.051
0.895	0.914	-0.019
0.0	0.009	-0.009
0.074	0.0	0.074
0.078	0.116	-0.038
0.034	0.078	-0.044
0.0	0.133	-0.133
1.0	0.235	0.765
0.054	0.017	0.037
0.626	0.675	-0.049
0.914	0.898	0.016
0.234	1.0	-0.766
0.975	1.0	-0.025
0.044	0.022	0.022
0.984	0.977	0.007
1.0	0.12	0.88
0.95	0.936	0.014
0.117	0.0	0.117
0.708	0.229	0.479
0.965	0.914	0.051
0.0	0.495	-0.495
0.987	0.924	0.063
0.957	0.926	0.031
0.812	1.0	-0.188
0.78	0.587	0.193
0.392	0.331	0.061
1.0	0.908	0.092
0.708	0.618	0.09
0.992	0.995	-0.003
1.0	0.789	0.211
0.0	0.551	-0.551
0.037	0.058	-0.021
0.017	0.042	-0.025
1.0	0.962	0.038
1.0	1.0	0.0
0.809	1.0	-0.191
0.662	0.495	0.167
1.0	0.866	0.134
0.0	0.289	-0.289
1.0	0.865	0.135
0.018	0.0	0.018
0.982	0.97	0.012
0.996	0.991	0.005
0.049	0.055	-0.006
0.782	0.723	0.059
0.062	0.565	-0.503
0.056	0.369	-0.313
0.473	0.23	0.243
0.124	0.243	-0.119
0.0	0.032	-0.032
0.662	0.495	0.167
1.0	0.912	0.088
0.0	0.035	-0.035
0.0	0.043	-0.043
0.08	0.0	0.08
1.0	0.983	0.017
1.0	0.77	0.23
1.0	0.935	0.065
1.0	0.454	0.546
0.065	0.05	0.015
0.994	0.982	0.012
0.993	1.0	-0.007
0.38	1.0	-0.62
0.901	0.87	0.031
0.722	0.97	-0.248
0.895	1.0	-0.105
0.595	0.826	-0.231
0.62	0.495	0.125
0.588	0.744	-0.156
0.003	0.0	0.003
0.997	1.0	-0.003
0.037	0.019	0.018
0.917	1.0	-0.083
0.0	0.039	-0.039
1.0	1.0	0.0
0.862	0.968	-0.106
0.731	0.78	-0.049
0.066	0.01	0.056
0.46	0.056	0.404
0.0	0.019	-0.019
1.0	0.908	0.092
1.0	0.813	0.187
1.0	0.979	0.021
0.979	0.823	0.156
0.944	1.0	-0.056
0.714	0.367	0.347
1.0	0.662	0.338
0.936	1.0	-0.064
1.0	0.94	0.06
0.0	0.199	-0.199
1.0	0.855	0.145
0.462	0.0	0.462
0.443	1.0	-0.557
0.771	0.923	-0.152
0.362	0.235	0.127
0.088	0.056	0.032
0.0	0.061	-0.061
1.0	0.266	0.734
0.927	1.0	-0.073
0.027	0.0	0.027
0.0	0.017	-0.017
0.694	0.917	-0.223
0.033	0.087	-0.054
0.009	0.004	0.005
0.231	0.138	0.093
0.121	0.0	0.121
0.069	0.182	-0.113
1.0	0.024	0.976
0.948	0.947	0.001
1.0	0.729	0.271
0.089	0.0	0.089
0.921	0.595	0.326
0.082	0.062	0.02
0.068	0.089	-0.021
1.0	0.756	0.244
1.0	0.88	0.12
1.0	0.628	0.372
0.0	0.395	-0.395
0.81	1.0	-0.19
0.0	0.019	-0.019
0.066	0.0	0.066
0.904	0.834	0.07
0.138	0.482	-0.344
0.499	0.538	-0.039
0.0	0.142	-0.142
0.083	0.176	-0.093
0.0	0.021	-0.021
0.423	0.305	0.118
1.0	0.626	0.374
0.0	0.119	-0.119
0.128	0.0	0.128
0.969	0.956	0.013
0.021	0.0	0.021
0.019	0.065	-0.046
0.746	1.0	-0.254
0.462	0.335	0.127
0.595	0.103	0.492
1.0	0.847	0.153
0.1	0.275	-0.175
0.0	0.729	-0.729
0.69	0.308	0.382
1.0	0.083	0.917
0.007	0.01	-0.003
0.886	0.976	-0.09
1.0	0.911	0.089
0.043	0.045	-0.002
0.315	0.205	0.11
0.994	1.0	-0.006
0.023	0.017	0.006
0.001	0.006	-0.005
0.961	1.0	-0.039
0.997	1.0	-0.003
0.999	1.0	-0.001
1.0	0.231	0.769
0.083	0.0	0.083
0.972	0.905	0.067
1.0	1.0	0.0
0.996	1.0	-0.004
0.437	0.491	-0.054
0.867	1.0	-0.133
0.083	0.144	-0.061
0.957	0.955	0.002
0.635	0.875	-0.24
0.027	0.02	0.007
0.152	0.082	0.07
0.268	0.24	0.028
0.579	0.509	0.07
0.931	0.843	0.088
0.992	1.0	-0.008
0.0	0.05	-0.05
1.0	0.932	0.068
0.0	0.047	-0.047
0.363	0.101	0.262
0.0	0.035	-0.035
0.017	0.0	0.017
0.797	0.56	0.237
0.746	1.0	-0.254
0.902	0.746	0.156
0.796	0.669	0.127
0.998	1.0	-0.002
0.525	0.563	-0.038
0.644	0.556	0.088
1.0	0.28	0.72
0.048	0.078	-0.03
0.971	0.994	-0.023
0.997	0.994	0.003
0.811	0.781	0.03
0.875	0.778	0.097
0.831	0.495	0.336
0.865	1.0	-0.135
0.021	0.0	0.021
0.054	0.058	-0.004
0.984	1.0	-0.016
0.786	0.887	-0.101
0.453	0.0	0.453
0.0	0.618	-0.618
0.126	0.071	0.055
0.606	0.628	-0.022
0.662	1.0	-0.338
1.0	0.595	0.405
1.0	0.0	1.0
0.815	0.901	-0.086
0.127	0.018	0.109
0.958	1.0	-0.042
0.964	0.946	0.018
0.345	0.305	0.04
0.0	0.018	-0.018
0.0	0.024	-0.024
1.0	0.372	0.628
0.023	0.0	0.023
0.803	0.88	-0.077
0.962	1.0	-0.038
0.49	1.0	-0.51
1.0	0.926	0.074
0.0	0.01	-0.01
0.0	0.006	-0.006
0.019	0.006	0.013
0.015	0.016	-0.001
0.01	0.015	-0.005
0.0	1.0	-1.0
0.013	0.003	0.01
0.871	0.635	0.236
0.008	0.012	-0.004
1.0	0.902	0.098
1.0	0.994	0.006
0.923	1.0	-0.077
0.937	1.0	-0.063
0.946	1.0	-0.054
0.951	1.0	-0.049
0.927	1.0	-0.073
0.753	0.088	0.665
1.0	0.67	0.33
0.01	0.0	0.01
0.006	0.014	-0.008
0.774	0.875	-0.101
0.766	0.685	0.081
0.981	0.988	-0.007
0.175	0.0	0.175
0.155	0.562	-0.407
0.893	0.966	-0.073
0.033	0.026	0.007
0.991	0.989	0.002
0.681	0.752	-0.071
0.969	0.876	0.093
1.0	0.88	0.12
0.0	0.12	-0.12
0.987	0.99	-0.003
0.941	0.99	-0.049
0.429	0.403	0.026
0.936	0.86	0.076
0.953	1.0	-0.047
0.319	0.524	-0.205
0.978	1.0	-0.022
0.096	0.088	0.008
0.992	1.0	-0.008
0.143	0.033	0.11
0.0	0.089	-0.089
0.0	0.311	-0.311
0.83	0.821	0.009
1.0	0.691	0.309
0.977	0.973	0.004
0.992	0.989	0.003
0.993	0.998	-0.005
0.879	0.954	-0.075
1.0	0.999	0.001
0.0	0.089	-0.089
0.457	0.524	-0.067
0.143	0.127	0.016
0.0	0.116	-0.116
1.0	0.027	0.973
0.0	0.009	-0.009
1.0	0.989	0.011
0.091	0.031	0.06
0.803	0.915	-0.112
0.969	0.934	0.035
0.0	0.163	-0.163
1.0	0.021	0.979
0.07	0.063	0.007
0.0	0.014	-0.014
0.135	0.236	-0.101
0.0	0.03	-0.03
1.0	0.408	0.592
1.0	0.99	0.01
0.0	0.811	-0.811
0.661	1.0	-0.339
0.189	0.086	0.103
0.992	0.998	-0.006
0.96	0.992	-0.032
0.003	0.006	-0.003
0.06	0.122	-0.062
0.988	1.0	-0.012
0.33	1.0	-0.67
0.018	0.008	0.01
1.0	0.999	0.001
1.0	0.982	0.018
1.0	0.99	0.01
0.985	1.0	-0.015
0.045	0.074	-0.029
0.025	0.039	-0.014
0.051	0.009	0.042
0.671	0.497	0.174
0.908	0.923	-0.015
0.801	0.829	-0.028
0.039	0.0	0.039
0.957	1.0	-0.043
0.848	1.0	-0.152
1.0	0.662	0.338
0.998	0.995	0.003
0.997	0.999	-0.002
0.614	1.0	-0.386
0.0	0.001	-0.001
0.607	0.419	0.188
0.994	0.991	0.003
1.0	0.944	0.056
0.134	0.755	-0.621
0.732	0.763	-0.031
0.897	1.0	-0.103
0.271	0.269	0.002
1.0	0.378	0.622
0.495	1.0	-0.505
0.951	0.984	-0.033
0.056	0.096	-0.04
0.785	1.0	-0.215
0.92	1.0	-0.08
0.105	0.0	0.105
1.0	0.89	0.11
1.0	0.718	0.282
0.316	0.8	-0.484
0.558	0.426	0.132
0.873	0.758	0.115
0.102	0.099	0.003
0.039	0.058	-0.019
1.0	0.795	0.205
0.982	1.0	-0.018
0.127	0.778	-0.651
0.329	0.44	-0.111
0.343	0.303	0.04
0.462	0.067	0.395
1.0	0.964	0.036
