ID
1
9
11
14
15
16
17
19
21
23
24
25
36
56
57
62
64
68
70
71
75
77
81
87
88
89
90
91
94
96
97
100
103
141
142
144
146
148
154
155
157
158
161
169
176
177
196
199
200
203
206
207
209
210
217
218
219
221
222
224
237
238
240
241
246
247
250
251
252
253
254
255
257
261
267
271
278
284
285
286
287
292
293
294
296
299
304
310
311
319
325
330
332
341
342
353
356
357
360
362
364
366
367
368
371
373
389
395
397
398
399
400
401
404
407
414
416
418
427
429
432
438
439
451
461
466
468
473
475
480
481
489
497
514
515
521
522
524
525
526
527
528
533
534
537
538
540
541
544
545
548
554
555
557
559
563
565
566
567
568
569
570
571
575
577
579
580
588
590
592
609
610
611
612
613
615
621
622
625
629
630
631
632
636
641
643
644
646
647
650
652
653
654
655
656
657
659
660
664
666
667
669
670
673
674
675
676
681
684
686
687
688
689
691
692
693
695
697
698
699
714
715
716
722
724
730
731
733
735
736
737
740
741
745
750
758
759
769
770
771
775
778
781
782
786
788
790
793
794
799
801
803
805
806
807
808
810
811
813
814
815
823
843
844
847
848
851
852
857
858
867
871
874
878
879
880
881
882
883
884
891
893
894
895
896
897
899
901
907
908
910
911
913
914
917
922
927
928
929
934
941
946
947
948
949
950
956
958
960
961
962
964
965
966
967
968
971
980
983
988
990
991
992
1004
1007
1011
1012
1014
1015
1018
1019
1020
1026
1030
1033
1035
1039
1042
1044
1045
1046
1047
1048
1050
1051
1053
1057
1058
1059
1060
1061
1062
1066
1070
1071
1074
1078
1084
1085
1086
1090
1098
1099
1103
1104
1105
1107
1120
1121
1123
1124
1130
1137
1143
1146
1157
1159
1162
1164
1165
1166
1168
1171
1172
1174
1177
1179
1185
1186
1187
1188
1190
1200
1204
1207
1209
1218
1219
1220
1221
1222
1223
1230
1239
1245
1246
1249
1252
1255
1259
1276
1277
1278
1280
1287
1288
1289
1292
1293
1300
1301
1307
1310
1320
1325
1326
1327
1329
1330
1333
1335
1340
1346
1365
1367
1370
1372
1375
1399
1417
1421
1422
1423
1426
1427
1428
1432
1436
1440
1442
1444
1447
1454
1460
1461
1462
1463
1464
1465
1467
1469
1470
1471
1487
1490
1491
1495
1496
1497
1498
1500
1501
1503
1506
1510
1521
1525
1526
1527
1529
1531
1532
1533
1535
1538
1539
1542
1543
1550
1552
1553
1555
1556
1558
1559
1563
1566
1572
1573
1578
1588
1592
1594
1595
1596
1597
1598
1603
1607
1608
1609
1610
1611
1618
1624
1632
1646
1652
1653
1654
1655
1656
1657
1662
1666
1667
1669
1672
1673
1681
1683
1685
1686
1688
1689
1691
1692
1693
1695
1700
1701
1702
1703
1704
1705
1707
1709
1710
1711
1713
1714
1715
1716
1717
1718
1724
1727
1728
1730
1741
1742
1752
1753
1756
1757
1758
1760
1761
1762
1763
1764
1765
1766
1774
1775
1776
1778
1780
1783
1788
1789
1790
1791
1792
1794
1795
1797
1802
1804
1808
1809
1811
1812
1814
1818
1819
1822
1823
1824
1825
1827
1830
1833
1836
1838
1839
1847
1852
1856
1864
1865
1866
1869
1872
1873
1879
1884
1885
1886
1887
1888
1889
1890
1891
1894
1895
1899
1900
1901
1904
1906
1909
1910
1924
1925
1929
1930
1932
1933
1935
1937
1939
1940
1943
1945
1946
1950
1951
1954
1956
1958
1959
1962
1963
1964
1965
1967
1969
1970
1971
1973
1974
1975
1976
1977
1978
1979
1983
1984
1987
1989
1990
1994
1995
1996
1997
2000
2001
2003
2004
2005
2009
2010
2012
2013
2017
2018
2019
2020
2022
2025
2028
2029
2032
2034
2035
2039
2040
2041
2042
2043
2047
2050
2051
2052
2059
2073
2074
2076
2078
2086
2087
2088
2096
2097
2099
2100
2102
2103
2104
2121
2124
2126
2127
2128
2136
2140
2141
2145
2147
2148
2151
2152
2153
2156
2157
2158
2166
2173
2174
2175
2177
2181
2182
2184
2185
2191
2192
2193
2194
2195
2196
2199
2201
2202
2204
2205
2206
2209
2210
2212
2216
2220
2221
2222
2223
2224
2225
2226
2227
2228
2230
2231
2232
2233
2238
2239
2240
2242
2243
2245
2246
2250
2253
2259
2260
2261
2263
2264
2265
2266
2267
2268
2269
2270
2271
2272
2274
2278
2280
2281
2282
2284
2287
2289
2290
2291
2294
2298
2299
2300
2301
2302
2304
2305
2306
2314
2317
2323
2324
2325
2326
2329
2330
2331
2339
2340
2345
2351
2360
2361
2363
2364
2365
2370
2375
2377
2378
2379
2380
2381
2382
2384
2385
2386
2387
2389
2390
2391
2392
2394
2395
2398
2400
2403
2411
2413
2414
2416
2419
2422
2423
2424
2425
2427
2428
2429
2430
2431
2432
2433
2434
2435
2436
2437
2441
2446
2447
2449
2450
2454
2455
2456
2457
2459
2460
2461
2462
2463
2464
2465
2466
2468
2469
2472
2473
2474
2475
2477
2478
2479
2480
2481
2482
2487
2488
2489
2492
2494
2495
2498
2499
2500
2501
2502
2503
2506
2507
2508
2510
2512
2513
2514
2517
2518
2519
2520
2522
2523
2528
2529
2530
2534
2536
2540
2543
2544
2547
2548
2550
2554
2555
2556
2564
2565
2566
2575
2577
2578
2583
2589
2592
2607
2611
2613
2614
2617
2623
2624
2625
2632
2634
2635
2638
2643
2644
2645
2647
2650
2651
2652
2656
2657
2658
2659
2660
2662
2663
2667
2672
2676
2678
2679
2686
2688
2689
2690
2691
2699
2702
2703
2704
2705
2706
2707
2708
2711
2716
2717
2718
2722
2726
2728
2729
2732
2733
2734
2735
2736
2740
2741
2742
2743
2746
2748
2749
2750
2752
2756
2758
2760
2762
2765
2766
2767
2769
2770
2771
2772
2773
2776
2777
2778
2779
2780
2781
2782
2785
2786
2787
2788
2789
2790
2791
2792
2796
2797
2799
2800
2801
2802
2804
2805
2807
2808
2811
2820
2823
2824
2825
2827
2828
2830
2834
2835
2836
2838
2841
2844
2845
2846
2848
2849
2850
2852
2854
2855
2856
2857
2858
2859
2862
2867
2869
2873
2874
2875
2877
2878
2879
2883
2885
2886
2893
2894
2895
2896
2897
2898
2899
2900
2902
2904
2905
2906
2909
2910
2917
2918
2919
2920
2921
2922
2923
2925
2926
2938
2940
2943
2946
2947
2948
2949
2952
2953
2958
2959
2960
2961
2962
2964
2965
2966
2970
2971
2974
2975
2978
2979
2982
2984
2985
2986
2987
2989
2992
2993
2994
2995
2996
2997
2998
2999
3000
3002
3003
3004
3006
3007
3009
3010
3011
3014
3015
3022
3023
3027
3028
3029
3034
3035
3036
3038
3039
3040
3050
3053
3054
3057
3058
3061
3062
3064
3066
3068
3069
3070
3072
3075
3076
3079
3080
3082
3083
3086
3087
3088
3089
3092
3095
3099
3100
3101
3105
3107
3110
3111
3112
3113
3119
3123
3124
3125
3127
3128
3129
3131
3132
3133
3134
3135
3136
3137
3139
3140
3141
3143
3146
3149
3150
3151
3156
3160
3161
3162
3163
3167
3174
3179
3184
3185
3186
3187
3189
3197
3198
3199
3200
3201
3202
3203
3205
3207
3208
3209
3210
3218
3220
3222
3224
3225
3227
3229
3230
3234
3235
3236
3239
3242
3246
3247
3248
3249
3251
3253
3256
3257
3258
3259
3261
3262
3263
3266
3270
3272
3274
3277
3282
3287
3289
3292
3294
3296
3298
3299
3300
3301
3302
3304
3305
3306
3307
3310
3314
3315
3317
3323
3326
3328
3329
3331
3333
3337
3338
3340
3349
3350
3354
3356
3358
3363
3370
3371
3372
3373
3376
3378
3379
3382
3383
3385
3391
3392
3393
3395
3397
3398
3402
3404
3406
3407
3409
3411
3412
3413
3414
3415
3416
3419
3421
3426
3427
3428
3429
3432
3433
3434
3436
3438
3440
3443
3444
3445
3447
3448
3453
3454
3457
3458
3462
3464
3465
3468
3469
3472
3474
3475
3478
3487
3488
3489
3491
3492
3493
3495
3496
3497
3498
3501
3504
3518
3519
3520
3521
3524
3525
3526
3528
3529
3531
3532
3535
3536
3537
3538
3539
3541
3542
3544
3545
3546
3547
3549
3550
3551
3552
3555
3558
3560
3561
3568
3571
3572
3573
3575
3578
3579
3580
3582
3583
3586
3590
3593
3595
3596
3602
3609
3610
3611
3613
3614
3615
3616
3622
3623
3625
3631
3632
3641
3642
3644
3645
3646
3647
3648
3649
3651
3653
3654
3655
3657
3658
3661
3664
3666
3667
3671
3672
3674
3676
3680
3681
3683
3688
3690
3696
3698
3703
3705
3707
3710
3713
3715
3716
3720
3723
3724
3725
3729
3730
3732
3733
3734
3738
3739
3740
3741
3742
3743
3745
3748
3750
3753
3757
3760
3761
3765
3766
3767
3768
3780
3781
3782
3783
3784
3785
3786
3788
3789
3797
3798
3802
3803
3807
3808
3809
3811
3814
3818
3819
3820
3821
3822
3823
3824
3827
3830
3834
3835
3837
3844
3845
3852
3853
3854
3855
3856
3857
3862
3865
3874
3877
3883
3886
3890
3896
3902
3903
3906
3908
3909
3910
3912
3917
3920
3921
3922
3923
3925
3926
3928
3929
3931
3932
3933
3934
3936
3938
3939
3940
3942
3943
3945
3946
3947
3948
3949
3950
3951
3960
3968
3971
3976
3981
3986
3987
3993
3995
3996
3998
4000
4001
4008
4010
4011
4012
4013
4014
4015
4017
4018
4019
4020
4024
4025
4028
4029
4030
4031
4032
4033
4034
4035
4036
4037
4039
4040
4041
4042
4043
4044
4045
4046
4048
4049
4050
4052
4053
4056
4057
4063
4064
4065
4070
4072
4080
4082
4083
4087
4089
4090
4093
4101
4102
4103
4105
4108
4109
4110
4113
4115
4116
4118
4119
4121
4123
4133
4134
4135
4137
4138
4141
4142
4143
4147
4148
4150
4153
4154
4162
4167
4169
4170
4171
4173
4175
4182
4183
4184
4185
4191
4194
4195
4204
4207
4215
4216
4220
4222
4223
4224
4225
4228
4231
4233
4234
4235
4236
4237
4238
4239
4240
4241
4242
4243
4247
4248
4251
4254
4255
4256
4259
4260
4261
4262
4265
4266
4269
4272
4273
4275
4276
4277
4279
4280
4283
4284
4286
4288
4291
4296
4301
4303
4304
4308
4310
4313
4315
4325
4326
4329
4331
4332
4335
4336
4337
4338
4339
4341
4348
4349
4351
4358
4360
4362
4364
4365
4366
4367
4368
4369
4370
4371
4373
4376
4379
4380
4382
4385
4386
4388
4390
4391
4392
4393
4394
4399
4400
4401
4402
4403
4404
4405
4410
4411
4412
4418
4419
4420
4421
4427
4428
4433
4436
4439
4450
4451
4455
4459
4460
4461
4463
4466
4472
4473
4475
4478
4479
4480
4481
4483
4484
4487
4488
4490
4492
4493
4495
4499
4500
4501
4502
4503
4504
4509
4513
4518
4519
4520
4531
4537
4539
4540
4543
4544
4545
4560
4564
4565
4567
4569
4571
4572
4573
4574
4576
4579
4585
4586
4588
4590
4593
4594
4595
4597
4598
4599
4600
4601
4602
4603
4604
4605
4606
4607
4608
4609
4611
4613
4616
4617
4618
4619
4621
4622
4623
4624
4625
4626
4628
4629
4631
4632
4635
4636
4637
4638
4639
4640
4641
4648
4649
4650
4651
4654
4656
4658
4660
4661
4662
4663
4664
4665
4666
4669
4672
4673
4674
4675
4676
4683
4685
4686
4687
4689
4691
4692
4693
4697
4698
4699
4700
4702
4704
4706
4707
4724
4725
4727
4728
4730
4732
4733
4734
4736
4739
4743
4745
4746
4749
4750
4754
4756
4758
4762
4764
4765
4766
4769
4770
4772
4776
4778
4779
4780
4783
4785
4786
4788
4789
4792
4795
4797
4799
4805
4806
4808
4809
4810
4812
4813
4815
4816
4822
4823
4827
4828
4829
4830
4831
4832
4835
4836
4837
4842
4843
4845
4847
4848
4849
4861
4864
4865
4866
4867
4870
4871
4872
4879
4880
4881
4882
4883
4884
4885
4886
4890
4891
4895
4897
4901
4902
4903
4907
4909
4911
4913
4915
4916
4917
4918
4919
4920
4921
4922
4923
4924
4926
4928
4929
4930
4931
4933
4936
4940
4949
4953
4955
4956
4957
4959
4961
4962
4974
4981
4984
4986
4987
4988
4989
4991
4992
4993
4994
4995
4996
4997
4998
4999
5002
5005
5006
5007
5010
5012
5013
5014
5015
5020
5021
5022
5023
5024
5032
5033
5034
5035
5036
5037
5039
5040
5041
5042
5044
5046
5048
5049
5050
5052
5054
5059
5060
5061
5063
5066
5068
5069
5071
5073
5074
5075
5076
5077
5079
5080
5082
5083
5084
5086
5087
5089
5090
5093
5094
5096
5097
5098
5099
5100
5101
5102
5103
5104
5105
5106
5107
5108
5109
5110
5111
5114
5115
5116
5118
5121
5122
5123
5124
5125
5127
5130
5131
5134
5135
5136
5139
5142
5144
5145
5147
5152
5153
5154
5156
5157
5158
5160
5161
5162
5166
5167
5168
5170
5171
5172
5173
5174
5175
5177
5178
5179
5183
5184
5186
5187
5190
5191
5194
5195
5196
5197
5198
5199
5200
5201
5202
5203
5204
5206
5207
5209
5211
5214
5218
5219
5220
5221
5222
5223
5226
5235
5236
5237
5240
5243
5246
5249
5250
5251
5261
5264
5265
5266
5267
5268
5269
5272
5274
5277
5279
5280
5281
5282
5283
5285
5286
5287
5290
5294
5302
5304
5309
5310
5314
5318
5321
5325
5330
5332
5334
5335
5336
5338
5339
5341
5346
5347
5349
5351
5355
5356
5359
5362
5363
5364
5365
5366
5367
5373
5379
5380
5381
5382
5383
5384
5386
5389
5392
5393
5394
5395
5398
5405
5406
5407
5408
5409
5410
5411
5413
5414
5421
5422
5423
5424
5425
5426
5428
5429
5430
5432
5433
5434
5442
5446
5447
5453
5454
5460
5461
5462
5463
5464
5465
5466
5470
5471
5472
5473
5475
5476
5486
5487
5488
5489
5490
5492
5496
5497
5503
5504
5505
5506
5510
5511
5513
5514
5516
5517
5519
5522
5523
5524
5525
5528
5532
5534
5536
5540
5543
5545
5546
5547
5551
5552
5553
5554
5557
5559
5560
5561
5562
5566
5567
5568
5569
5570
5571
5574
5580
5582
5583
5585
5586
5588
5592
5595
5597
5598
5600
5601
5607
5609
5610
5611
5612
5615
5616
5619
5627
5629
5630
5633
5634
5636
5641
5643
5644
5650
5664
5665
5674
5675
5680
5681
5682
5683
5684
5685
5686
5689
5694
5695
5696
5697
5699
5701
5703
5704
5706
5707
5710
5712
5713
5716
5721
5724
5725
5727
5729
5733
5734
5735
5738
5742
5745
5749
5750
5753
5755
5758
5759
5761
5762
5763
5767
5770
5774
5777
5779
5780
5781
5784
5785
5786
5787
5790
5791
5803
5805
5806
5807
5816
5817
5823
5824
5825
5826
5828
5829
5841
5847
5849
5851
5852
5855
5856
5858
5859
5861
5862
5863
5864
5866
5867
5869
5870
5872
5873
5875
5876
5877
5878
5879
5880
5883
5884
5887
5890
5891
5899
5903
5905
5906
5907
5908
5913
5914
5915
5926
5928
5930
5932
5943
5948
5949
5952
5955
5965
5966
5969
5972
5973
5974
5978
5980
5981
5985
5987
5989
5991
5992
5993
5995
5996
5998
5999
6003
6005
6006
6009
6010
6011
6012
6013
6014
6015
6016
6017
6018
6019
6020
6021
6022
6023
6025
6030
6032
6037
6038
6040
6041
6048
6050
6052
6053
6054
6065
6066
6071
6072
6073
6074
6077
6078
6079
6080
6081
6083
6085
6087
6088
6089
6090
6091
6092
6093
6094
6095
6096
6097
6098
6099
6100
6101
6102
6106
6107
6112
6113
6119
6121
6122
6124
6126
6128
6129
6131
6132
6134
6135
6136
6140
6142
6143
6146
6155
6156
6157
6159
6161
6169
6171
6172
6173
6175
6177
6181
6183
6184
6186
6187
6188
6190
6197
6199
6205
6206
6208
6209
6210
6211
6213
6230
6231
6232
6234
6241
6244
6245
6246
6251
6252
6255
6256
6257
6258
6259
6260
6261
6262
6263
6265
6266
6267
6271
6278
6280
6282
6284
6287
6291
6292
6293
6294
6295
6298
6299
6301
6302
6303
6305
6308
6311
6312
6313
6316
6317
6318
6319
6320
6321
6323
6324
6325
6327
6328
6329
6330
6332
6333
6334
6335
6336
6339
6340
6342
6350
6353
6356
6357
6359
6360
6361
6362
6363
6365
6368
6369
6370
6372
6373
6374
6381
6385
6388
6389
6391
6396
6398
6400
6401
6402
6403
6411
6413
6414
6415
6417
6419
6422
6423
6424
6425
6428
6429
6431
6433
6434
6435
6436
6438
6442
6443
6444
6451
6455
6457
6458
6460
6471
6472
6477
6478
6480
6482
6492
6499
6500
6501
6503
6504
6505
6506
6507
6508
6509
6510
6511
6512
6513
6514
6515
6517
6520
6521
6523
6524
6525
6526
6527
6529
6530
6531
6532
6533
6534
6535
6536
6547
6553
6555
6561
6562
6563
6572
6577
6578
6579
6580
6584
6586
6587
6589
6591
6607
6609
6610
6611
6612
6618
6619
6625
6626
6627
6628
6630
6631
6632
6633
6647
6650
6651
6652
6653
6654
6655
6656
6657
6658
6659
6660
6661
6662
6663
6665
6670
6672
6673
6674
6676
6680
6681
6684
6687
6693
6696
6699
6700
6703
6709
6711
6712
6713
6714
6715
6717
6720
6724
6725
6726
6730
6732
6733
6734
6739
6740
6741
6742
6743
6745
6746
6747
6748
6750
6751
6755
6756
6757
6759
6760
6761
6764
6765
6766
6769
6773
6774
6775
6777
6778
6779
6780
6781
6782
6790
6791
6792
6793
6795
6796
6798
6805
6808
6809
6810
6817
6819
6822
6823
6824
6825
6826
6827
6828
6834
6837
6841
6857
6858
6859
6860
6861
6864
6867
6868
6869
6870
6871
6878
6879
6881
6882
6883
6889
6891
6893
6895
6897
6906
6910
6911
6912
6913
6914
6917
6918
6919
6921
6922
6923
6925
6927
6938
6939
6941
6944
6945
6946
6947
6948
6949
6950
6952
6953
6956
6959
6961
6963
6964
6965
6966
6967
6969
6970
6971
6973
6974
6977
6978
6979
6984
6986
6988
6993
6994
6996
6998
7001
7008
7014
7018
7020
7021
7023
7024
7025
7026
7027
7028
7030
7031
7032
7033
7034
7035
7037
7040
7042
7043
7044
7046
7049
7053
7055
7065
7066
7077
7080
7083
7086
7089
7091
7093
7096
7098
7101
7102
7103
7106
7108
7115
7116
7117
7124
7126
7127
7130
7142
7144
7147
7148
7149
7151
7154
7156
7157
7158
7160
7161
7162
7164
7165
7170
7172
7173
7175
7177
7178
7180
7182
7183
7185
7186
7188
7190
7194
7196
7198
7199
7200
7201
7204
7205
7207
7222
7230
7231
7241
7249
7262
7266
7270
7271
7273
7274
7275
7276
7277
7279
7283
7286
7287
7288
7291
7295
7300
7301
7302
7304
7307
7310
7311
7312
7314
7315
7316
7317
7318
7322
7325
7326
7327
7328
7329
7330
7331
7332
7334
7335
7336
7337
7339
7340
7341
7342
7343
7344
7345
7347
7349
7351
7353
7354
7355
7360
7361
7362
7366
7368
7375
7383
7384
7388
7391
7402
7403
7406
7407
7409
7413
7414
7416
7430
7431
7437
7439
7440
7442
7443
7444
7445
7446
7448
7452
7453
7454
7455
7457
7458
7460
7462
7463
7466
7470
7471
7472
7475
7477
7478
7479
7482
7483
7485
7488
7489
7490
7491
7494
7497
7498
7501
7502
7504
7512
7514
7515
7516
7519
7520
7523
7525
7526
7527
7528
7530
7532
7533
7535
7537
7538
7539
7540
7550
7551
7553
7554
7555
7558
7561
7562
7563
7564
7565
7566
7567
7568
7574
7577
7578
7579
7580
7581
7582
7583
7584
7585
7587
7588
7590
7591
7594
7597
7598
7600
7601
7602
7603
7604
7605
7607
7609
7617
7619
7621
7623
7624
7625
7631
7632
7633
7634
7635
7641
7644
7645
7652
7653
7654
7656
7658
7659
7660
7663
7664
7665
7668
7670
7673
7675
7676
7677
7679
7685
7690
7691
7699
7703
7718
7724
7726
7730
7732
7733
7737
7739
7740
7741
7742
7743
7744
7749
7752
7753
7754
7755
7756
7757
7758
7762
7763
7767
7768
7769
7770
7771
7777
7778
7779
7786
7787
7788
7789
7790
7792
7794
7796
7797
7798
7805
7809
7812
7820
7821
7826
7827
7828
7830
7833
7834
7835
7838
7839
7841
7842
7843
7844
7845
7846
7847
7851
7855
7857
7858
7859
7861
7863
7864
7867
7868
7870
7871
7872
7873
7879
7880
7882
7887
7888
7893
7896
7898
7901
7903
7911
7912
7913
7915
7919
7920
7925
7927
7929
7931
7932
7934
7936
7937
7938
7939
7940
7941
7943
7944
7945
7946
7947
7950
7953
7954
7955
7957
7958
7959
7961
7962
7964
7965
7966
7968
7970
7971
7972
7974
7976
7977
7978
7979
7980
7981
7982
7986
7987
7988
7990
7991
7992
7993
7996
8001
8002
8005
8006
8008
8009
8014
8015
8016
8018
8019
8023
8027
8028
8031
8032
8033
8036
8039
8043
8044
8055
8056
8057
8058
8059
8062
8063
8064
8065
8066
8067
8071
8072
8079
8083
8084
