IJC_SAMPLE_1	SJC_SAMPLE_1	IJC_SAMPLE_2	SJC_SAMPLE_2	IncFormLen	SkipFormLen
0	4	0,2	2,2	180	149
5	19	2,0	0,0	298	149
8	2	90,122	237,234	298	149
0	2	22,36	237,234	199	149
0	140	3,1	34,40	254	149
7	403	8,2	192,264	298	149
5	84	0,1	36,26	153	149
43	7	36,27	7,2	166	149
7	0	100,59	11,18	158	149
2	0	14,19	11,18	201	149
2	7	8,14	94,54	192	149
2	8	1,0	6,5	204	149
0	4	0,2	8,4	159	149
0	8	2,0	8,2	267	149
2	418	3,2	163,115	220	149
3	12	5,1	10,3	298	149
10	0	9,3	4,0	153	149
1	40	10,2	17,5	298	149
1	40	10,2	17,5	298	149
0	2	2,0	0,0	196	149
42	4	31,13	0,0	298	149
20	2	12,7	0,1	204	149
13	16	3,1	15,6	154	149
2	2	2,2	2,1	154	149
0	15	2,1	16,17	160	149
15	2	1,0	0,0	205	149
2	0	0,4	2,0	211	149
59	2	69,24	0,0	298	149
2	9	2,3	18,26	184	149
2	0	8,11	2,0	298	149
0	1	0,2	2,5	298	149
8	0	19,15	2,0	243	149
9	3	2,8	2,6	298	149
0	2	1,2	1,0	153	149
2	0	0,6	0,2	201	149
85	8	88,95	0,2	159	149
2	8	0,0	0,2	298	149
1	84	0,0	88,95	298	149
14	1	0,10	0,0	298	149
56	4	108,63	1,0	298	149
4	21	0,3	21,2	232	149
60	29980	12,7	5104,4072	183	149
69	6	83,65	0,2	284	149
1	0	2,6	5,0	161	149
0	2	1,0	0,3	298	149
0	9	0,1	6,3	161	149
1	20	0,0	32,26	152	149
4	77	5,10	37,44	298	149
0	33	0,2	29,16	196	149
34	0	31,46	2,2	159	149
0	5	0,2	6,0	226	149
4	5	0,2	6,0	166	149
4	2	8,12	10,13	298	149
3	4	20,27	2,15	153	149
10	15	10,6	29,31	182	149
10	0	19,12	1,0	172	149
50	2	8,0	2,0	225	149
0	1	2,2	2,0	298	149
7	2	26,17	4,0	298	149
1	2	0,0	4,0	156	149
7	1	32,17	0,0	298	149
7	5	4,19	1,6	164	149
0	6	0,2	16,35	160	149
6	9	2,2	12,21	153	149
24	0	4,21	0,2	151	149
1	26	7,4	24,21	187	149
1	6	0,0	0,4	173	149
22	63	40,32	78,53	298	149
5	76	4,5	68,52	171	149
4	6	5,0	4,4	217	149
61	0	238,214	2,2	298	149
2	0	0,0	2,0	228	149
0	20	10,6	36,45	292	149
9	11	23,8	40,20	160	149
3	2	6,7	4,6	160	149
2	2	0,2	0,0	298	149
2	2	3,5	2,0	154	149
6	3	2,0	0,0	298	149
11	228	6,1	173,179	177	149
13	159	3,1	57,49	195	149
10	0	2,1	3,2	195	149
9	82	15,12	154,166	247	149
9	82	17,13	154,166	298	149
18	2	36,13	0,2	298	149
2	14	17,8	16,13	203	149
24	1	10,4	4,2	203	149
3	20	0,0	7,3	298	149
70	0	45,60	1,3	152	149
0	2	3,2	4,0	203	149
2	94	8,0	110,97	298	149
37	8	38,36	5,8	270	149
2	30	7,11	33,17	161	149
392	0	121,56	2,0	222	149
2	0	10,0	2,0	298	149
9	11	13,4	52,12	201	149
16	2	3,7	0,2	173	149
0	9	15,6	8,3	176	149
4	2	4,6	9,13	155	149
8	687	13,4	680,403	222	149
1	0	0,12	2,2	298	149
399	9	177,130	4,6	292	149
0	25	0,2	11,29	197	149
2	0	6,8	2,0	298	149
104	7	117,34	6,8	155	149
24	635	13,6	343,180	162	149
52	4	23,9	2,0	296	149
13	0	7,6	0,1	260	149
17	0	10,9	0,1	298	149
19	0	10,9	0,1	298	149
25	5	16,5	2,9	226	149
2	500	2,4	690,1182	202	149
0	51	2,0	56,88	298	149
0	51	2,0	56,88	298	149
1	0	0,2	0,2	197	149
2	120	2,0	55,33	153	149
106	2	36,21	0,0	298	149
0	24	1,0	14,15	298	149
0	2	0,2	0,0	298	149
0	2	0,2	0,0	298	149
4	0	10,2	2,0	259	149
4	4	10,2	0,0	263	149
0	4	2,0	0,0	153	149
0	27	2,4	32,55	185	149
12	4	13,5	0,0	211	149
43	115	31,18	70,38	165	149
57	0	22,37	1,0	298	149
3	2	26,14	4,3	298	149
3	0	26,18	2,0	298	149
7	7	5,1	6,10	161	149
4	0	6,6	0,1	298	149
7	2	14,6	6,0	252	149
2	7	0,0	14,6	298	149
3	22	2,2	4,8	199	149
25	2	12,25	0,0	284	149
2	5	1,0	8,8	175	149
97	0	16,66	0,1	298	149
4	95	0,0	14,63	153	149
4	2	4,14	0,0	191	149
1	2	18,8	0,0	298	149
1	47	18,10	91,90	298	149
8	0	20,6	2,2	153	149
0	9	0,1	9,16	192	149
3	33	7,0	14,54	188	149
3	0	12,8	2,0	176	149
18	0	53,30	3,6	176	149
20	4	31,90	0,2	298	149
0	5	0,1	2,0	298	149
5	14	26,8	17,13	298	149
38	0	51,31	0,2	284	149
26	0	11,2	2,0	298	149
3	9	12,12	6,10	298	149
6	22	16,4	19,6	242	149
63	17	132,96	11,6	158	149
6	54	10,6	67,82	285	149
1	0	2,3	2,0	181	149
1	0	12,5	2,0	233	149
1	1	10,4	0,2	201	149
39	47	38,19	48,12	155	149
0	7	0,2	4,0	276	149
4	0	14,32	1,0	173	149
0	17	1,0	8,10	154	149
152	7	89,37	0,0	229	149
2	25	2,6	21,12	187	149
2	0	0,2	1,0	298	149
10	1	19,4	2,0	229	149
16	0	17,15	1,0	217	149
1	0	2,0	2,0	164	149
0	2	2,4	20,8	152	149
0	13	2,0	17,10	230	149
1	0	4,4	3,9	298	149
53	12	16,24	5,0	206	149
0	2	0,2	0,9	158	149
42	0	68,38	3,0	298	149
6	2	5,3	0,0	298	149
0	2	0,2	0,0	259	149
2	11	4,0	3,13	228	149
11	2	4,7	0,0	298	149
460	1	338,175	2,0	177	149
0	8	1,0	13,17	275	149
6	41	8,1	41,8	222	149
2	3	11,13	13,24	181	149
14	0	17,11	2,0	167	149
51	3	84,108	2,8	204	149
2	2	0,0	9,16	298	149
0	14	1,4	17,17	171	149
0	6	4,0	16,8	209	149
0	4	0,2	16,23	298	149
44	1	53,36	4,4	276	149
2	11	2,1	44,14	298	149
13	13	15,4	12,14	298	149
4	48	19,6	69,75	275	149
0	22	2,0	43,28	197	149
7	0	27,13	2,2	298	149
13	0	42,6	1,0	258	149
36	0	86,98	2,0	298	149
2	42	2,1	69,101	216	149
0	12	1,0	14,27	175	149
0	6	4,0	11,6	298	149
20	21	21,19	13,5	180	149
466	24	103,129	4,22	197	149
0	33	2,0	65,19	158	149
0	311	0,2	233,322	180	149
61	0	153,81	2,0	153	149
1396	0	772,900	0,2	298	149
32	138	34,58	38,25	298	149
9	0	68,88	0,2	178	149
0	24	5,3	154,97	175	149
0	2	2,2	1,1	194	149
2	22	5,0	26,5	162	149
4	0	51,21	3,2	170	149
74	0	46,97	2,0	162	149
0	7	1,2	16,17	166	149
0	2	1,0	12,3	298	149
0	7	2,0	25,11	298	149
0	4	11,0	13,12	227	149
25	0	117,86	0,4	212	149
0	2	2,4	0,0	213	149
0	23	4,0	37,24	153	149
1	2	8,2	0,1	189	149
1	0	1,0	2,2	159	149
0	12	3,2	17,7	281	149
85	2	229,141	0,0	259	149
548	0	360,166	2,0	171	149
0	13	3,8	7,20	185	149
3	66	19,9	104,46	298	149
63	0	161,76	0,1	298	149
2	0	4,8	0,2	298	149
69	0	181,88	3,5	211	149
0	5	27,21	15,4	197	149
0	4	0,2	48,31	153	149
31	0	15,11	2,0	200	149
0	14	2,0	3,4	192	149
134	3	18,46	2,1	251	149
0	6	2,2	2,8	206	149
2	0	0,0	0,4	178	149
2	0	2,2	2,0	298	149
1	0	2,3	0,1	204	149
39	0	10,17	0,1	181	149
113	5	49,60	2,6	298	149
10	2	0,3	0,0	298	149
21	1	56,51	0,0	298	149
176	0	300,184	2,2	182	149
2	77	1,1	114,81	153	149
49	3	76,67	4,7	297	149
2	10	6,0	4,10	298	149
123	0	26,24	4,0	298	149
7	1	0,2	0,1	298	149
0	2	0,2	0,0	298	149
2	2	6,0	0,0	298	149
1	1	0,4	1,2	298	149
0	6	1,2	9,12	156	149
0	11	0,5	8,0	166	149
2	1	4,3	0,2	166	149
0	21	7,1	27,14	211	149
9	0	8,22	0,4	298	149
0	2	2,14	4,4	155	149
0	3	2,1	0,0	153	149
140	2	155,152	6,8	298	149
1	0	0,0	0,2	274	149
71	2	26,14	0,0	156	149
19	162	9,10	52,54	215	149
384	5	187,118	1,2	261	149
4	14	2,2	19,13	270	149
0	4	2,0	2,0	153	149
0	330	4,2	880,689	156	149
3	308	4,8	690,733	159	149
17	0	10,23	2,0	298	149
17	0	10,23	2,0	298	149
90	6	111,54	6,8	270	149
0	2	0,2	0,2	298	149
64	2	47,17	5,4	169	149
117	4	61,52	0,2	244	149
9	297	10,2	144,88	298	149
6	297	4,1	144,88	158	149
39	109	26,16	52,11	244	149
2	2	16,4	5,0	189	149
1	9	11,6	10,0	289	149
0	57	0,2	53,37	153	149
25	55	18,14	36,12	185	149
3	15	0,1	16,11	179	149
27	0	71,44	1,0	298	149
13	0	53,29	2,0	298	149
0	40	2,0	61,46	156	149
16	0	21,24	2,0	223	149
1	15	2,2	20,11	212	149
6	56	15,14	85,84	170	149
103	32	156,78	44,31	164	149
2	9	2,3	6,11	178	149
6	150	11,11	43,38	229	149
2	1	0,0	1,2	162	149
104	0	80,54	3,0	298	149
93	2	95,57	0,0	298	149
85	35	43,42	18,23	298	149
7	20	7,7	0,0	197	149
0	7	6,0	4,0	154	149
6	1	22,17	0,2	237	149
2	0	10,6	0,2	173	149
2	13	0,0	18,14	153	149
2	2	0,2	0,4	151	149
9	2	10,3	0,4	155	149
7	0	10,3	0,2	153	149
27	88	51,37	31,11	298	149
24	51	6,6	5,4	298	149
399	52664	146,229	21725,32614	298	149
1	0	9,9	2,2	167	149
37	0	40,15	0,2	153	149
8	9	2,6	9,2	298	149
34	69	31,28	59,21	188	149
29	3	40,48	0,4	164	149
251	0	150,119	2,0	165	149
23	13	4,0	0,2	298	149
12	25	16,9	40,26	185	149
1	14	2,2	31,41	175	149
19	2	17,6	0,0	298	149
7	0	21,11	0,2	191	149
7	0	6,8	2,0	179	149
16	4	14,10	2,1	173	149
17	14	11,3	13,4	161	149
159	3	205,76	2,0	188	149
2	21	2,0	17,7	164	149
0	2	0,2	2,0	298	149
0	2	0,1	2,0	280	149
2	1	2,2	2,1	298	149
6	79	2,6	29,51	298	149
6	79	2,6	29,51	298	149
6	79	2,6	29,51	298	149
1	60	0,0	11,15	298	149
85	0	155,74	2,0	298	149
190	0	243,111	0,2	286	149
76	2	66,32	0,2	298	149
10	18	14,8	12,18	196	149
6	0	9,0	2,0	196	149
6	53	3,1	73,30	180	149
2	162	4,2	155,40	298	149
33	12	25,21	9,5	173	149
2	14	0,0	22,10	189	149
547	1	161,82	8,1	259	149
9	25	7,1	0,0	164	149
20	343	7,2	138,84	164	149
83	5	81,42	11,14	298	149
525	0	451,195	1,0	287	149
763	6	139,64	2,0	292	149
547	2	104,39	1,0	298	149
140	2	34,5	1,0	260	149
6	1	2,0	0,0	155	149
52	17	33,21	4,0	155	149
4	34	4,0	31,3	212	149
27	109	47,11	116,37	298	149
110	2	77,40	2,0	298	149
2	2	0,0	3,6	218	149
2	0	6,6	6,0	208	149
53	0	66,31	0,1	154	149
8	207	5,0	140,161	223	149
1	5	4,0	14,24	153	149
42	6	10,9	0,0	172	149
2	4	0,0	2,2	172	149
5	3	12,7	0,0	298	149
11	9	0,0	11,2	298	149
2	49	1,4	72,83	156	149
20	0	15,14	0,2	240	149
2	1	0,2	0,0	298	149
106	354	97,53	322,272	188	149
3	409	6,8	59,40	219	149
1	10	2,0	0,0	203	149
1	10	2,0	0,0	193	149
7	0	2,0	1,0	213	149
4	43	1,2	22,28	256	149
0	4	0,4	6,3	153	149
2	45	4,1	40,9	298	149
28	3	36,30	4,0	298	149
27	0	31,21	2,0	298	149
9	29	19,2	47,16	259	149
9	0	10,0	0,2	244	149
1	46	9,1	80,50	165	149
124	2	108,70	0,0	188	149
12	93	24,9	78,40	219	149
42	0	75,48	2,0	244	149
11	2152	10,2	1267,681	182	149
409	7	396,277	11,2	254	149
277	7	316,187	8,0	175	149
25	1	57,21	18,15	206	149
3	35	14,6	42,36	224	149
4	0	0,2	2,0	194	149
4	152	0,2	92,64	251	149
7	9	8,10	4,3	153	149
17	5	30,25	18,3	298	149
10	5	23,15	18,3	298	149
16	2	26,15	1,0	298	149
65	0	108,58	4,0	174	149
0	4	4,0	0,2	191	149
7	0	0,0	2,0	172	149
31	46	9,4	16,4	216	149
0	17	5,0	14,14	298	149
9	4	23,11	0,2	203	149
0	76	0,2	46,53	166	149
2	28	0,0	10,7	177	149
2	2	22,10	0,0	286	149
2	0	0,4	1,0	194	149
0	11	1,6	15,9	182	149
85	539	26,27	217,106	298	149
236	8	67,47	0,2	298	149
171	1	51,36	0,2	220	149
179	65	53,41	31,11	224	149
9	65	2,7	31,11	153	149
11	145	19,8	81,37	298	149
9	0	9,10	0,6	298	149
11	17	11,6	10,4	200	149
3	332	2,2	413,276	163	149
23	419	14,8	506,396	188	149
6	32	14,0	48,22	194	149
0	3	4,1	0,0	298	149
33	78	25,19	37,52	298	149
1	0	7,5	2,0	298	149
0	5	6,1	6,8	245	149
3	123	2,1	103,57	153	149
0	2	6,6	0,0	298	149
35	6	103,34	2,4	298	149
10	26	48,16	132,80	298	149
2	0	15,11	0,2	251	149
0	8	1,3	18,27	159	149
0	49	0,4	88,71	157	149
2628	4	2993,1942	8,6	257	149
0	4	11,10	79,39	183	149
8	19	8,8	38,15	215	149
9	30	42,8	34,23	192	149
14	1	8,3	1,0	234	149
13	76	8,5	66,51	152	149
2	168	0,0	219,96	167	149
2	0	0,2	0,4	152	149
4	72	9,3	67,57	225	149
29	49	39,18	26,36	155	149
1	6	0,1	8,2	206	149
49	0	40,46	1,1	244	149
4	2	8,4	0,0	244	149
46	0	52,24	2,0	181	149
0	2	7,1	1,2	263	149
1	5	0,0	3,0	178	149
1	9	12,8	2,10	237	149
0	153	1,0	116,54	298	149
8	5	1,6	8,9	298	149
1	1	0,1	14,29	154	149
0	2	4,0	2,0	298	149
2	45	9,6	42,29	167	149
4	10	2,0	3,4	194	149
2	0	0,0	25,5	291	149
3	36	3,1	15,4	193	149
2	2	0,1	28,39	163	149
52	0	44,22	1,0	298	149
0	12	4,0	13,4	267	149
0	2	2,2	2,0	240	149
4	50	3,6	38,46	205	149
3	27	7,2	27,14	194	149
83	4	93,24	4,0	203	149
4	41	1,6	30,32	169	149
2	227	6,4	215,95	169	149
2	6	2,0	1,2	298	149
16	0	46,13	2,0	153	149
2	32	7,0	44,20	162	149
1062	84	1008,567	62,48	226	149
2569	0	1987,1258	4,4	203	149
659	0	604,390	4,4	298	149
8	1913	17,10	1396,874	298	149
28	207	0,0	0,1	296	149
4	0	0,0	4,0	173	149
7	20	10,14	26,10	220	149
77	13	76,46	10,12	176	149
3	10	15,3	18,19	275	149
160	16	190,51	22,18	161	149
18	0	22,2	0,2	245	149
9	61	4,14	54,41	231	149
8	11	5,3	19,12	158	149
26	0	35,30	2,0	249	149
2	14	0,0	13,29	153	149
13	0	44,23	2,0	266	149
0	96	8,4	150,102	283	149
2	2	3,2	2,3	298	149
3	0	23,18	2,0	164	149
9	22	8,10	29,12	156	149
2	0	0,3	2,2	298	149
11	0	20,11	4,0	172	149
28	0	56,17	2,0	161	149
2	0	0,4	2,0	181	149
0	12	0,1	20,22	154	149
7	6	18,2	10,10	298	149
4	14	10,10	6,14	298	149
0	36	1,2	28,12	160	149
0	14	11,6	13,6	161	149
3	10	2,2	21,13	161	149
0	10	5,4	11,17	158	149
24	2	17,27	2,2	298	149
7	126	4,0	92,33	155	149
35	0	34,23	2,2	241	149
1	7	3,1	6,13	160	149
1	3	0,0	10,2	161	149
0	12	35,21	592,280	297	149
0	25	4,0	36,16	174	149
0	17	3,0	28,14	229	149
28	11	27,11	21,7	161	149
4	0	6,3	2,0	236	149
2	7	1,0	9,6	298	149
9	2	19,10	2,0	298	149
4	45	1,6	40,38	205	149
6	45	6,10	40,38	298	149
7	1	5,5	7,8	182	149
2	100	0,0	155,128	155	149
2	32	2,0	34,14	154	149
0	1	0,4	2,4	162	149
85	160	146,67	212,122	275	149
17	15	7,10	8,5	197	149
2	2	5,10	0,2	188	149
52	30	110,31	49,22	158	149
57	2	33,25	0,0	203	149
69586	0	76205,63475	2,0	298	149
66615	56	76056,37836	59,35	298	149
0	24	2,1	14,13	161	149
79	2	122,52	15,3	183	149
91	2	140,152	2,0	176	149
5	41	2,0	22,8	274	149
0	97	11,2	60,52	176	149
6	8	0,0	4,0	261	149
2	19	9,4	29,22	298	149
100	0	133,185	2,0	298	149
153	1	132,86	0,0	298	149
7	131	3,0	73,59	177	149
60	1	65,43	0,0	218	149
149	1	126,76	0,0	298	149
119	6	82,51	5,8	252	149
13	951	52,44	1566,1043	166	149
581	4	457,306	0,0	298	149
520	14	838,885	19,3	158	149
515	3	765,680	3,0	245	149
495	2	731,628	0,0	293	149
8	2	14,9	0,0	197	149
0	2	2,0	2,4	298	149
16	0	8,20	0,2	154	149
2	0	6,4	0,2	157	149
43	92	32,31	37,60	298	149
0	18	0,4	16,6	221	149
696	4	588,413	5,3	176	149
9	42	18,5	84,43	207	149
2	7	3,0	6,4	167	149
5	112	2,2	77,70	153	149
25	18	12,8	3,4	298	149
134	18	89,76	3,4	298	149
123	5	92,78	1,0	298	149
29	5	18,12	1,0	298	149
3	8	1,0	1,0	298	149
3	1	1,0	0,0	298	149
3	8	1,0	1,0	298	149
3	1	1,0	0,0	298	149
8	1	1,0	0,0	153	149
6	115	6,4	188,66	152	149
0	56	1,6	40,36	153	149
17	7	13,6	5,0	298	149
0	13	7,0	38,31	164	149
329	99	51,167	107,44	298	149
1130	4	263,395	1,3	298	149
10	5	13,8	8,8	298	149
43	0	32,15	2,0	187	149
3	1	2,0	2,0	298	149
51	9	6,22	3,3	298	149
2	3	0,4	0,0	220	149
0	384	6,3	197,187	230	149
7	20	15,10	24,14	241	149
209	7	143,105	1,4	221	149
2	278	5,2	181,207	192	149
2	2	0,0	1,0	294	149
2	2	0,0	1,0	298	149
7	17	6,8	27,21	298	149
7	17	6,8	27,21	298	149
0	4	5,1	0,0	155	149
0	20	19,16	32,30	196	149
116	1	145,78	0,2	214	149
54	0	48,24	0,4	214	149
115	4	158,66	0,6	298	149
4	54	6,2	65,23	171	149
31	2	27,10	4,0	179	149
12	0	16,13	0,2	233	149
74	4	24,19	5,2	298	149
0	10	3,0	36,2	298	149
8	0	5,13	14,0	167	149
3	0	7,1	0,1	155	149
392	0	198,106	2,0	298	149
6	386	3,3	187,104	298	149
4	21	3,0	7,8	236	149
5	2	3,0	2,0	236	149
421	2	1352,542	16,0	298	149
292	2	526,189	8,4	153	149
410	4	1632,513	0,1	298	149
0	2	2,1	3,5	298	149
1	30	13,3	57,38	249	149
7	4	4,0	4,6	197	149
18	61	25,6	140,97	210	149
2	0	3,4	1,0	203	149
8	0	11,6	1,0	298	149
8	0	11,6	1,0	298	149
8	0	11,6	0,2	189	149
8	0	11,6	3,0	298	149
8	0	11,6	2,0	230	149
28	0	22,26	2,0	298	149
127	8	59,24	2,0	263	149
14	6	4,6	1,0	298	149
1	23	3,1	21,37	196	149
3	2	10,6	12,1	298	149
2	0	2,9	4,0	173	149
1	12	2,0	14,7	165	149
6	247	3,2	112,72	227	149
6	1506	1,4	952,564	166	149
0	2	6,1	12,5	170	149
6	54	15,4	21,3	298	149
3	54	2,0	7,4	156	149
0	5	1,1	5,5	278	149
2	6	0,0	6,2	267	149
0	4	2,3	253,77	159	149
4	0	318,144	2,0	189	149
0	6	2,0	7,8	232	149
11	1	18,38	0,10	298	149
7	1	16,33	0,10	268	149
10	1	16,33	0,10	298	149
9	4	10,21	2,5	227	149
7	4	30,29	2,5	269	149
1	3	21,8	0,0	191	149
5	25	10,3	31,8	162	149
0	32	0,2	22,39	298	149
0	13	2,0	10,24	155	149
11	52	13,6	28,23	205	149
8	0	10,2	0,1	205	149
179	0	73,46	1,0	154	149
238	4	99,56	2,2	204	149
59	4	27,10	2,2	199	149
1	0	2,4	2,0	213	149
10	0	41,26	5,1	236	149
50	0	46,28	0,5	298	149
1044	6	499,234	19,1	191	149
181	4	209,107	0,3	287	149
15	2	29,27	0,0	166	149
0	8	3,0	44,18	164	149
29	0	43,47	2,2	297	149
2	13	2,0	7,5	226	149
73	0	116,99	0,1	181	149
1	4	13,3	8,8	250	149
18	7	22,15	3,4	153	149
3	19	18,1	22,7	250	149
55	3	91,53	20,5	153	149
6	5	6,0	21,3	161	149
9	31	1,1	23,4	155	149
0	19	4,2	20,24	252	149
2	43	13,2	46,16	266	149
5	16	0,4	56,83	152	149
5	22	0,2	12,23	155	149
0	31	0,4	47,48	151	149
0	51	2,2	50,32	200	149
41	223	19,5	113,37	159	149
3	2	5,3	5,2	298	149
28	10	25,27	5,1	212	149
120	4	85,39	1,0	225	149
161	4	163,112	0,0	298	149
10	32	11,12	37,10	298	149
15	0	29,18	2,0	298	149
6	40	4,19	21,10	215	149
2	2	2,2	0,0	156	149
26	43	16,16	63,41	167	149
31	0	42,11	2,0	237	149
0	21	5,6	62,37	158	149
2	37	4,1	66,47	298	149
122	6	50,33	0,0	167	149
122	129	50,33	20,35	170	149
6	129	0,0	20,35	152	149
2	40	0,0	3,16	153	149
7	28	15,10	30,25	298	149
0	31	6,1	47,26	165	149
2	45	1,2	57,32	272	149
23	10	66,39	8,11	298	149
20	90	36,18	52,40	298	149
10	9491	6,7	2556,3969	174	149
18300	1	4125,4982	0,0	150	149
3	0	7,0	2,4	291	149
91	2	152,177	1,0	188	149
7	19	7,2	9,10	152	149
44	1	36,18	9,4	211	149
303	2	149,75	3,0	293	149
29	2	16,20	0,2	298	149
2	2	0,2	7,14	213	149
0	81	1,1	89,76	157	149
27	3	67,32	11,5	175	149
19	0	9,2	2,0	203	149
4	0	0,4	0,2	231	149
173	4	176,153	0,0	298	149
29	117	47,42	177,133	298	149
2	190	2,9	268,276	218	149
6	482	11,1	221,56	168	149
438	0	221,123	2,0	298	149
2	4	4,3	5,8	173	149
9	17	2,2	11,8	198	149
68	1	30,10	2,2	248	149
2	3	5,4	2,3	161	149
5	0	0,0	2,0	272	149
2	2	8,4	2,0	298	149
78	3	94,63	10,10	154	149
15314	0	11461,6942	2,0	298	149
1	73	2,0	94,79	159	149
9	0	6,4	2,0	298	149
2	78	7,0	88,61	158	149
3	50	3,1	70,15	154	149
35	14	34,18	12,6	251	149
0	87	0,2	57,90	187	149
110	0	88,42	0,1	176	149
3	48	4,0	30,31	155	149
19	12	19,3	3,0	168	149
0	7	5,3	8,6	298	149
1	15	1,5	13,8	175	149
5	9	0,1	11,2	298	149
5	6	5,7	1,7	182	149
0	2	2,0	6,7	298	149
0	4	0,4	0,0	154	149
1	106	0,0	72,35	298	149
54	2	38,15	1,1	298	149
0	2	3,0	9,10	224	149
14	1	26,21	0,0	198	149
0	1	6,1	0,0	165	149
2	29	3,0	20,44	198	149
2	65	4,7	63,69	185	149
10	1	11,15	0,0	164	149
292	3	364,161	2,0	298	149
2	0	4,2	0,4	194	149
8	14	2,2	6,3	266	149
30	0	199,131	24,5	298	149
11	8	188,92	25,6	298	149
10	8	169,83	25,6	298	149
3	8	71,38	25,6	203	149
6	0	23,19	1,0	258	149
32	0	59,30	2,0	158	149
155	0	98,59	2,0	298	149
16	61	35,19	30,39	161	149
54	40	87,62	18,15	176	149
1	0	0,0	2,3	298	149
12	4	5,0	1,0	298	149
4	0	0,0	2,0	189	149
1	43	20,0	74,39	260	149
112	3	143,65	0,2	298	149
2	0	15,3	0,7	215	149
42	0	74,48	2,2	298	149
46	139	14,14	67,20	215	149
31	4	32,23	16,2	155	149
6	0	4,7	4,0	167	149
0	8	0,1	2,4	197	149
2	20	2,0	46,43	298	149
5	18	3,0	25,7	153	149
2	92	4,8	57,61	269	149
6	112	0,0	80,29	153	149
89	0	214,71	0,2	298	149
569	0	1780,645	9,1	298	149
8	15	6,0	19,12	279	149
7	0	16,13	5,2	273	149
0	1	3,2	5,0	232	149
0	35	2,2	74,36	185	149
2	2	0,0	6,7	188	149
2	25	0,0	17,15	191	149
0	1	2,0	0,2	185	149
37	9	54,40	20,13	152	149
10	11	16,5	12,10	298	149
6	0	44,7	0,2	298	149
1	39	3,2	33,31	231	149
2	0	0,0	13,3	164	149
7	4	8,6	0,0	176	149
29	0	42,31	0,1	298	149
2	2	2,2	6,3	191	149
17	2	14,15	19,10	298	149
0	19	1,0	11,6	156	149
5	310	0,0	65,49	153	149
321	6	37,29	1,0	298	149
2	278	0,0	50,32	153	149
10	527	7,7	143,138	298	149
29	15	31,19	26,10	218	149
54	4	47,55	1,2	167	149
1	83	0,0	38,34	162	149
4	3	14,15	4,6	202	149
5	21	25,16	27,25	298	149
40	7	16,5	0,0	298	149
12	44	16,8	71,45	241	149
4	46	5,0	83,47	232	149
108	3	106,91	3,2	150	149
0	7	7,8	2,8	210	149
383	0	389,363	2,0	298	149
1	0	17,9	9,5	224	149
16	0	18,24	0,2	298	149
31	0	40,45	0,2	298	149
20	0	54,12	3,2	195	149
5	18	19,4	52,24	298	149
0	1	2,0	0,0	238	149
5	113	4,1	118,39	169	149
75	77	41,19	57,29	152	149
41	5	61,32	7,16	298	149
0	59	0,1	70,100	167	149
4	41	15,15	84,55	298	149
12	0	28,23	9,0	197	149
1309	6	1229,812	0,2	298	149
345	0	397,335	2,0	219	149
433	0	564,316	1,0	298	149
327	9	252,72	3,2	153	149
55	0	66,28	0,1	179	149
0	3	12,3	4,4	298	149
0	2	0,6	4,0	189	149
12	0	32,24	0,4	298	149
3	30	1,2	19,12	201	149
60	6	124,95	25,7	164	149
19	43	39,16	60,69	164	149
7	166	5,12	731,354	212	149
2	1	0,0	0,2	227	149
367	10	310,138	6,0	298	149
0	6	6,2	6,3	223	149
10	1	23,12	0,0	264	149
0	87	2,0	32,22	298	149
0	38	3,0	49,38	188	149
3	30	0,0	25,18	183	149
20	0	45,56	7,2	298	149
1	2	1,2	5,2	203	149
23	2	17,12	3,1	204	149
96	0	79,50	2,0	298	149
17	28	3,0	6,4	182	149
446	2	535,346	0,0	298	149
54	160	47,21	85,64	298	149
33	8	18,8	10,2	171	149
0	23	2,0	21,2	160	149
21	3	18,4	7,0	153	149
31	0	22,11	2,0	292	149
1	3	6,0	11,0	298	149
80	3	95,74	8,10	260	149
3	100	1,0	85,30	153	149
5	100	11,8	85,30	298	149
29	1	59,27	2,2	298	149
2	1	2,1	0,2	176	149
2	4	10,12	0,0	298	149
11	2	21,25	18,12	298	149
0	4	2,1	14,26	262	149
0	29	4,0	7,3	221	149
21	5	48,14	5,4	298	149
0	8	8,8	6,1	186	149
304	0	438,145	2,0	298	149
3	4	13,17	2,12	187	149
8	270	6,4	192,528	298	149
6	58	9,5	26,11	298	149
61	1	53,18	0,4	253	149
77	5	131,92	12,0	254	149
216	93	78,40	8,4	298	149
4	240	19,13	469,317	298	149
0	74	1,0	106,120	298	149
75	2	27,25	0,0	194	149
0	57	25,2	99,35	254	149
2	25	0,1	43,27	185	149
14	12	36,23	11,4	161	149
0	5	6,7	19,13	273	149
295	0	186,178	1,6	211	149
90	8	48,29	10,2	194	149
71	123	86,85	68,34	298	149
2	2	4,0	2,0	194	149
4	0	2,18	1,2	298	149
0	5	1,0	1,4	298	149
2	2	2,0	2,0	164	149
0	120	3,0	50,34	211	149
16	40	26,9	27,22	298	149
2	40	2,0	27,22	298	149
2	40	0,0	27,22	298	149
2	2	0,0	2,0	184	149
16	2	26,9	2,0	247	149
16	2	26,9	0,0	212	149
8	240	18,10	181,108	228	149
7	5	41,6	14,13	298	149
6	44	11,11	36,29	298	149
14	2	8,18	2,4	155	149
5	4	0,0	4,0	150	149
8	1	5,0	1,0	150	149
0	5	0,2	6,5	165	149
3	35	7,0	40,10	156	149
4	299	2,1	140,149	156	149
4	59	10,2	39,37	259	149
0	8	2,11	0,0	298	149
1	7	2,0	3,7	152	149
68	3445	47,41	2018,1371	265	149
0	2	1,0	0,0	215	149
4	1	2,1	0,4	298	149
6	2	2,17	0,2	154	149
0	16	0,2	15,6	298	149
0	2	2,2	5,4	270	149
0	2	1,2	5,4	153	149
55	2	23,9	0,0	256	149
9	26	8,4	10,2	298	149
0	4	0,2	2,2	164	149
0	2	0,2	0,2	236	149
22	3	37,31	2,0	298	149
3	0	6,0	2,0	194	149
91	0	103,29	1,0	196	149
1	0	1,0	2,0	154	149
808	0	580,549	2,0	203	149
31	11	90,87	7,4	197	149
0	12	14,4	13,2	298	149
21	3	22,17	4,2	298	149
332	4	494,389	0,0	298	149
140	35	236,183	55,8	298	149
2	0	6,0	2,1	298	149
29	0	72,46	1,2	197	149
0	7	4,0	22,28	236	149
0	7	4,7	22,28	298	149
0	1	7,8	0,0	173	149
12	11	9,7	8,2	170	149
1	4	1,0	23,13	170	149
65	0	69,46	2,0	298	149
10	0	40,15	6,0	158	149
0	2	0,2	4,0	298	149
1	2	0,2	4,0	200	149
10	0	4,9	4,0	176	149
19	0	14,7	4,0	223	149
2	22	3,6	8,5	286	149
0	4	0,2	0,0	298	149
4	0	21,5	2,4	298	149
1	0	6,4	0,4	206	149
0	5	1,0	21,4	161	149
44	74	24,26	43,35	254	149
5	18	2,1	13,8	159	149
54	15	54,30	18,1	298	149
10	2	3,19	2,2	298	149
52	15	52,28	18,1	298	149
2	0	2,6	0,2	158	149
79	0	47,60	6,0	298	149
1	3	1,0	4,0	263	149
2	4	6,0	6,0	177	149
2	11	7,13	9,20	298	149
1	30	3,0	32,25	164	149
1	10	1,0	11,2	154	149
61	2	28,24	0,0	256	149
92	11	119,80	9,4	251	149
1	0	4,4	14,8	176	149
46	4	46,43	2,0	188	149
55	2	63,46	0,6	298	149
3	6	5,0	8,7	298	149
2	42	5,0	102,30	158	149
5	0	3,6	0,2	208	149
3	7	3,8	6,8	210	149
2	130	9,2	63,50	245	149
0	4	2,0	10,6	298	149
0	4	7,2	4,0	269	149
4	2	0,0	8,0	269	149
2	16	5,2	8,2	298	149
2	0	6,2	2,0	183	149
0	58	7,0	47,39	253	149
2	0	0,2	1,0	194	149
2	18	8,4	28,17	298	149
2	25	2,2	36,17	176	149
4	9	0,0	52,15	161	149
47	0	22,32	2,0	199	149
24	0	23,41	2,0	298	149
18	1	40,33	0,4	298	149
3	158	1,0	215,160	247	149
0	37	12,18	16,14	252	149
52	0	35,16	2,0	211	149
3	1	7,5	9,0	164	149
8	2	12,15	2,0	158	149
6	0	8,9	2,1	158	149
15	82	34,24	61,75	298	149
12	2	20,24	0,0	290	149
24	32	6,4	16,12	298	149
0	64	6,0	31,19	205	149
2	1	6,1	0,0	189	149
2	22	6,0	39,20	242	149
0	32	2,1	46,47	153	149
5	35	7,8	53,59	247	149
2	29	4,8	73,72	295	149
9	3	0,3	1,2	298	149
0	2	25,16	0,0	261	149
1	27	0,2	17,8	157	149
166	28	107,101	16,13	152	149
304	6	242,261	2,5	176	149
30	306	36,25	226,257	269	149
1	207	2,0	82,41	157	149
15	243	30,9	93,27	257	149
14	243	37,11	93,27	298	149
13	4	30,3	5,0	231	149
31	170	42,29	66,22	298	149
12	4	9,17	0,2	155	149
12	20	15,15	25,25	155	149
13	3	9,3	2,0	209	149
16	4	9,2	5,4	169	149
0	11	0,2	5,0	193	149
83	0	105,35	1,1	298	149
0	21	4,0	42,41	298	149
17	106	28,20	192,73	298	149
26	0	23,6	0,1	298	149
6	0	13,9	4,1	194	149
18	6	35,53	2,2	194	149
438	2	412,318	4,0	277	149
7	62	13,1	83,32	207	149
27	21	57,10	32,14	276	149
4	0	3,6	0,2	209	149
1	2	7,15	10,8	185	149
5	6	0,0	2,2	199	149
8	4	3,2	0,0	161	149
0	22	0,2	12,23	298	149
27	89	31,18	55,49	298	149
18	0	70,47	4,2	183	149
4	17	9,2	29,26	152	149
3789	5	1236,553	2,4	298	149
13	5	3,10	3,5	153	149
8	0	4,0	0,2	200	149
42	0	20,17	0,2	200	149
4	9	10,2	43,35	243	149
6	2	5,3	0,0	194	149
1	1	6,0	1,0	179	149
0	6	2,4	4,7	269	149
567	2544	0,3	4,15	187	149
2	0	6,10	0,2	234	149
4	3	6,4	9,4	265	149
1	1	0,0	5,2	252	149
2	14	2,0	41,64	170	149
97	63	142,107	79,44	298	149
3	8	1,0	13,6	161	149
3	0	21,22	2,0	298	149
2	8	7,12	13,5	298	149
1	8	7,12	13,5	298	149
1	55	5,1	130,89	160	149
0	4	1,0	8,0	291	149
63	5	23,8	2,0	298	149
169	41	39,18	7,16	207	149
98	9	35,19	6,0	216	149
222	9	71,31	6,0	234	149
3	23	0,0	14,20	163	149
2	30	2,12	6,10	262	149
73	0	45,81	2,0	223	149
2	0	2,8	2,0	190	149
68	82	135,63	116,64	282	149
1	69	4,0	92,56	155	149
79	0	48,24	2,0	217	149
0	3	1,0	5,2	298	149
1	47	10,4	88,123	271	149
138	4	53,40	3,2	250	149
34	2	2,9	0,0	287	149
10	3	20,17	3,4	281	149
3	0	4,0	2,0	243	149
5	2	6,0	0,0	238	149
0	76	0,2	102,30	153	149
4	108	0,2	31,20	228	149
92	1	245,101	0,2	298	149
22	2	49,13	0,0	216	149
22	1	16,10	1,0	179	149
11	18	7,3	13,10	284	149
9	13	0,0	16,9	166	149
1	15	0,0	20,20	163	149
23	0	18,19	0,1	161	149
6	2	3,0	0,0	206	149
11	2	1,0	0,0	224	149
13	28	3,0	3,4	224	149
0	2	2,0	0,1	179	149
103	2	143,103	0,0	298	149
3	0	6,0	2,0	298	149
23	48	27,17	49,51	164	149
7	45	6,3	86,25	177	149
0	45	1,2	70,52	177	149
46	2	41,24	0,4	153	149
33	17	10,13	4,8	298	149
12	0	38,19	0,4	260	149
33	2	50,22	0,0	154	149
0	4	2,5	6,14	298	149
0	4	2,0	6,14	177	149
0	19	0,1	1,4	281	149
0	9	6,10	2,0	166	149
27	2	17,29	3,10	244	149
44	0	95,40	0,1	298	149
6	157	4,2	185,189	287	149
0	5	3,0	20,13	179	149
4	27	22,13	13,7	248	149
94	2	102,37	0,0	176	149
2	6	19,9	4,1	155	149
0	15	2,0	26,7	159	149
16	84	22,11	36,8	215	149
0	1	3,2	6,17	242	149
0	4	4,2	2,2	159	149
15	8	45,34	14,8	298	149
2	0	12,14	0,2	243	149
131	7	161,100	0,2	167	149
995	11	647,809	0,2	298	149
5	0	10,4	2,0	298	149
32	7	24,18	8,0	164	149
9	52	37,9	65,28	289	149
21	452	52,40	973,1328	176	149
0	13	1,0	14,15	161	149
0	58	0,4	13,19	298	149
4	1	10,3	3,0	298	149
116	56	46,21	28,15	277	149
41	0	186,202	0,2	242	149
198	233	393,180	268,95	298	149
6	14	4,0	43,34	268	149
0	32	4,2	12,14	184	149
13	29	18,2	30,9	161	149
9	4	15,9	0,0	230	149
8	31	18,8	50,75	230	149
91	1	145,97	0,0	298	149
3	16	5,1	25,33	196	149
1	16	3,0	25,33	156	149
34	70	87,72	91,59	298	149
34	70	84,72	91,59	298	149
62	6	2,5	0,0	151	149
0	2	1,4	0,8	240	149
39	3	52,42	9,13	182	149
39	4	4,2	0,0	298	149
2	1	0,1	3,0	183	149
4	67	10,6	69,14	298	149
77	2	35,33	0,0	215	149
7	4	10,4	0,2	187	149
44	3	31,16	0,2	222	149
6	4	20,12	0,0	298	149
76	0	82,54	2,4	298	149
12	2	20,30	0,0	298	149
4	704	12,2	494,356	173	149
31	450	45,25	314,195	202	149
4	6	8,5	66,28	298	149
4	0	0,0	2,0	197	149
2	123	2,6	151,117	153	149
24	20	39,15	30,20	161	149
2	45	4,0	76,20	163	149
1	1	0,0	2,1	161	149
10	3	2,5	0,0	155	149
4	1	2,9	19,6	298	149
0	3	3,0	30,24	298	149
21	49	34,16	20,13	237	149
2	90	6,13	87,38	158	149
0	2	2,0	12,17	298	149
5	48	19,15	72,109	273	149
954	0	830,591	2,0	298	149
1038	4	1494,1038	2,2	298	149
3	40	31,63	45,95	228	149
304	0	185,137	0,1	298	149
0	25	1,0	25,21	161	149
5	18	2,0	5,2	162	149
2	2	0,0	0,4	154	149
15	2	110,51	0,0	298	149
0	2	18,15	0,0	191	149
27	0	68,45	2,2	298	149
4	7	13,10	29,13	298	149
78	0	137,78	2,0	298	149
8	10	2,2	10,1	168	149
320	10	171,75	3,0	158	149
0	9	0,2	2,22	161	149
7	381	0,4	19,11	180	149
3	6	0,0	2,2	245	149
0	66	3,0	238,284	298	149
1	91	1,4	71,84	298	149
67	0	68,57	2,0	298	149
3	29	0,0	25,14	167	149
6	140	5,2	136,70	174	149
0	2	0,2	0,2	169	149
0	15	0,2	14,14	200	149
0	6	9,17	15,26	298	149
4	38	9,1	71,25	298	149
11	86	29,22	86,68	200	149
25	2	4,2	0,0	284	149
2	2	11,14	0,0	158	149
220	2	124,64	2,0	195	149
4	2	10,6	3,0	298	149
0	10	4,1	30,58	158	149
5	53	41,33	136,96	173	149
124	0	70,52	1,0	153	149
26	9	10,0	2,0	170	149
1	85	1,1	44,28	242	149
0	22	0,1	31,28	227	149
19	1	23,21	1,0	151	149
0	4	4,0	0,0	298	149
0	2	4,2	4,2	298	149
4	2	0,2	4,2	225	149
6	0	8,1	3,0	179	149
70	0	991,597	4,0	153	149
72	11	975,598	262,76	153	149
0	4	1,2	4,2	167	149
74	0	86,37	6,0	230	149
0	2	2,0	0,1	189	149
20	2	15,27	0,0	298	149
25	11	36,37	7,7	170	149
1	2	2,2	0,0	298	149
6	435	3,1	925,786	153	149
0	30	0,1	17,16	207	149
11	0	14,32	0,2	161	149
17	1	33,41	0,2	179	149
13	1	48,50	0,2	200	149
13	1	48,50	0,2	203	149
0	4	17,13	2,4	170	149
0	4	17,13	2,4	173	149
4	26	0,2	9,9	153	149
0	1	0,1	16,31	158	149
6	4	8,1	0,4	288	149
0	4	1,0	2,3	153	149
2	4	0,6	0,12	298	149
70	0	32,30	0,2	213	149
76	6	47,33	3,1	292	149
7	0	1,2	1,0	298	149
1	13	23,8	38,23	298	149
2	192	2,0	138,150	164	149
6	3	6,0	4,3	199	149
16	1	59,19	0,0	188	149
0	2	5,0	7,8	161	149
0	29	4,2	34,8	230	149
1	23	4,4	37,14	153	149
149	75	74,56	41,26	196	149
2	2	13,13	3,4	245	149
2	0	1,8	2,0	298	149
12	87	1,1	0,0	160	149
15	88	5,4	0,0	235	149
2	7	10,2	20,2	262	149
2	16	0,0	4,2	175	149
256	13	117,61	10,2	271	149
18	0	28,18	0,4	298	149
0	2	13,3	14,1	298	149
1	0	21,6	2,0	259	149
12	12	13,32	30,23	167	149
0	16	0,1	16,12	188	149
1	2	0,2	0,0	175	149
8	38	6,2	25,14	178	149
14	1	26,19	6,2	210	149
49	3	82,20	6,4	263	149
1	0	15,17	2,0	298	149
8	169	0,0	119,69	202	149
230	0	85,40	2,0	298	149
0	3	8,1	15,42	189	149
2	5	10,2	21,20	204	149
0	1	0,2	0,0	217	149
55	4	43,45	2,1	181	149
56	2	55,63	2,2	298	149
35	3	45,58	3,0	298	149
2	6	27,17	16,13	298	149
2	6	1,0	8,6	153	149
8	0	11,9	0,2	175	149
2	4	0,0	12,6	167	149
25	2	48,26	0,0	179	149
19	0	51,44	2,1	298	149
425	0	527,323	2,0	298	149
5	2	10,1	0,0	197	149
5	33	20,14	49,12	267	149
121	4	61,32	0,0	298	149
121	0	61,35	0,2	298	149
5	0	0,3	0,2	151	149
6	2	8,0	0,0	229	149
1	119	9,3	154,68	173	149
1	74	0,0	97,65	167	149
1	0	23,10	3,0	179	149
97	2434	2,0	401,205	157	149
16	48	2,0	3,0	157	149
8	0	25,21	4,2	162	149
843	3	641,322	0,0	298	149
9	0	10,10	1,1	298	149
11	0	11,12	1,1	298	149
4	2	1,2	0,0	152	149
66	1	38,40	0,1	298	149
17	57	10,7	68,20	298	149
1	12	2,0	11,6	160	149
14	2	19,8	0,2	298	149
9	0	103,41	2,0	298	149
67	0	50,19	1,0	298	149
8	23	11,1	19,3	164	149
44	5	72,42	5,1	260	149
1	251	4,4	297,276	161	149
141	1	213,221	0,0	152	149
1	2	1,8	0,0	160	149
18	49	18,16	30,11	298	149
93	9	73,46	2,0	153	149
2	8	6,7	5,6	166	149
13	14	18,15	38,29	218	149
82	3	52,49	2,0	257	149
19	726	19,12	677,407	298	149
1169	16	1755,838	26,11	298	149
0	16	0,1	20,15	166	149
136	8	84,121	2,2	298	149
15	0	10,19	2,2	186	149
147	0	92,140	2,2	298	149
2	102	0,4	45,77	298	149
1	21	0,4	4,9	168	149
0	31	1,0	4,2	290	149
25	19	22,14	40,27	193	149
8	0	2,2	0,2	159	149
2	21	3,2	17,31	189	149
26	206	20,11	108,34	298	149
0	16	3,0	27,21	153	149
14	26	19,5	18,23	186	149
183	2	62,44	2,0	296	149
55	133	34,18	77,46	221	149
4	15	1,6	4,2	281	149
2	28	0,2	34,51	286	149
0	57	3,4	252,178	153	149
12	200	8,12	106,66	212	149
2	1313	0,0	982,627	298	149
2	1313	0,0	982,627	271	149
2	0	0,0	0,2	278	149
10	2	8,13	0,0	298	149
59	2	38,31	0,0	296	149
3	147	6,0	157,56	177	149
2	0	34,21	2,0	249	149
9	0	20,13	2,0	298	149
8	2	44,19	2,2	249	149
1	5	12,4	9,10	298	149
1	16	12,4	26,33	298	149
27	8	44,33	1,5	153	149
11	48	24,8	27,15	298	149
72	11	57,60	14,18	236	149
14	73	10,0	48,20	298	149
24	8	31,11	11,2	184	149
146	9059	0,0	7,60	234	149
49	0	35,19	2,0	233	149
6	321	9,4	307,172	187	149
4	0	21,17	2,0	186	149
1	2	4,9	7,7	154	149
39	0	61,55	4,2	298	149
4	37	0,0	11,14	194	149
0	5	3,0	0,0	193	149
15	2	21,9	0,1	298	149
0	11	16,4	6,10	298	149
0	21	2,3	17,10	227	149
110	2	65,46	0,0	298	149
5	14	0,0	6,6	161	149
23	311	12,8	90,96	163	149
1	3	0,0	6,2	298	149
3	56	2,0	43,41	153	149
0	30	2,0	23,8	158	149
2	0	0,0	1,0	154	149
4	0	6,0	2,0	177	149
5	0	7,4	0,2	168	149
7	0	8,9	3,2	298	149
7	0	12,9	3,2	298	149
7	2	10,6	0,2	168	149
5	0	8,7	2,2	298	149
5	0	10,7	2,2	298	149
5	0	8,7	2,2	298	149
0	10	5,0	8,7	298	149
4	0	2,0	10,2	178	149
0	2	1,2	0,0	209	149
0	4	1,2	17,10	216	149
2	4	0,0	17,10	156	149
0	22	2,0	33,15	256	149
0	5	0,2	0,0	275	149
6	16	18,3	19,17	298	149
11	118	4,2	116,73	250	149
0	154	4,0	411,336	198	149
18	0	12,4	4,0	161	149
2	0	0,0	4,0	297	149
0	3	2,0	2,1	298	149
59	1	54,31	1,3	235	149
6	15	1,11	10,14	201	149
1	53	13,4	78,56	167	149
10	1	11,14	2,2	173	149
0	33	11,9	29,19	298	149
2	18	8,6	24,32	153	149
2	9	2,4	23,4	164	149
1	0	4,8	7,7	298	149
4	18	0,2	28,35	289	149
0	2	1,0	6,7	162	149
4	24	3,0	30,22	153	149
55	45	33,41	77,31	298	149
100	24	75,38	24,12	161	149
3	19	8,3	26,17	292	149
127	0	84,107	0,2	298	149
2	90	8,3	131,85	153	149
3	115	0,4	210,307	199	149
0	73	2,0	116,45	178	149
5	38	0,0	50,28	298	149
40	0	28,39	0,2	298	149
0	3	48,22	7,6	298	149
57	20	51,32	60,36	158	149
32	24	76,34	92,36	197	149
21	1	50,23	0,0	197	149
43	9	44,77	9,2	227	149
73	0	71,51	2,0	157	149
1	18	0,0	24,16	184	149
1277	4	89,64	0,0	266	149
3	24	2,4	30,14	166	149
2	10	0,0	4,0	182	149
0	10	2,1	8,9	188	149
4	0	5,6	2,0	161	149
249	3	540,221	4,4	202	149
70	1	58,30	0,0	228	149
16	45	11,7	16,11	198	149
17	4	11,7	0,0	198	149
0	80	0,2	47,57	298	149
114	2	136,76	2,0	298	149
170	3	165,94	2,0	298	149
99	3	99,49	4,1	152	149
4	1	6,2	2,0	191	149
1	8	3,2	19,9	159	149
8	17	17,4	22,12	298	149
2	15	0,0	9,4	165	149
31	0	35,52	0,2	298	149
0	1	1,0	7,3	155	149
14	1	15,9	0,0	171	149
3	2	2,6	0,0	298	149
10	1	2,2	5,7	298	149
2060	2	2262,997	0,0	251	149
9	27	25,2	66,26	285	149
1	0	0,0	2,0	298	149
1	2	4,14	0,4	236	149
1	2	4,14	0,4	249	149
1	2	4,14	0,4	255	149
2	0	0,0	1,0	272	149
55	10	74,49	4,4	176	149
1	56	2,0	9,3	298	149
33	0	19,10	2,0	298	149
9	410	1,0	49,42	153	149
0	1	2,2	0,0	195	149
0	1	2,2	0,0	184	149
0	1	4,13	49,110	298	149
335	2	291,236	0,0	248	149
2	0	0,0	0,2	201	149
2	0	3,0	0,2	228	149
0	3	3,0	8,11	253	149
3	7	2,0	6,9	164	149
2	0	2,2	2,2	204	149
5	4	0,7	2,0	266	149
3	4	2,4	2,0	298	149
3	5	2,4	0,7	216	149
0	7	0,6	6,9	151	149
8	129	16,14	250,117	187	149
325	7	468,371	5,0	298	149
649	16	813,630	6,4	257	149
17	0	7,1	2,0	229	149
19	0	49,82	2,0	298	149
2	0	17,4	6,2	158	149
266	8	39,46	0,0	177	149
15	11	17,8	8,20	298	149
2	46	4,4	78,95	192	149
2	46	0,2	78,95	195	149
0	59	1,0	115,117	153	149
4	0	14,10	2,0	298	149
7	2	11,6	0,0	155	149
8	0	11,6	0,2	159	149
3	0	0,0	0,2	153	149
3	16	4,2	15,16	179	149
13	177	29,18	92,85	298	149
45	1	47,69	0,0	298	149
2	177	4,10	92,85	193	149
45	1	47,69	0,0	295	149
220	1	135,146	0,0	251	149
26	1	32,47	0,0	221	149
53	1	56,87	0,3	151	149
2	42	0,2	38,71	259	149
0	6	1,9	11,12	219	149
10	77	3,11	66,52	207	149
12	169	31,15	130,133	234	149
1	150	1,1	130,88	267	149
28	7	2,0	2,2	155	149
27	32	35,6	27,14	238	149
3	1	13,6	0,0	202	149
94	6	2,0	0,0	221	149
51	1	32,31	0,0	298	149
42	14	22,26	13,2	239	149
15	58	18,5	114,73	236	149
9	0	40,10	2,0	298	149
4	1	4,2	2,2	180	149
1	24	0,0	33,34	164	149
25	39	38,8	70,63	287	149
1	59	0,1	39,38	195	149
0	27	4,0	18,18	162	149
1	0	0,0	2,0	279	149
6	2	8,2	2,4	193	149
54	2	81,66	2,4	298	149
8	0	5,4	0,2	281	149
3	0	1,0	0,2	155	149
0	2	1,0	3,0	173	149
0	2	4,2	2,0	298	149
150	4	136,62	2,0	222	149
0	2	2,0	9,0	177	149
141	2	388,177	0,0	298	149
23	2	36,31	0,0	298	149
2	5	2,0	2,0	278	149
84	667	67,24	331,336	285	149
56	0	59,20	0,4	285	149
2	88	8,5	40,34	239	149
23	68	24,18	25,12	298	149
0	4	4,0	25,12	298	149
1	5	3,2	2,0	185	149
4	19	13,7	41,15	156	149
6	18	0,4	13,16	157	149
3	22	5,4	17,13	175	149
2	42	5,8	12,20	227	149
148	150	64,67	58,69	190	149
8	4	0,0	0,4	175	149
41	10351	6,5	119,210	200	149
0	5	1,0	0,0	197	149
0	33	0,2	11,5	298	149
27	0	14,6	2,2	298	149
49	2611	6,4	327,191	164	149
1	19	12,11	42,16	277	149
1	0	4,2	1,0	298	149
1	21	0,0	4,2	233	149
37	17	52,27	20,19	292	149
2	82	8,2	60,30	175	149
0	23	0,2	14,56	233	149
2	0	1,0	3,9	153	149
0	2	7,8	0,2	268	149
0	2	4,2	0,2	288	149
0	2	7,2	0,2	274	149
7	1426	15,3	735,475	202	149
26	4	12,10	1,4	159	149
2	20	7,3	12,6	162	149
10	0	36,32	7,8	152	149
156	11	250,185	4,0	298	149
66	11	111,102	4,0	298	149
257	2	410,221	0,0	298	149
30	201	18,22	171,122	197	149
0	6	11,6	20,4	176	149
3	11	9,2	19,22	158	149
119	7	109,55	7,0	298	149
58	1	47,14	0,0	298	149
0	22	2,4	35,20	161	149
18	1	11,17	4,4	241	149
7	3	5,0	2,2	298	149
179	131	47,41	65,41	161	149
3	15	10,19	19,8	268	149
9	98	4,2	86,85	160	149
52	2	4,4	0,2	261	149
22	2	5,5	2,2	261	149
181	0	440,208	1,0	160	149
7	135	7,4	296,232	158	149
0	1	2,10	2,0	160	149
187	37	4,0	0,0	288	149
2	8	0,0	1,12	298	149
5	12	1,0	30,21	298	149
11	12	2,12	30,21	170	149
0	19	4,2	9,6	213	149
0	2	0,4	17,0	192	149
0	4	2,4	6,14	298	149
7	59	16,14	67,92	242	149
3	2	3,4	7,0	298	149
5	2	3,2	14,10	298	149
12	41	0,5	8,9	298	149
139	1	19,55	0,0	298	149
5	2	15,4	2,0	197	149
47	27	57,15	19,10	173	149
32	0	26,26	1,0	154	149
3	36	4,0	49,42	184	149
412	2	974,362	6,3	202	149
40	118	83,51	341,111	219	149
3	19	0,4	11,7	152	149
1	63	2,0	52,56	155	149
26	4	38,15	2,2	193	149
2	2	8,2	0,0	245	149
38	104	33,13	94,87	167	149
1556	1	115,29	0,0	298	149
39	103	0,0	0,2	162	149
101	103	4,0	0,2	207	149
83	21	4,0	0,0	194	149
30	0	19,37	2,0	172	149
12	10	18,17	11,8	266	149
0	2	0,2	32,27	208	149
1	0	11,7	0,3	298	149
4	2	4,4	2,2	218	149
1	24	2,0	18,33	163	149
0	3	2,0	2,0	171	149
20	139	19,16	107,33	298	149
23	2	16,0	2,0	261	149
0	30	2,0	7,2	298	149
3	142	7,5	102,38	153	149
7	0	3,10	8,4	298	149
10	267	9,6	256,222	237	149
2	37	7,1	19,16	213	149
0	17	2,8	13,13	165	149
0	39	0,2	15,12	188	149
47	20	17,24	29,23	206	149
209	4183	47,47	670,621	298	149
5966	12	1006,901	0,0	298	149
5156	7	755,457	0,0	210	149
2	3	7,20	18,4	211	149
3	1	6,4	2,0	298	149
14	0	6,9	3,0	203	149
1	0	0,2	4,2	180	149
7	6	0,5	0,0	207	149
1	0	0,0	0,2	180	149
1	2	0,0	4,6	180	149
1	2	2,0	0,0	180	149
16	6	18,19	4,0	298	149
21	0	29,23	2,0	298	149
5	6	5,2	4,0	218	149
961	75	46,10	9,0	246	149
2	4	0,1	4,6	245	149
2	3	1,5	2,0	240	149
2	42	0,0	68,140	298	149
35	2	280,100	6,2	298	149
2	1	6,4	6,20	298	149
0	2	0,4	0,0	198	149
14	5	10,12	0,0	153	149
2	29	3,0	34,4	208	149
8	45	1,8	71,19	217	149
0	44	1,0	134,99	165	149
9	2	23,7	0,0	225	149
87	0	71,43	5,0	153	149
3	0	4,1	0,4	158	149
44	5	106,45	3,2	186	149
42	7	25,36	2,0	298	149
2	0	6,11	0,2	186	149
44	7	28,45	2,0	298	149
42	7	25,38	2,0	298	149
9	7	10,14	2,0	187	149
11	4	7,7	0,0	298	149
6	25	23,21	55,101	298	149
4	44	2,4	50,24	158	149
1	25	7,5	27,25	298	149
5	290	4,11	746,420	298	149
2	10	0,0	8,13	298	149
6	2	11,8	2,2	230	149
109	642	39,99	186,376	162	149
5	12	0,5	39,31	191	149
2	32	3,8	28,28	229	149
182	1	232,194	0,2	298	149
250	5	262,176	4,6	298	149
79	0	53,34	2,0	298	149
100	2	71,50	2,0	298	149
43	2	31,30	2,0	188	149
315	2	337,200	0,2	298	149
162	129	110,76	214,108	188	149
10	11	0,0	2,0	163	149
81	19	3,2	0,0	298	149
0	4	2,6	0,0	164	149
1	36	0,6	62,50	160	149
3	0	6,2	3,2	194	149
91	0	129,143	4,1	176	149
4	14	19,3	12,13	237	149
2	0	9,1	2,0	171	149
187	2	87,47	4,0	298	149
275	32	218,92	21,6	199	149
430	3	401,206	2,0	298	149
428	2	367,173	7,0	298	149
137	2	136,46	7,0	222	149
32	21	50,7	41,11	214	149
10	0	27,0	4,0	298	149
21	0	41,11	4,0	244	149
143	84	138,60	76,19	214	149
121	7	115,53	7,4	298	149
29	2	14,11	2,2	167	149
3	2	2,2	2,2	218	149
0	26	0,2	12,11	200	149
3	4	12,0	4,3	236	149
2	0	6,2	2,0	197	149
3	3	0,0	6,0	160	149
18	3	0,6	0,0	175	149
101	5	43,29	2,0	163	149
2	0	2,8	2,0	298	149
8	0	6,11	3,2	298	149
0	17	3,0	6,0	298	149
0	17	3,0	6,0	298	149
6	2	0,6	2,2	153	149
75	1	36,24	0,0	298	149
1	0	4,2	1,0	160	149
311	2	159,118	0,0	212	149
9	45	44,5	51,40	253	149
16	0	23,8	2,0	199	149
25	0	31,11	0,2	199	149
1	54	0,0	14,11	257	149
20	6	12,6	0,0	158	149
2	23	0,2	54,31	164	149
17	412	10,8	155,95	259	149
309	0	246,181	1,1	183	149
10	1	6,5	2,0	298	149
12	3	8,11	2,2	298	149
142	0	208,90	2,0	298	149
6	4	0,1	0,0	161	149
1	4	2,1	0,0	234	149
2	4	2,1	0,0	240	149
1	6	2,1	0,1	222	149
2	6	2,1	0,1	228	149
13	2	21,20	2,0	210	149
85	2	86,53	2,0	214	149
19	2	29,26	2,0	235	149
74	2	65,34	0,1	153	149
8	2	8,7	0,1	174	149
6	72	6,7	63,34	170	149
15	2	27,19	2,0	214	149
5	0	2,1	5,0	267	149
22	0	30,18	1,0	298	149
7	14	37,21	14,0	166	149
15	0	40,26	1,0	298	149
2	10	2,1	8,7	269	149
4	4	2,4	6,5	193	149
28	3	25,4	2,5	295	149
42	0	38,23	0,4	295	149
0	23	0,2	33,39	282	149
5	175	2,8	199,153	165	149
18	3	30,8	5,0	298	149
3	17	2,5	39,40	215	149
8	14	27,10	43,30	298	149
15	0	31,19	4,0	298	149
24	0	62,43	4,0	185	149
0	2	2,2	2,6	161	149
6	24	1,4	43,25	163	149
3	13	1,2	17,11	239	149
9	6	4,0	11,4	153	149
4	18	14,9	8,2	274	149
130	0	123,51	8,1	208	149
28	0	23,11	8,1	214	149
0	102	1,0	101,40	155	149
0	21	7,7	41,25	298	149
5	101	11,3	133,80	254	149
13	391	10,17	280,185	298	149
2	1	10,2	10,4	227	149
16	21	21,6	26,30	298	149
4	72	0,0	49,28	153	149
4	2	0,2	2,6	156	149
15	22	48,21	30,33	298	149
8	17	10,4	6,2	180	149
6	61	24,20	173,81	180	149
29	0	76,43	1,0	194	149
4	18	8,0	14,10	153	149
42	18	20,24	18,14	191	149
2	0	8,0	3,0	298	149
0	2	0,1	0,0	168	149
2	0	0,0	0,2	257	149
44	1	277,277	12,4	187	149
0	17	1,0	127,68	200	149
0	29	1,1	15,21	156	149
0	4	0,2	35,21	298	149
3	0	6,3	4,0	167	149
2	20	0,1	11,4	162	149
1	47	0,4	34,28	191	149
5	3	4,1	0,0	293	149
0	1	2,0	0,4	259	149
40	14	41,23	22,5	158	149
33	0	31,23	0,2	298	149
4	7	0,2	0,5	182	149
4	62	5,6	71,108	182	149
2	5	2,0	0,7	258	149
105	6	104,58	3,2	193	149
8	0	6,12	2,0	236	149
8	205	27,22	489,488	180	149
207	0	396,266	2,2	298	149
166	0	378,250	1,0	180	149
3	17	14,3	10,6	298	149
2	17	0,0	10,6	298	149
2	17	0,0	10,6	298	149
7	10	14,7	9,1	173	149
26	16	16,1	0,0	232	149
17	134	22,14	31,20	269	149
104	0	89,33	2,2	187	149
10	0	17,11	3,4	298	149
30	0	50,48	0,2	298	149
4	0	72,114	0,4	298	149
0	11	1,1	177,144	158	149
2	6	6,1	0,0	298	149
292	2	512,372	2,0	290	149
2	10	2,4	30,21	205	149
14	2	18,16	1,0	182	149
5	15	17,7	6,9	218	149
16	34	13,22	49,55	164	149
23	0	14,9	1,0	165	149
108	2	83,44	4,0	165	149
4	0	65,18	0,1	298	149
38	155	49,31	97,79	298	149
3	3	9,4	2,2	153	149
18	7	6,8	8,6	174	149
34	2	40,21	0,0	257	149
2	2	5,9	2,6	298	149
141	8	96,29	10,4	236	149
0	2	1,0	3,11	172	149
0	83	0,2	17,21	211	149
1	35	2,0	43,25	298	149
1	30	7,1	18,17	159	149
400	7	150,137	4,2	253	149
339	8	173,102	4,3	298	149
48	3	45,84	1,0	298	149
0	5	4,1	38,14	153	149
127	2	82,69	0,1	298	149
351	6	398,192	0,3	298	149
3	30	11,2	48,10	298	149
0	1	6,2	6,0	152	149
710	0	532,270	2,2	156	149
1	1	1,1	14,10	180	149
2	187	8,0	180,62	170	149
2	0	9,3	8,1	154	149
49	2	32,7	1,1	153	149
4	0	0,1	0,3	225	149
4	2	2,0	1,6	153	149
11	42	22,12	45,11	225	149
2	27	0,0	33,6	246	149
63	0	122,47	0,4	271	149
1	0	0,0	2,0	238	149
0	68	3,0	35,13	218	149
2	14	2,0	34,38	168	149
28	17	31,16	33,27	155	149
2	18	9,8	28,34	211	149
10	0	24,30	2,0	298	149
4	16	2,0	25,8	298	149
23	212	0,0	0,10	296	149
2	22	0,0	11,7	266	149
6	6	10,18	15,10	176	149
83	3	325,408	5,12	298	149
6	2	9,2	0,0	273	149
5	74	4,0	80,20	153	149
3	172	2,0	65,36	196	149
0	35	2,1	57,31	173	149
29	1	58,34	2,0	159	149
16	4	10,14	0,0	192	149
3	119	30,10	139,118	298	149
2	23	5,0	55,30	188	149
18	4	18,10	17,5	161	149
1	43	2,0	38,29	174	149
5	11	7,4	6,16	296	149
2	0	5,6	0,2	298	149
11	0	6,18	0,2	237	149
1	0	5,0	4,0	211	149
0	3	2,0	0,0	198	149
2	5	0,0	6,2	298	149
2	0	2,2	2,0	271	149
0	4	20,5	1,4	261	149
13	0	24,14	2,0	298	149
8	1	21,10	2,0	298	149
3	0	1,4	0,2	194	149
5	38	7,10	41,41	269	149
2	22	0,2	15,3	156	149
2	22	0,2	15,3	190	149
93	2	135,103	0,5	203	149
602	0	592,554	3,2	298	149
0	4	3,0	10,0	298	149
2	0	13,11	0,4	164	149
30	1	80,135	13,12	217	149
4	3	2,2	3,4	179	149
65	0	40,71	2,0	197	149
286	17	493,219	28,37	298	149
1	5	0,0	5,0	268	149
67	8	16,8	0,0	153	149
58	8	3,8	0,0	298	149
58	67	3,8	16,8	294	149
35	2	4,2	1,0	222	149
49	975	4,3	164,167	298	149
1	68	2,2	44,42	175	149
0	4	5,0	0,4	160	149
24	0	44,56	0,2	298	149
1	11	6,0	0,3	298	149
2	0	10,16	0,2	183	149
2	0	6,7	2,0	158	149
0	2	2,1	5,5	154	149
2	0	3,3	3,4	184	149
59	0	120,138	1,0	298	149
7	8	4,0	1,0	177	149
5	8	5,0	1,0	224	149
1	3	1,0	0,0	196	149
6	4	4,0	0,0	177	149
6	9	8,9	11,19	158	149
0	26	2,0	15,28	191	149
15	54	10,6	71,49	211	149
6	134	66,22	390,242	257	149
13	7	11,11	2,2	298	149
0	4	0,2	0,0	298	149
6	3	3,4	14,4	158	149
15	10	26,17	11,13	158	149
5	2	2,0	4,0	179	149
4	15	7,10	5,15	232	149
0	3	1,0	0,0	298	149
0	2	1,0	2,0	298	149
3	2	0,0	2,0	161	149
79	8	144,103	22,5	152	149
2	39	11,2	60,33	289	149
32	9	74,49	9,14	212	149
42	10	41,13	3,2	192	149
8	34	6,7	20,29	203	149
112	0	186,101	1,4	233	149
0	1	2,2	6,4	154	149
0	5	1,0	2,10	298	149
4	0	22,32	0,6	173	149
2	0	7,0	5,0	184	149
0	1	10,4	6,11	206	149
24	7	4,10	22,15	298	149
0	3	2,6	0,0	298	149
26	0	116,54	2,0	153	149
121	0	85,36	4,0	233	149
0	4	2,0	5,0	298	149
26	0	22,18	0,1	298	149
10	2	33,28	0,0	154	149
4	0	24,17	2,0	191	149
9	8	6,1	14,12	192	149
2	0	9,3	6,4	178	149
1	10	0,0	13,8	298	149
0	18	4,0	14,16	167	149
2	2	1,0	0,0	181	149
3	0	28,32	2,0	168	149
17	21	25,24	5,6	249	149
24	82	38,27	48,44	298	149
28	82	22,15	48,44	200	149
25	28	46,17	50,47	298	149
8	0	46,39	2,1	263	149
54	915	25,4	227,73	298	149
381	164	362,358	65,52	298	149
0	2	2,0	8,3	153	149
0	19	0,6	29,23	158	149
241	0	767,231	0,1	298	149
0	2	2,2	2,0	191	149
9	1	9,8	0,0	283	149
3	2	4,2	6,6	158	149
0	7	2,0	2,2	298	149
6	114	10,4	64,25	298	149
2	2	8,10	2,0	278	149
4	4	2,5	2,4	158	149
8	4	9,7	2,4	161	149
6	2	7,4	0,2	152	149
80	0	71,86	2,0	212	149
7	0	1,0	0,5	173	149
8	22	5,4	56,46	171	149
38	22	21,14	56,46	222	149
30	0	18,10	2,0	200	149
12	80	3,4	31,24	171	149
56	80	21,14	31,24	222	149
48	4	18,10	0,0	200	149
37	9	17,12	8,6	222	149
4	0	12,12	2,6	298	149
0	8	1,7	14,14	298	149
3	46	4,0	37,15	298	149
16	141	12,10	118,90	265	149
2	0	2,2	5,6	298	149
1	4	0,0	13,2	178	149
0	4	2,0	0,0	226	149
1	2	1,0	0,0	298	149
26	0	32,29	2,0	157	149
20	35	19,27	109,99	298	149
4	26	12,13	49,28	298	149
0	77	0,1	62,75	167	149
79	103	5,8	206,94	161	149
0	4	1,0	0,0	217	149
54	0	37,27	1,0	286	149
2	7	6,4	18,17	158	149
31	0	105,77	2,11	238	149
29	0	79,72	2,0	197	149
282	2	389,247	0,0	250	149
40	6	16,8	6,10	171	149
0	11	5,3	13,9	152	149
7	48	13,9	40,22	152	149
20	0	20,16	0,2	168	149
3	13	9,0	14,2	298	149
2	30	0,0	31,9	298	149
3	0	6,2	4,1	159	149
0	2	5,7	0,0	156	149
4	0	4,2	3,0	208	149
4	2	4,5	0,0	208	149
216	2	126,57	2,0	252	149
94	8	38,48	5,8	171	149
0	2	2,13	2,0	298	149
6	0	5,2	4,0	298	149
2	52	4,10	70,73	240	149
2	52	4,10	70,73	218	149
2	11	3,1	32,11	298	149
2	0	7,11	0,2	298	149
2	10	7,11	10,10	298	149
0	10	1,2	10,10	159	149
0	19	2,0	22,21	213	149
8	0	40,30	0,1	171	149
18	4	25,16	5,2	157	149
1	24	2,2	31,17	153	149
1	0	0,0	0,2	219	149
1	0	0,0	0,2	155	149
1	10	6,2	7,11	179	149
4	2	6,7	2,2	182	149
363	2	215,196	0,0	270	149
1	2	9,15	2,3	177	149
4	0	2,6	4,0	298	149
6	0	2,6	2,2	298	149
62	2	73,30	2,0	182	149
0	4	3,2	0,0	173	149
138	0	189,180	2,0	298	149
0	6	1,1	12,12	166	149
6	0	2,8	0,7	246	149
100	2	144,151	0,4	195	149
7	8	2,9	9,6	227	149
17	2	28,17	0,0	298	149
10	3	22,18	14,6	178	149
0	22	2,0	48,39	151	149
0	13	4,0	25,24	152	149
567	10	1895,1726	26,10	298	149
26	2	25,21	0,0	251	149
21	266	2,0	67,26	155	149
16	7	12,7	1,0	298	149
0	15	2,0	7,2	166	149
4	8	13,8	7,8	179	149
5	8	15,8	6,12	230	149
9	8	9,8	6,12	200	149
26	5	92,22	5,10	298	149
170	2	134,144	0,2	153	149
2	8	2,0	31,6	283	149
12	22	21,25	33,19	298	149
0	495	2,0	834,286	153	149
40	2	48,61	0,0	280	149
1	0	1,17	2,2	257	149
2	0	18,9	0,1	152	149
21	2	29,8	8,1	152	149
51	12	57,23	18,3	239	149
32	12	36,16	18,3	236	149
15	38	12,4	51,15	158	149
3	9	2,0	4,0	158	149
8	6	0,4	5,0	298	149
4	17	1,2	14,16	193	149
2	3	2,3	9,12	153	149
3	46	1,0	17,21	160	149
28	73	19,3	46,20	155	149
0	13	2,0	7,3	268	149
3	13	0,0	7,3	298	149
3	0	0,0	2,0	200	149
144	2	114,136	1,0	192	149
11	0	15,10	2,0	164	149
12	40	9,7	32,47	286	149
0	3	0,2	11,21	298	149
34	0	32,3	1,0	185	149
4	128	10,5	162,150	173	149
0	2	3,0	2,5	161	149
2	28	0,0	50,9	152	149
32	11	22,20	8,10	173	149
2	3	1,1	5,0	183	149
12	0	5,6	2,0	298	149
7	56	25,17	65,33	298	149
1	29	0,0	33,21	180	149
23	7	40,23	15,3	298	149
22	7	36,20	15,3	298	149
16	6	15,10	10,4	298	149
39	6	68,36	9,4	153	149
2	0	1,0	3,2	164	149
2	2	2,6	0,0	172	149
46	9	202,122	40,15	155	149
33	0	74,43	2,2	298	149
13	0	8,10	2,0	175	149
10	0	19,18	2,0	174	149
2	2	2,2	0,0	288	149
2	14	0,0	2,0	217	149
2	14	0,0	2,0	271	149
3	0	0,1	0,2	155	149
15	0	22,19	2,0	298	149
10	0	38,30	2,0	185	149
2	6	3,0	23,23	227	149
2	4	9,5	18,4	298	149
20	44	8,2	14,16	153	149
6	13	0,0	5,2	192	149
9	31	22,5	28,26	296	149
2	7	4,0	4,8	169	149
3	4	1,4	5,3	298	149
5	11	6,5	5,2	204	149
1	19	8,4	12,4	227	149
2	22	0,0	22,21	181	149
0	4	0,1	18,19	178	149
7	5	8,0	14,6	179	149
0	1	11,6	19,9	224	149
17	14	27,12	10,7	298	149
0	1	1,0	1,0	179	149
255	3	170,97	0,1	298	149
3	28	11,0	37,32	298	149
0	5	3,0	3,0	202	149
1	2	4,3	7,4	165	149
13	33	25,5	66,49	165	149
65	160	26,8	6,0	254	149
0	5	0,1	10,2	197	149
1	33	0,0	93,40	153	149
2	33	5,5	93,40	215	149
1	29	10,2	67,37	199	149
0	15	2,4	18,14	216	149
0	12	2,0	4,6	191	149
18	2	17,5	0,0	217	149
28	22	19,9	34,32	298	149
31	1	5,5	0,0	201	149
18	0	11,16	2,0	298	149
52	4	75,15	2,0	298	149
2	1	0,0	0,2	167	149
4	16	16,6	13,11	274	149
0	101	4,2	48,21	261	149
2	15	9,6	36,47	295	149
5	37	1,4	32,11	188	149
44	469	28,33	355,306	164	149
183	2	222,101	0,0	298	149
6	130	69,18	200,57	298	149
6	13	72,20	12,14	298	149
3	8	27,22	4,0	284	149
503	0	384,314	3,0	298	149
4	14	7,14	34,24	182	149
2	9	1,0	12,3	156	149
2	185	2,0	179,119	179	149
21	185	12,6	179,119	280	149
2	16	6,0	6,8	161	149
9	282	9,5	305,165	298	149
0	2	0,2	6,13	191	149
156	0	232,65	2,0	218	149
6	0	6,2	4,0	298	149
13	2	25,10	2,0	298	149
4	0	19,2	1,0	298	149
10	0	19,16	2,2	298	149
21	17	4,2	1,4	158	149
18	45	2,0	1,0	196	149
12	5	12,7	2,0	154	149
213	0	523,348	0,2	164	149
3	138	9,1	176,85	170	149
5	0	12,1	2,0	298	149
0	119	5,3	101,49	180	149
2	2	3,4	0,0	298	149
0	2	5,0	0,0	199	149
199	0	190,84	1,0	298	149
2	0	2,6	2,0	191	149
515	3	235,298	0,2	166	149
7	23	4,1	54,17	162	149
60	0	140,58	2,0	154	149
78	304	17,11	84,41	274	149
779	2	606,369	0,0	298	149
237	856	69,105	1016,735	298	149
0	13	2,0	18,18	163	149
22	38	21,18	44,19	155	149
2	0	4,0	0,4	158	149
16	2	8,4	0,0	298	149
7	2	0,2	0,0	298	149
1	10	0,0	8,2	251	149
19	56	20,8	37,37	298	149
10	1	7,2	2,2	190	149
8	441	2,2	255,254	160	149
130	62	140,97	70,49	173	149
2	0	2,1	2,22	193	149
2	2	3,2	0,0	287	149
30	3	30,14	0,0	233	149
0	3	0,2	0,0	298	149
7	3	18,16	2,6	196	149
0	66	3,0	69,44	163	149
0	54	0,1	48,26	153	149
2	4	3,1	48,4	298	149
17	14	6,8	2,2	201	149
75	16	124,67	20,15	202	149
4	953	3,3	1619,1116	159	149
6	1	17,2	2,0	298	149
4	16	2,4	20,16	291	149
4	0	15,6	1,0	158	149
0	1	1,0	0,0	167	149
41	33	38,11	60,39	158	149
14	2	16,10	0,0	298	149
1	8	0,0	7,2	192	149
3	1	4,0	7,2	160	149
16	89	12,4	50,15	160	149
