ID	IJC_SAMPLE_1	SJC_SAMPLE_1	IJC_SAMPLE_2	SJC_SAMPLE_2	IncFormLen	SkipFormLen	PValue
2	0	4	0,2	2,2	180	149	0.512216228211
10	5	19	2,0	0,0	298	149	1
13	8	2	90,122	237,234	298	149	0.00251363531633
14	0	2	22,36	237,234	199	149	0.0348517869785
15	0	140	3,1	34,40	254	149	0.798918378429
17	7	403	8,2	192,264	298	149	0.883028590071
19	5	84	0,1	36,26	153	149	0.0265978671049
21	43	7	36,27	7,2	166	149	0.702751993846
22	7	0	100,59	11,18	158	149	0.00747053038822
23	2	0	14,19	11,18	201	149	0.00263186282392
24	2	7	8,14	94,54	192	149	0.605121187204
57	2	8	1,0	6,5	204	149	0.055743331445
60	0	4	0,2	8,4	159	149	0.693094945094
62	0	8	2,0	8,2	267	149	0.519758230248
67	2	418	3,2	163,115	220	149	1
75	3	12	5,1	10,3	298	149	0.511425692179
76	10	0	9,3	4,0	153	149	0.0145666138594
79	1	40	10,2	17,5	298	149	5.52656545295e-05
80	1	40	10,2	17,5	298	149	5.52656545295e-05
85	0	2	2,0	0,0	196	149	1
88	42	4	31,13	0,0	298	149	0.00189919710585
89	20	2	12,7	0,1	204	149	0.0907202725904
90	13	16	3,1	15,6	154	149	0.00729692967387
91	2	2	2,2	2,1	154	149	0.675361029404
111	0	15	2,1	16,17	160	149	0.223164841005
112	15	2	1,0	0,0	205	149	1
114	2	0	0,4	2,0	211	149	0.0663558245226
120	59	2	69,24	0,0	298	149	0.422694668784
122	2	9	2,3	18,26	184	149	0.69368140131
123	2	0	8,11	2,0	298	149	0.603087313522
141	0	1	0,2	2,5	298	149	0.705390152433
143	8	0	19,15	2,0	243	149	0.673821930059
147	9	3	2,8	2,6	298	149	0.222213410177
148	0	2	1,2	1,0	153	149	2.86368195566e-05
149	2	0	0,6	0,2	201	149	1
163	85	8	88,95	0,2	159	149	0.000553846937615
164	2	8	0,0	0,2	298	149	1
165	1	84	0,0	88,95	298	149	1
174	14	1	0,10	0,0	298	149	1
182	56	4	108,63	1,0	298	149	0.00325308248908
184	4	21	0,3	21,2	232	149	0.517897581896
194	60	29980	12,7	5104,4072	183	149	1
196	69	6	83,65	0,2	284	149	0.00274332580309
197	1	0	2,6	5,0	161	149	0.0176980920367
203	0	2	1,0	0,3	298	149	1
205	0	9	0,1	6,3	161	149	1
206	1	20	0,0	32,26	152	149	0.268551856321
218	4	77	5,10	37,44	298	149	0.0205322283132
228	0	33	0,2	29,16	196	149	0.722798926693
233	34	0	31,46	2,2	159	149	0.169758212429
268	0	5	0,2	6,0	226	149	0.182423922891
269	4	5	0,2	6,0	166	149	0.493129931371
277	4	2	8,12	10,13	298	149	0.352552101904
278	3	4	20,27	2,15	153	149	0.0916011433435
286	10	15	10,6	29,31	182	149	0.0725699540636
299	10	0	19,12	1,0	172	149	1
302	50	2	8,0	2,0	225	149	1
331	0	1	2,2	2,0	298	149	0.00138451293221
332	7	2	26,17	4,0	298	149	0.281777492064
333	1	2	0,0	4,0	156	149	1
334	7	1	32,17	0,0	298	149	0.568550532717
345	7	5	4,19	1,6	164	149	0.21285139966
346	0	6	0,2	16,35	160	149	0.329051119517
351	6	9	2,2	12,21	153	149	0.0112354432771
357	24	0	4,21	0,2	151	149	0.361207100106
385	1	26	7,4	24,21	187	149	0.0145937911691
390	1	6	0,0	0,4	173	149	1
392	22	63	40,32	78,53	298	149	0.130645016119
394	5	76	4,5	68,52	171	149	0.862994781377
395	4	6	5,0	4,4	217	149	0.4960263186
399	61	0	238,214	2,2	298	149	0.561060020068
405	2	0	0,0	2,0	228	149	1
406	0	20	10,6	36,45	292	149	0.00335894661824
409	9	11	23,8	40,20	160	149	0.372366579431
411	3	2	6,7	4,6	160	149	0.855823713165
419	2	2	0,2	0,0	298	149	1
420	2	2	3,5	2,0	154	149	0.0558360568625
424	6	3	2,0	0,0	298	149	1
430	11	228	6,1	173,179	177	149	0.044515409317
438	13	159	3,1	57,49	195	149	0.0498429442407
439	10	0	2,1	3,2	195	149	4.99042697026e-05
441	9	82	15,12	154,166	247	149	0.617805399303
442	9	82	17,13	154,166	298	149	0.830564863708
443	18	2	36,13	0,2	298	149	0.132771567295
444	2	14	17,8	16,13	203	149	0.00578998340253
458	24	1	10,4	4,2	203	149	0.00884887257129
461	3	20	0,0	7,3	298	149	0.0502724356605
463	70	0	45,60	1,3	152	149	0.403073206875
469	0	2	3,2	4,0	203	149	0.000842808852696
481	2	94	8,0	110,97	298	149	0.470107957555
485	37	8	38,36	5,8	270	149	0.638091562144
487	2	30	7,11	33,17	161	149	0.00872389832632
496	392	0	121,56	2,0	222	149	1
506	2	0	10,0	2,0	298	149	1
508	9	11	13,4	52,12	201	149	0.0415373880717
510	16	2	3,7	0,2	173	149	0.358613036982
512	0	9	15,6	8,3	176	149	2.63895440689e-06
516	4	2	4,6	9,13	155	149	0.0723222362326
520	8	687	13,4	680,403	222	149	1
533	1	0	0,12	2,2	298	149	0.000242727653295
535	399	9	177,130	4,6	292	149	0.618425838466
544	0	25	0,2	11,29	197	149	0.319927068895
556	2	0	6,8	2,0	298	149	0.555890584034
561	104	7	117,34	6,8	155	149	0.478910399768
562	24	635	13,6	343,180	162	149	0.781033915139
565	52	4	23,9	2,0	296	149	0.147471688957
567	13	0	7,6	0,1	260	149	1
568	17	0	10,9	0,1	298	149	1
569	19	0	10,9	0,1	298	149	1
573	25	5	16,5	2,9	226	149	0.267913030835
587	2	500	2,4	690,1182	202	149	1
592	0	51	2,0	56,88	298	149	1
594	0	51	2,0	56,88	298	149	1
617	1	0	0,2	0,2	197	149	1
633	2	120	2,0	55,33	153	149	0.750113756303
634	106	2	36,21	0,0	298	149	0.779633329699
636	0	24	1,0	14,15	298	149	1
639	0	2	0,2	0,0	298	149	1
640	0	2	0,2	0,0	298	149	1
642	4	0	10,2	2,0	259	149	0.899713697779
643	4	4	10,2	0,0	263	149	4.71761823762e-06
644	0	4	2,0	0,0	153	149	1
645	0	27	2,4	32,55	185	149	0.0687706617478
653	12	4	13,5	0,0	211	149	0.000195632185322
654	43	115	31,18	70,38	165	149	0.510588197256
656	57	0	22,37	1,0	298	149	1
659	3	2	26,14	4,3	298	149	0.197686069798
660	3	0	26,18	2,0	298	149	0.604869232761
665	7	7	5,1	6,10	161	149	0.134446478681
669	4	0	6,6	0,1	298	149	1
675	7	2	14,6	6,0	252	149	0.678212359444
676	2	7	0,0	14,6	298	149	0.197949975523
685	3	22	2,2	4,8	199	149	0.520582423366
686	25	2	12,25	0,0	284	149	0.146273122256
704	2	5	1,0	8,8	175	149	0.0239736500127
705	97	0	16,66	0,1	298	149	1
706	4	95	0,0	14,63	153	149	0.100196717632
712	4	2	4,14	0,0	191	149	0.0108725847984
723	1	2	18,8	0,0	298	149	0.000163049293275
724	1	47	18,10	91,90	298	149	0.00247691637041
735	8	0	20,6	2,2	153	149	0.0438375994611
742	0	9	0,1	9,16	192	149	1
744	3	33	7,0	14,54	188	149	0.808514150916
745	3	0	12,8	2,0	176	149	0.707365269827
746	18	0	53,30	3,6	176	149	0.0108882663119
757	20	4	31,90	0,2	298	149	0.00170146373227
766	0	5	0,1	2,0	298	149	1
770	5	14	26,8	17,13	298	149	0.0516450310086
771	38	0	51,31	0,2	284	149	0.769664203946
774	26	0	11,2	2,0	298	149	0.897127751577
781	3	9	12,12	6,10	298	149	0.0200818582376
785	6	22	16,4	19,6	242	149	0.0428142179743
794	63	17	132,96	11,6	158	149	0.000967768813513
798	6	54	10,6	67,82	285	149	0.929334642891
799	1	0	2,3	2,0	181	149	0.418537063592
800	1	0	12,5	2,0	233	149	0.776151717017
801	1	1	10,4	0,2	201	149	0.088032018091
803	39	47	38,19	48,12	155	149	0.558129310832
809	0	7	0,2	4,0	276	149	0.214644097193
812	4	0	14,32	1,0	173	149	1
814	0	17	1,0	8,10	154	149	1
817	152	7	89,37	0,0	229	149	0.00236028323477
823	2	25	2,6	21,12	187	149	0.147823541018
831	2	0	0,2	1,0	298	149	0.101341626845
835	10	1	19,4	2,0	229	149	0.841167606428
836	16	0	17,15	1,0	217	149	1
839	1	0	2,0	2,0	164	149	1
840	0	2	2,4	20,8	152	149	0.0172218145258
850	0	13	2,0	17,10	230	149	0.335621810592
852	1	0	4,4	3,9	298	149	0.00347901330391
858	53	12	16,24	5,0	206	149	0.173712046737
859	0	2	0,2	0,9	158	149	1
865	42	0	68,38	3,0	298	149	0.43382171115
866	6	2	5,3	0,0	298	149	0.00317646513678
874	0	2	0,2	0,0	259	149	1
881	2	11	4,0	3,13	228	149	0.693082218508
882	11	2	4,7	0,0	298	149	0.0122947576653
884	460	1	338,175	2,0	177	149	1
885	0	8	1,0	13,17	275	149	1
886	6	41	8,1	41,8	222	149	0.8025406859
895	2	3	11,13	13,24	181	149	0.910670863909
896	14	0	17,11	2,0	167	149	0.544296347611
898	51	3	84,108	2,8	204	149	0.6967251752
912	2	2	0,0	9,16	298	149	0.0153738140153
917	0	14	1,4	17,17	171	149	0.0265042266538
920	0	6	4,0	16,8	209	149	0.0833926234792
924	0	4	0,2	16,23	298	149	0.493649604072
925	44	1	53,36	4,4	276	149	0.0666151228972
927	2	11	2,1	44,14	298	149	0.289310587314
946	13	13	15,4	12,14	298	149	0.457634784981
952	4	48	19,6	69,75	275	149	0.128270680079
953	0	22	2,0	43,28	197	149	0.698536212725
956	7	0	27,13	2,2	298	149	0.0370295003979
960	13	0	42,6	1,0	258	149	1
963	36	0	86,98	2,0	298	149	0.654595989948
964	2	42	2,1	69,101	216	149	0.819348652492
970	0	12	1,0	14,27	175	149	1
980	0	6	4,0	11,6	298	149	0.0876309988334
981	20	21	21,19	13,5	180	149	0.0551859141862
986	466	24	103,129	4,22	197	149	0.0516132003185
987	0	33	2,0	65,19	158	149	0.622837232324
996	0	311	0,2	233,322	180	149	1
1007	61	0	153,81	2,0	153	149	1
1010	1396	0	772,900	0,2	298	149	1
1012	32	138	34,58	38,25	298	149	6.93075851266e-07
1014	9	0	68,88	0,2	178	149	1
1015	0	24	5,3	154,97	175	149	0.210648628141
1024	0	2	2,2	1,1	194	149	0.00185556519235
1034	2	22	5,0	26,5	162	149	0.885032969097
1043	4	0	51,21	3,2	170	149	0.101610814509
1056	74	0	46,97	2,0	162	149	1
1058	0	7	1,2	16,17	166	149	0.207412375526
1071	0	2	1,0	12,3	298	149	1
1072	0	7	2,0	25,11	298	149	0.445747083665
1073	0	4	11,0	13,12	227	149	0.0119118322342
1076	25	0	117,86	0,4	212	149	0.567515033935
1081	0	2	2,4	0,0	213	149	3.88372285109e-07
1082	0	23	4,0	37,24	153	149	0.160386345679
1084	1	2	8,2	0,1	189	149	0.000705175224582
1085	1	0	1,0	2,2	159	149	2.5072929466e-07
1088	0	12	3,2	17,7	281	149	0.0338084858112
1092	85	2	229,141	0,0	259	149	0.950944459281
1093	548	0	360,166	2,0	171	149	1
1097	0	13	3,8	7,20	185	149	0.000700380414939
1099	3	66	19,9	104,46	298	149	0.00507845583666
1100	63	0	161,76	0,1	298	149	1
1103	2	0	4,8	0,2	298	149	0.652366715783
1107	69	0	181,88	3,5	211	149	0.0652750110717
1108	0	5	27,21	15,4	197	149	2.1479086878e-05
1113	0	4	0,2	48,31	153	149	0.517008429969
1115	31	0	15,11	2,0	200	149	0.691532800338
1116	0	14	2,0	3,4	192	149	0.667146877255
1122	134	3	18,46	2,1	251	149	0.891914302986
1124	0	6	2,2	2,8	206	149	0.0127579269069
1125	2	0	0,0	0,4	178	149	1
1129	2	0	2,2	2,0	298	149	0.301231489877
1131	1	0	2,3	0,1	204	149	1
1132	39	0	10,17	0,1	181	149	1
1133	113	5	49,60	2,6	298	149	0.500643464474
1134	10	2	0,3	0,0	298	149	1
1144	21	1	56,51	0,0	298	149	0.230531876918
1160	176	0	300,184	2,2	182	149	1
1169	2	77	1,1	114,81	153	149	0.565727128717
1195	49	3	76,67	4,7	297	149	0.643890769269
1199	2	10	6,0	4,10	298	149	0.774812226569
1202	123	0	26,24	4,0	298	149	0.0334713084068
1203	7	1	0,2	0,1	298	149	1
1214	0	2	0,2	0,0	298	149	1
1218	2	2	6,0	0,0	298	149	1
1223	1	1	0,4	1,2	298	149	0.551127632391
1229	0	6	1,2	9,12	156	149	0.100376619468
1232	0	11	0,5	8,0	166	149	0.0101082971504
1233	2	1	4,3	0,2	166	149	0.351093808162
1245	0	21	7,1	27,14	211	149	0.00535683061368
1248	9	0	8,22	0,4	298	149	0.0163938691091
1249	0	2	2,14	4,4	155	149	0.00105134237818
1251	0	3	2,1	0,0	153	149	1.47541366458e-07
1256	140	2	155,152	6,8	298	149	0.0536979937288
1259	1	0	0,0	0,2	274	149	1
1262	71	2	26,14	0,0	156	149	0.595376188067
1263	19	162	9,10	52,54	215	149	0.33179421089
1264	384	5	187,118	1,2	261	149	0.361488250672
1266	4	14	2,2	19,13	270	149	0.21671417048
1267	0	4	2,0	2,0	153	149	1
1273	0	330	4,2	880,689	156	149	1
1274	3	308	4,8	690,733	159	149	1
1276	17	0	10,23	2,0	298	149	0.752210542733
1277	17	0	10,23	2,0	298	149	0.752210542733
1286	90	6	111,54	6,8	270	149	0.620434505723
1287	0	2	0,2	0,2	298	149	1
1288	64	2	47,17	5,4	169	149	0.0348934627919
1289	117	4	61,52	0,2	244	149	0.137399068922
1292	9	297	10,2	144,88	298	149	0.378186387288
1293	6	297	4,1	144,88	158	149	0.782449606348
1294	39	109	26,16	52,11	244	149	0.0611473309014
1296	2	2	16,4	5,0	189	149	0.165247220694
1297	1	9	11,6	10,0	289	149	0.00129419856229
1299	0	57	0,2	53,37	153	149	0.664630458611
1300	25	55	18,14	36,12	185	149	0.287071591315
1304	3	15	0,1	16,11	179	149	0.013254533532
1310	27	0	71,44	1,0	298	149	1
1313	13	0	53,29	2,0	298	149	0.32195537025
1314	0	40	2,0	61,46	156	149	1
1316	16	0	21,24	2,0	223	149	0.681665944072
1323	1	15	2,2	20,11	212	149	0.383058392343
1338	6	56	15,14	85,84	170	149	0.264173341804
1339	103	32	156,78	44,31	164	149	0.863537000758
1342	2	9	2,3	6,11	178	149	0.715707882121
1344	6	150	11,11	43,38	229	149	2.54672687154e-05
1349	2	1	0,0	1,2	162	149	0.000711898452678
1352	104	0	80,54	3,0	298	149	0.654590758827
1353	93	2	95,57	0,0	298	149	0.799857040365
1367	85	35	43,42	18,23	298	149	0.601026980527
1368	7	20	7,7	0,0	197	149	3.92228582946e-10
1369	0	7	6,0	4,0	154	149	1
1370	6	1	22,17	0,2	237	149	0.844755256233
1381	2	0	10,6	0,2	173	149	0.667258684071
1404	2	13	0,0	18,14	153	149	0.162023637797
1405	2	2	0,2	0,4	151	149	1
1406	9	2	10,3	0,4	155	149	0.909069747085
1407	7	0	10,3	0,2	153	149	0.61631521162
1420	27	88	51,37	31,11	298	149	2.3444664321e-08
1421	24	51	6,6	5,4	298	149	0.073665839699
1422	399	52664	146,229	21725,32614	298	149	1
1423	1	0	9,9	2,2	167	149	0.0463448910522
1424	37	0	40,15	0,2	153	149	0.875665536185
1425	8	9	2,6	9,2	298	149	0.693467809006
1429	34	69	31,28	59,21	188	149	0.197183494156
1432	29	3	40,48	0,4	164	149	0.293673081572
1438	251	0	150,119	2,0	165	149	1
1440	23	13	4,0	0,2	298	149	0.828679634137
1444	12	25	16,9	40,26	185	149	0.590019959554
1446	1	14	2,2	31,41	175	149	0.779321017578
1447	19	2	17,6	0,0	298	149	0.0832384166325
1448	7	0	21,11	0,2	191	149	0.811666215557
1449	7	0	6,8	2,0	179	149	0.755034229859
1455	16	4	14,10	2,1	173	149	0.236269897801
1458	17	14	11,3	13,4	161	149	0.407227539493
1464	159	3	205,76	2,0	188	149	0.685470583131
1467	2	21	2,0	17,7	164	149	0.333803829942
1476	0	2	0,2	2,0	298	149	0.227572946807
1477	0	2	0,1	2,0	280	149	1
1478	2	1	2,2	2,1	298	149	0.581281852965
1486	6	79	2,6	29,51	298	149	0.788459084156
1488	6	79	2,6	29,51	298	149	0.788459084156
1489	6	79	2,6	29,51	298	149	0.788459084156
1490	1	60	0,0	11,15	298	149	1
1493	85	0	155,74	2,0	298	149	1
1495	190	0	243,111	0,2	286	149	1
1497	76	2	66,32	0,2	298	149	0.320546886458
1499	10	18	14,8	12,18	196	149	0.601440071512
1500	6	0	9,0	2,0	196	149	1
1501	6	53	3,1	73,30	180	149	0.0592822525994
1502	2	162	4,2	155,40	298	149	0.647009459632
1504	33	12	25,21	9,5	173	149	0.647043759832
1508	2	14	0,0	22,10	189	149	0.240173719901
1509	547	1	161,82	8,1	259	149	0.00182969222053
1510	9	25	7,1	0,0	164	149	3.47331330364e-08
1511	20	343	7,2	138,84	164	149	0.207572611171
1514	83	5	81,42	11,14	298	149	0.0118947101687
1515	525	0	451,195	1,0	287	149	1
1516	763	6	139,64	2,0	292	149	0.522986776205
1517	547	2	104,39	1,0	298	149	1
1518	140	2	34,5	1,0	260	149	0.538438130815
1519	6	1	2,0	0,0	155	149	1
1520	52	17	33,21	4,0	155	149	0.00131673957121
1522	4	34	4,0	31,3	212	149	0.727719678669
1524	27	109	47,11	116,37	298	149	0.160880570554
1525	110	2	77,40	2,0	298	149	0.524674353909
1531	2	2	0,0	3,6	218	149	0.0134419442814
1538	2	0	6,6	6,0	208	149	0.00844117921885
1541	53	0	66,31	0,1	154	149	1
1543	8	207	5,0	140,161	223	149	0.0996710019135
1544	1	5	4,0	14,24	153	149	0.361431698544
1551	42	6	10,9	0,0	172	149	0.000445173357962
1552	2	4	0,0	2,2	172	149	0.0101142499558
1556	5	3	12,7	0,0	298	149	9.2087868735e-05
1559	11	9	0,0	11,2	298	149	9.81448763926e-07
1560	2	49	1,4	72,83	156	149	0.837451188308
1567	20	0	15,14	0,2	240	149	0.954225231689
1571	2	1	0,2	0,0	298	149	1
1572	106	354	97,53	322,272	188	149	0.328866656119
1578	3	409	6,8	59,40	219	149	1.76090275938e-06
1580	1	10	2,0	0,0	203	149	1
1581	1	10	2,0	0,0	193	149	1
1597	7	0	2,0	1,0	213	149	1
1608	4	43	1,2	22,28	256	149	0.326648282646
1610	0	4	0,4	6,3	153	149	0.0238263218407
1611	2	45	4,1	40,9	298	149	0.371467750436
1615	28	3	36,30	4,0	298	149	0.42363672416
1618	27	0	31,21	2,0	298	149	0.542204121515
1619	9	29	19,2	47,16	259	149	0.889127215965
1620	9	0	10,0	0,2	244	149	0.0534348813733
1621	1	46	9,1	80,50	165	149	0.0730638927347
1622	124	2	108,70	0,0	188	149	0.527495675011
1623	12	93	24,9	78,40	219	149	0.039628079901
1630	42	0	75,48	2,0	244	149	0.463411277352
1631	11	2152	10,2	1267,681	182	149	1
1632	409	7	396,277	11,2	254	149	0.776553458589
1633	277	7	316,187	8,0	175	149	0.323000584024
1645	25	1	57,21	18,15	206	149	0.000566019802496
1646	3	35	14,6	42,36	224	149	0.0461564754441
1647	4	0	0,2	2,0	194	149	0.0761993911186
1655	4	152	0,2	92,64	251	149	0.963703965171
1661	7	9	8,10	4,3	153	149	0.0490210921251
1663	17	5	30,25	18,3	298	149	0.94158841178
1664	10	5	23,15	18,3	298	149	0.901426695596
1665	16	2	26,15	1,0	298	149	0.0238129506817
1667	65	0	108,58	4,0	174	149	0.837037662174
1669	0	4	4,0	0,2	191	149	0.0171395791336
1670	7	0	0,0	2,0	172	149	1
1671	31	46	9,4	16,4	216	149	0.829229703658
1686	0	17	5,0	14,14	298	149	0.0480677772669
1688	9	4	23,11	0,2	203	149	0.00421682271735
1691	0	76	0,2	46,53	166	149	1
1693	2	28	0,0	10,7	177	149	0.523235114492
1697	2	2	22,10	0,0	286	149	0.000879782102246
1699	2	0	0,4	1,0	194	149	1
1710	0	11	1,6	15,9	182	149	0.00616135401132
1719	85	539	26,27	217,106	298	149	0.920603126773
1720	236	8	67,47	0,2	298	149	0.0573158665157
1721	171	1	51,36	0,2	220	149	0.510032757706
1722	179	65	53,41	31,11	224	149	0.668749044755
1723	9	65	2,7	31,11	153	149	0.568766280689
1730	11	145	19,8	81,37	298	149	0.00482523680171
1731	9	0	9,10	0,6	298	149	0.00690525537012
1732	11	17	11,6	10,4	200	149	0.229309284578
1733	3	332	2,2	413,276	163	149	1
1734	23	419	14,8	506,396	188	149	0.0113015417068
1740	6	32	14,0	48,22	194	149	0.846568776946
1743	0	3	4,1	0,0	298	149	2.69672109088e-08
1747	33	78	25,19	37,52	298	149	0.647371531716
1766	1	0	7,5	2,0	298	149	0.612586237848
1769	0	5	6,1	6,8	245	149	0.00708198544747
1772	3	123	2,1	103,57	153	149	0.521160775377
1776	0	2	6,6	0,0	298	149	1.47056756661e-07
1784	35	6	103,34	2,4	298	149	0.0318153541672
1791	10	26	48,16	132,80	298	149	0.689263572701
1793	2	0	15,11	0,2	251	149	0.731395806214
1812	0	8	1,3	18,27	159	149	0.110427454369
1815	0	49	0,4	88,71	157	149	0.566453394561
1817	2628	4	2993,1942	8,6	257	149	1
1820	0	4	11,10	79,39	183	149	0.0160587884714
1822	8	19	8,8	38,15	215	149	0.577587715435
1826	9	30	42,8	34,23	192	149	0.0814930900535
1827	14	1	8,3	1,0	234	149	0.230531556846
1828	13	76	8,5	66,51	152	149	0.275099448011
1830	2	168	0,0	219,96	167	149	1
1837	2	0	0,2	0,4	152	149	1
1839	4	72	9,3	67,57	225	149	0.338709325471
1840	29	49	39,18	26,36	155	149	0.347147636833
1841	1	6	0,1	8,2	206	149	0.424321735016
1842	49	0	40,46	1,1	244	149	0.467699106364
1843	4	2	8,4	0,0	244	149	0.00273930443881
1844	46	0	52,24	2,0	181	149	0.369540895725
1847	0	2	7,1	1,2	263	149	0.0010418872399
1848	1	5	0,0	3,0	178	149	1
1849	1	9	12,8	2,10	237	149	0.00175923722471
1874	0	153	1,0	116,54	298	149	1
1880	8	5	1,6	8,9	298	149	0.0374280293844
1883	1	1	0,1	14,29	154	149	0.0626449485576
1888	0	2	4,0	2,0	298	149	1
1894	2	45	9,6	42,29	167	149	0.0124274214542
1897	4	10	2,0	3,4	194	149	0.111753096183
1898	2	0	0,0	25,5	291	149	3.1212979954e-06
1899	3	36	3,1	15,4	193	149	0.561928225531
1901	2	2	0,1	28,39	163	149	0.00408237854328
1906	52	0	44,22	1,0	298	149	1
1907	0	12	4,0	13,4	267	149	0.0743674442205
1911	0	2	2,2	2,0	240	149	0.000396869220651
1912	4	50	3,6	38,46	205	149	0.65054212179
1913	3	27	7,2	27,14	194	149	0.318682489369
1914	83	4	93,24	4,0	203	149	0.481812052993
1915	4	41	1,6	30,32	169	149	0.768631723576
1916	2	227	6,4	215,95	169	149	0.0956750903166
1919	2	6	2,0	1,2	298	149	0.376507881291
1922	16	0	46,13	2,0	153	149	0.34080707064
1923	2	32	7,0	44,20	162	149	0.520777449142
1925	1062	84	1008,567	62,48	226	149	0.552251943847
1926	2569	0	1987,1258	4,4	203	149	1
1927	659	0	604,390	4,4	298	149	0.865724591005
1928	8	1913	17,10	1396,874	298	149	1
1930	28	207	0,0	0,1	296	149	1
1931	4	0	0,0	4,0	173	149	1
1932	7	20	10,14	26,10	220	149	0.207560341185
1937	77	13	76,46	10,12	176	149	0.858721660653
1941	3	10	15,3	18,19	275	149	0.494466670989
1943	160	16	190,51	22,18	161	149	0.0905431767332
1947	18	0	22,2	0,2	245	149	0.367359131465
1948	9	61	4,14	54,41	231	149	0.66175308334
1955	8	11	5,3	19,12	158	149	0.0775724243303
1957	26	0	35,30	2,0	249	149	0.45927150631
1958	2	14	0,0	13,29	153	149	0.178432484872
1959	13	0	44,23	2,0	266	149	0.34242118108
1973	0	96	8,4	150,102	283	149	0.0735902331236
1976	2	2	3,2	2,3	298	149	0.680299652478
1977	3	0	23,18	2,0	164	149	0.449904913029
1978	9	22	8,10	29,12	156	149	0.853654447501
1979	2	0	0,3	2,2	298	149	1.1833664747e-05
1980	11	0	20,11	4,0	172	149	0.0506637959388
1982	28	0	56,17	2,0	161	149	0.403154459133
1985	2	0	0,4	2,0	181	149	0.0848137903666
1987	0	12	0,1	20,22	154	149	1
1991	7	6	18,2	10,10	298	149	0.536397273752
1994	4	14	10,10	6,14	298	149	0.0381986874215
1995	0	36	1,2	28,12	160	149	0.546907032422
1996	0	14	11,6	13,6	161	149	1.00349044668e-05
1997	3	10	2,2	21,13	161	149	0.26075146974
1999	0	10	5,4	11,17	158	149	0.00251843894312
2000	24	2	17,27	2,2	298	149	0.929944232444
2002	7	126	4,0	92,33	155	149	0.179262345115
2004	35	0	34,23	2,2	241	149	0.0499233890561
2005	1	7	3,1	6,13	160	149	0.75758750824
2007	1	3	0,0	10,2	161	149	0.445207625658
2013	0	12	35,21	592,280	297	149	0.078685565769
2019	0	25	4,0	36,16	174	149	0.146823056112
2020	0	17	3,0	28,14	229	149	0.603091133944
2021	28	11	27,11	21,7	161	149	0.151228594391
2027	4	0	6,3	2,0	236	149	0.630516313875
2040	2	7	1,0	9,6	298	149	0.0586313001693
2057	9	2	19,10	2,0	298	149	0.0915811143918
2059	4	45	1,6	40,38	205	149	0.738893110074
2060	6	45	6,10	40,38	298	149	0.391918715778
2063	7	1	5,5	7,8	182	149	0.00454534494403
2065	2	100	0,0	155,128	155	149	0.526483530389
2071	2	32	2,0	34,14	154	149	0.358570020197
2074	0	1	0,4	2,4	162	149	0.0161364573575
2079	85	160	146,67	212,122	275	149	0.398779607523
2080	17	15	7,10	8,5	197	149	0.791067927926
2083	2	2	5,10	0,2	188	149	0.0261647611001
2087	52	30	110,31	49,22	158	149	0.761998316491
2088	57	2	33,25	0,0	203	149	0.691322276717
2089	69586	0	76205,63475	2,0	298	149	1
2090	66615	56	76056,37836	59,35	298	149	1
2097	0	24	2,1	14,13	161	149	0.197687393721
2102	79	2	122,52	15,3	183	149	0.0166973530434
2103	91	2	140,152	2,0	176	149	0.638517265749
2108	5	41	2,0	22,8	274	149	0.134986085146
2113	0	97	11,2	60,52	176	149	0.000294214020487
2120	6	8	0,0	4,0	261	149	1
2123	2	19	9,4	29,22	298	149	0.163006721367
2129	100	0	133,185	2,0	298	149	1
2137	153	1	132,86	0,0	298	149	0.832152669128
2138	7	131	3,0	73,59	177	149	0.0743589786674
2140	60	1	65,43	0,0	218	149	0.37852859663
2141	149	1	126,76	0,0	298	149	0.773944520848
2142	119	6	82,51	5,8	252	149	0.219912324237
2149	13	951	52,44	1566,1043	166	149	0.000534459805271
2150	581	4	457,306	0,0	298	149	0.681204650858
2151	520	14	838,885	19,3	158	149	0.0513202402805
2152	515	3	765,680	3,0	245	149	1
2153	495	2	731,628	0,0	293	149	1
2154	8	2	14,9	0,0	197	149	0.0393372577907
2156	0	2	2,0	2,4	298	149	0.619084484796
2157	16	0	8,20	0,2	154	149	0.412201418933
2159	2	0	6,4	0,2	157	149	0.679721073996
2160	43	92	32,31	37,60	298	149	0.248412474863
2161	0	18	0,4	16,6	221	149	0.0593283355934
2162	696	4	588,413	5,3	176	149	1
2163	9	42	18,5	84,43	207	149	0.844983794563
2164	2	7	3,0	6,4	167	149	0.971658415829
2167	5	112	2,2	77,70	153	149	0.300063874359
2168	25	18	12,8	3,4	298	149	0.177849664798
2169	134	18	89,76	3,4	298	149	0.00439757998887
2170	123	5	92,78	1,0	298	149	0.00855723433288
2171	29	5	18,12	1,0	298	149	0.00188435196887
2173	3	8	1,0	1,0	298	149	1
2174	3	1	1,0	0,0	298	149	1
2175	3	8	1,0	1,0	298	149	1
2176	3	1	1,0	0,0	298	149	1
2177	8	1	1,0	0,0	153	149	1
2181	6	115	6,4	188,66	152	149	0.60464004861
2184	0	56	1,6	40,36	153	149	0.00863735671771
2187	17	7	13,6	5,0	298	149	0.256594755819
2188	0	13	7,0	38,31	164	149	0.0313023503225
2189	329	99	51,167	107,44	298	149	0.0986681058045
2190	1130	4	263,395	1,3	298	149	1
2192	10	5	13,8	8,8	298	149	0.45345825758
2195	43	0	32,15	2,0	187	149	0.32246524264
2197	3	1	2,0	2,0	298	149	1
2198	51	9	6,22	3,3	298	149	0.83574713465
2203	2	3	0,4	0,0	220	149	1
2204	0	384	6,3	197,187	230	149	0.918761095607
2205	7	20	15,10	24,14	241	149	0.197384450856
2210	209	7	143,105	1,4	221	149	0.252024279847
2213	2	278	5,2	181,207	192	149	0.696453177188
2216	2	2	0,0	1,0	294	149	1
2217	2	2	0,0	1,0	298	149	1
2222	7	17	6,8	27,21	298	149	0.561123904342
2223	7	17	6,8	27,21	298	149	0.561123904342
2228	0	4	5,1	0,0	155	149	1.39286475687e-08
2230	0	20	19,16	32,30	196	149	6.99879496247e-06
2238	116	1	145,78	0,2	214	149	1
2239	54	0	48,24	0,4	214	149	0.107656618889
2240	115	4	158,66	0,6	298	149	0.80321690102
2243	4	54	6,2	65,23	171	149	0.773457262232
2245	31	2	27,10	4,0	179	149	0.669323661662
2248	12	0	16,13	0,2	233	149	0.857498465308
2250	74	4	24,19	5,2	298	149	0.144597869162
2255	0	10	3,0	36,2	298	149	0.671065074878
2259	8	0	5,13	14,0	167	149	0.0086426718951
2260	3	0	7,1	0,1	155	149	1
2261	392	0	198,106	2,0	298	149	1
2262	6	386	3,3	187,104	298	149	1
2269	4	21	3,0	7,8	236	149	0.532121668491
2270	5	2	3,0	2,0	236	149	1
2272	421	2	1352,542	16,0	298	149	0.373721817768
2273	292	2	526,189	8,4	153	149	0.342587390611
2274	410	4	1632,513	0,1	298	149	0.668965579755
2278	0	2	2,1	3,5	298	149	0.140874057842
2280	1	30	13,3	57,38	249	149	0.0188846420851
2297	7	4	4,0	4,6	197	149	0.0349880659039
2300	18	61	25,6	140,97	210	149	0.0230808969678
2301	2	0	3,4	1,0	203	149	1
2305	8	0	11,6	1,0	298	149	1
2307	8	0	11,6	1,0	298	149	1
2308	8	0	11,6	0,2	189	149	0.643925048826
2311	8	0	11,6	3,0	298	149	0.0824011644689
2313	8	0	11,6	2,0	230	149	0.871083778994
2316	28	0	22,26	2,0	298	149	0.813375839047
2318	127	8	59,24	2,0	263	149	0.0236766435034
2321	14	6	4,6	1,0	298	149	0.00165835897773
2323	1	23	3,1	21,37	196	149	0.547479213307
2335	3	2	10,6	12,1	298	149	0.91430828127
2336	2	0	2,9	4,0	173	149	0.02511961043
2338	1	12	2,0	14,7	165	149	0.882929080136
2339	6	247	3,2	112,72	227	149	0.911125334584
2340	6	1506	1,4	952,564	166	149	1
2341	0	2	6,1	12,5	170	149	0.00889420265385
2343	6	54	15,4	21,3	298	149	0.000235292602539
2344	3	54	2,0	7,4	156	149	0.472527459411
2345	0	5	1,1	5,5	278	149	0.226158219707
2347	2	6	0,0	6,2	267	149	0.139420213355
2348	0	4	2,3	253,77	159	149	0.669892876349
2350	4	0	318,144	2,0	189	149	1
2351	0	6	2,0	7,8	232	149	0.8671311721
2358	11	1	18,38	0,10	298	149	0.679564487019
2359	7	1	16,33	0,10	268	149	0.797524753443
2361	10	1	16,33	0,10	298	149	0.718202319386
2363	9	4	10,21	2,5	227	149	0.334194238875
2364	7	4	30,29	2,5	269	149	0.041213636989
2365	1	3	21,8	0,0	191	149	4.57975000523e-06
2385	5	25	10,3	31,8	162	149	0.366403725703
2391	0	32	0,2	22,39	298	149	1
2393	0	13	2,0	10,24	155	149	0.845082037603
2399	11	52	13,6	28,23	205	149	0.237390348013
2400	8	0	10,2	0,1	205	149	1
2404	179	0	73,46	1,0	154	149	1
2405	238	4	99,56	2,2	204	149	0.727873628593
2406	59	4	27,10	2,2	199	149	0.835209639267
2409	1	0	2,4	2,0	213	149	0.374326756558
2420	10	0	41,26	5,1	236	149	0.0184047585593
2421	50	0	46,28	0,5	298	149	0.014549385154
2422	1044	6	499,234	19,1	191	149	0.00157215372665
2425	181	4	209,107	0,3	287	149	0.155997601285
2427	15	2	29,27	0,0	166	149	0.16076233121
2428	0	8	3,0	44,18	164	149	0.427262560537
2430	29	0	43,47	2,2	297	149	0.0790515430841
2442	2	13	2,0	7,5	226	149	0.300615724503
2449	73	0	116,99	0,1	181	149	1
2450	1	4	13,3	8,8	250	149	0.124500996047
2451	18	7	22,15	3,4	153	149	0.187560077968
2453	3	19	18,1	22,7	250	149	0.0620890632583
2454	55	3	91,53	20,5	153	149	0.0297094611008
2455	6	5	6,0	21,3	161	149	0.0235923930909
2456	9	31	1,1	23,4	155	149	0.00512054481213
2458	0	19	4,2	20,24	252	149	0.0361872051643
2461	2	43	13,2	46,16	266	149	0.00902723373153
2471	5	16	0,4	56,83	152	149	0.00136121848567
2473	5	22	0,2	12,23	155	149	0.0184763075075
2474	0	31	0,4	47,48	151	149	0.275826683515
2475	0	51	2,2	50,32	200	149	0.479117360405
2481	41	223	19,5	113,37	159	149	0.513858348889
2484	3	2	5,3	5,2	298	149	0.688653983784
2491	28	10	25,27	5,1	212	149	0.0289674539464
2493	120	4	85,39	1,0	225	149	0.0504673565808
2494	161	4	163,112	0,0	298	149	0.0723967081774
2495	10	32	11,12	37,10	298	149	0.28181952692
2498	15	0	29,18	2,0	298	149	0.559056359367
2500	6	40	4,19	21,10	215	149	0.0373603114267
2501	2	2	2,2	0,0	156	149	0.00177209066619
2504	26	43	16,16	63,41	167	149	0.0472874550569
2505	31	0	42,11	2,0	237	149	0.31556004099
2506	0	21	5,6	62,37	158	149	0.00932073514279
2507	2	37	4,1	66,47	298	149	0.829881140763
2509	122	6	50,33	0,0	167	149	0.0114312976463
2510	122	129	50,33	20,35	170	149	0.173367800912
2511	6	129	0,0	20,35	152	149	0.0247894386152
2512	2	40	0,0	3,16	153	149	0.686027568411
2514	7	28	15,10	30,25	298	149	0.199891951168
2523	0	31	6,1	47,26	165	149	0.0204559351129
2525	2	45	1,2	57,32	272	149	0.684951896583
2535	23	10	66,39	8,11	298	149	0.0851182925064
2541	20	90	36,18	52,40	298	149	0.00257235349618
2543	10	9491	6,7	2556,3969	174	149	1
2544	18300	1	4125,4982	0,0	150	149	1
2545	3	0	7,0	2,4	291	149	8.93951844401e-05
2546	91	2	152,177	1,0	188	149	0.573359596742
2551	7	19	7,2	9,10	152	149	0.896045378099
2554	44	1	36,18	9,4	211	149	0.00114592036688
2560	303	2	149,75	3,0	293	149	0.719618903813
2561	29	2	16,20	0,2	298	149	0.247121627663
2564	2	2	0,2	7,14	213	149	0.0421626058486
2567	0	81	1,1	89,76	157	149	1
2573	27	3	67,32	11,5	175	149	0.455565322424
2578	19	0	9,2	2,0	203	149	0.819364931424
2583	4	0	0,4	0,2	231	149	1
2584	173	4	176,153	0,0	298	149	0.0875567527974
2585	29	117	47,42	177,133	298	149	0.553549620716
2587	2	190	2,9	268,276	218	149	0.957318489811
2592	6	482	11,1	221,56	168	149	0.0259844046749
2593	438	0	221,123	2,0	298	149	1
2594	2	4	4,3	5,8	173	149	0.854390346109
2596	9	17	2,2	11,8	198	149	0.0896698059926
2599	68	1	30,10	2,2	248	149	0.103194216472
2610	2	3	5,4	2,3	161	149	0.214471958512
2613	5	0	0,0	2,0	272	149	1
2614	2	2	8,4	2,0	298	149	0.0210905367548
2616	78	3	94,63	10,10	154	149	0.0239231238429
2618	15314	0	11461,6942	2,0	298	149	1
2622	1	73	2,0	94,79	159	149	1
2625	9	0	6,4	2,0	298	149	0.573764338444
2627	2	78	7,0	88,61	158	149	0.557877600848
2628	3	50	3,1	70,15	154	149	0.665188912585
2630	35	14	34,18	12,6	251	149	0.719339118619
2631	0	87	0,2	57,90	187	149	1
2632	110	0	88,42	0,1	176	149	1
2638	3	48	4,0	30,31	155	149	0.8336108426
2639	19	12	19,3	3,0	168	149	0.00483492064659
2641	0	7	5,3	8,6	298	149	0.00330178971317
2650	1	15	1,5	13,8	175	149	0.124890133582
2654	5	9	0,1	11,2	298	149	0.00231153477604
2657	5	6	5,7	1,7	182	149	0.306194785136
2661	0	2	2,0	6,7	298	149	0.788295278444
2663	0	4	0,4	0,0	154	149	1
2664	1	106	0,0	72,35	298	149	1
2667	54	2	38,15	1,1	298	149	0.62964055753
2675	0	2	3,0	9,10	224	149	0.276680629041
2676	14	1	26,21	0,0	198	149	0.227565347829
2678	0	1	6,1	0,0	165	149	1.29657330915e-05
2679	2	29	3,0	20,44	198	149	0.573312830877
2681	2	65	4,7	63,69	185	149	0.112412010279
2682	10	1	11,15	0,0	164	149	0.229768140411
2686	292	3	364,161	2,0	298	149	0.785037588296
2692	2	0	4,2	0,4	194	149	0.0181541959851
2696	8	14	2,2	6,3	266	149	0.397262039062
2701	30	0	199,131	24,5	298	149	0.00317557427358
2703	11	8	188,92	25,6	298	149	0.000684914703388
2705	10	8	169,83	25,6	298	149	0.000767461462276
2706	3	8	71,38	25,6	203	149	0.000505588504282
2713	6	0	23,19	1,0	258	149	1
2716	32	0	59,30	2,0	158	149	0.545813088227
2718	155	0	98,59	2,0	298	149	0.490234942323
2719	16	61	35,19	30,39	161	149	0.00806590331974
2720	54	40	87,62	18,15	176	149	6.2723260732e-05
2721	1	0	0,0	2,3	298	149	2.79980796047e-05
2726	12	4	5,0	1,0	298	149	1
2728	4	0	0,0	2,0	189	149	1
2734	1	43	20,0	74,39	260	149	0.00522309551441
2742	112	3	143,65	0,2	298	149	0.110783681926
2743	2	0	15,3	0,7	215	149	0.0140696705705
2748	42	0	74,48	2,2	298	149	0.124948328546
2750	46	139	14,14	67,20	215	149	0.932549510039
2752	31	4	32,23	16,2	155	149	0.194687941047
2757	6	0	4,7	4,0	167	149	0.020663670087
2765	0	8	0,1	2,4	197	149	1
2773	2	20	2,0	46,43	298	149	0.519215380204
2776	5	18	3,0	25,7	153	149	0.0593542179571
2780	2	92	4,8	57,61	269	149	0.0166665473539
2782	6	112	0,0	80,29	153	149	0.0105718316016
2789	89	0	214,71	0,2	298	149	1
2790	569	0	1780,645	9,1	298	149	1
2792	8	15	6,0	19,12	279	149	0.0634769186643
2793	7	0	16,13	5,2	273	149	0.00407018480006
2795	0	1	3,2	5,0	232	149	0.00181550021438
2796	0	35	2,2	74,36	185	149	0.672172395167
2797	2	2	0,0	6,7	188	149	0.00950282992793
2800	2	25	0,0	17,15	191	149	0.50107068261
2811	0	1	2,0	0,2	185	149	0.150467909676
2813	37	9	54,40	20,13	152	149	0.36787257317
2814	10	11	16,5	12,10	298	149	0.94175699582
2822	6	0	44,7	0,2	298	149	0.655594080707
2824	1	39	3,2	33,31	231	149	0.176936698336
2831	2	0	0,0	13,3	164	149	7.54537027969e-07
2832	7	4	8,6	0,0	176	149	8.27650372905e-05
2834	29	0	42,31	0,1	298	149	1
2836	2	2	2,2	6,3	191	149	0.403861140429
2839	17	2	14,15	19,10	298	149	0.00108242031428
2849	0	19	1,0	11,6	156	149	1
2850	5	310	0,0	65,49	153	149	0.839790483137
2851	321	6	37,29	1,0	298	149	0.0840408893618
2855	2	278	0,0	50,32	153	149	1
2856	10	527	7,7	143,138	298	149	0.0582152574261
2857	29	15	31,19	26,10	218	149	0.436824827563
2863	54	4	47,55	1,2	167	149	0.131853447248
2864	1	83	0,0	38,34	162	149	1
2865	4	3	14,15	4,6	202	149	0.32945835244
2876	5	21	25,16	27,25	298	149	0.0130013881895
2881	40	7	16,5	0,0	298	149	5.55351564931e-05
2885	12	44	16,8	71,45	241	149	0.51162860696
2888	4	46	5,0	83,47	232	149	0.225365796595
2894	108	3	106,91	3,2	150	149	0.826819637447
2895	0	7	7,8	2,8	210	149	6.92700820885e-05
2899	383	0	389,363	2,0	298	149	1
2910	1	0	17,9	9,5	224	149	0.00581121754813
2918	16	0	18,24	0,2	298	149	0.659629749431
2919	31	0	40,45	0,2	298	149	0.431778088724
2920	20	0	54,12	3,2	195	149	0.0489831240682
2921	5	18	19,4	52,24	298	149	0.881303056879
2926	0	1	2,0	0,0	238	149	1
2927	5	113	4,1	118,39	169	149	0.455023456384
2928	75	77	41,19	57,29	152	149	0.192714423386
2932	41	5	61,32	7,16	298	149	0.20716614996
2934	0	59	0,1	70,100	167	149	1
2936	4	41	15,15	84,55	298	149	0.0873869205097
2941	12	0	28,23	9,0	197	149	0.0100753308866
2942	1309	6	1229,812	0,2	298	149	1
2943	345	0	397,335	2,0	219	149	1
2944	433	0	564,316	1,0	298	149	1
2945	327	9	252,72	3,2	153	149	0.164215425139
2947	55	0	66,28	0,1	179	149	1
2948	0	3	12,3	4,4	298	149	0.000895054735623
2959	0	2	0,6	4,0	189	149	0.00858118615537
2961	12	0	32,24	0,4	298	149	0.044785410592
2963	3	30	1,2	19,12	201	149	0.659037896615
2968	60	6	124,95	25,7	164	149	0.378068117039
2969	19	43	39,16	60,69	164	149	0.853396364197
2970	7	166	5,12	731,354	212	149	0.0848800733159
2975	2	1	0,0	0,2	227	149	1
2976	367	10	310,138	6,0	298	149	0.0804704697982
2981	0	6	6,2	6,3	223	149	0.000811429534912
2989	10	1	23,12	0,0	264	149	0.477081551049
2991	0	87	2,0	32,22	298	149	1
2997	0	38	3,0	49,38	188	149	0.432333047205
2998	3	30	0,0	25,18	183	149	0.0563535066374
3002	20	0	45,56	7,2	298	149	0.00852977038154
3008	1	2	1,2	5,2	203	149	0.663062989455
3013	23	2	17,12	3,1	204	149	0.719800474393
3028	96	0	79,50	2,0	298	149	0.381537729778
3038	17	28	3,0	6,4	182	149	0.0880495544048
3039	446	2	535,346	0,0	298	149	1
3040	54	160	47,21	85,64	298	149	0.277312755044
3041	33	8	18,8	10,2	171	149	0.308715783673
3043	0	23	2,0	21,2	160	149	0.36118949491
3044	21	3	18,4	7,0	153	149	0.543245815343
3045	31	0	22,11	2,0	292	149	0.624311210944
3047	1	3	6,0	11,0	298	149	1
3049	80	3	95,74	8,10	260	149	0.0524797613435
3050	3	100	1,0	85,30	153	149	0.491451610383
3051	5	100	11,8	85,30	298	149	0.0140627739364
3055	29	1	59,27	2,2	298	149	0.55076470235
3059	2	1	2,1	0,2	176	149	0.309747230754
3066	2	4	10,12	0,0	298	149	3.2609246392e-07
3068	11	2	21,25	18,12	298	149	0.0614480741009
3073	0	4	2,1	14,26	262	149	0.640296145726
3078	0	29	4,0	7,3	221	149	0.0225000708275
3081	21	5	48,14	5,4	298	149	0.471386044959
3082	0	8	8,8	6,1	186	149	8.33810935574e-06
3087	304	0	438,145	2,0	298	149	1
3088	3	4	13,17	2,12	187	149	0.144456555197
3090	8	270	6,4	192,528	298	149	0.602207463973
3091	6	58	9,5	26,11	298	149	0.0177953473865
3094	61	1	53,18	0,4	253	149	0.374351593437
3096	77	5	131,92	12,0	254	149	0.835160880939
3110	216	93	78,40	8,4	298	149	2.24520825287e-06
3111	4	240	19,13	469,317	298	149	0.068704349942
3112	0	74	1,0	106,120	298	149	1
3113	75	2	27,25	0,0	194	149	0.682775368088
3122	0	57	25,2	99,35	254	149	4.99786762219e-05
3123	2	25	0,1	43,27	185	149	0.357680677544
3127	14	12	36,23	11,4	161	149	0.0127891269072
3129	0	5	6,7	19,13	273	149	0.00546193611765
3130	295	0	186,178	1,6	211	149	0.189502119772
3132	90	8	48,29	10,2	194	149	0.367229848754
3133	71	123	86,85	68,34	298	149	0.00011721358286
3134	2	2	4,0	2,0	194	149	1
3140	4	0	2,18	1,2	298	149	0.0750755864383
3143	0	5	1,0	1,4	298	149	1
3144	2	2	2,0	2,0	164	149	1
3148	0	120	3,0	50,34	211	149	0.445850534711
3151	16	40	26,9	27,22	298	149	0.200999412879
3152	2	40	2,0	27,22	298	149	0.558425231955
3153	2	40	0,0	27,22	298	149	0.534191810189
3154	2	2	0,0	2,0	184	149	1
3155	16	2	26,9	2,0	247	149	0.172493377199
3156	16	2	26,9	0,0	212	149	0.1225029392
3157	8	240	18,10	181,108	228	149	0.00766572992509
3159	7	5	41,6	14,13	298	149	0.870558265163
3160	6	44	11,11	36,29	298	149	0.0558177816035
3163	14	2	8,18	2,4	155	149	0.503293269453
3164	5	4	0,0	4,0	150	149	1
3165	8	1	5,0	1,0	150	149	1
3174	0	5	0,2	6,5	165	149	0.704904007667
3177	3	35	7,0	40,10	156	149	0.603441526042
3179	4	299	2,1	140,149	156	149	0.786433934301
3201	4	59	10,2	39,37	259	149	0.164184148892
3202	0	8	2,11	0,0	298	149	3.94273502735e-12
3223	1	7	2,0	3,7	152	149	0.662543113069
3247	68	3445	47,41	2018,1371	265	149	0.197702284299
3249	0	2	1,0	0,0	215	149	1
3252	4	1	2,1	0,4	298	149	0.668998049202
3255	6	2	2,17	0,2	154	149	0.122558801651
3262	0	16	0,2	15,6	298	149	0.870850700895
3266	0	2	2,2	5,4	270	149	0.0443214091927
3267	0	2	1,2	5,4	153	149	0.0687339787065
3274	55	2	23,9	0,0	256	149	0.474541998693
3275	9	26	8,4	10,2	298	149	0.09680796101
3276	0	4	0,2	2,2	164	149	0.53910138458
3282	0	2	0,2	0,2	236	149	1
3283	22	3	37,31	2,0	298	149	0.0287636924882
3287	3	0	6,0	2,0	194	149	1
3288	91	0	103,29	1,0	196	149	1
3295	1	0	1,0	2,0	154	149	1
3296	808	0	580,549	2,0	203	149	1
3297	31	11	90,87	7,4	197	149	0.000370040148308
3299	0	12	14,4	13,2	298	149	1.62499810636e-05
3302	21	3	22,17	4,2	298	149	0.88981439132
3303	332	4	494,389	0,0	298	149	0.418894527454
3304	140	35	236,183	55,8	298	149	0.0454830875233
3305	2	0	6,0	2,1	298	149	0.0048906803814
3307	29	0	72,46	1,2	197	149	0.47326775525
3308	0	7	4,0	22,28	236	149	0.258155489716
3309	0	7	4,7	22,28	298	149	0.0148498569853
3312	0	1	7,8	0,0	173	149	1.35231486225e-05
3313	12	11	9,7	8,2	170	149	0.427965969173
3315	1	4	1,0	23,13	170	149	0.191486029171
3326	65	0	69,46	2,0	298	149	0.338829948961
3327	10	0	40,15	6,0	158	149	0.0287189415426
3328	0	2	0,2	4,0	298	149	0.227115945508
3329	1	2	0,2	4,0	200	149	0.48101029859
3333	10	0	4,9	4,0	176	149	0.0210879479962
3335	19	0	14,7	4,0	223	149	0.0158693578199
3339	2	22	3,6	8,5	286	149	0.0118731913585
3340	0	4	0,2	0,0	298	149	1
3346	4	0	21,5	2,4	298	149	0.00341702168167
3347	1	0	6,4	0,4	206	149	0.0178078040227
3349	0	5	1,0	21,4	161	149	1
3359	44	74	24,26	43,35	254	149	0.819889223537
3361	5	18	2,1	13,8	159	149	0.21521037054
3362	54	15	54,30	18,1	298	149	0.324412739521
3363	10	2	3,19	2,2	298	149	0.739699672473
3364	52	15	52,28	18,1	298	149	0.334449714049
3369	2	0	2,6	0,2	158	149	0.79469678365
3372	79	0	47,60	6,0	298	149	0.0115515106048
3373	1	3	1,0	4,0	263	149	1
3374	2	4	6,0	6,0	177	149	1
3376	2	11	7,13	9,20	298	149	0.0389931629155
3377	1	30	3,0	32,25	164	149	0.827077737071
3379	1	10	1,0	11,2	154	149	1
3381	61	2	28,24	0,0	256	149	0.536624032313
3382	92	11	119,80	9,4	251	149	0.159214566959
3384	1	0	4,4	14,8	176	149	0.00328715142341
3387	46	4	46,43	2,0	188	149	0.0344300837276
3388	55	2	63,46	0,6	298	149	0.856810453596
3395	3	6	5,0	8,7	298	149	0.618056853851
3400	2	42	5,0	102,30	158	149	0.616379971996
3407	5	0	3,6	0,2	208	149	0.664204885236
3409	3	7	3,8	6,8	210	149	0.400646875072
3412	2	130	9,2	63,50	245	149	0.0073359230919
3424	0	4	2,0	10,6	298	149	0.442684388935
3425	0	4	7,2	4,0	269	149	0.000232695344654
3428	4	2	0,0	8,0	269	149	1
3432	2	16	5,2	8,2	298	149	0.0451372875481
3434	2	0	6,2	2,0	183	149	0.737836183319
3437	0	58	7,0	47,39	253	149	0.044902418541
3438	2	0	0,2	1,0	194	149	1
3458	2	18	8,4	28,17	298	149	0.167458770063
3459	2	25	2,2	36,17	176	149	0.962077522042
3473	4	9	0,0	52,15	161	149	0.000112286608844
3474	47	0	22,32	2,0	199	149	0.699478156791
3480	24	0	23,41	2,0	298	149	0.836059717539
3486	18	1	40,33	0,4	298	149	0.42838336005
3491	3	158	1,0	215,160	247	149	0.798841462879
3496	0	37	12,18	16,14	252	149	1.72077785354e-09
3497	52	0	35,16	2,0	211	149	0.334928544847
3500	3	1	7,5	9,0	164	149	0.877469150385
3504	8	2	12,15	2,0	158	149	0.100704107291
3505	6	0	8,9	2,1	158	149	0.0986646578906
3506	15	82	34,24	61,75	298	149	0.010210471881
3517	12	2	20,24	0,0	290	149	0.0391635717899
3518	24	32	6,4	16,12	298	149	0.0611829486076
3530	0	64	6,0	31,19	205	149	0.016126661406
3531	2	1	6,1	0,0	189	149	0.119720300306
3533	2	22	6,0	39,20	242	149	0.552477206027
3536	0	32	2,1	46,47	153	149	0.426463125913
3539	5	35	7,8	53,59	247	149	0.896528625793
3540	2	29	4,8	73,72	295	149	0.614758964931
3543	9	3	0,3	1,2	298	149	0.0797299563789
3544	0	2	25,16	0,0	261	149	2.0821619362e-07
3546	1	27	0,2	17,8	157	149	0.465008441807
3547	166	28	107,101	16,13	152	149	0.495818830561
3548	304	6	242,261	2,5	176	149	0.451838942228
3549	30	306	36,25	226,257	269	149	0.341467340022
3551	1	207	2,0	82,41	157	149	1
3552	15	243	30,9	93,27	257	149	7.31388608677e-07
3553	14	243	37,11	93,27	298	149	2.43038000836e-09
3554	13	4	30,3	5,0	231	149	0.258200432019
3555	31	170	42,29	66,22	298	149	1.24751093911e-06
3556	12	4	9,17	0,2	155	149	0.0171684822731
3558	12	20	15,15	25,25	155	149	1
3559	13	3	9,3	2,0	209	149	0.143182528878
3563	16	4	9,2	5,4	169	149	0.0849779271328
3567	0	11	0,2	5,0	193	149	0.15676364412
3568	83	0	105,35	1,1	298	149	0.415941704693
3572	0	21	4,0	42,41	298	149	0.572856191712
3573	17	106	28,20	192,73	298	149	0.640818823205
3580	26	0	23,6	0,1	298	149	1
3583	6	0	13,9	4,1	194	149	0.00768415096477
3584	18	6	35,53	2,2	194	149	0.00254406844996
3585	438	2	412,318	4,0	277	149	1
3586	7	62	13,1	83,32	207	149	0.860385713117
3588	27	21	57,10	32,14	276	149	0.974500350079
3590	4	0	3,6	0,2	209	149	0.663688099802
3593	1	2	7,15	10,8	185	149	0.315012605771
3596	5	6	0,0	2,2	199	149	3.75191345662e-05
3611	8	4	3,2	0,0	161	149	0.000198126948392
3613	0	22	0,2	12,23	298	149	0.429755808711
3617	27	89	31,18	55,49	298	149	0.157936985095
3618	18	0	70,47	4,2	183	149	0.086947048369
3619	4	17	9,2	29,26	152	149	0.837605675107
3623	3789	5	1236,553	2,4	298	149	1
3632	13	5	3,10	3,5	153	149	0.549652322279
3640	8	0	4,0	0,2	200	149	0.0763780968265
3651	42	0	20,17	0,2	200	149	0.743841912372
3653	4	9	10,2	43,35	243	149	0.229614802356
3656	6	2	5,3	0,0	194	149	0.0109573221605
3659	1	1	6,0	1,0	179	149	1
3660	0	6	2,4	4,7	269	149	0.00771806206973
3670	567	2544	0,3	4,15	187	149	0.1040807503
3671	2	0	6,10	0,2	234	149	0.851384412569
3673	4	3	6,4	9,4	265	149	0.511571132593
3674	1	1	0,0	5,2	252	149	0.183007711701
3675	2	14	2,0	41,64	170	149	0.105144127385
3682	97	63	142,107	79,44	298	149	0.225521322023
3686	3	8	1,0	13,6	161	149	0.00522947437943
3688	3	0	21,22	2,0	298	149	0.760977769443
3690	2	8	7,12	13,5	298	149	0.0509939528658
3691	1	8	7,12	13,5	298	149	0.00951991427667
3692	1	55	5,1	130,89	160	149	0.480939827339
3694	0	4	1,0	8,0	291	149	1
3703	63	5	23,8	2,0	298	149	0.13327424425
3704	169	41	39,18	7,16	207	149	0.326899041115
3705	98	9	35,19	6,0	216	149	0.918050678721
3706	222	9	71,31	6,0	234	149	0.887004320208
3711	3	23	0,0	14,20	163	149	0.0183846842375
3714	2	30	2,12	6,10	262	149	0.00079823021654
3715	73	0	45,81	2,0	223	149	0.552696786895
3719	2	0	2,8	2,0	190	149	0.438486577646
3725	68	82	135,63	116,64	282	149	0.226999708969
3726	1	69	4,0	92,56	155	149	0.51842527994
3730	79	0	48,24	2,0	217	149	0.300538995472
3731	0	3	1,0	5,2	298	149	1
3734	1	47	10,4	88,123	271	149	0.0832118071149
3738	138	4	53,40	3,2	250	149	0.642074270045
3740	34	2	2,9	0,0	287	149	0.21821972502
3742	10	3	20,17	3,4	281	149	0.568805853064
3745	3	0	4,0	2,0	243	149	1
3748	5	2	6,0	0,0	238	149	1
3749	0	76	0,2	102,30	153	149	1
3754	4	108	0,2	31,20	228	149	0.479138252205
3757	92	1	245,101	0,2	298	149	0.572118638431
3758	22	2	49,13	0,0	216	149	0.182424665706
3760	22	1	16,10	1,0	179	149	1
3761	11	18	7,3	13,10	284	149	0.433061855652
3762	9	13	0,0	16,9	166	149	5.85559134514e-07
3765	1	15	0,0	20,20	163	149	0.25026471623
3769	23	0	18,19	0,1	161	149	1
3780	6	2	3,0	0,0	206	149	1
3786	11	2	1,0	0,0	224	149	1
3788	13	28	3,0	3,4	224	149	0.304587888362
3790	0	2	2,0	0,1	179	149	0.157024534976
3800	103	2	143,103	0,0	298	149	0.824917407988
3805	3	0	6,0	2,0	298	149	1
3807	23	48	27,17	49,51	164	149	0.785840140744
3808	7	45	6,3	86,25	177	149	0.222868340366
3814	0	45	1,2	70,52	177	149	0.49318167611
3815	46	2	41,24	0,4	153	149	0.710922664465
3819	33	17	10,13	4,8	298	149	0.945210604824
3822	12	0	38,19	0,4	260	149	0.0542646006108
3828	33	2	50,22	0,0	154	149	0.486312344698
3830	0	4	2,5	6,14	298	149	0.019096830503
3831	0	4	2,0	6,14	177	149	0.763471813676
3836	0	19	0,1	1,4	281	149	1
3845	0	9	6,10	2,0	166	149	6.14398365517e-09
3846	27	2	17,29	3,10	244	149	0.0461578315855
3852	44	0	95,40	0,1	298	149	1
3857	6	157	4,2	185,189	287	149	0.354418688157
3858	0	5	3,0	20,13	179	149	0.300805063774
3859	4	27	22,13	13,7	248	149	1.80773117819e-06
3863	94	2	102,37	0,0	176	149	0.545622824288
3864	2	6	19,9	4,1	155	149	0.000373031166559
3868	0	15	2,0	26,7	159	149	0.30410971023
3872	16	84	22,11	36,8	215	149	0.000731253909337
3875	0	1	3,2	6,17	242	149	0.028248092358
3893	0	4	4,2	2,2	159	149	0.000247627045109
3899	15	8	45,34	14,8	298	149	0.195316027044
3901	2	0	12,14	0,2	243	149	0.843653858589
3908	131	7	161,100	0,2	167	149	0.00416120973019
3912	995	11	647,809	0,2	298	149	0.0668895868739
3915	5	0	10,4	2,0	298	149	0.746817403128
3917	32	7	24,18	8,0	164	149	0.54915101015
3918	9	52	37,9	65,28	289	149	0.00891503476235
3924	21	452	52,40	973,1328	176	149	0.697438316961
3926	0	13	1,0	14,15	161	149	1
3929	0	58	0,4	13,19	298	149	0.197234629913
3930	4	1	10,3	3,0	298	149	0.676693238061
3934	116	56	46,21	28,15	277	149	0.299024886051
3937	41	0	186,202	0,2	242	149	1
3940	198	233	393,180	268,95	298	149	0.000157995080715
3944	6	14	4,0	43,34	268	149	0.00201394503457
3945	0	32	4,2	12,14	184	149	0.00345006498842
3950	13	29	18,2	30,9	161	149	0.920234698834
3954	9	4	15,9	0,0	230	149	5.85259450506e-05
3956	8	31	18,8	50,75	230	149	0.795135946343
3957	91	1	145,97	0,0	298	149	0.407426748299
3959	3	16	5,1	25,33	196	149	0.586087841337
3960	1	16	3,0	25,33	156	149	0.524841004472
3962	34	70	87,72	91,59	298	149	0.00250544946862
3963	34	70	84,72	91,59	298	149	0.00319324872105
3966	62	6	2,5	0,0	151	149	0.00318613623504
3967	0	2	1,4	0,8	240	149	0.0223656646474
3976	39	3	52,42	9,13	182	149	0.0391510976986
3977	39	4	4,2	0,0	298	149	0.00218086873161
3980	2	1	0,1	3,0	183	149	0.0284288674137
3981	4	67	10,6	69,14	298	149	0.0283495098097
3982	77	2	35,33	0,0	215	149	0.761222047688
3989	7	4	10,4	0,2	187	149	0.0282534162016
3992	44	3	31,16	0,2	222	149	0.133576208424
4000	6	4	20,12	0,0	298	149	6.3532493243e-06
4001	76	0	82,54	2,4	298	149	0.0249817547579
4004	12	2	20,30	0,0	298	149	0.0418823857614
4005	4	704	12,2	494,356	173	149	0.647355522392
4006	31	450	45,25	314,195	202	149	0.00669306569504
4012	4	6	8,5	66,28	298	149	0.0820937644633
4013	4	0	0,0	2,0	197	149	1
4014	2	123	2,6	151,117	153	149	0.348034727533
4036	24	20	39,15	30,20	161	149	0.725741804875
4039	2	45	4,0	76,20	163	149	0.749993504913
4045	1	1	0,0	2,1	161	149	0.0704028121134
4046	10	3	2,5	0,0	155	149	0.00315970619813
4054	4	1	2,9	19,6	298	149	0.04205365296
4055	0	3	3,0	30,24	298	149	0.431918875636
4057	21	49	34,16	20,13	237	149	0.000460836183944
4067	2	90	6,13	87,38	158	149	0.00130848046761
4068	0	2	2,0	12,17	298	149	0.54014694304
4069	5	48	19,15	72,109	273	149	0.163053677377
4072	954	0	830,591	2,0	298	149	1
4074	1038	4	1494,1038	2,2	298	149	1
4079	3	40	31,63	45,95	228	149	2.39490270848e-06
4080	304	0	185,137	0,1	298	149	1
4083	0	25	1,0	25,21	161	149	1
4084	5	18	2,0	5,2	162	149	0.156618154207
4087	2	2	0,0	0,4	154	149	1
4092	15	2	110,51	0,0	298	149	0.0384197675692
4093	0	2	18,15	0,0	191	149	3.84621896554e-07
4094	27	0	68,45	2,2	298	149	0.113335216374
4095	4	7	13,10	29,13	298	149	0.921768109259
4096	78	0	137,78	2,0	298	149	1
4098	8	10	2,2	10,1	168	149	0.339694281102
4100	320	10	171,75	3,0	158	149	0.0412560451659
4103	0	9	0,2	2,22	161	149	0.356349708553
4109	7	381	0,4	19,11	180	149	0.138256099949
4110	3	6	0,0	2,2	245	149	0.00413113505336
4113	0	66	3,0	238,284	298	149	1
4124	1	91	1,4	71,84	298	149	0.617115981964
4139	67	0	68,57	2,0	298	149	0.367338168694
4141	3	29	0,0	25,14	167	149	0.0366547619053
4142	6	140	5,2	136,70	174	149	0.574790095266
4143	0	2	0,2	0,2	169	149	1
4144	0	15	0,2	14,14	200	149	0.538356644497
4145	0	6	9,17	15,26	298	149	0.00110404210923
4149	4	38	9,1	71,25	298	149	0.622864604948
4150	11	86	29,22	86,68	200	149	0.00653030025631
4154	25	2	4,2	0,0	284	149	0.109130040252
4159	2	2	11,14	0,0	158	149	0.00639612187146
4160	220	2	124,64	2,0	195	149	1
4162	4	2	10,6	3,0	298	149	0.182395662827
4164	0	10	4,1	30,58	158	149	0.15410205205
4165	5	53	41,33	136,96	173	149	0.00312254988428
4169	124	0	70,52	1,0	153	149	1
4175	26	9	10,0	2,0	170	149	1
4176	1	85	1,1	44,28	242	149	1
4182	0	22	0,1	31,28	227	149	1
4193	19	1	23,21	1,0	151	149	0.444102891381
4202	0	4	4,0	0,0	298	149	1
4203	0	2	4,2	4,2	298	149	0.00662301845658
4204	4	2	0,2	4,2	225	149	0.013591861048
4209	6	0	8,1	3,0	179	149	0.088626831494
4214	70	0	991,597	4,0	153	149	1
4215	72	11	975,598	262,76	153	149	0.399131749766
4216	0	4	1,2	4,2	167	149	0.0487135128032
4225	74	0	86,37	6,0	230	149	0.032047140301
4229	0	2	2,0	0,1	189	149	0.153629676543
4230	20	2	15,27	0,0	298	149	0.0993452444896
4231	25	11	36,37	7,7	170	149	0.0780435648662
4234	1	2	2,2	0,0	298	149	8.51683610097e-05
4239	6	435	3,1	925,786	153	149	0.807200953711
4244	0	30	0,1	17,16	207	149	1
4245	11	0	14,32	0,2	161	149	0.271116431991
4250	17	1	33,41	0,2	179	149	0.898773915452
4251	13	1	48,50	0,2	200	149	0.852582552632
4252	13	1	48,50	0,2	203	149	0.856967787655
4253	0	4	17,13	2,4	170	149	9.92444132941e-06
4254	0	4	17,13	2,4	173	149	9.92967663982e-06
4266	4	26	0,2	9,9	153	149	0.113079026677
4272	0	1	0,1	16,31	158	149	1
4274	6	4	8,1	0,4	288	149	0.558170677261
4275	0	4	1,0	2,3	153	149	1
4281	2	4	0,6	0,12	298	149	1
4283	70	0	32,30	0,2	213	149	0.497404479707
4285	76	6	47,33	3,1	292	149	0.311704800945
4286	7	0	1,2	1,0	298	149	1
4288	1	13	23,8	38,23	298	149	0.00659258273159
4296	2	192	2,0	138,150	164	149	1
4298	6	3	6,0	4,3	199	149	0.12634785554
4300	16	1	59,19	0,0	188	149	0.233520402219
4302	0	2	5,0	7,8	161	149	0.0152189727663
4304	0	29	4,2	34,8	230	149	0.0193941086227
4305	1	23	4,4	37,14	153	149	0.097331573987
4312	149	75	74,56	41,26	196	149	0.951240592096
4315	2	2	13,13	3,4	245	149	0.172172776346
4317	2	0	1,8	2,0	298	149	0.182643800142
4323	12	87	1,1	0,0	160	149	2.41263274309e-05
4324	15	88	5,4	0,0	235	149	1.5234435935e-10
4329	2	7	10,2	20,2	262	149	0.349837837982
4330	2	16	0,0	4,2	175	149	0.255662561238
4331	256	13	117,61	10,2	271	149	0.754168048463
4334	18	0	28,18	0,4	298	149	0.0300664613781
4335	0	2	13,3	14,1	298	149	0.0029722903929
4337	1	0	21,6	2,0	259	149	0.566119749912
4340	12	12	13,32	30,23	167	149	0.661735067087
4341	0	16	0,1	16,12	188	149	1
4349	1	2	0,2	0,0	175	149	1
4353	8	38	6,2	25,14	178	149	0.874561291069
4360	14	1	26,19	6,2	210	149	0.244711332076
4365	49	3	82,20	6,4	263	149	0.439778533008
4368	1	0	15,17	2,0	298	149	0.864993689983
4375	8	169	0,0	119,69	202	149	0.0161745164424
4376	230	0	85,40	2,0	298	149	0.369050118739
4378	0	3	8,1	15,42	189	149	0.0268253070177
4381	2	5	10,2	21,20	204	149	0.647160867452
4385	0	1	0,2	0,0	217	149	1
4397	55	4	43,45	2,1	181	149	0.182709277472
4398	56	2	55,63	2,2	298	149	0.963248142505
4399	35	3	45,58	3,0	298	149	0.137175078104
4400	2	6	27,17	16,13	298	149	0.025838004989
4404	2	6	1,0	8,6	153	149	0.0248613936166
4405	8	0	11,9	0,2	175	149	0.808915548443
4407	2	4	0,0	12,6	167	149	0.0260226788544
4409	25	2	48,26	0,0	179	149	0.252325312003
4410	19	0	51,44	2,1	298	149	0.29936307319
4412	425	0	527,323	2,0	298	149	1
4414	5	2	10,1	0,0	197	149	0.0107871131763
4418	5	33	20,14	49,12	267	149	0.00672301454292
4420	121	4	61,32	0,0	298	149	0.0240696870357
4421	121	0	61,35	0,2	298	149	0.77140622595
4422	5	0	0,3	0,2	151	149	1
4429	6	2	8,0	0,0	229	149	1
4437	1	119	9,3	154,68	173	149	0.020293019193
4439	1	74	0,0	97,65	167	149	1
4461	1	0	23,10	3,0	179	149	0.236982404003
4462	97	2434	2,0	401,205	157	149	6.81941660252e-07
4464	16	48	2,0	3,0	157	149	1
4465	8	0	25,21	4,2	162	149	0.0314250901213
4470	843	3	641,322	0,0	298	149	1
4471	9	0	10,10	1,1	298	149	0.57153698801
4472	11	0	11,12	1,1	298	149	0.746570824199
4473	4	2	1,2	0,0	152	149	0.00651667651746
4475	66	1	38,40	0,1	298	149	1
4476	17	57	10,7	68,20	298	149	0.254909920964
4483	1	12	2,0	11,6	160	149	0.877524312552
4484	14	2	19,8	0,2	298	149	0.170063165192
4487	9	0	103,41	2,0	298	149	0.436916775656
4489	67	0	50,19	1,0	298	149	1
4493	8	23	11,1	19,3	164	149	0.512523734344
4496	44	5	72,42	5,1	260	149	0.203894649984
4499	1	251	4,4	297,276	161	149	0.721591855555
4500	141	1	213,221	0,0	152	149	1
4505	1	2	1,8	0,0	160	149	0.000758986353685
4508	18	49	18,16	30,11	298	149	0.0444290988705
4509	93	9	73,46	2,0	153	149	0.00116352825955
4516	2	8	6,7	5,6	166	149	0.0378163777893
4518	13	14	18,15	38,29	218	149	0.170010253007
4527	82	3	52,49	2,0	257	149	0.198368875912
4545	19	726	19,12	677,407	298	149	0.843642089552
4547	1169	16	1755,838	26,11	298	149	0.891464792323
4551	0	16	0,1	20,15	166	149	1
4554	136	8	84,121	2,2	298	149	0.0317580753002
4555	15	0	10,19	2,2	186	149	0.0386512464472
4556	147	0	92,140	2,2	298	149	0.54960838891
4558	2	102	0,4	45,77	298	149	0.609660853679
4561	1	21	0,4	4,9	168	149	0.211694065248
4562	0	31	1,0	4,2	290	149	1
4563	25	19	22,14	40,27	193	149	0.0174915954343
4568	8	0	2,2	0,2	159	149	0.48887766251
4576	2	21	3,2	17,31	189	149	0.872073307101
4578	26	206	20,11	108,34	298	149	0.0974459128861
4579	0	16	3,0	27,21	153	149	0.460022859066
4580	14	26	19,5	18,23	186	149	0.949750201443
4582	183	2	62,44	2,0	296	149	0.721503016331
4583	55	133	34,18	77,46	221	149	0.990557531826
4592	4	15	1,6	4,2	281	149	0.235371106655
4593	2	28	0,2	34,51	286	149	0.725471077629
4594	0	57	3,4	252,178	153	149	0.747028006106
4596	12	200	8,12	106,66	212	149	0.112196821241
4599	2	1313	0,0	982,627	298	149	1
4600	2	1313	0,0	982,627	271	149	1
4608	2	0	0,0	0,2	278	149	1
4609	10	2	8,13	0,0	298	149	0.0237785214039
4614	59	2	38,31	0,0	296	149	0.426564351912
4616	3	147	6,0	157,56	177	149	0.751730587492
4619	2	0	34,21	2,0	249	149	0.425269885048
4620	9	0	20,13	2,0	298	149	0.705473550191
4621	8	2	44,19	2,2	249	149	0.25764703589
4622	1	5	12,4	9,10	298	149	0.0840824024817
4623	1	16	12,4	26,33	298	149	0.0404926039303
4624	27	8	44,33	1,5	153	149	0.0159296500529
4643	11	48	24,8	27,15	298	149	0.00475404567108
4652	72	11	57,60	14,18	236	149	0.12700091995
4653	14	73	10,0	48,20	298	149	0.378841946386
4654	24	8	31,11	11,2	184	149	0.896362455775
4657	146	9059	0,0	7,60	234	149	1
4666	49	0	35,19	2,0	233	149	0.381679123906
4668	6	321	9,4	307,172	187	149	0.489944415747
4671	4	0	21,17	2,0	186	149	0.538560462754
4677	1	2	4,9	7,7	154	149	0.42022557417
4689	39	0	61,55	4,2	298	149	0.0306434219885
4690	4	37	0,0	11,14	194	149	0.0167354705569
4694	0	5	3,0	0,0	193	149	1
4698	15	2	21,9	0,1	298	149	0.0360908872814
4699	0	11	16,4	6,10	298	149	0.000132251660969
4701	0	21	2,3	17,10	227	149	0.0257789874301
4702	110	2	65,46	0,0	298	149	0.734494362658
4703	5	14	0,0	6,6	161	149	0.000162642851758
4710	23	311	12,8	90,96	163	149	0.371337055993
4712	1	3	0,0	6,2	298	149	0.391398206566
4715	3	56	2,0	43,41	153	149	0.151845772699
4717	0	30	2,0	23,8	158	149	0.326109555414
4719	2	0	0,0	1,0	154	149	1
4723	4	0	6,0	2,0	177	149	1
4726	5	0	7,4	0,2	168	149	0.597730889511
4727	7	0	8,9	3,2	298	149	0.00219544495354
4728	7	0	12,9	3,2	298	149	0.00595992908902
4729	7	2	10,6	0,2	168	149	0.143964585871
4730	5	0	8,7	2,2	298	149	0.00962245270174
4731	5	0	10,7	2,2	298	149	0.0111599709961
4732	5	0	8,7	2,2	298	149	0.00962245270174
4737	0	10	5,0	8,7	298	149	0.016387142538
4738	4	0	2,0	10,2	178	149	1.68286400226e-06
4743	0	2	1,2	0,0	209	149	5.96593605851e-07
4745	0	4	1,2	17,10	216	149	0.256871726325
4748	2	4	0,0	17,10	156	149	0.0337982371519
4756	0	22	2,0	33,15	256	149	0.539634169897
4757	0	5	0,2	0,0	275	149	1
4760	6	16	18,3	19,17	298	149	0.583824260568
4768	11	118	4,2	116,73	250	149	0.0194763636823
4775	0	154	4,0	411,336	198	149	1
4776	18	0	12,4	4,0	161	149	0.0186587581824
4777	2	0	0,0	4,0	297	149	1
4779	0	3	2,0	2,1	298	149	0.609410189302
4780	59	1	54,31	1,3	235	149	0.328000878152
4781	6	15	1,11	10,14	201	149	0.903431575537
4785	1	53	13,4	78,56	167	149	0.00542258305084
4803	10	1	11,14	2,2	173	149	0.474790686491
4806	0	33	11,9	29,19	298	149	1.2122809697e-05
4807	2	18	8,6	24,32	153	149	0.186977834115
4809	2	9	2,4	23,4	164	149	0.909244706023
4812	1	0	4,8	7,7	298	149	0.00512068082844
4815	4	18	0,2	28,35	289	149	0.0109290465999
4816	0	2	1,0	6,7	162	149	1
4819	4	24	3,0	30,22	153	149	0.087446803883
4822	55	45	33,41	77,31	298	149	0.161184452601
4824	100	24	75,38	24,12	161	149	0.394278089661
4829	3	19	8,3	26,17	292	149	0.41725817915
4831	127	0	84,107	0,2	298	149	0.712173885832
4835	2	90	8,3	131,85	153	149	0.181004527202
4842	3	115	0,4	210,307	199	149	0.717346617859
4847	0	73	2,0	116,45	178	149	1
4849	5	38	0,0	50,28	298	149	0.0104774222964
4850	40	0	28,39	0,2	298	149	0.461764124486
4857	0	3	48,22	7,6	298	149	4.11735777963e-05
4863	57	20	51,32	60,36	158	149	0.000114465624083
4865	32	24	76,34	92,36	197	149	0.177971122217
4866	21	1	50,23	0,0	197	149	0.248114484638
4868	43	9	44,77	9,2	227	149	0.118434680529
4891	73	0	71,51	2,0	157	149	1
4895	1	18	0,0	24,16	184	149	0.277139473641
4896	1277	4	89,64	0,0	266	149	1
4899	3	24	2,4	30,14	166	149	0.818276835908
4900	2	10	0,0	4,0	182	149	1
4906	0	10	2,1	8,9	188	149	0.123577236062
4915	4	0	5,6	2,0	161	149	0.630962292292
4931	249	3	540,221	4,4	202	149	0.930290494863
4932	70	1	58,30	0,0	228	149	0.407791450364
4935	16	45	11,7	16,11	198	149	0.171813560099
4938	17	4	11,7	0,0	198	149	0.000619651646988
4941	0	80	0,2	47,57	298	149	1
4944	114	2	136,76	2,0	298	149	0.401629750294
4945	170	3	165,94	2,0	298	149	0.215185865738
4946	99	3	99,49	4,1	152	149	0.922233648966
4950	4	1	6,2	2,0	191	149	0.584255853286
4952	1	8	3,2	19,9	159	149	0.486317878395
4953	8	17	17,4	22,12	298	149	0.676126071378
4954	2	15	0,0	9,4	165	149	0.21709834716
4957	31	0	35,52	0,2	298	149	0.344859263601
4960	0	1	1,0	7,3	155	149	1
4964	14	1	15,9	0,0	171	149	0.229297154813
4965	3	2	2,6	0,0	298	149	0.000783612057114
4966	10	1	2,2	5,7	298	149	4.13044855198e-05
4967	2060	2	2262,997	0,0	251	149	1
4968	9	27	25,2	66,26	285	149	0.76611033284
4972	1	0	0,0	2,0	298	149	1
4974	1	2	4,14	0,4	236	149	0.0332232452375
4975	1	2	4,14	0,4	249	149	0.0308938168621
4976	1	2	4,14	0,4	255	149	0.0303439154036
4980	2	0	0,0	1,0	272	149	1
4981	55	10	74,49	4,4	176	149	0.0323917230011
4987	1	56	2,0	9,3	298	149	0.440628275764
4988	33	0	19,10	2,0	298	149	0.711084740916
4995	9	410	1,0	49,42	153	149	0.149870598803
4998	0	1	2,2	0,0	195	149	2.50142887995e-05
4999	0	1	2,2	0,0	184	149	2.66272582539e-05
5000	0	1	4,13	49,110	298	149	0.0738481301126
5004	335	2	291,236	0,0	248	149	1
5006	2	0	0,0	0,2	201	149	1
5007	2	0	3,0	0,2	228	149	0.051999475115
5012	0	3	3,0	8,11	253	149	0.307719572022
5014	3	7	2,0	6,9	164	149	0.0467991531638
5017	2	0	2,2	2,2	204	149	0.00193236226124
5023	5	4	0,7	2,0	266	149	0.833826162538
5024	3	4	2,4	2,0	298	149	0.0873488837572
5025	3	5	2,4	0,7	216	149	0.345745640196
5027	0	7	0,6	6,9	151	149	0.00887415227058
5028	8	129	16,14	250,117	187	149	0.433051960218
5034	325	7	468,371	5,0	298	149	0.0218212655618
5035	649	16	813,630	6,4	257	149	0.00138416558889
5036	17	0	7,1	2,0	229	149	0.72676744194
5037	19	0	49,82	2,0	298	149	0.583304973968
5038	2	0	17,4	6,2	158	149	0.00701020769319
5039	266	8	39,46	0,0	177	149	0.0263857686025
5048	15	11	17,8	8,20	298	149	0.482530433992
5053	2	46	4,4	78,95	192	149	0.756856817541
5054	2	46	0,2	78,95	195	149	0.791078121852
5056	0	59	1,0	115,117	153	149	1
5062	4	0	14,10	2,0	298	149	0.970734855182
5072	7	2	11,6	0,0	155	149	0.050668132726
5073	8	0	11,6	0,2	159	149	0.694413954748
5074	3	0	0,0	0,2	153	149	1
5076	3	16	4,2	15,16	179	149	0.927294460342
5078	13	177	29,18	92,85	298	149	0.000106100245427
5080	45	1	47,69	0,0	298	149	0.277685004269
5081	2	177	4,10	92,85	193	149	0.00224348756275
5083	45	1	47,69	0,0	295	149	0.282424602053
5085	220	1	135,146	0,0	251	149	1
5086	26	1	32,47	0,0	221	149	0.25563299889
5087	53	1	56,87	0,3	151	149	0.772874210797
5089	2	42	0,2	38,71	259	149	0.66954904445
5091	0	6	1,9	11,12	219	149	0.00571369523456
5096	10	77	3,11	66,52	207	149	0.860600416792
5097	12	169	31,15	130,133	234	149	0.00771487127371
5098	1	150	1,1	130,88	267	149	1
5104	28	7	2,0	2,2	155	149	0.00890619663124
5121	27	32	35,6	27,14	238	149	0.956455515161
5129	3	1	13,6	0,0	202	149	0.225169155941
5132	94	6	2,0	0,0	221	149	1
5133	51	1	32,31	0,0	298	149	0.291862275011
5139	42	14	22,26	13,2	239	149	0.632135437258
5140	15	58	18,5	114,73	236	149	0.0565707200458
5141	9	0	40,10	2,0	298	149	0.379401041591
5145	4	1	4,2	2,2	180	149	0.40680559773
5146	1	24	0,0	33,34	164	149	0.2970914211
5150	25	39	38,8	70,63	287	149	0.0567256541612
5152	1	59	0,1	39,38	195	149	1
5153	0	27	4,0	18,18	162	149	0.0839595730945
5154	1	0	0,0	2,0	279	149	1
5156	6	2	8,2	2,4	193	149	0.449115308754
5157	54	2	81,66	2,4	298	149	0.831192803677
5161	8	0	5,4	0,2	281	149	0.47122236078
5165	3	0	1,0	0,2	155	149	0.109578391291
5168	0	2	1,0	3,0	173	149	1
5171	0	2	4,2	2,0	298	149	0.000222460045132
5173	150	4	136,62	2,0	222	149	0.104178003886
5180	0	2	2,0	9,0	177	149	1
5182	141	2	388,177	0,0	298	149	0.586752883868
5185	23	2	36,31	0,0	298	149	0.121606576365
5186	2	5	2,0	2,0	278	149	1
5194	84	667	67,24	331,336	285	149	0.795793299226
5195	56	0	59,20	0,4	285	149	0.068343766362
5212	2	88	8,5	40,34	239	149	0.001346515574
5213	23	68	24,18	25,12	298	149	0.000721024199588
5215	0	4	4,0	25,12	298	149	0.220269328927
5220	1	5	3,2	2,0	185	149	0.00372985570256
5221	4	19	13,7	41,15	156	149	0.312359314831
5225	6	18	0,4	13,16	157	149	0.107182688375
5234	3	22	5,4	17,13	175	149	0.244273314739
5236	2	42	5,8	12,20	227	149	0.00109471274
5249	148	150	64,67	58,69	190	149	0.835808708513
5250	8	4	0,0	0,4	175	149	1
5251	41	10351	6,5	119,210	200	149	0.0789404017591
5253	0	5	1,0	0,0	197	149	1
5261	0	33	0,2	11,5	298	149	0.818965074573
5270	27	0	14,6	2,2	298	149	0.00487229256358
5273	49	2611	6,4	327,191	164	149	0.769956970178
5281	1	19	12,11	42,16	277	149	0.00358827998291
5287	1	0	4,2	1,0	298	149	1
5288	1	21	0,0	4,2	233	149	0.32790996324
5294	37	17	52,27	20,19	292	149	0.799582610129
5297	2	82	8,2	60,30	175	149	0.0272023715927
5315	0	23	0,2	14,56	233	149	1
5322	2	0	1,0	3,9	153	149	1.16774600889e-06
5323	0	2	7,8	0,2	268	149	2.32402032663e-05
5326	0	2	4,2	0,2	288	149	0.000297082037621
5328	0	2	7,2	0,2	274	149	9.85216694832e-05
5329	7	1426	15,3	735,475	202	149	0.860800881299
5330	26	4	12,10	1,4	159	149	0.882503229562
5331	2	20	7,3	12,6	162	149	0.0170348350596
5339	10	0	36,32	7,8	152	149	0.00384956218307
5343	156	11	250,185	4,0	298	149	6.76642860967e-05
5344	66	11	111,102	4,0	298	149	2.73505327402e-05
5347	257	2	410,221	0,0	298	149	0.562780188934
5350	30	201	18,22	171,122	197	149	0.739595164646
5358	0	6	11,6	20,4	176	149	0.000653238315682
5362	3	11	9,2	19,22	158	149	0.781944528679
5367	119	7	109,55	7,0	298	149	0.443039562843
5370	58	1	47,14	0,0	298	149	0.309663584859
5372	0	22	2,4	35,20	161	149	0.023086089221
5373	18	1	11,17	4,4	241	149	0.0415730319891
5378	7	3	5,0	2,2	298	149	0.163887561152
5382	179	131	47,41	65,41	161	149	0.0296617459239
5383	3	15	10,19	19,8	268	149	0.0121564076948
5389	9	98	4,2	86,85	160	149	0.0477969816641
5403	52	2	4,4	0,2	261	149	0.717664870272
5404	22	2	5,5	2,2	261	149	0.12114312387
5411	181	0	440,208	1,0	160	149	1
5412	7	135	7,4	296,232	158	149	0.0943386936297
5414	0	1	2,10	2,0	160	149	3.02053024757e-05
5415	187	37	4,0	0,0	288	149	1
5416	2	8	0,0	1,12	298	149	0.231436843268
5417	5	12	1,0	30,21	298	149	0.000444985474402
5418	11	12	2,12	30,21	170	149	0.0286572970601
5420	0	19	4,2	9,6	213	149	0.00216240837243
5443	0	2	0,4	17,0	192	149	0.0220961997339
5444	0	4	2,4	6,14	298	149	0.0324185671774
5446	7	59	16,14	67,92	242	149	0.253057095519
5447	3	2	3,4	7,0	298	149	0.656144249902
5458	5	2	3,2	14,10	298	149	0.00449526533698
5481	12	41	0,5	8,9	298	149	0.544641290277
5485	139	1	19,55	0,0	298	149	0.669773826518
5496	5	2	15,4	2,0	197	149	0.0816041623113
5497	47	27	57,15	19,10	173	149	0.412914384132
5499	32	0	26,26	1,0	154	149	1
5500	3	36	4,0	49,42	184	149	0.371232028167
5502	412	2	974,362	6,3	202	149	1
5503	40	118	83,51	341,111	219	149	0.819723063313
5504	3	19	0,4	11,7	152	149	0.793068572461
5505	1	63	2,0	52,56	155	149	1
5507	26	4	38,15	2,2	193	149	0.24220330813
5508	2	2	8,2	0,0	245	149	0.000511447702225
5512	38	104	33,13	94,87	167	149	0.185187343022
5513	1556	1	115,29	0,0	298	149	1
5514	39	103	0,0	0,2	162	149	1
5515	101	103	4,0	0,2	207	149	0.888352836762
5516	83	21	4,0	0,0	194	149	1
5521	30	0	19,37	2,0	172	149	0.900139885596
5522	12	10	18,17	11,8	266	149	0.396218366826
5524	0	2	0,2	32,27	208	149	0.53089609363
5533	1	0	11,7	0,3	298	149	0.0693360370485
5534	4	2	4,4	2,2	218	149	1
5535	1	24	2,0	18,33	163	149	0.552180910475
5537	0	3	2,0	2,0	171	149	1
5540	20	139	19,16	107,33	298	149	0.0860194050556
5541	23	2	16,0	2,0	261	149	1
5543	0	30	2,0	7,2	298	149	0.540720882671
5544	3	142	7,5	102,38	153	149	0.0187889518024
5545	7	0	3,10	8,4	298	149	0.000200495426698
5546	10	267	9,6	256,222	237	149	0.650822258667
5548	2	37	7,1	19,16	213	149	0.0704843163622
5554	0	17	2,8	13,13	165	149	0.000786710915954
5556	0	39	0,2	15,12	188	149	0.685719179287
5558	47	20	17,24	29,23	206	149	0.00297310663826
5559	209	4183	47,47	670,621	298	149	0.0464360880399
5560	5966	12	1006,901	0,0	298	149	1
5561	5156	7	755,457	0,0	210	149	1
5564	2	3	7,20	18,4	211	149	0.351796530517
5569	3	1	6,4	2,0	298	149	0.252166860931
5573	14	0	6,9	3,0	203	149	0.0953328461717
5580	1	0	0,2	4,2	180	149	7.58083533614e-06
5581	7	6	0,5	0,0	207	149	1
5583	1	0	0,0	0,2	180	149	1
5584	1	2	0,0	4,6	180	149	0.280757301209
5585	1	2	2,0	0,0	180	149	1
5586	16	6	18,19	4,0	298	149	0.0442448435539
5587	21	0	29,23	2,0	298	149	0.589769752559
5590	5	6	5,2	4,0	218	149	0.212738925015
5603	961	75	46,10	9,0	246	149	0.51582013029
5607	2	4	0,1	4,6	245	149	1
5608	2	3	1,5	2,0	240	149	0.110528551914
5609	2	42	0,0	68,140	298	149	0.535413303016
5610	35	2	280,100	6,2	298	149	0.646247923886
5615	2	1	6,4	6,20	298	149	0.340324437214
5618	0	2	0,4	0,0	198	149	1
5625	14	5	10,12	0,0	153	149	9.03360276254e-05
5626	2	29	3,0	34,4	208	149	0.735182839384
5629	8	45	1,8	71,19	217	149	0.386966929503
5631	0	44	1,0	134,99	165	149	1
5636	9	2	23,7	0,0	225	149	0.0377197097764
5644	87	0	71,43	5,0	153	149	0.112973961509
5645	3	0	4,1	0,4	158	149	0.0199860055996
5652	44	5	106,45	3,2	186	149	0.0578754645254
5656	42	7	25,36	2,0	298	149	0.00262513590531
5657	2	0	6,11	0,2	186	149	0.740915944099
5659	44	7	28,45	2,0	298	149	0.00158685559611
5661	42	7	25,38	2,0	298	149	0.00234581752622
5662	9	7	10,14	2,0	187	149	0.000482941677638
5663	11	4	7,7	0,0	298	149	5.58178243698e-05
5668	6	25	23,21	55,101	298	149	0.596359663539
5670	4	44	2,4	50,24	158	149	0.799299988475
5671	1	25	7,5	27,25	298	149	0.0173732952661
5678	5	290	4,11	746,420	298	149	1
5683	2	10	0,0	8,13	298	149	0.30105247961
5695	6	2	11,8	2,2	230	149	0.61072992512
5701	109	642	39,99	186,376	162	149	0.0624621255314
5707	5	12	0,5	39,31	191	149	0.0143541248553
5713	2	32	3,8	28,28	229	149	0.0891211706902
5719	182	1	232,194	0,2	298	149	1
5720	250	5	262,176	4,6	298	149	0.826430708101
5721	79	0	53,34	2,0	298	149	0.334300067484
5722	100	2	71,50	2,0	298	149	0.477855193605
5723	43	2	31,30	2,0	188	149	0.349358068746
5724	315	2	337,200	0,2	298	149	0.851634363139
5725	162	129	110,76	214,108	188	149	9.46205321635e-05
5728	10	11	0,0	2,0	163	149	1
5729	81	19	3,2	0,0	298	149	0.000155813186554
5730	0	4	2,6	0,0	164	149	8.61294235932e-09
5738	1	36	0,6	62,50	160	149	0.510137942836
5742	3	0	6,2	3,2	194	149	0.00131219331938
5743	91	0	129,143	4,1	176	149	0.769652873213
5745	4	14	19,3	12,13	237	149	0.181471926677
5747	2	0	9,1	2,0	171	149	0.709141265827
5751	187	2	87,47	4,0	298	149	0.465583318019
5753	275	32	218,92	21,6	199	149	0.266776574389
5755	430	3	401,206	2,0	298	149	0.642411560351
5756	428	2	367,173	7,0	298	149	0.240191077904
5757	137	2	136,46	7,0	222	149	0.242746450436
5758	32	21	50,7	41,11	214	149	0.310085717822
5759	10	0	27,0	4,0	298	149	1
5760	21	0	41,11	4,0	244	149	0.0713324486226
5761	143	84	138,60	76,19	214	149	0.294849473886
5762	121	7	115,53	7,4	298	149	0.895442966902
5764	29	2	14,11	2,2	167	149	0.466046550643
5765	3	2	2,2	2,2	218	149	0.670615454947
5766	0	26	0,2	12,11	200	149	0.66869097936
5769	3	4	12,0	4,3	236	149	0.883610362497
5770	2	0	6,2	2,0	197	149	0.678170022052
5772	3	3	0,0	6,0	160	149	1
5774	18	3	0,6	0,0	175	149	1
5775	101	5	43,29	2,0	163	149	0.140867348505
5791	2	0	2,8	2,0	298	149	0.307681495965
5793	8	0	6,11	3,2	298	149	0.00167030109491
5797	0	17	3,0	6,0	298	149	1
5798	0	17	3,0	6,0	298	149	1
5803	6	2	0,6	2,2	153	149	0.221696703928
5804	75	1	36,24	0,0	298	149	0.359463371969
5805	1	0	4,2	1,0	160	149	1
5816	311	2	159,118	0,0	212	149	1
5818	9	45	44,5	51,40	253	149	0.143466910636
5820	16	0	23,8	2,0	199	149	0.452012798773
5821	25	0	31,11	0,2	199	149	0.796000816973
5822	1	54	0,0	14,11	257	149	1
5826	20	6	12,6	0,0	158	149	5.48951210353e-05
5827	2	23	0,2	54,31	164	149	0.170254332838
5834	17	412	10,8	155,95	259	149	0.194518488032
5835	309	0	246,181	1,1	183	149	1
5839	10	1	6,5	2,0	298	149	0.752118750708
5848	12	3	8,11	2,2	298	149	0.808596483904
5852	142	0	208,90	2,0	298	149	1
5853	6	4	0,1	0,0	161	149	1
5854	1	4	2,1	0,0	234	149	3.45758708331e-07
5855	2	4	2,1	0,0	240	149	1.44347189113e-06
5856	1	6	2,1	0,1	222	149	0.00142538602053
5857	2	6	2,1	0,1	228	149	0.00275253441513
5860	13	2	21,20	2,0	210	149	0.116922280786
5861	85	2	86,53	2,0	214	149	0.392704539899
5862	19	2	29,26	2,0	235	149	0.144034675157
5863	74	2	65,34	0,1	153	149	0.855024617058
5864	8	2	8,7	0,1	174	149	0.0305617657288
5865	6	72	6,7	63,34	170	149	0.376085137462
5866	15	2	27,19	2,0	214	149	0.135945324125
5868	5	0	2,1	5,0	267	149	0.00501272229706
5877	22	0	30,18	1,0	298	149	1
5906	7	14	37,21	14,0	166	149	0.000102254636965
5907	15	0	40,26	1,0	298	149	1
5908	2	10	2,1	8,7	269	149	0.909890744206
5909	4	4	2,4	6,5	193	149	0.385506367438
5910	28	3	25,4	2,5	295	149	0.238266478653
5911	42	0	38,23	0,4	295	149	0.0491349509739
5912	0	23	0,2	33,39	282	149	1
5913	5	175	2,8	199,153	165	149	0.895776059284
5929	18	3	30,8	5,0	298	149	0.603689336068
5931	3	17	2,5	39,40	215	149	0.503588780831
5932	8	14	27,10	43,30	298	149	0.906958764604
5933	15	0	31,19	4,0	298	149	0.0402045061012
5934	24	0	62,43	4,0	185	149	0.215653254149
5942	0	2	2,2	2,6	161	149	0.00454542786861
5948	6	24	1,4	43,25	163	149	0.0436262370448
5951	3	13	1,2	17,11	239	149	0.264826261174
5952	9	6	4,0	11,4	153	149	0.00780925279986
5961	4	18	14,9	8,2	274	149	0.000188092997517
5962	130	0	123,51	8,1	208	149	0.00558069466189
5963	28	0	23,11	8,1	214	149	0.000615050145265
5964	0	102	1,0	101,40	155	149	1
5976	0	21	7,7	41,25	298	149	0.00281659323149
5982	5	101	11,3	133,80	254	149	0.640146127331
5988	13	391	10,17	280,185	298	149	0.12817596935
5994	2	1	10,2	10,4	227	149	0.426729008865
5996	16	21	21,6	26,30	298	149	0.269520764483
5997	4	72	0,0	49,28	153	149	0.0435582556839
6003	4	2	0,2	2,6	156	149	0.0051319873444
6004	15	22	48,21	30,33	298	149	0.314533645632
6005	8	17	10,4	6,2	180	149	0.0219635255495
6006	6	61	24,20	173,81	180	149	0.14293450539
6023	29	0	76,43	1,0	194	149	1
6031	4	18	8,0	14,10	153	149	0.827727696732
6034	42	18	20,24	18,14	191	149	0.171676969333
6046	2	0	8,0	3,0	298	149	1
6047	0	2	0,1	0,0	168	149	1
6049	2	0	0,0	0,2	257	149	1
6051	44	1	277,277	12,4	187	149	0.55621413335
6064	0	17	1,0	127,68	200	149	1
6072	0	29	1,1	15,21	156	149	0.771140486033
6077	0	4	0,2	35,21	298	149	1
6086	3	0	6,3	4,0	167	149	0.0136404932876
6096	2	20	0,1	11,4	162	149	0.18370915427
6099	1	47	0,4	34,28	191	149	0.328710252204
6102	5	3	4,1	0,0	293	149	0.000128126613622
6107	0	1	2,0	0,4	259	149	0.20438842372
6109	40	14	41,23	22,5	158	149	0.808098011819
6110	33	0	31,23	0,2	298	149	0.832678395625
6113	4	7	0,2	0,5	182	149	1
6114	4	62	5,6	71,108	182	149	0.948705577678
6136	2	5	2,0	0,7	258	149	0.53365311404
6137	105	6	104,58	3,2	193	149	0.219905678199
6139	8	0	6,12	2,0	236	149	0.594825032126
6140	8	205	27,22	489,488	180	149	0.435526242847
6141	207	0	396,266	2,2	298	149	1
6143	166	0	378,250	1,0	180	149	1
6147	3	17	14,3	10,6	298	149	0.0105741261415
6148	2	17	0,0	10,6	298	149	0.561478914383
6149	2	17	0,0	10,6	298	149	0.561478914383
6158	7	10	14,7	9,1	173	149	0.0591612488553
6160	26	16	16,1	0,0	232	149	4.85065736133e-07
6161	17	134	22,14	31,20	269	149	1.04490734021e-06
6167	104	0	89,33	2,2	187	149	0.387366926721
6168	10	0	17,11	3,4	298	149	0.00232566385051
6174	30	0	50,48	0,2	298	149	0.433631330167
6183	4	0	72,114	0,4	298	149	0.273144953597
6184	0	11	1,1	177,144	158	149	1
6186	2	6	6,1	0,0	298	149	1.84485360322e-08
6192	292	2	512,372	2,0	290	149	0.641958061062
6193	2	10	2,4	30,21	205	149	0.872175247503
6194	14	2	18,16	1,0	182	149	0.0387370197773
6197	5	15	17,7	6,9	218	149	0.0189947400104
6199	16	34	13,22	49,55	164	149	0.379521034952
6204	23	0	14,9	1,0	165	149	1
6205	108	2	83,44	4,0	165	149	0.671830466773
6212	4	0	65,18	0,1	298	149	1
6223	38	155	49,31	97,79	298	149	0.0163530621288
6231	3	3	9,4	2,2	153	149	0.159190693081
6233	18	7	6,8	8,6	174	149	0.0965658568334
6235	34	2	40,21	0,0	257	149	0.253788262573
6244	2	2	5,9	2,6	298	149	0.473168142451
6251	141	8	96,29	10,4	236	149	0.174316937653
6254	0	2	1,0	3,11	172	149	1
6257	0	83	0,2	17,21	211	149	0.323604111078
6259	1	35	2,0	43,25	298	149	1
6263	1	30	7,1	18,17	159	149	0.0286567887027
6265	400	7	150,137	4,2	253	149	0.818693645228
6266	339	8	173,102	4,3	298	149	0.854705329302
6267	48	3	45,84	1,0	298	149	0.0163980060644
6269	0	5	4,1	38,14	153	149	0.0847268315134
6270	127	2	82,69	0,1	298	149	0.78549635498
6271	351	6	398,192	0,3	298	149	0.0585483454077
6274	3	30	11,2	48,10	298	149	0.170175155592
6282	0	1	6,2	6,0	152	149	0.000384393162887
6283	710	0	532,270	2,2	156	149	1
6288	1	1	1,1	14,10	180	149	0.249954812621
6289	2	187	8,0	180,62	170	149	0.171587699117
6293	2	0	9,3	8,1	154	149	0.00358078667985
6295	49	2	32,7	1,1	153	149	0.480907833747
6296	4	0	0,1	0,3	225	149	1
6298	4	2	2,0	1,6	153	149	0.0222628921796
6299	11	42	22,12	45,11	225	149	0.0400647861334
6300	2	27	0,0	33,6	246	149	0.815933276886
6302	63	0	122,47	0,4	271	149	0.271353050441
6314	1	0	0,0	2,0	238	149	1
6324	0	68	3,0	35,13	218	149	0.661573767501
6325	2	14	2,0	34,38	168	149	0.115919285326
6326	28	17	31,16	33,27	155	149	0.0491546782299
6340	2	18	9,8	28,34	211	149	0.131751311972
6343	10	0	24,30	2,0	298	149	0.785330539121
6362	4	16	2,0	25,8	298	149	0.034818432378
6372	23	212	0,0	0,10	296	149	1
6381	2	22	0,0	11,7	266	149	0.679864296678
6383	6	6	10,18	15,10	176	149	0.841190470165
6384	83	3	325,408	5,12	298	149	0.75488573629
6385	6	2	9,2	0,0	273	149	0.00361515767515
6386	5	74	4,0	80,20	153	149	0.269988393045
6387	3	172	2,0	65,36	196	149	1
6390	0	35	2,1	57,31	173	149	0.427230115429
6392	29	1	58,34	2,0	159	149	0.561352522096
6394	16	4	10,14	0,0	192	149	0.000514879768027
6400	3	119	30,10	139,118	298	149	0.000125505347695
6403	2	23	5,0	55,30	188	149	0.630005525226
6404	18	4	18,10	17,5	161	149	0.0330185157358
6405	1	43	2,0	38,29	174	149	0.656461505643
6406	5	11	7,4	6,16	296	149	0.868922879246
6407	2	0	5,6	0,2	298	149	0.571962538261
6408	11	0	6,18	0,2	237	149	0.596296069495
6411	1	0	5,0	4,0	211	149	1
6418	0	3	2,0	0,0	198	149	1
6428	2	5	0,0	6,2	298	149	0.129576218745
6429	2	0	2,2	2,0	271	149	0.331836064711
6438	0	4	20,5	1,4	261	149	4.54971609768e-05
6439	13	0	24,14	2,0	298	149	0.618481621511
6440	8	1	21,10	2,0	298	149	0.774052710013
6443	3	0	1,4	0,2	194	149	0.596855327704
6446	5	38	7,10	41,41	269	149	0.352388272458
6449	2	22	0,2	15,3	156	149	0.467549269241
6450	2	22	0,2	15,3	190	149	0.459953321519
6455	93	2	135,103	0,5	203	149	0.964948539566
6456	602	0	592,554	3,2	298	149	1
6457	0	4	3,0	10,0	298	149	1
6464	2	0	13,11	0,4	164	149	0.0338254620163
6466	30	1	80,135	13,12	217	149	0.0487921949652
6470	4	3	2,2	3,4	179	149	0.321062954101
6471	65	0	40,71	2,0	197	149	0.54687586886
6473	286	17	493,219	28,37	298	149	0.122882182241
6475	1	5	0,0	5,0	268	149	1
6477	67	8	16,8	0,0	153	149	0.000693699234918
6478	58	8	3,8	0,0	298	149	0.000183617913596
6479	58	67	3,8	16,8	294	149	0.123718705229
6480	35	2	4,2	1,0	222	149	0.185068319312
6481	49	975	4,3	164,167	298	149	0.00802234046934
6487	1	68	2,2	44,42	175	149	0.372128319896
6489	0	4	5,0	0,4	160	149	0.00817800131315
6490	24	0	44,56	0,2	298	149	0.33742208476
6492	1	11	6,0	0,3	298	149	0.168011567469
6495	2	0	10,16	0,2	183	149	0.597746969634
6501	2	0	6,7	2,0	158	149	0.688776218836
6508	0	2	2,1	5,5	154	149	0.0737808226629
6509	2	0	3,3	3,4	184	149	0.00111062805419
6510	59	0	120,138	1,0	298	149	1
6511	7	8	4,0	1,0	177	149	1
6512	5	8	5,0	1,0	224	149	1
6513	1	3	1,0	0,0	196	149	1
6514	6	4	4,0	0,0	177	149	1
6522	6	9	8,9	11,19	158	149	0.750075189635
6527	0	26	2,0	15,28	191	149	0.821238505226
6528	15	54	10,6	71,49	211	149	0.0661902509363
6529	6	134	66,22	390,242	257	149	0.00261334811448
6530	13	7	11,11	2,2	298	149	0.0846898563779
6532	0	4	0,2	0,0	298	149	1
6533	6	3	3,4	14,4	158	149	0.0467155990575
6534	15	10	26,17	11,13	158	149	0.71325745799
6538	5	2	2,0	4,0	179	149	1
6540	4	15	7,10	5,15	232	149	0.0547128854728
6541	0	3	1,0	0,0	298	149	1
6542	0	2	1,0	2,0	298	149	1
6543	3	2	0,0	2,0	161	149	1
6544	79	8	144,103	22,5	152	149	0.852626401997
6546	2	39	11,2	60,33	289	149	0.114644753073
6553	32	9	74,49	9,14	212	149	0.435496234625
6554	42	10	41,13	3,2	192	149	0.0503085081566
6555	8	34	6,7	20,29	203	149	0.872808872001
6556	112	0	186,101	1,4	233	149	0.420040016439
6559	0	1	2,2	6,4	154	149	0.0227559210396
6564	0	5	1,0	2,10	298	149	1
6567	4	0	22,32	0,6	173	149	0.0334032731258
6571	2	0	7,0	5,0	184	149	1
6572	0	1	10,4	6,11	206	149	0.00628164442152
6574	24	7	4,10	22,15	298	149	1.73668826438e-05
6577	0	3	2,6	0,0	298	149	2.00320300348e-08
6580	26	0	116,54	2,0	153	149	1
6582	121	0	85,36	4,0	233	149	0.182842282183
6583	0	4	2,0	5,0	298	149	1
6589	26	0	22,18	0,1	298	149	1
6590	10	2	33,28	0,0	154	149	0.0580773224496
6591	4	0	24,17	2,0	191	149	0.475609156866
6593	9	8	6,1	14,12	192	149	0.0171690943075
6595	2	0	9,3	6,4	178	149	0.00267763672915
6607	1	10	0,0	13,8	298	149	0.262005153455
6628	0	18	4,0	14,16	167	149	0.0682227825318
6639	2	2	1,0	0,0	181	149	1
6641	3	0	28,32	2,0	168	149	0.445057005626
6644	17	21	25,24	5,6	249	149	0.000133112931552
6645	24	82	38,27	48,44	298	149	0.00348119548403
6646	28	82	22,15	48,44	200	149	0.634079534726
6649	25	28	46,17	50,47	298	149	0.333925669372
6651	8	0	46,39	2,1	263	149	0.281668151842
6655	54	915	25,4	227,73	298	149	0.138770224771
6668	381	164	362,358	65,52	298	149	7.6879488109e-08
6672	0	2	2,0	8,3	153	149	0.752911767462
6674	0	19	0,6	29,23	158	149	0.0223056251511
6676	241	0	767,231	0,1	298	149	1
6677	0	2	2,2	2,0	191	149	0.000102349905787
6685	9	1	9,8	0,0	283	149	0.825554608413
6694	3	2	4,2	6,6	158	149	0.204992810399
6697	0	7	2,0	2,2	298	149	0.699060914351
6716	6	114	10,4	64,25	298	149	0.0384957174741
6734	2	2	8,10	2,0	278	149	0.0142824620557
6735	4	4	2,5	2,4	158	149	0.86251387165
6736	8	4	9,7	2,4	161	149	0.590894218351
6737	6	2	7,4	0,2	152	149	0.16545540924
6739	80	0	71,86	2,0	212	149	1
6745	7	0	1,0	0,5	173	149	0.000392428825214
6748	8	22	5,4	56,46	171	149	0.0111197098752
6749	38	22	21,14	56,46	222	149	1.88422953573e-06
6750	30	0	18,10	2,0	200	149	0.578664865498
6751	12	80	3,4	31,24	171	149	0.538170663409
6752	56	80	21,14	31,24	222	149	0.690672973422
6753	48	4	18,10	0,0	200	149	0.0084731876591
6754	37	9	17,12	8,6	222	149	0.165668618838
6755	4	0	12,12	2,6	298	149	0.00356205212386
6756	0	8	1,7	14,14	298	149	0.0123930576762
6757	3	46	4,0	37,15	298	149	0.909059829957
6767	16	141	12,10	118,90	265	149	0.798789579769
6774	2	0	2,2	5,6	298	149	0.000330125660788
6781	1	4	0,0	13,2	178	149	0.603397207872
6785	0	4	2,0	0,0	226	149	1
6794	1	2	1,0	0,0	298	149	1
6796	26	0	32,29	2,0	157	149	0.343799150381
6802	20	35	19,27	109,99	298	149	0.00854389690207
6806	4	26	12,13	49,28	298	149	0.126987154972
6807	0	77	0,1	62,75	167	149	1
6809	79	103	5,8	206,94	161	149	0
6827	0	4	1,0	0,0	217	149	1
6833	54	0	37,27	1,0	286	149	1
6839	2	7	6,4	18,17	158	149	0.951308164428
6842	31	0	105,77	2,11	238	149	0.00894185718299
6843	29	0	79,72	2,0	197	149	1
6851	282	2	389,247	0,0	250	149	0.773103309036
6854	40	6	16,8	6,10	171	149	0.012435548425
6855	0	11	5,3	13,9	152	149	0.00156423932883
6856	7	48	13,9	40,22	152	149	0.0525518735814
6857	20	0	20,16	0,2	168	149	0.707038941025
6869	3	13	9,0	14,2	298	149	0.344703216653
6876	2	30	0,0	31,9	298	149	0.639921347878
6878	3	0	6,2	4,1	159	149	0.00361888404946
6880	0	2	5,7	0,0	156	149	2.73535431039e-06
6881	4	0	4,2	3,0	208	149	0.0494117711465
6882	4	2	4,5	0,0	208	149	0.00347353958484
6883	216	2	126,57	2,0	252	149	0.925257756285
6884	94	8	38,48	5,8	171	149	0.278294749517
6891	0	2	2,13	2,0	298	149	5.60383872722e-05
6893	6	0	5,2	4,0	298	149	0.0093898222951
6896	2	52	4,10	70,73	240	149	0.121879496896
6897	2	52	4,10	70,73	218	149	0.121826158919
6902	2	11	3,1	32,11	298	149	0.620243504252
6904	2	0	7,11	0,2	298	149	0.760439305556
6905	2	10	7,11	10,10	298	149	0.026710686542
6906	0	10	1,2	10,10	159	149	0.109020829206
6921	0	19	2,0	22,21	213	149	0.368398379334
6925	8	0	40,30	0,1	171	149	1
6926	18	4	25,16	5,2	157	149	0.677033081178
6929	1	24	2,2	31,17	153	149	0.366511116334
6930	1	0	0,0	0,2	219	149	1
6932	1	0	0,0	0,2	155	149	1
6942	1	10	6,2	7,11	179	149	0.0900741350612
6943	4	2	6,7	2,2	182	149	0.599579746696
6944	363	2	215,196	0,0	270	149	1
6947	1	2	9,15	2,3	177	149	0.0545574620411
6955	4	0	2,6	4,0	298	149	0.0128261141795
6956	6	0	2,6	2,2	298	149	0.000299340648793
6957	62	2	73,30	2,0	182	149	0.357018225539
6959	0	4	3,2	0,0	173	149	1.25763893744e-08
6962	138	0	189,180	2,0	298	149	1
6963	0	6	1,1	12,12	166	149	0.20839999323
6968	6	0	2,8	0,7	246	149	0.00447380947317
6973	100	2	144,151	0,4	195	149	0.767157420597
6978	7	8	2,9	9,6	227	149	0.609413701846
6989	17	2	28,17	0,0	298	149	0.0731852859791
6990	10	3	22,18	14,6	178	149	0.386603724306
6992	0	22	2,0	48,39	151	149	0.602357834759
6995	0	13	4,0	25,24	152	149	0.130532489518
7003	567	10	1895,1726	26,10	298	149	0.206326135073
7006	26	2	25,21	0,0	251	149	0.184343781186
7015	21	266	2,0	67,26	155	149	0.00235982808431
7017	16	7	12,7	1,0	298	149	0.000215195696753
7019	0	15	2,0	7,2	166	149	0.760337921495
7024	4	8	13,8	7,8	179	149	0.11094011215
7025	5	8	15,8	6,12	230	149	0.268273409882
7026	9	8	9,8	6,12	200	149	0.717100166293
7027	26	5	92,22	5,10	298	149	0.784640011866
7029	170	2	134,144	0,2	153	149	0.81281642243
7037	2	8	2,0	31,6	283	149	0.125331107687
7040	12	22	21,25	33,19	298	149	0.241820781086
7043	0	495	2,0	834,286	153	149	1
7044	40	2	48,61	0,0	280	149	0.246822602781
7045	1	0	1,17	2,2	257	149	0.00316786890236
7046	2	0	18,9	0,1	152	149	1
7047	21	2	29,8	8,1	152	149	0.211582017382
7048	51	12	57,23	18,3	239	149	0.940802250591
7049	32	12	36,16	18,3	236	149	0.960069117028
7050	15	38	12,4	51,15	158	149	0.233390453525
7051	3	9	2,0	4,0	158	149	1
7052	8	6	0,4	5,0	298	149	0.595601269547
7054	4	17	1,2	14,16	193	149	0.163140177137
7057	2	3	2,3	9,12	153	149	0.423436919837
7058	3	46	1,0	17,21	160	149	0.0700612364443
7061	28	73	19,3	46,20	155	149	0.532428046486
7064	0	13	2,0	7,3	268	149	0.604098197506
7065	3	13	0,0	7,3	298	149	0.0224443008739
7066	3	0	0,0	2,0	200	149	1
7068	144	2	114,136	1,0	192	149	0.528664657098
7072	11	0	15,10	2,0	164	149	0.592249577052
7073	12	40	9,7	32,47	286	149	0.354536606761
7077	0	3	0,2	11,21	298	149	0.38741314618
7081	34	0	32,3	1,0	185	149	1
7085	4	128	10,5	162,150	173	149	0.377352063701
7092	0	2	3,0	2,5	161	149	0.0718786885816
7093	2	28	0,0	50,9	152	149	0.428033003169
7094	32	11	22,20	8,10	173	149	0.647161770262
7095	2	3	1,1	5,0	183	149	0.251178728459
7096	12	0	5,6	2,0	298	149	0.515599073233
7097	7	56	25,17	65,33	298	149	0.00238496045307
7098	1	29	0,0	33,21	180	149	0.340069606972
7099	23	7	40,23	15,3	298	149	0.750682063705
7100	22	7	36,20	15,3	298	149	0.882126645372
7101	16	6	15,10	10,4	298	149	0.461102206582
7107	39	6	68,36	9,4	153	149	0.746108905794
7114	2	0	1,0	3,2	164	149	2.02634218405e-07
7118	2	2	2,6	0,0	172	149	0.00150873722027
7127	46	9	202,122	40,15	155	149	0.93138188499
7128	33	0	74,43	2,2	298	149	0.118239572953
7135	13	0	8,10	2,0	175	149	0.750687016057
7136	10	0	19,18	2,0	174	149	0.581385403012
7139	2	2	2,2	0,0	288	149	0.000398992957336
7144	2	14	0,0	2,0	217	149	1
7145	2	14	0,0	2,0	271	149	1
7153	3	0	0,1	0,2	155	149	1
7157	15	0	22,19	2,0	298	149	0.720631579428
7158	10	0	38,30	2,0	185	149	0.324528553582
7176	2	6	3,0	23,23	227	149	0.194194404602
7184	2	4	9,5	18,4	298	149	0.673051726617
7197	20	44	8,2	14,16	153	149	0.387841984131
7202	6	13	0,0	5,2	192	149	8.99496157339e-05
7204	9	31	22,5	28,26	296	149	0.338162122844
7210	2	7	4,0	4,8	169	149	0.885080051258
7211	3	4	1,4	5,3	298	149	0.710245749014
7212	5	11	6,5	5,2	204	149	0.0691257043834
7213	1	19	8,4	12,4	227	149	0.000652989487309
7227	2	22	0,0	22,21	181	149	0.400005960623
7228	0	4	0,1	18,19	178	149	1
7229	7	5	8,0	14,6	179	149	0.0438554134181
7235	0	1	11,6	19,9	224	149	0.00817690308272
7237	17	14	27,12	10,7	298	149	0.183021433365
7241	0	1	1,0	1,0	179	149	1
7247	255	3	170,97	0,1	298	149	0.610403681955
7253	3	28	11,0	37,32	298	149	0.527612562753
7256	0	5	3,0	3,0	202	149	1
7258	1	2	4,3	7,4	165	149	0.795118884725
7259	13	33	25,5	66,49	165	149	0.277141013245
7261	65	160	26,8	6,0	254	149	2.18425411647e-07
7265	0	5	0,1	10,2	197	149	1
7269	1	33	0,0	93,40	153	149	0.334820102052
7270	2	33	5,5	93,40	215	149	0.563403642898
7272	1	29	10,2	67,37	199	149	0.079877190133
7282	0	15	2,4	18,14	216	149	0.0167289982063
7287	0	12	2,0	4,6	191	149	0.669786715516
7292	18	2	17,5	0,0	217	149	0.138911663307
7293	28	22	19,9	34,32	298	149	0.0033897380519
7298	31	1	5,5	0,0	201	149	0.282076936607
7301	18	0	11,16	2,0	298	149	0.680939251016
7302	52	4	75,15	2,0	298	149	0.0430222924288
7309	2	1	0,0	0,2	167	149	1
7311	4	16	16,6	13,11	274	149	0.0327309692777
7312	0	101	4,2	48,21	261	149	0.0511613810795
7332	2	15	9,6	36,47	295	149	0.468327380466
7337	5	37	1,4	32,11	188	149	0.655748195392
7343	44	469	28,33	355,306	164	149	0.92842375421
7347	183	2	222,101	0,0	298	149	0.534064822666
7348	6	130	69,18	200,57	298	149	4.67480525401e-08
7349	6	13	72,20	12,14	298	149	0.00220956862902
7350	3	8	27,22	4,0	284	149	1.84716713025e-06
7352	503	0	384,314	3,0	298	149	1
7355	4	14	7,14	34,24	182	149	0.649702961347
7361	2	9	1,0	12,3	156	149	0.0315596852979
7364	2	185	2,0	179,119	179	149	1
7365	21	185	12,6	179,119	280	149	0.0585031009642
7368	2	16	6,0	6,8	161	149	0.492271173675
7370	9	282	9,5	305,165	298	149	0.821953695398
7371	0	2	0,2	6,13	191	149	0.481572667695
7381	156	0	232,65	2,0	218	149	1
7383	6	0	6,2	4,0	298	149	0.00878105069471
7384	13	2	25,10	2,0	298	149	0.12416478864
7387	4	0	19,2	1,0	298	149	1
7392	10	0	19,16	2,2	298	149	0.0341540265789
7394	21	17	4,2	1,4	158	149	0.900438502881
7398	18	45	2,0	1,0	196	149	1
7400	12	5	12,7	2,0	154	149	0.0131422091011
7401	213	0	523,348	0,2	164	149	1
7407	3	138	9,1	176,85	170	149	0.416893688758
7408	5	0	12,1	2,0	298	149	0.855697153728
7417	0	119	5,3	101,49	180	149	0.026102753171
7419	2	2	3,4	0,0	298	149	0.000339299768188
7425	0	2	5,0	0,0	199	149	1
7427	199	0	190,84	1,0	298	149	1
7429	2	0	2,6	2,0	191	149	0.437466043733
7434	515	3	235,298	0,2	166	149	1
7442	7	23	4,1	54,17	162	149	0.0137666186991
7443	60	0	140,58	2,0	154	149	1
7444	78	304	17,11	84,41	274	149	0.513889677721
7445	779	2	606,369	0,0	298	149	1
7446	237	856	69,105	1016,735	298	149	4.06969458133e-10
7458	0	13	2,0	18,18	163	149	0.512624915261
7459	22	38	21,18	44,19	155	149	0.796099031444
7461	2	0	4,0	0,4	158	149	0.0105668357333
7475	16	2	8,4	0,0	298	149	0.0383546248872
7476	7	2	0,2	0,0	298	149	1
7477	1	10	0,0	8,2	251	149	0.247433223013
7478	19	56	20,8	37,37	298	149	0.890492118724
7481	10	1	7,2	2,2	190	149	0.201220860507
7482	8	441	2,2	255,254	160	149	0.394746956309
7483	130	62	140,97	70,49	173	149	0.821539801439
7486	2	0	2,1	2,22	193	149	6.39332883858e-05
7494	2	2	3,2	0,0	287	149	0.000392656083723
7495	30	3	30,14	0,0	233	149	0.00885138294636
7499	0	3	0,2	0,0	298	149	1
7510	7	3	18,16	2,6	196	149	0.493648974346
7511	0	66	3,0	69,44	163	149	0.451314945869
7512	0	54	0,1	48,26	153	149	1
7514	2	4	3,1	48,4	298	149	0.202071746163
7518	17	14	6,8	2,2	201	149	0.0563322686443
7519	75	16	124,67	20,15	202	149	0.688067553825
7520	4	953	3,3	1619,1116	159	149	1
7531	6	1	17,2	2,0	298	149	0.651068116568
7532	4	16	2,4	20,16	291	149	0.537671168317
7537	4	0	15,6	1,0	158	149	1
7541	0	1	1,0	0,0	167	149	1
7547	41	33	38,11	60,39	158	149	0.00514469425247
7551	14	2	16,10	0,0	298	149	0.0466502473303
7552	1	8	0,0	7,2	192	149	0.232228896578
7561	3	1	4,0	7,2	160	149	0.0342780445434
7562	16	89	12,4	50,15	160	149	0.547178501522
