IJC_SAMPLE_1	SJC_SAMPLE_1	IJC_SAMPLE_2	SJC_SAMPLE_2	IncFormLen	SkipFormLen
0	185	11	1153	197	149
9	78	39	385	442	149
192	979	47	148	152	149
4	194	23	868	192	149
10	204	26	620	204	149
29	489	18	1553	370	149
194	956	200	592	378	149
5	67	5	16	374	149
3	5	17	0	198	149
4	6	66	18	198	149
29	1925	11	1753	166	149
71	9	41	32	215	149
13	13	101	59	845	149
53	3	31	0	193	149
40	181	26	201	152	149
5	4	24	97	152	149
16	125	38	177	152	149
46	582	0	325	152	149
7	759	0	199	170	149
963	17	195	0	153	149
2	2	7	0	152	149
0	2	16	59	200	149
25	102	20	361	309	149
22	4	14	23	182	149
618	0	462	25	463	149
23	2	90	25	235	149
44	10	192	0	428	149
210	0	467	7	644	149
16	146	52	318	266	149
15	0	185	4	154	149
10	0	133	36	154	149
4	21	2	104	167	149
9	0	0	22	271	149
21	0	0	22	244	149
11	51	0	52	232	149
17	0	0	12	214	149
4	5	0	19	193	149
6	13	32	89	152	149
17	131	67	1266	152	149
30	43	165	211	152	149
353	0	827	8	161	149
48	0	134	11	182	149
7	12	5	26	152	149
56	64	37	7	257	149
16	4	18	0	190	149
36	9	17	18	152	149
2	127	5	120	171	149
16	196	18	244	152	149
7	0	30	11	153	149
0	2	10	15	587	149
13	737	0	104	170	149
225	4	377	0	753	149
4	26	0	46	197	149
3	11	14	69	188	149
6	1	0	37	152	149
606	168	1453	190	2845	149
1	4	0	15	197	149
29	290	20	215	837	149
596	9	567	5	239	149
61	19	563	33	600	149
0	14	19	94	256	149
20	2	39	20	184	149
164	53	155	74	152	149
489	370	387	262	152	149
366	2428	26	501	197	149
130	17	13	15	197	149
5	3	245	181	198	149
40	33	226	76	152	149
13	100	38	320	152	149
100	33	189	207	152	149
26	0	547	4	280	149
18	0	687	102	152	149
2	0	110	102	186	149
1	17	57	634	183	149
26	11	266	704	305	149
4	0	191	17	305	149
2283	15974	2476	13655	994	149
15	55	0	209	172	149
5	256	17	200	177	149
330	0	401	8	167	149
258	0	472	12	186	149
1	2	24	29	173	149
5	10	62	115	226	149
25	12	43	34	152	149
5	22	15	19	197	149
2	0	5274	102	176	149
997	6	802	0	154	149
1931	12	1104	26	219	149
2559	27	1379	16	257	149
640	27	301	16	187	149
486	1996	164	781	197	149
85	5	217	5	152	149
7	14	16	38	316	149
51	387	225	530	845	149
101	387	237	530	1099	149
478	0	897	6	1878	149
396	5	611	17	154	149
28136	0	39890	13	531	149
58	41374	72	60342	254	149
41484	0	60490	9	392	149
41175	17	58388	16	154	149
6	103	28	123	166	149
8	80	0	60	177	149
53	31	44	51	203	149
20	51	6	31	200	149
674	5	392	0	248	149
321	5	133	0	348	149
40	393	32	291	249	149
50	1	25	1	152	149
732	1	522	1	199	149
687	5	516	19	196	149
1	297	0	247	169	149
103	14016	165	12125	167	149
12960	34	14408	65	157	149
40	11	214	20	152	149
10	3	90	70	445	149
18	0	86	6	155	149
7	8	35	53	220	149
0	11	41	0	152	149
32	714	140	1889	191	149
16	60	25	136	170	149
15	60	33	136	294	149
15	16	33	25	273	149
14	60	25	201	268	149
27	292	17	227	186	149
60	29	116	171	153	149
4	3	59	0	218	149
43	4	14	0	251	149
260	0	252	16	283	149
74	14	145	15	152	149
87	45	109	66	152	149
12	161	23	77	178	149
11	419	27	518	170	149
10	104	0	263	174	149
24	214	59	538	200	149
41	361	83	997	319	149
4	19	22	27	232	149
1	5	11	27	152	149
6	5	109	23	175	149
6	5	139	23	189	149
4	4	37	7	163	149
343	4	808	0	928	149
6	471	0	142	224	149
6	12	1	0	245	149
4	9	0	6	152	149
314	0	1109	15	242	149
9	14	36	48	269	149
14042	64	18779	77	152	149
178	220	0	8	308	149
7	7	707	2238	208	149
0	6	5	37	397	149
4	7	0	13	152	149
2	0	45	5	1432	149
3	0	52	5	1487	149
2	0	45	5	1537	149
1437	25	4042	3	200	149
87	30	91	38	187	149
16	79	40	66	181	149
4	79	3	66	169	149
23	11	26	12	187	149
0	9	33	1412	166	149
1736	267	4670	836	152	149
78	267	230	836	245	149
29	1687	99	4539	242	149
6	2	21	20	194	149
4	4	8	5	152	149
315	3	260	2	333	149
72	101	38	123	551	149
4	3	0	7	152	149
29	3	20	7	289	149
29	4	20	0	286	149
123	4	167	4	466	149
213	4	391	4	709	149
18	33	80	45	174	149
582	0	894	7	596	149
0	10	51	186	212	149
700	156	165	38	152	149
148	1700	22	162	203	149
262	2255	49	118	306	149
32	5075	0	163	242	149
0	2	95	2244	236	149
6	4	2	80	152	149
11	11	60	54	409	149
5	30	60	34	152	149
63	554	63	588	227	149
47	20	128	24	219	149
11	3	110	36	301	149
3	45	28	84	204	149
2	11	23	49	214	149
7	11	36	49	345	149
5	0	15	2	280	149
41	0	165	13	220	149
70	66	153	320	152	149
87	18	165	0	224	149
11	76	26	144	245	149
2505	19	4469	26	2740	149
800	217	491	185	215	149
35	604	61	396	729	149
19	493	9	221	168	149
13228	0	15633	11	195	149
105	2102	59	1741	168	149
1016	536	1071	512	152	149
57	4	42	0	152	149
37	4	43	0	188	149
69	0	172	12	199	149
2	21	0	100	168	149
2	15	0	13	258	149
85	4	60	0	212	149
51	11	76	34	707	149
52	40	268	177	152	149
10	0	31	52	152	149
4	0	45	8	152	149
52	0	415	13	1247	149
0	1	8	6	214	149
10	26	0	34	160	149
125	0	417	8	169	149
18	16	4	0	183	149
213	17	49	0	418	149
11	2	34	0	182	149
18	0	115	24	726	149
114	0	132	50	152	149
80	0	127	8	160	149
120	10	119	0	493	149
194	4	124	0	184	149
436	4	154	3	549	149
213	0	605	15	180	149
42	32	315	419	664	149
687	12	394	0	270	149
15	66	5	21	253	149
3	0	23	14	182	149
6	26	45	85	190	149
17	10	139	25	224	149
8	11	0	95	173	149
8	209	14	291	211	149
28	55	109	141	158	149
77	19	158	131	152	149
78	106	396	418	161	149
141	0	479	18	592	149
4	155	105	661	531	149
119	678	69	1845	302	149
80	8	349	22	239	149
6	0	56	21	168	149
172	14	265	0	755	149
6	0	0	8	227	149
6	74	37	485	198	149
214	6	453	0	264	149
22	132	45	109	181	149
61	0	76	14	215	149
171	0	140	14	183	149
15	44	5	7	181	149
21	147	5	148	152	149
18	90	54	489	182	149
13	302	154	860	226	149
497	0	939	29	298	149
28	5	332	0	236	149
12	0	258	17	532	149
558	23	483	10	206	149
568	2	595	0	197	149
12	61	39	205	326	149
0	7	10	0	152	149
8	0	12	6	551	149
74	131	94	38	223	149
1	136	0	149	217	149
22	2	35	0	153	149
83	177	221	190	152	149
590	171	332	68	155	149
95	0	688	4	212	149
456	20	181	0	236	149
3	491	11	143	281	149
423	544	140	117	284	149
482	544	106	117	287	149
160	101	32	66	152	149
492	493	1	0	152	149
1422	9	1	0	155	149
10	2	27	0	152	149
0	4	6	61	227	149
6	185	0	357	256	149
111	70	235	337	152	149
477	0	336	9	159	149
32	2	18	19	153	149
679	182	1227	219	153	149
435	0	277	16	153	149
617	3	1164	0	153	149
22	4	30	0	259	149
0	10800	7	15263	207	149
1102	19	1320	19	214	149
0	10800	8	15263	200	149
1102	19	1321	19	207	149
11902	19	16576	19	156	149
91	22	339	57	152	149
8	1316	1	1622	239	149
4560	5	1152	0	153	149
2	0	0	14	190	149
134	5488	95	4443	210	149
106	5679	102	4414	171	149
7609	77	5072	88	182	149
143	1578	82	1437	171	149
236	0	118	10	156	149
325	12	187	4	189	149
105	0	439	16	170	149
1051	7	312	0	156	149
1524	24	176	0	226	149
920	13	103	0	226	149
85	0	250	6	230	149
678	11	103	0	152	149
21	900	0	131	161	149
220	104	74	25	184	149
140	15	25	4	324	149
358	1	131	0	173	149
18	73	0	87	270	149
7	53	0	143	202	149
1453	3	1032	0	2550	149
463	251	1596	751	152	149
33	157	267	869	152	149
7	1	0	1	171	149
7	191	0	254	171	149
1526	2	4556	0	4704	149
3	36	42	246	167	149
0	6	20	10	152	149
126	1	250	11	158	149
5	0	74	19	178	149
212	7	201	0	212	149
80	7	62	0	250	149
7	139	0	139	187	149
149	18	148	7	220	149
38	368	264	1360	658	149
605	0	2164	4	437	149
24	265	47	161	200	149
160	4	274	0	164	149
3	185	21	432	221	149
36	0	68	26	297	149
16	47	9	256	206	149
2	47	9	256	180	149
0	36	11	197	163	149
128	17	314	52	152	149
0	3	17	4	278	149
5	5	71	24	161	149
15	12	59	15	152	149
19	0	24	9	153	149
11	75	0	64	223	149
325	4	252	0	1292	149
378	3	235	13	1292	149
359	3	233	13	1419	149
41	60	24	26	276	149
2	2	0	17	153	149
5	93	9	520	186	149
2	0	0	18	152	149
9	2	15	28	227	149
57	1270	44	1497	245	149
50	1270	57	1497	167	149
4	11	15	129	170	149
21	2	83	0	152	149
29	8	149	12	177	149
5	25	2	96	179	149
6	15	18	102	211	149
6	0	30	10	154	149
19	2	22	0	167	149
16	15	25	10	167	149
24	370	16	698	213	149
720	0	1026	5	163	149
2	37	2	160	319	149
9	10	40	46	152	149
71	199	80	253	192	149
22	28	95	130	169	149
62	3	139	0	171	149
2	0	71	12	197	149
5	2	18	4	153	149
32	0	90	8	154	149
28	7	103	9	153	149
12	6	34	9	152	149
43	3	27	3	265	149
1470	11	1681	0	464	149
44	497	220	1048	468	149
304	4	662	39	244	149
14	10	0	47	300	149
137	42	629	114	204	149
76	12	362	0	204	149
80	0	362	4	204	149
4	259	15	1090	266	149
6942	39	7416	0	5318	149
29	5	90	0	504	149
87	10	11	0	213	149
148	12	269	20	194	149
32	3	147	0	152	149
16	107	13	561	188	149
4	0	13	22	188	149
0	4	92	0	152	149
1188	16	443	3	180	149
1499	56	541	0	257	149
4	252	0	2171	165	149
55	0	240	8	2549	149
7	383	68	403	435	149
83	14	88	21	246	149
18	0	32	12	533	149
17	79	19	239	180	149
0	159	11	612	169	149
10	157	40	565	169	149
5	6	15	0	1103	149
113	5	361	13	2246	149
22	13	48	10	152	149
39	6	248	0	249	149
0	11	15	0	190	149
8	61	40	79	245	149
31	5	113	0	306	149
21	30	14	65	152	149
1	0	0	3	542	149
7	16	17	132	177	149
96	16	152	132	542	149
89	0	152	17	514	149
8	44	0	75	171	149
102	7	229	30	183	149
629	82	365	58	157	149
84	10404	28	841	163	149
6601	8	580	0	289	149
257	9867	122	3960	222	149
3422	42	3340	2	153	149
870	3	1264	11	223	149
2372	3	3776	11	230	149
975	3	1375	11	332	149
1504	2	2512	0	156	149
107	2	111	0	258	149
52	1449	37	2438	251	149
723	11	134	0	232	149
5	411	0	81	239	149
7	411	0	81	176	149
1	40	26	228	203	149
12	0	0	6	187	149
2	101	0	189	167	149
12	94	0	232	168	149
258	1	474	0	200	149
305	0	534	23	239	149
48	0	60	23	188	149
170	0	305	28	155	149
406	8	690	0	254	149
6	279	27	355	185	149
0	2	16	13	178	149
175	6	372	0	235	149
52	11	47	57	675	149
37	2	233	14	600	149
0	9	16	18	221	149
44	1906	187	10118	326	149
12	22	0	92	215	149
5	4	100	4	152	149
2	0	45	12	279	149
52	53	15	42	172	149
50	4	268	15	207	149
91	22	368	212	222	149
0	8	1	40	173	149
44	0	357	6	156	149
1	11	16	53	236	149
6	4	0	36	191	149
309	15	291	0	153	149
64	1	340	16	252	149
0	53	10	218	187	149
10	399	0	96	181	149
60	252	185	418	546	149
60	353	93	465	251	149
346	107	398	282	306	149
283	159	355	256	152	149
67	3	147	0	157	149
5	80	6	127	203	149
14	72	0	111	178	149
26	15	24	0	174	149
0	12	22	139	241	149
31	3	234	0	159	149
88	0	146	12	154	149
4	37	0	89	167	149
0	6	11	34	152	149
0	6	11	34	171	149
0	6	11	34	278	149
14	57	0	62	187	149
1	1	31	6	153	149
0	24	24	100	170	149
264	0	490	20	213	149
12	16	10	189	176	149
2	126	4	430	193	149
31	4	302	12	225	149
67	0	261	27	166	149
8	26	14	50	176	149
3	52	0	94	152	149
2	19	51	26	304	149
4	21	8	46	225	149
5	3	0	31	209	149
0	34	8	178	221	149
5	15	33	105	203	149
730	2	847	6	1752	149
27	0	77	36	154	149
90	1	168	0	182	149
631	124	690	166	200	149
23	30	54	56	204	149
9	45	39	348	280	149
134	271	73	130	433	149
27	4	60	0	419	149
29	4	157	0	691	149
113	2	321	30	182	149
24	204	13	84	172	149
35	83	82	74	364	149
14	2	110	20	193	149
1	8	0	43	242	149
168	8	472	27	152	149
24	391	81	2135	191	149
471	0	2454	3	169	149
8	17	36	22	152	149
9	388	0	42	173	149
106	3	10	0	226	149
1	59	14	437	188	149
734	20	965	17	152	149
11	173	18	562	164	149
121	15	572	25	516	149
443	0	979	28	264	149
4	498	51	660	349	149
7	87	16	567	188	149
5	167	41	618	167	149
23	99	20	243	152	149
773	0	296	13	266	149
306	151	127	82	154	149
708	2	174	0	865	149
5	0	50	2	513	149
4	9	0	14	281	149
380	5	416	0	154	149
21	2	149	5	855	149
0	2	21	5	338	149
0	5	26	65	338	149
0	5	21	65	318	149
0	5	31	65	297	149
0	5	21	65	267	149
5	0	82	12	164	149
94	36	199	11	200	149
19	0	440	17	1141	149
993	194	195	0	151	149
2071	11	321	10	466	149
2084	11	342	10	468	149
13	0	42	21	151	149
23	0	78	17	154	149
53	317	56	191	174	149
1	336	0	208	170	149
5	18	40	293	152	149
25	0	176	133	344	149
25	0	197	133	371	149
57	2	582	40	283	149
0	4	50	25	330	149
8	0	333	13	741	149
592	6	441	0	225	149
83	1	837	58	220	149
67	0	1876	16	242	149
173	25	3744	207	1505	149
28	2	69	0	230	149
32	11	189	180	152	149
56	0	556	7	212	149
21	65	16	259	217	149
2	55	37	274	168	149
351	54	112	6	797	149
0	6	22	0	236	149
99	0	1451	24	160	149
25	2	243	7	375	149
10	4	43	6	152	149
0	102	29	172	184	149
23	4	82	72	152	149
43	38	43	69	317	149
8	0	33	8	406	149
33	2	101	16	195	149
7	20	0	206	167	149
151	3	154	0	295	149
1	21	90	119	277	149
95	117	86	197	152	149
2	2	11	0	152	149
2	0	93	77	161	149
14	13	126	174	152	149
16	306	8	191	183	149
118	9	116	15	221	149
63	4	60	0	221	149
0	9	23	28	164	149
0	102	64	56	260	149
22	27	17	84	166	149
15	2	53	0	248	149
799	12	368	0	176	149
265	2	575	20	350	149
1	9	3	23	230	149
62	2	89	7	286	149
20	7	62	83	158	149
31	3	41	0	153	149
233	423	230	546	153	149
191	0	220	8	233	149
163	25	338	28	414	149
237	0	646	18	2249	149
10	126	5	68	197	149
7	13	0	138	167	149
23	5	160	70	444	149
35	0	193	10	209	149
23	3	111	0	439	149
895	28	1556	50	184	149
6	75	0	77	173	149
5	0	10	10	232	149
3	4	0	14	152	149
20	23	50	25	465	149
37	36	24	33	152	149
0	88	10	61	249	149
1297	3	973	0	520	149
7	132	10	399	216	149
32	13	95	23	152	149
1	74	29	216	187	149
39	1	77	13	200	149
75	2	122	0	194	149
306	12	436	27	194	149
147	5	144	0	168	149
98	344	65	234	245	149
1634	51	649	12	283	149
24	15	120	87	672	149
22	78	0	106	994	149
141	4	174	0	1355	149
25	144	34	207	935	149
5	231	22	374	276	149
4	318	0	234	204	149
7	2	28	0	187	149
11	5	26	113	152	149
26	33	8	98	362	149
165	404	56	140	406	149
590	4	604	0	596	149
93	35	71	20	158	149
1	0	6	16	152	149
4	0	0	25	268	149
7	112	26	32	202	149
1	38	31	46	193	149
31	4	47	0	165	149
2	140	17	205	756	149
0	16	25	14	223	149
380	12	395	0	236	149
39012	6	805	0	152	149
1599664	35	9332	0	700	149
131	3	238	7	153	149
3	0	35	8	152	149
127	9	267	26	201	149
42	78	110	77	532	149
14	35	0	116	301	149
717	2	733	0	2530	149
9	344	6	332	176	149
2	83	0	186	220	149
0	8	29	44	231	149
18	149	21	74	200	149
42	64	64	62	246	149
0	7	14	57	209	149
10	4	148	9	334	149
17	4	191	9	274	149
0	40	3	18	179	149
0	30	13	64	219	149
40	11	56	0	207	149
8	45	0	35	152	149
70	0	103	21	155	149
91	5	190	25	152	149
512	2	1966	55	201	149
11	0	115	8	308	149
1	22	18	184	168	149
0	5	16	107	173	149
23	26	0	14	175	149
4	26	15	14	851	149
4	26	30	14	900	149
4	23	15	0	825	149
4	23	30	0	874	149
1	30	0	75	164	149
7	30	0	37	163	149
57	104	39	132	253	149
8	198	4	187	185	149
0	73	16	216	273	149
4	185	0	245	200	149
45	68	44	140	200	149
10	2	0	25	153	149
0	9	10	140	164	149
22	0	246	12	446	149
31	0	376	12	431	149
19	0	197	12	388	149
6	0	82	12	275	149
0	33	18	79	167	149
7	0	0	17	152	149
5	15	17	0	152	149
65	1	169	12	188	149
398	25	702	58	152	149
65914	14342	273	43	152	149
6	23	37	106	277	149
0	7	8	94	184	149
3	0	28	46	160	149
14	0	322	46	232	149
14	3	294	0	221	149
61	11	56	41	290	149
560	13	644	3	205	149
5	53	0	277	236	149
17	42	9	157	253	149
0	7	18	19	179	149
15	7	136	19	323	149
8	0	128	182	152	149
84	38	622	329	152	149
1	251	51	1087	152	149
73	148	54	100	342	149
2	4	76	69	248	149
3	2	46	65	234	149
0	18	6	5	152	149
44	268	108	485	208	149
650	27	706	29	797	149
74	218	128	152	351	149
117	0	174	28	402	149
261	0	198	28	200	149
57	25	96	161	253	149
15	10	30	53	152	149
96	2	463	60	172	149
9	59	49	496	167	149
210	0	438	5	166	149
4	7	14	0	158	149
272	7	534	0	155	149
81	0	115	8	172	149
14	0	0	8	152	149
176	1	355	0	1270	149
34	0	86	33	218	149
4	2	172	10	256	149
5	28	32	0	193	149
8	0	5	4	165	149
12	0	115	64	152	149
0	6	85	166	195	149
100	5	427	0	154	149
142	1	405	0	183	149
17	0	8	3	240	149
118	10	163	0	153	149
4	84	0	61	177	149
4	68	0	101	170	149
9	154	6	357	283	149
7	0	2	20	153	149
4	0	19	20	227	149
4	7	19	2	223	149
4	41	17	273	152	149
397	113	901	245	2686	149
80	969	61	555	228	149
138	969	82	555	317	149
84	26	58	37	238	149
1	0	0	24	179	149
31	246	17	284	252	149
14	10	0	7	184	149
7	6	99	0	324	149
446	1199	35	474	152	149
55	68	0	11	152	149
4935	3	762	0	215	149
26	1583	16	1231	175	149
15	0	24	16	152	149
1	94	3	234	152	149
10	30	61	73	173	149
4	5	14	0	172	149
25	3	55	8	179	149
0	79	7	168	167	149
1	79	15	168	162	149
177	12	217	14	389	149
27	2	88	18	152	149
21	15	0	51	382	149
14	20	79	53	152	149
328	3	227	30	184	149
10	6	18	36	152	149
258	81	296	95	179	149
11	200	14	126	162	149
81	0	216	16	236	149
29	300	172	1014	621	149
12	5	99	39	182	149
11	0	26	4	154	149
186	0	502	53	154	149
185	0	501	9	317	149
119	3	282	0	152	149
95	31	413	54	166	149
12	93	51	155	152	149
102	15	176	62	181	149
120	252	218	251	256	149
139	5	241	0	207	149
168	13	277	0	824	149
171	13	37	0	200	149
61	658	24	23	183	149
20	351	34	395	172	149
1	118	0	215	163	149
11	10	169	87	181	149
79	0	76	12	183	149
108	6	178	0	371	149
80	42	57	52	421	149
0	84	2	24	200	149
5	7	2	14	205	149
89	7	24	14	154	149
111	3	160	0	244	149
0	7	17	26	217	149
103	3	135	2	152	149
304	0	859	12	154	149
0	2	15	15	189	149
0	35	37	141	297	149
13	268	26	217	300	149
10	35	0	157	167	149
25	1	67	0	198	149
50	1	224	0	180	149
41	24	72	121	174	149
227	2	431	0	190	149
35	8	244	24	154	149
28	98	70	226	184	149
21	113	0	145	203	149
428	7	435	0	207	149
10	0	54	31	152	149
197	2273	96	3603	269	149
16	6	23	0	211	149
14	136	22	199	207	149
176	2	247	27	397	149
4	82	8	124	190	149
2	70	0	143	165	149
0	7	45	7	191	149
9	144	0	498	306	149
2	0	114	20	152	149
3	66	0	118	182	149
2	9	50	79	171	149
35	32	47	32	152	149
78	223	209	297	534	149
0	140	1	577	246	149
3	56	18	304	789	149
3	49	0	394	174	149
4	47	0	312	186	149
991	124	815	75	218	149
82	415	111	531	162	149
17	172	23	423	160	149
2	172	54	423	492	149
2	17	54	23	481	149
195	0	397	22	188	149
42	322	88	1037	219	149
624	0	1208	45	201	149
4	2	33	1	221	149
142	3	233	14	226	149
14	1	0	51	152	149
1408	7	811	0	1178	149
0	1	27	0	209	149
0	11	4	37	197	149
79	70	345	330	152	149
0	9	15	32	154	149
2	36	2	333	162	149
4	113	60	793	182	149
11	9	12	8	152	149
28	17	2	0	179	149
0	1	14	82	244	149
7009	8	8914	6	153	149
0	2	15	624	173	149
6	0	92	15	309	149
130	8	904	0	620	149
26	19	49	39	156	149
81	0	265	5	163	149
17	1	79	11	152	149
0	41	12	175	166	149
11	7	90	52	170	149
19	327	40	781	201	149
104	4	300	2	168	149
8	4	43	2	195	149
0	96	15	272	176	149
196	0	209	23	199	149
6	107	11	294	177	149
19	65	0	148	184	149
25	65	6	148	188	149
14	8	6	0	153	149
0	4	27	27	154	149
15	1381	0	25	165	149
13	178	10	178	234	149
7	0	0	12	157	149
381	19782	285	23908	172	149
13	9	31	30	224	149
0	3	6	15	231	149
2	6	219	31	410	149
56	0	210	4	379	149
2	27	0	126	245	149
83	1	49	20	265	149
4	25	0	40	164	149
1	2	97	1	152	149
1	0	119	23	194	149
2	0	23	23	191	149
4	0	46	70	152	149
14	14	5	17	164	149
38	124	13	96	258	149
17	1	52	22	152	149
32	22	5	47	158	149
0	3	17	17	342	149
13	6	62	1	152	149
13	22	0	30	180	149
14	246	33	735	172	149
115	2	224	0	248	149
162	10	272	8	259	149
347	2	926	0	225	149
394	10	974	8	236	149
49	10	48	8	160	149
156	0	141	10	179	149
33	21	123	0	180	149
1	42	17	88	179	149
7	22	29	86	211	149
1	21	0	134	165	149
87	5	165	18	196	149
8	21	0	24	215	149
0	112	16	249	204	149
9	153	8	186	154	149
412	12	414	0	230	149
5	280	0	304	152	149
13	77	0	261	336	149
67	17	272	32	197	149
66	226	489	423	974	149
285	0	561	7	288	149
579	22	418	13	929	149
2	0	124	109	262	149
0	3	122	28	152	149
10	0	157	1	210	149
10	227	24	599	662	149
6	227	24	599	372	149
21	1262	10	1154	170	149
17	204	6	67	203	149
13	47	61	46	182	149
20	404	99	760	214	149
54	404	84	760	181	149
3	358	14	649	178	149
11	4	155	131	170	149
48	22	169	6	445	149
1	32	0	79	184	149
1	4	0	15	187	149
32	4	79	15	152	149
9	4	32	15	154	149
20	28	79	74	152	149
14	28	14	78	204	149
4	7	24	12	159	149
30	7	35	0	162	149
97	0	466	4	275	149
33	2662	35	1736	208	149
123	8	225	9	167	149
185	1	1474	0	288	149
0	36	9	166	286	149
0	36	9	166	198	149
0	65	10	90	330	149
188	6	159	6	157	149
7	198	0	147	182	149
11	115	0	69	185	149
38	0	26	4	197	149
202	115	147	69	152	149
229	0	173	4	164	149
142	0	95	4	161	149
1272	29	1043	4	155	149
33	0	36	6	204	149
22	532	10	248	228	149
4	14	0	82	417	149
4	65	0	123	162	149
56	0	212	10	151	149
2	52	0	200	168	149
0	3	9	26	165	149
107	5	197	0	528	149
14	76	10	51	180	149
14	76	10	51	211	149
5	36	0	34	312	149
197	5	280	0	973	149
0	24	19	281	174	149
6	14	3	14	152	149
14	83	32	147	170	149
24	39	89	154	650	149
138	82	109	64	152	149
2	55	4	48	170	149
524	443	1	4	152	149
7	0	38	2	223	149
28	0	90	29	152	149
62	4	87	9	152	149
51	306	152	578	152	149
0	319	92	2413	681	149
0	319	93	2413	684	149
2	0	76	31	222	149
2	257	133	3701	222	149
12	41	27	59	274	149
562	8	1904	15	154	149
1025	8	1257	0	160	149
1079	6	1301	0	170	149
62	6	44	0	159	149
276	10	420	6	2079	149
0	31	17	286	152	149
73	23	113	136	1452	149
2909	22	2697	0	278	149
1	709	0	1665	167	149
7	1	135	68	152	149
5	3	180	81	290	149
0	24	3	117	167	149
4	109	11	257	171	149
114	6	334	0	156	149
61	2	99	0	152	149
1	0	36	15	195	149
18	4	238	0	633	149
1	0	20	12	181	149
12	6	0	104	188	149
185	5	214	18	157	149
13	27	23	49	200	149
4	15	50	21	228	149
0	151	20	336	178	149
306	4	659	1	211	149
1	86	0	139	169	149
54	9	207	37	157	149
4	44	0	124	160	149
1336	2	2461	0	836	149
1865	10	4432	0	169	149
374	10	854	0	293	149
150	1641	395	3973	273	149
153	93	230	66	324	149
109	93	161	66	351	149
10	54	8	77	176	149
5	35	7	44	177	149
213	1	263	18	220	149
27	1	12	18	165	149
57	2	119	20	204	149
15412	353	1044	0	481	149
32	8	183	285	211	149
19	35	12	165	317	149
102	22	613	62	185	149
101	35	518	112	152	149
3	86	23	367	169	149
83	106	228	114	1957	149
150	0	1803	3	318	149
0	5	36	121	173	149
1961	80	4592	139	152	149
32	764	195	4326	395	149
95	764	585	4326	642	149
13	100	0	108	192	149
40	3	142	0	171	149
25	0	49	18	175	149
4	0	56	21	444	149
7	14	12	10	211	149
38	153	0	97	186	149
111	10	910	1	204	149
2	83	0	240	164	149
0	9	4	174	1001	149
2	0	13	14	162	149
179	0	686	31	152	149
59	6	445	14	1100	149
59	0	433	16	153	149
10	0	10	5	610	149
23183	103	38612	147	261	149
233	34	546	53	152	149
0	2	6	10	152	149
7	0	61	13	152	149
0	3	15	0	154	149
42	0	320	36	615	149
79	11	256	9	279	149
0	33	23	128	227	149
1	0	6	6	201	149
1	0	12	355	235	149
2	2	20	0	266	149
2	3	19	6	152	149
14	216	43	216	252	149
469	69	262	14	387	149
1349	10	486	0	309	149
382	2	209	0	245	149
4	14	12	54	201	149
4	16	12	30	204	149
14	16	54	30	152	149
10	40	13	115	962	149
4	53	0	52	238	149
1	12	0	32	166	149
0	101	1	206	179	149
18	30	39	22	158	149
1	24	49	58	164	149
598	23	85	22	323	149
84	73	55	9	195	149
0	119	11	16	152	149
0	8	32	42	164	149
22	0	134	23	153	149
0	30	6	219	176	149
66	10	130	20	217	149
8	7	79	9	152	149
14	14	6	34	152	149
447	7	308	0	209	149
84	134	104	81	160	149
501	75	304	33	152	149
271	0	574	9	324	149
112	10	68	30	540	149
151	4	184	0	813	149
57	99	51	114	161	149
4	1413	0	1974	172	149
1774	14	2204	14	176	149
54	4	197	0	294	149
52	112	83	100	212	149
6	831	0	538	193	149
15452	56	1440	7	433	149
19838	413	2130	31	433	149
332	1	606	0	235	149
165	5	603	0	978	149
0	17	5	25	153	149
43	145	36	299	278	149
60	145	56	299	274	149
0	2	30	94	210	149
11	33	31	72	329	149
95	1	269	0	153	149
0	17	20	98	167	149
184	25	342	113	152	149
16	35	51	168	182	149
6	4	124	39	152	149
8	3	23	40	169	149
22	2	21	5	169	149
199	4251	196	4104	218	149
52	0	68	27	203	149
45	7	111	80	1372	149
92	7	1192	51	1325	149
0	34	4	110	153	149
33	23	40	110	201	149
157	11	759	0	282	149
48	117	113	264	608	149
750	201	2572	782	202	149
993	35	3094	260	281	149
128	201	411	782	198	149
371	35	933	260	277	149
444	35	1304	260	228	149
697	0	1241	59	679	149
768	1558	1342	6428	753	149
71	1558	160	6428	223	149
81	449	101	1214	223	149
1958	209	5057	617	443	149
18	1752	74	4203	160	149
7	2	2	44	152	149
10	776	35	1797	233	149
8	93	6	42	199	149
3	32	17	48	194	149
303	23	337	17	263	149
5	14	0	27	181	149
0	11	8	61	178	149
6	25	16	90	152	149
4	0	0	25	229	149
684	2	692	3	211	149
152	6	123	0	160	149
109	0	46	8	227	149
7	4	0	7	166	149
5	4	4	0	182	149
306	8727	258	5295	426	149
23	2	57	7	167	149
339	55	700	81	739	149
34	17	61	4	161	149
3	7	54	0	926	149
106	1581	110	2016	189	149
22	2367	15	2743	162	149
0	32	13	0	162	149
2324	107	2600	159	168	149
3694	7	3277	26	155	149
8	0	106	10	222	149
3	1	0	10	162	149
10	4	47	0	152	149
83	4	111	0	218	149
267	15	496	66	408	149
75	0	215	7	254	149
0	8	20	50	229	149
0	165	40	815	298	149
95	2	592	9	269	149
131	0	602	13	534	149
31	445	147	948	152	149
0	117	7	321	168	149
244	0	1329	35	152	149
7	70	78	337	576	149
855	6	2767	0	290	149
45	0	278	7	191	149
161	35	363	57	203	149
0	183	2	613	167	149
84	1	692	14	269	149
9	58	36	106	388	149
500	2	2034	0	333	149
8	261	0	321	214	149
8	0	48	12	154	149
3	12	14	42	154	149
3	264	0	512	196	149
16	0	207	7	213	149
6	18	54	28	152	149
102	7	292	0	172	149
15	282	45	248	378	149
0	5	25	11	152	149
6	0	157	30	230	149
6	0	22	33	152	149
103	9	1099	8	955	149
69	316	235	665	805	149
589	0	1625	21	1198	149
257	2	730	21	156	149
175	317	386	941	293	149
30	110	568	570	152	149
4	110	53	570	325	149
4	30	48	563	322	149
0	25	13	127	177	149
52	0	96	7	269	149
43	9	37	7	235	149
536	0	520	18	226	149
257	0	193	18	266	149
23	302	6	333	189	149
322	220	732	129	1060	149
34	0	64	38	184	149
161	220	426	179	723	149
144	2	566	0	309	149
0	1	3	37	175	149
36	315	78	264	165	149
7	11	27	19	152	149
40	7	34	22	152	149
34	483	6	523	174	149
4	483	3	523	171	149
75	0	976	17	152	149
9	11	32	36	152	149
0	278	32	2237	208	149
0	11	12	204	245	149
2	0	29	16	155	149
8	0	205	16	167	149
6	0	128	16	219	149
6	8	117	194	201	149
3	28	153	318	507	149
71	0	581	36	213	149
0	31	27	70	211	149
1639	33	1067	52	173	149
68	5	367	62	152	149
13	8	247	61	152	149
41	38	164	246	152	149
26	13	106	11	312	149
0	29	40	152	189	149
254	110	741	139	152	149
21	97	218	741	185	149
3	0	90	15	185	149
397	9	1625	8	189	149
1506	40	1173	22	156	149
25	948	22	676	167	149
308	358	173	521	173	149
4	50	0	158	239	149
44	17	253	55	225	149
17	69	77	250	173	149
13	24	13	0	173	149
16	14	68	100	186	149
44	53	53	182	648	149
145	18	260	45	834	149
13	7	61	41	161	149
89	15	353	37	200	149
20	8	5	0	152	149
9	32	20	41	207	149
8	1	11	0	151	149
43	5	138	0	151	149
7	6	39	15	161	149
4	3	34	11	152	149
78	64	98	112	161	149
9	26	39	131	152	149
29	1	171	0	210	149
28	4	115	38	1401	149
280	38983	193	33852	314	149
389	10736	96	9031	771	149
22	6	7	12	225	149
53	1	151	0	153	149
0	18	13	237	164	149
0	9	20	57	295	149
5	64	39	270	198	149
0	87	13	550	178	149
24	217	106	517	171	149
122	215	12	18	218	149
2	25	9	77	181	149
160	54	71	55	152	149
14	3	78	10	153	149
6	109	0	211	299	149
0	6	38	95	169	149
6	15	55	50	184	149
12	151	96	587	184	149
6	4	18	81	196	149
0	9	3	168	304	149
41	8	118	17	200	149
93	11	315	4	228	149
55	1338	61	952	259	149
384	1	478	0	1186	149
28	2	221	47	164	149
2	62	0	206	170	149
159	19	539	0	304	149
592	15	297	3	217	149
13	0	3	11	152	149
20	45	33	39	239	149
4	18	205	206	210	149
0	1102	23	7876	173	149
18	0	124	7	175	149
1120	0	7977	7	151	149
1192	0	4923	2	155	149
229	5421	336	8809	194	149
2762	7	3530	53	256	149
7954	7	12003	53	211	149
32	4	21	0	152	149
27	14	4	0	270	149
367	0	318	18	1005	149
13	0	23	10	433	149
19	15	58	33	152	149
29	14	51	23	176	149
152	9	12	0	152	149
111	39	207	34	204	149
112	7	218	34	208	149
40	7	45	34	153	149
5	0	21	26	243	149
1376	12	1	0	206	149
1042	100	1215	199	152	149
3	7	26	8	178	149
0	78	8	292	164	149
18	267	86	1751	190	149
13	0	22	11	152	149
5	4	25	0	155	149
3	0	14	12	152	149
18	0	92	8	152	149
2142	9	3288	22	2484	149
8	12	14	2	152	149
8	0	40	10	152	149
85	3428	214	8160	167	149
66	0	326	17	254	149
26	4	107	45	667	149
2	7	0	45	184	149
1332	18693	92	4813	173	149
5774	35	2588	0	183	149
0	8	14	112	278	149
26	293	8	435	197	149
128	6	203	0	175	149
32	0	164	6	330	149
2974	105	5254	179	1105	149
1609	109	1356	142	152	149
6	0	25	1	153	149
85	4	155	0	186	149
47	2	80	12	219	149
2	0	92	8	1315	149
19	132	12	152	209	149
449	5	287	0	273	149
0	6	294	14	2385	149
434	5	1258	0	5059	149
10	351	27	881	208	149
1794	4	443	0	1134	149
1679	9	433	0	2212	149
0	8	2	9	165	149
24	13	137	8	156	149
41	3	189	0	194	149
5	3	0	13	167	149
194	3	231	0	194	149
5	0	73	23	201	149
30	0	561	18	365	149
0	48	29	278	165	149
15	3	137	7	903	149
19	16	147	198	903	149
4	0	0	11	152	149
13	135	18	248	151	149
5	172	27	278	212	149
8	4	35	46	152	149
30	3	100	21	152	149
2804	122	5813	316	532	149
2795	82	5784	120	156	149
94	82	106	120	180	149
39	2740	12	5690	173	149
2436	40	5986	83	689	149
55	2	313	4	476	149
38	53	0	48	194	149
0	11	27	98	161	149
75	181	128	456	869	149
0	24	4	43	308	149
23	24	56	43	1095	149
5	20	0	37	193	149
1	5	0	23	237	149
2	117	32	928	160	149
1137	2790	0	19	164	149
10615	22	181	0	347	149
9934	77	181	0	332	149
5011	4	171	0	185	149
18	5	234	0	1973	149
4	80	30	118	152	149
29	780	47	1718	218	149
5	0	35	9	153	149
48	4	180	32	152	149
5	8	20	0	913	149
4	0	71	9	179	149
5	0	74	12	153	149
282	7	1084	0	3067	149
0	39	14	333	215	149
46	2	43	0	270	149
17	0	66	2	327	149
20	1723	6	3035	188	149
47	10	329	125	180	149
22	0	293	3	1469	149
0	164	24	492	496	149
0	35	4	126	167	149
1	31	11	82	185	149
5	2	4	0	290	149
0	16	52	11	164	149
17	63	80	178	173	149
6	5	14	0	169	149
9	0	75	13	475	149
34	401	70	720	207	149
90	33	212	68	240	149
73	75	156	77	240	149
13	265	22	298	184	149
749	14	440	0	1313	149
19	49	119	156	152	149
11	0	156	16	264	149
5	4	58	7	1462	149
64	12	246	0	213	149
20	12	118	0	273	149
2	46	29	157	209	149
0	43	31	86	180	149
0	14	22	199	152	149
18	57	30	68	346	149
0	4	8	16	387	149
0	16	10	77	152	149
13	0	104	28	287	149
1	36	0	259	174	149
0	34	14	240	329	149
136	70	125	268	687	149
4	16	129	13	426	149
4	7	62	0	238	149
0	14	24	128	164	149
10	14	31	128	216	149
10	0	16	9	201	149
0	15	94	32	155	149
887	6	1762	28	272	149
3	1	3	0	341	149
4	1	3	0	338	149
0	31	3	244	174	149
23	30	76	56	438	149
0	4	14	34	177	149
6	6	32	12	232	149
113	5	323	0	224	149
42	16	53	58	152	149
6	39	12	89	202	149
31	15	35	71	152	149
2	210	0	347	332	149
1	94	0	121	152	149
3	0	53	4	152	149
1	121	27	853	198	149
161	0	288	22	170	149
93	3	261	0	423	149
64	2	251	35	152	149
0	20	14	118	169	149
28	15	15	7	165	149
45	0	210	18	330	149
2	10	0	16	182	149
39	58	49	131	232	149
0	7	10	16	175	149
0	51	25	139	175	149
49	159	160	110	1104	149
3	159	0	110	220	149
1045	0	666	22	1345	149
3345	254	1722	222	283	149
231	1	871	6	557	149
5	0	13	31	152	149
0	45	16	236	170	149
3403	41	822	21	164	149
396	3	43	0	164	149
2232	24	668	0	152	149
1216	7	328	22	151	149
27	7	10	22	176	149
12	1201	10	328	174	149
20	79	29	106	185	149
15	493	41	295	490	149
46	3	318	0	168	149
21	26	8	64	208	149
0	25	16	117	165	149
13	2	108	78	152	149
16	32	34	103	274	149
38	16	33	6	154	149
60	2	13	0	467	149
4	5	0	69	277	149
144	7	225	13	211	149
257	7	423	13	226	149
115	2	214	16	164	149
68	141	122	203	152	149
27	140	9	275	294	149
57	21	189	29	247	149
13	0	158	6	152	149
26	5	20	12	341	149
131	259	386	1217	152	149
25	1420	20	3036	165	149
24578	3	16	0	2332	149
11	113	14	296	245	149
114	2	382	0	153	149
23	335	36	332	167	149
38	0	6	3	273	149
2	1	19	0	152	149
27	5	214	0	179	149
4	17	0	233	233	149
48	64	157	349	152	149
81	2475	83	1505	180	149
18	72	1	196	182	149
788	20	158	0	171	149
10	355	22	188	224	149
363	12	1336	10	5452	149
16	5	100	6	152	149
4	136	0	119	173	149
420	16	616	6	166	149
187	280	323	373	152	149
18	41	70	85	152	149
331	280	435	2562	216	149
282	20	1867	160	152	149
35659	678	1206	38	563	149
0	9	112	44	209	149
0	1	85	0	212	149
0	1	106	0	209	149
26	10	212	23	204	149
61	2	132	0	167	149
61	2	132	26	170	149
2	2	0	26	152	149
1	0	17	10	260	149
30	183	28	71	195	149
39	6	597	0	153	149
7	0	119	26	218	149
815	11	795	8	295	149
34	0	60	11	174	149
16	3	105	0	448	149
39	15	83	10	167	149
300	15	617	10	169	149
58	1	159	2	152	149
2	8	216	41	188	149
0	7	34	93	170	149
409	86	356	88	152	149
5	390	6	1095	171	149
124	53	58	124	324	149
3912	2	2383	0	193	149
4073	12	2177	0	182	149
38	1	88	15	180	149
0	5	10	23	161	149
2	1	17	34	152	149
482	0	1492	3	153	149
316	9	1128	17	221	149
13	156	20	656	185	149
13	2	56	137	178	149
0	1	8	0	153	149
10	1	38	0	616	149
36	5	108	0	152	149
29	3	99	28	152	149
4	16	11	28	173	149
268	2890	973	8151	152	149
26	0	199	11	2893	149
0	34	79	149	324	149
106	13	357	46	152	149
13	30	0	201	188	149
80	9	228	13	185	149
37	9	105	13	222	149
16	59	70	193	186	149
11	4	0	8	247	149
11	33	11	90	247	149
486	1	717	3	1164	149
0	6	52	2	176	149
105	20	283	46	152	149
14	0	35	34	152	149
255	8	368	8	203	149
442	0	1815	13	455	149
543	8	1882	20	242	149
6	8	44	85	194	149
10	15	29	62	1196	149
9	12	23	50	187	149
34	87	62	282	187	149
9	5	2	18	187	149
15	10	12	35	155	149
2	0	31	9	194	149
0	129	13	113	455	149
15	9	25	64	326	149
0	11	40	60	152	149
79	368	506	1570	152	149
18	368	155	1570	155	149
3	64	40	391	152	149
360	20	1347	60	179	149
88	2	105	0	214	149
4	35	9	82	238	149
0	117	19	410	185	149
1	2	0	26	168	149
14	42	3	143	152	149
2	27	0	13	175	149
1381	0	1038	11	179	149
8	2	42	5	152	149
0	5	11	0	152	149
0	5	36	23	152	149
303	0	1063	4	735	149
469	18433	58	2959	188	149
15	4	225	9	270	149
14	9	78	15	263	149
15	215	15	242	275	149
485	4	342	4	164	149
173	0	162	12	192	149
452	11	377	0	308	149
770	35	405	0	254	149
0	36	2	96	201	149
0	20	28	127	208	149
7	156	5	105	215	149
147	7	82	13	174	149
27	944	0	288	176	149
313	0	393	8	153	149
27	0	138	12	397	149
1	3	32	0	326	149
11	0	8	9	749	149
0	4	8	0	152	149
42	138	41	220	161	149
205	28	195	36	152	149
13	36	20	59	229	149
61	20	271	45	152	149
3	0	83	6	186	149
3	0	63	9	152	149
4	2	85	15	1406	149
132	2	247	9	372	149
34	0	215	6	224	149
47	85	305	643	224	149
6	0	0	8	278	149
6	15	15	35	201	149
2	9	25	14	200	149
1	4	86	11	325	149
9	0	58	19	155	149
5	23	0	31	162	149
0	238	32	724	173	149
0	238	18	724	161	149
0	46	28	221	194	149
22883	0	107614	42	437	149
20336	0	97248	1	158	149
49	0	492	35	238	149
4	0	53	5	170	149
90	0	1109	5	154	149
7	0	10	24	286	149
2	756	0	1367	175	149
39	221	30	469	291	149
18	16	95	40	152	149
1539	2	1	0	220	149
14	554	0	1257	174	149
4	116	0	31	180	149
3	12	0	89	181	149
1924	6	1057	0	157	149
48	0	14	7	209	149
10	18	20	73	1306	149
22	254	9	92	168	149
51	316	78	130	521	149
1015	227	334	106	355	149
89	28	79	0	209	149
3	25	10	90	152	149
29	184	6	342	218	149
111	7	232	0	203	149
1210	1	1718	0	859	149
2211	37	5062	93	2087	149
146	10	725	30	154	149
125	5	17	0	189	149
2	475	0	196	176	149
0	21	16	41	208	149
17	0	214	17	221	149
307	11306	411	20525	292	149
294	11306	376	20525	194	149
4	19113	17	30876	181	149
11699	75	12394	259	286	149
30808	75	43253	259	254	149
33	46	244	136	421	149
3	213	39	454	166	149
33	653	13	598	177	149
6	33	31	83	242	149
1344	4	849	0	174	149
1	121	6	159	206	149
6	120	43	287	275	149
478	0	1292	3	161	149
86	32	198	15	175	149
0	67	12	356	152	149
2	21	0	322	178	149
3	4	8	0	152	149
3	1	8	0	152	149
24	24	11	72	152	149
1042	0	1765	6	1048	149
15	81	0	937	167	149
14	22	18	54	152	149
6	12	78	27	153	149
13	0	127	11	208	149
0	6	6	103	190	149
0	294	12	90	208	149
28	160	0	77	152	149
40	176	30	91	152	149
2	4	49	14	182	149
168	2	992	10	4740	149
1167	0	1600	7	170	149
147	15215	292	29118	190	149
25	134	152	583	262	149
6	154	11	302	171	149
56	68	253	90	534	149
25	5	35	10	152	149
8	8	198	25	209	149
0	4	61	148	318	149
1567	6	3672	7	1034	149
8	2	15	20	152	149
2	65	8	561	174	149
0	4	75	46	152	149
11	75	44	150	152	149
365	5	2059	238	1348	149
15	470	54	666	163	149
973	0	910	2	1178	149
8	5	54	46	152	149
49	0	168	11	153	149
10	333	183	6917	165	149
14	102	5	354	238	149
0	8	84	36	158	149
29	102	125	271	617	149
149	0	468	15	1526	149
139	12	367	112	789	149
10	27	33	103	551	149
1	178	17	623	168	149
22	4	120	12	168	149
848	17	1647	68	520	149
67	18	89	6	197	149
1	0	0	3	166	149
17530	2	25153	0	186	149
2896	2	3673	0	203	149
14	14648	55	21535	166	149
0	66	25	202	184	149
40	2	108	44	152	149
5	65	16	92	202	149
38	92	82	23	231	149
28	1	80	0	231	149
0	4	2	64	177	149
6	2	0	11	573	149
8	0	2	78	167	149
6	141	44	419	185	149
20	0	70	8	152	149
17	0	126	8	153	149
1212	1	2170	1	155	149
1340	102	2145	183	184	149
85	89	143	128	300	149
4	242	0	656	173	149
0	13	28	69	344	149
360	0	2847	49	186	149
29	1	481	0	396	149
9	1	219	0	319	149
2	0	141	26	152	149
64	7	80	0	306	149
64	4	72	0	306	149
139	139	241	251	152	149
91	16	351	0	153	149
265	15	627	39	209	149
0	2	5	72	279	149
20	167	16	296	334	149
136	0	3	7	215	149
571	3	1189	14	231	149
29	1	166	0	391	149
12	178	27	219	191	149
3	178	9	219	162	149
0	304	3	410	187	149
1114	3	922	0	342	149
929	0	1255	2	313	149
0	12	14	62	164	149
2	0	0	39	282	149
120	12	144	0	202	149
449	12	285	0	237	149
341	12	189	48	184	149
8	80	0	180	182	149
6	9	27	341	227	149
18	4	87	0	209	149
943	2	2555	0	485	149
0	27	2	150	172	149
9	6	16	32	1207	149
15	4	12	6	152	149
6	5	17	0	152	149
41	0	81	13	250	149
307	0	165	22	271	149
13	170	150	214	3787	149
426	28	1	0	224	149
3340	2	23925	62	224	149
1	18	0	25	164	149
6	214	6	822	167	149
0	2	22	39	232	149
37	13	17	58	191	149
128	0	127	21	161	149
18	264	4	58	248	149
5	0	78	7	152	149
2449	27256	841	18838	189	149
193	12	353	0	207	149
84	12	115	0	258	149
9	118	45	283	200	149
2	30	12	151	172	149
15	48	44	30	152	149
5	45	17	121	154	149
34	4	332	10	161	149
0	22	13	84	232	149
2	24	5	68	171	149
42	73	14	0	152	149
43	37	192	120	185	149
90	15735	170	33550	170	149
0	1	50	658	507	149
3	20	0	68	169	149
62	10	202	32	173	149
982	6992	613	2672	300	149
234	81	557	277	152	149
20	70	40	47	152	149
4	12	17	33	238	149
79	0	178	10	152	149
34	0	71	6	154	149
76	11	165	53	220	149
111	4	260	4	310	149
168	0	555	22	263	149
11	26	16	25	152	149
10	0	87	2	180	149
17	0	33	12	191	149
0	4	14	0	154	149
4320	1	12169	100	708	149
3434	7	7886	11	153	149
12	0	72	25	152	149
1197	570	1772	1220	258	149
2528	570	4644	1220	519	149
6058	570	16458	1220	1267	149
1350	19	2960	88	410	149
4880	19	14774	88	1158	149
3547	8	11814	0	897	149
0	487	17	2527	187	149
38	3	287	20	152	149
21	102	18	211	206	149
161	6	246	29	152	149
177	4	235	8	1383	149
0	4	23	0	152	149
186	19	1109	98	152	149
44	427	28	283	169	149
2	30	9	35	168	149
6	0	8	14	152	149
238	5	188	0	174	149
176	0	373	6	153	149
20	0	1	6	177	149
6	162	0	372	173	149
15	0	86	2	157	149
67	489	44	502	168	149
42	489	44	502	203	149
0	3	48	203	189	149
118	0	863	2	298	149
0	3	20	31	170	149
346	41	136	4	168	149
482	0	416	3	353	149
213	6	311	0	302	149
17	29	38	194	213	149
3	5	279	34	152	149
41	0	62	10	445	149
60	0	73	10	372	149
5	0	13	5	307	149
4	3	55	0	214	149
0	5	20	20	243	149
16	0	66	35	155	149
23	3	190	12	276	149
30	63	8	58	251	149
19	62	5	97	198	149
18	7	41	0	193	149
189	47	559	43	1196	149
0	10	7	10	152	149
35	7	12	0	152	149
40	37	14	9	180	149
146	2796	145	6693	189	149
248	3	84	0	234	149
4	33	0	120	266	149
29	382	56	1387	185	149
10	21	45	48	152	149
446	6	31	0	178	149
1576	277	48	0	152	149
66	0	171	19	629	149
3	40	14	143	173	149
0	40	14	143	168	149
29	7	135	29	177	149
2	43	0	104	162	149
3	32	0	85	163	149
21	0	607	4	262	149
30	36	186	17	209	149
64	0	104	1	153	149
0	24	27	177	167	149
4	0	0	22	227	149
0	57	33	130	284	149
1	22	0	21	162	149
17	22	43	21	229	149
17	1	43	0	216	149
5	13	0	10	222	149
568	2	690	0	157	149
0	153	17	1054	168	149
9	5	93	2	176	149
24	174	95	776	152	149
77	125	113	392	257	149
110	0	329	6	185	149
44	19	125	44	152	149
6	177	0	102	167	149
0	83	12	1148	219	149
2	0	7	2	153	149
94	0	873	2	156	149
42	44	6	20	163	149
432	44	92	20	370	149
400	10	86	0	356	149
5	152	13	125	165	149
237	3	207	0	245	149
67	8	86	4	329	149
5779	88	1	0	192	149
545	12	1208	0	197	149
9	37	30	15	152	149
206	0	240	8	176	149
97	0	195	22	170	149
200	14	860	193	152	149
0	10	26	180	194	149
24	0	64	20	152	149
92	1	376	0	209	149
9	116	29	272	179	149
90	2	205	0	335	149
197	2	448	0	305	149
0	5	1	0	190	149
8	51	0	52	1348	149
6	51	0	52	205	149
2	99	0	340	161	149
24	578	16	1586	189	149
2145	3	3520	14	983	149
121	1	136	0	211	149
7	1	63	91	152	149
24	51	29	57	152	149
325	24	1012	143	152	149
96	3586	472	15749	640	149
139	2454	271	1941	2781	149
1493	0	1790	18	413	149
0	11	12	140	255	149
90	4	208	0	225	149
43	315	101	614	169	149
5	48	0	45	244	149
5	2	5	0	261	149
48	2	50	0	166	149
45	40	24	36	244	149
4	87	1	43	167	149
15	11	47	116	194	149
45	344	30	290	159	149
1553	16	1411	37	322	149
1852	16	1671	37	312	149
7	175	2	142	152	149
1	131	0	570	183	149
2821	3	18	0	269	149
5585	407	72	0	153	149
6789	4	100	0	438	149
2836	33	35	0	342	149
236	0	1733	65	2700	149
13	10	37	0	170	149
34	64	26	97	389	149
3	64	0	97	206	149
4	24	4	177	165	149
11	183	34	876	193	149
46	91	152	361	152	149
33	573	31	545	155	149
50	159	116	194	667	149
30	25	88	196	3099	149
203	2	186	5	267	149
193	185	107	103	206	149
7	5	12	85	279	149
15	8	123	105	152	149
560	2	753	0	274	149
0	5	24	37	152	149
246	3	142	0	179	149
110	0	279	16	152	149
9	115	6	22	166	149
5	9	14	34	152	149
0	9	55	7	208	149
7	1	48	1	196	149
7	6	48	53	199	149
1	6	1	53	152	149
2878	14	199	0	207	149
6	0	254	19	176	149
129	0	183	6	191	149
323	75	479	125	183	149
232	6	238	0	188	149
11	0	10	6	152	149
9	0	17	20	195	149
81	1	80	0	204	149
246	25	237	28	201	149
250	9	237	0	204	149
29	9	28	0	152	149
31	15	54	52	162	149
81	7	77	0	192	149
0	2	6	0	197	149
6	21	11	44	262	149
1	1	23	21	152	149
19	30	5	33	184	149
160	6	196	22	199	149
2	0	410	66	196	149
9	207	0	597	168	149
31	254	93	533	1296	149
49	254	144	533	1815	149
20	2	59	8	668	149
4	180	15	471	172	149
4	180	15	471	204	149
13	0	27	4	198	149
19750	243	24351	459	206	149
4	2	19	14	206	149
6	12	6	52	206	149
12	144	0	57	152	149
906	3	349	0	319	149
787	6	1206	0	248	149
1	0	110	155	347	149
26	0	321	3	270	149
2	9	16	115	260	149
4	99	36	519	217	149
0	155	14	126	178	149
17	1	45	0	276	149
25	7	95	0	155	149
2	0	31	30	210	149
10	2	67	0	224	149
355	4	378	19	168	149
14	4	35	25	182	149
124	1	162	0	176	149
10	25	8	90	165	149
173	6	78	0	152	149
34	8	27	9	155	149
22	41	83	84	364	149
62	36	101	43	152	149
3	3	197	19	272	149
246	4	276	0	808	149
31	12	13	0	195	149
13	21	0	13	152	149
4	21	0	13	175	149
2	0	9	9	152	149
6	0	0	2	152	149
1	0	34	12	205	149
729	472	1344	1356	740	149
10	315	38	287	168	149
961	10	507	6	172	149
11	0	79	18	154	149
0	33	8	33	190	149
25	14	0	24	152	149
8	53	0	58	191	149
5	8	19	104	155	149
0	2	42	47	152	149
8	0	10	18	164	149
1	74	35	321	448	149
0	222	40	885	173	149
0	6	3	107	177	149
117894	18	48007	0	3489	149
0	10	16	40	178	149
21	40	87	40	264	149
45	5	45	0	151	149
26	5	92	0	266	149
26	5	89	32	264	149
68	5	193	32	547	149
47	5	106	2	432	149
50	48	106	89	154	149
7	1	44	7	181	149
21	162	8	290	224	149
40	3	81	14	154	149
0	1	4	25	203	149
159	6	321	0	152	149
12013	2	19565	1	1287	149
1	14	9	159	197	149
15	31	56	93	167	149
29	8	252	15	196	149
5	135	52	310	238	149
0	10	7	15	164	149
4	11	4	110	797	149
12	8	14	148	164	149
41	0	43	10	152	149
9	39	27	61	185	149
5	19	6	66	165	149
25	206	52	183	700	149
12	132	10	242	265	149
6	4	89	135	200	149
0	11	20	127	174	149
39	1448	23	971	219	149
31	1448	23	971	196	149
6990	455	968	41	189	149
1	29	0	130	284	149
111	7	184	0	317	149
28	5	147	0	197	149
230	159	282	174	152	149
5	1	18	90	214	149
31	1	185	90	195	149
9	31	18	74	195	149
203	106	205	53	152	149
6	4	16	0	152	149
0	73	2	104	188	149
612	4	185	0	325	149
2	197	16	375	170	149
10	5	4	29	507	149
4	17	0	84	151	149
0	22	12	27	175	149
37	75	121	49	181	149
217	26	101	28	176	149
3	0	30	4	190	149
259	1	540	5	251	149
231	304	240	316	461	149
4	9	28	2	152	149
0	4	19	20	2160	149
17	62	64	116	224	149
20	16	64	16	227	149
65	16	116	16	152	149
31	0	171	10	178	149
46	0	171	6	187	149
43	3298	27	2384	224	149
99	37	110	50	209	149
40	0	137	3	154	149
101	3	186	0	615	149
55	2	11	0	652	149
43	2	173	0	152	149
1	29	21	1946	199	149
1	15	69	122	184	149
9	0	73	38	152	149
8	1	56	0	186	149
18	354	9	705	183	149
1203	22	1114	19	281	149
249	22	139	19	191	149
53	1243	18	1114	164	149
86	658	251	2747	177	149
110	658	218	2747	184	149
32	8	45	78	156	149
177	50	34	34	902	149
147	0	13	7	413	149
6	18	7	57	152	149
0	4	15	0	152	149
9	3	44	11	314	149
109	1	209	0	196	149
0	3	3	20	200	149
13	9	0	70	152	149
118	86	105	56	152	149
100	0	123	12	192	149
10	0	77	7	260	149
0	12	3	73	171	149
16	15	46	3	257	149
87	6	344	0	201	149
871	21	111	0	187	149
9	965	0	110	151	149
219	11691	243	13197	329	149
2	35	0	108	171	149
43	4	75	0	169	149
20	1	32	0	152	149
0	2	22	44	209	149
3	0	18057	3509	161	149
4	8	0	4	152	149
20	5	68	10	152	149
27	14	30	28	290	149
170	0	1059	4	235	149
14	149	25	672	192	149
87	4	211	60	546	149
59	27	64	142	471	149
0	8	69	9	152	149
254	6	309	20	258	149
69	51	68	89	152	149
3	23	17	117	152	149
12	10	13	82	235	149
111	41	78	94	181	149
49	5	260	7	152	149
54	7	145	8	152	149
0	62	11	227	164	149
0	2	347	644	169	149
536	23	572	52	282	149
48	185	97	222	333	149
98	9	516	21	240	149
10	42	75	382	302	149
8	121	11	65	223	149
0	2	20	0	152	149
27	39	41	66	181	149
27	39	29	66	165	149
16	34	38	37	168	149
19	2	48	3	181	149
37	2	47	3	162	149
4	66	4	41	172	149
83	4	84	15	213	149
31	4	122	15	216	149
32	4	74	15	246	149
30	4	74	15	255	149
3	55	58	20	152	149
4	55	10	20	182	149
2	55	10	20	191	149
3	2	0	48	179	149
1	2	0	48	188	149
601	50	121	0	197	149
2	0	10	1	152	149
15	21	48	80	152	149
8	2	14	4	152	149
6	0	51	5	200	149
123	77	225	6	222	149
6	0	0	8	295	149
12	0	0	8	999	149
0	6	28	16	254	149
0	15	28	147	164	149
402	0	1111	56	3423	149
683	18	1404	47	3423	149
12	173	29	414	172	149
163	1	279	16	273	149
88	5	585	0	232	149
137	0	394	22	201	149
0	6	5	48	200	149
31	59	111	252	475	149
76	96	110	83	187	149
749	96	1115	83	199	149
19	49	153	296	152	149
90	49	655	296	171	149
90	19	643	141	168	149
32	103	4	35	231	149
12	0	66	17	156	149
14	18	202	60	1383	149
0	2	3	26	158	149
85	188	518	914	193	149
15	106	6	269	172	149
10	0	27	9	255	149
6	140	9	288	172	149
218	7	206	10	185	149
346	23	303	16	258	149
135	23	107	16	222	149
116	0	321	8	192	149
4	60	6	177	208	149
25	0	2586	19	191	149
20	3	67	27	153	149
353	5	1001	63	842	149
4	3	119	10	176	149
13	38	23	180	450	149
347	194	575	157	250	149
12	0	14	6	756	149
90	173	185	123	376	149
8	0	47	8	152	149
29	8	360	74	152	149
2	21	0	118	169	149
270	76	2157	1071	152	149
2	2	15	0	195	149
0	29	22	409	254	149
68	0	657	4	155	149
29	59	37	184	230	149
32	59	44	184	252	149
4	1	7	0	171	149
14	134	15	652	218	149
27	3	27	59	161	149
26	3	61	59	164	149
1	2	47	13	152	149
148	5	307	0	1018	149
67	9	55	17	152	149
31	3	85	27	152	149
8	0	51	8	152	149
448	5	713	0	153	149
32	122	2	124	152	149
31	2	55	0	662	149
13	0	0	7	271	149
9	93	10	360	170	149
186	4	647	0	248	149
13	75	93	234	195	149
112	23	120	27	545	149
51	41	89	178	590	149
114	81	60	124	949	149
16	4	16	0	257	149
41	1	70	12	152	149
5	1	0	12	156	149
2	38	0	70	153	149
22	9	57	0	155	149
11	712	0	5	215	149
0	18	3	160	173	149
376	19	307	37	152	149
192	28	252	0	164	149
6	7	27	51	152	149
38	0	47	15	335	149
0	6	8	5	189	149
3	52	0	133	176	149
39	8	64	61	152	149
34	127	81	327	202	149
4	37	45	150	152	149
0	6	4	11	167	149
37	9	117	8	210	149
41	9	86	40	307	149
62	9	131	40	324	149
21	0	54	9	166	149
6	16	6	25	239	149
140	35	348	167	152	149
24	527	30	1040	165	149
76	24	227	184	152	149
1851	37	956	114	376	149
5	2	0	25	155	149
64	0	443	2	154	149
3	57	0	293	161	149
254	14	169	0	152	149
2	88	41	122	318	149
15	44	109	77	501	149
7	12	101	12	152	149
0	99	25	484	184	149
73	60	129	132	758	149
498	0	1527	18	172	149
246	2	1331	31	154	149
15	29	133	136	257	149
0	28	32	158	190	149
61	4	97	10	493	149
48	6	135	0	154	149
2	25	0	154	169	149
3	0	9	13	173	149
26	0	163	13	153	149
1	73	0	251	238	149
323	2	546	8	488	149
0	14	15	66	154	149
4	14	0	66	1271	149
4	0	0	15	1266	149
0	9	35	119	169	149
0	33	29	10	293	149
11	0	218	28	181	149
6	0	59	109	833	149
52	21	216	26	152	149
6	6	183	0	180	149
144	2663	95	2423	179	149
515	42	410	81	240	149
11	370	0	417	183	149
196	24	271	57	187	149
0	86	15	255	170	149
70	6	406	15	181	149
222	0	180	7	178	149
6	0	35	7	184	149
6	14	17	28	187	149
35	14	79	28	379	149
0	16	6	85	166	149
23	4	35	43	334	149
6	24	9	464	167	149
2	192	10	199	152	149
0	9	22	23	152	149
2	4	12	0	152	149
130	0	511	5	207	149
55	0	256	7	154	149
15	3	250	30	153	149
37	5	64	15	181	149
236	7	305	0	251	149
204	7	256	0	219	149
617	20	783	41	1230	149
93	122	101	93	152	149
151	6	206	0	265	149
9	0	56	25	180	149
9	249	136	3278	173	149
253	0	3712	16	317	149
8048	19	8024	4	183	149
54	1	248	8	732	149
231	162	177	58	2494	149
106	666	228	1481	210	149
689	2	1545	0	550	149
921	2	2082	0	338	149
11	898	20	2032	168	149
96	34	3	0	226	149
22	0	26	36	1644	149
16	27	0	109	175	149
143	0	46	2	174	149
4	0	23	44	176	149
29	1	9	21	170	149
45	11	6	0	159	149
82	16	14	0	163	149
191	4	872	0	154	149
66	15	116	76	152	149
0	21	16	42	287	149
24	201	0	12	255	149
322	5	86	0	246	149
2	1590	0	99	168	149
7	15	16	82	152	149
90	6	121	8	180	149
3	28	0	121	207	149
101	0	1086	4	242	149
5	2	32	61	176	149
13	11	3	24	173	149
1336	209	466	87	211	149
53	20	52	15	158	149
239	3	233	0	192	149
206	1420	153	1800	827	149
14	1459	17	2503	153	149
5	33	6	45	188	149
100	12	253	10	3221	149
100	12	217	10	2723	149
122	34	113	100	152	149
25	0	260	10	153	149
6	28	66	117	230	149
2242	26	3836	58	175	149
12	0	137	12	161	149
45	12	171	35	1525	149
89	0	337	12	158	149
1	66	24	219	182	149
29	49	0	103	291	149
23	162	65	87	152	149
0	1	35	1326	164	149
12	0	14	30	152	149
26	0	99	24	190	149
38	6	94	12	152	149
68	16	203	33	175	149
21	39	157	116	152	149
57	4	155	18	219	149
1	13	17	53	153	149
8	81	0	164	164	149
54	3	160	0	200	149
4	39	2	155	214	149
0	10	3	26	167	149
20	2	18	0	154	149
112	26	396	96	155	149
5	1	0	13	301	149
14	107	99	26	233	149
1049	106	135	0	303	149
5	277	7	542	177	149
7	19	7	9	188	149
8	17	23	14	203	149
0	4	16	0	210	149
8	9	67	39	152	149
7	0	8	7	169	149
4	14	47	14	159	149
0	8	34	56	207	149
0	27	7	94	225	149
5	22	0	21	203	149
7	21	3	46	169	149
23	5	38	98	181	149
38	105	21	42	187	149
13	13	38	20	170	149
13	11	38	65	173	149
13	11	20	65	152	149
6	23	30	51	227	149
19	174	12	513	236	149
0	5	9	25	159	149
30	16	0	35	209	149
8	0	157	9	154	149
6	10	26	119	268	149
866	2	2908	0	160	149
23	48	47	129	152	149
1189	2	2085	0	151	149
108	14	675	27	838	149
115	0	542	7	152	149
16	191	46	220	164	149
236	5	1213	0	158	149
34044	9	130253	111	156	149
9	207	29	415	238	149
340	5	1309	27	517	149
6	34	0	57	173	149
38	1	78	0	209	149
43	0	0	22	204	149
16	0	154	23	185	149
4	33	16	39	1597	149
33	14	81	40	152	149
2	0	18	5	152	149
0	10	64	357	205	149
60	1141	157	7612	158	149
1	161	0	448	177	149
91	3	495	5	179	149
34	3	160	5	203	149
0	57	12	347	173	149
4	0	0	18	196	149
48	11	133	76	161	149
63	4	244	0	153	149
7	19	0	69	209	149
177	10	130	7	167	149
10	25	43	116	241	149
31	0	134	12	152	149
1	0	0	2	231	149
0	5	45	0	152	149
223	4	736	10	191	149
0	23	6	138	211	149
10	34	0	127	152	149
9	0	105	2	176	149
15	107	10	182	207	149
0	11	10	208	224	149
0	7	2	176	235	149
0	9	30	131	1162	149
3	6	22	0	178	149
10	12	0	31	687	149
3	3	25	169	847	149
17	7	34	25	173	149
9	80	11	417	276	149
17	80	33	417	226	149
13	84	8	56	278	149
0	81	3	158	272	149
0	5	24	0	293	149
5	48	7	595	189	149
1	23	43	200	167	149
120	34	394	210	152	149
132	336	652	1131	194	149
218	104	721	850	167	149
1421	7	323	0	257	149
0	2	1148	1385	152	149
11	220	0	149	231	149
11	160	2	248	530	149
80	0	39	32	152	149
6	9	16	17	169	149
37	6	38	41	253	149
8	0	56	80	152	149
3	0	42	17	217	149
11	0	47	17	220	149
8	0	8	3	152	149
0	6	15	0	439	149
0	9	8	63	205	149
142	13	263	3	170	149
4190	15	1895	0	212	149
22	3	73	0	154	149
0	12	20	142	172	149
4	0	17	31	215	149
0	3	105	10	199	149
0	17	21	197	277	149
3	0	185	8	259	149
1	2	0	221	167	149
2	66	6	534	169	149
41	0	75	17	197	149
11	32	19	74	200	149
0	23	9	36	168	149
3	10	43	0	170	149
8	178	5	238	294	149
1754	12	3567	0	1198	149
1862	5	1900	0	387	149
154	11	142	0	296	149
18	203	46	259	161	149
2	20	0	129	164	149
0	2	6	35	164	149
98	0	282	5	154	149
14	15	177	191	278	149
107	11	317	102	2408	149
27	0	247	22	154	149
6	0	45	26	152	149
20	0	176	48	243	149
18	0	71	48	228	149
490	0	577	25	322	149
86	2	396	0	275	149
199	6	196	0	186	149
90	173	63	145	174	149
224	100	165	66	153	149
56	1	5	0	199	149
9237	7	16299	5	583	149
33	0	914	29	1121	149
4	3	27	1	152	149
2	20	0	25	250	149
2	28	10	62	181	149
23	0	0	13	152	149
0	1	13	3	307	149
1289	1	856	0	212	149
15	133	33	955	282	149
1	11	29	177	900	149
0	2	2	17	170	149
0	14	29	41	244	149
13	492	12	680	173	149
31	818	51	748	225	149
14	12	66	27	152	149
21	12	163	22	152	149
19	437	0	74	501	149
62	346	124	103	223	149
2524	4	9696	0	150	149
19	16	34	146	152	149
85	1	300	0	184	149
210	21	1091	57	184	149
88	21	313	57	229	149
18	140	13	791	194	149
6	3	42	4	210	149
6	13	35	7	152	149
533	2	380	0	363	149
137	2	365	0	322	149
7	20	349	104	242	149
33	2	216	21	152	149
238	3	317	0	154	149
0	4	11	0	221	149
0	93	21	307	164	149
19	5	150	0	211	149
112	5	436	0	196	149
19	5	91	0	191	149
326	45	472	56	182	149
0	11	13	97	181	149
19	15	20	39	257	149
525	3	961	0	173	149
59	145	134	245	195	149
0	25	31	65	392	149
0	4	7	11	231	149
26	1	48	49	152	149
97	29	232	25	662	149
59	1460	36	1572	166	149
16	192	6	91	198	149
115	34	114	49	267	149
291	34	199	49	218	149
3	905	0	153	166	149
887	0	1867	16	1403	149
11	451	29	381	161	149
129	74	217	142	154	149
9024	293	165	0	186	149
9073	21	165	0	186	149
12	14	30	0	152	149
4	100	30	348	191	149
89	0	270	6	523	149
52	1287	110	3016	284	149
0	6	17	0	155	149
1	74	0	170	181	149
16	47	47	134	208	149
69	145	215	114	1030	149
143	4	126	0	152	149
0	12	38	20	178	149
40	1	160	65	152	149
6	0	100	15	203	149
37	433	0	179	169	149
821	8	94	0	7322	149
0	180	6	746	196	149
16	1128	98	9934	182	149
0	1147	15	10976	187	149
2	73	0	487	165	149
47	1723	126	6057	182	149
46	1723	126	6057	169	149
1790	1	6285	0	153	149
5	2	15	8	155	149
56	3148	117	12307	167	149
17	25	167	164	185	149
0	13	5	76	157	149
158	2	571	0	529	149
15	656	94	1875	166	149
16	5	29	0	152	149
26	0	47	8	335	149
105	1299	90	955	265	149
11	735	2	770	165	149
55	735	75	770	227	149
45	1	73	0	211	149
2	0	0	13	170	149
2	1	0	10	169	149
12	48	0	57	238	149
6	0	6	10	185	149
372	14	274	10	1213	149
20	1	11	0	154	149
6	2	21	266	169	149
0	3	13	10	152	149
5	0	16	15	290	149
5	0	51	143	272	149
5	0	61	143	258	149
3	14	40	39	326	149
3	8	40	99	326	149
7	4	22	2	197	149
16	10	71	11	152	149
382	427	150	208	152	149
17	7	141	79	158	149
2	1	13	0	215	149
0	3	17	0	152	149
7	0	34	8	225	149
8	0	71	14	225	149
1	62	6	106	180	149
0	3	7	67	195	149
14	81	27	407	303	149
10	81	27	407	179	149
7	4	34	14	234	149
7	130	34	458	237	149
4	130	14	458	152	149
6	0	7	29	152	149
31	30	112	70	152	149
5	122	15	428	164	149
4	3	15	0	164	149
7	70	0	359	243	149
162	57	163	100	167	149
2	1	31	0	160	149
2	286	0	214	178	149
0	3	12	22	203	149
11	0	38	30	152	149
163	0	99	4	1123	149
49	20	19	38	152	149
6	0	227	10	381	149
0	23	3	20	219	149
3	0	78	12	191	149
2	0	28	25	152	149
1	0	354	8	203	149
33	69	80	168	263	149
37	2573	23	6282	170	149
1858	31	2773	22	164	149
3	1	12	3	152	149
20	0	53	8	182	149
38	222	0	237	152	149
53	0	326	2	1577	149
129	0	518	18	1994	149
914	999	303	555	164	149
10	7	25	8	152	149
9	6	57	69	152	149
50	0	731	41	2479	149
49	7	8	0	252	149
269	0	486	4	581	149
0	97	14	148	162	149
5	156	59	131	200	149
12	124	0	36	228	149
75	6	98	19	153	149
26	21	118	0	154	149
8	0	24	14	154	149
4	40	26	304	172	149
1275	8	73	0	545	149
20	0	26	12	295	149
7	0	0	12	222	149
10	21	32	46	249	149
13	25	87	108	223	149
8	0	6	102	287	149
135	2	137	0	154	149
161	5	476	57	467	149
95	5	245	57	437	149
34	2	243	45	152	149
4	10	11	79	175	149
34	0	222	12	155	149
72	27	189	205	1503	149
0	101	56	466	180	149
81	5	30	0	169	149
144	37	65	8	153	149
5	140	0	402	162	149
289	45	1258	617	357	149
1609	4	1288	0	220	149
1439	1	1561	2	396	149
30	3	216	0	180	149
294	10	591	23	216	149
138	6	524	10	240	149
191	7	2230	37	2958	149
9	2	39	0	152	149
2	0	12	15	152	149
10	0	350	72	293	149
59	18	165	376	152	149
0	45	14	242	161	149
4	182	14	210	1188	149
241	65	246	65	152	149
665	0	3508	6	156	149
13	0	40	18	167	149
283	266	213	94	152	149
103	5	190	53	152	149
357	28	938	364	741	149
2	1	7	0	181	149
62	2600	71	4599	315	149
14	9	90	70	152	149
3	0	83	8	152	149
1	0	49	7	289	149
39	8	63	0	202	149
50	190	20	108	152	149
12	29	10	58	152	149
482	389	633	339	167	149
86	389	82	339	202	149
21	417	9	560	184	149
429	6	1266	12	152	149
41	13	71	8	973	149
0	30	11	31	166	149
563	6	782	0	209	149
6	7	51	26	2667	149
126	12	587	22	2160	149
55	12	53	22	388	149
0	137	15	308	223	149
32	1	131	64	152	149
2	36	12	50	244	149
21	20	26	71	174	149
12	35	172	257	365	149
102	29	15	7	383	149
89	29	15	7	361	149
22	52	13	18	225	149
723	0	1306	11	881	149
807	1035	1404	3340	1452	149
47	0	160	8	870	149
9	392	14	1550	215	149
9	392	14	1550	171	149
303	3	200	7	232	149
12	50	7	51	248	149
14	8	7	9	267	149
52	8	51	9	168	149
19	0	218	75	152	149
174	6	165	0	191	149
26	6	12	0	175	149
7	55	0	31	257	149
0	18	1	12	152	149
47	17	157	10	354	149
48	3	153	4	354	149
47	45	166	47	354	149
0	5	13	143	255	149
10	5	83	143	201	149
48	0	207	19	158	149
3	15	8	89	209	149
38	0	103	6	179	149
4	223	5	231	179	149
4	0	14	48	161	149
19	101	10	216	154	149
0	74	16	265	163	149
23	0	161	11	176	149
16	12	13	0	152	149
6630	0	27638	10	158	149
6009	1	23556	64	170	149
22	3176	119	16190	266	149
47	1217	602	5959	292	149
0	1	28	0	194	149
6	0	88	22	202	149
11	118	25	244	240	149
46	360	79	1122	247	149
0	2	12	5	152	149
8	2	58	5	213	149
46	15	355	32	173	149
78	7	451	181	1428	149
46	25	701	137	924	149
0	128	15	983	178	149
0	128	36	983	265	149
25	94	83	203	333	149
53	9	96	88	439	149
26	0	145	6	174	149
61	116	199	336	152	149
1	17	72	110	152	149
125	10	1402	25	153	149
145	6	224	0	230	149
3	10	0	114	189	149
0	6	20	28	182	149
39	4	191	0	152	149
2028	19	38	0	601	149
72	19	223	127	152	149
29	0	180	21	152	149
0	17	29	18	171	149
2	7	37	20	152	149
12	12	4	33	189	149
10	16	4	64	229	149
435	1	694	0	185	149
898	0	1002	21	763	149
1580	5	1134	0	223	149
2050	3	1371	22	268	149
475	3	237	22	194	149
404	24	677	26	259	149
44	2	213	0	187	149
7	18	38	65	152	149
74	0	139	42	217	149
715	15	700	0	358	149
12	3	99	0	168	149
40	31	47	17	233	149
4	21	68	48	308	149
158	0	923	7	494	149
0	73	17	954	182	149
0	10	48	314	393	149
7	0	8	10	205	149
250	5	310	29	227	149
99	448	382	641	1233	149
3	5	19	24	520	149
17	0	32	4	170	149
1	128	51	640	212	149
637	0	5816	31	188	149
52	232	179	251	553	149
5	3	54	43	152	149
12	0	40	2	152	149
7	227	0	112	170	149
14	9	0	85	255	149
47	8	93	0	154	149
0	1	3	13	215	149
0	6	9	50	190	149
162	1	285	0	170	149
4	0	6	11	166	149
4	0	6	12	241	149
906	0	3939	9	1028	149
161	37	133	0	668	149
0	3	91	143	153	149
24	0	148	10	153	149
0	43	22	216	333	149
183	23	578	64	187	149
17394	0	26396	33	861	149
185	5	898	0	1043	149
18	0	95	15	152	149
14	16	22	27	152	149
19	0	84	10	456	149
64	52	205	101	152	149
406	94	272	155	161	149
436	10	415	15	170	149
4961	22	6639	4	153	149
12	0	111	18	580	149
25	388	0	398	324	149
23	388	0	398	257	149
6	8	0	41	227	149
63	69	12	22	194	149
61	269	65	16	164	149
16	146	31	174	170	149
269	10	1043	14	233	149
4	78	28	474	175	149
0	4	41	21	319	149
0	4	48	21	347	149
11	30	18	24	390	149
0	44	27	58	287	149
22	1	394	83	152	149
23	7	1063	10	225	149
52	0	2009	54	225	149
332	0	5554	41	1015	149
368	37	5979	832	1015	149
20	47	315	817	152	149
157	17	2305	201	152	149
35	62	91	76	232	149
2	2	66	0	179	149
67	10	503	33	152	149
14	0	120	18	152	149
14	8	59	12	233	149
1	46	0	209	185	149
15	171	53	223	426	149
3	157	36	144	199	149
11	136	27	146	243	149
2	226	10	272	499	149
27	471	0	535	201	149
1322	7	430	0	201	149
365	12	112	0	201	149
143	0	264	6	181	149
0	6	15	62	167	149
6	7	0	5	223	149
61	32	65	37	299	149
24	1	103	25	152	149
50	275	79	508	164	149
3	0	0	8	169	149
15	9	19	30	152	149
2	57	0	13	164	149
0	40	21	72	236	149
12	6	44	48	152	149
1	0	16	115	227	149
38	56	34	87	169	149
3	11	3	142	152	149
2	0	52	11	152	149
28	53	69	180	152	149
0	39	39	790	181	149
3	218	0	295	175	149
10	131	4	162	186	149
13	12	43	4	196	149
23	12	42	4	667	149
19	9	42	43	620	149
322	10	847	22	153	149
13	7	119	16	346	149
8	7	75	16	288	149
2	4	0	49	223	149
172	5	506	6	152	149
0	69	20	222	172	149
1659	61	322	0	567	149
2191	61	896	0	924	149
754	222	575	1	506	149
2121	20	1812	12	160	149
1600	13	1836	0	152	149
0	323	1	977	167	149
3	148	13	992	232	149
0	79	19	515	170	149
0	79	19	515	185	149
0	79	19	515	252	149
135	158	538	449	2765	149
103	158	471	449	2377	149
3	20	17	50	152	149
47	11	437	296	588	149
10	0	363	24	1561	149
4	0	18	11	181	149
4	0	18	11	167	149
0	4	31	0	204	149
5	43	38	165	170	149
508	19	1241	35	186	149
34	143	28	428	268	149
277	2	562	0	191	149
3	221	0	456	172	149
14	0	72	10	266	149
0	2	7	56	214	149
47	0	562	6	206	149
48	25	9	0	202	149
61	1	194	11	254	149
0	8	5	0	164	149
6	12	69	25	3884	149
11	7	83	58	3985	149
42	15	181	38	212	149
261	21	899	85	152	149
98	8	87	45	154	149
11	117	0	144	170	149
11	14	22	0	173	149
117	14	166	0	152	149
151	231	127	270	152	149
177	123	198	186	152	149
121	4	92	1	225	149
0	1	205	5	220	149
2	50	0	172	168	149
39	0	464	14	151	149
1	46	0	425	175	149
272	0	321	13	1306	149
2857	661	1099	380	152	149
90	0	157	1	154	149
242	21	601	113	555	149
3	70	10	91	167	149
47	0	56	3	154	149
18	25	7	49	257	149
247	2784	296	1438	211	149
874	4	1345	14	3399	149
11	34	23	171	164	149
1	0	191	28	152	149
0	70	22	66	184	149
444	9	245	7	152	149
9	6	68	23	387	149
23	0	51	14	185	149
24	6	71	8	224	149
1	6	34	8	188	149
93	33	407	30	448	149
1021	40	556	21	1973	149
5	472	13	385	231	149
95	139	128	437	159	149
10	0	0	13	175	149
22	230	212	1759	230	149
6	273	64	2381	177	149
126	6	1226	25	642	149
2	0	1513	41	272	149
5	0	20	14	200	149
2	95	15	410	180	149
66	186	46	56	152	149
184	5	521	33	1461	149
5	0	21	4	221	149
5	33	40	96	221	149
5	0	61	1	225	149
33	0	117	1	153	149
0	1	13	48	169	149
0	27	19	319	204	149
0	8	2	1	152	149
9	2	19	0	152	149
54	3	109	0	152	149
164	9	304	28	476	149
2	2	52	0	152	149
28	27	18	38	207	149
15	4	29	0	164	149
51	0	41	11	164	149
10	232	12	179	165	149
65	2	122	0	206	149
287	2	289	0	190	149
2049	2	4441	14	221	149
799	6	563	0	213	149
111	3	64	3	176	149
355	3	274	3	213	149
244	0	212	2	186	149
25	6	57	18	257	149
23	164	57	208	257	149
2	110	2	455	171	149
10	0	182	20	152	149
266	13	106	0	177	149
24	303	77	1167	340	149
139	11	144	6	154	149
356	4	385	0	258	149
5	28	0	58	174	149
14	1	59	2	212	149
197	3	86	0	152	149
1	13	19	0	331	149
7	6	9	35	179	149
191	7813	662	32994	152	149
250	9394	1220	39467	238	149
11413	0	46974	25	185	149
9461	47	39787	395	537	149
2953	21	9202	83	199	149
22	7	51	14	685	149
33	302	84	922	979	149
18	302	47	922	443	149
45	1351	61	1547	207	149
3	0	0	5	286	149
46	402	31	1239	380	149
1198	0	2136	11	1388	149
5	9	35	33	152	149
0	2	124	5	166	149
163	9	1677	0	211	149
6	2	2	0	155	149
212	81	113	104	196	149
13	55	0	8	206	149
0	142	5	425	182	149
17	3	8	0	153	149
10	92	0	50	181	149
1	14	15	140	164	149
21	3	139	73	152	149
2	0	10	18	263	149
8	107	33	1426	175	149
0	86	43	1267	165	149
72	20	55	39	166	149
6	9	0	17	154	149
358	88	277	53	953	149
179	151	212	92	167	149
232	165	154	127	152	149
70	6	94	13	157	149
0	5	28	0	274	149
10	5	88	0	337	149
92	86	228	310	152	149
8	10	37	0	171	149
9	69	49	246	171	149
9	3	6	0	152	149
4133	9	16816	0	151	149
47	43	0	9	153	149
2	0	126	10	153	149
0	6	6	127	152	149
2	3	0	92	246	149
1	7	47	79	264	149
22	5	46	46	226	149
2	0	0	1	183	149
235	0	582	5	172	149
67	130	160	390	331	149
800	17	1003	33	196	149
2	4	7	26	198	149
2	0	82	15	154	149
62	13	161	26	155	149
19	97	8	93	217	149
0	39	69	179	220	149
10	0	167	11	254	149
49	0	277	11	183	149
12	221	56	633	292	149
33	17	72	110	378	149
1	248	19	430	309	149
34	4	94	0	152	149
87	6	324	0	189	149
34	13	215	14	198	149
4	4	47	16	198	149
0	15	43	133	267	149
0	12	3	180	163	149
28	0	91	31	203	149
104	7	116	0	666	149
8	76	14	108	195	149
6	3	3	0	176	149
4	0	0	53	197	149
36	0	355	12	180	149
82	0	335	4	168	149
3	0	20	6	152	149
10	6	37	0	151	149
242	21	103	0	1018	149
23	2000	0	401	178	149
1851	19	387	0	179	149
7	0	142	13	568	149
39	1	241	10	232	149
172	7	171	0	161	149
28	4	24	90	152	149
524	34	20	4	154	149
12	69	0	13	390	149
2	23	10	595	200	149
0	24	50	208	246	149
152	272	114	250	270	149
619	0	445	9	696	149
5	2	8	97	196	149
114	11	299	25	152	149
735	0	1875	14	308	149
53	238	113	315	168	149
973	110	2141	671	308	149
10	2	17	0	223	149
4	6	16	26	270	149
27	2	74	0	218	149
34	14	12	0	193	149
10	6	2	0	152	149
537	12	2554	0	261	149
424	5	1606	30	154	149
0	86	17	341	166	149
62	8	252	40	241	149
11	6	100	5	152	149
2	24	46	16	152	149
4	0	24	94	427	149
3	82	0	160	194	149
3	1	0	15	182	149
51	2	57	35	155	149
20	63	18	147	315	149
84	0	225	19	153	149
10	29	219	162	814	149
50	9	126	0	198	149
104	11	93	12	259	149
30	24	196	37	153	149
1	4	256	103	281	149
22	6	25	7	251	149
1436	788	585	282	224	149
21	24	60	62	398	149
2	54	36	132	187	149
77	22	92	46	394	149
16	22	2	46	219	149
2	8	13	19	418	149
0	18	57	13	320	149
1	1	9	0	198	149
4	0	10	1	152	149
8	14	10	118	186	149
0	46	5	192	177	149
4	4	13	18	152	149
2	0	31	6	168	149
12	0	157	6	171	149
12	2	141	15	152	149
11	11	63	20	318	149
16	1	46	0	154	149
46	1	205	0	416	149
38	1093	35	1763	169	149
13	1037	61	1917	184	149
12	382	52	1018	191	149
5	0	0	6	182	149
1	0	114	41	206	149
6	1	18	113	186	149
0	14	7	57	216	149
356	6	3462	72	251	149
8488	48	18856	91	2027	149
715	257	1406	219	671	149
7628	257	17710	219	1359	149
6927	14	16355	51	837	149
1425	10	5240	0	470	149
21	18	45	29	152	149
0	6	112	76	154	149
6	0	46	21	296	149
0	6	8	46	839	149
7	3257	0	3737	260	149
185	1	51	0	188	149
98	2	963	59	155	149
5	0	0	6	187	149
5	29	0	175	169	149
50	72	265	260	538	149
8	182	0	2	154	149
13	271	109	1534	185	149
6	0	98	8	209	149
11	0	273	8	213	149
2395	79	778	2	191	149
991	7	654	0	212	149
3	2	0	7	152	149
0	5	39	39	339	149
13	402	40	360	162	149
15	0	188	27	245	149
2	0	32	27	217	149
0	7	14	217	198	149
71	16	82	25	1384	149
28	76	325	332	348	149
5	33	3	569	200	149
5	33	3	569	219	149
130	4	602	0	294	149
0	30	4	178	195	149
63	6	116	0	209	149
271514	3574	138	3	205	149
102149	3574	44	3	421	149
7688	177053	0	94	365	149
94564	5	44	0	205	149
7232	0	8730	8	1118	149
2	151	27	548	209	149
13	41	32	97	217	149
0	15	68	50	185	149
2	0	34	17	170	149
21	0	82	4	154	149
6	7	0	9	297	149
10	0	78	27	273	149
2	0	82	19	170	149
2	48	0	86	329	149
340	1	1834	18	211	149
1	1	0	9	153	149
2	0	104	16	356	149
11	0	37	5	152	149
49	32	34	78	152	149
24	53	89	175	179	149
1550	2	1241	16	3223	149
78	7	192	11	153	149
87	0	337	8	945	149
11	49	0	160	207	149
12	0	23	9	259	149
34	0	190	6	170	149
12	2	44	0	152	149
7	0	0	163	164	149
6	0	30	120	167	149
17	0	205	12	210	149
2	140	45	206	196	149
102	4	250	0	271	149
54	8195	194	6150	174	149
8	40	0	71	185	149
19	32	61	81	464	149
11	271	25	496	271	149
13	0	31	4	168	149
3	14	0	82	188	149
11	2	87	50	164	149
7	8	59	37	188	149
31	16	167	99	360	149
32	16	145	99	321	149
3	34	11	183	202	149
2	0	24	21	193	149
331	1349	0	17	170	149
9165	0	1729	11	1405	149
4	12	58	67	572	149
4	8	56	8	190	149
2181	0	19518	9	720	149
61	561	80	1977	174	149
290	31	1442	100	185	149
182	0	1683	10	201	149
7	58	0	16	152	149
75	113	21	114	223	149
4	13	26	0	160	149
32	21	165	103	169	149
1162	22	3350	32	153	149
11	359	0	962	169	149
85	1	156	23	152	149
24	58	860	917	152	149
24	1584	49	2338	179	149
47	251	0	11	168	149
568	40	8	38	385	149
19	133	1	0	167	149
175	333	18	24	517	149
0	37	13	172	231	149
24	1559	86	2139	164	149
85	5377	37	3381	556	149
94	16	37	0	556	149
99	6617	45	3514	176	149
18175	9	6765	0	203	149
21423	55	7719	0	260	149
3257	55	954	0	206	149
71	296	169	363	505	149
312	4	433	0	193	149
799	18	781	35	392	149
136	2	757	0	187	149
192	3	491	12	203	149
1110	46	1550	118	1097	149
9	457	22	484	259	149
17	1	11	10	185	149
2	63	32	203	199	149
11	36	74	251	275	149
96	0	282	6	199	149
2	0	48	22	153	149
33	0	277	2	159	149
13	87	0	299	190	149
53	8	203	29	155	149
6	1	30	0	455	149
5	696	19	981	174	149
4	218	0	199	176	149
38	68	46	98	1250	149
2	108	0	628	192	149
73	4	55	0	174	149
370	1	693	0	293	149
8	0	101	12	152	149
8	93	33	106	322	149
4	93	11	106	348	149
177	13	814	16	152	149
160	136	34	20	187	149
1	0	23	18	203	149
1	80	23	141	207	149
0	80	18	141	153	149
175	1	237	0	210	149
11	225	6	155	160	149
476	3	530	0	806	149
345	2	161	0	178	149
6	321	0	151	169	149
0	31	13	202	213	149
1854	5	3271	10	160	149
5	10	62	0	269	149
5	10	61	0	309	149
5	3	62	0	265	149
5	3	61	0	305	149
945	1	4174	0	152	149
34	584	99	3085	168	149
1055	3	6386	10	184	149
227	2	1576	35	199	149
9	41	11	138	244	149
4	25	62	52	152	149
5	4	22	79	202	149
5	34	22	118	205	149
4	34	79	118	152	149
15	107	42	186	367	149
35	0	163	26	386	149
0	2	3	0	181	149
8	15	15	13	165	149
318	17	196	7	1444	149
18	12	48	0	351	149
90	5	732	14	1341	149
0	13	40	30	152	149
3	199	0	709	156	149
182	351	390	314	1810	149
68	430	42	338	272	149
10	7	171	181	152	149
0	28	12	192	177	149
4580	2	1363	0	497	149
3	21	0	66	185	149
3	5	72	61	197	149
0	10	18	12	172	149
33	0	36	8	280	149
18	3	32	0	160	149
1	3	63	17	154	149
0	3	14	267	171	149
63	0	807	31	179	149
2	3	7	236	253	149
0	23	7	21	169	149
25	0	143	12	153	149
13	0	232	5	226	149
95	6	225	0	817	149
2	50	0	199	314	149
5	12	64	20	230	149
110	16	304	4	816	149
1012	1	8166	45	152	149
0	188	12	766	166	149
5	104	6	565	255	149
2	104	6	565	263	149
2	58	19	274	171	149
8	0	265	7	281	149
26553	2	1281	0	2012	149
203	28	612	39	239	149
8409	8	14405	37	158	149
18660	36	25659	39	221	149
120	2	199	0	313	149
0	1	12	2	152	149
407	42	387	9	153	149
379	14	833	24	211	149
5432	47	30908	226	197	149
110	2521	501	11918	219	149
19	0	52	23	152	149
3	0	0	14	152	149
468	11	881	26	1710	149
1562	7	775	0	358	149
48	1	14	0	151	149
1	8	0	19	213	149
17	44	39	105	963	149
10	3	37	10	152	149
8	201	17	249	165	149
377	239	595	369	152	149
5	20	31	65	152	149
1680	6	3388	0	549	149
1620	2	3149	0	347	149
260	6	762	12	549	149
1375	6	3193	12	1127	149
1149	9	2467	0	727	149
2213	10	6340	0	461	149
1539	2	4928	0	378	149
5	34	0	163	163	149
31	10	155	0	305	149
37	2	163	0	261	149
6398	5	33	0	169	149
93	16	110	30	183	149
63	0	250	1	160	149
16	0	54	16	482	149
88	50	474	187	1761	149
88	0	474	11	1763	149
50	0	187	11	151	149
26	0	160	13	152	149
0	21	29	300	152	149
62	1	465	0	176	149
220	15	445	71	152	149
18	0	73	28	264	149
5	18	4	42	152	149
55	15	778	43	668	149
10	267	8	343	226	149
18	210	53	186	278	149
1	15	1	113	185	149
9	0	80	5	464	149
8	11	68	41	171	149
3177	4	3562	6	164	149
3	0	47	10	152	149
646	10	481	0	161	149
942	47	659	68	239	149
11	583	10	406	182	149
29	318	44	183	152	149
54	318	59	183	203	149
79	318	59	183	224	149
48	23	28	13	200	149
73	23	28	13	221	149
10	7	31	4	152	149
676	6	610	0	1771	149
27	1	98	0	395	149
18	9	31	15	251	149
44	5	124	31	152	149
0	182	10	783	178	149
222	32	1148	0	156	149
2	12	53	30	1341	149
184	68	110	51	209	149
23	3	408	4	153	149
10	4	0	41	169	149
0	2	4	0	924	149
2	16	31	24	1017	149
37	4	57	0	152	149
0	11	10	78	175	149
214	0	765	6	279	149
12	1	34	7	235	149
33	0	143	2	211	149
100	34	121	127	155	149
4	2	16	45	292	149
4	2	16	0	292	149
214	2	76	0	204	149
1739	6	220	12	373	149
1527	6	144	12	318	149
37	0	358	10	194	149
5	24	0	15	152	149
37	0	96	7	198	149
1	462	0	355	163	149
1301	15	921	34	648	149
28	23	61	0	152	149
277	21	192	10	246	149
1858	21	1521	10	690	149
1614	33	1329	0	593	149
1173	4	1051	0	157	149
1400	10	3735	13	3034	149
46	9	131	7	214	149
14	73	23	90	152	149
163	0	218	4	173	149
300	14	288	22	247	149
33	24	13	5	152	149
11	0	108	2	270	149
16	0	32	57	194	149
0	33	12	50	268	149
276	1	145	0	558	149
577	5	200	0	707	149
302	5	55	0	298	149
16	5	44	0	766	149
77	16	2	0	165	149
5	4	7	9	226	149
6	17	0	32	236	149
6	17	0	32	240	149
6	17	0	32	251	149
37	17	35	44	373	149
0	6	12	82	177	149
20	0	22	6	271	149
9	264	35	591	170	149
7	0	0	3	295	149
6	0	76	6	152	149
13	0	10	11	152	149
14	220	2	568	165	149
6	200	20	481	397	149
200	2	482	0	153	149
11	3	50	34	152	149
0	41	6	44	170	149
12	884	4	96	166	149
6	856	22	103	241	149
2	856	22	103	244	149
935	21	161	0	193	149
8	438	0	229	314	149
10	358	0	287	190	149
196	0	270	9	152	149
8	145	6	166	191	149
35	0	35	15	181	149
173	2	706	23	252	149
75	1	363	11	181	149
0	137	56	1089	270	149
8	712	0	403	164	149
0	4	22	0	176	149
45	52	75	133	1890	149
188	21	75	10	271	149
0	6	54	61	193	149
3	2	97	15	161	149
62	320	58	843	398	149
18	13	102	174	169	149
43	13	278	174	200	149
25	0	206	30	180	149
35	382	115	1681	169	149
234	382	1271	1681	200	149
216	17	1199	43	180	149
0	480	31	695	182	149
0	3	1	3	218	149
23	0	147	11	195	149
5	0	290	74	152	149
0	5	12	288	326	149
0	5	29	288	440	149
243	8	5	0	209	149
240	92	8	116	209	149
106	3	317	17	253	149
104	0	258	18	155	149
58	10	89	69	362	149
1694	4	1750	32	289	149
11	1088	17	1159	168	149
5676	272	2122	232	153	149
164	0	91	10	243	149
6	36	24	966	270	149
0	26	10	53	166	149
12	6	80	45	375	149
20	51	126	456	1494	149
20	0	145	21	1497	149
51	0	475	21	152	149
108	42	441	145	152	149
281	116	787	155	2559	149
124	0	185	40	155	149
15	78	98	137	230	149
19	17	220	88	152	149
112	22	220	0	499	149
6	16	22	12	227	149
7	0	102	21	153	149
0	2	54	0	153	149
134	1	150	0	209	149
25	308	0	204	172	149
8	0	5	5	171	149
18	8	22	48	153	149
67	4	303	8	1078	149
9	9	33	39	152	149
27	263	66	455	194	149
190	0	649	120	1491	149
1	0	23	4	152	149
0	6	14	120	162	149
1	13	9	30	180	149
47	0	47	10	310	149
59	0	68	10	279	149
193	34	246	52	152	149
18	0	85	2	152	149
0	14	92	0	191	149
202	4	182	0	315	149
1	16	0	57	155	149
0	84	1	105	161	149
127	38	146	75	152	149
0	20	13	96	152	149
6	29	31	55	281	149
1862	0	10202	11	1638	149
0	112	5	721	193	149
59	346	29	160	170	149
23	312	51	143	204	149
34	312	75	143	363	149
20	9	34	10	308	149
13	51	10	16	184	149
1	33	30	400	287	149
0	48	27	427	152	149
15	4	18	21	152	149
30	3	26	38	1089	149
18	3	35	0	319	149
30	11	15	103	215	149
92	12	85	0	152	149
2	82	0	76	170	149
3	9	0	48	215	149
3	0	55	3	153	149
46	0	194	6	213	149
1077	98	903	140	786	149
235	8	383	34	154	149
17	8	31	34	178	149
2	326	0	342	170	149
61	6	37	12	165	149
25	0	125	6	173	149
17	3	107	0	163	149
1	3	16	0	187	149
6	0	14	40	152	149
0	2	15	0	172	149
114	2	120	0	152	149
57	0	101	4	153	149
4	146	29	141	222	149
58	660	67	523	173	149
103	415	115	355	173	149
11	8	6	5	1339	149
543	4	1258	0	204	149
20	2289	41	8893	200	149
24	2289	41	8893	213	149
1	1	47	12	284	149
11	89	9	412	169	149
26411	6	238	0	154	149
4	88	41	208	188	149
88	4	232	2	154	149
35	0	212	5	161	149
147	4	1714	0	206	149
7	481	0	3833	170	149
11	1	15	4	152	149
7	2	12	6	152	149
21	15	9	8	164	149
7	0	16430	9650	167	149
57	14	61	43	303	149
97	19	127	12	451	149
108	0	127	7	474	149
54	19	109	12	297	149
65	0	109	7	320	149
30	0	12	7	172	149
7	0	0	7	161	149
63	108	191	429	152	149
13	189	102	711	173	149
5	4	9	91	277	149
701	70	3652	268	158	149
10	468	0	162	202	149
1	684	0	91	206	149
1	86	0	275	179	149
12	0	469	12	254	149
581	40	175	11	153	149
0	14	5	56	181	149
1	112	16	861	160	149
8	243	5	372	208	149
2	3	0	169	165	149
118	12	192	11	166	149
7	175	81	184	235	149
9	3	117	14	174	149
30	495	6	319	430	149
19	0	45	20	153	149
233	0	506	24	830	149
0	28	20	78	239	149
0	2	17	0	160	149
4	48	45	236	266	149
38	6	230	14	167	149
34	11	176	45	152	149
12	150	23	141	238	149
7	81	21	57	223	149
64	4	322	1	191	149
8	2	39	0	184	149
135	21	70	0	498	149
8	934	12	1931	170	149
677	0	1492	14	2792	149
2	5	31	56	182	149
13	0	45	11	152	149
0	9	24	319	180	149
0	1	10	172	177	149
3	0	20	18	152	149
9	228	11	215	185	149
0	97	19	207	209	149
0	41	7	159	239	149
8	9	66	36	152	149
28	838	101	1979	211	149
611	94	974	37	2028	149
324	11	286	12	188	149
10	13	23	4	152	149
0	34	22	109	244	149
0	15	19	68	164	149
26	607	16	645	242	149
1307	14	1011	0	188	149
2	0	30	13	191	149
0	19	59	59	203	149
3	0	174	5	180	149
36	213	117	360	483	149
8	1	30	0	154	149
92	16	172	0	153	149
141	94	472	40	1029	149
11	2329	12	2117	176	149
6	243	36	1506	172	149
55	1009	91	1548	194	149
68	66	101	137	196	149
1022	66	1558	137	151	149
8	0	35	8	228	149
158	14175	221	26274	203	149
2	12	2	344	219	149
6	0	102	5	172	149
11	10	20	34	152	149
40	7	83	0	165	149
18	7	25	0	199	149
15	37	21	79	183	149
3	17	0	25	233	149
264	52	573	53	177	149
1235	445	2107	585	154	149
70	5	120	9	154	149
2774	2	4286	0	184	149
93	5	130	0	165	149
1208	5	856	3	517	149
1357	20	800	7	157	149
5057	1	2580	10	155	149
7625	78	7452	77	244	149
116	2718	168	3531	527	149
122	6	224	11	152	149
72	5	180	0	152	149
15	2	15	1	152	149
393	13	523	9	393	149
6	195	47	620	369	149
15	42	56	142	184	149
338	0	842	13	641	149
150	5	293	33	160	149
17	191	0	170	167	149
1534	7	1092	0	359	149
1194	96	1352	76	200	149
2	1	0	28	164	149
0	6	16	14	261	149
550	6	1383	10	241	149
4	37	17	66	171	149
46	4	225	0	154	149
0	184	1	192	167	149
1	3	13	0	192	149
26	29	173	159	235	149
38	0	118	6	152	149
1184	10	1533	0	198	149
0	201	28	560	161	149
18	461	44	576	183	149
18	461	44	576	171	149
78	7	70	1	152	149
0	6	56	5	164	149
4	7	0	52	185	149
110	7	134	5	153	149
3	180	9	217	227	149
0	14	14	16	161	149
18	155	13	123	166	149
172	6	263	0	489	149
148	2	186	0	324	149
7	188	14	110	216	149
3	188	14	110	172	149
147	14	244	0	577	149
22	1900	0	4137	180	149
11	1	163	65	171	149
39	1	399	65	217	149
32	4	353	117	195	149
741	2	346	11	169	149
105	4	147	0	189	149
209	8	401	0	228	149
356	7	395	0	202	149
1036	7	1216	0	222	149
697	17	834	13	169	149
211	84	425	166	188	149
63	9	255	0	164	149
0	9	9	86	183	149
7	25	129	4	378	149
12	56	42	57	2476	149
9	2	79	79	152	149
5	151	71	115	474	149
2	6	20	26	152	149
11	489	29	1227	211	149
11	132	0	522	191	149
61	1785	160	10290	218	149
2926	4	14521	0	153	149
15	0	290	25	179	149
5	86	0	183	177	149
244	5	330	22	330	149
218	5	256	22	351	149
48	74	70	144	170	149
10	127	32	326	676	149
104	5	418	0	158	149
13	1049	59	2042	329	149
200	4	327	0	368	149
1236	4	2310	0	188	149
218	773	75	1156	344	149
2109	59	1235	23	154	149
11	13	99	47	152	149
12	7	30	0	244	149
29	7	274	31	152	149
42	8	24	0	168	149
593	0	2603	20	222	149
21	0	477	3	153	149
0	5	5	41	152	149
0	2	1	19	247	149
35	27	12	45	252	149
28	2	127	0	160	149
8	0	15	20	151	149
1316	18966	0	38	310	149
0	5	27	46	363	149
33	112	140	182	943	149
6	0	3	3	391	149
6	0	122	21	169	149
18074	0	32426	4	535	149
12808	2	24325	0	402	149
70	0	63	2	227	149
148	9	145	0	227	149
12	23	10	71	445	149
7	23	10	71	421	149
34	0	52	26	154	149
6	1	7	0	191	149
4	5	22	19	330	149
5	5	15	19	288	149
4	2	20	9	330	149
4	2	15	9	288	149
5	0	157	49	253	149
27	19	95	197	619	149
43	307	63	225	316	149
212	14	136	0	153	149
29	21	174	22	164	149
43	0	58	12	269	149
61	153	206	371	269	149
24	236	22	343	190	149
29	0	204	17	186	149
2	35	0	134	166	149
3	25	5	34	181	149
3	10	9	15	255	149
3	8	17	20	255	149
12	7	124	18	182	149
15	44	0	111	220	149
20	89	31	73	352	149
12	89	31	73	328	149
7	27	21	63	535	149
44	4	176	116	631	149
64	4	218	116	245	149
24	4	137	116	229	149
10	3	17	0	236	149
5	4	17	0	179	149
17	62	111	516	158	149
208	6	861	8	226	149
13	57	37	82	288	149
2	68	0	97	454	149
11	6	1	0	459	149
77	6	98	0	154	149
0	129	13	141	216	149
0	20	4	114	207	149
106607	688	2360	41	211	149
0	9	6	147	186	149
0	1	93	0	278	149
44	94	92	318	287	149
104	9	160	11	318	149
154	9	386	11	180	149
51	145	32	105	215	149
0	13	6	90	436	149
1110	2	848	78	453	149
9	509	31	475	179	149
18	509	14	475	209	149
9	0	0	17	179	149
29	3	85	5	937	149
13	5	39	0	193	149
11	0	41	18	223	149
0	35	6	38	176	149
381	10	565	69	2179	149
30	83	70	142	196	149
9	83	56	142	186	149
18	110	96	171	169	149
379	26	510	0	225	149
655	11	897	12	203	149
87	2	227	0	183	149
117	0	163	17	274	149
181	6	309	0	274	149
23	2	9	0	152	149
9	0	37	15	152	149
12	158	0	1	302	149
127	260	114	231	543	149
39	193	45	181	197	149
3	235	55	808	221	149
5	0	17	14	152	149
17	220	4	148	335	149
7	56	39	286	185	149
3	25	24	89	212	149
4982	463	511	57	155	149
8567	7	826	0	206	149
8	41	5	21	158	149
1055	8	36	0	215	149
3579	28	139	0	215	149
51	6	208	30	7115	149
14	15	394	309	471	149
530	0	4721	2	6296	149
8	8	0	6	242	149
76	158	73	164	285	149
334	9	482	0	571	149
2	19	30	135	443	149
8	134	19	252	248	149
6	0	9	9	179	149
237	1	676	0	339	149
182	2	1053	0	166	149
30	0	98	1	152	149
6	2	12	11	236	149
2	3	12	27	236	149
31	13	151	168	1040	149
3	15	31	121	192	149
1	66	0	456	225	149
1	66	0	456	202	149
10	3	410	29	186	149
613	0	453	24	598	149
68	13	84	28	385	149
205	406	191	719	152	149
11	170	48	465	316	149
3	8	5	0	171	149
3	3	13	6	152	149
369	14	987	20	152	149
16	319	0	884	173	149
13	0	42	7	536	149
31	9	171	142	154	149
24	0	50	10	151	149
8	0	75	6	279	149
0	24	33	128	244	149
11	0	83	10	152	149
0	3	34	82	170	149
7	0	17	51	152	149
47	10	137	10	152	149
8	52	12	137	279	149
25	83	25	76	246	149
0	193	8	251	164	149
0	84	11	183	204	149
2	24	0	127	169	149
0	18	28	87	167	149
7	61	64	121	191	149
8	61	7	121	224	149
4	3	0	57	182	149
0	44	7	185	249	149
57	234	50	142	154	149
622	5	838	0	291	149
737	4	1012	8	521	149
0	7	4	0	162	149
4	144	0	328	170	149
3	5	43	80	152	149
29	3	118	42	161	149
9	2	159	6	186	149
0	9	16	79	167	149
7	44	2	133	475	149
262	17	2271	44	3690	149
363	16	78	1	173	149
119	16	10	1	204	149
63	307	0	68	180	149
86	256	59	46	1148	149
28	8	4	0	314	149
0	37	14	74	227	149
13	1125	1	840	172	149
14	27	0	36	226	149
0	12	6	13	254	149
0	1	4	0	152	149
1098	2	1600	0	195	149
0	2	22	0	152	149
326	181	4588	667	434	149
459	181	8392	667	509	149
230	97	4526	722	224	149
2	797	0	591	153	149
0	119	4	367	168	149
63	0	330	53	157	149
24	12	168	67	293	149
38	51	204	101	293	149
10	325	20	612	176	149
296	7	514	0	1401	149
44	25	130	82	1033	149
104	4	598	0	621	149
10	0	0	5	273	149
2	4	14	0	181	149
740	26	514	6	191	149
448	0	510	9	152	149
140	6	233	12	301	149
79	56	63	157	263	149
186	2	367	10	680	149
55	225	157	453	303	149
5	167	0	318	165	149
206	9	395	59	380	149
229	15	563	41	536	149
32	58	205	73	428	149
187	6	306	0	256	149
0	9	6	71	152	149
1	242	0	1240	176	149
0	12	13	114	271	149
11	0	49	25	324	149
23	0	150	25	202	149
527	22	202	52	197	149
264	5	556	0	759	149
133	239	112	146	191	149
3	287	0	230	162	149
17	285	0	222	165	149
301	285	230	222	152	149
10751	133	805	0	210	149
23	348	1	217	185	149
69	561	31	342	152	149
584	51	297	45	152	149
0	19	5	77	169	149
143	106	51	50	152	149
109	11	61	0	158	149
48	0	108	26	229	149
31	6	145	0	173	149
52	219	87	333	543	149
813	12	544	0	154	149
826	194	491	115	200	149
1145	60	495	74	152	149
1487	29	650	6	186	149
1924	26	569	17	321	149
1777	42	446	27	154	149
128	13	522	0	314	149
137	2	143	0	200	149
7	857	14	836	170	149
0	69	5	273	190	149
52	5	119	16	152	149
45	4	401	42	152	149
962	15	1524	0	152	149
452	0	560	8	453	149
14	35	6	170	350	149
2	15	17	133	186	149
29	3	23	30	189	149
2	10	70	55	152	149
4	0	75	8	153	149
205	0	885	14	355	149
3	0	28	14	152	149
76	472	137	258	334	149
31	5	93	38	153	149
652	4	73	0	244	149
15	312	0	25	217	149
12	0	74	21	174	149
175	481	163	246	316	149
120	17	64	35	176	149
529	105	259	123	176	149
363	0	922	3	209	149
5	89	27	343	176	149
2	538	84	7874	249	149
142	394	391	595	2024	149
240	22	503	34	2084	149
492	22	707	34	209	149
6	0	37	16	200	149
2	0	1	16	182	149
2	0	29	22	278	149
4	0	30	14	329	149
2	0	23	14	200	149
2	0	1	14	182	149
6	0	161	12	230	149
6	46	18	289	152	149
13	318	0	831	171	149
10	20	0	74	329	149
223	18	421	11	210	149
4	11	5	72	307	149
529	12	593	17	178	149
8996	12	19866	1	150	149
195	11447	323	18868	197	149
11708	36	18584	15	183	149
13	0	322	7	238	149
0	21	9	459	211	149
11	23	20	27	263	149
13	23	55	14	152	149
6	30	35	98	442	149
166	7	255	0	183	149
1	0	0	2	378	149
4	0	0	6	363	149
0	94	13	236	171	149
72	56	562	349	164	149
6	1	93	0	170	149
9	29	0	117	244	149
8	65	0	68	170	149
26	65	296	450	152	149
23	48	158	381	177	149
1263	4	2444	0	5682	149
4	0	26	10	215	149
122	3	407	43	164	149
13	17	5	65	152	149
23	41	26	15	170	149
7259	224	1	0	169	149
90	1007	0	1	174	149
21	20	223	106	152	149
357	0	822	2	194	149
30	0	264	27	170	149
5	0	0	2	152	149
74	6	71	0	409	149
121	0	70	6	175	149
22	71	4	41	152	149
458	11	343	0	852	149
13	0	321	24	791	149
0	4	5	38	271	149
5	54	0	100	170	149
2	0	76	13	250	149
148	2	273	0	158	149
6	28	49	92	152	149
47	0	176	10	196	149
1	14	0	52	183	149
0	2	5	0	167	149
5	115	0	322	161	149
52	0	99	14	203	149
162	0	421	14	191	149
28	23	100	88	1807	149
56	17	181	35	152	149
9	12	0	32	153	149
24	19	13	73	186	149
55	13	100	34	200	149
3	56	0	223	280	149
9	363	13	587	186	149
263	20	413	29	154	149
134	577	97	595	185	149
111	18	23	0	2003	149
330	0	508	10	196	149
94	163	179	447	379	149
122	163	157	447	423	149
29	1	12	34	193	149
1	0	61	9	189	149
12	0	166	9	193	149
303	2	336	0	248	149
309	3	310	0	248	149
39	2	86	6	152	149
2	15	0	48	237	149
2	2	164	33	257	149
0	100	16	155	171	149
20	19	193	18	152	149
5	1	25	10	152	149
2	4	19	0	167	149
0	160	20	2632	1132	149
3	18	0	15	166	149
127	0	791	69	235	149
1	44	0	36	166	149
5880	63	12254	101	161	149
576	63	1249	101	177	149
43	5347	104	11109	165	149
138	2821	424	5935	175	149
2	17	9	187	239	149
345	1	980	15	1112	149
2	1	0	7	151	149
7	38	11	15	185	149
84	10	121	0	381	149
115	10	125	0	345	149
389	5	558	67	330	149
2	0	0	26	210	149
5379	0	522	10	1404	149
2256	169	9551	634	483	149
40	21	161	35	152	149
9	0	195	15	203	149
28	3	117	21	152	149
19	7	138	163	182	149
5	7	5	163	218	149
0	14	5	138	185	149
52	245	30	15	259	149
46	1	275	0	387	149
1795	1	103	0	1148	149
4	0	149	6	308	149
0	4	22	11	171	149
4	160	0	188	194	149
79	6	264	72	181	149
4170	5222	4854	5475	2914	149
50	79	81	47	280	149
6	29	0	36	281	149
32	0	337	23	164	149
21	264	15	368	169	149
8	67	26	247	237	149
15	133	24	180	170	149
68	17	86	17	224	149
186	17	242	17	203	149
27	62	24	78	164	149
350	3	398	3	174	149
776	21	1600	2	225	149
37	506	57	1654	233	149
141	40	619	305	217	149
19	100	7	57	152	149
40	6	7	0	156	149
121	6	57	0	153	149
0	14	19	84	178	149
4	2	89	0	178	149
42	0	117	12	840	149
645	133	370	43	163	149
202	133	76	43	267	149
255	133	94	43	320	149
162	605	55	349	253	149
215	605	73	349	306	149
3	56	0	91	191	149
3	0	11	6	191	149
8	0	19	6	313	149
8	3	13	5	271	149
3	9	19	103	178	149
341	14	155	0	257	149
17	0	82	2	457	149
44	41	66	160	200	149
69	39	49	19	243	149
2	0	1235	86	152	149
0	7	32	116	152	149
3	0	4	29	298	149
0	6	2	0	267	149
0	6	2	0	256	149
659	4	327	0	154	149
38	2	323	0	226	149
0	7	19	28	212	149
1	11	0	1	164	149
3	77	20	839	180	149
58	0	122	4	276	149
22	1	229	0	162	149
338	16	346	16	186	149
7	7	105	139	583	149
277	64	15	10	356	149
32	0	62	10	154	149
10	0	18	10	185	149
13	0	36	10	209	149
9	31	18	62	180	149
12	31	36	62	204	149
5	2	18	0	173	149
7	4	13	1	170	149
17	4	43	1	181	149
2	14	6	17	198	149
9	14	20	17	201	149
0	5	23	60	152	149
0	20	1	228	270	149
985	5	5777	0	2393	149
52	18	93	26	169	149
295	2673	63	1162	226	149
146	3	733	0	151	149
61	1605	15	1710	236	149
204	5	334	0	176	149
2673	5	3112	0	251	149
23	2	64	12	495	149
2400	58	24	0	311	149
463	945	2131	5609	232	149
274	6	1291	43	232	149
1676	6	10962	43	1492	149
1419	17	9844	173	1409	149
220	0	2889	17	1409	149
6	0	118	25	173	149
254	5	50	0	150	149
0	23	10	45	187	149
9	1	63	13	152	149
12	4	58	86	153	149
2097	43	240	0	201	149
77	268	17	113	171	149
4	22	0	99	169	149
16	332	115	465	171	149
43	187	64	270	171	149
80	187	111	270	257	149
48	11	82	35	235	149
246	1208	64	275	177	149
403	1	129	0	207	149
1365	1	340	0	179	149
0	10	13	196	1479	149
116	134	197	363	152	149
3	289	5	436	173	149
6	50	15	137	188	149
4	0	28	16	152	149
19	0	47	22	152	149
19	0	238	52	306	149
9	16	17	21	152	149
6	13	56	18	152	149
70	18	191	119	155	149
240	1	197	0	204	149
0	41	14	194	166	149
30	0	63	22	209	149
27	0	67	22	212	149
8	11	4	0	152	149
0	5	14	28	168	149
0	2	7	31	225	149
0	6	91	328	1591	149
35	4	400	0	242	149
2	0	16	10	167	149
14	4	73	9	152	149
3	19	47	90	721	149
0	9	9	0	184	149
1	12	10	5	152	149
45	0	394	7	228	149
321	41	1255	293	194	149
175	0	284	4	154	149
169	40	695	153	194	149
11	203	125	464	170	149
325	141	88	90	152	149
5	10	12	0	152	149
19	29	33	0	154	149
19	6	122	4	152	149
24	0	407	8	229	149
28	3	75	101	378	149
25	887	35	611	271	149
6	712	0	561	160	149
8	110	0	189	161	149
0	25	16	70	153	149
14	6	40	15	183	149
22	7	58	0	183	149
30	0	97	15	155	149
2	108	10	253	175	149
16	323	48	637	246	149
5	165	0	1279	239	149
464	11	419	0	153	149
1	42	0	250	180	149
0	87	3	438	310	149
0	1	3	53	177	149
32	3154	40	5615	174	149
22	10	34	7	173	149
176	21	430	57	1569	149
50	3752	83	6188	175	149
198	16	271	55	179	149
3900	16	6376	55	153	149
256	6	326	4	153	149
668	23	2317	120	245	149
821	8	2839	86	299	149
892	2	3072	11	325	149
1213	6	4183	8	437	149
176	8	642	86	203	149
247	2	875	11	229	149
568	6	1986	8	341	149
79	2	319	11	175	149
400	6	1430	8	287	149
323	6	1122	8	261	149
55	3	505	0	152	149
38	275	18	133	196	149
23	353	4	457	173	149
8	23	22	186	343	149
114	37	27	0	237	149
177	28	27	0	296	149
14	13	51	39	237	149
6	0	189	50	178	149
147	94	333	101	174	149
59	25	99	25	152	149
22	2	90	3	848	149
151	4	1040	6	461	149
2	8	0	88	163	149
170	12	376	19	184	149
3	0	0	18	225	149
16	1	181	0	323	149
177	0	1399	4	156	149
319	5	1581	0	384	149
35	0	99	12	335	149
22	1	122	0	173	149
3	53	0	218	166	149
27	8	3	0	197	149
10	210	3	120	187	149
16	387	20	458	160	149
2	152	9	382	179	149
22	4	73	0	182	149
441	4	2488	57	152	149
1079	123	492	59	223	149
43	262	52	269	166	149
0	43	16	578	189	149
102	0	326	7	152	149
26	21	246	170	152	149
1	0	47	12	153	149
10	5	41	132	161	149
50	34	93	229	1220	149
180	0	979	9	221	149
2	234	0	427	170	149
6	205	26	1036	210	149
150	69	234	24	338	149
6	0	0	9	176	149
58	2	155	0	209	149
409	5	3507	23	151	149
422	12	3598	38	153	149
18	12	114	38	151	149
3	0	50	7	151	149
0	21	7	69	170	149
0	16	33	176	152	149
4	16	26	176	255	149
4	0	26	33	252	149
172	978	15	163	374	149
21	269	0	36	237	149
6	1251	22	1822	172	149
1522	50	2438	95	168	149
38	304	49	1798	233	149
17	16	142	14	152	149
2	4	222	6	179	149
0	16	25	0	164	149
3	2	5	0	174	149
10	0	36	1	242	149
27	83	19	247	164	149
1	144	0	94	311	149
4	25	6	7	221	149
15	3	126	0	155	149
0	17	7	71	170	149
0	17	56	71	161	149
0	7	66	150	608	149
3	2	43	118	170	149
0	8	14	27	194	149
24	0	114	7	153	149
2	0	8	14	174	149
5	40	45	88	160	149
3	0	0	8	160	149
30770	29	37392	49	257	149
11358	29	13129	49	288	149
98	19510	79	24342	180	149
11265	1	13077	0	257	149
11393	1	13208	0	288	149
133	5	158	27	180	149
18593	4	33346	0	209	149
116	3	1256	0	1020	149
2	2	20	0	302	149
122	4352	26	1646	297	149
403	22	438	23	152	149
6	18	101	19	176	149
108	0	717	28	498	149
133	11	827	1	618	149
25	11	138	1	269	149
145	3	736	4	371	149
151	14	370	62	196	149
56	14	450	82	152	149
6	3	110	33	173	149
5	0	88	28	152	149
189	4	773	0	184	149
768	4	3013	25	184	149
9	0	85	11	311	149
17	109	142	917	374	149
8	109	68	917	212	149
123	10	206	0	173	149
64	983	186	2821	1364	149
648	723	1836	1819	161	149
661	31	1349	37	152	149
681	165	1524	256	152	149
1	42	0	101	174	149
0	93	15	513	204	149
5	6	112	21	284	149
3	8	27	28	152	149
5	0	108	25	170	149
64	10	45	10	337	149
12	25	60	170	276	149
291	0	1995	6	153	149
0	830	6	3531	169	149
5	5	68	20	172	149
835	5	3593	20	152	149
124	8	207	0	185	149
95	34	317	55	386	149
133	34	475	55	1113	149
45	7	193	35	876	149
0	6	37	12	152	149
11	6	19	48	245	149
0	2	5	7	152	149
12	8	94	4	289	149
0	43	12	213	163	149
7	0	141	11	152	149
0	21	12	273	169	149
216	6	321	0	230	149
8664	213	1665	33	1670	149
794	155	154	57	380	149
6	0	333	62	230	149
2	2	11	28	793	149
2	9	22	93	152	149
2	9	0	10	185	149
13	9	32	121	294	149
182	27	332	0	151	149
9	5	63	7	152	149
402	8	259	0	277	149
58	84	213	526	190	149
0	77	9	232	347	149
1	6	0	54	182	149
