ID
0
2
5
6
8
9
11
13
15
16
17
18
19
20
21
22
23
24
25
26
27
51
52
53
54
60
63
64
65
68
69
70
72
73
78
79
81
82
83
84
87
90
91
92
93
94
95
101
104
106
107
109
111
112
116
117
120
124
126
129
130
132
135
137
138
144
148
150
151
152
153
154
156
158
159
161
163
170
172
173
175
176
177
178
181
182
183
184
185
186
187
188
190
191
192
193
199
200
201
202
203
208
209
211
212
214
215
218
220
222
224
227
229
230
231
234
236
237
238
240
242
244
245
246
247
248
249
250
251
252
253
254
255
256
257
258
259
260
266
268
269
271
272
274
276
277
278
279
280
281
282
284
287
288
290
291
292
301
302
303
310
311
312
313
314
316
318
319
320
323
325
331
333
334
335
336
338
340
341
342
343
344
346
347
348
349
351
352
353
354
355
360
362
363
364
365
366
367
368
370
374
377
378
380
381
382
383
384
385
386
387
388
389
390
391
393
394
395
396
397
399
400
401
403
404
405
407
408
410
413
414
416
417
421
422
427
428
433
434
435
436
437
438
440
441
442
444
445
446
450
451
452
453
454
455
460
461
462
465
466
467
468
469
470
471
472
475
478
479
480
481
482
484
486
488
490
491
492
493
507
509
510
512
530
532
533
535
536
537
538
542
544
545
546
548
557
558
559
560
562
563
564
565
566
567
568
571
572
576
577
585
587
588
594
595
596
598
599
600
601
603
609
610
611
616
617
618
619
621
622
629
632
635
636
637
638
639
640
641
642
643
644
645
646
648
650
652
653
654
655
656
657
658
664
666
669
675
677
678
680
681
687
688
689
690
691
693
695
696
698
699
700
701
702
703
704
707
708
713
715
718
719
720
721
723
724
726
728
736
737
740
746
747
752
753
754
760
763
765
767
768
769
770
771
777
778
779
780
781
789
797
800
801
803
804
805
807
808
810
811
812
813
814
815
816
817
818
821
823
825
827
828
830
831
832
833
834
835
838
843
844
845
848
849
858
861
862
863
864
865
866
867
868
872
873
875
876
877
878
879
880
881
882
883
893
896
898
901
902
903
904
905
910
913
916
919
921
922
923
924
925
926
927
928
929
930
931
932
933
934
935
936
937
940
941
944
945
946
947
950
954
955
956
957
958
959
961
962
963
968
970
971
972
973
974
975
976
980
981
987
989
990
992
993
994
995
996
1001
1002
1003
1004
1005
1007
1011
1012
1014
1015
1016
1018
1019
1023
1026
1029
1031
1032
1033
1034
1036
1040
1042
1044
1046
1047
1050
1051
1052
1053
1054
1057
1058
1059
1060
1061
1062
1064
1065
1067
1068
1069
1079
1082
1083
1087
1088
1089
1090
1091
1093
1095
1096
1098
1099
1102
1117
1125
1127
1128
1130
1134
1135
1136
1139
1140
1141
1143
1145
1146
1147
1148
1149
1152
1153
1157
1159
1160
1161
1162
1165
1166
1167
1168
1169
1170
1171
1172
1173
1179
1181
1182
1183
1184
1185
1186
1190
1192
1198
1201
1202
1203
1205
1207
1208
1209
1210
1211
1212
1215
1216
1217
1218
1221
1222
1223
1225
1226
1227
1228
1231
1232
1233
1236
1237
1239
1242
1243
1250
1251
1252
1254
1255
1256
1257
1258
1259
1261
1262
1263
1264
1265
1268
1269
1270
1271
1272
1273
1277
1278
1279
1280
1281
1283
1284
1285
1286
1290
1291
1292
1293
1294
1295
1296
1297
1298
1299
1300
1301
1303
1304
1305
1307
1308
1319
1321
1322
1324
1325
1326
1329
1330
1334
1338
1339
1340
1342
1343
1344
1345
1350
1351
1357
1361
1362
1363
1367
1369
1370
1377
1378
1379
1381
1382
1383
1384
1389
1393
1395
1402
1404
1405
1406
1408
1409
1410
1413
1414
1415
1418
1419
1421
1422
1428
1431
1433
1435
1436
1438
1439
1440
1441
1443
1444
1445
1449
1451
1455
1456
1459
1461
1466
1467
1468
1469
1476
1484
1489
1495
1496
1498
1499
1502
1503
1507
1510
1511
1512
1515
1516
1517
1522
1523
1524
1525
1527
1531
1532
1545
1546
1547
1548
1549
1550
1555
1558
1559
1564
1566
1568
1570
1572
1573
1574
1575
1577
1579
1580
1582
1583
1585
1587
1588
1591
1595
1602
1603
1604
1607
1609
1613
1615
1616
1617
1618
1620
1624
1626
1629
1630
1635
1636
1637
1638
1641
1643
1644
1645
1646
1648
1649
1650
1651
1652
1653
1655
1656
1657
1658
1660
1662
1664
1665
1666
1667
1668
1669
1670
1673
1674
1675
1676
1677
1678
1679
1680
1684
1686
1687
1688
1689
1694
1695
1696
1700
1701
1706
1708
1709
1710
1711
1712
1715
1716
1717
1718
1719
1720
1721
1723
1724
1731
1732
1733
1740
1741
1742
1743
1745
1746
1748
1750
1753
1754
1755
1756
1757
1758
1759
1763
1766
1767
1768
1769
1770
1777
1782
1784
1788
1792
1800
1801
1802
1804
1806
1807
1808
1810
1814
1815
1816
1819
1825
1826
1827
1828
1829
1830
1831
1832
1834
1835
1838
1839
1840
1841
1843
1845
1848
1849
1850
1852
1853
1859
1860
1861
1862
1864
1865
1873
1875
1876
1877
1883
1884
1885
1886
1887
1888
1891
1892
1897
1899
1906
1912
1913
1914
1915
1916
1918
1919
1920
1921
1922
1927
1931
1932
1935
1936
1937
1938
1939
1940
1941
1942
1943
1944
1945
1957
1961
1962
1963
1966
1967
1968
1971
1972
1973
1975
1976
1978
1980
1981
1982
1986
1987
1989
1991
1992
1993
1994
1995
1996
1997
2000
2002
2003
2004
2005
2024
2025
2027
2033
2036
2039
2040
2041
2043
2044
2048
2049
2052
2053
2054
2055
2056
2059
2060
2061
2063
2064
2068
2069
2070
2071
2072
2073
2076
2080
2082
2083
2084
2085
2087
2088
2090
2095
2097
2099
2100
2102
2103
2106
2107
2109
2110
2115
2117
2119
2122
2125
2126
2129
2134
2137
2139
2140
2141
2142
2143
2144
2145
2146
2148
2149
2154
2157
2159
2160
2162
2163
2164
2165
2166
2167
2168
2169
2170
2171
2172
2173
2174
2177
2178
2179
2180
2183
2184
2185
2186
2195
2196
2197
2198
2206
2207
2209
2210
2211
2212
2213
2224
2226
2227
2229
2230
2232
2237
2238
2239
2240
2241
2246
2247
2248
2253
2255
2256
2257
2259
2260
2270
2271
2272
2276
2277
2286
2289
2291
2292
2293
2295
2296
2297
2299
2301
2302
2305
2307
2310
2311
2312
2313
2320
2321
2322
2323
2324
2325
2326
2329
2330
2331
2332
2333
2334
2335
2336
2337
2339
2340
2341
2342
2343
2344
2346
2347
2348
2349
2350
2351
2354
2357
2360
2362
2363
2364
2365
2368
2371
2372
2373
2378
2379
2380
2382
2383
2388
2389
2392
2393
2398
2399
2400
2404
2407
2408
2415
2416
2417
2419
2421
2423
2424
2427
2429
2430
2434
2436
2437
2439
2440
2441
2442
2444
2446
2447
2448
2450
2451
2452
2453
2454
2455
2457
2458
2459
2461
2463
2468
2475
2477
2478
2481
2484
2485
2486
2487
2488
2489
2490
2491
2492
2493
2494
2496
2497
2500
2502
2503
2504
2505
2510
2511
2514
2515
2517
2519
2520
2522
2523
2524
2525
2526
2527
2528
2529
2530
2532
2533
2534
2535
2537
2539
2542
2549
2550
2551
2552
2553
2554
2555
2556
2557
2559
2560
2561
2564
2572
2573
2578
2583
2584
2585
2586
2593
2596
2598
2599
2600
2601
2602
2606
2607
2608
2609
2610
2614
2615
2616
2619
2620
2622
2624
2632
2633
2635
2636
2642
2643
2646
2648
2649
2650
2652
2653
2654
2655
2656
2662
2663
2664
2665
2666
2668
2670
2672
2673
2675
2676
2678
2679
2680
2682
2685
2686
2688
2689
2690
2691
2694
2695
2696
2697
2698
2700
2702
2703
2705
2706
2707
2708
2709
2711
2713
2714
2715
2716
2717
2722
2723
2724
2732
2733
2734
2735
2740
2742
2743
2744
2745
2746
2747
2748
2749
2750
2751
2754
2758
2759
2762
2765
2768
2770
2771
2782
2783
2785
2790
2792
2794
2797
2798
2799
2802
2805
2809
2811
2812
2813
2814
2817
2819
2822
2823
2824
2825
2827
2830
2832
2833
2834
2836
2837
2838
2843
2844
2845
2846
2847
2848
2849
2852
2853
2854
2855
2856
2857
2859
2860
2861
2865
2866
2868
2869
2870
2871
2872
2873
2874
2876
2878
2879
2880
2884
2885
2887
2888
2889
2890
2891
2892
2893
2894
2896
2897
2899
2900
2901
2902
2904
2905
2906
2908
2909
2910
2915
2917
2919
2920
2925
2926
2928
2929
2930
2931
2932
2933
2934
2936
2937
2938
2941
2945
2946
2948
2949
2951
2952
2953
2955
2956
2957
2960
2964
2966
2967
2968
2969
2970
2971
2973
2974
2975
2976
2977
2978
2979
2982
2985
2986
2987
2988
2990
2992
2993
2996
2999
3000
3001
3003
3004
3008
3009
3011
3012
3014
3016
3017
3018
3019
3020
3021
3022
3023
3025
3026
3029
3032
3034
3038
3039
3040
3048
3049
3050
3053
3056
3058
3059
3060
3061
3063
3064
3066
3067
3075
3076
3077
3080
3081
3082
3085
3087
3089
3090
3098
3099
3100
3101
3102
3103
3104
3108
3109
3112
3113
3115
3116
3118
3119
3120
3122
3123
3127
3128
3129
3130
3134
3135
3136
3141
3144
3147
3148
3149
3155
3156
3157
3162
3164
3165
3166
3168
3173
3174
3175
3176
3177
3178
3180
3181
3185
3186
3187
3188
3191
3192
3196
3201
3202
3203
3207
3209
3211
3216
3217
3218
3221
3222
3224
3225
3227
3228
3229
3232
3234
3235
3236
3237
3241
3246
3248
3249
3251
3253
3254
3255
3257
3258
3260
3264
3266
3267
3269
3271
3274
3275
3276
3277
3278
3279
3280
3281
3282
3283
3284
3286
3287
3291
3293
3294
3295
3296
3298
3299
3302
3303
3304
3307
3308
3310
3311
3312
3313
3316
3317
3322
3324
3325
3326
3327
3329
3331
3333
3334
3335
3336
3338
3339
3340
3341
3343
3345
3349
3350
3353
3354
3355
3356
3357
3358
3361
3362
3364
3365
3366
3367
3368
3369
3370
3372
3373
3376
3377
3382
3383
3384
3385
3387
3390
3392
3393
3394
3395
3396
3397
3399
3402
3403
3404
3405
3406
3411
3414
3415
3416
3417
3418
3419
3420
3421
3422
3423
3424
3425
3426
3427
3428
3430
3433
3434
3438
3440
3443
3459
3465
3466
3469
3470
3471
3472
3478
3479
3483
3492
3493
3496
3497
3498
3499
3515
3516
3517
3519
3520
3521
3522
3523
3524
3525
3530
3535
3537
3542
3544
3546
3550
3551
3552
3553
3556
3557
3560
3561
3562
3563
3564
3566
3568
3569
3570
3571
3572
3573
3574
3575
3577
3578
3580
3582
3583
3585
3587
3589
3590
3593
3594
3598
3600
3601
3602
3603
3604
3605
3607
3608
3609
3610
3611
3612
3613
3616
3617
3626
3628
3632
3634
3635
3636
3639
3641
3642
3643
3644
3647
3648
3651
3652
3653
3658
3667
3668
3669
3670
3675
3676
3677
3678
3681
3682
3683
3688
3689
3690
3691
3692
3693
3694
3697
3704
3707
3708
3709
3710
3713
3714
3715
3716
3717
3718
3722
3723
3724
3725
3727
3728
3729
3730
3731
3742
3744
3745
3747
3759
3762
3765
3772
3773
3774
3777
3779
3781
3782
3783
3786
3790
3791
3793
3798
3799
3800
3801
3805
3807
3808
3812
3813
3816
3818
3819
3821
3823
3824
3832
3833
3834
3836
3837
3840
3842
3843
3844
3846
3847
3848
3849
3850
3851
3852
3853
3854
3855
3856
3857
3858
3859
3860
3862
3865
3866
3867
3868
3869
3870
3871
3872
3877
3878
3879
3880
3881
3882
3884
3886
3887
3888
3890
3891
3905
3906
3910
3911
3912
3913
3914
3915
3917
3919
3920
3923
3924
3927
3928
3931
3932
3933
3934
3935
3936
3940
3951
3953
3954
3955
3956
3957
3959
3960
3965
3966
3969
3970
3971
3972
3974
3975
3976
3977
3979
3984
3988
3990
3991
3993
3994
3995
3996
3997
3998
3999
4000
4002
4006
4007
4008
4013
4014
4015
4016
4017
4018
4021
4024
4028
4029
4031
4032
4033
4035
4036
4037
4038
4039
4040
4041
4042
4045
4046
4047
4048
4049
4052
4061
4062
4063
4064
4065
4067
4068
4069
4070
4071
4074
4075
4076
4078
4079
4080
4081
4082
4083
4088
4089
4091
4092
4099
4100
4101
4110
4112
4113
4114
4116
4119
4120
4124
4127
4128
4132
4139
4141
4142
4143
4144
4146
4149
4150
4159
4160
4162
4164
4167
4173
4174
4175
4176
4177
4178
4182
4183
4184
4188
4189
4193
4196
4200
4202
4205
4207
4212
4213
4214
4215
4217
4218
4221
4223
4224
4225
4230
4232
4236
4241
4244
4245
4246
4247
4248
4249
4250
4251
4252
4253
4254
4255
4257
4258
4259
4260
4266
4267
4269
4270
4271
4273
4274
4275
4276
4277
4278
4283
4284
4285
4286
4288
4289
4290
4291
4292
4293
4294
4303
4304
4305
4306
4307
4308
4311
4313
4314
4315
4317
4318
4321
4322
4329
4330
4331
4332
4334
4335
4336
4341
4342
4343
4344
4345
4347
4352
4363
4367
4368
4377
4381
4383
4387
4390
4391
4392
4394
4395
4396
4399
4402
4403
4404
4405
4406
4408
4410
4413
4414
4415
4416
4417
4418
4419
4420
4422
4424
4425
4426
4427
4431
4432
4434
4436
4437
4438
4441
4446
4447
4448
4450
4451
4452
4463
4464
4468
4469
4471
4472
4474
4478
4479
4481
4482
4483
4484
4485
4488
4490
4491
4492
4493
4494
4495
4496
4497
4498
4499
4500
4502
4504
4505
4506
4507
4509
4510
4513
4514
4518
4519
4520
4522
4523
4524
4525
4526
4527
4528
4531
4533
4534
4536
4537
4540
4548
4550
4554
4555
4556
4557
4558
4559
4560
4561
4562
4570
4571
4575
4576
4577
4578
4579
4581
4584
4585
4587
4591
4592
4594
4596
4601
4603
4604
4606
4607
4612
4613
4614
4615
4616
4617
4618
4619
4620
4621
4622
4623
4624
4625
4627
4628
4629
4633
4636
4637
4640
4644
4647
4648
4651
4652
4653
4654
4660
4662
4666
4667
4668
4669
4676
4677
4678
4681
4683
4684
4689
4690
4694
4696
4697
4698
4699
4700
4703
4705
4706
4709
4712
4719
4720
4721
4722
4729
4730
4732
4734
4737
4738
4740
4741
4742
4743
4745
4746
4747
4749
4752
4753
4754
4758
4759
4760
4761
4762
4768
4769
4770
4771
4772
4773
4774
4775
4776
4777
4778
4779
4780
4782
4783
4784
4786
4791
4792
4793
4794
4795
4797
4798
4799
4802
4806
4807
4810
4811
4832
4833
4834
4835
4836
4837
4839
4841
4843
4844
4845
4846
4848
4849
4851
4852
4854
4856
4857
4858
4861
4862
4863
4864
4866
4867
4871
4874
4875
4876
4877
4878
4881
4882
4883
4884
4885
4886
4887
4888
4889
4893
4894
4895
4896
4897
4899
4903
4904
4906
4909
4915
4916
4920
4921
4922
4924
4925
4927
4928
4929
4930
4931
4933
4934
4936
4938
4939
4940
4941
4942
4943
4944
4946
4947
4949
4950
4952
4953
4954
4955
4956
4958
4960
4962
4963
4965
4966
4967
4970
4972
4976
4977
4979
4980
4983
4984
4985
4986
4987
4991
4993
4994
4995
4996
4997
5001
5003
5008
5009
5010
5013
5016
5022
5023
5024
5025
5029
5030
5031
5035
5043
5044
5045
5046
5048
5049
5051
5053
5058
5059
5060
5061
5063
5065
5071
5072
5073
5074
5075
5078
5079
5080
5081
5082
5083
5084
5085
5086
5087
5091
5093
5095
5096
5098
5100
5101
5107
5108
5111
5114
5115
5116
5122
5123
5134
5135
5137
5138
5142
5143
5145
5146
5148
5149
5153
5154
5157
5158
5166
5170
5171
5172
5173
5174
5175
5176
5177
5178
5180
5181
5182
5183
5184
5185
5186
5187
5188
5189
5191
5192
5193
5194
5196
5197
5198
5199
5200
5201
5207
5208
5212
5213
5214
5215
5218
5222
5225
5228
5229
5232
5236
5237
5239
5240
5241
5242
5246
5247
5249
5250
5252
5257
5259
5260
5261
5262
5263
5273
5274
5275
5276
5277
5278
5279
5280
5282
5289
5290
5308
5309
5310
5314
5316
5317
5318
5319
5322
5328
5331
5332
5333
5341
5342
5343
5344
5346
5348
5351
5354
5357
5361
5362
5363
5366
5367
5368
5369
5370
5371
5373
5375
5376
5381
5382
5383
5384
5385
5386
5387
5388
5389
5392
5393
5395
5396
5397
5398
5399
5400
5402
5403
5404
5411
5412
5415
5417
5418
5419
5420
5421
5423
5427
5428
5429
5430
5431
5433
5435
5438
5441
5442
5447
5448
5449
5450
5451
5452
5456
5457
5460
5461
5462
5463
5467
5471
5472
5476
5477
5481
5482
5483
5484
5485
5486
5488
5490
5491
5494
5496
5497
5501
5502
5503
5504
5505
5506
5508
5510
5511
5513
5515
5516
5517
5519
5521
5523
5529
5530
5531
5532
5536
5537
5538
5539
5541
5542
5546
5547
5559
5561
5570
5571
5575
5576
5577
5579
5582
5583
5584
5587
5588
5589
5590
5591
5592
5595
5600
5601
5602
5603
5605
5606
5607
5608
5610
5611
5614
5615
5616
5621
5623
5625
5626
5627
5628
5634
5635
5636
5637
5638
5650
5655
5656
5657
5658
5659
5664
5666
5669
5670
5672
5675
5676
5678
5679
5681
5693
5695
5697
5698
5699
5709
5710
5711
5712
5716
5717
5718
5721
5724
5726
5732
5734
5736
5738
5739
5740
5741
5746
5748
5749
5750
5754
5755
5759
5761
5764
5765
5766
5769
5772
5773
5774
5777
5780
5783
5785
5786
5787
5788
5793
5797
5799
5800
5801
5802
5805
5806
5808
5813
5817
5823
5826
5829
5831
5832
5834
5835
5838
5842
5844
5845
5846
5848
5850
5851
5852
5853
5857
5863
5865
5866
5867
5868
5869
5870
5877
5879
5880
5881
5882
5883
5884
5885
5886
5887
5888
5889
5890
5891
5901
5907
5908
5912
5915
5916
5918
5919
5920
5921
5922
5923
5924
5925
5926
5927
5929
5930
5931
5933
5934
5935
5936
5937
5938
5939
5940
5941
5944
5945
5946
5947
5948
5949
5953
5954
5955
5959
5960
5962
5967
5969
5971
5976
5977
5979
5980
5982
5983
5984
5985
5986
5989
5990
5991
5992
5993
5994
5995
6001
6002
6003
6004
6005
6006
6008
6012
6014
6016
6017
6019
6020
6021
6023
6024
6026
6027
6028
6029
6030
6031
6032
6033
6034
6037
6040
6041
6042
6044
6045
6046
6048
6049
6051
6053
6054
6055
6056
6066
6067
6068
6071
6072
6074
6075
6077
6078
6080
6082
6084
6085
6086
6088
6090
6091
6092
6093
6096
6097
6101
6102
6103
6104
6109
6110
6114
6119
6120
6121
6122
6124
6125
6126
6127
6129
6132
6135
6136
6138
6142
6146
6147
6148
6149
6150
6151
6152
6153
6154
6155
6156
6157
6160
6161
6163
6165
6166
6169
6170
6173
6174
6175
6176
6177
6178
6180
6181
6186
6188
6190
6191
6192
6193
6199
6201
6202
6203
6204
6206
6207
6212
6213
6214
6219
6220
6221
6222
6223
6224
6225
6226
6227
6228
6229
6230
6232
6234
6235
6237
6244
6245
6246
6247
6250
6251
6252
6253
6254
6257
6259
6261
6262
6264
6267
6268
6269
6270
6271
6272
6273
6274
6275
6278
6279
6281
6283
6284
6285
6289
6301
6305
6306
6309
6310
6311
6312
6317
6318
6323
6324
6326
6327
6330
6331
6332
6333
6334
6335
6337
6339
6340
6343
6346
6347
6348
6349
6350
6353
6354
6355
6360
6361
6364
6365
6366
6367
6368
6369
6371
6372
6373
6376
6377
6378
6379
6381
6382
6384
6385
6387
6391
6392
6393
6397
6398
6399
6400
6401
6423
6424
6425
6426
6427
6428
6429
6434
6441
6442
6443
6444
6445
6447
6448
6449
6450
6451
6452
6455
6456
6460
6461
6462
6464
6466
6469
6470
6471
6473
6474
6475
6476
6481
6482
6483
6484
6485
6486
6493
6496
6500
6502
6504
6506
6508
6509
6514
6516
6519
6520
6521
6522
6523
6524
6525
6526
6529
6530
6534
6535
6536
6543
6544
6546
6547
6553
6556
6557
6559
6560
6561
6562
6563
6567
6569
6571
6573
6576
6583
6586
6587
6590
6591
6592
6595
6599
6600
6607
6608
6610
6611
6612
6618
6619
6620
6621
6622
6623
6624
6625
6632
6633
6636
6637
6642
6644
6645
6659
6660
6662
6663
6664
6666
6667
6668
6669
6670
6671
6672
6673
6675
6678
6679
6680
6681
6684
6686
6691
6697
6698
6704
6706
6707
6708
6709
6714
6715
6716
6717
6723
6729
6737
6741
6742
6746
6747
6748
6749
6750
6752
6757
6759
6761
6763
6764
6766
6767
6772
6773
6774
6775
6780
6781
6783
6786
6787
6788
6789
6792
6794
6795
6796
6797
6799
6800
6801
6802
6804
6806
6807
6808
6809
6810
6811
6812
6816
6817
6822
6830
6832
6834
6835
6848
6849
6851
6852
6854
6859
6860
6868
6869
6870
6875
6877
6878
6879
6881
6883
6884
6886
6887
6888
6889
6890
6892
6896
6897
6898
6899
6900
6901
6903
6904
6905
6906
6907
6908
6911
6914
6916
6924
6926
6927
6928
6931
6932
6933
6934
6935
6937
6939
6940
6941
6944
6945
6947
6948
6949
6951
6952
6954
6956
6958
6959
6961
6964
6965
6973
6974
6975
6976
6977
6979
6980
6981
6986
6990
6991
6992
6993
6994
6995
6998
7001
7002
7003
7007
7008
7010
7011
7012
7013
7014
7016
7020
7022
7023
7024
7025
7026
7027
7028
7030
7032
7033
7034
7035
7036
7037
7038
7039
7040
7041
7042
7043
7048
7050
7051
7052
7053
7054
7055
7056
7057
7058
7064
7065
7075
7076
7077
7081
7085
7086
7087
7089
7090
7091
7093
7094
7095
7096
7097
7098
7099
7100
7101
7103
7104
7105
7106
7108
7109
7110
7111
7112
7113
7114
7115
7116
7117
7118
7122
7123
7125
7126
7127
7130
7131
7132
7134
7137
7138
7139
7140
7141
7143
7144
7145
7146
7147
7148
7149
7150
7151
7153
7154
7155
7156
7157
7158
7159
7160
7162
7164
7165
7169
7170
7172
7173
7174
7175
7176
7177
7179
7180
7181
7183
7184
7185
7187
7188
7190
7191
7192
7194
7196
7197
7198
7199
7200
7202
7203
7204
7205
7207
7211
7212
7213
7214
7215
7218
7221
7224
7225
7228
7229
7230
7231
7232
7234
7235
7236
7237
7238
7239
7241
7244
7246
7249
7252
7256
7257
7259
7269
7270
7271
7272
7273
7274
7278
7280
7282
7283
7284
7301
7302
7307
7309
7317
7318
7319
7320
7321
7322
7323
7324
7325
7326
7327
7329
7330
7332
7333
7334
7335
7336
7337
7338
7339
7340
7341
7342
7343
7344
7345
7347
7348
7349
7350
7351
7353
7355
7356
7359
7361
7362
7363
7364
7365
7369
7371
7372
7374
7376
7377
7378
7380
7382
7383
7385
7386
7387
7388
7389
7390
7394
7395
7396
7397
7401
7402
7403
7405
7406
7407
7408
7409
7410
7412
7414
7415
7416
7417
7420
7421
7423
7424
7425
7426
7427
7428
7433
7435
7436
7438
7441
7442
7443
7444
7445
7446
7450
7452
7454
7455
7459
7460
7461
7462
7463
7465
7466
7467
7468
7470
7472
7476
7477
7478
7479
7480
7483
7486
7501
7504
7505
7515
7521
7523
7525
7526
7528
7530
7532
7539
7540
7541
7543
7544
7545
7546
7549
7551
7552
7553
7554
7560
7564
7565
7566
7570
7571
7572
7575
7580
7589
7590
7591
7592
7594
7595
7596
7597
7598
7600
7603
7604
7605
7608
7609
7610
7611
7613
7617
7618
7619
7621
7622
7626
7627
7628
7629
7631
7633
7634
7635
7636
7637
7639
7642
7643
7645
7646
7649
7650
7651
7652
7653
7654
7655
7657
7661
7662
7663
7666
7668
7669
7670
7671
7672
7674
7675
7676
7677
7678
7679
7680
7682
7684
7685
7691
7692
7693
7701
7702
7703
7704
7706
7707
7708
7709
7714
7715
7716
7726
7728
7735
7736
7739
7741
7742
7744
7745
7746
7749
7750
7752
7753
7754
7755
7757
7759
7760
7761
7762
7765
7767
7770
7771
7774
7778
7779
7780
7781
7782
7785
7786
7789
7792
7793
7794
7797
7799
7800
7805
7810
7816
7817
7818
7821
7823
7824
7825
7826
7827
7829
7831
7834
7835
7836
7840
7841
7843
7844
7845
7848
7856
7857
7858
7859
7862
7863
7864
7868
7869
7870
7871
7872
7873
7874
7875
7876
7877
7878
7881
7885
7887
7889
7891
7892
7893
7895
7897
7899
7901
7908
7909
7914
7916
7920
7921
7922
7923
7924
7932
7933
7934
7939
7940
7941
7942
7944
7945
7948
7949
7950
7965
7967
7968
7969
7970
7971
7973
7975
7976
7978
7981
7983
7984
7985
7987
7988
7989
7990
7993
7997
7998
7999
8000
8001
8002
8003
8004
8005
8006
8007
8008
8009
8010
8011
8019
8029
8030
8031
8032
8033
8034
8037
8038
8041
8042
8043
8044
8045
8046
8054
8056
8058
8061
8064
8066
8071
8077
8079
8080
8081
8082
8083
8084
8085
8090
8091
8094
8095
8099
8104
8106
8107
8111
8112
8113
8114
8115
8116
8117
8118
8119
8120
8121
8123
8125
8126
8127
8128
8131
8132
8134
8136
8142
8143
8144
8150
8155
8156
8157
8159
8160
8161
8163
8164
8174
8175
8179
8180
8182
8190
8192
8194
8195
8199
8201
8205
8207
8209
8210
