ID	IJC_SAMPLE_1	SJC_SAMPLE_1	IJC_SAMPLE_2	SJC_SAMPLE_2	IncFormLen	SkipFormLen	PValue
0	69	360	41	160	176	203	0.280714508241
11	1419	1463	2489	1900	279	262	0.0443943372333
12	29	1	145	0	293	230	0.281163299093
14	135	26	372	0	245	294	8.99169627644e-13
16	95	52	415	129	317	217	0.0222328670882
17	9449	7917	3051	1360	246	219	1.5285621909e-05
31	38	2	58	0	210	264	0.928715016343
39	2	0	7	9	216	216	0.00144270030639
41	329	290	333	356	233	245	0.282644596718
42	60	28	141	76	326	220	0.618822709923
43	4	149	0	294	262	259	0.346544420153
44	34	44	0	23	230	198	2.81574102368e-07
46	268	557	769	965	228	220	0.00242566030359
47	279	686	759	1339	228	235	0.0429926590224
48	340	676	1202	1349	220	235	0.000378372296275
50	63	1	167	0	301	241	0.449463640037
51	6	33	0	130	216	301	5.33444613091e-05
52	15	17	41	50	337	289	0.873903504775
54	2	53	80	240	197	301	2.50751468625e-05
55	2	86	78	296	303	220	8.19883274494e-07
62	16	22	41	14	428	296	0.00196691077906
64	13	10	0	21	305	313	2.36375659934e-07
65	26	4	12	0	275	305	0.0213617946415
66	0	77	7	39	328	377	0.00015705973828
67	31	77	42	39	258	377	0.00296234449701
68	79	147	220	369	319	302	0.618362387987
69	8	147	0	369	307	302	0.00179821837605
70	87	9	125	0	228	220	0.000240865706574
71	5	40	12	97	223	247	0.965044620901
74	50	5	208	77	234	240	0.00174888213059
75	4	18	3	142	203	374	0.00868283144318
76	82	81	231	25	239	294	2.99760216649e-15
77	95	81	216	25	244	294	8.28115354068e-13
86	12	2	61	20	270	314	0.217503526859
87	2	14	9	108	269	494	0.707020255296
88	8	51	243	273	264	281	1.1082614757e-06
89	101	496	90	411	219	360	0.737338010343
92	25	2	136	98	320	284	6.2998922137e-05
93	22	6	92	169	272	320	1.50808961239e-05
100	23936	18639	28600	16079	272	336	0.0220501953613
102	2670	1150	813	252	308	212	0.0421247397522
105	7	0	4	6	321	251	7.50729768731e-05
106	80	226	135	648	210	349	0.0140446481676
107	6	24295	9	32717	222	215	1
108	17	88	20	64	234	328	0.217183124773
109	356	250	594	235	329	211	0.00148420615192
112	6	2	116	114	324	313	0.117012584861
113	5	26	73	20	402	274	7.97429455801e-10
114	9	181	20	2536	242	252	0.00103667403529
115	1	5	8	10	456	254	0.0919254256347
121	88	163	16	30	271	287	0.940243500138
122	88	13	16	0	271	303	0.00537975003027
123	55	76	15	21	287	237	0.949203707669
128	470	8	302	0	437	242	0.0405142000947
135	145	183	310	595	237	236	0.0303235152951
136	2	0	31	158	223	452	0.000281900222228
137	244	210	672	420	1037	353	0.0751240551064
138	249	210	632	420	275	353	0.190100962726
139	680	4	1507	0	275	258	1
140	1654	2328	3413	2070	521	278	1.19268522836e-08
141	41	71	108	39	181	208	1.16933553618e-07
142	201	212	743	713	199	232	0.602493037553
143	400	248	1331	877	199	199	0.714974464593
144	130	256	280	872	246	199	0.0171540900508
150	46	74	61	93	210	301	0.85023217132
151	83	46	155	18	238	210	1.34382391093e-06
152	83	46	142	18	218	210	5.47141820983e-06
154	447	2496	85	408	334	528	0.452185491619
155	51	2483	244	393	354	528	0
156	12	31	12	105	237	262	0.0125413183869
157	233	636	469	727	209	507	0.000936233509347
158	1	10	306	301	200	197	0.00121674417935
159	1	0	306	145	200	260	0.0096285602771
161	0	1	28	117	203	209	0.0148240066855
162	0	1	148	117	185	209	0.00463226457067
163	0	2	23	66	185	209	0.00741514274911
164	1	2	586	66	200	209	0.0552606775773
170	1	0	586	23	200	185	0.0984522462018
171	2	0	364	7	200	185	0.356623959728
172	1	0	329	55	200	185	0.0200141033615
174	237	37621	20	107	323	209	2.16260342967e-12
175	77	1006	15	38	371	182	6.02528383334e-05
176	1322	1019	49	38	214	182	0.989639121072
177	426	1006	77	38	214	182	1.45886858149e-10
179	8	135	23	114	210	499	0.00316206057777
180	88	57	356	366	272	326	0.0440196544331
181	19	35	6	0	253	246	2.52590103097e-05
191	9	1611	0	1168	385	221	1
192	3048	1611	3157	1168	228	221	0.0165391516696
193	3048	6	3157	6	228	241	1
194	34	41	126	57	321	253	0.00159071496302
195	8	2474	0	2064	238	322	1
196	31	56	82	129	311	343	0.625282609536
197	0	19	18	162	239	263	0.00607813138225
198	33	60	27	92	202	315	0.0600692469754
199	33	4	27	64	202	291	3.85730447583e-10
200	12	0	0	6	247	280	3.63939633985e-09
201	4	45	13	146	191	202	0.95246347713
202	29	49	27	69	202	315	0.238072708906
203	29	4	27	13	202	291	0.029097674342
204	191	441	371	472	202	240	0.00087150647994
205	4	262	7	320	191	202	0.500530965191
207	11	3	67	81	373	323	0.0119786510671
210	20	24	5	56	274	185	1.02798517205e-05
212	24	137	131	542	272	530	0.219435500731
213	131	15	890	390	288	288	1.44189983364e-06
215	0	1	4	24	248	212	0.0299096496045
216	0	2	4	55	248	371	0.0437869391414
217	344	438	209	409	377	345	0.016614944402
218	2	1434	0	1312	199	299	1
219	12	412	13	290	266	355	0.330137453374
220	12	522	13	354	266	323	0.288093058592
221	12	351	13	228	266	289	0.249377990807
222	380	767	187	163	256	306	7.65444535222e-06
223	1575	1633	26	46	298	265	0.0521405631351
225	16	34	83	125	200	232	0.311433158669
231	5	11	34	16	236	304	0.00955030669356
232	26	13	35	27	280	261	0.307630220628
233	8	13	0	27	276	261	1.63124336023e-05
235	326	311	138	69	242	224	0.00281113327048
237	1664	1153	1	1	450	268	0.660548531922
238	1665	1153	0	1	447	268	0.00420792971931
240	1088	1834	0	1	256	218	0.00759674057188
241	107	473	294	358	240	327	1.6273649095e-11
244	71	279	82	142	265	368	0.000549528370797
246	0	3	8	27	259	247	0.00794805396295
247	0	3	12	23	191	317	0.00271422013676
251	261	3	366	20	245	230	0.00207310731443
252	20	20	49	14	175	245	0.00511449801363
259	17	0	223	17	236	300	0.0260462905982
260	17	26	223	553	236	354	0.183267635317
261	0	26	17	553	300	354	0.0708957972485
262	0	49	26	1079	300	354	0.0762407750986
266	6	86	0	75	263	304	0.0085969260817
267	6	86	0	75	267	304	0.00885254620788
270	6	79	0	72	263	299	0.00718844333721
271	6	79	0	72	267	299	0.00740297214609
273	6	62	0	26	263	295	0.00930638497684
274	6	62	0	26	267	295	0.00961688980161
277	418	461	3123	2975	329	392	0.358105979774
278	149	219	983	1080	245	325	0.109898611445
279	636	707	1721	1283	245	225	0.0104485516714
280	31	1035	67	2414	260	279	0.836691937739
281	31	316	67	815	260	307	0.554836438119
286	30	87	185	364	292	278	0.130087370281
289	11	8	55	67	240	291	0.281718994447
293	2819	166	1363	59	235	352	0.131425471513
302	8	58	90	89	397	446	8.07021062199e-08
303	172	426	601	760	285	295	0.000126626063286
306	115	103	248	81	279	235	1.36068311507e-05
308	9	0	53	8	180	300	0.018830273564
310	165	175	664	674	263	272	0.814988154722
311	61	82	137	66	262	234	9.26933944975e-05
312	46	165	42	120	312	316	0.424718170626
313	313	366	944	784	312	350	0.0418177668752
314	0	2	36	27	195	230	0.00179253362947
315	2	10	147	24	273	195	2.49007538367e-07
316	14	14	103	43	232	232	0.0521183690643
328	59	117	211	239	218	317	0.0152290443799
338	10	22	4	56	248	246	0.00230105435497
342	42	85	139	218	225	289	0.314216459254
350	0	7	12	31	203	203	0.00183266532049
358	46	16	206	31	332	257	0.0344327883486
361	69	200	102	123	219	246	0.000216121694967
362	106	264	157	220	246	291	0.00586614138282
363	37	70	315	168	327	277	1.01195815272e-06
366	55	54	263	188	277	402	0.225213554475
367	55	54	263	188	277	267	0.216725287939
368	55	56	263	203	277	250	0.274583858172
370	0	12	20	0	239	218	2.47357689886e-13
378	1	7	59	202	182	254	0.254597799696
379	1983	3981	2093	3351	254	271	0.123671715833
381	4	15	0	10	314	255	0.00960863828131
382	4	26	0	102	314	189	0.0122218063955
385	2	0	119	52	288	253	0.005812144069
386	218	800	294	476	362	273	3.59420826479e-06
387	815	800	1222	476	412	273	6.28925755919e-09
388	43	800	82	476	323	273	9.61623406681e-07
389	28	16	80	73	310	310	0.195767370627
390	51	108	121	111	271	284	0.000940465672196
391	3448	4	4682	4	221	319	1
392	0	5	4	69	310	271	0.139411130778
393	2	90	59	278	303	244	7.57703331389e-06
394	21	86	139	544	244	694	0.85507452822
395	21	15	139	14	244	187	2.45750593018e-05
398	44	137	138	139	213	268	5.12095739513e-06
399	19508	47590	37	31	338	329	0.000168692550928
400	27	1	201	279	419	434	6.21006801538e-10
401	0	1	67	76	218	230	0.00545801409449
402	54	100	755	515	206	172	7.77007139219e-06
403	88	115	825	862	212	206	0.272796533476
404	66	107	551	1205	203	212	0.178026047363
409	31	37	18	108	290	333	1.09096264767e-05
410	19	45	44	29	314	290	0.00063257249608
411	45	31	414	91	285	240	0.000175563588252
413	34	22	53	27	216	210	0.536710697451
414	0	12	31	37	247	278	1.41877090226e-05
418	29	42	100	174	228	299	0.554399927995
419	938	167	994	51	249	254	3.85010257009e-09
420	10	291	0	350	193	292	0.00134301271952
425	2	0	62	9	201	200	0.0218443991457
430	96	113	536	447	275	238	0.0958959417193
431	371	762	41	108	215	215	0.274245459501
432	448	710	91	133	227	215	0.706600723649
433	19	30	73	119	257	317	0.94320831565
434	4	89	0	52	205	227	0.0787443711454
435	65	89	64	52	241	227	0.0644630366065
436	65	4	64	0	241	205	0.0315977231273
437	30	122	5	148	203	278	4.5056381337e-06
438	56	230	235	776	237	467	0.304265824447
439	30	227	92	776	237	467	0.728540004103
446	2	2	55	0	224	289	0.00724180281663
447	15	68	57	100	296	262	0.00478435433422
449	60	82	130	115	266	280	0.085675989451
450	37	23	252	149	262	218	0.894813964026
451	203	691	626	939	288	291	1.32164953126e-06
452	3	9	137	93	269	270	0.0150516889662
453	9	9	161	85	278	270	0.22855580689
454	0	12	8	27	180	276	0.00106581086205
456	59	44	310	285	263	224	0.412830537061
457	74	172	152	299	239	312	0.444238936383
459	10	45	47	329	193	254	0.375341482055
461	11	35	134	236	282	806	0.119930263337
462	1	141	10	21	188	176	3.68094558167e-08
463	105	122	18	0	234	176	2.6178010426e-08
464	285	58	164	0	318	176	1.17604814776e-11
469	84	80	229	143	287	264	0.0732567355027
472	0	20	159	33	245	272	1.11022302463e-15
473	447	2483	85	387	334	526	0.318639628378
475	124	294	235	174	191	278	7.78512876387e-09
476	0	5	18	27	228	241	0.000919595635494
477	28	5	322	27	362	241	0.320027418923
478	53	5	386	27	584	241	0.836747970421
480	76	213	212	311	222	197	0.00213598674235
481	274	216	715	311	222	197	0.00103956388971
484	783	1617	73	95	266	272	0.0337418013795
485	184	662	37	29	310	231	3.87535696422e-07
486	258	829	85	124	295	310	0.000222584479799
487	310	515	105	131	295	265	0.167631817718
488	152	57	69	20	264	295	0.390564253577
489	151	457	69	145	264	295	0.108616523783
491	37	153	143	294	290	323	0.00426408008356
492	166	78	607	304	309	269	0.746439328066
495	49	1	121	124	471	274	1.29096733303e-12
496	48	11	60	47	302	212	0.00134325335369
497	8	8	52	53	252	324	0.950296566594
498	11	7	110	72	324	303	0.916341377628
499	8	72	22	89	202	313	0.0591625520484
500	5	13	70	37	333	337	0.00284567403123
501	6	93	62	257	197	227	0.000728909381505
502	21	3	726	271	228	197	0.0504597596345
503	21	3	726	254	228	192	0.0665497405068
505	19	29	63	99	239	241	0.961467439059
506	23	525	13	677	191	345	0.0247410062992
507	72	121	88	93	261	213	0.0652916429747
508	143	138	219	223	478	290	0.801827209373
509	31	138	23	223	213	290	0.0163781035719
510	81	138	160	205	213	290	0.202763338747
511	284	1374	2	33	214	316	0.0196662226324
513	2939	5102	11	50	353	292	0.00280237945309
514	3781	8333	20	128	292	354	3.15566577407e-05
515	214	1	1162	73	235	235	3.10692500611e-05
516	911	9	1995	0	230	215	0.914944003809
517	1	36	47	228	157	224	0.00173653201491
520	2	9	20	38	251	244	0.159674789659
521	5	3	21	48	228	293	0.0668498230752
528	42	137	4	271	376	222	2.80331313718e-13
529	57	27	181	0	289	539	3.63042929052e-14
530	28	16	17	135	333	552	6.72729649764e-11
531	28	16	17	151	333	590	8.88678020061e-12
532	28	100	17	189	333	1485	0.00116907889098
533	16	6	47	0	506	363	3.95581733319e-05
534	11	6	26	0	405	363	5.89856051529e-05
535	6	11	71	42	335	247	0.0298827228157
536	7	12	70	77	374	335	0.336656341263
539	82	37	170	82	220	444	0.776615104196
540	82	279	170	231	220	264	1.46749144673e-05
541	1	0	19	62	263	323	0.00274335133476
544	1	0	19	70	263	263	0.00297212267193
552	277	205	220	115	229	213	0.0866393628464
553	10	0	7	14	251	213	2.15837549877e-06
561	3	53	5	19	263	308	0.0484877486016
562	59	45	125	86	227	272	0.723447089134
564	15	51	208	68	216	227	7.53286322208e-13
568	38329	9529	1417	173	251	251	1.05607921774e-05
569	18	35	3	41	294	295	0.000473233514363
570	18	35	3	41	275	295	0.000478041421461
571	91	55	200	129	372	224	0.79403566572
573	45	27	188	115	285	242	0.931782686275
574	6	55	21	206	207	267	0.856579686257
575	1	13	67	138	305	294	0.00703914195981
576	0	6	17	18	186	299	0.000218444140955
579	96	48	7	18	450	293	0.000335015958886
580	5	20	15	5	200	319	0.000101558150978
581	30	173	37	153	274	273	0.269699746746
582	5	0	77	2	233	193	0.510461949817
590	152	102	620	283	308	245	0.0598366748876
591	152	294	620	714	308	245	0.0040218202045
593	10	18	61	96	224	203	0.69449029917
600	22	64	81	222	203	255	0.808852214483
602	74	58	58	91	223	265	0.012343877082
604	80	22	147	171	278	263	3.77876968827e-07
605	4	15	13	19	233	233	0.115136415015
606	12	19	115	141	207	240	0.509338614881
609	8	13	250	252	362	280	0.265959395575
610	0	13	304	252	359	280	4.66447118486e-07
611	26	23	21	74	225	263	0.000433223469949
615	25	18	142	186	247	270	0.086962075516
616	0	1	12	0	247	274	3.00832166411e-05
617	6	1	60	0	271	274	0.429007349584
618	63	84	130	175	235	262	0.974492947899
619	107	2	197	12	229	235	0.0417776474247
621	72	0	196	10	246	229	0.0103233281905
622	71	75	142	255	221	229	0.028042034373
623	72	75	196	265	246	229	0.273155891023
624	162	217	177	218	237	266	0.678605183918
625	151	244	104	188	236	237	0.595784721707
626	320	146	402	138	310	289	0.153049733753
629	17	96	63	217	308	242	0.104930079591
630	21	81	87	163	308	242	0.0144797540954
631	5	0	93	14	247	202	0.0120502463295
632	5	10	93	108	247	414	0.343096819358
633	0	13	55	118	227	234	0.000108760049297
635	0	6	33	18	287	275	2.64135453831e-05
636	5	5	56	13	326	317	0.0549945253348
638	37	182	109	694	301	2959	0.293449564632
639	37	170	109	629	301	2875	0.352375228539
640	1	41	0	280	220	514	0.257350172966
644	46	33	123	18	218	182	7.93438177538e-06
645	177	146	153	201	252	233	0.0258494026238
646	23	84	4	103	241	249	4.80435269439e-05
647	13	126	0	99	241	225	0.000194330009233
648	13	110	0	85	241	221	0.000167176361755
653	4	31	0	41	231	285	0.00821348420658
654	18	15	75	40	348	271	0.289759784054
656	58	56	223	115	279	246	0.0161875298576
658	795	794	121	90	188	320	0.141314595988
659	1994	716	347	28	209	176	3.50605100508e-11
660	417	1057	66	76	176	209	0.000567867324758
663	13	128	55	247	204	362	0.0166507921225
665	5	5	0	10	267	236	0.000185790281595
668	452	443	201	272	209	217	0.0755540722346
669	58	158	134	89	230	264	7.19204096278e-09
670	605	109	2808	370	317	206	0.0958539591413
672	474	249	28	16	218	201	0.869698906643
673	25	18	0	7	228	165	3.97760105567e-05
674	25	702	0	63	228	201	0.0351575212906
675	1	354	0	54	246	218	1
676	30	39	82	45	279	224	0.00895740489036
677	16	6	11	8	286	188	0.302493379665
678	120	99	79	195	204	201	2.83678746105e-06
679	41	22	82	57	281	287	0.426466640807
680	2	25	2	10	266	230	0.527054602194
686	4	5	0	85	185	235	1.61248697431e-05
689	1	24	0	73	268	221	0.31215411989
690	16	87	14	189	268	221	0.0303569558532
696	0	2	61	6	203	215	0.000190437396488
697	93	350	255	607	198	328	0.01926279657
699	175	81	335	147	306	249	0.816601576506
701	45	23	163	381	233	264	3.26353960411e-07
702	683	879	632	401	218	232	1.44199425948e-05
703	7	4	5	0	272	245	0.00152194273596
704	254	106	710	159	339	256	0.00223827737344
706	177	1205	313	2166	222	333	0.936357601907
710	66	131	340	480	230	295	0.114238869636
711	2	31	86	78	272	277	7.64750863746e-08
712	4	744	9	11083	208	244	1
715	1	0	189	33	426	254	0.0138600395393
716	3	0	171	33	297	254	0.0115700515462
720	2	0	39	82	297	254	0.0011469599356
722	99	0	2396	82	230	254	0.0143873533465
724	1	0	189	113	426	577	0.00801970937781
725	3	0	171	113	297	577	0.00314565507561
727	2	0	39	171	297	577	0.000351956842905
729	99	0	2396	171	230	577	0.00233179647076
731	2	0	39	199	297	552	0.000293362447692
733	99	0	2396	199	230	552	0.000620145662652
734	1	0	189	4	426	271	0.26334316856
735	3	0	171	4	297	271	0.362845245843
736	99	0	2396	57	230	426	0.337684082542
737	99	2	2396	39	230	297	0.669260804303
739	243	228	4	0	334	332	0.000671778543737
743	2	72	36	327	250	354	0.00968171308775
748	2	3	30	0	294	264	0.000124485266197
749	625	1056	855	758	205	201	4.5194933613e-05
753	10	3	119	6	219	238	0.108038210827
754	0	20	59	152	219	282	2.70258458998e-05
755	2	47	108	199	221	218	4.17796222951e-07
756	11	17	63	106	375	277	0.92881279686
757	0	14	2	229	176	275	0.625116270446
759	111	47	147	78	262	208	0.384295300945
764	12	21	178	160	233	260	0.0874079484712
765	21	5	112	56	251	200	0.108897838984
766	0	34	5	472	266	359	0.982438834101
775	463	616	1367	1407	279	251	0.105772139569
776	16	16	32	57	215	178	0.192578167229
777	30	31	54	220	246	247	3.64329575697e-05
778	25	19	66	33	305	248	0.288190394345
779	6	20	27	9	243	200	3.06511360468e-05
781	11	9	454	92	312	251	0.00811898196492
782	52	82	136	205	291	899	0.878297517841
783	52	43	136	143	291	304	0.378604170609
784	20	48	178	117	250	220	2.85960308516e-05
785	277	510	6	9	233	262	0.793748999825
786	270	508	0	9	276	262	0.000251136998704
787	232	62	562	119	347	213	0.311419159772
788	3	0	64	8	270	237	0.0208022494849
789	23	1	178	34	341	198	0.0252992782406
790	7	1	75	20	203	198	0.282706485262
791	7	7	75	65	203	215	0.791797671568
792	0	4	26	2	330	458	1.61616004912e-06
795	2	8	0	171	462	198	0.28831132357
798	4	8	0	171	458	198	0.00175883118839
802	3	7	61	65	198	215	0.209965919299
804	3	8	93	102	215	220	0.138697660749
805	24	109	3	542	478	2204	8.21565038223e-15
806	24	0	3	35	478	305	1.11022302463e-16
807	24	0	3	19	478	279	6.68687327732e-13
809	32	15	17	12	176	194	0.413140417524
810	100	67	371	348	324	225	0.133580455893
812	0	145	8	1351	193	321	1
813	3	145	147	1351	279	321	0.000153218023271
814	0	97	47	931	279	321	0.00169443740614
815	46	0	362	6	270	234	0.361756402479
817	9	14	29	22	205	237	0.155185738789
818	4	14	45	22	219	237	0.000505809622057
821	171	233	56	222	395	295	1.82330716125e-06
822	163510	263650	33969	15794	799	297	0
823	161728	263643	33723	15768	799	297	0
824	15	242686	7	45905	253	799	1
825	8	22	12	118	238	276	0.0270875260485
828	19	21	183	441	266	341	0.0323738131001
829	23	2472	9	1740	231	305	0.58560737448
830	441	1053	774	1341	250	302	0.0433595524768
833	58	23	86	120	264	190	3.9454611374e-05
834	209	42	160	93	305	224	2.16551682423e-05
835	248	27	160	34	305	224	0.0303339443877
836	111	72	186	161	224	367	0.207533806638
837	111	155	186	275	224	382	0.78495265748
840	12	3	71	91	353	308	0.00493139603641
842	85	131	56	58	217	230	0.143421833442
843	93	359	96	187	230	275	0.00202339595184
846	5	7	39	56	290	217	0.950839487231
847	3	49	30	112	222	261	0.00357791268342
848	11	12	0	20	254	221	3.93903399432e-06
850	18	68	25	28	200	244	0.00215204104867
851	11	13	15	54	277	580	0.0276501368187
852	27	50	82	77	268	289	0.0295087857658
859	29	5	190	34	347	218	0.863899436884
865	8	0	0	21	376	272	2.94319013605e-11
866	734	1477	232	367	257	302	0.160184786216
870	163	177	339	172	341	233	0.000145290769407
871	43	50	38	45	281	217	0.954782131954
872	27	31	141	68	284	249	0.00869769166782
873	15	22	41	69	245	284	0.739400636629
877	15	4	82	68	220	205	0.0287337060133
881	0	31	43	113	216	871	1.29664645332e-06
882	14	21	22	48	254	344	0.39502851386
885	707	858	2260	1577	305	328	0.000320466734551
886	300	161	646	300	323	216	0.43807368427
887	148	305	211	377	216	247	0.458446769831
888	46	19	8	15	267	215	0.00265366109756
889	32	62	220	184	267	260	0.00194916302305
891	11	119	28	589	273	307	0.1496714598
892	2	15	30	142	220	238	0.330153456092
893	22	19	282	97	238	240	0.0143269210159
894	16	36	196	43	240	272	5.0628057302e-11
895	16	28	196	34	240	213	9.88531589918e-10
896	16	30	196	87	240	237	4.37915047441e-05
897	15	30	86	87	272	237	0.0574243495726
898	17	29	43	105	237	239	0.372389415987
899	6	519	0	604	247	225	1
901	583	462	978	392	217	204	3.80693037083e-05
902	10	554	0	409	229	395	0.0180772068366
903	58	5	329	0	262	197	0.00127903087847
912	69	0	138	56	317	237	2.58873367187e-10
914	80	151	0	12	216	200	8.79679170522e-05
915	2	151	0	12	289	200	1
927	76	9	393	138	361	176	0.00173567155729
931	21	59	48	60	369	282	0.0161634838905
932	88	30	68	16	287	274	0.299391582417
933	4	13	0	111	272	302	0.000293246642543
934	10	4	154	98	230	287	0.328265635277
935	95	55	62	0	251	283	2.02311500885e-11
936	302	8969	439	10787	245	333	0.240989779324
942	2	0	24	12	243	289	0.00573436115063
943	1019	0	1379	4	259	271	1
944	3	40	43	106	363	317	0.000687051384022
945	36	40	153	106	285	317	0.112904969517
946	16	13	7	103	343	343	2.55853831455e-08
947	13	21	28	243	233	286	0.000244113892096
948	0	21	3	243	190	286	0.853379099179
968	28	33	135	208	201	282	0.387547235864
972	59	62	153	100	252	333	0.0721394849358
973	10	32	228	256	422	374	0.00399251578325
974	19	9	94	33	465	422	0.584464517275
980	204	674	64	91	342	440	0.000287230395817
981	215	674	110	91	388	440	4.79571049539e-10
982	72	234	227	376	215	317	0.00129896001958
983	11	27	3	24	184	199	0.0556862149851
984	112	27	162	24	232	199	0.147694383676
986	39	6	40	44	247	247	9.01846451595e-06
988	106	4	231	113	229	229	8.79185613201e-11
989	35	0	220	10	308	307	0.0369439600446
990	187	235	122	113	328	218	0.158765646488
992	406	510	256	367	248	288	0.453153749192
994	150	13	324	123	227	257	8.7312064101e-07
996	8	15	154	143	260	299	0.120310152846
1000	97	55	1165	916	341	224	0.143055030362
1001	3016	798	7070	1811	266	182	0.832778814267
1010	633	4	2201	24	206	502	1
1027	41	85	31	176	210	319	0.000881507588202
1029	3	138	0	290	226	240	0.812172399431
1030	359	99	870	454	226	251	0.000672202528033
1058	9	5	17	80	268	297	0.000500583208447
1059	18	7	6	15	255	175	0.00226470807833
1062	8	0	0	4	251	199	1.02152137971e-07
1063	8	15	0	50	251	555	6.36945924448e-07
1064	8	7	0	7	251	232	0.000157299289536
1065	16	15	35	50	396	555	0.316382803626
1066	0	15	4	50	199	555	0.0095246929927
1067	0	7	4	7	199	232	0.00119417743216
1071	23	154	120	2262	212	803	0.000643808857381
1074	0	4	14	25	248	248	0.00206853354196
1075	22	76	89	94	206	227	9.05340380223e-05
1077	18	67	0	5	264	266	0.00553762971884
1078	2	0	72	35	695	869	0.00615978185885
1079	207	410	27	17	341	297	0.000957475712733
1082	3	214	3	428	182	281	0.632739174356
1084	27	27	121	183	242	313	0.202178364744
1085	82	125	368	429	282	257	0.200755041601
1087	94	62	127	79	343	304	0.824192376135
1092	0	4	30	38	229	222	0.0010281358763
1093	58	39	124	208	260	230	0.000781917778929
1094	323	395	497	449	227	278	0.079581681193
1095	225	199	1486	501	239	245	7.78235869081e-08
1096	403	177	1517	357	236	230	0.000479623006214
1099	202	334	376	458	242	236	0.0903282201197
1100	2	134	19	301	161	278	0.00963463057311
1102	22	42	121	234	194	263	0.98629825581
1103	0	166	10	2755	272	1238	0.384041540511
1104	30	76	500	453	288	340	6.18806143942e-05
1105	42	55	541	520	289	288	0.221741933545
1106	65	28	629	473	325	289	0.0345595654253
1107	28701	75948	4831	4459	432	357	1.88293824976e-13
1108	21	33	0	1	245	212	0.00686852979052
1109	187	77	1176	787	249	240	0.0139904571149
1110	27	87	450	338	260	249	1.49832167784e-08
1111	1	87	50	338	433	249	4.55284377819e-05
1126	22	89	107	180	207	230	0.00227179629084
1127	14	20	60	582	271	255	1.37301851222e-05
1137	0	1	6	141	195	236	0.0805957079612
1142	8	321	32	664	380	321	0.0741607517726
1143	201	30	351	69	322	380	0.288089515155
1144	147	94	712	391	255	238	0.463679208759
1146	0	569	26	5178	330	374	1
1148	0	21	11	28	218	185	0.000137902712708
1149	7	22	16	95	195	334	0.271578613683
1151	10	4	126	3	233	178	0.00262956670326
1152	26	3	74	18	199	210	0.147465896934
1154	3	6	69	121	196	221	0.730618704607
1155	14	6	110	121	236	312	0.0447390358826
1156	10	0	38	158	227	182	2.47700715494e-09
1157	40	52	388	421	230	218	0.479140507339
1165	25	397	43	508	283	217	0.297890858366
1166	15	397	29	508	259	217	0.217205355756
1170	36	66	31	280	249	271	3.86834570709e-07
1171	19	5	31	103	249	271	2.62979854559e-07
1173	282	294	7	1	244	319	0.00754149619525
1174	282	207282	7	516	244	288	0.548285346578
1178	1	2	4	4	215	267	0.508187963457
1185	6	6	4	21	267	219	0.0301213439495
1189	26	92	119	372	247	288	0.612776981587
1190	4	78	75	2	289	286	0
1203	1	8	41	68	333	407	0.0350128565806
1204	51	56	280	316	230	266	0.912168110164
1210	97	2	165	2	189	192	0.747063341639
1212	0	6	48	26478	220	344	1
1213	3	5	12902	15569	344	269	0.536243093681
1214	2	4	7181	15425	344	269	0.832768700533
1215	3	2	12699	7002	269	227	0.892860243616
1216	61	73	314	229	431	350	0.037367350834
1221	12	1	23	11	279	267	0.0205378452033
1222	0	2	10	0	267	241	2.39826758863e-06
1223	5	0	4	13	267	228	1.84666940696e-05
1224	5	2	24	0	267	241	0.0142713729654
1225	70	128	152	311	224	220	0.634256408131
1228	4	86	739	18406	3110	5411	0.725744324617
1230	0	2	5	3	216	216	0.000726490467105
1232	27	89	49	223	294	832	0.293659414305
1234	38	10	228	82	274	213	0.363402664551
1237	9	9	48	187	238	327	0.0111458330525
1238	29	64	160	209	255	322	0.0583681956462
1239	153	47	316	83	337	188	0.542599073203
1240	5	6	67	0	340	172	5.05530137751e-08
1241	0	4	11	61	202	317	0.0086709531052
1242	9	0	36	6	261	202	0.00683601207011
1245	43	10	41	7	269	274	0.559207170079
1247	5	1160	0	6582	198	282	1
1249	1033	1130	7356	4722	282	289	0.000349400614608
1250	5	4	32	82	294	442	0.0920832738817
1251	6	30	34	58	205	226	0.0184082109609
1255	1	13	43	74	243	276	0.00425359403427
1256	14	7	55	14	276	213	0.258623339853
1263	20	70	51	23	288	292	1.32057679236e-08
1264	13	70	21	23	261	292	0.000238819890722
1265	18	29	100	46	296	247	0.000604172972355
1266	123	9	895	19	337	930	0.0533367708264
1276	5	23	20	48	260	205	0.178432512441
1278	261	263	75	173	251	220	0.000101144876383
1287	14	10	120	69	314	272	0.662136616324
1290	760	2106	8089	18164	242	302	0.155587296265
1292	2382	6241	0	2	332	468	0.00610820965192
1293	74	91	435	701	337	308	0.225616192562
1301	0	4	66	36	233	295	0.000164376896242
1302	175	506	223	346	200	232	0.000853605022942
1309	8	9	32	7	265	333	0.0097615668694
1310	6	9	0	7	246	333	0.000523738494973
1311	6	8	0	32	246	265	1.40294015194e-05
1320	254	8	442	15	284	246	0.807812029939
1326	14	46	45	86	234	236	0.129229112688
1327	5	458	0	890	194	266	0.883022254265
1329	826	667	207	44	247	227	4.74112193949e-10
1330	695	807	172	218	227	227	0.627859763466
1331	730	1016	131	155	227	202	0.401432979917
1336	6	32	8	33	251	266	0.657344714618
1337	18	32	123	33	258	266	2.68191193808e-07
1341	21	2	111	10	193	287	0.852050041276
1342	24	9	118	173	193	287	0.000577553504202
1345	485	502	3619	2722	287	245	0.0422007493968
1346	30	268	33	401	279	239	0.316720473272
1347	334	464	533	467	294	279	0.00686218951881
1348	11	0	107	37	260	226	0.000599019653609
1350	2	9	34	0	248	248	5.21716225776e-10
1351	3	14	0	17	227	254	0.014180594142
1355	17	0	108	17	272	275	0.00327879153066
1356	2625	3	3121	12	248	293	1
1359	32	47	12	160	223	218	4.66612981587e-09
1360	1529	47	3689	160	230	218	0.103543153714
1362	3	0	42	6	339	296	0.0167937718317
1363	4	2	16	51	282	194	0.0514525332435
1366	55	31	663	218	298	239	0.0599196532631
1367	40011	28364	191	38	304	246	3.47473316786e-09
1368	7993	27134	136	213	224	381	1.8202770125e-05
1369	7993	254	136	0	224	176	0.00378928890201
1370	1935	2434	14	34	200	188	0.0427841804882
1371	1935	3121	14	34	200	203	0.19799504188
1372	110	0	400	6	214	252	0.756962598
1374	12	6	0	29	227	200	5.09353870193e-09
1375	2	22	3	20	227	288	0.541302907499
1376	2	14	0	47	227	186	0.158821603146
1378	12271	10648	1120	547	303	226	0.000144086973186
1379	28	40	42	19	354	267	0.00262675967957
1380	68	106	407	721	241	269	0.572025564015
1381	6	14	0	287	272	231	1.70835234004e-06
1382	63	10	13	27	224	183	1.45450542721e-08
1385	0	60	8	516	306	240	0.820916304879
1386	0	22	8	129	306	196	0.06052856448
1390	13	0	108	39	332	307	0.000314274934961
1393	176	701	3	22	237	369	0.193800151434
1399	3	9	44	65	246	321	0.23115008758
1406	77	76	313	130	221	248	0.000289486286899
1407	0	23	28	30	240	212	1.03641039306e-07
1412	530	66	436	5	246	203	1.55218171649e-10
1417	2	29	0	38	290	253	0.34517918799
1418	0	23	26	125	217	271	0.000390761728199
1422	4	8	91	42	344	257	0.0152855347511
1423	2	4	66	46	296	282	0.182477919225
1426	80	118	76	425	615	241	2.14494897399e-08
1427	80	43	76	123	615	226	5.70749343505e-05
1428	100	73	366	185	302	223	0.107209586685
1430	58	80	401	320	269	354	0.0197462610886
1431	124	22	654	25	289	233	1.49914243783e-05
1433	69	87	326	168	343	311	0.000122227700738
1445	5	5	36	8	217	240	0.0553615267729
1446	109	4	373	0	228	250	0.203502183362
1447	109	373	373	860	228	243	0.0342071310098
1448	0	8	15	37	222	244	0.0011001488701
1454	2	3	89	101	461	401	0.638170093322
1457	35	85	95	144	218	276	0.0834403504071
1462	7	116	29	80	221	233	1.51414827378e-05
1463	16	116	40	80	185	233	0.000158913048212
1466	0	6	6	65	270	466	0.0157699385429
1467	3	8778	6	14700	192	302	1
1468	3	250	6	482	192	319	0.824292949699
1473	13	2	66	0	249	183	0.0569546770247
1474	24	8	203	21	246	183	0.034489309072
1475	35	8	255	21	249	183	0.0627686561377
1476	17	0	58	7	216	249	0.0113193123287
1479	0	110	7	135	288	325	0.010052575569
1480	15	4	22	0	271	264	0.00371271551812
1481	17	18	24	17	249	378	0.395832137365
1483	9	53	0	103	265	451	1.08261814568e-05
1490	2	0	0	17	294	203	4.13795326959e-06
1491	2	7	0	24	294	205	0.0584901963037
1493	7	0	26	24	263	205	0.000129332478327
1495	14	2	15	0	263	294	0.078441757905
1496	19	2	17	0	390	263	0.0674118022463
1497	7	10	16	15	193	390	0.479524059916
1508	0	13	138	114	239	372	5.01258322849e-07
1509	1908	1	23	0	257	234	1
1511	68	11	68	15	328	328	0.480299219148
1518	61	41	127	20	236	199	1.23356346241e-05
1519	123	50	270	87	366	236	0.362458597062
1520	0	30	22	60	245	271	9.55192827246e-06
1521	41	10	40	0	336	391	0.000138505025324
1523	0	3	55	42	217	193	0.000776950147691
1524	13	3	163	42	286	193	0.734023706138
1526	6	7	8	112	209	277	0.000634135081698
1527	11	3	125	89	277	285	0.0832612750453
1528	10	33	99	178	235	238	0.0973557290358
1531	5	12	0	59	232	256	6.3923441915e-05
1532	5	44	0	230	232	282	0.000705699515973
1566	0	2	7	64	199	242	0.0245517069853
1567	0	2	11	64	199	242	0.0150861543554
1570	2	0	0	34	205	199	2.65754080719e-06
1573	441	273	325	305	375	236	0.0203313241823
1581	316	581	1135	850	370	307	4.07117604073e-08
1582	316	618	1135	935	370	311	1.13595210349e-07
1583	23	815	129	1421	192	659	3.18160340096e-06
1584	10	607	73	1826	192	370	0.00586565355528
1585	1492	1333	443	420	216	226	0.71549507889
1586	41	34	236	284	226	276	0.183574222785
1593	57	30	463	154	285	226	0.116598462489
1596	88	244	379	626	192	312	0.00858970972229
1597	431	260	1543	523	312	227	0.000682139356205
1598	18	17	44	116	282	236	0.0130088322949
1600	21	129	115	158	202	186	9.20177382069e-08
1601	0	179	10	276	242	202	0.02341743998
1602	5	59	53	115	240	202	6.59625543866e-05
1603	1	0	45	18	208	228	0.00993818633594
1604	1	0	53	18	234	228	0.0106871214986
1606	12	18	21	76	203	311	0.0615333404461
1607	59	53	170	172	293	275	0.644453060271
1608	7	1	83	0	260	240	0.29968380533
1613	581	25	783	22	227	227	0.199603612972
1615	97	422	418	1209	206	356	0.0289414767926
1616	314	59	982	157	267	316	0.49002307481
1617	364	202	1292	614	267	203	0.375232441961
1618	9	44	19	167	259	259	0.27350708485
1619	70	130	703	2065	316	305	0.0325844345636
1620	1	121	0	313	232	547	0.455234338849
1623	4166	1907	23356	8464	641	249	0.106836317896
1624	656	95	316	78	257	175	0.0155879485368
1626	6	17	6	5	222	211	0.0918375156504
1637	71	119	174	255	207	255	0.550476557214
1638	98	105	154	79	297	221	0.00217834205861
1639	25	68	150	129	213	240	5.99899560795e-05
1643	8	10	155	193	231	323	0.990117906131
1649	114	439	180	409	268	270	0.00721539873884
1650	114	10	180	21	268	289	0.4557029406
1651	21	5	251	155	285	246	0.0354169974781
1652	102	143	96	16	256	289	1.06437081371e-12
1660	1	20	57	113	276	314	0.000508372123905
1666	72	65	685	472	244	274	0.24722326451
1667	5	16	79	119	250	252	0.11064473793
1668	111	14	286	60	828	311	0.114150209181
1669	105	65	607	485	304	240	0.242597205399
1670	37	109	291	542	230	304	0.0559353575733
1672	6	20	14	40	264	276	0.744737071817
1673	235	156	112	113	307	302	0.0564769616008
1674	125	299	165	141	302	311	8.66809293343e-07
1675	37	418	30	137	311	299	0.00326905882234
1676	180	401	137	137	311	299	0.000100787946365
1678	146	6	1371	1	255	278	0.0417448780953
1679	75	6	589	1	265	278	0.00223087685818
1680	22	86	630	981	255	291	0.000514952791701
1681	22	37	630	527	255	202	0.0194375839953
1682	53	28	274	330	308	226	0.00324079898791
1685	1345	2711	35	19	239	262	2.42067418037e-05
1692	325	577	769	1145	259	221	0.282345623145
1693	7	577	25	1145	284	221	0.15723997098
1694	70	187	29	39	202	220	0.0322601452471
1696	3	7	58	12	271	281	0.000833200845718
1697	14	4	49	118	314	305	7.43308424969e-05
1698	1786	4069	1272	2435	254	296	0.241890009835
1699	8	42	0	49	247	267	0.000255194019606
1700	97	215	95	17	214	254	0
1701	97	98	95	0	214	214	0
1702	325	313	138	79	254	244	0.0144388966909
1703	264	949	31	162	223	294	0.113928603578
1704	8	6	16	9	241	201	0.659816354923
1705	322	856	416	631	441	371	0.000832350656988
1706	119	8	1057	134	1311	306	0.0711607862146
1711	16	16	66	96	413	419	0.366017288963
1712	2	10	92	29	235	232	3.27014452546e-05
1713	87	88	248	247	235	236	0.946425193656
1715	10	10	0	26	200	251	5.72168813218e-07
1719	521	864	323	669	232	229	0.180610024752
1720	937	395	1463	334	316	244	0.000201996952496
1721	0	2321	8	4452	205	237	1
1722	229	274	118	60	271	209	0.000168947036228
1728	21	13422	54	20901	289	236	1
1729	12	13422	22	20901	248	236	1
1730	4	11	60	42	260	256	0.0158808014681
1731	40	60	100	119	246	248	0.401415031967
1732	119	234	486	623	233	302	0.0238744071978
1733	11	78	20	171	322	295	0.742927721632
1735	127	126	314	428	246	272	0.117598424493
1736	262	268	349	271	224	227	0.13509744707
1738	205	417	378	420	227	235	0.000731797491916
1739	9	4	1	0	212	245	0.00548611533825
1740	9	4	1	0	212	242	0.00534266866148
1742	41	61	148	234	271	295	0.833830433537
1743	31263	53906	3058	2501	423	300	2.32347769913e-07
1744	2158	230	72	0	318	280	4.86129137975e-05
1751	359	696	878	1258	240	293	0.0611387262676
1752	347	239	937	591	225	240	0.615611011248
1756	15	0	28	9	254	195	0.000572388747084
1757	1140	805	2240	799	280	375	9.68490295605e-06
1758	751	823	1256	841	259	224	0.00165274835293
1759	62	823	121	841	224	224	0.00238501956607
1760	8	16	66	56	304	272	0.0601519308925
1763	36	64	273	1020	194	191	0.00618674917383
1767	16	5	68	10	470	422	0.317603415297
1768	16	5	68	10	470	422	0.317603415297
1769	1	0	21	13	269	253	0.00622707881885
1771	33	24	270	137	194	229	0.289570257348
1772	272	985	285	787	259	335	0.11443377577
1773	1092	607	84	0	328	213	7.77156117238e-16
1774	469	1316	32	105	241	328	0.495911343563
1776	2	13	0	19	198	266	0.0420275857542
1782	4	389	0	945	269	212	1
1783	61	389	119	945	182	212	0.337836388209
1785	170	506	0	1	282	240	0.01235443615
1788	12	47	113	1033	247	334	0.0451198974488
1789	1	4	31	11	214	257	0.0134925065216
1791	25	36	31	117	221	323	0.00704426408154
1794	0	1	3	49	242	265	0.147236785152
1795	0	4	3	67	242	365	0.139342232682
1797	19	0	63	18	237	251	0.000347852055575
1799	3	171	0	279	280	258	0.639081162001
1800	95	210	156	338	258	290	0.918570558703
1801	240	230	321	253	290	245	0.299450754404
1802	61	112	466	412	188	206	0.000913986771838
1808	177	362	500	883	280	312	0.404328345397
1811	90	153	110	164	257	254	0.565473479268
1813	69	482	134	792	273	311	0.41796256573
1816	93	80	290	23	266	204	0
1817	94	118	290	157	266	259	0.000129839248525
1818	94	183	290	227	266	317	1.13835151191e-05
1827	36	22	137	82	266	251	0.982713753761
1829	19	32	62	66	213	221	0.194861586254
1830	21	3	62	3	213	221	0.297410269728
1843	33	95	9	74	188	269	0.00756442410927
1853	10	0	46	45	301	205	1.52102336144e-05
1854	0	2	4	11	159	226	0.00284774449538
1855	264	901	1652	4174	243	276	0.0593715388412
1939	5	15	62	17	273	256	1.01739658943e-05
1941	6	8	22	0	307	223	8.13298762892e-07
1942	17	16	13	32	216	235	0.0453911836877
1943	22	182	6	294	209	267	4.29248949294e-05
1944	8	6	11	129	197	218	2.80346199107e-05
1946	0	9	18	0	296	301	1.3254952691e-11
1947	2483	2460	7474	5546	425	266	0.046919904261
1948	2483	0	7474	4	425	284	1
1950	43	73	128	68	247	198	2.54274537584e-05
1954	566	439	2903	1577	315	246	0.0245153369117
1955	14	189	34	97	293	398	8.87660820559e-06
1957	381	369	316	228	263	251	0.103787595135
1959	180	155	149	185	272	199	0.0803107646906
1961	105	132	135	251	191	223	0.0750245208016
1962	24	111	83	151	272	223	0.0010708184663
1963	0	7	4	36	205	199	0.0395816163361
1966	15	17	234	0	223	210	0
1968	9	3	75	61	225	210	0.130263163187
1970	505	437	3253	3392	234	244	0.237119658377
1971	109	311	869	2314	193	234	0.692041565712
1975	27	21	90	97	293	283	0.346830079616
1976	55	73	23	65	256	251	0.0187530841884
1977	40	73	19	65	358	251	0.0655327256977
1978	254	136	584	112	819	284	4.57048488722e-07
1980	389	536	0	56	256	269	7.37188088351e-14
1983	4	28	13	16	294	240	0.00359909146491
1987	0	2	17	45	252	176	0.00937173207645
1988	85	25	453	97	209	215	0.319609622261
1993	0	15	18	15	317	317	1.27893061386e-06
1994	8	0	16	12	284	207	0.000195167774261
1995	0	4	32	2	233	284	8.05771186885e-07
1998	80	40	35	5	201	199	0.00599574945199
1999	282	27	358	0	331	232	1.94105476137e-09
2000	42	28	41	0	331	232	4.13366596508e-09
2001	139	212	262	235	301	264	0.00759704391045
2003	295	74	248	52	323	176	0.457145848382
2004	9	18	16	166	272	341	0.00268214983318
2005	47	101	21	114	291	401	0.00335540773719
2006	42	23	63	58	233	291	0.119708148879
2007	319	224	332	281	371	242	0.312157751121
2008	63	24	258	11	220	329	3.90604881773e-08
2011	2942	540	1	0	319	164	0.0122968967974
2012	317	550	730	756	262	335	0.00188700509167
2013	35	9	78	28	300	294	0.398777712612
2014	0	16	46	57	352	308	2.42056362443e-06
2016	21	17	169	25	267	233	6.24323216468e-05
2017	125	313	318	465	175	239	0.00457563053166
2018	114	2	326	3	175	239	0.673127798063
2019	211	628	618	671	239	211	3.41301797935e-09
2020	211	834	618	854	239	238	4.45517067682e-10
2023	24	102	118	260	237	308	0.0171397038523
2024	69	27	394	44	308	192	9.43342225329e-05
2026	23	57	122	152	281	264	0.0203726889895
2032	17	19	23	21	322	322	0.659192616525
2033	33	14	84	41	373	303	0.68671847541
2034	9	46	217	119	258	277	3.28978955189e-10
2038	8	6	13	0	215	223	0.000152255368121
2039	8	12	13	0	215	226	2.74098427189e-06
2041	2	388	0	287	258	223	1
2042	0	12	27	56	243	330	0.000140815098113
2043	0	12	14	36	261	330	0.000423478243916
2044	0	12	21	56	261	330	0.000390462341841
2045	0	12	14	37	261	371	0.000420097933246
2046	0	12	21	37	261	371	8.31957247093e-05
2047	0	12	27	37	243	371	2.52286264468e-05
2050	0	3	25	45	243	344	0.00270022321747
2053	85	174	145	252	234	254	0.45048744411
2058	6	0	11	21	1021	329	3.63840489966e-05
2069	10	290	0	52	263	293	0.0436969066718
2070	6	102	0	42	279	329	0.0227265005512
2071	6	290	0	52	279	293	0.271001886765
2072	6	290	0	52	279	290	0.275716930397
2073	102	290	42	52	329	293	0.00298284207484
2074	102	290	42	52	329	290	0.00298869408417
2077	0	47	20	53	248	303	4.747061082e-07
2078	1481	1315	1790	930	477	216	0.000418465579768
2082	36	56	55	48	334	287	0.0691443176174
2083	27	73	50	67	287	267	0.02672911959
2084	33	99	34	178	267	309	0.0726477493089
2085	4	21	9	49	236	234	0.947973723796
2086	4	38	48	131	234	280	0.00740226107453
2088	18	14	47	104	296	302	0.0123832614293
2090	37	175	189	559	204	260	0.045467689374
2092	4905	2442	50	40	318	280	0.0692195662669
2106	261	833	933	1766	245	281	0.00131772422719
2107	130	5	741	0	245	245	0.0732426712663
2108	125	315	715	868	245	245	5.90916601145e-05
2109	12	7	158	11	350	254	0.000961642043787
2110	2	4	32	14	254	210	0.0666256991344
2111	5	23	8	37	210	354	0.987449297737
2112	170	141	423	415	325	321	0.385782282651
2114	190	571	503	1585	211	267	0.793270141109
2117	7	17	84	151	259	294	0.458917061794
2118	10	17	146	107	503	259	0.0383444326086
2121	16	0	161	2	227	344	1
2124	0	52	139	725	228	304	4.55230397645e-06
2127	28	46	75	74	258	227	0.104393951226
2128	28	75	75	106	258	270	0.0295382834095
2129	6	5	41	11	228	287	0.146544752465
2151	42	88	37	64	288	328	0.540002941177
2154	645	1405	1133	1715	250	263	0.0180876324438
2155	410	350	198	124	301	242	0.112390402977
2157	5	3	20	2	263	312	0.0940167914781
2158	0	2	5	10	239	281	0.00357681653067
2159	4	107	40	715	346	314	0.2796896388
2160	80	107	484	715	278	314	0.647661703335
2163	19	11	628	270	351	345	0.549134041534
2165	22	53	97	227	233	380	0.904753422799
2166	6	5	50	88	282	293	0.251048897015
2167	11	50	208	198	275	344	3.85966066518e-06
2168	117	3	81	6	239	203	0.118245516131
2170	12	4	87	21	237	256	0.929955801677
2172	71	262	108	181	278	239	0.000518344168211
2173	2	12	0	6	257	257	0.0774646604277
2174	2	12	0	6	257	257	0.0774646604277
2175	103	12	149	6	278	257	0.0363934114461
2176	103	2	149	0	278	257	0.527992433244
2177	69	1	108	0	278	257	0.574748035338
2178	10	0	130	31	668	486	0.00192058864927
2180	152	239	111	309	214	264	0.00561192902235
2181	216	121	227	91	264	227	0.125491819069
2182	6	102	11	105	213	256	0.254611010769
2183	36	90	74	89	266	209	0.00965827033601
2184	82	157	97	185	421	266	0.983681739946
2185	108	157	115	185	427	266	0.652004381686
2187	19	325	89	1241	206	311	0.416778467109
2188	5	6	58	24	262	221	0.107123207478
2189	594	1421	0	20	275	314	1.316638738e-05
2191	37	26	35	66	260	260	0.00491273791134
2194	0	28	26	208	352	1055	0.000656140566141
2197	206	86	72	19	281	207	0.128259736841
2198	5	3	10	0	287	203	0.00189050656078
2200	5	10	23	32	212	302	0.487179657782
2201	724	45	1853	179	230	215	0.0393752682873
2203	29	31	81	185	293	376	0.0189311679482
2205	57	211	38	260	209	376	0.0205625756082
2209	56	49	76	54	261	301	0.485942886195
2210	56	40	76	22	261	238	0.0076854339371
2211	2	53	0	40	238	265	0.552448204281
2212	21	67	105	157	355	323	0.0109385105423
2214	7337	11824	15748	15808	256	281	0.00091239348809
2215	0	6	72	117	216	275	0.000573400522325
2217	49	50	215	193	314	305	0.626897795496
2219	10357	19026	1	4	219	245	0.272626565207
2223	221	149	193	102	244	215	0.254306131697
2224	62	248	425	377	233	207	2.68007838145e-13
2225	220	983	178	615	192	248	0.157483859109
2226	217	74	150	122	207	229	0.000134485443691
2229	116	184	10	0	279	212	9.47647274652e-07
2233	19	64	313	331	242	280	6.12907114199e-05
2235	13	1	83	29	278	176	0.0328415859704
2237	100	58	127	9	197	230	2.72928035727e-09
2238	102	80	143	39	197	230	7.86417051006e-05
2239	325	457	85	166	233	233	0.108343250855
2240	321	1199	85	234	233	438	0.13197037012
2241	307	1122	90	178	233	262	0.00270879019614
2242	25	40	140	337	272	315	0.202828961243
2255	20	38	116	126	264	229	0.0815913047608
2256	0	2	14	6	253	299	0.000841713866733
2257	35	48	182	144	263	245	0.0509938606439
2258	166	159	308	301	308	257	0.921892617317
2259	3	159	0	301	206	257	0.768982925008
2263	2	0	81	12	200	286	0.030831784774
2266	14	37	65	131	245	243	0.413149732085
2267	124	53	41	38	207	221	0.0130739229075
2268	70	146	35	136	221	281	0.0217515643084
2269	96	72	78	47	281	214	0.428892278598
2270	718	3025	1117	1722	252	279	3.98289179415e-11
2273	3	186	0	90	290	283	0.63486645766
2275	75	26	76	13	237	203	0.0657473662987
2276	61	142	36	118	203	273	0.215041038686
2278	8	201	12	327	242	254	0.956120720873
2291	2	5	15	20	243	264	0.328591737733
2292	1512	919	5250	2286	352	248	0.0259669192151
2293	1225	1375	5110	4229	373	352	0.0399659017898
2294	677	1375	2581	4229	408	352	0.154743190997
2295	814	1375	3009	4229	385	352	0.220382760804
2296	13	94	0	54	260	319	0.000235128531909
2301	6	9	0	110	197	239	4.06582281287e-07
2308	0	13	24	82	243	512	0.000474990336897
2309	4	0	15410	5107	230	231	0.00458623135958
2310	10	0	23686	10159	239	333	0.000426265777356
2311	10	3	23705	22058	239	333	0.0384076595583
2312	3	3	7483	11787	221	239	0.627850905648
2314	3	16	0	7	206	212	0.0288866359048
2316	58	154	238	686	193	291	0.730904877265
2317	8	1	31	166	211	257	1.41660668929e-06
2319	24	39	189	105	253	225	0.000590153258549
2320	445	81	1	15	301	323	1.054933918e-11
2322	365	420	33	52	337	288	0.231306154517
2324	4	59	19	28	213	245	1.03608770174e-05
2325	30	9	93	0	224	265	3.47672429368e-06
2326	61	51	171	64	268	260	0.0038004032225
2327	383	882	236	216	239	290	3.02978047428e-07
2333	9	13	213	147	257	215	0.100936256684
2335	11	56	124	278	298	266	0.0144753537001
2336	11	33	124	33	298	412	6.44192477139e-10
2337	32	169	297	601	266	385	5.39537977117e-05
2338	1267	5789	0	10	202	283	0.00205836010476
2342	20	8	124	43	262	256	0.882988381367
2343	2	1	21	16	181	231	0.505102848125
2344	5	13	28	159	231	312	0.281990973573
2345	12	6	34	89	246	260	0.00180480130023
2346	12	7	34	41	246	609	0.126499375882
2347	62	156	209	331	315	298	0.0353619816469
2348	0	54	45	184	300	294	1.44315608475e-06
2351	0	418	350	6825	316	316	7.72324872944e-08
2352	19	4	37	9	235	243	0.785491239954
2354	14	47	1607	2580	258	276	0.0174833617913
2355	66	14	2275	590	291	176	0.467161900435
2364	922	1035	2147	1695	251	209	0.0206036538102
2365	646	1142	1212	1823	209	219	0.295214110227
2366	609	1251	1305	1451	219	236	7.07053095098e-05
2368	36	140	118	504	256	286	0.758059210575
2369	13	2	73	0	179	236	0.232249090665
2370	7	178	0	272	241	295	0.00770884263788
2372	315	235	675	664	491	208	0.114560469727
2373	14	0	24	91	188	227	5.13562525839e-11
2375	8	6	42	50	287	275	0.407259802075
2377	8	22	63	150	255	300	0.661759657129
2382	103	116	134	318	385	373	0.000738093832921
2383	103	174	134	356	385	376	0.0346977281812
2391	37	11	154	0	236	194	2.60558261633e-08
2393	19	6	97	0	194	206	2.64976073053e-05
2403	15	9	33	52	227	259	0.0410465340445
2404	11	13	27	43	262	227	0.548363320198
2405	6	24	29	71	214	297	0.271924429751
2407	15	36	53	76	262	258	0.151568074092
2408	15	0	53	35	262	258	1.25783823389e-05
2409	15	13	53	24	262	227	0.166406144111
2410	15	0	21	9	291	262	0.000272127955456
2411	29	22	123	47	291	262	0.0598192677241
2412	24	30	96	63	280	291	0.0612301924877
2413	170	33	3957	886	230	191	0.494381060832
2414	13	20	74	106	239	209	0.813636010579
2418	68	32	136	47	228	271	0.327734257642
2419	140	4	137	0	525	220	0.0332679887306
2422	133	3	137	0	525	220	0.110736375995
2425	133	71	137	98	525	271	0.226240857497
2426	133	32	137	42	525	247	0.411496182997
2428	133	35	137	51	525	271	0.221115310135
2432	3	71	0	98	220	271	0.128742823652
2433	3	32	0	42	220	247	0.0331593385952
2444	35	21	66	6	271	226	6.58927372051e-05
2446	35	81	58	175	290	284	0.37428147228
2447	11	13	72	103	283	334	0.672187676605
2448	139	1320	0	3	192	304	0.0183608490418
2450	3	0	82	1	319	263	0.638558522121
2453	19	72	34	126	198	284	0.928832936917
2459	2	1	1	0	342	197	0.0402231981874
2472	23	22	146	107	247	245	0.456355661241
2488	13911	27690	28	690	1085	217	0
2490	2	39	28	114	241	271	0.00532578088482
2492	0	7	47	80	226	302	0.000420785033867
2494	33	327	61	122	210	252	4.20042289839e-09
2496	123	142	155	66	260	210	2.15251971958e-05
2498	10	8	81	161	329	295	0.083746449767
2499	9	58	63	539	225	311	0.65183068793
2500	43	58	212	278	263	264	0.901026969552
2506	9	0	0	31	331	255	6.6546768096e-13
2514	9	4	80	8	288	196	0.0739153370391
2516	5	1	0	146	239	1364	1.18705045793e-11
2517	8	0	16	39	273	243	1.25404799345e-06
2519	0	8	22	16	267	273	2.02889853619e-05
2521	368	4005	2011	15482	239	452	0.0235168298791
2522	3	31	13	59	230	278	0.138672117942
2535	21	48	35	18	230	281	0.000166021545698
2536	97	69	14	129	317	230	2.22044604925e-16
2537	100	1	40	0	303	239	1
2538	166	1	54	0	317	239	1
2539	166	2	54	0	317	217	0.535004875302
2540	100	2	40	0	303	217	0.578984265684
2543	37	51	30	197	243	303	1.11258449265e-06
2544	73	160	141	167	213	314	0.00696321078389
2545	107	163	280	274	314	242	0.0307229959472
2550	344	140	231	116	266	209	0.312004171473
2551	27	18	13	34	302	242	0.00215150942231
2552	13	1	44	23	234	250	0.0072647163188
2553	10	2	99	87	316	237	0.0223321335299
2554	4	0	2	47	268	471	1.57329408945e-07
2556	86	92	322	161	322	272	0.000791224696096
2557	80	92	173	419	252	322	0.00103774951104
2559	7	33	0	57	216	346	8.21867820774e-05
2560	52	73	52	97	187	238	0.318807436192
2562	49	48	117	0	238	319	0
2567	66	70	219	227	298	241	0.916293444856
2568	61	56	127	185	301	298	0.0745725618508
2569	7	7	32	31	251	247	0.950893370667
2571	5	11	141	85	279	208	0.0134119182792
2573	96	63	570	348	224	205	0.762939462576
2582	22	9	105	63	247	217	0.335087622117
2585	18	0	23	6	291	221	0.00105330203463
2593	30	2630	78	1321	225	320	3.49479334361e-11
2595	17	28	29	105	234	212	0.0551536558875
2596	36	275	0	14	269	325	0.0051229813992
2599	4	0	3	10	270	208	4.57222398531e-05
2600	11	15	28	63	216	237	0.306117952909
2601	0	15	43	63	194	237	8.33436511227e-06
2602	0	26	57	82	235	216	9.53231523715e-08
2605	6	6	56	64	194	235	0.765969296196
2608	349	1097	256	748	213	302	0.67192454465
2610	0	3	37	27	283	216	0.000730024822851
2613	78	75	609	1773	212	221	5.37021035418e-07
2614	0	6	25	15	358	220	4.66631922524e-05
2616	0	2	5	0	250	212	2.82474362623e-06
2617	102	64	114	65	265	236	0.71656900926
2619	318	116	1280	425	340	230	0.626329901619
2621	2	0	23	2	317	256	0.141472642341
2624	50	96	1241	1431	263	562	0.0251354224702
2625	62	327	126	330	373	833	0.00151939616329
2654	35	114	96	110	239	277	0.000105848870415
2655	68	68	129	135	261	239	0.860344392837
2656	2	8	116	224	335	347	0.211023846251
2658	0	7	22	7	198	296	1.98469967061e-06
2659	591	2547	2595	4630	266	303	4.54846660336e-09
2660	753	2053	70	20	275	307	1.11022302463e-16
2662	0	3	19	0	278	202	1.45027267195e-07
2663	27	198	53	505	248	221	0.404617655709
2664	0	2	64	169	332	332	0.00722333734392
2665	15	15	35	39	287	378	0.792302710705
2667	28	164	426	450	275	275	7.53064277603e-13
2668	372	48	742	768	225	225	0
2669	16	90	32	190	340	226	0.965761358262
2671	562	1079	1268	2225	242	191	0.56015402518
2679	357	4618	1	0	245	416	0.00164320298509
2681	160	203	1005	427	241	205	3.40140671184e-09
2682	1	9	34	45	317	184	0.00732493537878
2683	27	18	169	106	335	335	0.892777396463
2696	2	17	51	121	287	280	0.0260900695045
2704	18	71	12	95	230	209	0.0959903652342
2705	0	23	13	132	186	258	0.00530487429366
2706	19	8	135	43	250	547	0.781467095011
2709	0	2	3	0	304	288	9.25716846745e-06
2711	56	333	63	396	212	304	0.826483151983
2713	51	185	212	827	218	269	0.782417674844
2714	357	757	569	1015	226	278	0.291145971334
2715	795	1240	906	771	232	229	0.000106382782667
2716	600	1231	569	762	470	229	0.00768406241542
2717	497	984	494	777	187	232	0.156464356439
2718	356	471	2035	1885	255	244	0.0267280124337
2720	0	13	43	65	268	280	2.42262097395e-05
2723	1	1	63	131	234	329	0.60582675399
2724	0	243	14	795	185	170	0.226916048255
2725	2433	2487	4671	3793	266	276	0.115252625271
2726	2466	2808	3816	5724	259	266	0.0587154777854
2727	5	0	135	74	432	325	0.00115697463529
2728	0	4	88	183	325	388	0.00230644727914
2729	5	4	17	206	256	386	0.000617145984131
2730	0	6	134	40	277	319	2.10292429259e-06
2731	4	28	10	58	235	231	0.692969675975
2734	1	186	7	901	230	237	1
2735	8	186	23	901	204	237	0.371873929374
2738	8	35	112	125	323	318	0.000444116911246
2739	12	6	113	61	233	274	0.79490208969
2742	21	17	14	1	242	244	0.00113161305755
2743	12	3	21	0	323	322	0.0105270318107
2744	4	1	55	10	264	194	0.656291441734
2745	3	17	22	43	242	218	0.0563271494825
2746	1	4	64	51	323	293	0.0580735773573
2748	4	0	45	9	260	257	0.0110879215882
2753	845	2821	218	505	356	719	0.0297610900915
2754	10	9	66	184	317	326	0.0292578516125
2755	470	208	1862	501	263	263	0.00394579984731
2761	65	116	234	125	182	202	2.43358410978e-07
2762	261	39	579	77	245	182	0.677856898448
2763	3	259	24	547	306	230	0.00870500898041
2764	3	447	24	1581	306	265	0.402644679317
2765	17	307	58	800	224	265	0.331836346694
2766	3	325	24	803	306	310	0.0186110975374
2767	9	0	126	6	311	380	0.122326766049
2771	24	146	55	291	214	231	0.601329795841
2772	0	9	33	67	389	189	0.000715356079938
2775	41	100	54	110	287	255	0.521272885977
2776	5	95	26	87	272	255	0.000121836746162
2777	5	100	26	110	272	255	0.000545701827386
2778	18	94	48	81	289	287	0.000603968707403
2781	0	5	58	0	246	570	1.68927449806e-09
2783	0	5	4	0	237	570	3.78039172189e-07
2785	4	10	113	54	183	217	0.00498118160424
2786	10	36	95	221	260	268	0.214604470885
2788	40	151	645	1132	230	233	0.000606412035699
2790	32	52	76	131	341	295	0.867171068967
2792	858	470	1742	504	380	254	7.15226447932e-05
2794	4	30	15	8	176	225	1.45676334845e-05
2795	70	89	163	317	278	274	0.0713169736781
2800	13	2	0	22	268	231	9.3028029724e-11
2802	0	5	24	9	546	213	3.11217282742e-05
2804	2295	2350	106	8	390	278	0
2813	11	74	133	385	236	342	0.0104251653524
2817	2437	205	1	0	327	281	0.0374261074311
2818	0	18	18	86	220	326	0.000794481693185
2820	18	0	85	84	309	364	1.42681506166e-07
2825	2	41	0	148	225	227	0.675410598567
2826	5	5	7	5	227	207	0.673177964503
2827	39	8	149	68	433	257	0.0431188849214
2828	22	22	0	26	406	236	7.46910467919e-08
2829	40	22	2	26	2266	236	4.93607699159e-08
2834	4	0	22	37	234	322	0.000200379232587
2835	11	8	126	14	278	234	0.00176738021815
2840	3928	13674	10080	21303	268	395	0.000491031791635
2841	7	0	13	18	221	215	4.23059812472e-05
2842	5	0	17	18	226	215	0.000313154939672
2843	5	7	17	13	226	221	0.329433166498
2857	10	4	3	1	242	291	0.82559849002
2858	10	2	3	0	242	291	0.0862462598324
2859	14	3	14	44	294	335	8.66270450439e-06
2867	442	449	1401	1416	299	269	0.975956710181
2870	200	167	219	227	326	299	0.278445607986
2871	0	94	25	268	245	321	7.12028569444e-05
2872	2	0	78	65	248	306	0.00315790114245
2874	23	133	28	222	224	308	0.35818645716
2875	23	94	28	246	224	209	0.0275154517423
2876	133	94	222	246	308	209	0.0369968348061
2878	8	0	5	2	231	227	0.0221234059281
2881	42	113	71	60	232	232	4.22052798732e-05
2882	781	772	524	782	290	229	0.0102177450501
2903	113	26	269	25	219	224	0.00720437332017
2904	259	6	707	40	219	224	0.0216893666353
2905	259	6	707	62	219	221	0.00039425724097
2906	29	86	123	162	224	221	0.00298808097225
2907	29	85	123	43	224	363	7.14095449439e-13
2908	0	116	3	180	220	221	0.633791524637
2909	164	80	500	461	326	352	0.00180024990741
2910	138	232	345	397	287	312	0.0474728522012
2913	19	0	12	66	230	237	2.15383266777e-14
2914	2	0	783	1716	286	239	0.00113064375973
2916	2	0	783	2215	286	271	0.000818272418976
2920	0	3	7	10	254	164	0.003032284005
2922	106	48	363	229	322	224	0.158757974957
2923	1	95055	0	25497	230	342	1
2924	65	95055	16	25497	215	342	1
2925	349	95052	247	25497	215	342	0.00842175252274
2927	0	10	5	196	245	337	0.18652779745
2928	210	146	289	180	321	227	0.585619356503
2929	1	3	9	23	284	308	0.790657527579
2932	5	0	32	38	257	188	0.000205878611784
2933	39	100	32	32	313	258	0.00593516049009
2934	44	100	150	32	318	258	1.11022302463e-16
2935	149	68	958	1022	305	293	3.42035938308e-05
2937	55	352	121	242	209	301	2.77084198141e-07
2938	158	68	152	73	263	209	0.65664458579
2939	142	99	228	214	242	263	0.163113339297
2940	98	159	83	231	272	421	0.0182323567575
2942	5	24	91	119	241	281	0.00449472122211
2944	41	158	59	136	199	255	0.0572557235207
2945	3351	1314	4373	1108	294	278	0.00339513081851
2946	81	1314	144	1108	289	278	0.00019731836239
2948	145	138	957	985	303	281	0.682826501101
2952	27	106	95	219	305	312	0.0510042946954
2957	6	53	19	128	272	254	0.511674159527
2982	182	2	201	0	399	382	0.858353477797
2985	2	398	0	16	278	304	1
2986	7	17	0	16	270	278	0.000404309482215
2987	43	1137	0	4	237	410	0.0536942098746
2988	135	188	1617	1310	436	272	0.00309463435809
2989	23	35	103	44	212	173	0.000218465276988
2990	8	0	194	41	364	233	0.00328226105469
2991	0	4	6	47	322	231	0.0302351630618
2992	2	6	20	74	290	322	0.789822997991
2993	4	0	53	60	309	251	0.000466464180209
2994	24	36	164	234	308	319	0.847519686988
3007	0	130	10	543	239	450	0.0420711403239
3009	0	14	49	32	237	234	1.07912827674e-07
3010	4	12	36	19	193	237	0.00348089425114
3011	11	27	58	40	413	425	0.0020379340827
3012	74	129	1457	1452	260	365	0.00641175621748
3013	336	46	150	30	216	187	0.209590839665
3014	117	75	336	26	637	265	8.99280649946e-15
3015	770	26	839	22	227	287	0.439632497619
3016	63	3	269	33	222	304	0.0454218453748
3017	1	90	31	513	201	272	0.00637834664145
3018	1	17	20	65	201	272	0.0179491086639
3019	109	56	805	410	272	251	0.995310980448
3020	22	29	105	44	179	177	0.00137268474548
3022	180	161	389	279	280	230	0.256283102359
3023	228	318	388	504	239	267	0.69109400262
3024	70	95	163	252	235	298	0.579640686024
3026	11	28	90	75	267	207	0.00373424807666
3027	0	1	32	0	322	297	6.64825099476e-05
3031	231	197	57	53	248	203	0.730749001238
3032	175	589	19	286	203	290	9.85085213401e-09
3033	353	131	395	52	194	194	3.40668981513e-06
3034	255	130	184	52	194	194	0.0111076058434
3035	256	100	184	48	194	194	0.0920747866518
3036	0	145	161	529	309	470	5.77315972805e-15
3037	320	638	1174	1441	262	277	0.00268174686416
3038	400	638	1550	1441	299	277	0.000694266776616
3039	43	71	446	554	224	268	0.242342770474
3040	17	489	0	887	263	278	0.000177437491243
3041	21	98	170	171	236	274	3.87725745954e-08
3045	0	117	160	1429	293	959	2.27460409508e-07
3046	14	237	40	266	281	265	0.00461070773247
3047	17	237	40	266	255	265	0.019654466316
3048	8	25	0	97	280	240	4.15106058882e-06
3052	74	50	643	603	276	248	0.163715234166
3055	22	241	90	531	271	501	0.0220784913974
3056	22	13	90	49	271	349	0.889276888142
3057	22	13	90	49	271	195	0.84783297991
3058	231	13	462	49	501	195	0.0491357217131
3059	241	13	531	49	501	349	0.0901815570314
3060	241	13	531	49	501	195	0.0923619368501
3061	238	13	485	49	501	195	0.055665170527
3062	356	787	595	1102	257	362	0.278131691692
3063	0	11	14	6	239	329	5.84415647098e-07
3072	23	3	361	29	423	252	0.806379884768
3075	71	246	308	469	277	300	5.91025845601e-05
3076	54	3	315	0	294	277	0.141718686104
3077	54	114	315	275	294	277	0.000108502449232
3078	3	6	14	5	232	251	0.0279124877976
3079	20	24	126	91	322	252	0.148923133738
3081	20	17	176	97	241	257	0.275542321367
3092	325	141	2114	671	466	260	0.083324939709
3093	162	142	1223	655	466	260	0.00877078564488
3094	35	494	80	2917	280	466	0.000360497802836
3095	21	51	828	722	269	269	0.000344687617914
3096	0	8	34	36	285	314	6.40182846244e-05
3098	2	0	16	14	282	476	0.00337886807212
3103	29	10	153	129	335	230	0.0204785741065
3104	12	23	41	32	218	206	0.0357880592916
3107	0	6	41	23	399	255	2.90035875959e-05
3108	2	0	54	23	399	255	0.0052285017103
3109	15	63	125	409	252	248	0.381655301649
3113	123	232	240	252	363	287	0.00340414294879
3114	26	1	174	0	221	221	0.295911549104
3115	3	8	258	116	266	248	0.00511034026683
3116	4	35	155	298	248	301	0.000699251129981
3120	852	1315	429	431	258	268	0.0084611580802
3121	41	41	17	17	317	306	1
3122	377	115	2123	472	216	191	0.0920578550579
3130	3	25	60	0	258	326	0
3131	0	14	24	31	257	281	1.09894904632e-05
3132	0	21	73	31	290	281	8.86346551709e-12
3134	30	21	130	123	343	288	0.368644205318
3136	8	1	97	32	400	305	0.149833031696
3137	54	204	69	253	210	245	0.89776689965
3138	91	381	162	353	245	339	0.00140897193063
3139	2	0	614	89	890	285	0.00977963640394
3140	1	5	58	75	497	431	0.0751999017781
3143	5	16	63	46	236	292	0.0039128195699
3144	8	1	86	29	194	191	0.132569587356
3146	77	48	1954	1180	292	269	0.916024147938
3148	143	153	185	91	259	237	0.00044765611884
3149	136	112	219	181	242	246	0.985751078755
3157	10	0	3	14	367	243	6.95980150178e-08
3158	0	107	16	392	222	324	0.00410454330085
3159	0	3	18	20	295	261	0.00151028657989
3160	5	7	41	20	341	232	0.084582645076
3161	306	677	465	469	244	222	3.79706816811e-06
3162	1	4	8	0	246	238	2.8664249232e-05
3164	47	99	607	208	277	252	8.65973959208e-15
3165	30	36	291	71	534	420	3.52909980239e-07
3166	5	31	49	107	218	226	0.0202568652969
3167	8	22	121	36	218	209	4.29873738939e-07
3168	39	50	79	60	214	177	0.0837889018958
3170	41	79	212	99	269	257	6.04293812767e-08
3173	413	427	739	614	313	231	0.188978633948
3176	8	5	0	21	254	254	8.00124869138e-07
3186	7	29	14	23	234	323	0.0785855983505
3188	152	231	581	358	673	533	1.39683302514e-06
3189	4	8	7	170	223	625	0.00303324723306
3192	0	5	10	0	191	235	2.55109602332e-08
3193	9	2	145	25	316	342	0.65472671316
3194	43	1	733	200	431	237	5.52542797487e-05
3196	0	5	28	19	254	257	0.000122248456171
3216	69	116	345	560	224	253	0.860631648812
3219	140	48	422	302	267	240	0.00111380568979
3220	29	57	239	293	225	270	0.0857429810285
3224	0	15	5	81	221	221	0.0611876415315
3225	4792	8153	13252	12068	211	262	1.27555635485e-05
3227	78	89	395	274	275	275	0.0260139179389
3228	12	12	110	56	438	227	0.125638548075
3229	12	2	124	0	438	227	0.0344124707547
3237	25	25	17	40	371	285	0.0402151127425
3239	42	128	280	697	316	218	0.356987316575
3244	0	6	56	23	297	302	8.24635239516e-06
3247	244	0	631	1	612	190	1
3248	31	0	192	1	206	190	1
3249	33	17	117	89	345	235	0.263474664903
3250	43	97	63	128	236	236	0.696517329545
3253	3	0	0	70	292	380	4.02249047404e-08
3254	3	1	0	20	292	300	5.02161200087e-05
3255	0	1	70	20	380	300	0.00265365812421
3256	5	5	45	46	231	190	0.989764815904
3257	15	5	59	46	255	190	0.0966546280846
3258	5	55	45	248	231	243	0.0943655172604
3259	15	55	59	248	255	243	0.798512937798
3261	616	1453	317	420	239	293	0.00055089993893
3262	384	659	331	219	1137	239	8.57846322866e-08
3263	0	12	14	183	194	214	0.0231922166502
3264	12	11	12	0	299	254	2.79102849189e-05
3265	83	56	649	247	484	229	0.0151298423005
3275	2	0	29	12	339	270	0.00563503202154
3276	362	958	66	12	260	243	0
3277	12	35	102	105	261	209	0.00386945281068
3282	0	66	19	225	234	360	0.000539081477343
3285	72	48	234	235	200	189	0.0988034625554
3286	43	6	38	40	257	288	5.17534864541e-06
3293	1	214	0	111	261	214	1
3294	1	214	0	111	247	214	1
3302	32	6837	115	26067	274	257	1
3303	148	6837	417	26067	185	257	0.0870314779231
3304	22	9	16	27	194	218	0.00384305950534
3309	203	962	57	205	278	313	0.228931789572
3311	5	0	9	16	246	214	8.42374670937e-05
3316	8	3	2	0	298	186	0.00536971099148
3322	9	5	7	0	452	319	0.00076951306492
3325	17	113	66	387	179	217	0.627884973254
3326	60	110	209	397	215	217	0.897772776866
3327	62	168	199	350	215	220	0.0485526395306
3328	55	168	229	354	217	220	0.00210461030104
3329	81	120	212	265	220	207	0.436054265401
3331	0	78	28	1194	175	270	0.0334000369059
3332	98	21	1265	31	175	403	3.42494488326e-09
3333	39	176	0	5	194	246	0.0061358012055
3334	429	63	5	24	246	199	4.88498130835e-15
3335	268	140	1044	682	289	246	0.216570992341
3337	374	736	1007	1617	245	320	0.203522101375
3377	5	0	0	45	260	259	3.03691405357e-10
3379	2	0	0	17	166	257	1.23720109235e-06
3380	36	60	129	114	313	367	0.0235572948609
3382	5	1	11	77	204	267	0.000100668353395
3385	19	9	340	83	275	208	0.189424586124
3386	94	164	23	73	310	326	0.0406976176061
3399	13	0	60	12	301	252	0.0026259981608
3400	9	0	28	6	332	252	0.00422106410906
3401	41	25	110	62	381	280	0.816949754421
3402	48	3	524	148	277	211	0.00123495158249
3403	37	88	93	90	204	245	0.00117434291072
3405	0	36	24	345	251	216	0.010304346744
3406	0	87	24	667	251	306	0.0112761236093
3407	8	13	15	55	226	294	0.151111578835
3412	1	0	0	10	326	218	3.64319422972e-05
3413	14	21	44	47	201	239	0.403828199905
3419	23	5	60	0	194	206	0.000792841164145
3425	173	116	498	148	289	225	8.93526635488e-05
3426	38	66	111	320	464	272	0.0730249343651
3427	4	222	0	996	203	713	0.0370075866122
3436	6	144	0	658	267	285	0.0215988162918
3437	83	98	310	392	253	285	0.756828686627
3438	46	11	44	12	370	415	0.783828441945
3469	15	6	0	26	267	252	6.49163944821e-10
3470	6	5	26	0	291	290	5.46167260372e-05
3472	19	8	23	52	290	225	0.000469957726765
3476	89	70	239	53	300	229	9.77347558773e-07
3478	8	25	72	90	228	274	0.0291137860214
3479	16	89	101	383	206	307	0.194881962304
3480	729	1727	424	1202	211	231	0.25692485819
3481	529	1256	529	814	200	211	0.00693789984416
3482	98	36	348	152	231	179	0.479102329963
3483	31	283	7	35	378	365	0.342560755357
3485	28	30	76	93	1358	230	0.774733301948
3487	0	6	94	114	357	274	0.000298629932443
3488	40	351	0	576	344	388	5.73985303731e-14
3489	6	241	5	414	223	388	0.269495133786
3490	7	244	30	428	223	388	0.0230080624122
3492	198	226	500	187	305	258	4.94518648253e-09
3493	4	25	0	5	364	330	0.0250210919967
3497	15	5	371	185	218	218	0.343553558062
3503	19	24	13	64	321	408	0.00201833899956
3504	0	2	50	28	317	275	0.00124156639509
3505	45	21	18	57	257	293	4.62805805013e-07
3506	74	25	163	29	306	219	0.0601968285164
3507	29	42	57	86	219	293	0.902442762287
3509	18	93	56	454	212	371	0.204515398805
3510	20	193	84	221	248	419	4.44997444982e-06
3511	18	37	101	186	186	199	0.700351708356
3518	180	6497	546	9389	190	284	7.2467078589e-06
3523	6	14	144	173	246	329	0.169170140438
3526	923	6128	2496	12246	232	1495	0.0403593911487
3527	489	166	1526	381	187	378	0.0875968055184
3528	888	148	3104	590	245	173	0.436369322293
3529	1075	846	3885	2751	212	227	0.486241239918
3530	94	12	280	54	271	180	0.206760805527
3531	6	6	50	12	221	221	0.0413457066291
3561	11	9	101	67	245	188	0.661665103699
3562	9	15	47	74	188	221	0.871718713544
3563	17	7	126	52	292	216	0.968750889382
3564	11	194	90	1070	180	257	0.190259995856
3576	31	17	78	0	241	211	7.90062348877e-10
3577	3	13	2	37	180	241	0.146367491326
3578	0	4	8	0	377	184	1.33920276424e-07
3581	2	56	8	32	195	351	0.00527927192422
3585	388	890	0	1	266	289	0.00872047887538
3588	1	58	38	436	346	209	0.00985507884534
3589	59	255	28	168	323	233	0.229829340434
3590	79	542	68	382	333	286	0.387826581085
3591	346	444	197	168	286	285	0.0312858380483
3592	573	234	384	52	285	207	1.85553939991e-07
3595	50	9	892	30	268	166	0.00116854809048
3596	22	9	333	30	319	166	0.00329620344739
3602	14	16	60	95	284	295	0.451852749462
3603	148	93	644	250	264	205	0.0210335437031
3604	26	352	162	609	194	300	1.72551972377e-07
3605	26	98	149	243	194	205	0.0018392848377
3606	4	4	32	11	205	276	0.232989952736
3607	8	84	11	175	225	220	0.477450464488
3608	44	0	173	6	329	242	0.0609392089056
3609	29	0	191	6	365	242	0.0720766585644
3610	7	0	88	30	215	313	0.00274450901549
3612	10	56	5	20	225	257	0.690217459507
3613	2465	3356	3399	2002	248	256	1.10055170532e-08
3615	2	0	4	21	296	284	0.00035010054295
3620	45	127	125	300	227	337	0.496563635752
3621	1044	1312	794	517	1095	348	3.13631324683e-05
3622	1042	402	794	170	1095	348	0.000720408270128
3623	1042	362	794	87	1095	200	7.70217445378e-10
3624	402	362	170	87	348	200	0.00591113814502
3625	993	361	411	87	348	200	0.00469658194165
3626	964	308	392	35	348	196	9.15801345869e-09
3634	2	2	43	0	260	290	0.00779558910831
3635	2	5	0	58	259	233	0.0357739281259
3638	63	25	73	8	307	237	0.00243116420655
3639	26	95	86	124	225	307	0.00119883813647
3640	4	94	0	102	225	307	0.0429931625087
3641	41	39	108	45	238	225	0.00899303039099
3642	7	0	0	12	229	244	9.679055335e-10
3643	7	0	0	12	229	331	1.03271435847e-09
3644	69	323	85	214	246	320	0.00730154105119
3646	149	122	437	180	246	246	0.0008923109528
3647	12	8	225	84	242	179	0.278219874739
3648	0	8	24	84	191	179	0.00263615846205
3649	0	15	99	258	203	194	0.000127012585226
3652	58	88	105	187	251	249	0.531464317197
3653	8	1	131	27	368	278	0.347895674435
3658	79	171	200	290	232	228	0.0610062043836
3659	18	69	32	466	195	279	0.00037466822468
3660	0	22	18	36	253	180	2.03244740903e-05
3661	1594	1292	14606	8286	363	263	0.0152593151146
3662	845	530	8075	4091	262	363	0.166138564728
3663	845	1993	8077	16195	262	363	0.272246970764
3666	9	13	67	106	266	272	0.86607107379
3667	0	6	16	92	411	610	0.00711050669822
3671	27	23	44	4	241	294	1.42934014959e-05
3673	24	13	44	17	241	223	0.468181536464
3678	275	277	194	182	382	279	0.717460983746
3679	1316	3418	57	72	310	376	0.00190338236228
3680	360	408	0	29	247	238	5.56993784429e-10
3683	2887	9077	1639	3392	760	289	0.00432728406976
3684	8179	9077	4983	3392	353	289	0.000691800096632
3685	105	163	83	297	260	267	0.000200513944572
3686	0	46	23	123	186	213	4.6900698639e-05
3687	108	46	250	123	240	213	0.547138431267
3690	104	4	74	0	259	247	0.104015601489
3691	35	4	22	0	234	247	0.0261750593715
3692	25	62	21	33	221	290	0.238378428158
3693	2	156	21	500	218	326	0.0271074360236
3694	187	75	62	14	270	236	0.0785897793466
3695	0	6	163	147	247	298	0.000107818509984
3696	1248	45	1562	142	269	537	2.25200839339e-05
3697	1248	6759	1562	5286	269	290	0.00145436812688
3698	694	2495	975	2607	364	269	0.0523674961295
3699	2543	2495	4225	2607	375	269	0.00153706593912
3703	1	12	14	9	236	270	0.000245765223133
3704	8	16	0	8	344	332	0.000959618646803
3707	28	14	10	0	201	186	0.000364324007275
3732	43	3	21	23	272	352	4.9427408999e-07
3741	27	4	79	0	346	252	0.0020528286539
3743	88	58	185	33	299	252	4.1062654671e-06
3744	28	17	79	0	404	211	1.10135678355e-10
3745	28	17	80	0	346	211	1.26578525439e-10
3746	1	21	1	0	346	211	0.000539445003712
3749	15	16	17	0	346	211	9.26990742944e-07
3752	15	16	17	0	346	234	9.94990007275e-07
3757	95	1	230	0	330	404	1
3758	119	1	204	0	299	404	1
3759	3	26	0	16	187	404	0.0166252692653
3760	3	1	0	1	187	346	0.000117084028689
3761	3	1	0	1	187	346	0.000117084028689
3763	9	15	0	17	187	346	3.26764493929e-05
3765	4	1	0	1	187	346	0.0001576353965
3766	95	1	230	1	330	346	1
3767	119	1	204	1	299	346	1
3768	3	14	0	16	187	346	0.00684518940023
3774	95	4	230	0	330	187	0.0194883459705
3775	119	4	204	0	299	187	0.0479568601908
3776	91	1	185	0	330	187	0.45697551953
3777	86	1	185	0	299	187	0.474938320039
3778	100	5	201	37	299	187	0.00230127455664
3780	86	5	185	37	330	187	0.00416061102092
3788	4	31	4	78	164	224	0.271377476827
3795	67	179	124	369	267	263	0.649768561489
3796	0	34	43	98	172	250	3.53910753592e-07
3797	3	0	30	16	221	245	0.00345303553671
3798	1	3	12	31	242	260	0.779404903508
3799	174	42	1304	298	343	343	0.870782149097
3803	33	0	36	24	203	247	9.80329691869e-08
3805	44	73	156	60	371	310	1.07414948824e-07
3818	2	4	14	0	363	358	5.39227218566e-05
3819	13	12	179	88	313	400	0.18764507179
3820	13	2	179	90	313	250	0.0460829700602
3821	12	2	88	90	400	250	0.00455794391572
3822	6	19	170	335	345	400	0.257668196391
3826	8	12	5	50	217	272	0.00333024090855
3827	7	7	40	67	272	245	0.404941117752
3830	2	0	116	115	248	286	0.00252515420766
3832	209	412	56	286	237	323	9.42631452305e-06
3835	18332	22057	1224	511	417	294	2.42839082176e-12
3836	18332	12	1224	0	417	285	1
3837	67	186	176	727	215	386	0.0715831947445
3854	19	14	27	19	227	244	0.928376634721
3856	7	12	0	10	222	227	0.00042734095685
3857	5	14	19	35	230	222	0.40605882919
3858	27	15	168	0	300	221	1.25310872789e-12
3864	1252	747	469	201	285	264	0.0516396315185
3866	10	34	81	213	276	337	0.447853226523
3870	248	390	276	381	172	197	0.472176399904
3871	456	383	1218	346	370	197	1.23421273202e-10
3872	298	160	786	300	203	172	0.0662325988655
3873	341	156	809	285	179	172	0.160346800411
3874	254	269	657	587	203	370	0.337377276955
3875	256	215	657	312	203	179	0.00176546305506
3876	294	208	786	340	203	179	0.00633956640936
3879	120	534	595	1347	418	499	0.000152434391762
3880	120	353	595	924	418	179	0.000438536406373
3881	4	1	120	198	223	254	0.0310881974798
3882	50	92	225	290	248	281	0.134794624405
3883	3305	5689	8	25	299	310	0.114688105281
3884	44	196	49	154	218	251	0.200263334588
3887	4	14	0	1	224	312	0.00449250577332
3891	4	27	0	1	224	383	0.00979133640483
3894	28	41	0	1	383	414	0.00618365549087
3897	7	23	0	1	383	414	0.0102249648939
3898	15	41	0	1	312	414	0.00856439778043
3903	25	105	2	0	414	345	0.00056875975012
3909	72	99	101	227	260	307	0.0417727018638
3912	74	40	55	23	234	194	0.442293768525
3916	30	15	150	23	353	256	0.00552004794537
3918	211	15	692	37	227	284	0.503468815899
3921	4	18	17	108	271	252	0.910613220105
3922	8	1	38	0	216	171	0.981452198057
3923	86	268	182	298	226	226	0.00196496102921
3924	27	98	6	95	221	246	0.000663942905257
3925	5	6	23	32	188	223	0.793126544523
3935	145	121	384	124	275	226	8.43324278155e-06
3936	2	121	0	124	206	226	0.530804116774
3940	196	405	129	307	254	244	0.467816248244
3941	196	418	129	373	254	255	0.115843434805
3942	196	421	129	400	254	258	0.0573327010807
3946	8	8	78	155	326	301	0.232802939056
3949	27	5	162	37	327	236	0.561184498699
3951	225	692	60	91	365	281	0.00274995524679
3952	421	1179	428	671	217	257	0.000416888876593
3954	33	88	143	241	253	289	0.0784523179804
3961	35	87	388	607	319	338	0.0580733106355
3962	62	420	39	81	204	344	2.6096080082e-05
3963	62	141	39	26	204	195	0.000137661808196
3964	55	241	39	109	204	253	0.110564838095
3965	372	246	64	109	344	253	2.33158328449e-05
3966	11	14	130	42	1000	337	0.00191690660559
3969	0	95	2	236	267	282	1
3970	0	95	2	236	272	282	1
3971	85	7	61	9	324	277	0.283717829125
3972	52	104	41	100	324	402	0.485431573185
3977	9	18	24	5	217	208	9.78223286435e-05
3978	1622	2058	13	1	285	288	3.51007713946e-05
3982	4741	35	5262	15	425	268	0.624706498391
3983	8	67	6	171	258	266	0.0379604909622
3985	122	61	312	107	353	272	0.117945431004
3986	72	55	79	58	272	226	0.890123390394
3988	126	137	535	354	271	245	0.0127246882413
3990	87	1087	257	3753	176	311	0.438358184844
3993	96	48	259	217	313	287	0.0313661587855
3997	7	1	5694	12230	344	269	0.000769451771273
3998	2	1	2760	12049	344	269	0.149592118463
4000	21	508	263	1480	198	271	2.69643574136e-09
4004	8	2	5	0	247	268	0.0542750529783
4008	1	6	49	613	202	386	0.471958028073
4010	26	73	127	121	253	208	0.000150001153434
4011	31	19	22	33	306	270	0.0297341196608
4012	1	0	0	1	188	244	7.52267943969e-05
4019	53	23	675	319	285	235	0.728364331937
4020	45	51	87	404	235	248	3.91678648737e-07
4023	2	1	61	0	228	192	0.194013882588
4025	826	1144	348	225	286	298	8.31368856369e-06
4026	9	563	0	452	251	331	0.142955011033
4027	17	35	106	129	236	234	0.11667236208
4028	17	35	106	129	241	234	0.116254205646
4030	237	233	403	547	269	254	0.0750087401723
4031	18	4	135	117	254	398	0.00483880259767
4033	0	126	17	396	564	240	0.0946136419747
4040	3	121	0	156	156	291	0.164104373715
4055	236	522	1981	1052	306	299	0
4061	3	7	0	29	1448	326	0.0652370284457
4063	33	80	75	234	183	200	0.395368653045
4064	54	0	261	41	224	238	4.45848896692e-05
4065	57	92	662	480	260	210	0.000367870385805
4068	35	38	118	57	331	326	0.0102280991097
4070	6	3	44	14	313	218	0.602405455256
4071	22	24	26	63	242	264	0.0441499551797
4072	10	9	66	15	254	242	0.016064759955
4077	18	45	87	259	217	289	0.650326533985
4078	0	3	2	54	195	278	0.271966149294
4079	0	6	2	71	195	278	0.332289701782
4080	2	6	9	71	249	278	0.705194421393
4081	2	6	39	71	254	278	0.389356992667
4082	2	0	9	2	249	195	0.0476858053885
4083	2	0	39	2	254	195	0.224192565841
4084	2	7	47	9	295	213	0.000125610016405
4088	6	3	11	26	232	384	0.0269839078623
4089	9	3	34	26	329	384	0.154872983986
4090	9	3	38	26	223	384	0.188482508839
4091	0	3	1	26	283	384	0.263623367039
4095	9	6	34	11	329	232	0.252765251084
4096	9	6	38	11	223	232	0.21795960995
4097	0	6	1	11	283	232	0.233754158271
4098	8	13	21	72	223	232	0.192027276346
4099	8	13	31	72	356	232	0.595326171449
4100	0	9	1	34	283	329	0.309390358474
4101	0	9	1	38	283	223	0.430797979313
4102	8	8	31	21	356	223	0.446294016024
4104	40525	40709	405	183	361	282	1.57748726592e-06
4111	521	305	61	9	221	221	4.68327619523e-05
4112	62	256	14	0	221	221	6.73827660336e-12
4114	10020	52266	305	428	238	337	3.33066907388e-16
4115	65	5235	12	344	276	229	0.0146938433675
4116	394	150	3168	941	240	230	0.163311422335
4117	394	153	3168	983	240	236	0.206991091773
4118	2	3	51	10	533	267	0.0266479078441
4120	10	1	27081	11863	260	318	0.0264616676668
4121	10	6	27081	14749	260	308	0.875966751581
4122	187	87	0	176	319	319	0
4123	48	49	249	286	262	224	0.662300026403
4124	49	124	247	359	224	296	0.0161295801684
4125	55	0	190	9	236	318	0.0464307739058
4130	105	319	9	29	245	228	0.784747401954
4131	3	9	14	49	249	288	0.9041191105
4133	10	112	1	3	182	319	0.608190760284
4134	42	111	39	450	236	308	2.49335866953e-07
4136	2	23	24	210	185	244	0.492298314111
4139	5	0	0	4	250	259	5.34616410586e-07
4144	3	0	27	47	236	227	0.000477413652288
4145	12	4	127	59	324	227	0.483478154594
4151	1	0	31	8	246	310	0.0163334951844
4152	2	12	43	27	272	244	0.000439108634737
4157	135	228	328	372	240	254	0.0387363255316
4158	43	518	32	445	198	254	0.59668866977
4159	55	16	67	13	222	228	0.347980797438
4160	55	159	67	97	222	285	0.00821347475255
4161	55	66	67	33	222	300	0.00367453487224
4162	16	159	13	97	228	285	0.522139281517
4163	16	66	13	33	228	300	0.286180789969
4165	5	2	38	28	355	246	0.385084776585
4166	9	29	111	203	223	251	0.134600447372
4167	19	22	163	114	220	223	0.16586426445
4168	6	18	53	95	197	220	0.247470237651
4169	26	7	123	113	215	197	0.00339605058135
4170	13	22	146	209	281	313	0.630219488394
4171	25	25	177	77	300	233	0.0155875985531
4177	15	29	114	74	339	266	0.00257930470884
4182	70	75	99	168	342	278	0.0684900190252
4184	3	230	7	903	288	203	1
4185	0	65	21	198	205	288	0.000191973377087
4186	9	1	11	0	318	244	0.328292761591
4190	4	0	13	23	321	183	0.000205968929195
4191	2	0	9	112	268	252	0.000160254041747
4205	0	19	6	88	204	275	0.0196058663753
4209	69	21	48	0	270	247	1.98696584697e-06
4215	0	9	50	42	235	310	1.18178593069e-05
4223	468	525	975	693	226	220	0.00504207444697
4224	0	13	8	89	252	406	0.011818856382
4225	522	1305	221	419	258	253	0.110228256772
4242	6	11	0	18	278	262	0.000190472318954
4243	6	14	0	46	278	351	3.15780017138e-05
4246	6	0	0	1	278	256	2.09762753447e-05
4248	0	3	4	62	463	351	0.151885127627
4251	11	0	18	1	262	256	0.253793421501
4254	14	0	46	1	351	256	0.33372424686
4263	47	342	195	667	274	528	0.000558755042637
4267	81	68	95	96	272	280	0.473447921037
4268	81	0	95	15	272	277	2.28399353733e-05
4269	68	0	96	15	280	277	5.19918333345e-05
4277	12	0	18	12	850	346	5.24912406983e-05
4279	3	53	8	312	203	255	0.572850236436
4282	21	17	113	185	232	314	0.0546905881061
4283	4	8	8	19	251	197	0.829916217217
4284	87	254	67	226	244	256	0.531648009174
4285	39	118	147	269	230	273	0.0416707113149
4286	17	89	119	119	215	230	4.0049028982e-08
4294	71	55	897	731	284	257	0.822085480482
4295	3	0	0	14	263	290	2.37886088161e-07
4296	27	64	7	24	300	273	0.38096273205
4297	18	49	0	24	267	273	4.24646315069e-05
4303	209	18	2133	155	225	225	0.69743940817
4304	0	64	8	28	270	219	3.67709469087e-05
4305	5	7	13	67	239	221	0.087288176798
4306	15	0	169	7	302	245	0.0568714951023
4311	9	0	7	7	237	289	0.000156560569187
4312	15	28	80	60	225	238	0.0152308265073
4313	49	115	53	140	217	271	0.667925965345
4315	23	2008	0	266	346	481	0.175765516671
4316	41	1178	11	147	346	481	0.0882725529511
4317	2068	2334	362	367	481	408	0.512218180357
4318	2058	2548	362	310	481	313	0.0249041794011
4319	1524	2533	256	299	408	313	0.036963350284
4324	247	743	360	754	362	479	0.0346599154115
4325	186	198	328	664	203	257	0.00057779287038
4327	639	978	3846	4212	267	323	0.0276256787404
4341	12	0	25	10	282	387	0.000852281818002
4342	25	298	31	688	240	240	0.0545282499864
4343	0	110	4	288	240	240	0.680159224032
4344	213	2755	93	677	203	366	0.00341131470052
4359	54	77	257	165	301	248	0.00111837307464
4361	44	8	162	54	408	189	0.125188724409
4362	40	12	30	35	340	352	0.000946440900475
4363	16	16	74	0	297	294	1.41219258509e-11
4366	2	3	96	36	240	226	0.153934694978
4367	192248	333075	218	157	220	257	5.50922889864e-07
4369	146	75	111	83	267	234	0.127046395775
4370	10	1412	0	324	171	274	0.837019978132
4371	386	827	95	200	249	274	0.946236322683
4376	4	17	93	107	275	298	0.00964865699913
4379	126	297	181	330	257	290	0.195834527122
4380	6	0	47	20	206	194	0.00167117942865
4381	3	32	55	32	480	244	7.11483005844e-09
4382	3	91	55	62	480	248	1.57096557984e-13
4383	48	89	301	588	335	562	0.832777314876
4384	14	21	95	60	265	221	0.0282871841436
4385	26	24	84	47	297	299	0.170530924594
4386	103	46	52	0	212	171	4.82044315575e-09
4387	48	60	20	12	171	278	0.0721695253003
4388	102	2	503	24	236	254	0.0798688431619
4389	38	62	182	253	236	275	0.536799224976
4391	6893	17165	688	1153	281	306	0.00847715217258
4392	9978	10721	813	456	306	215	2.31374892322e-05
4393	37	173	190	804	298	378	0.637470454756
4394	11	1	82	21	301	256	0.114169083143
4395	7	0	36	25	296	261	0.000310290387986
4396	22	3	146	3	364	237	0.073303375134
4397	62	3	246	3	338	237	0.186427290167
4398	42	3	136	3	396	237	0.249847549682
4399	16	42	70	132	248	338	0.321564976952
4400	0	2	69	0	253	302	5.86913833511e-06
4402	266	53	163	14	224	209	0.00851937887527
4403	1	10	33	81	263	263	0.0437315214429
4406	69	86	382	121	348	283	7.03787306211e-09
4407	0	130	16	663	357	348	0.0585109456732
4409	366	502	323	422	242	251	0.781410791602
4415	597	714	3901	3315	377	315	0.0261603935002
4416	322	629	3003	3356	299	377	0.000438478030409
4417	1	8	34	0	236	272	3.82239351282e-10
4418	280	787	27	74	250	251	0.965916361582
4420	2	7	0	6	206	206	0.0397767276338
4421	36	30	119	121	280	264	0.51725444671
4422	40	130	109	155	238	258	0.00118629033382
4425	14961	13644	275	87	362	281	9.28123644606e-09
4426	4146	13638	41	114	271	281	0.515069884719
4427	5544	23999	149	261	303	362	3.21542009352e-07
4428	4181	491	41	22	271	307	5.34001585106e-06
4429	4181	9329	41	223	271	303	2.53753967215e-05
4433	0	1	11	15	282	238	0.00576813825105
4437	0	3	22	17	307	253	0.000814014118847
4441	14	2	48	0	313	390	0.169217348379
4442	14	90	10	227	227	727	0.00494552346054
4443	22	28	197	80	342	315	0.000849979344234
4448	10	0	0	10	246	218	2.8081648118e-10
4457	0	14	13	97	241	290	0.00590477611289
4467	0	70	11	246	172	313	0.00637833102004
4468	6	0	60	7	212	224	0.0220578147824
4469	0	7	30	14	265	205	6.79315619845e-06
4475	27	249	26	272	212	207	0.697329769604
4477	0	5	8	61	439	306	0.0281453278376
4479	308	7	2870	31	225	225	0.226601186705
4480	8	12	40	44	241	229	0.493973387313
4481	0	13	41	116	207	252	0.000309798502643
4486	21	4	409	56	295	343	0.745193056394
4487	85	213	35	79	242	283	0.727598885218
4488	52	29	206	59	243	211	0.0347285673842
4489	62	196	125	106	233	246	3.04321502442e-08
4491	24	16	25	0	264	220	1.42042115325e-06
4492	24	35	25	205	264	303	3.20466442627e-06
4493	16	35	0	205	220	303	5.36237720894e-13
4494	14	48	26	115	220	254	0.562885568914
4495	118	191	226	264	321	307	0.10877982637
4499	7	12	33	26	245	272	0.140654238675
4502	52	23	92	12	230	251	0.00257444636044
4503	4	5	6	36	272	347	0.0630899419703
4505	191	242	966	952	259	309	0.156557199522
4506	18	435	147	1913	474	309	0.0191877962911
4507	38	55	36	34	191	279	0.211924349277
4508	18	17	44	32	222	188	0.528852902662
4510	0	18	28	70	272	265	7.12526210873e-05
4512	48	35	65	36	231	325	0.411149693193
4513	48	442	65	324	231	319	0.012641005061
4514	237	442	111	169	248	247	0.323740114852
4515	15	56	202	302	327	309	0.00320253231472
4516	26	52	42	94	216	326	0.740706010896
4517	668	1034	572	675	362	357	0.0907390167347
4518	143	196	106	91	243	334	0.0396128923319
4519	205	127	196	137	375	299	0.569486120221
4521	17	29	22	14	221	335	0.0317510322153
4523	325	159	386	82	376	240	5.90704682518e-05
4524	2	0	7	21	197	241	0.000608258589813
4525	151	123	136	87	234	263	0.292681555422
4526	612	682	1206	637	365	258	2.86004212502e-06
4527	8	3	38	70	184	422	0.00848287495722
4528	6	6	102	21	422	196	0.0134642165989
4530	7	18	0	38	406	188	0.000270088077976
4531	15	2	3	21	406	337	9.67844612232e-08
4532	11	2	0	21	277	337	5.65402946684e-10
4533	68	98	250	585	312	296	0.0336193450727
4535	1	48	0	126	203	263	0.356379717136
4537	385	554	543	387	234	208	3.36857744198e-05
4538	2359	15450	3592	21530	177	337	0.541082635424
4539	7307	15450	12016	21530	244	337	0.246677856914
4543	12	3	20	18	383	332	0.0399586065301
4544	147	14	216	0	289	247	4.97170064273e-06
4545	147	81	216	133	289	247	0.618991996758
4546	153	198	119	206	289	255	0.167507296759
4547	153	217	119	223	289	289	0.182304602635
4548	63	217	125	223	270	289	0.00373455094685
4549	30	122	62	216	253	289	0.562436285558
4553	41	12	195	0	317	251	2.59831278715e-09
4554	0	12	13	0	293	251	1.01795238905e-11
4555	1	0	3	17	247	321	0.00122022132845
4556	1	0	0	17	260	321	2.65360345186e-05
4558	3	237	0	593	221	321	0.67475376385
4559	11	237	9	593	280	321	0.0231020175269
4560	6	0	9	111	272	353	7.86070819547e-09
4561	0	4	28	9	281	269	4.5503975847e-05
4564	41	32	159	104	224	203	0.565928156272
4569	8	0	14	8	222	272	0.000812361410242
4582	0	2	21	0	304	278	1.95019898153e-06
4586	0	6	44	15	285	237	4.39497467919e-06
4587	1163	862	0	1	281	211	0.00434731652498
4588	12	130893	0	24	294	273	1
4589	107	130893	0	24	217	273	1
4590	439	43	996	49	187	210	0.00900433963364
4592	71	10	67	69	461	440	3.0572977705e-08
4593	2	75	15	123	288	352	0.00924261647586
4594	26	75	58	123	286	352	0.302410278528
4595	26	2	58	15	286	288	0.0420377043524
4597	19	0	244	2	210	153	1
4598	19	21	244	78	210	157	0.000846727845101
4601	4	232	24	335	261	261	0.00209096996836
4602	25	52	125	254	242	402	0.925441736908
4603	35	28	315	256	402	377	0.947632471135
4608	10	48	38	80	319	259	0.0330719209092
4609	223	398	369	332	282	235	0.000144399831608
4610	340	544	458	354	296	268	2.37883520687e-05
4613	178	82	168	78	344	248	0.975779722071
4615	4	97	5	284	244	403	0.326518495729
4616	4	29	5	106	244	301	0.213491409392
4618	54	23	320	259	303	251	0.025481573334
4621	5	6	0	118	221	218	1.91742187572e-06
4622	7	9	106	20	230	221	0.00109965393977
4628	125	141	449	310	361	291	0.0143470209805
4629	32	74	141	151	189	255	0.00488152959693
4636	39	37	193	38	323	236	8.61708162048e-07
4637	40	37	368	38	326	236	5.04685182534e-12
4638	66	122	445	307	211	268	6.38641180251e-06
4647	89	10	97	17	3156	235	0.308773746627
4649	18	48	108	367	212	265	0.517918684765
4650	26	33	17	23	338	185	0.867301845494
4651	20	164	23	275	184	269	0.296892514701
4655	25	14	51	1	184	250	1.75641828914e-06
4656	18	8	71	43	250	185	0.46836129771
4657	1	3	16	3	185	201	0.0136059251827
4658	8	0	0	18	209	389	3.21004334225e-11
4660	15	12	88	11	272	212	0.000353801666723
4669	24	48	87	262	199	485	0.190974583498
4670	28	42	17	32	233	236	0.563821370243
4671	3	4	0	26	251	242	0.000844406896235
4673	6	97	0	5	197	293	0.0334825952419
4674	6	3	93	27	219	237	0.744292900833
4675	8	27	0	4	261	342	0.004971451401
4676	8	22	0	4	261	304	0.00399533352337
4677	29	81	53	161	216	232	0.804687745601
4678	11	22	59	184	306	314	0.355640378146
4679	0	10	107	63	347	260	7.51514498076e-07
4683	0	55	33	60	299	317	8.94503249249e-10
4685	24	85	81	538	220	220	0.0472605432563
4688	3	129	190	321	253	282	2.22044604925e-16
4689	2295	4	1912	1	152	167	1
4690	2295	0	1912	1	152	178	1
4691	36	58	30	108	223	233	0.0132270468544
4697	1	2	89	65	212	232	0.355589844639
4704	2	9	37	39	866	311	0.0184796920726
4705	2	39	37	72	866	518	2.57795702856e-05
4706	18	25	188	101	277	258	0.00775047732997
4708	75	134	213	90	347	336	6.54295506664e-10
4739	12	9	107	64	315	361	0.704327009681
4740	8	12	99	67	361	344	0.101671526619
4742	12	0	32	57	306	247	1.47220431734e-07
4743	0	6	103	189	264	325	0.000767980392625
4748	21	18	92	42	366	229	0.107465525424
4751	0	8	80	49	278	278	5.47153715003e-06
4761	115	93	1056	635	219	196	0.150825506007
4762	460	742	4045	4839	270	280	0.0532769117497
4764	133	48	380	362	789	247	2.13160951072e-05
4766	671	646	3879	4022	269	245	0.63095289346
4767	682	114	4009	598	269	245	0.550420017313
4768	153	315	949	2211	246	337	0.491743522331
4769	51	315	241	2211	249	337	0.0827698777076
4771	12	6	97	90	299	305	0.203488825125
4772	262	167	7107	4259	318	234	0.727393853628
4773	6	0	21	15	299	289	0.000534287583686
4774	2	4	198	292	236	268	0.616035204207
4778	125	36	69	14	220	205	0.307720476813
4783	4	0	33	12	232	254	0.00470995922886
4784	42	56	25	195	293	280	2.9667369339e-08
4788	8	9	90	0	234	186	6.33489372071e-10
4789	8	25	90	72	234	335	0.00135162680497
4790	16	8	9	20	335	249	0.00832772073999
4791	22	9	134	21	335	238	0.0658065729235
4792	50	0	429	14	2498	308	0.00405339583568
4793	14	18	188	194	202	292	0.597351702418
4794	41	30	276	291	292	237	0.207996034645
4795	19	53	0	47	254	296	8.46706515012e-07
4797	1	14	31	292	302	657	0.404436415433
4798	9	14	94	279	333	657	0.174218210791
4800	0	3	3	21	263	241	0.0583987273858
4801	21	8	195	98	211	361	0.419634208264
4803	74	10	314	13	446	210	0.0172153571917
4804	74	93	635	279	242	172	1.93165648987e-06
4806	7	2	58	81	188	218	0.0205457987311
4808	17	10	63	44	265	232	0.664548609551
4809	17	10	63	37	265	198	0.995807680296
4810	28	3	99	18	265	232	0.273319258084
4812	28	42	99	119	265	251	0.458870827672
4813	3	0	7	63	232	184	2.52453331743e-05
4814	3	42	18	119	232	251	0.132843896917
4819	0	12	55	75	229	253	2.01631994684e-05
4820	2174	23	4811	55	252	247	0.751962641181
4821	3520	39	7475	33	586	271	0.00115047683869
4822	594	3	1089	19	206	187	0.0647123204269
4823	594	43	1089	40	206	271	0.011658494823
4824	3718	3	6673	19	181	187	1
4825	3718	43	6673	40	181	271	1
4826	3718	33	6673	32	181	247	1
4827	9	5	91	39	330	285	0.749892315091
4829	41	75	369	376	301	272	0.0170709984
4830	17	0	382	30	307	247	0.012723911422
4831	12	95	14	444	212	174	0.00298180917393
4832	161	154	960	587	239	212	0.0174987895336
4833	194	195	1676	632	248	239	5.3446208792e-08
4834	85	201	1048	1038	219	210	6.96532487576e-06
4835	40	5	113	130	247	216	9.91213165991e-08
4836	27	133	182	642	203	284	0.181684004496
4837	57	13	178	56	340	210	0.335374460496
4838	57	34	313	307	251	257	0.0601748639785
4839	5	0	108	13	514	284	0.0117197850227
4840	8	0	116	19	352	269	0.00657175684335
4841	7	0	61	23	348	265	0.00140404100153
4842	59	230	288	1018	206	290	0.621461913409
4843	231	249	1329	878	290	293	0.0048656263239
4844	2	10	86	0	260	319	3.61488616818e-13
4845	1	2	0	6	336	373	0.243681101624
4850	22	33	16	0	300	273	6.04885841415e-08
4852	6	0	11	11	280	241	0.000238710342217
4854	21	38	239	156	288	360	0.00128242401446
4862	13	0	175	58	402	266	0.000318848468761
4864	14	38	254	360	266	380	0.0520390412396
4869	6	18	40	134	222	239	0.908080379687
4870	6	17	40	99	222	235	0.700221492567
4871	91	106	431	426	215	252	0.440258757562
4874	3	665	0	2125	225	1705	0.376008717103
4877	16	1613	40	3387	274	271	0.622798122921
4878	60	1613	62	3387	378	271	0.00262953166674
4883	0	9	7	65	221	334	0.0121133429654
4886	101	299	411	577	231	261	9.44643883897e-05
4887	127	165	842	453	287	231	4.53160136415e-06
4889	5	0	72	30	317	202	0.00191256406005
4890	24	7	152	26	319	236	0.378615038974
4891	62	161	43	111	294	305	0.993678816131
4892	1	10	16	165	343	216	0.807487408234
4893	0	43	13	223	217	259	0.0105020070457
4894	14	85	64	247	275	312	0.151713300213
4895	95	0	283	16	399	456	0.00382287062869
4896	12	0	36	16	413	456	0.000333531605468
4897	85	0	248	16	306	456	0.0050370030907
4898	6	137	0	55	287	308	0.0482752656674
4900	7	10	25	40	223	225	0.845126325478
4901	9	18	53	80	225	247	0.485550415166
4904	20	60	173	375	281	275	0.248816825387
4906	26	19	61	31	253	230	0.361662486689
4908	59	28	164	43	439	262	0.065070388696
4909	11	87	72	44	280	321	3.30624416733e-13
4910	0	92	24	230	265	365	3.74500153145e-05
4911	0	127	24	273	265	354	2.29453964958e-05
4912	38	132	122	80	365	268	2.30663377287e-10
4913	36	83	76	44	365	321	4.15254686015e-06
4914	73	132	165	80	354	268	4.17377291617e-08
4915	16161	21570	25668	23353	296	335	0.00705328396633
4916	0	13	19	9	222	246	1.5730053593e-07
4917	6953	8989	1172	853	272	266	0.000118660238149
4918	1928	2987	728	906	239	253	0.152431464718
4919	35	117	185	223	282	281	4.37983104397e-05
4920	34	119	88	295	209	340	0.849900957505
4921	46	44	496	177	255	255	0.000280624340095
4922	6	0	54	8	206	202	0.0138512193233
4923	0	8	7	36	242	249	0.00712013782664
4924	10	8	87	36	495	249	0.199485160345
4925	10	0	87	7	495	242	0.0132468620483
4929	1585	2	5187	0	281	244	1
4930	6	5	52	18	350	276	0.210910824017
4933	0	5	46	18	174	215	2.35672839998e-05
4934	3	0	0	64	325	316	8.55800028621e-08
4935	183	58	4988	2052	249	220	0.192258126218
4936	108	59	2799	2370	220	231	0.0391589082283
4937	66	37	0	15	226	218	1.26987206306e-08
4938	71	99	780	864	223	208	0.278452394552
4939	89	190	1207	2008	231	342	0.194859643265
4940	416	317	3474	1741	365	269	0.0100135409958
4943	0	3	4	161	230	239	0.359400552927
4944	9	31	39	86	232	376	0.272026378485
4946	317	512	1229	964	278	253	1.03686422221e-05
4948	34	33	141	58	257	226	0.00762653540737
4954	13	163	50	258	187	328	0.006842384214
4955	60	28	322	48	375	227	0.00032923146437
