ID
0
11
12
14
16
17
31
39
41
42
43
44
46
47
48
50
51
52
54
55
62
64
65
66
67
68
69
70
71
74
75
76
77
86
87
88
89
92
93
100
102
105
106
107
108
109
112
113
114
115
121
122
123
128
135
136
137
138
139
140
141
142
143
144
150
151
152
154
155
156
157
158
159
161
162
163
164
170
171
172
174
175
176
177
179
180
181
191
192
193
194
195
196
197
198
199
200
201
202
203
204
205
207
210
212
213
215
216
217
218
219
220
221
222
223
225
231
232
233
235
237
238
240
241
244
246
247
251
252
259
260
261
262
266
267
270
271
273
274
277
278
279
280
281
286
289
293
302
303
306
308
310
311
312
313
314
315
316
328
338
342
350
358
361
362
363
366
367
368
370
378
379
381
382
385
386
387
388
389
390
391
392
393
394
395
398
399
400
401
402
403
404
409
410
411
413
414
418
419
420
425
430
431
432
433
434
435
436
437
438
439
446
447
449
450
451
452
453
454
456
457
459
461
462
463
464
469
472
473
475
476
477
478
480
481
484
485
486
487
488
489
491
492
495
496
497
498
499
500
501
502
503
505
506
507
508
509
510
511
513
514
515
516
517
520
521
528
529
530
531
532
533
534
535
536
539
540
541
544
552
553
561
562
564
568
569
570
571
573
574
575
576
579
580
581
582
590
591
593
600
602
604
605
606
609
610
611
615
616
617
618
619
621
622
623
624
625
626
629
630
631
632
633
635
636
638
639
640
644
645
646
647
648
653
654
656
658
659
660
663
665
668
669
670
672
673
674
675
676
677
678
679
680
686
689
690
696
697
699
701
702
703
704
706
710
711
712
715
716
720
722
724
725
727
729
731
733
734
735
736
737
739
743
748
749
753
754
755
756
757
759
764
765
766
775
776
777
778
779
781
782
783
784
785
786
787
788
789
790
791
792
795
798
802
804
805
806
807
809
810
812
813
814
815
817
818
821
822
823
824
825
828
829
830
833
834
835
836
837
840
842
843
846
847
848
850
851
852
859
865
866
870
871
872
873
877
881
882
885
886
887
888
889
891
892
893
894
895
896
897
898
899
901
902
903
912
914
915
927
931
932
933
934
935
936
942
943
944
945
946
947
948
968
972
973
974
980
981
982
983
984
986
988
989
990
992
994
996
1000
1001
1010
1027
1029
1030
1058
1059
1062
1063
1064
1065
1066
1067
1071
1074
1075
1077
1078
1079
1082
1084
1085
1087
1092
1093
1094
1095
1096
1099
1100
1102
1103
1104
1105
1106
1107
1108
1109
1110
1111
1126
1127
1137
1142
1143
1144
1146
1148
1149
1151
1152
1154
1155
1156
1157
1165
1166
1170
1171
1173
1174
1178
1185
1189
1190
1203
1204
1210
1212
1213
1214
1215
1216
1221
1222
1223
1224
1225
1228
1230
1232
1234
1237
1238
1239
1240
1241
1242
1245
1247
1249
1250
1251
1255
1256
1263
1264
1265
1266
1276
1278
1287
1290
1292
1293
1301
1302
1309
1310
1311
1320
1326
1327
1329
1330
1331
1336
1337
1341
1342
1345
1346
1347
1348
1350
1351
1355
1356
1359
1360
1362
1363
1366
1367
1368
1369
1370
1371
1372
1374
1375
1376
1378
1379
1380
1381
1382
1385
1386
1390
1393
1399
1406
1407
1412
1417
1418
1422
1423
1426
1427
1428
1430
1431
1433
1445
1446
1447
1448
1454
1457
1462
1463
1466
1467
1468
1473
1474
1475
1476
1479
1480
1481
1483
1490
1491
1493
1495
1496
1497
1508
1509
1511
1518
1519
1520
1521
1523
1524
1526
1527
1528
1531
1532
1566
1567
1570
1573
1581
1582
1583
1584
1585
1586
1593
1596
1597
1598
1600
1601
1602
1603
1604
1606
1607
1608
1613
1615
1616
1617
1618
1619
1620
1623
1624
1626
1637
1638
1639
1643
1649
1650
1651
1652
1660
1666
1667
1668
1669
1670
1672
1673
1674
1675
1676
1678
1679
1680
1681
1682
1685
1692
1693
1694
1696
1697
1698
1699
1700
1701
1702
1703
1704
1705
1706
1711
1712
1713
1715
1719
1720
1721
1722
1728
1729
1730
1731
1732
1733
1735
1736
1738
1739
1740
1742
1743
1744
1751
1752
1756
1757
1758
1759
1760
1763
1767
1768
1769
1771
1772
1773
1774
1776
1782
1783
1785
1788
1789
1791
1794
1795
1797
1799
1800
1801
1802
1808
1811
1813
1816
1817
1818
1827
1829
1830
1843
1853
1854
1855
1939
1941
1942
1943
1944
1946
1947
1948
1950
1954
1955
1957
1959
1961
1962
1963
1966
1968
1970
1971
1975
1976
1977
1978
1980
1983
1987
1988
1993
1994
1995
1998
1999
2000
2001
2003
2004
2005
2006
2007
2008
2011
2012
2013
2014
2016
2017
2018
2019
2020
2023
2024
2026
2032
2033
2034
2038
2039
2041
2042
2043
2044
2045
2046
2047
2050
2053
2058
2069
2070
2071
2072
2073
2074
2077
2078
2082
2083
2084
2085
2086
2088
2090
2092
2106
2107
2108
2109
2110
2111
2112
2114
2117
2118
2121
2124
2127
2128
2129
2151
2154
2155
2157
2158
2159
2160
2163
2165
2166
2167
2168
2170
2172
2173
2174
2175
2176
2177
2178
2180
2181
2182
2183
2184
2185
2187
2188
2189
2191
2194
2197
2198
2200
2201
2203
2205
2209
2210
2211
2212
2214
2215
2217
2219
2223
2224
2225
2226
2229
2233
2235
2237
2238
2239
2240
2241
2242
2255
2256
2257
2258
2259
2263
2266
2267
2268
2269
2270
2273
2275
2276
2278
2291
2292
2293
2294
2295
2296
2301
2308
2309
2310
2311
2312
2314
2316
2317
2319
2320
2322
2324
2325
2326
2327
2333
2335
2336
2337
2338
2342
2343
2344
2345
2346
2347
2348
2351
2352
2354
2355
2364
2365
2366
2368
2369
2370
2372
2373
2375
2377
2382
2383
2391
2393
2403
2404
2405
2407
2408
2409
2410
2411
2412
2413
2414
2418
2419
2422
2425
2426
2428
2432
2433
2444
2446
2447
2448
2450
2453
2459
2472
2488
2490
2492
2494
2496
2498
2499
2500
2506
2514
2516
2517
2519
2521
2522
2535
2536
2537
2538
2539
2540
2543
2544
2545
2550
2551
2552
2553
2554
2556
2557
2559
2560
2562
2567
2568
2569
2571
2573
2582
2585
2593
2595
2596
2599
2600
2601
2602
2605
2608
2610
2613
2614
2616
2617
2619
2621
2624
2625
2654
2655
2656
2658
2659
2660
2662
2663
2664
2665
2667
2668
2669
2671
2679
2681
2682
2683
2696
2704
2705
2706
2709
2711
2713
2714
2715
2716
2717
2718
2720
2723
2724
2725
2726
2727
2728
2729
2730
2731
2734
2735
2738
2739
2742
2743
2744
2745
2746
2748
2753
2754
2755
2761
2762
2763
2764
2765
2766
2767
2771
2772
2775
2776
2777
2778
2781
2783
2785
2786
2788
2790
2792
2794
2795
2800
2802
2804
2813
2817
2818
2820
2825
2826
2827
2828
2829
2834
2835
2840
2841
2842
2843
2857
2858
2859
2867
2870
2871
2872
2874
2875
2876
2878
2881
2882
2903
2904
2905
2906
2907
2908
2909
2910
2913
2914
2916
2920
2922
2923
2924
2925
2927
2928
2929
2932
2933
2934
2935
2937
2938
2939
2940
2942
2944
2945
2946
2948
2952
2957
2982
2985
2986
2987
2988
2989
2990
2991
2992
2993
2994
3007
3009
3010
3011
3012
3013
3014
3015
3016
3017
3018
3019
3020
3022
3023
3024
3026
3027
3031
3032
3033
3034
3035
3036
3037
3038
3039
3040
3041
3045
3046
3047
3048
3052
3055
3056
3057
3058
3059
3060
3061
3062
3063
3072
3075
3076
3077
3078
3079
3081
3092
3093
3094
3095
3096
3098
3103
3104
3107
3108
3109
3113
3114
3115
3116
3120
3121
3122
3130
3131
3132
3134
3136
3137
3138
3139
3140
3143
3144
3146
3148
3149
3157
3158
3159
3160
3161
3162
3164
3165
3166
3167
3168
3170
3173
3176
3186
3188
3189
3192
3193
3194
3196
3216
3219
3220
3224
3225
3227
3228
3229
3237
3239
3244
3247
3248
3249
3250
3253
3254
3255
3256
3257
3258
3259
3261
3262
3263
3264
3265
3275
3276
3277
3282
3285
3286
3293
3294
3302
3303
3304
3309
3311
3316
3322
3325
3326
3327
3328
3329
3331
3332
3333
3334
3335
3337
3377
3379
3380
3382
3385
3386
3399
3400
3401
3402
3403
3405
3406
3407
3412
3413
3419
3425
3426
3427
3436
3437
3438
3469
3470
3472
3476
3478
3479
3480
3481
3482
3483
3485
3487
3488
3489
3490
3492
3493
3497
3503
3504
3505
3506
3507
3509
3510
3511
3518
3523
3526
3527
3528
3529
3530
3531
3561
3562
3563
3564
3576
3577
3578
3581
3585
3588
3589
3590
3591
3592
3595
3596
3602
3603
3604
3605
3606
3607
3608
3609
3610
3612
3613
3615
3620
3621
3622
3623
3624
3625
3626
3634
3635
3638
3639
3640
3641
3642
3643
3644
3646
3647
3648
3649
3652
3653
3658
3659
3660
3661
3662
3663
3666
3667
3671
3673
3678
3679
3680
3683
3684
3685
3686
3687
3690
3691
3692
3693
3694
3695
3696
3697
3698
3699
3703
3704
3707
3732
3741
3743
3744
3745
3746
3749
3752
3757
3758
3759
3760
3761
3763
3765
3766
3767
3768
3774
3775
3776
3777
3778
3780
3788
3795
3796
3797
3798
3799
3803
3805
3818
3819
3820
3821
3822
3826
3827
3830
3832
3835
3836
3837
3854
3856
3857
3858
3864
3866
3870
3871
3872
3873
3874
3875
3876
3879
3880
3881
3882
3883
3884
3887
3891
3894
3897
3898
3903
3909
3912
3916
3918
3921
3922
3923
3924
3925
3935
3936
3940
3941
3942
3946
3949
3951
3952
3954
3961
3962
3963
3964
3965
3966
3969
3970
3971
3972
3977
3978
3982
3983
3985
3986
3988
3990
3993
3997
3998
4000
4004
4008
4010
4011
4012
4019
4020
4023
4025
4026
4027
4028
4030
4031
4033
4040
4055
4061
4063
4064
4065
4068
4070
4071
4072
4077
4078
4079
4080
4081
4082
4083
4084
4088
4089
4090
4091
4095
4096
4097
4098
4099
4100
4101
4102
4104
4111
4112
4114
4115
4116
4117
4118
4120
4121
4122
4123
4124
4125
4130
4131
4133
4134
4136
4139
4144
4145
4151
4152
4157
4158
4159
4160
4161
4162
4163
4165
4166
4167
4168
4169
4170
4171
4177
4182
4184
4185
4186
4190
4191
4205
4209
4215
4223
4224
4225
4242
4243
4246
4248
4251
4254
4263
4267
4268
4269
4277
4279
4282
4283
4284
4285
4286
4294
4295
4296
4297
4303
4304
4305
4306
4311
4312
4313
4315
4316
4317
4318
4319
4324
4325
4327
4341
4342
4343
4344
4359
4361
4362
4363
4366
4367
4369
4370
4371
4376
4379
4380
4381
4382
4383
4384
4385
4386
4387
4388
4389
4391
4392
4393
4394
4395
4396
4397
4398
4399
4400
4402
4403
4406
4407
4409
4415
4416
4417
4418
4420
4421
4422
4425
4426
4427
4428
4429
4433
4437
4441
4442
4443
4448
4457
4467
4468
4469
4475
4477
4479
4480
4481
4486
4487
4488
4489
4491
4492
4493
4494
4495
4499
4502
4503
4505
4506
4507
4508
4510
4512
4513
4514
4515
4516
4517
4518
4519
4521
4523
4524
4525
4526
4527
4528
4530
4531
4532
4533
4535
4537
4538
4539
4543
4544
4545
4546
4547
4548
4549
4553
4554
4555
4556
4558
4559
4560
4561
4564
4569
4582
4586
4587
4588
4589
4590
4592
4593
4594
4595
4597
4598
4601
4602
4603
4608
4609
4610
4613
4615
4616
4618
4621
4622
4628
4629
4636
4637
4638
4647
4649
4650
4651
4655
4656
4657
4658
4660
4669
4670
4671
4673
4674
4675
4676
4677
4678
4679
4683
4685
4688
4689
4690
4691
4697
4704
4705
4706
4708
4739
4740
4742
4743
4748
4751
4761
4762
4764
4766
4767
4768
4769
4771
4772
4773
4774
4778
4783
4784
4788
4789
4790
4791
4792
4793
4794
4795
4797
4798
4800
4801
4803
4804
4806
4808
4809
4810
4812
4813
4814
4819
4820
4821
4822
4823
4824
4825
4826
4827
4829
4830
4831
4832
4833
4834
4835
4836
4837
4838
4839
4840
4841
4842
4843
4844
4845
4850
4852
4854
4862
4864
4869
4870
4871
4874
4877
4878
4883
4886
4887
4889
4890
4891
4892
4893
4894
4895
4896
4897
4898
4900
4901
4904
4906
4908
4909
4910
4911
4912
4913
4914
4915
4916
4917
4918
4919
4920
4921
4922
4923
4924
4925
4929
4930
4933
4934
4935
4936
4937
4938
4939
4940
4943
4944
4946
4948
4954
4955
