ID
0
6
7
9
10
11
13
14
15
17
19
21
22
23
24
57
62
67
75
79
80
83
87
89
90
92
96
111
119
120
122
143
147
163
165
168
174
175
182
184
194
196
197
218
219
223
229
235
244
252
258
265
270
271
272
276
279
280
288
304
317
326
331
335
346
348
354
360
389
394
396
397
398
399
400
402
412
414
422
423
432
433
434
439
441
442
444
445
446
447
461
464
466
472
484
489
491
499
501
513
517
518
519
521
525
529
537
540
550
565
566
567
570
571
577
578
587
588
589
590
596
598
599
636
637
640
646
653
658
660
666
669
673
679
680
681
686
708
709
710
742
743
744
747
756
759
768
770
773
777
784
788
798
802
804
805
807
817
822
827
828
836
840
841
855
864
865
868
869
871
872
885
888
889
890
894
902
904
924
928
933
952
954
955
961
973
979
980
990
991
996
997
1001
1002
1006
1021
1023
1024
1025
1033
1042
1081
1082
1087
1090
1098
1102
1106
1108
1109
1113
1116
1117
1118
1123
1125
1131
1133
1135
1140
1141
1152
1156
1168
1180
1185
1203
1205
1207
1208
1210
1211
1212
1223
1235
1241
1244
1251
1257
1260
1263
1267
1268
1274
1275
1276
1278
1284
1285
1286
1294
1297
1298
1299
1300
1303
1304
1305
1307
1308
1309
1310
1314
1315
1317
1328
1332
1333
1334
1336
1347
1348
1350
1352
1357
1358
1359
1360
1375
1376
1377
1378
1389
1401
1402
1411
1415
1428
1429
1430
1431
1432
1433
1438
1441
1447
1449
1453
1455
1456
1457
1461
1463
1464
1465
1467
1469
1473
1476
1489
1495
1497
1498
1499
1500
1502
1506
1508
1509
1510
1511
1513
1517
1518
1519
1520
1523
1524
1525
1526
1527
1528
1530
1531
1532
1533
1534
1535
1546
1547
1548
1549
1551
1552
1556
1558
1559
1560
1561
1562
1568
1569
1570
1576
1577
1581
1586
1587
1589
1590
1593
1594
1595
1596
1615
1617
1619
1620
1624
1628
1629
1630
1631
1632
1636
1639
1640
1641
1653
1654
1659
1663
1669
1670
1671
1672
1673
1674
1678
1693
1695
1700
1702
1703
1704
1708
1718
1727
1728
1729
1730
1731
1738
1739
1740
1741
1742
1748
1749
1755
1774
1775
1780
1781
1782
1792
1795
1796
1799
1820
1821
1822
1823
1825
1830
1834
1835
1836
1837
1839
1848
1849
1852
1858
1860
1861
1883
1889
1892
1894
1904
1910
1911
1914
1916
1921
1923
1924
1925
1928
1929
1932
1933
1934
1935
1936
1937
1939
1941
1946
1950
1951
1953
1957
1958
1959
1964
1965
1968
1982
1986
1987
1989
1995
2000
2003
2005
2006
2008
2009
2011
2016
2023
2025
2028
2029
2030
2031
2041
2049
2050
2052
2067
2069
2070
2073
2075
2081
2089
2090
2093
2094
2097
2098
2099
2110
2111
2112
2117
2122
2129
2130
2132
2138
2141
2144
2146
2147
2149
2150
2151
2156
2158
2160
2161
2166
2167
2169
2170
2172
2173
2174
2176
2177
2178
2179
2180
2181
2182
2184
2185
2186
2187
2188
2192
2193
2195
2198
2199
2200
2201
2202
2203
2204
2206
2209
2210
2214
2215
2216
2221
2223
2224
2227
2229
2233
2234
2239
2240
2242
2250
2251
2254
2256
2257
2259
2261
2266
2270
2273
2280
2282
2283
2287
2289
2291
2302
2305
2307
2312
2323
2325
2328
2329
2336
2337
2345
2346
2349
2350
2351
2352
2353
2354
2355
2357
2361
2373
2374
2375
2378
2390
2391
2395
2401
2409
2410
2412
2414
2415
2416
2419
2430
2431
2432
2435
2438
2451
2452
2456
2459
2460
2462
2463
2464
2465
2467
2470
2477
2479
2480
2483
2484
2487
2488
2490
2491
2498
2500
2501
2502
2503
2505
2507
2508
2509
2512
2514
2515
2516
2517
2518
2519
2520
2522
2523
2531
2532
2533
2541
2542
2543
2548
2550
2551
2555
2557
2558
2559
2565
2566
2569
2572
2575
2578
2583
2589
2590
2592
2597
2598
2601
2604
2605
2606
2611
2616
2617
2619
2620
2623
2625
2626
2627
2629
2632
2634
2635
2637
2638
2639
2645
2646
2655
2657
2661
2664
2671
2674
2676
2686
2687
2688
2689
2694
2702
2707
2709
2711
2712
2718
2721
2724
2725
2731
2734
2736
2738
2747
2750
2753
2755
2760
2765
2779
2783
2784
2785
2786
2788
2789
2793
2794
2796
2797
2800
2802
2803
2804
2817
2818
2826
2827
2831
2834
2838
2841
2842
2844
2853
2854
2856
2857
2858
2859
2860
2866
2867
2879
2884
2888
2891
2897
2898
2902
2903
2918
2920
2921
2923
2924
2930
2931
2934
2935
2937
2938
2939
2944
2945
2946
2947
2948
2951
2961
2962
2963
2967
2972
2973
2974
2980
2985
2995
3002
3003
3005
3007
3013
3014
3016
3018
3024
3028
3030
3032
3033
3034
3036
3040
3042
3043
3045
3046
3047
3048
3051
3054
3056
3057
3058
3075
3080
3085
3086
3088
3089
3093
3096
3097
3100
3102
3103
3113
3117
3118
3119
3120
3131
3132
3136
3141
3142
3143
3145
3148
3150
3154
3157
3158
3160
3161
3162
3164
3165
3166
3167
3168
3169
3172
3173
3174
3186
3188
3210
3211
3226
3244
3245
3246
3249
3251
3252
3255
3256
3259
3260
3261
3263
3270
3273
3281
3289
3291
3293
3296
3297
3302
3303
3305
3308
3309
3310
3313
3314
3319
3321
3329
3332
3339
3341
3343
3345
3352
3353
3359
3361
3365
3367
3368
3369
3370
3372
3376
3378
3380
3383
3384
3385
3386
3388
3393
3394
3401
3402
3405
3406
3407
3414
3418
3421
3427
3432
3433
3434
3437
3441
3446
3467
3468
3481
3484
3494
3495
3496
3499
3501
3505
3506
3509
3513
3514
3515
3516
3527
3540
3549
3550
3553
3555
3556
3557
3558
3560
3561
3562
3563
3564
3567
3568
3572
3573
3577
3583
3591
3594
3596
3597
3598
3603
3606
3618
3622
3624
3625
3628
3629
3630
3633
3634
3643
3664
3665
3666
3667
3680
3681
3686
3687
3693
3697
3701
3702
3703
3705
3708
3713
3714
3715
3716
3717
3719
3722
3725
3732
3736
3737
3739
3740
3741
3742
3745
3750
3751
3752
3762
3763
3768
3769
3770
3771
3778
3787
3798
3799
3811
3816
3817
3823
3824
3828
3831
3837
3845
3855
3858
3859
3867
3868
3869
3874
3879
3883
3886
3892
3907
3910
3912
3918
3922
3927
3928
3933
3934
3935
3939
3940
3942
3944
3950
3954
3960
3964
3965
3966
3967
3969
3972
3973
3976
3986
3987
3988
3990
3991
3992
3995
3996
3999
4002
4007
4010
4011
4012
4015
4016
4019
4022
4023
4025
4047
4048
4050
4057
4058
4066
4068
4078
4080
4081
4083
4085
4090
4091
4094
4095
4096
4097
4105
4107
4109
4112
4118
4121
4122
4134
4138
4141
4150
4151
4152
4155
4158
4160
4161
4162
4164
4172
4174
4177
4181
4188
4205
4208
4215
4216
4221
4226
4227
4228
4235
4237
4241
4242
4244
4251
4253
4254
4256
4262
4263
4264
4265
4266
4267
4278
4286
4289
4293
4296
4299
4307
4309
4311
4313
4314
4315
4316
4323
4326
4334
4335
4341
4342
4343
4349
4350
4353
4363
4366
4378
4384
4388
4389
4390
4395
4396
4397
4406
4412
4413
4414
4418
4423
4424
4425
4426
4432
4433
4434
4435
4436
4450
4452
4474
4475
4476
4477
4478
4479
4484
4485
4486
4488
4496
4501
4502
4505
4506
4509
4512
4513
4514
4518
4522
4523
4530
4532
4539
4542
4561
4562
4563
4568
4570
4571
4572
4573
4575
4576
4578
4580
4595
4597
4598
4599
4602
4608
4611
4612
4613
4615
4618
4619
4620
4621
4623
4633
4635
4639
4641
4642
4643
4644
4652
4657
4659
4663
4672
4673
4674
4677
4680
4688
4697
4698
4702
4707
4709
4710
4714
4718
4719
4721
4722
4723
4729
4730
4732
4733
4735
4737
4745
4746
4755
4756
4763
4766
4773
4778
4779
4786
4788
4790
4793
4794
4797
4798
4799
4802
4811
4813
4823
4824
4826
4832
4833
4836
4839
4841
4845
4846
4848
4857
4860
4865
4867
4868
4881
4883
4886
4913
4914
4920
4922
4925
4936
4944
4949
4950
4951
4954
4957
4960
4964
4965
4968
4970
4971
4975
4977
4982
4983
4984
4985
4986
4989
4999
5004
5005
5009
5010
5012
5013
5014
5015
5016
5021
5029
5031
5034
5040
5041
5042
5044
5048
5051
5052
5054
5055
5056
5057
5066
5071
5072
5074
5080
5087
5091
5092
5093
5094
5095
5097
5099
5100
5102
5104
5105
5106
5108
5110
5114
5116
5117
5118
5124
5125
5143
5154
5158
5161
5162
5172
5173
5174
5175
5178
5179
5183
5205
5206
5207
5208
5211
5217
5234
5235
5237
5243
5247
5249
5252
5256
5258
5269
5271
5272
5273
5293
5296
5301
5304
5310
5317
5320
5323
5328
5331
5338
5341
5342
5350
5351
5352
5353
5354
5359
5363
5367
5368
5369
5371
5374
5379
5382
5383
5386
5391
5396
5400
5404
5405
5410
5411
5424
5425
5434
5436
5437
5439
5440
5441
5452
5467
5469
5470
5473
5474
5475
5481
5499
5500
5512
5513
5514
5518
5519
5520
5522
5523
5525
5526
5527
5528
5529
5530
5534
5535
5537
5538
5543
5544
5546
5556
5557
5558
5559
5560
5562
5563
5566
5567
5568
5569
5570
5571
5577
5580
5581
5582
5583
5584
5587
5607
5611
5625
5626
5631
5632
5633
5649
5650
5653
5655
5668
5674
5675
5677
5680
5681
5683
5685
5686
5692
5694
5695
5696
5702
5703
5704
5705
5706
5709
5721
5728
5733
5734
5740
5741
5746
5747
5748
5749
5750
5751
5752
5755
5756
5757
5759
5769
5770
5772
5774
5778
5779
5780
5782
5783
5784
5785
5786
5787
5789
5790
5792
5794
5797
5799
5800
5820
5821
5822
5830
5839
5841
5844
5848
5849
5856
5857
5858
5869
5873
5874
5875
5876
5877
5878
5880
5881
5882
5885
5888
5901
5902
5903
5926
5929
5930
5931
5932
5938
5946
5948
5950
5951
5966
5968
5971
5972
5981
5982
5983
5984
5985
5993
5994
5996
6002
6006
6008
6014
6015
6016
6017
6024
6025
6026
6031
6032
6034
6036
6045
6051
6054
6056
6069
6071
6087
6088
6091
6096
6113
6119
6126
6128
6130
6131
6133
6136
6153
6154
6156
6157
6158
6160
6164
6165
6166
6167
6175
6177
6178
6185
6191
6201
6209
6211
6212
6214
6216
6221
6238
6239
6246
6247
6248
6250
6253
6254
6260
6267
6270
6273
6274
6275
6276
6279
6281
6282
6283
6286
6289
6297
6298
6299
6304
6310
6314
6315
6339
6340
6341
6349
6356
6371
6372
6373
6378
6388
6390
6399
6400
6401
6402
6403
6406
6416
6420
6421
6423
6427
6432
6444
6445
6446
6447
6456
6457
6460
6463
6466
6467
6468
6472
6473
6474
6476
6479
6480
6482
6484
6485
6490
6493
6494
6495
6496
6497
6498
6504
6507
6508
6511
6526
6527
6528
6530
6538
6543
6544
6545
6546
6548
6549
6550
6551
6553
6554
6556
6557
6559
6560
6562
6565
6569
6570
6571
6572
6576
6582
6584
6589
6591
6592
6594
6596
6597
6599
6602
6604
6609
6611
6623
6641
6646
6659
6662
6663
6664
6667
6670
6674
6686
6687
6690
6695
6703
6704
6713
6717
6735
6750
6752
6753
6755
6758
6759
6761
6764
6765
6767
6768
6769
6770
6771
6772
6773
6774
6776
6777
6787
6794
6796
6797
6801
6812
6813
6819
6820
6821
6825
6826
6828
6838
6851
6858
6861
6876
6877
6878
6879
6880
6882
6886
6887
6888
6892
6893
6897
6901
6903
6905
6906
6919
6920
6929
6930
6939
6940
6941
6944
6947
6952
6955
6956
6964
6971
6978
6984
6989
6992
6993
6994
6997
7002
7012
7013
7019
7027
7031
7035
7039
7041
7043
7048
7049
7050
7051
7053
7056
7057
7058
7061
7064
7066
7067
7068
7070
7071
7072
7073
7074
7075
7080
7082
7083
7084
7087
7090
7091
7092
7094
7095
7098
7099
7103
7107
7111
7113
7118
7119
7120
7121
7124
7125
7126
7127
7128
7129
7134
7136
7148
7154
7155
7166
7168
7169
7182
7200
7208
7221
7228
7237
7238
7242
7244
7245
7249
7252
7253
7264
7266
7276
7277
7282
7283
7288
7289
7291
7295
7302
7312
7321
7323
7324
7325
7333
7334
7343
7344
7347
7348
7349
7364
7366
7368
7369
7370
7371
7374
7375
7379
7380
7383
7384
7385
7386
7392
7395
7396
7397
7399
7401
7412
7414
7415
7418
7424
7425
7426
7429
7431
7432
7434
7436
7438
7439
7440
7446
7453
7457
7458
7459
7461
7464
7465
7472
7474
7475
7476
7479
7489
7502
7505
7506
7507
7508
7509
7511
7512
7513
7516
7524
7525
7534
7537
7540
7541
7542
7544
7545
7549
7550
7551
7553
7563
7577
7579
7581
7593
7594
7597
