ID	IJC_SAMPLE_1	SJC_SAMPLE_1	IJC_SAMPLE_2	SJC_SAMPLE_2	IncFormLen	SkipFormLen	PValue
0	2	0	42	1	182	149	0.337456735134
6	0	2	3	70	263	149	0.44438150307
7	8	0	0	2	298	149	1.25087145719e-06
9	0	6	55	0	273	149	3.53084228522e-12
10	13	56	0	13	298	149	0.00455876791597
11	0	8	2	4	280	149	0.0337332637811
13	46	9	28	12	298	149	0.119379892308
14	6	9	7	12	199	149	0.851281956787
15	0	42	21	214	254	149	0.00445851564681
17	0	885	1	355	298	149	1
19	3	148	0	61	153	149	0.724458720934
21	15	17	12	2	166	149	0.00523877571937
22	15	0	63	3	158	149	0.167069998346
23	6	0	4	3	201	149	0.00175006604295
24	0	9	2	61	192	149	0.670576737595
57	0	9	10	30	204	149	0.00245655912851
62	0	2	11	67	267	149	0.034413844901
67	9	697	2	464	220	149	1
75	3	32	2	18	298	149	0.863594084552
79	5	16	6	51	298	149	0.216169452047
80	1	16	5	51	298	149	0.366339334638
83	1	0	43	1	230	149	0.304536131697
87	43	0	47	1	298	149	0.284987892163
89	9	52	7	20	154	149	0.261441669529
90	6	9	6	2	154	149	0.062327161713
92	0	1	1	0	185	149	7.56222339521e-05
96	1	6	4	2	240	149	0.0238955636705
111	0	7	2	16	160	149	0.112336311945
119	1	0	249	3	298	149	0.454319263596
120	1	1	2	0	184	149	0.0246270496393
122	1	8	7	42	184	149	0.528266265861
143	25	2	2	0	243	149	0.115289427423
147	9	0	5	6	298	149	4.69272677798e-05
163	130	0	3483	25	159	149	1
165	0	130	52	3469	298	149	1
168	0	2	26	2712	173	149	1
174	3	0	44	7	298	149	0.00912596008277
175	3	0	38	1	298	149	0.264677455314
182	79	1	23	1	298	149	0.895809168588
184	0	2	1	124	232	149	1
194	50	46225	56	14155	183	149	1
196	26	0	118	13	284	149	0.00222694542762
197	4	3	0	1	161	149	0.00114530872129
218	10	5	2	0	298	149	0.00192414610002
219	14	171	2	16	298	149	0.592581399221
223	3	137	0	5	159	149	0.575107437794
229	0	34	1	43	196	149	0.498597434671
235	12	0	391	12	159	149	0.11190322767
244	0	2	1	10	204	149	0.233440017817
252	32	0	121	2	298	149	0.574157617755
258	9	1	1	0	298	149	0.73253083701
265	3	4	1	0	263	149	0.000642420953718
270	0	1	1	0	209	149	7.43665270646e-05
271	1	7	1	16	226	149	0.903542019244
272	2	7	0	16	166	149	0.0310788819225
276	2	1	7	0	227	149	0.138652027537
279	3	2	7	8	298	149	0.538291192616
280	7	1	10	8	153	149	0.0368491372824
288	7	2	22	77	182	149	0.000873131611829
304	11	0	63	6	225	149	0.0132933326137
317	4	0	68	4	298	149	0.0368527507904
326	2	0	90	2	170	149	0.846764461504
331	2	10	0	6	155	149	0.0650596977469
335	5	6	8	4	298	149	0.270345366486
346	0	12	2	89	231	149	0.58955838637
348	4	0	14	11	164	149	0.00107859636486
354	1	8	2	20	153	149	0.751492406651
360	7	0	269	3	151	149	0.827104698456
389	0	16	7	83	187	149	0.0280226678778
394	0	12	4	6	173	149	0.00114362828694
396	21	171	13	100	298	149	0.949530913838
397	7	4	5	0	298	149	0.000616601635063
398	9	2	9	0	280	149	0.0224793875378
399	1	23	22	244	171	149	0.165793689318
400	1	14	0	10	217	149	0.266948157655
402	0	10	6	185	156	149	0.187883715409
412	8	29	7	16	160	149	0.457327248388
414	1	5	1	2	160	149	0.604667064473
422	0	3	4	7	298	149	0.00934824964449
423	2	0	2	3	154	149	0.00133327859164
432	8	1	39	1	298	149	0.83709365384
433	7	297	14	624	177	149	0.895142549708
434	0	2	1	13	220	149	0.262386331934
439	41	33	4	17	159	149	0.00183586180912
441	33	415	3	140	195	149	0.00593644469139
442	14	1	3	4	195	149	0.0038386489866
444	4	74	5	224	247	149	0.312990376509
445	7	74	5	224	298	149	0.0243505382601
446	11	0	13	1	298	149	0.378947699031
447	1	24	9	19	203	149	0.0015919634883
461	24	3	16	1	203	149	0.344523924383
464	1	7	2	39	298	149	0.513963548769
466	37	1	102	5	152	149	0.306395164073
472	3	0	9	7	203	149	0.00135044359639
484	2	219	3	262	298	149	1
489	28	6	130	51	270	149	0.167450560266
491	2	9	1	54	161	149	0.0778299013861
499	2955	2	1055	2	298	149	1
501	1316	8	560	4	222	149	1
513	12	42	2	31	201	149	0.0171302546675
517	11	8	18	26	176	149	0.20777217141
518	0	2	4	25	203	149	0.0402067595758
519	0	2	3	25	298	149	0.166528949401
521	1	0	1	5	155	149	0.000258171225673
525	10	1404	15	699	222	149	0.381954582308
529	7	1	108	0	298	149	0.516796308522
537	0	2	1	2	231	149	0.647027680453
540	766	21	173	2	292	149	0.0904012184587
550	1	0	101	2	298	149	0.352940490304
565	356	50	49	7	155	149	0.939960634976
566	73	2288	21	402	162	149	0.131209284243
567	40	5	10	0	162	149	0.0136143058516
570	56	0	17	2	296	149	0.0353015834683
571	76	2	62	3	298	149	0.47614043299
577	6	0	6	1	298	149	0.462339124178
578	87	22	18	12	226	149	0.0394753652365
587	0	87	10	2009	158	149	1
588	0	35	54	1466	250	149	0.106268399617
589	17	0	592	13	298	149	0.0749779188355
590	52	0	2008	13	215	149	1
596	0	25	9	1374	298	149	1
598	0	25	9	1374	298	149	1
599	0	25	2	1374	151	149	1
636	2	0	19	4	298	149	0.00396285654642
637	6	229	4	118	153	149	0.896829996756
640	0	3	17	765	298	149	0.917614569033
646	5	2	3	0	259	149	0.0131335833677
653	1	0	635	10	298	149	0.147073411612
658	31	196	32	64	165	149	0.000386832418739
660	132	1	84	0	298	149	0.602268456406
666	0	5	1	111	198	149	1
669	0	2	14	9	161	149	0.00134504957986
673	3	3	11	0	298	149	0.000297562606668
679	16	0	31	6	252	149	0.00200105883864
680	1	16	0	23	298	149	0.32262970272
681	28	2	30	0	154	149	0.199396807092
686	3	0	9	2	298	149	0.0248656398049
708	0	8	2	8	175	149	0.0516109428927
709	49	0	267	4	298	149	0.239837434204
710	0	49	2	266	153	149	1
742	1	0	3	3	230	149	0.00111487460472
743	135	0	142	2	298	149	0.581550577578
744	0	11	1	48	192	149	0.551887788256
747	3	1	9	2	176	149	0.7627724048
756	0	2	3	65	298	149	0.467050596366
759	5	2	43	5	298	149	0.295350994287
768	9	13	1	22	298	149	0.000569427135641
770	3	6	0	11	169	149	0.00570285334148
773	3	6	16	43	298	149	0.733631001146
777	16	1	11	0	298	149	0.301008014937
784	2	8	11	7	298	149	0.0161726882341
788	7	14	0	4	242	149	0.00422890471151
798	119	16	59	11	158	149	0.509876924754
802	1	31	0	118	285	149	0.524376572065
804	4	0	6	2	233	149	0.0193888425928
805	4	0	5	1	201	149	0.743253474959
807	72	80	31	19	155	149	0.0907253701717
817	62	1	60	0	298	149	0.322843342776
822	491	3	142	0	229	149	1
827	2	0	0	16	166	149	2.68063144249e-06
828	3	36	1	21	187	149	0.387062074335
836	2	0	19	4	298	149	0.00396285654642
840	33	1	13	1	229	149	0.931376589855
841	8	2	7	0	217	149	0.0285231754911
855	1	21	0	37	230	149	0.325957405845
864	0	2	149	51	206	149	0.000666578760355
865	12	2	590	225	206	149	0.14569583486
868	2	0	1	2	168	149	0.00260633652657
869	47	2	59	0	153	149	0.819336526352
871	0	2	2	2	161	149	0.0105562177347
872	92	0	63	1	298	149	0.325054887142
885	339	0	203	2	298	149	0.528355002126
888	0	1	3	156	159	149	0.78833835884
889	0	74	3	45	272	149	0.357671779307
890	0	20	3	15	228	149	0.0281900966297
894	2	88	8	76	222	149	0.0231107840175
902	6	0	13	1	173	149	0.226537957415
904	8	0	35	7	167	149	0.00617641416197
924	0	23	3	49	167	149	0.127582851331
928	0	8	2	7	209	149	0.0524200122416
933	70	10	35	7	276	149	0.555539434138
952	1	161	0	92	153	149	1
954	9	1	11	0	298	149	0.648334229043
955	10	47	0	16	298	149	0.00488737381479
961	0	34	5	77	275	149	0.10820818541
973	0	65	2	140	216	149	1
979	0	2	7	198	175	149	0.184585390129
980	10	0	258	1	194	149	1
990	0	5	1	26	298	149	0.45857281495
991	36	17	28	24	180	149	0.153276526285
996	442	12	443	19	197	149	0.23628174983
997	0	108	1	42	158	149	0.399249484739
1001	75	2	77	0	298	149	0.362006512743
1002	75	2	77	0	298	149	0.362006512743
1006	2	165	1	341	180	149	1
1021	7	12	62	510	298	149	0.0138359463601
1023	14	0	61	4	178	149	0.0609713615521
1024	2	92	0	81	175	149	0.52807911033
1025	0	2	8	0	298	149	1.25087145719e-06
1033	0	2	4	0	194	149	5.53958776006e-06
1042	2	59	3	32	162	149	0.284488699586
1081	2	18	0	28	298	149	0.521034181053
1082	0	10	1	33	298	149	0.616206092071
1087	9	0	79	1	280	149	0.384888961195
1090	15	2	15	0	213	149	0.053684496191
1098	0	1	149	10	216	149	0.00175972702319
1102	908	2	394	0	171	149	1
1106	0	2	34	177	185	149	0.0188359226727
1108	6	80	3	63	298	149	0.438997284406
1109	166	1	77	0	298	149	1
1113	11	8	0	1	298	149	0.00400438068463
1116	101	5	54	1	211	149	0.174360815399
1117	0	2	11	8	197	149	0.00159967127366
1118	0	25	3	20	182	149	0.0305322116084
1123	6	0	33	3	298	149	0.0336444294003
1125	0	3	2	66	192	149	0.676390474327
1131	196	5	31	1	251	149	0.686220314295
1133	0	4	4	11	206	149	0.0092578610699
1135	1	3	0	1	215	149	0.615402368851
1140	1	0	69	3	181	149	0.196552916518
1141	44	0	144	49	298	149	2.05207762338e-07
1152	3	0	14	3	298	149	0.00889395531735
1156	4	0	273	2	200	149	1
1168	266	0	530	8	182	149	0.29007717509
1180	0	1	1	6	203	149	0.291688149896
1185	0	1	1	16	252	149	0.297365361235
1203	44	3	34	6	297	149	0.173029575527
1205	0	7	2	6	298	149	0.0652614804452
1207	10	34	13	39	298	149	0.788473944554
1208	0	2	3	161	283	149	1
1210	304	3	248	2	298	149	0.731665123027
1211	171	4	135	0	298	149	0.0730772926291
1212	7	2	0	1	298	149	0.00103816635307
1223	2	0	2	3	298	149	0.000263453912477
1235	3	4	7	26	298	149	0.440187629372
1241	5	9	7	18	156	149	0.611496531018
1244	6	32	2	0	166	149	0.000385046588015
1251	0	4	6	23	298	149	0.0159979485397
1257	2	35	2	33	211	149	0.964810753885
1260	8	0	107	14	298	149	0.00695622092475
1263	2	1	2	2	153	149	0.570135346655
1267	223	5	161	2	263	149	0.350702705893
1268	159	0	205	1	298	149	1
1274	176	1	22	0	156	149	1
1275	32	447	8	111	215	149	0.971117104275
1276	813	2	214	1	261	149	1
1278	9	32	2	17	270	149	0.174075152394
1284	1	580	1	786	156	149	1
1285	4	253	4	837	159	149	0.70013463595
1286	1	0	1	1	174	149	0.0291834663112
1294	1	44	0	4	153	149	0.403450390096
1297	169	2	49	0	270	149	0.531162724582
1298	0	1	1	7	298	149	0.232362708002
1299	62	3	26	2	169	149	0.898992178292
1300	205	0	18	1	244	149	0.228881772646
1303	15	598	2	203	298	149	0.669014370511
1304	13	598	2	203	158	149	0.184233959673
1305	47	181	9	21	244	149	0.388607580755
1307	8	0	25	6	189	149	0.00397270252913
1308	11	7	25	29	289	149	0.295859931589
1309	4	122	2	33	153	149	0.79773072363
1310	87	85	12	13	185	149	0.77524639172
1314	6	31	5	7	179	149	0.0966371586225
1315	11	2	9	1	298	149	0.650331798684
1317	172	2	207	2	223	149	0.888327720706
1328	0	13	1	58	298	149	1
1332	0	10	2	26	212	149	0.256680317369
1333	5	2	6	20	288	149	0.0212641145681
1334	1	6	0	39	226	149	0.283787365669
1336	0	8	2	135	236	149	1
1347	7	83	6	103	170	149	0.532478296381
1348	89	19	87	32	164	149	0.114796756172
1350	0	15	1	14	178	149	0.250312382548
1352	24	228	1	49	229	149	0.00946376355114
1357	7	3	10	4	162	149	0.942448260522
1358	55	2	27	0	298	149	0.1612056085
1359	117	2	48	0	298	149	0.662489898039
1360	155	1	56	0	298	149	0.874003825955
1375	168	61	37	15	298	149	0.769316276191
1376	13	43	4	5	197	149	0.285109269096
1377	30	11	9	3	154	149	0.845503967574
1378	9	0	2	1	237	149	0.129832566496
1389	0	2	1	12	161	149	0.234403183524
1401	4	0	10	1	153	149	0.245629314909
1402	117	4	76	2	153	149	0.612760229368
1411	40	2	18	0	152	149	0.28899355341
1415	24	1	15	0	153	149	0.282301461164
1428	39	74	20	55	298	149	0.272816755159
1429	23	2	19	45	298	149	2.58945785925e-08
1430	294	70521	124	23161	298	149	1
1431	2	0	0	1	167	149	3.95170460371e-05
1432	54	1	32	0	153	149	0.464613951831
1433	1	4	6	14	298	149	0.429312447099
1438	56	87	14	35	188	149	0.180036649821
1441	35	5	51	4	164	149	0.402743104814
1447	538	4	387	2	165	149	1
1449	0	11	54	6	298	149	2.1847856857e-11
1453	2	52	3	21	185	149	0.187967954879
1455	34	11	2	0	298	149	0.00579683292349
1456	6	10	0	77	175	149	4.2893491794e-06
1457	10	0	19	2	191	149	0.091791645663
1461	0	1	1	9	205	149	0.227953590261
1463	1297	0	583	1	188	149	1
1464	37	13	10	0	173	149	0.000992487473121
1465	0	8	2	17	251	149	0.179348080158
1467	31	33	7	15	161	149	0.151956864483
1469	0	3	40	20	194	149	0.000357752039821
1473	261	3	143	1	188	149	0.635116214433
1476	4	66	0	15	164	149	0.10316550249
1489	2	133	0	112	298	149	1
1495	0	63	5	114	298	149	0.33861505258
1497	0	63	5	114	298	149	0.33861505258
1498	0	63	5	114	298	149	0.33861505258
1499	2	32	1	89	298	149	0.603890621999
1500	0	32	4	89	262	149	0.291970381072
1502	168	0	35	2	298	149	0.214797414664
1506	221	3	16	0	298	149	0.375028746755
1508	124	35	34	10	196	149	0.962316000802
1509	87	3	26	0	196	149	0.177194838768
1510	8	142	1	57	180	149	0.0820197746122
1511	0	304	2	136	298	149	1
1513	39	37	7	2	173	149	0.0836208640272
1517	2	42	0	15	189	149	0.49600497628
1518	1473	3	183	1	259	149	1
1519	21	85	3	6	164	149	0.604086914876
1520	68	619	11	121	164	149	0.488435141585
1523	93	17	29	10	298	149	0.19126374221
1524	1458	3	629	0	287	149	1
1525	2885	29	101	4	292	149	0.122559281851
1526	2269	11	101	3	298	149	0.129613845554
1527	760	11	41	3	260	149	0.147492822331
1528	57	20	81	38	155	149	0.389919539896
1530	6	36	2	32	212	149	0.1635943265
1531	0	6	2	3	212	149	0.0195175431067
1532	18	356	8	100	298	149	0.450643442632
1533	232	2	94	0	298	149	0.538569870331
1534	399	1	131	0	298	149	1
1535	6	0	40	1	153	149	0.366202064489
1546	0	1	7	40	208	149	0.0272933058435
1547	7	0	8	1	156	149	0.298208642424
1548	84	0	98	1	161	149	1
1549	77	0	92	2	154	149	0.533769069777
1551	6	383	4	332	223	149	1
1552	0	23	1	52	153	149	0.471196104856
1556	17	0	57	4	193	149	0.0451735075523
1558	15	0	40	1	298	149	0.266538124729
1559	23	8	123	14	172	149	0.0496265483072
1560	0	3	19	5	172	149	0.000108925714235
1561	0	1	1	167	298	149	1
1562	0	1	3	234	160	149	0.737077772941
1568	4	1	4	8	298	149	0.0456216345149
1569	0	65	12	275	156	149	0.021270913538
1570	2	2	2	3	155	149	0.717947953979
1576	29	1	42	2	240	149	0.591328301608
1577	10	0	35	6	298	149	0.00376959153129
1581	94	587	74	664	188	149	0.0945844533939
1586	2	631	0	48	174	149	1
1587	4	426	0	47	219	149	1
1589	2	0	0	23	203	149	4.06276732368e-06
1590	2	0	1	23	193	149	3.21501388661e-05
1593	1	0	22	5	210	149	0.00910405647768
1594	6	0	99	5	215	149	0.0533202012605
1595	5	0	79	2	154	149	0.842172513464
1596	0	2	1	80	219	149	1
1615	14	0	174	1	278	149	1
1617	3	14	1	109	256	149	0.028542827777
1619	0	4	1	4	153	149	0.707622325113
1620	1	89	0	7	298	149	1
1624	36	5	0	5	298	149	7.87898146948e-07
1628	20	40	0	23	259	149	1.78263978309e-05
1629	3	0	6	1	244	149	0.674162958742
1630	1	127	1	105	165	149	1
1631	213	1	181	0	188	149	1
1632	5	165	9	125	219	149	0.119773902855
1636	904	2	98	0	176	149	1
1639	22	4712	9	3550	182	149	1
1640	580	5	292	7	254	149	0.097759714411
1641	390	13	233	6	175	149	0.538051938348
1653	24	20	8	9	206	149	0.564252127969
1654	2	33	3	17	224	149	0.276268695138
1659	0	1	2	0	298	149	4.45915760166e-05
1663	4	228	5	310	251	149	1
1669	2	6	5	2	153	149	0.0381991351712
1670	10	2	20	0	298	149	0.0176011484311
1671	10	6	11	13	298	149	0.284365555866
1672	10	6	6	13	298	149	0.0579526087315
1673	10	4	6	4	298	149	0.525381414314
1674	207	3	14	0	174	149	0.690572943532
1678	8	64	12	49	216	149	0.17717144916
1693	1	7	0	42	298	149	0.232311750172
1695	16	1	8	0	203	149	0.231039726783
1700	0	9	1	443	177	149	1
1702	22	0	226	11	292	149	0.0184780306067
1703	0	59	1	128	153	149	1
1704	12	2	11	0	286	149	0.0313275612146
1708	286	2	44	0	298	149	0.609970435579
1718	2	3	6	15	182	149	0.671400208274
1727	87	704	22	172	298	149	0.933797826926
1728	103	4	34	2	298	149	0.771757373453
1729	178	3	43	0	220	149	0.442588129867
1730	182	81	48	25	224	149	0.626511380615
1731	7	81	5	25	153	149	0.269062351204
1738	8	216	2	161	298	149	0.277411187695
1739	16	0	13	4	298	149	0.000928545852464
1740	0	1	45	84	200	149	0.00875821520584
1741	6	789	6	513	163	149	0.871731029502
1742	20	856	18	527	188	149	0.315825127525
1748	2	36	2	11	194	149	0.420612858263
1749	2	33	0	19	154	149	0.241622950913
1755	42	104	130	660	298	149	0.00599854868483
1774	1	0	4	2	298	149	0.00801388634696
1775	0	47	5	88	298	149	0.158182095581
1780	0	1	25	3915	153	149	1
1781	308	0	2304	1	265	149	1
1782	309	0	6197	1	261	149	1
1792	61	2	60	0	298	149	0.231619449118
1795	2	0	11	86	298	149	0.000456229041161
1796	0	1	4	425	174	149	1
1799	24	144	0	13	298	149	0.00905270344601
1820	1	11	0	3	159	149	0.227640240963
1821	172	0	167	2	179	149	0.594198710524
1822	0	2	2	1	157	149	0.00367689349777
1823	0	76	1	128	157	149	1
1825	8003	15	3419	2	257	149	1
1830	10	37	35	16	215	149	2.99461470121e-06
1834	35	100	20	36	192	149	0.229220087232
1835	87	0	112	1	298	149	0.494315521561
1836	17	0	8	7	234	149	1.57341560045e-05
1837	31	183	19	80	152	149	0.368075097041
1839	2	398	0	96	167	149	1
1848	2	90	2	20	225	149	0.317480983328
1849	36	37	21	29	155	149	0.441494054744
1852	8	0	19	3	244	149	0.0181433601097
1858	6	6	8	9	237	149	0.875219499474
1860	0	90	11	261	298	149	0.106765937773
1861	0	90	11	261	277	149	0.0843416551589
1883	0	240	6	696	298	149	1
1889	0	1	4	14	298	149	0.0326244441458
1892	0	10	1	3	154	149	0.58676172205
1894	1	0	3	2	226	149	0.00856145314977
1904	3	42	4	23	167	149	0.287280694609
1910	89	2	26	0	178	149	0.609885792926
1911	2	4	0	2	163	149	0.0272778500966
1914	8	0	50	1	186	149	0.372770468649
1916	0	21	10	23	267	149	0.000193521196756
1921	7	0	2	1	205	149	0.166998758567
1923	285	21	215	23	203	149	0.28151579444
1924	2	35	4	23	169	149	0.178776361539
1925	6	269	4	227	169	149	0.6665292893
1928	1	5	9	455	298	149	0.214121499662
1929	948	4	774	1	158	149	1
1932	1	78	0	46	162	149	1
1933	7	2	10	0	216	149	0.0210448816913
1934	1708	157	3356	216	226	149	0.0478450092504
1935	7177	21	3723	12	203	149	1
1936	1776	21	1097	12	298	149	0.794387563927
1937	11	5409	9	2635	298	149	1
1939	50	65	2	31	296	149	5.18142857586e-06
1941	8	25	6	13	220	149	0.61239544567
1946	84	24	57	15	176	149	0.813993698518
1950	3	7	5	13	275	149	0.859857575414
1951	1	0	6	1	275	149	0.123518033933
1953	329	56	116	29	161	149	0.206176679846
1957	20	2	24	3	245	149	0.735866727778
1958	8	101	0	43	231	149	0.0194818063984
1959	35	1	25	0	153	149	0.335569045323
1964	0	9	3	2	158	149	0.000731128207318
1965	12	62	0	11	158	149	0.00471021789429
1968	1	20	0	13	153	149	0.268933726626
1982	2	45	2	137	283	149	0.532537808714
1986	17	2	16	1	164	149	0.453655785481
1987	9	30	6	25	156	149	0.690905981618
1989	16	2	25	2	172	149	0.753073862914
1995	0	42	1	64	165	149	0.692657448954
2000	7	27	1	2	298	149	0.455576978237
2003	3	5	3	44	298	149	0.0615719421544
2005	0	1	5	5	161	149	0.00261546246682
2006	1	5	4	7	161	149	0.285100895373
2008	0	7	3	31	158	149	0.0860801996393
2009	48	2	75	13	298	149	0.0191923223292
2011	9	161	9	57	155	149	0.0566635986412
2016	1	2	4	25	161	149	0.51993492391
2023	0	2	11	235	297	149	0.208199530399
2025	3	2	4	0	203	149	0.00852153243974
2028	35	2	27	0	193	149	0.174170307264
2029	0	5	2	34	174	149	0.26992760668
2030	2	60	1	30	229	149	0.785529974045
2031	41	35	19	20	161	149	0.602784663475
2041	0	5	10	198	298	149	0.178776319933
2049	1	4	2	0	173	149	0.000133274326754
2050	0	7	2	21	298	149	0.315941136673
2052	90	2	7	0	195	149	0.615163418581
2067	30	4	30	2	298	149	0.372938377578
2069	2	133	2	41	205	149	0.665324739967
2070	8	133	2	41	298	149	0.559184281733
2073	10	8	7	6	182	149	0.92074028849
2075	0	130	7	386	155	149	0.393929247146
2081	0	118	5	34	154	149	0.000998613545758
2089	159	286	52	135	275	149	0.110247197467
2090	25	32	4	17	197	149	0.0257898629168
2093	7	2	7	3	188	149	0.665660773364
2094	41	7	28	1	298	149	0.0399714585027
2097	129	105	42	31	158	149	0.734620942965
2098	69	2	184	8	203	149	0.424668263078
2099	299504	146	27662	8	298	149	1
2110	3	0	0	2	282	149	9.6939059897e-06
2111	192	6	40	6	183	149	0.0217209819133
2112	191	3	109	0	176	149	0.678794358733
2117	2	12	84	144	274	149	0.028117628522
2122	2	107	0	38	176	149	0.556297730605
2129	7	23	0	23	261	149	0.00107615373789
2130	2	86	0	28	153	149	0.534830986802
2132	0	22	4	30	298	149	0.0488458857654
2138	70	0	2035	8	298	149	1
2141	2	1	6	0	298	149	0.0258640032915
2144	0	13	2	27	159	149	0.177255661192
2146	396	2	67	0	298	149	1
2147	9	170	0	77	177	149	0.0173360255799
2149	120	0	57	2	218	149	0.620757526216
2150	358	0	117	2	298	149	0.675070397696
2151	313	3	83	1	252	149	0.764717664036
2156	0	2	2	0	226	149	1.68211341164e-05
2158	20	1237	19	801	166	149	0.300996741998
2160	618	8	482	3	158	149	0.754795144773
2161	589	2	444	0	245	149	1
2166	9	0	51	1	154	149	0.439441791314
2167	1	0	0	32	165	149	9.63939840999e-05
2169	244	9	531	8	298	149	0.0931815398562
2170	20	166	103	297	298	149	0.000140234749709
2172	1502	7	1058	0	176	149	1
2173	2	97	11	132	207	149	0.0208000766933
2174	8	14	4	9	167	149	0.704138196278
2176	128	1	81	2	257	149	0.352744861712
2177	14	781	6	879	153	149	0.155713513316
2178	56	14	20	18	298	149	0.00409140344023
2179	824	14	893	18	298	149	0.642006059229
2180	806	4	884	1	298	149	1
2181	39	4	23	1	298	149	0.270410839601
2182	824	0	721	1	298	149	1
2184	2	60	3	93	298	149	0.962118777549
2185	1	5	3	1	298	149	0.0250438531936
2186	2	60	3	93	298	149	0.962118777549
2187	1	5	3	1	298	149	0.0250438531936
2188	60	5	93	1	153	149	0.0198256677769
2192	27	304	5	95	152	149	0.197268537942
2193	1	34	0	21	152	149	0.338351870519
2195	7	287	0	56	153	149	0.193598292303
2198	30	6	15	9	298	149	0.0649678583018
2199	0	12	11	11	164	149	2.56629710095e-05
2200	90	70	1599	18	298	149	0
2201	1186	2	545	12	298	149	0.000590809630761
2202	0	1	5	5	158	149	0.00254472984949
2203	10	0	4	1	298	149	0.252247133432
2204	31	3	4	3	298	149	0.0325315580175
2206	1	25	0	13	159	149	0.29826012886
2209	18	4	4	5	298	149	0.0251831391541
2210	13	1	37	0	256	149	0.237132095364
2214	7	8	0	4	220	149	0.0013478487837
2215	9	784	10	356	230	149	0.226297929293
2216	14	29	2	13	241	149	0.0670790742802
2221	210	4	262	4	221	149	0.80008744428
2223	435	0	357	3	298	149	0.636869776715
2224	0	195	6	381	192	149	0.74593648681
2227	3	0	242	2	294	149	0.549663570349
2229	10	3	30	0	170	149	0.00417718908725
2233	0	35	2	24	298	149	0.83160225243
2234	0	35	2	24	298	149	0.83160225243
2239	0	4	3	2	155	149	0.00124660700689
2240	5	2	1	1	155	149	0.439212776218
2242	9	23	7	17	196	149	0.945115637193
2250	145	2	76	1	214	149	0.776513163164
2251	117	0	91	2	298	149	0.77304802416
2254	0	71	15	269	171	149	0.00806912633832
2256	38	2	28	4	179	149	0.214126548737
2257	2	2	1	0	160	149	0.00891118149885
2259	14	2	11	0	233	149	0.0493577303561
2261	173	10	47	3	298	149	0.809757768498
2266	0	13	2	17	298	149	0.279040831188
2270	14	3	12	3	167	149	0.860949903581
2273	11	367	2	216	298	149	0.437184957384
2280	9	29	4	34	236	149	0.11256660111
2282	570	3	851	9	298	149	0.231790867418
2283	452	6	449	12	153	149	0.151340446907
2287	2	2	1	27	298	149	0.043165443617
2289	1	67	5	113	249	149	0.240419027266
2291	0	3	3	287	224	149	1
2302	1	13	4	20	158	149	0.233099813642
2305	3	0	11	24	197	149	0.000344155736837
2307	4	109	76	192	210	149	5.74168235179e-09
2312	6	0	8	2	298	149	0.0190486827774
2323	18	4	98	9	298	149	0.275875431676
2325	202	13	62	0	263	149	0.00220840539428
2328	22	5	5	8	298	149	0.00432384733636
2329	4	0	7805	6	298	149	1
2336	0	2	4	2	179	149	0.000433503633656
2337	0	1	3	0	179	149	2.19621504725e-05
2345	2	0	23	15	298	149	0.00340601163927
2346	4	0	2	14	298	149	9.30820910416e-06
2349	3	14	9	19	165	149	0.231034669896
2350	2	147	36	508	227	149	0.00203566596136
2351	4	3638	15	2356	166	149	1
2352	51	0	34	1	233	149	0.274653782596
2353	8	93	5	19	298	149	0.15390823241
2354	2	115	3	36	156	149	0.1251220642
2355	0	4	3	5	278	149	0.0156643835245
2357	0	1	9	2	267	149	0.000747410986681
2361	4	1	12	42	232	149	0.010762895554
2373	4	0	10	1	227	149	0.385183526663
2374	7	0	15	1	269	149	0.29522203
2375	5	0	6	1	191	149	0.587986209996
2378	66	0	12	2	229	149	0.0388377015914
2390	6	0	66	9	185	149	0.0127880878097
2391	0	9	4	97	153	149	0.186753111459
2395	1	81	0	23	162	149	1
2401	0	35	2	128	298	149	1
2409	18	100	2	34	205	149	0.0465136374857
2410	15	3	4	0	205	149	0.0185113709489
2412	454	2	113	0	291	149	1
2414	472	4	215	5	154	149	0.265700904059
2415	592	13	290	4	204	149	0.31942400661
2416	124	13	80	4	199	149	0.148544495542
2419	2	0	2	2	213	149	0.00477647909532
2430	6	0	38	4	236	149	0.0190128087637
2431	158	2	4	0	298	149	0.838806840535
2432	3894	4	926	8	191	149	0.816938806762
2435	436	4	45	0	287	149	0.602414953289
2438	4	13	0	6	164	149	0.00724729114771
2451	0	3	3	13	226	149	0.0478858035968
2452	1	0	18	1	239	149	0.230945820926
2456	1	1	0	2	282	149	0.331596320871
2459	3	8	1	0	250	149	0.000830280717005
2460	20	2	6	0	153	149	0.134109137749
2462	1	22	3	2	250	149	0.00506805609783
2463	124	14	27	2	153	149	0.384845129601
2464	7	4	6	28	161	149	0.00413289520211
2465	3	75	6	29	155	149	0.0228502167859
2467	0	28	1	34	252	149	0.50701487555
2470	6	83	0	34	266	149	0.0648333076678
2477	1	22	6	53	152	149	0.191783759636
2479	4	61	1	62	155	149	0.0935477000227
2480	2	24	1	74	151	149	0.182549135232
2483	2	0	18	7	158	149	0.00631768998015
2484	0	14	4	110	291	149	0.549819081359
2487	125	588	26	160	159	149	0.278531355456
2488	22	4	1	0	159	149	0.0171226008965
2490	0	10	1	17	298	149	0.337393567519
2491	7	6	35	8	298	149	0.0451788013505
2498	92	7	10	5	212	149	0.0133428587479
2500	464	8	293	0	225	149	0.0717913189751
2501	446	1	218	1	298	149	1
2502	10	111	8	47	298	149	0.277837930928
2503	2	2	21	5	158	149	0.246879975648
2505	42	3	12	0	298	149	0.0440379599983
2507	6	2	1	0	180	149	0.0324210888097
2508	14	91	5	39	215	149	0.648507279435
2509	6	4	5	2	215	149	0.575511186127
2512	61	96	29	50	167	149	0.754139968472
2514	0	29	1	11	158	149	0.364512198719
2515	2	42	6	114	298	149	0.710479187681
2516	5	0	24	3	170	149	0.048749660612
2517	183	18	136	12	167	149	0.767548345996
2518	183	134	142	158	170	149	0.0507233326718
2519	18	134	18	158	152	149	0.669969273044
2520	2	82	0	66	153	149	0.531574456915
2522	7	6	15	36	298	149	0.142143074142
2523	2	0	2	5	298	149	0.000158222471723
2531	1	48	0	34	165	149	0.469091131804
2532	3	96	3	30	272	149	0.269579320176
2533	10	0	76	2	191	149	0.473703642659
2541	2	0	70	2	265	149	0.285404453224
2542	59	3	44	11	298	149	0.00770574205877
2543	26	1	19	1	298	149	0.974444825404
2548	30	189	12	104	298	149	0.356615941182
2550	6	5052	12	3132	174	149	1
2551	2	7	2	9	291	149	0.895582008596
2555	0	48	4	190	298	149	1
2557	8	19	3	5	152	149	0.64612232355
2558	73	3	22	0	197	149	0.146260133845
2559	38	4	21	2	211	149	0.795920244871
2565	743	5	110	0	293	149	0.738290263514
2566	25	0	31	2	298	149	0.082197125778
2569	4	4	1	14	213	149	0.00965410477128
2572	3	127	3	214	157	149	0.624270605876
2575	6	1	2	0	186	149	0.586130901364
2578	36	3	159	20	175	149	0.353695083641
2583	22	6	2	0	203	149	0.00742686751444
2589	427	3	354	6	298	149	0.180314447325
2590	47	215	14	130	298	149	0.0297955900952
2592	1	437	0	138	218	149	1
2597	39	1020	8	309	168	149	0.248216123507
2598	297	2	332	0	298	149	0.634372877069
2601	25	34	6	9	198	149	0.817826813604
2604	75	0	42	4	298	149	0.00424106011649
2605	187	0	166	2	248	149	0.528302221751
2606	3	2	12	3	298	149	0.293694570012
2611	0	2	11	0	272	149	1.46645611399e-06
2616	8	9	4	4	161	149	0.880468797142
2617	16	43	5	0	298	149	2.55312182141e-05
2619	288	2	136	0	298	149	0.614051837019
2620	0	1	5	0	272	149	1.179335221e-05
2623	66	2	42	2	154	149	0.754101311936
2625	30142	0	31513	3	298	149	1
2626	34232	1	35723	0	158	149	1
2627	0	27	2	40	212	149	0.774550329284
2629	5	123	0	40	159	149	0.109687678098
2632	16	0	11	1	298	149	0.44855008226
2634	23	153	3	21	158	149	0.833959650756
2635	19	85	6	85	154	149	0.0121071940351
2637	28	27	66	10	251	149	1.27468605997e-05
2638	0	34	2	214	187	149	1
2639	294	1	126	0	176	149	1
2645	8	59	4	19	155	149	0.710867896141
2646	65	29	19	4	168	149	0.13366575971
2655	2	0	275	2	298	149	0.589346056593
2657	2	62	2	5	175	149	0.108011071523
2661	4	3	12	9	298	149	0.998781403723
2664	15	2	48	10	182	149	0.449401666306
2671	5	140	12	244	298	149	0.468336822699
2674	166	4	82	0	298	149	0.0892164288548
2676	1	0	0	1	298	149	6.80459969126e-05
2686	2	37	3	344	198	149	0.843037690669
2687	37	0	344	11	298	149	0.027900021131
2688	0	60	3	357	185	149	1
2689	12	0	34	8	164	149	0.0026371636394
2694	0	24	1	31	250	149	0.459085923629
2702	2	6	1	8	266	149	0.348008230674
2707	82	6	265	53	298	149	0.0120744743705
2709	54	2	251	70	298	149	0.000125567945159
2711	16	2	221	70	298	149	0.111833453838
2712	0	2	85	70	203	149	0.00201382460772
2718	6	3	10	0	258	149	0.00183290863934
2721	77	0	64	2	158	149	0.656464895972
2724	30	68	20	49	161	149	0.818182018229
2725	124	104	56	28	176	149	0.0787026855019
2731	26	4	31	3	298	149	0.549110813659
2734	356	0	277	3	298	149	0.896623228263
2736	2	1	2	0	298	149	0.0313918630015
2738	5	123	5	184	260	149	0.588849460696
2747	2	5	4	0	215	149	8.99008239817e-05
2750	201	2	107	0	284	149	0.529042220867
2753	50	62	145	566	215	149	9.96096859762e-06
2755	21	4	16	6	155	149	0.332307023051
2760	10	6	13	12	167	149	0.484862839622
2765	2	2	6	4	152	149	0.677209275781
2779	1	45	0	15	153	149	0.410190066257
2783	0	148	4	99	269	149	0.512483932146
2784	0	11	2	45	287	149	0.53000131747
2785	2	260	1	122	153	149	1
2786	0	10	3	23	153	149	0.0493198465759
2788	4	3	4	0	246	149	0.00129450473816
2789	18	3	8	0	294	149	0.0122011738046
2793	126	1	677	0	298	149	0.56539772516
2794	1086	2	1488	3	298	149	1
2796	1	51	0	15	279	149	1
2797	13	2	2	0	273	149	0.0470263762435
2800	0	88	2	94	185	149	0.539357763072
2802	82	1	141	4	298	149	0.228310702538
2803	2	42	0	81	180	149	0.799251426165
2804	2	42	0	81	191	149	0.721681984117
2817	47	13	54	7	152	149	0.131053268902
2818	15	21	6	0	298	149	7.31742077648e-05
2826	1	33	1	49	231	149	0.508757222444
2827	19	0	44	1	215	149	0.319971338373
2831	2	13	1	249	153	149	0.162494725547
2834	4	0	3	4	176	149	0.000271905895774
2838	0	6	6	6	191	149	0.000479580846294
2841	9	0	6	23	298	149	1.26922133359e-07
2842	1888	0	6680	1	298	149	1
2844	83	2	51	0	296	149	0.352157463931
2853	5	1499	3	438	153	149	1
2854	1627	9	403	4	298	149	0.592044570941
2856	1724	0	401	1	151	149	1
2857	74	0	11	1	155	149	0.225439593137
2858	53	1703	8	398	153	149	0.186546693159
2859	6	1494	2	497	298	149	1
2860	38	8	47	9	218	149	0.868326950048
2866	134	6	92	0	167	149	0.027112368028
2867	1	237	0	217	162	149	1
2879	2	32	0	22	298	149	0.602106156301
2884	40	2	20	0	298	149	0.120535220488
2888	11	29	3	28	241	149	0.0391480697069
2891	5	83	3	44	232	149	0.897187560739
2897	144	7	54	5	150	149	0.400727778656
2898	28	10	38	29	210	149	0.0825994093867
2902	855	5	894	7	298	149	0.595857118093
2903	0	2	1	9	232	149	0.23521543756
2918	0	2	1	0	165	149	3.55030127709e-05
2920	1	65	0	36	298	149	1
2921	46	2	29	0	298	149	0.127783056451
2923	69	9	20	10	195	149	0.0135366051407
2924	4	53	2	24	298	149	0.831169247362
2930	3	262	1	65	169	149	0.752078773008
2931	80	81	32	28	152	149	0.65143171973
2934	1	2	0	2	250	149	0.81890058321
2935	85	9	46	11	298	149	0.100915036009
2937	0	24	2	53	167	149	0.761161048952
2938	4	0	69	1	166	149	0.553072476438
2939	8	44	8	55	298	149	0.709473895047
2944	26	2	8	8	197	149	0.000683267453173
2945	1180	0	889	4	298	149	1
2946	225	0	176	2	219	149	0.543887767601
2947	254	3	179	5	298	149	0.225034478882
2948	751	10	207	0	153	149	0.640090531335
2951	0	2	9	8	298	149	0.00265681054911
2961	17	0	169	7	288	149	0.0310602939656
2962	0	7	1	0	189	149	2.51025904995e-05
2963	2	27	1	12	298	149	0.893459110597
2967	2	21	0	17	201	149	0.202023944097
2972	40	10	39	10	164	149	0.961820223679
2973	24	38	15	28	164	149	0.687973322446
2974	19	628	15	632	212	149	0.514580886069
2980	1027	23	119	0	298	149	0.0143891992563
2985	0	4	7	11	223	149	0.00250601068304
2995	0	109	2	62	298	149	0.549174653473
3002	1	58	2	33	188	149	0.316527909318
3003	4	39	6	24	183	149	0.196555500413
3005	4	0	0	5	156	149	5.31544720572e-07
3007	35	4	28	8	298	149	0.143648804577
3013	1	9	3	3	203	149	0.0468226706626
3014	8	3	57	13	227	149	0.623358556088
3016	1	8	4	229	208	149	0.327249141436
3018	183	11	15	3	204	149	0.291765925944
3024	0	10	2	104	280	149	1
3028	250	2	41	0	163	149	1
3030	1	20	0	5	160	149	0.271576822375
3032	0	29	7	54	153	149	0.00416733415567
3033	175	4	13	0	298	149	0.15722667691
3034	60	2	274	3	298	149	0.534967636901
3036	0	12	1	37	196	149	0.433972793189
3040	12	0	323	1	192	149	1
3042	9	0	248	4	298	149	0.26256323501
3043	2	0	214	5	298	149	0.124299633719
3045	146	1	25	2	298	149	0.0815826674408
3046	29	90	6	26	182	149	0.406090311879
3047	42	381	12	99	298	149	0.892576052381
3048	50	12	64	13	171	149	0.724065123376
3051	16	2	6	2	153	149	0.484727200404
3054	2	8	4	12	298	149	0.627257975152
3056	35	1	19	6	260	149	0.0042620996133
3057	7	255	0	72	153	149	0.131355947968
3058	9	255	2	72	298	149	0.5102378713
3075	0	3	10	3	298	149	0.000174921644035
3080	0	9	1	205	262	149	1
3085	0	41	16	46	221	149	8.66232340624e-06
3086	101	1	54	0	268	149	0.495785211315
3088	31	13	16	0	298	149	9.80622496114e-05
3089	3	130	0	5	186	149	0.762421657199
3093	575	1	8	0	298	149	1
3096	0	107	7	138	298	149	0.11087092889
3097	35	185	9	80	298	149	0.152673877137
3100	125	4	45	0	253	149	0.0881852643055
3102	85	17	105	14	254	149	0.319963605957
3103	547	4	258	0	298	149	0.696481087525
3113	23	17	15	4	249	149	0.0817747987693
3117	232	141	458	79	298	149	2.90260993019e-09
3118	22	311	19	887	298	149	0.000864420157953
3119	0	25	28	894	298	149	0.283075410986
3120	183	3	44	0	194	149	0.682467075252
3131	7	72	7	31	254	149	0.18447661656
3132	1	28	2	2	185	149	0.0306607251976
3136	17	16	11	4	161	149	0.113910796583
3141	13	0	231	1	298	149	1
3142	66	2	396	26	194	149	0.119876409255
3143	29	136	250	92	298	149	0
3145	22	0	243	6	298	149	0.0737897726205
3148	2	0	6	1	222	149	0.90654278212
3150	4	0	0	4	298	149	7.03587897388e-07
3154	2281	0	1210	1	298	149	1
3157	1	54	1	41	165	149	0.611055363066
3158	0	184	1	88	211	149	1
3160	22	47	20	127	298	149	0.00462048217023
3161	0	47	9	127	298	149	0.0385094800595
3162	0	47	5	127	298	149	0.421228004775
3164	22	0	26	5	247	149	0.00146556211588
3165	22	0	26	1	212	149	0.260867792497
3166	10	425	4	189	228	149	0.726437877539
3167	0	2	2	2	152	149	0.00955797663686
3168	7	2	2	11	298	149	0.00119504576084
3169	14	58	9	21	298	149	0.324290919553
3172	2	0	448	104	155	149	0.012159577863
3173	1	4	2	6	150	149	0.794257363282
3174	9	3	9	1	150	149	0.248263018874
3186	8	118	0	40	156	149	0.0145980389392
3188	8	886	11	440	156	149	0.0588253819971
3210	4	94	8	79	259	149	0.143377441581
3211	0	3	7	48	298	149	0.0422476928496
3226	0	2	1	15	205	149	0.267363503296
3244	1	0	3	1	298	149	0.0547183768925
3245	1	0	4	1	298	149	0.0757454032344
3246	0	1	5	2	298	149	0.00136921508485
3249	0	1	3	2	212	149	0.00356370458682
3251	0	1	3	2	167	149	0.00210069248135
3252	0	1	2	2	156	149	0.0110034302465
3255	176	7809	93	4225	265	149	0.914587971881
3256	7809	1	4235	0	298	149	1
3259	4	4	4	4	169	149	1
3260	4	2	5	2	298	149	0.829302599853
3261	4	2	5	2	289	149	0.829425218609
3263	2	1	50	3	154	149	0.49937039283
3270	0	43	1	225	298	149	1
3273	0	7	1	3	270	149	0.224928611545
3281	5	34	1	10	298	149	0.409192527006
3289	23	4	33	1	298	149	0.0535871114078
3291	0	1	2	0	153	149	3.7995269377e-05
3293	21	4	10	3	194	149	0.611789125853
3296	0	1	4	33	173	149	0.0496218439978
3297	2	1	9	33	161	149	0.127998943571
3302	2479	12	801	6	203	149	1
3303	55	8	28	5	197	149	0.848541879389
3305	13	9	10	5	298	149	0.623958558067
3308	53	21	7	0	298	149	0.00104746267018
3309	274	1	168	0	298	149	1
3310	97	48	53	19	298	149	0.339040146285
3313	25	1	32	0	197	149	0.26219694225
3314	0	16	1	19	236	149	0.315215345791
3319	7	18	3	0	170	149	0.000245183890271
3321	1	31	0	4	170	149	0.341407294145
3329	0	875	12	386	279	149	0.260037842943
3332	54	2	47	2	298	149	0.883616786801
3339	2	0	12	11	176	149	0.00240152761447
3341	26	2	15	0	223	149	0.103058990465
3343	1	12	0	18	239	149	0.263989624919
3345	2	24	5	30	286	149	0.308691871879
3352	6	2	13	0	298	149	0.00938622402903
3353	4	5	113	48	206	149	0.118255770757
3359	4	2	6	0	152	149	0.0179770349656
3361	1	9	0	23	170	149	0.436235064698
3365	191	295	69	45	254	149	0.000708910116315
3367	6	13	4	36	159	149	0.0497004001687
3368	36	16	32	43	298	149	0.00487074024092
3369	11	0	11	2	298	149	0.0262242289609
3370	36	16	30	43	298	149	0.00302056685942
3372	2	2	0	9	197	149	0.00717032402077
3376	0	4	2	7	265	149	0.0839783914943
3378	48	0	287	7	298	149	0.0484620209771
3380	7	10	2	0	177	149	0.00126311512292
3383	3	45	0	28	164	149	0.100413928057
3384	2	42	0	2	199	149	0.398906118315
3385	0	12	2	2	154	149	0.00402252994051
3386	2	5	0	12	295	149	0.0546039613454
3388	110	3	48	5	251	149	0.0752992175798
3393	47	5	54	4	188	149	0.59186085368
3394	54	3	68	8	298	149	0.225194047742
3401	11	8	0	26	298	149	3.47521111776e-07
3402	26	2	255	2	298	149	0.131024634397
3405	4	0	1	8	215	149	7.04996804612e-06
3406	4	39	1	217	224	149	0.0334365245669
3407	0	39	8	217	158	149	0.0774382877747
3414	1	0	20	4	298	149	0.00469722638771
3418	3	6	0	7	210	149	0.0105425158447
3421	2	360	5	107	245	149	0.186772875335
3427	13	0	66	3	174	149	0.165401606404
3432	1	3	0	2	215	149	0.598290039628
3433	0	9	1	9	298	149	0.252156628898
3434	0	2	4	13	269	149	0.0227652819601
3437	15	25	35	7	269	149	1.75508610569e-05
3441	1	7	0	27	298	149	0.231781912316
3446	10	64	2	137	253	149	0.000402452559874
3467	7	91	2	37	298	149	0.452845680435
3468	8	29	1	28	176	149	0.00715352151164
3481	2	9	0	12	161	149	0.0464136654696
3484	19	0	16	2	249	149	0.0451285464765
3494	28	3	68	8	298	149	0.84851458792
3495	0	4	1	27	153	149	0.302565792995
3496	0	5	2	1199	298	149	1
3499	4	425	4	583	247	149	1
3501	2	0	0	2	155	149	1.82749126145e-05
3505	4	65	3	13	252	149	0.237456239922
3506	102	2	30	0	211	149	0.672495768677
3509	4	7	3	0	164	149	0.000362020164375
3513	16	4	19	4	158	149	0.825123463516
3514	11	0	14	2	158	149	0.0746067680516
3515	19	143	12	40	298	149	0.0856942599107
3516	0	10	1	28	298	149	0.493772285926
3527	15	132	2	19	298	149	0.677992774742
3540	1	61	8	48	205	149	0.00233551805683
3549	6	13	10	93	247	149	0.0396045138679
3550	1	27	4	52	295	149	0.265378882869
3553	4	1	9	1	298	149	0.529866026792
3555	0	8	3	156	157	149	0.840314678305
3556	29	4	172	36	152	149	0.31400620368
3557	368	42	207	1	176	149	1.08512349439e-07
3558	20	468	21	181	269	149	0.0060039388924
3560	4	180	12	135	157	149	0.0103614070268
3561	46	188	70	155	257	149	0.0171910475858
3562	43	188	80	155	298	149	0.00142531360191
3563	23	11	58	5	231	149	0.00254953205987
3564	58	159	68	134	298	149	0.196042231964
3567	8	12	2	0	155	149	0.00137527664998
3568	97	2	19	0	209	149	0.792849835529
3572	0	7	4	52	298	149	0.192554851467
3573	56	36	70	39	169	149	0.658738792199
3577	5	8	0	1	193	149	0.00517609054712
3583	20	153	13	102	298	149	0.92100889933
3591	11	0	57	2	298	149	0.197521220681
3594	30	6	56	3	194	149	0.0618219410627
3596	7	183	0	29	207	149	0.159124447554
3597	74	0	34	1	191	149	0.29881827147
3598	15	20	19	14	276	149	0.230658053359
3603	1	2	2	17	185	149	0.491802824688
3606	4	9	0	3	199	149	0.00648367702253
3618	979	1	439	0	246	149	1
3622	2	0	61	23	161	149	0.00694967742395
3624	3	25	4	11	298	149	0.210695519102
3625	14	0	59	2	298	149	0.195975567351
3628	32	384	2	49	298	149	0.134178507767
3629	57	2	24	0	183	149	0.381150297278
3630	12	42	2	22	152	149	0.0630955520569
3633	5235	2	559	0	298	149	1
3634	10133	6	1204	8	298	149	0.833821349509
3643	21	0	23	1	153	149	0.279017630237
3664	12	21	0	12	243	149	0.000269898403163
3665	40	0	1091	6	254	149	1
3666	0	24	2	161	222	149	1
3667	22	9	19	0	194	149	0.000134223297672
3680	105	6	2	0	187	149	0.0495163208053
3681	380	9261	7	121	187	149	0.745875549905
3686	0	18	8	52	170	149	0.00547059940751
3687	0	2	17	0	191	149	1.58271269413e-06
3693	121	128	40	58	298	149	0.239363950152
3697	9	16	9	30	161	149	0.267422718995
3701	0	27	4	14	298	149	0.00723828417454
3702	0	27	4	14	298	149	0.00723828417454
3703	3	60	0	83	160	149	0.169932285568
3705	2	5	0	24	291	149	0.0729744898838
3708	0	16	1	11	278	149	0.264431550083
3713	303	2	12	0	161	149	1
3714	101	7	2	0	298	149	0.0247318153969
3715	629	61	8	0	207	149	0.0144355793473
3716	231	41	9	0	216	149	0.00417961196248
3717	723	41	15	0	234	149	0.0205828518737
3719	1	148	0	39	154	149	1
3722	0	15	11	327	163	149	0.114508281269
3725	0	7	3	17	262	149	0.0705862155985
3732	2	0	82	7	213	149	0.0277389923704
3736	37	73	57	52	282	149	0.0120383170279
3737	1	102	8	61	155	149	0.000930365488671
3739	34	1	943	0	275	149	0.263116672497
3740	4	1	2	4	298	149	0.0588213051353
3741	38	1	9	0	217	149	0.297564612023
3742	0	4	6	0	298	149	3.04030100651e-07
3745	433	3	195	0	209	149	1
3750	243	12	32	0	250	149	0.015127541536
3751	10	0	443	2	236	149	1
3752	10	0	519	5	287	149	0.491133359334
3762	0	24	1	26	192	149	0.331870502903
3763	3	62	2	20	228	149	0.798852658292
3768	1	0	0	2	158	149	3.63743476391e-05
3769	7	10	18	5	179	149	0.0126895062808
3770	3	9	12	26	284	149	0.566829608222
3771	0	20	3	15	166	149	0.0192351965408
3778	47	0	91	1	161	149	1
3787	15	4	8	0	158	149	0.00644463651681
3798	43	109	0	3	224	149	0.00649076514811
3799	9	109	0	3	166	149	0.0457369049513
3811	168	1	78	0	298	149	1
3816	19	42	31	38	164	149	0.123280688021
3817	33	135	18	66	177	149	0.805934889787
3823	4	109	0	15	177	149	0.247023159462
3824	78	2	19	0	153	149	0.627098788275
3828	58	42	1	16	298	149	3.29749927286e-06
3831	3	0	3	2	260	149	0.00585321412221
3837	77	2	55	4	154	149	0.199296248423
3845	0	14	8	134	281	149	0.115999717963
3855	6	0	63	27	244	149	0.00128412446962
3858	465	10	65	0	154	149	0.166845454874
3859	25	4	2	2	154	149	0.171000433808
3867	0	58	11	444	287	149	0.738046353066
3868	1	8	0	32	179	149	0.383785515859
3869	2	35	3	10	248	149	0.118959974366
3874	2	4	3	2	155	149	0.297546856893
3879	1	72	0	26	159	149	0.84493949656
3883	40	175	63	485	215	149	0.0364736103963
3886	0	5	2	25	242	149	0.268613498778
3892	0	4	33	21	298	149	0.000270549008373
3907	4	2	3	1	298	149	0.721134795612
3910	41	7	15	2	298	149	0.697816212172
3912	0	15	3	123	244	149	0.630741947683
3918	200	6	62	4	167	149	0.394565879808
3922	754	12	4976	9	298	149	0.00510974802193
3927	47	6	8	4	164	149	0.112518829883
3928	8	166	6	51	289	149	0.188372135954
3933	0	460	11	7456	279	149	1
3934	68	435	200	6715	176	149	1.31006316906e-14
3935	0	2	3	0	163	149	9.3906645473e-06
3939	0	9	39	56	298	149	0.000186810200665
3940	11	0	3	1	298	149	0.162953650387
3942	0	119	1	249	153	149	1
3944	138	125	100	37	277	149	0.000669016562257
3950	304	628	57	228	298	149	0.00164703504815
3954	2	27	9	64	268	149	0.268072447261
3960	29	56	15	9	161	149	0.015575225446
3964	7	2	11	0	230	149	0.0186404707774
3965	5	0	11	2	230	149	0.0434656690321
3966	3	0	11	1	230	149	0.354688476842
3967	3	82	13	27	230	149	1.34097480811e-05
3969	0	5	1	41	196	149	0.475367356947
3972	22	100	25	31	298	149	0.000719426929676
3973	22	100	25	31	298	149	0.000719426929676
3976	135	8	3	0	151	149	0.0607362315251
3986	9	0	95	14	182	149	0.00788675418337
3987	106	41	3	7	298	149	0.00484783837276
3988	13	0	15	1	152	149	0.240935013154
3990	1	8	7	16	183	149	0.113690061738
3991	4	70	3	66	298	149	0.731205282628
3992	158	0	48	2	215	149	0.505779501491
3995	4	0	0	2	298	149	6.29281370312e-06
3996	1	0	1	2	298	149	0.00084578088307
3999	22	2	10	2	187	149	0.555962937225
4002	46	6	23	0	222	149	0.00365913207877
4007	10	5	2	0	182	149	0.00348518349556
4010	14	2	12	3	298	149	0.535083533718
4011	85	0	61	1	298	149	0.3158996187
4012	0	2	1	4	159	149	0.677508166012
4015	8	1568	21	1372	173	149	0.443260419202
4016	65	789	94	988	202	149	0.504659029242
4019	85	1	9	2	298	149	0.0391187069142
4022	2	0	198	4	298	149	0.20296119889
4023	0	9	14	23	298	149	0.000546127006413
4025	0	197	4	99	153	149	0.138582329657
4047	15	8	9	16	161	149	0.0384239544842
4048	0	16	2	8	155	149	0.0326551224396
4050	3	84	2	27	163	149	0.769385347833
4057	11	3	5	0	155	149	0.0171378328132
4058	2	0	0	2	298	149	1.45517215469e-05
4066	2	5	0	19	298	149	0.0672199870046
4068	67	58	16	13	237	149	0.89476436141
4078	10	142	3	54	158	149	0.563727141695
4080	5	30	5	40	273	149	0.714967954833
4081	6	21	0	133	179	149	2.88338544753e-05
4083	2586	1	1604	2	298	149	1
4085	2729	5	1477	1	298	149	1
4090	1	25	5	266	228	149	0.45933512091
4091	514	1	436	1	298	149	1
4094	2	22	3	24	161	149	0.663439018311
4095	25	46	3	12	162	149	0.159327268963
4096	2	0	62	2	298	149	0.232126092814
4097	0	5	1	35	153	149	0.349924324021
4105	13	14	2	1	298	149	0.542938402955
4107	10	31	1	5	168	149	0.461527666723
4109	219	12	92	0	158	149	0.00432194993455
4112	0	3	6	14	161	149	0.00463737175349
4118	8	922	2	7	180	149	0.0932655615623
4121	3	0	245	1	215	149	1
4122	0	59	2	230	298	149	1
4134	0	20	63	2087	298	149	0.308479087003
4138	2	12	0	5	194	149	0.105778549372
4141	0	11	1	8	220	149	0.223389708561
4150	1	2	6	5	167	149	0.361002732474
4151	3	41	0	17	167	149	0.109690536905
4152	4	285	2	96	174	149	0.76538435312
4155	1	0	4	74	298	149	0.00482320677395
4158	7	0	49	1	298	149	0.288370962746
4160	2	86	0	19	298	149	0.821576780428
4161	22	137	6	181	200	149	0.000327830654294
4162	0	2	1	15	188	149	0.259161602234
4164	194	0	419	2	298	149	1
4172	639	6	169	0	195	149	0.748259471875
4174	2	0	3	2	298	149	0.00478775620339
4177	13	86	6	49	173	149	0.630715762302
4181	284	4	48	0	153	149	0.688846247075
4188	6	210	8	113	242	149	0.118033593823
4205	90	7	71	0	151	149	0.00574624023972
4208	4	32	2	14	153	149	0.819080104695
4215	6	2	8	27	298	149	0.0070082141445
4216	6	2	13	27	225	149	0.0232488033297
4221	6	2	12	4	179	149	1
4226	208	1	176	0	153	149	1
4227	220	29	174	12	153	149	0.0705957857035
4228	0	6	4	13	167	149	0.00750461927402
4235	0	2	9	170	298	149	0.186853155447
4237	202	3	90	0	230	149	0.724111436478
4241	0	6	2	39	189	149	0.356093370832
4242	26	5	34	0	298	149	0.000642414420836
4244	4	5	54	11	170	149	0.0192381515825
4251	0	625	1	290	153	149	1
4253	3	0	66	1	152	149	0.58538466824
4254	0	2	4	1	207	149	0.000232106470793
4256	0	76	4	84	207	149	0.154806794954
4262	15	3	25	0	179	149	0.0110560009247
4263	24	3	38	0	200	149	0.0168377871411
4264	22	3	39	0	203	149	0.0135395589686
4265	11	2	19	6	170	149	0.460866834878
4266	9	2	20	6	173	149	0.674768995792
4267	0	2	1	0	152	149	3.71271938798e-05
4278	0	23	6	15	153	149	0.000276159495869
4286	2	0	6	8	288	149	0.000893130711707
4289	13	1	100	6	176	149	0.648791974901
4293	1	0	0	5	298	149	2.90459543729e-05
4296	151	7	86	4	292	149	0.98260619896
4299	3	48	2	12	298	149	0.652771634276
4307	4	84	2	1438	164	149	0.109387064787
4309	0	5	1	3	199	149	0.64548794012
4311	114	10	25	0	188	149	0.00790286874937
4313	2	1	2	3	161	149	0.347711025523
4314	90	3	16	0	164	149	0.250844892228
4315	2	50	4	31	230	149	0.159383296499
4316	0	46	3	34	153	149	0.0472090296954
4323	354	208	34	13	196	149	0.206105180644
4326	12	2	43	9	245	149	0.695728080872
4334	6	63	3	3	160	149	0.0335342936668
4335	13	39	0	9	235	149	0.0025132395422
4341	1	11	1	7	262	149	0.91209445875
4342	2	25	1	4	175	149	0.485803316474
4343	420	12	84	8	271	149	0.0304439620542
4349	3	3	2	1	259	149	0.540879801772
4350	200	0	128	3	298	149	0.171957719059
4353	24	35	14	20	167	149	0.978118341162
4363	2	2	0	1	200	149	0.0168148300349
4366	6	84	0	5	178	149	0.0559369186045
4378	46	10	38	7	263	149	0.747960165087
4384	1	72	0	9	153	149	0.757083172212
4388	115	0	133	1	298	149	0.609451247015
4389	2	225	2	170	202	149	1
4390	402	2	191	0	298	149	1
4395	6	9	7	4	204	149	0.200056876965
4396	1482	0	5711	9	209	149	1
4397	1	0	0	18	298	149	0.000125439871514
4406	24	1	31	0	298	149	0.232928474554
4412	58	2	48	0	181	149	0.591089965861
4413	101	3	60	4	298	149	0.309102586517
4414	1	6	4	5	298	149	0.111250818298
4418	0	7	3	35	153	149	0.0976467949438
4423	46	0	134	2	179	149	0.5322551521
4424	23	0	135	7	298	149	0.0171349907299
4425	148	1	71	0	158	149	1
4426	369	7	265	2	298	149	0.151272881327
4432	21	72	8	27	267	149	0.955637939128
4433	0	1	1	0	263	149	7.06743849878e-05
4434	277	4	231	2	298	149	0.442857926401
4435	279	4	232	2	298	149	0.444541898957
4436	6	4	3	2	151	149	1
4450	2	113	3	84	173	149	0.42455515789
4452	1	79	0	106	167	149	1
4474	197	4	73	1	298	149	0.417360134032
4475	4	0	19	2	179	149	0.113751122904
4476	170	5318	3	382	157	149	0.00208943602408
4477	41	65	0	1	157	149	0.00687467157542
4478	46	40	0	4	157	149	0.000459281558101
4479	7	0	51	8	162	149	0.0107571393054
4484	7	0	15	4	298	149	0.00176958473636
4485	5	0	16	4	298	149	0.00222291100955
4486	0	2	1	0	152	149	3.71271938798e-05
4488	0	14	8	62	298	149	0.0233471638537
4496	46	2	6	0	298	149	0.167334331707
4501	145	0	67	2	298	149	0.503643734352
4502	127	1	77	0	292	149	0.587457607733
4505	2	0	4	16	158	149	0.000407880564364
4506	22	38	8	16	164	149	0.737327652393
4509	91	2	35	3	260	149	0.166511241978
4512	10	473	1	287	161	149	0.153760472285
4513	160	1	57	0	298	149	1
4514	338	1	374	2	152	149	1
4518	2	0	0	2	298	149	1.45517215469e-05
4522	7	97	7	49	298	149	0.274389696173
4523	286	8	72	4	153	149	0.48062458024
4530	20	14	7	5	166	149	0.986263226976
4532	0	38	61	115	218	149	3.09482330874e-08
4539	4	0	1	2	298	149	0.000633008854864
4542	149	4	40	2	257	149	0.830460657876
4561	12	1528	13	2192	298	149	1
4562	6	1876	1	1909	153	149	1
4563	3144	48	2547	32	298	149	0.45875430728
4568	1	33	0	43	166	149	0.354143472281
4570	116	2	283	0	186	149	0.530357448211
4571	105	2	245	1	298	149	0.698774531084
4572	12	0	62	2	186	149	0.363436911695
4573	116	0	305	2	298	149	0.65770908329
4575	2	18	2	198	298	149	0.607740367175
4576	95	3	205	0	298	149	0.0923496296035
4578	1	12	5	83	168	149	0.620246395143
4580	33	34	22	26	193	149	0.72369261274
4595	2	44	6	46	189	149	0.135324664867
4597	35	531	9	111	298	149	0.843502722953
4598	2	40	0	21	153	149	0.331299219251
4599	28	49	12	9	186	149	0.100557269461
4602	37	109	2	10	221	149	0.285577134442
4608	4	0	46	3	199	149	0.0995800435948
4611	3	10	2	12	281	149	0.515801178538
4612	0	13	4	43	286	149	0.11639313693
4613	0	68	4	42	153	149	0.0145257989413
4615	8	286	4	158	212	149	0.771410984312
4618	2	3277	9	3183	298	149	1
4619	0	3277	9	3183	271	149	1
4620	4129	0	2404	2	222	149	1
4621	11296	0	8416	2	298	149	1
4623	9878	3	6414	2	187	149	1
4633	96	2	25	0	296	149	0.35667793786
4635	7	322	2	112	177	149	0.584007443242
4639	0	2	25	1	249	149	1.90788987434e-05
4641	9	0	27	4	249	149	0.00828573132137
4642	3	3	6	8	298	149	0.753378034073
4643	3	10	6	26	298	149	0.807295701888
4644	20	5	24	12	153	149	0.224028084429
4652	8	0	78	2	215	149	0.387688066382
4657	0	93	2	703	298	149	1
4659	4	0	236	1	190	149	1
4663	25	86	42	98	298	149	0.216899712978
4672	78	11	24	4	236	149	0.935712778249
4673	8	115	2	153	298	149	0.0315615578763
4674	49	11	78	32	184	149	0.118526936063
4677	49	3244	70	4253	234	149	0.937174213437
4680	0	2	2	247	298	149	1
4688	9	646	2	362	187	149	0.825072633631
4697	20	2	50	0	298	149	0.042621206053
4698	8	0	7	1	154	149	0.332392981775
4702	8	87	0	4	298	149	0.0760021062429
4707	2	0	5	5	298	149	0.000629333843324
4709	60	8	20	0	298	149	0.0025655283458
4710	7	68	0	18	194	149	0.0177782273299
4714	2	7	2	0	193	149	0.000189155036815
4718	17	2	15	2	298	149	0.901218441164
4719	1	11	2	28	298	149	0.789393089796
4721	0	30	2	32	227	149	0.793078813787
4722	93	1	155	0	298	149	0.413024849316
4723	2	28	0	13	161	149	0.186820367709
4729	12	0	40	1	153	149	0.366202064489
4730	19	329	4	148	163	149	0.09860828585
4732	2	3	0	34	298	149	0.0531578439516
4733	2	6	0	3	298	149	0.0855307885076
4735	6	167	2	51	153	149	0.853565857278
4737	1	57	0	28	158	149	0.53688967192
4745	5	1	1	2	298	149	0.0578855099734
4746	5	1	1	2	298	149	0.0578855099734
4755	0	4	1	19	298	149	0.358534359163
4756	0	1	1	19	178	149	0.278942810245
4763	1	29	2	32	216	149	0.47095802972
4766	1	29	10	32	156	149	0.00284336287035
4773	91	0	136	1	298	149	0.629843159132
4778	7	47	2	11	298	149	0.732164831447
4779	139	6	71	0	218	149	0.0229112681127
4786	8	214	6	158	250	149	0.975665811134
4788	1	0	1	1	298	149	0.0123733512596
4790	99	4	58	0	209	149	0.065308473203
4793	0	114	2	999	198	149	1
4794	6	0	8	2	161	149	0.0430901611838
4797	120	5	43	0	235	149	0.0422489090226
4798	4	12	2	4	201	149	0.836044441842
4799	2	0	6	2	267	149	0.0170931278529
4802	2	33	1	54	167	149	0.280432837045
4811	0	5	1	62	162	149	0.635534825566
4813	276	4	166	0	275	149	0.271734426404
4823	9	25	14	45	298	149	0.849580332898
4824	0	16	1	59	153	149	0.538397415893
4826	5	23	3	5	164	149	0.329301566662
4832	0	53	2	21	289	149	0.711147423615
4833	2	7	0	2	162	149	0.0535495991192
4836	0	46	13	97	153	149	0.000641479263563
4839	114	53	12	25	298	149	0.000113305650305
4841	177	53	71	33	161	149	0.1477146463
4845	0	5	1	2	209	149	0.56000874334
4846	4	13	0	9	292	149	0.0169385746357
4848	61	0	112	2	298	149	0.685374327477
4857	2	3	2	0	153	149	0.00135343433055
4860	0	51	7	398	199	149	0.867832451317
4865	1	89	0	38	178	149	1
4867	1	43	0	96	298	149	1
4868	53	0	16	4	298	149	0.000470639309303
4881	76	52	19	26	158	149	0.0611178655442
4883	44	35	32	23	197	149	0.786749900873
4886	14	0	135	45	227	149	0.000252484059644
4913	0	23	3	114	184	149	0.654642784672
4914	757	0	966	1	266	149	1
4920	19	2	9	0	298	149	0.0579309402058
4922	1	1	2	4	268	149	0.586133043257
4925	0	18	1	13	188	149	0.249104224641
4936	8352	2	4932	1	154	149	1
4944	1	86	0	6	167	149	1
4949	599	13	121	1	202	149	0.104997248106
4950	265	4	52	0	228	149	0.341240167342
4951	75	1	17	0	228	149	0.437467640057
4954	14	67	3	24	198	149	0.314478072465
4957	11	8	2	4	198	149	0.188390149709
4960	0	18	4	1225	298	149	1
4964	295	4	138	0	298	149	0.249786431592
4965	187	5	126	1	152	149	0.205532934996
4968	2	8	10	8	191	149	0.033984806996
4970	6	24	3	15	159	149	0.717183521305
4971	3	28	2	19	298	149	0.934878027115
4975	15	2	154	0	298	149	0.0540217777915
4977	0	127	1	65	153	149	0.625868829412
4982	37	2	11	3	171	149	0.114624134308
4983	2	0	2	1	298	149	0.0313918630015
4984	6	10	15	11	298	149	0.178166707172
4985	3261	1	1073	0	251	149	1
4986	18	38	14	28	285	149	0.921409265246
4989	0	2	1	33	161	149	0.343012638879
4999	247	16	76	5	176	149	0.960074376337
5004	6	222	0	2	153	149	0.268529884738
5005	3	285	2	3	298	149	0.0738185381164
5009	2	3	0	4	263	149	0.0306258999191
5010	1	0	12	1	298	149	0.453707612057
5012	21	822	5	205	153	149	0.774393031806
5013	0	569	3	316	298	149	1
5014	1	4	0	33	160	149	0.51576080492
5015	3	0	6	2	195	149	0.0262851585401
5016	6	0	39	2	184	149	0.221333613916
5021	221	0	367	1	248	149	1
5029	1	13	1	11	253	149	0.948074768487
5031	1	3	1	36	164	149	0.721946664463
5034	2	0	29	1	204	149	0.27247592427
5040	7	1	12	0	266	149	0.897218472833
5041	7	1	6	0	298	149	0.608296512275
5042	7	7	7	12	216	149	0.434704880356
5044	10	291	7	133	187	149	0.505869226713
5048	62	0	310	3	298	149	0.859267240341
5051	245	2	1844	14	298	149	0.987293742619
5052	369	6	3615	30	257	149	0.346647617004
5054	27	0	242	2	298	149	0.54655994261
5055	2	0	8	1	158	149	0.324729419083
5056	0	2	1	0	158	149	3.63743476391e-05
5057	421	18	227	6	177	149	0.256693370026
5066	5	2	18	19	298	149	0.252599552987
5071	2	33	2	120	192	149	0.390818577271
5072	0	33	2	120	195	149	0.681765456365
5074	2	88	2	121	153	149	0.822133745183
5080	2	0	0	1	298	149	4.45915760166e-05
5087	4	0	2	2	240	149	0.00325203137406
5091	21	0	15	1	155	149	0.240634426268
5092	22	5	15	3	159	149	0.850050103541
5093	1	5	1	3	153	149	0.921718828866
5094	2	13	2	13	172	149	1
5095	5	4	6	31	179	149	0.0233160785645
5097	7	208	11	141	298	149	0.0955754869879
5099	21	0	149	2	298	149	0.90917586304
5100	1	208	1	141	193	149	1
5102	21	0	149	2	295	149	0.8693740665
5104	229	0	289	2	251	149	0.815383965677
5105	16	0	91	2	221	149	0.53227382884
5106	31	0	183	2	151	149	1
5108	0	14	3	180	259	149	1
5110	2	0	3	6	219	149	0.000351600310974
5114	2	3	0	1	164	149	0.0205058263756
5116	8	40	1	94	207	149	0.000297867311904
5117	17	85	5	133	234	149	0.000587400846338
5118	0	174	5	166	267	149	0.708536608771
5124	0	2	3	0	155	149	9.19917669207e-06
5125	45	9	10	0	155	149	0.00490841989296
5143	24	119	9	47	238	149	0.848684945297
5154	45	4	16	1	221	149	0.479351809016
5158	255	2	230	0	298	149	0.560308803709
5161	37	15	37	12	239	149	0.625984415831
5162	7	170	6	83	236	149	0.406674695847
5172	32	35	9	22	287	149	0.0688751534677
5173	1	85	2	135	230	149	1
5174	3	36	1	135	195	149	0.101625145871
5175	2	53	8	67	162	149	0.0799970083825
5178	1	2	6	1	193	149	0.0391709298909
5179	89	2	61	1	298	149	0.601085195849
5183	6	0	21	10	281	149	0.00107249379656
5205	443	2	95	0	298	149	1
5206	35	2	8	0	298	149	0.121604968125
5207	33	0	14	1	298	149	0.241866592324
5208	0	27	2	18	278	149	0.406592166307
5211	2	1	0	3	162	149	0.00341089810573
5217	83	447	161	2484	285	149	3.66103792948e-07
5234	3	121	2	16	239	149	0.341964665005
5235	30	78	10	18	298	149	0.53448293318
5237	0	5	25	56	298	149	0.00356862710538
5243	1	16	2	10	156	149	0.284146363075
5247	6	14	9	12	157	149	0.377037930505
5249	0	2	1	13	231	149	0.2649151814
5252	170	4	316	3	197	149	0.269167700977
5256	2	70	3	19	175	149	0.100628509284
5258	6	54	0	4	227	149	0.0411322762917
5269	0	2	4	5	298	149	0.00606854551474
5271	251	388	82	142	190	149	0.580725397393
5272	2	4	0	6	175	149	0.0228634677841
5273	131	16215	12	1399	200	149	1
5293	79	3	35	6	298	149	0.0322900759219
5296	34	2788	6	937	164	149	0.811322321149
5301	5	0	0	1	218	149	9.33287185034e-06
5304	10	59	8	29	277	149	0.420518736881
5310	2	0	7	1	298	149	0.586075197678
5317	77	16	57	32	292	149	0.00655279772248
5320	0	81	2	48	175	149	0.684348569238
5323	21	2	26	0	207	149	0.0737858446605
5328	12	0	15	2	152	149	0.081955343136
5331	20	0	21	1	298	149	0.230556045849
5338	0	5	5	523	233	149	1
5341	6	0	18	1	298	149	0.277095493117
5342	2	0	12	1	298	149	0.450088371826
5350	1	0	0	4	155	149	6.05169914921e-05
5351	1	0	7	3	274	149	0.00334749368707
5352	11	4146	6	2950	202	149	1
5353	11	3	17	1	159	149	0.11182348475
5354	5	18	5	7	162	149	0.212683462509
5359	80	2	64	2	291	149	0.880517382202
5363	26	0	16	5	152	149	0.000914081904415
5367	181	6	59	0	298	149	0.0276217175978
5368	54	6	25	0	298	149	0.00338609012916
5369	396	2	181	0	298	149	1
5371	414	1	216	0	298	149	1
5374	40	267	24	325	197	149	0.0180933986368
5379	1	1	2	0	298	149	0.0115498446237
5382	9	12	0	2	176	149	0.00336258550841
5383	2	12	0	2	166	149	0.100616617301
5386	1	13	6	11	158	149	0.0237310291627
5391	348	26	47	7	298	149	0.236018214749
5396	34	7	12	0	241	149	0.00255319047444
5400	5	0	25	6	298	149	0.00396436309029
5404	305	218	89	70	161	149	0.683976948643
5405	4	6	15	37	268	149	0.687910020317
5410	0	2	3	47	180	149	0.193796537538
5411	7	88	11	111	160	149	0.622850844871
5424	1	8	0	9	196	149	0.221787895195
5425	31	3	14	0	261	149	0.0317744045243
5434	3	207	4	278	158	149	1
5436	1	0	5	29	160	149	0.00265872740916
5437	528	70	5	0	288	149	0.00947576366225
5439	0	4	5	43	298	149	0.081637067086
5440	4	4	30	43	170	149	0.648989767507
5441	0	8	5	35	187	149	0.0203401649339
5452	2	0	548	8	153	149	0.574118902574
5467	1	1	5	23	298	149	0.413051302643
5469	0	58	15	55	242	149	9.17880080842e-06
5470	0	1	1	38	298	149	0.815232641645
5473	1	28	2	98	246	149	0.439277701827
5474	0	28	2	98	268	149	0.904523182056
5475	0	28	2	98	298	149	1
5481	2	25	2	5	298	149	0.308093339761
5499	0	2	2	97	166	149	0.528303148387
5500	0	2	4	97	172	149	0.240413444182
5512	63	6	100	47	298	149	0.00012495026032
5513	87	0	36	4	172	149	0.00583942419426
5514	88	2	26	0	232	149	0.517043114417
5518	4	1	7	0	197	149	0.520982761182
5519	370	2	24	0	298	149	1
5520	195	77	46	12	173	149	0.219584016938
5522	110	0	27	4	154	149	0.00292975096169
5523	7	96	2	24	184	149	0.779334639159
5525	1573	21	1137	17	202	149	0.796792877788
5526	56	430	72	360	219	149	0.0705835620739
5527	6	70	16	27	152	149	0.000134856382907
5528	1	75	2	33	155	149	0.267690340678
5529	0	90	2	20	170	149	0.326059291207
5530	79	12	18	2	193	149	0.541078345369
5534	237	0	367	1	298	149	1
5535	11	181	86	350	167	149	1.11840514179e-05
5537	79	94	2	0	207	149	0.00212345093942
5538	59	7	2	0	194	149	0.0207937406162
5543	10	2	116	0	172	149	0.0542869786504
5544	2	5	149	38	266	149	0.00301149156141
5546	0	25	1	65	208	149	1
5556	2	2	8	43	218	149	0.324385216242
5557	2	13	1	11	163	149	0.507928922684
5558	357	0	1725	1	163	149	1
5559	16	2	4	0	171	149	0.0988622303632
5560	0	2	4	11	298	149	0.0209435828883
5562	37	370	17	146	298	149	0.746857818156
5563	41	1	27	3	261	149	0.105249984765
5566	17	284	12	101	153	149	0.131483865395
5567	11	10	4	8	298	149	0.245181752057
5568	8	269	4	83	298	149	0.690943079167
5569	1	76	5	1350	237	149	1
5570	0	4	1	44	298	149	1
5571	6	45	1	42	213	149	0.0304144613147
5577	2	32	4	34	165	149	0.385737868146
5580	54	13	63	26	206	149	0.16879418011
5581	276	8744	11	486	298	149	0.224456422905
5582	16906	2	579	0	298	149	1
5583	3194	5	178	0	210	149	1
5584	14978	4	561	0	210	149	1
5587	4	9	7	17	211	149	0.940949058682
5607	13	6	12	3	298	149	0.406752458828
5611	0	6	5	3	218	149	0.000208560934894
5625	2159	167	131	4	246	149	0.0222012451051
5626	1	148	1	368	298	149	1
5631	0	5	1	126	298	149	1
5632	60	0	357	21	298	149	0.00206706670981
5633	13	0	117	1	298	149	0.517723840079
5649	19	0	2	2	153	149	0.00397297988715
5650	6	31	0	4	208	149	0.0166839550964
5653	8	93	1	11	217	149	0.867489919738
5655	1	145	0	41	165	149	1
5668	258	0	37	1	153	149	0.345181723555
5674	0	33	11	874	207	149	1
5675	34	1	18	0	186	149	0.301881992695
5677	0	1	2	17	153	149	0.136933179452
5680	66	2	53	0	298	149	0.248899713357
5681	1	0	26	2	186	149	0.162347974449
5683	67	2	70	0	298	149	0.287826311291
5685	66	2	55	0	298	149	0.25087962289
5686	15	2	12	0	187	149	0.0666017837658
5692	9	35	7	48	298	149	0.311295846149
5694	3	92	0	20	158	149	0.288408345083
5695	0	46	3	31	298	149	0.168009903809
5696	0	65	1	40	153	149	0.378163463505
5702	435	1	2420	0	298	149	1
5703	1	0	54	2	298	149	0.208199736456
5704	3	175	64	2960	298	149	0.823860984264
5705	2	0	682	7	298	149	0.364714694355
5706	1	16	0	4	241	149	0.292925207974
5709	1	10	0	60	298	149	0.262020913889
5721	9	4	4	4	230	149	0.330465027193
5728	119	836	197	1177	162	149	0.38402064824
5733	0	20	5	22	268	149	0.00872203593453
5734	0	1	19	36	191	149	0.0084645306061
5740	7	37	0	52	229	149	0.00103055802745
5741	0	10	1	58	163	149	0.570241783128
5746	172	0	434	2	298	149	1
5747	281	4	522	3	298	149	0.27528059706
5748	53	1	45	0	298	149	0.29987897908
5749	326	1	529	3	298	149	0.819070815198
5750	353	2	610	0	298	149	0.910974647655
5751	44	2	97	0	188	149	0.533135695002
5752	197	121	423	184	188	149	0.0895253534862
5755	14	17	1	0	163	149	0.00415102428408
5756	64	31	7	2	298	149	0.425440659544
5757	2	10	2	0	164	149	0.00016954325382
5759	16	0	11	2	259	149	0.027088052461
5769	0	4	61	12	194	149	1.027033528e-05
5770	54	2	95	0	176	149	0.806714948629
5772	6	6	3	11	237	149	0.106116262255
5774	3	0	0	2	171	149	9.54976465062e-06
5778	284	2	112	3	298	149	0.177083712033
5779	423	1	194	0	298	149	1
5780	621	95	146	24	199	149	0.875056850744
5782	641	1	277	2	298	149	0.592823307837
5783	591	8	289	4	298	149	0.946534716139
5784	197	8	122	4	222	149	0.630543429858
5785	85	34	54	22	214	149	0.970927483635
5786	234	93	117	69	214	149	0.101395263158
5787	182	9	85	10	298	149	0.0881247635995
5789	19	8	24	0	167	149	8.76624345448e-05
5790	9	8	1	0	218	149	0.00300005546034
5792	13	0	139	1	184	149	1
5794	6	2	3	0	236	149	0.0198568754253
5797	20	2	9	4	160	149	0.0919303163483
5799	21	5	1	0	175	149	0.0102152686886
5800	82	3	41	0	163	149	0.188963610789
5820	4	2	5	0	233	149	0.0100337957412
5821	0	38	2	10	298	149	0.284896677171
5822	0	38	2	10	298	149	0.284896677171
5830	11	2	2	2	213	149	0.111438515031
5839	607	2	90	0	212	149	1
5841	10	63	15	52	253	149	0.192674398774
5844	0	74	6	66	257	149	0.0152945070874
5848	23	0	34	15	158	149	2.62501926306e-05
5849	2	39	4	44	164	149	0.417852004271
5856	24	620	4	611	259	149	0.00672727956256
5857	649	5	329	1	183	149	1
5858	1	0	9	17	298	149	0.00479352670863
5869	12	2	23	0	298	149	0.0218173403439
5873	6	0	6	6	161	149	0.000342760338445
5874	3	0	6	6	234	149	0.000671892752682
5875	5	0	5	6	240	149	0.000215969618787
5876	0	3	5	5	222	149	0.00155272229011
5877	2	3	4	5	228	149	0.841953344515
5878	2	0	0	1	155	149	3.82308580019e-05
5880	57	2	32	2	210	149	0.679672321814
5881	236	2	139	2	214	149	0.843341669687
5882	72	2	37	2	235	149	0.638723119675
5885	8	172	3	105	170	149	0.366658093991
5888	18	0	2	4	267	149	9.75683891591e-06
5901	0	1	6	2	185	149	0.000703893231933
5902	0	112	1	243	164	149	1
5903	157	0	977	3	298	149	1
5926	6	8	4	6	166	149	0.875300724668
5929	4	0	0	8	193	149	1.71530190163e-07
5930	70	10	49	2	295	149	0.0462070768966
5931	0	2	4	177	282	149	0.736376339008
5932	2	306	10	646	165	149	0.598945771784
5938	2	13	0	1	185	149	0.127573436117
5946	2	0	96	4	298	149	0.0675874437833
5948	37	0	20	2	298	149	0.0393295680059
5950	3	44	1	133	215	149	0.188353484181
5951	14	38	19	140	298	149	0.0257244962822
5966	0	75	1	85	159	149	1
5968	14	83	12	80	163	149	0.785256446938
5971	1	22	2	2	239	149	0.0472853154376
5972	19	37	4	12	153	149	0.399665852703
5981	10	10	30	28	274	149	0.864113912892
5982	216	5	94	2	208	149	0.748870925647
5983	48	5	11	2	214	149	0.809471792473
5984	2	170	0	83	155	149	1
5985	47	0	79	4	298	149	0.0279108126194
5993	259	0	749	1	166	149	1
5994	2	1	23	0	195	149	0.0969462732703
5996	4	58	0	23	298	149	0.160938174322
6002	11	155	8	214	254	149	0.19379939763
6006	817	4	179	0	298	149	1
6008	5	948	11	174	298	149	0.00905741237852
6014	2	7	4	10	227	149	0.659522160334
6015	1	0	4	2	227	149	0.0129988317255
6016	12	29	13	18	298	149	0.277184878035
6017	1	99	0	32	153	149	1
6024	13	82	17	36	298	149	0.0135678006322
6025	25	78	13	28	180	149	0.427669231439
6026	22	234	30	208	180	149	0.186010843448
6031	19	3	2	1	154	149	0.624899614084
6032	492	1	132	0	298	149	1
6034	0	1	2	181	298	149	1
6036	5	16	0	10	152	149	0.00251993833308
6045	1	2	9	0	187	149	0.000923072919802
6051	8	20	5	19	153	149	0.502065571959
6054	99	28	40	9	191	149	0.545039615267
6056	494	1	47	0	154	149	1
6069	2	0	1	76	257	149	2.5341098404e-05
6071	50	1	26	1	187	149	0.986178455693
6087	27	0	124	1	298	149	0.554096815671
6088	36	0	125	3	167	149	0.38706443771
6091	4	52	1	67	156	149	0.0590764361274
6096	0	3	3	76	298	149	0.65121201726
6113	2	13	1	7	162	149	0.778498275563
6119	8	5	26	1	293	149	0.00223646716408
6126	46	21	26	9	158	149	0.527460982081
6128	14	6	9	0	282	149	0.000689197945379
6130	0	6	39	25	182	149	4.40388218982e-05
6131	2	46	61	114	182	149	1.30334737192e-06
6133	0	2	4	0	261	149	6.21040181747e-06
6136	0	2	16	10	184	149	0.0013316438808
6153	6	9	1	4	258	149	0.260032342471
6154	229	7	116	2	193	149	0.319201508281
6156	1	0	502	15	236	149	0.087571106394
6157	46	715	8	168	180	149	0.343545843837
6158	807	2	163	0	298	149	1
6160	449	1	187	1	180	149	1
6164	4	6	113	11	298	149	0.000162101151036
6165	2	6	2	11	298	149	0.698225072498
6166	0	6	2	11	298	149	0.139043631869
6167	0	6	2	11	238	149	0.11274154109
6175	18	6	10	9	173	149	0.116472567388
6177	67	69	6	7	232	149	0.738983136235
6178	40	328	5	35	269	149	0.744018297553
6185	7	10	30	8	298	149	0.00498821024727
6191	37	0	34	5	298	149	0.0012689974892
6201	0	40	2	198	158	149	1
6209	616	2	304	3	290	149	0.707619824183
6211	12	1	15	2	182	149	0.532823040702
6212	6	0	2	3	254	149	0.000276238201147
6214	16	22	5	2	218	149	0.130630244821
6216	11	32	22	46	164	149	0.436005802172
6221	403	0	98	3	165	149	0.387635919283
6238	1	92	10	2552	276	149	1
6239	43	297	27	91	298	149	0.0256295554577
6246	1	24	3	69	169	149	0.712547824508
6247	0	1	3	2	153	149	0.00171724016126
6248	11	5	7	5	153	149	0.549559366063
6250	7	5	13	13	174	149	0.600510447323
6253	2	5	0	12	165	149	0.0203031517781
6254	2	5	0	12	161	149	0.0197544953578
6260	4	0	17	5	298	149	0.00315113257923
6267	1	77	2	37	236	149	0.887688305352
6270	0	3	14	88	172	149	0.0198989870389
6273	0	91	2	58	211	149	0.532979283841
6274	80	0	55	2	298	149	0.231919774583
6275	1	78	0	12	298	149	1
6276	23	0	20	2	160	149	0.104433881839
6279	1	86	4	22	159	149	0.00570183446152
6281	1014	9	16	0	253	149	0.531346455278
6282	697	21	22	0	298	149	0.0393066006985
6283	63	0	80	1	298	149	0.373140220512
6286	781	0	262	3	298	149	0.816619638753
6289	1	26	2	35	298	149	0.547666892764
6297	9	8	1	0	152	149	0.00374464430769
6298	1699	1	901	1	156	149	1
6299	1907	1	1314	0	151	149	1
6304	2	232	2	128	170	149	0.624119727053
6310	78	0	22	2	153	149	0.283378733875
6314	53	87	17	66	225	149	0.00984035957764
6315	0	70	2	65	246	149	0.525857372258
6339	2	107	0	39	218	149	0.678471666179
6340	0	20	2	21	168	149	0.151600921971
6341	25	14	8	14	155	149	0.033496454326
6349	2	0	708	1	206	149	1
6356	0	46	2	50	211	149	0.571037806636
6371	0	2	4	3	267	149	0.00218695010849
6372	0	2	4	3	298	149	0.00279839133832
6373	0	2	4	3	298	149	0.00279839133832
6378	2	0	9	98	298	149	0.000329465129307
6388	29	48	0	34	296	149	1.98863945977e-07
6390	146	4	100	0	298	149	0.0608242844849
6399	3	0	10	10	176	149	0.00116679309505
6400	63	6	96	5	298	149	0.34971116122
6401	6	2	11	1	273	149	0.249539724485
6402	8	117	0	22	153	149	0.0247580938995
6403	2	462	5	276	196	149	0.757361056473
6406	4	79	2	46	173	149	0.706516983765
6416	1	125	16	286	298	149	0.0217881683946
6420	2	15	2	22	188	149	0.782725419389
6421	12	8	30	5	161	149	0.0314190099184
6423	2	12	0	4	296	149	0.165910569276
6427	2	10	0	1	211	149	0.112603897794
6432	2	0	28	2	177	149	0.180005646288
6444	0	6	3	92	162	149	0.343028538299
6445	4	0	122	6	298	149	0.033163286449
6446	5	5	21	18	298	149	0.769398562607
6447	0	2	1	3	271	149	0.410194452925
6456	4	2	6	6	261	149	0.432526791563
6457	46	0	14	2	298	149	0.0244102177866
6460	4	4	1	2	194	149	0.506007278751
6463	1	50	8	131	269	149	0.108961294926
6466	2	40	2	18	156	149	0.581299690592
6467	1	40	2	18	190	149	0.212121705037
6468	0	1	2	2	183	149	0.0145024168199
6472	104	0	638	1	203	149	1
6473	1128	0	1305	1	298	149	1
6474	8	0	8	5	298	149	0.000351110357333
6476	0	60	1	2	298	149	0.233164207524
6479	3	0	27	10	298	149	0.00377626136121
6480	2	0	75	10	164	149	0.0221696236456
6482	38	4	124	18	217	149	0.470991902837
6484	7	0	4	1	188	149	0.574641756385
6485	12	0	38	3	194	149	0.0679197446311
6490	320	45	189	27	298	149	0.99478034218
6493	0	1	41	0	204	149	5.78763806692e-05
6494	195	10	63	9	153	149	0.0572025980303
6495	88	10	125	9	298	149	0.363829733523
6496	88	195	122	60	294	149	5.54435719557e-10
6497	25	1	4	0	222	149	0.254046615504
6498	30	1516	9	297	298	149	0.502179653475
6504	1	119	0	55	175	149	1
6507	29	0	270	2	160	149	1
6508	0	7	1	16	298	149	0.32262970272
6511	2	0	42	3	183	149	0.102296399065
6526	71	1	141	1	298	149	0.425369834345
6527	0	3	7	0	177	149	4.36969315731e-07
6528	1	3	12	0	224	149	4.73771108352e-05
6530	0	4	7	0	177	149	1.70978992298e-07
6538	17	34	3	5	158	149	0.808039118809
6543	0	61	2	48	191	149	0.636881423992
6544	6	127	4	71	211	149	0.936351355947
6545	13	218	20	317	257	149	0.8560002722
6546	30	4	18	6	298	149	0.178931049196
6548	0	2	4	101	298	149	0.496683138822
6549	3	2	8	4	158	149	0.765135604316
6550	44	14	42	20	158	149	0.337180409967
6551	1	0	4	3	193	149	0.00272499757108
6553	0	4	1	6	298	149	0.221962935412
6554	0	4	1	34	179	149	0.376461436899
6556	2	5	2	20	232	149	0.36061303242
6557	0	5	1	4	298	149	0.214687039174
6559	5	0	5	1	161	149	0.573985002204
6560	21	6	69	10	152	149	0.320188667103
6562	1	43	2	45	289	149	0.894261448797
6565	2	583	30	2559	298	149	1
6569	49	10	36	7	212	149	0.914671276375
6570	20	2	16	0	212	149	0.0767303601197
6571	11	0	49	1	192	149	0.361586621562
6572	0	18	2	24	203	149	0.252124913803
6576	0	2	1	6	154	149	0.39783622862
6582	2	27	0	25	163	149	0.220796849634
6584	3	0	31	1	173	149	0.29916745576
6589	4	2	14	10	206	149	0.621817506304
6591	26	5	4	14	298	149	6.83676630797e-06
6592	25	2	11	0	178	149	0.132193778009
6594	1	0	6	29	298	149	0.00483071113792
6596	0	31	3	71	167	149	0.211011584173
6597	41	1	48	0	153	149	0.371671986639
6599	439	7	30	0	233	149	0.22671282731
6602	0	3	1	20	154	149	0.269302640308
6604	2	12	1	31	268	149	0.187703385254
6609	0	2	4	10	192	149	0.00774133342037
6611	4	0	3	3	178	149	0.00156744095371
6623	2	9	2	87	298	149	0.182125513958
6641	4	0	204	2	298	149	0.529607139084
6646	0	39	3	34	167	149	0.0566276362536
6659	13	0	13	2	168	149	0.0599686855611
6662	22	41	2	6	249	149	0.356391180353
6663	42	132	9	49	298	149	0.136440485786
6664	67	132	13	49	200	149	0.0574048366074
6667	33	50	14	26	298	149	0.585497832984
6670	17	0	132	7	263	149	0.0231203847313
6674	35	1058	17	652	298	149	0.436960844916
6686	420	130	273	46	298	149	0.00817484075716
6687	4	0	8	1	251	149	0.614553935315
6690	3	1	0	6	153	149	0.000275991026446
6695	5	9	0	2	191	149	0.00446408645043
6703	22	3	3	0	283	149	0.0205919260631
6704	9	3	6	0	172	149	0.00993180615226
6713	20	6	13	4	158	149	0.992787882919
6717	5	0	5	1	167	149	0.616937907903
6735	8	291	2	66	298	149	0.875675558977
6750	9	0	74	4	176	149	0.0930376745579
6752	0	2	10	56	185	149	0.021237701154
6753	2	0	13	2	278	149	0.0459222786831
6755	0	4	4	6	161	149	0.00183676761051
6758	48	2	281	0	212	149	0.514519016468
6759	0	2	2	98	153	149	0.526241882793
6761	1	0	14	3	253	149	0.012769394314
6764	6	3	3	5	173	149	0.179120701144
6765	8	7	3	1	173	149	0.267520417921
6767	6	59	3	21	171	149	0.866213025641
6768	44	59	13	21	222	149	0.608813667764
6769	39	1	10	0	200	149	0.309012154875
6770	36	12	16	26	222	149	0.000489401951164
6771	11	104	6	56	171	149	0.966089812924
6772	59	104	37	56	222	149	0.627606408599
6773	54	6	34	3	200	149	0.659256274342
6774	36	15	11	9	222	149	0.209466521059
6776	0	4	3	50	298	149	0.341991239847
6777	1	126	2	33	298	149	0.59102567177
6787	12	172	7	182	265	149	0.21361017463
6794	0	3	9	3	298	149	0.000229257889935
6796	0	8	3	43	215	149	0.186647792419
6797	40	0	125	3	254	149	0.193807614796
6801	2	17	1	30	178	149	0.261190385131
6812	55	0	188	1	153	149	1
6813	0	14	10	100	298	149	0.0369476011002
6819	15	0	574	1	186	149	1
6820	14	0	226	1	298	149	1
6821	11	8	56	393	298	149	3.07391777833e-05
6825	2	25	0	3	298	149	0.360110153848
6826	1	181	0	25	167	149	1
6828	189	219	13	66	161	149	2.76701125035e-06
6838	0	2	2	3	298	149	0.0435582116403
6851	2	0	0	2	189	149	1.77945363274e-05
6858	0	2	13	245	158	149	0.0782081664398
6861	52	2	72	5	238	149	0.357508059002
6876	9	2	3	1	171	149	0.82365541269
6877	86	11	12	2	171	149	0.665225849662
6878	4	10	2	4	152	149	0.822049919118
6879	6	41	9	46	152	149	0.585590760637
6880	11	1	13	0	168	149	0.226715032681
6882	0	2	3	29	161	149	0.0917435515463
6886	2191	4	2683	0	196	149	1
6887	449	0	463	10	169	149	0.0520569171945
6888	9	0	1102	4	298	149	1
6892	4	28	0	12	298	149	0.0610196317946
6893	0	2	1	11	298	149	0.27265285519
6897	254	1	175	2	153	149	0.800371252344
6901	14	0	3	1	159	149	0.400135660401
6903	1	0	8	2	156	149	0.0556963708619
6905	453	4	90	1	252	149	0.763170376013
6906	280	13	224	9	171	149	0.725895080818
6919	5	90	1	42	240	149	0.209017993229
6920	6	90	1	42	218	149	0.142133984857
6929	1	12	0	9	298	149	0.284033002419
6930	1	12	0	9	159	149	0.231565926149
6939	74	2	26	0	194	149	0.56128777327
6940	667	0	168	2	298	149	0.536261842934
6941	1	425	2	111	231	149	0.822872064506
6944	1	9	0	7	153	149	0.245043266104
6947	2	20	3	67	213	149	0.732558671134
6952	14	2	2	0	157	149	0.0995492178286
6955	2	39	0	31	153	149	0.373945558703
6956	3	0	51	13	219	149	0.00699254997398
6964	40	0	155	1	153	149	1
6971	897	2	1182	0	270	149	1
6978	2	0	85	3	298	149	0.135002708124
6984	88	1	61	0	182	149	0.71532184338
6989	226	5	107	0	298	149	0.0687202480884
6992	10	2	7	4	246	149	0.234382325493
6993	0	2	1	4	153	149	0.747183345697
6994	9	0	7	2	246	149	0.0184000296499
6997	159	0	205	2	195	149	0.679477264009
7002	2	2	66	19	227	149	0.253333848822
7012	2	1008	0	542	164	149	1
7013	21	1	11	0	298	149	0.231340471445
7019	0	6	2	35	152	149	0.241963467832
7027	1218	25	4853	28	298	149	9.66826118551e-05
7031	30	0	41	2	298	149	0.109612824286
7035	0	13	23	66	161	149	0.000488355483865
7039	69	398	14	233	155	149	0.000532601754843
7041	50	2	29	2	298	149	0.703528813287
7043	0	12	1	27	166	149	0.316734748703
7048	2	15	2	7	179	149	0.594133649994
7049	3	6	2	5	230	149	0.814943506591
7050	16	6	7	5	200	149	0.365349232436
7051	60	20	26	3	298	149	0.0559105620416
7053	212	0	481	5	153	149	1
7056	0	6	3	7	257	149	0.0195780851668
7057	0	6	3	7	183	149	0.0116793367168
7058	13	7	8	2	153	149	0.312858733322
7061	0	20	2	24	283	149	0.56073144426
7064	32	39	9	5	298	149	0.216450217855
7066	6	1116	1	384	158	149	1
7067	1	1116	0	384	153	149	1
7068	55	5	16	1	280	149	0.502462665315
7070	44	7	15	1	152	149	0.203691957053
7071	75	30	41	13	239	149	0.538735440427
7072	38	30	27	13	236	149	0.238774421347
7073	10	61	11	35	158	149	0.200855552546
7074	4	4	3	3	158	149	1
7075	1	6	2	5	298	149	0.385005278122
7080	3927	4	2859	0	151	149	1
7082	2502	0	2527	1	158	149	1
7083	4	4	3	10	153	149	0.167451956005
7084	0	57	4	36	160	149	0.0120521988958
7087	57	108	22	48	155	149	0.641878274721
7090	4	6	2	8	268	149	0.282269801505
7091	1	6	5	8	298	149	0.136346064523
7092	1	4	7	0	200	149	1.7712572763e-05
7094	138	1	143	4	192	149	0.16533249934
7095	3	0	5	75	236	149	1.11832749885e-05
7098	2	0	84	6	164	149	0.0442886973959
7099	2	32	8	83	286	149	0.398267708014
7103	0	5	23	87	298	149	0.0106294444895
7107	26	1	51	0	185	149	0.27175960548
7111	2	138	0	122	173	149	0.703809361243
7113	0	15	1	10	154	149	0.224893727949
7118	6	3	1	0	161	149	0.00763614100721
7119	2	18	0	7	152	149	0.121812976327
7120	1469	1	104	0	153	149	1
7121	23	17	12	12	173	149	0.554327788163
7124	13	42	2	31	298	149	0.0112107374105
7125	2	42	0	29	180	149	0.639210311379
7126	36	9	25	2	298	149	0.0871750083578
7127	28	9	23	2	298	149	0.0536821502323
7128	16	17	15	8	298	149	0.20852150923
7129	15	4	12	0	298	149	0.00149088794935
7134	54	11	37	6	153	149	0.650420314226
7136	2	10	2	19	162	149	0.643733091756
7148	46	4	30	1	298	149	0.221512491354
7154	45	1	62	0	156	149	0.389722871203
7155	25	8	132	31	155	149	0.631520190169
7166	0	3	1	33	294	149	0.602934221181
7168	1	3	2	0	217	149	0.00019232377739
7169	1	3	2	0	271	149	0.000108151926538
7182	6	0	57	1	185	149	0.408583476791
7200	2	0	0	10	227	149	4.24843801983e-06
7208	4	2	7	15	298	149	0.140129558912
7221	40	75	3	27	153	149	0.00257055288171
7228	15	79	7	32	296	149	0.916596890764
7237	3	12	1	5	204	149	0.611768931042
7238	2	15	0	5	227	149	0.156659844217
7242	5	5	4	0	232	149	0.00048417220646
7244	174	3	39	0	164	149	0.720601543185
7245	2	0	8	1	174	149	0.364098760253
7249	7	1	3	0	207	149	0.546171631362
7252	2	0	2	2	298	149	0.00243371611932
7253	2	0	1	2	172	149	0.00248430609975
7264	4	6	4	3	224	149	0.439906688431
7266	68	30	1	0	298	149	0.00714590992777
7276	5	194	6	112	153	149	0.264923896463
7277	207	1	167	0	298	149	1
7282	0	2	1	254	153	149	1
7283	0	18	3	50	298	149	0.331071573019
7288	2	8	0	4	165	149	0.058192141
7289	5	74	1	12	165	149	0.694962750999
7291	158	284	8	1	254	149	0.000859394725871
7295	0	15	3	22	197	149	0.0544444409126
7302	3	66	3	70	199	149	0.954086960122
7312	5	74	0	19	216	149	0.0894776993766
7321	10	186	1	87	184	149	0.0316530513411
7323	37	2	36	4	217	149	0.334289151477
7324	85	3	59	0	298	149	0.0776362893856
7325	61	35	5	39	298	149	4.26409763055e-09
7333	37	2	40	0	298	149	0.0977837013448
7334	88	1	39	2	298	149	0.202421257245
7343	3	33	0	15	274	149	0.145711864611
7344	2	94	0	44	261	149	0.739402512176
7347	2	15	0	12	165	149	0.092086539296
7348	2	5	0	3	170	149	0.0358910081408
7349	15	5	12	3	154	149	0.700027041149
7364	0	7	4	13	295	149	0.0195029629599
7366	3	0	64	2	256	149	0.26869470035
7368	0	3	8	57	189	149	0.0265046591024
7369	5	47	4	34	188	149	0.946121970521
7370	102	9	5	0	298	149	0.0160021547669
7371	0	3	2	0	298	149	4.86307168146e-06
7374	15	0	13	2	175	149	0.0541212296762
7375	41	746	74	1017	164	149	0.238541759609
7379	28	331	14	146	298	149	0.836495806458
7380	29	59	16	8	298	149	0.00492433817682
7383	692	1	671	3	298	149	1
7384	1	0	16	4	233	149	0.0046502233016
7385	9	0	57	2	170	149	0.355817497114
7386	2	3	2	4	182	149	0.793386978407
7392	0	4	5	57	156	149	0.04210110137
7395	2	222	14	702	179	149	0.27065968061
7396	3	222	60	702	280	149	7.08892775559e-05
7397	3	0	60	10	250	149	0.0104073261039
7399	3	19	17	36	161	149	0.0547579174961
7401	11	583	2	236	298	149	1
7412	173	1	64	2	218	149	0.500769102128
7414	5	0	8	5	298	149	0.000685025111188
7415	27	9	6	2	298	149	0.997662117851
7418	3	1	0	1	298	149	0.00298521913836
7424	3	4	0	8	153	149	0.00283922097317
7425	17	30	19	36	158	149	0.873576904326
7426	0	30	1	36	162	149	0.366980445532
7429	21	40	0	15	196	149	7.34263505218e-05
7431	42	11	33	2	154	149	0.0208165968875
7432	653	3	332	0	164	149	1
7434	1	204	1	66	160	149	0.692664258236
7436	2	0	90	1	186	149	0.716394591505
7438	18	322	4	92	170	149	0.51177876802
7439	14	0	22	1	298	149	0.230104080273
7440	2	2	7	0	298	149	0.00173344711378
7446	257	1	57	0	298	149	1
7453	0	2	4	2	234	149	0.000864280946454
7457	291	1	71	0	298	149	1
7458	3	0	1	7	187	149	2.5783280173e-05
7459	1	0	38	1	191	149	0.311330508069
7461	0	2	2	0	256	149	1.58919231527e-05
7464	593	8	203	0	166	149	0.575792945632
7465	520	2	202	0	298	149	1
7472	26	63	1	18	162	149	0.00345490571548
7474	127	2	98	2	154	149	0.864049475109
7475	39	1225	9	440	274	149	0.190471272425
7476	174	1126	57	956	298	149	4.34159136176e-06
7479	8	0	15	2	298	149	0.0435815906443
7489	49	40	19	13	155	149	0.657901894924
7502	5	0	4	6	164	149	0.000196594458349
7505	20	0	79	1	298	149	0.37033396759
7506	4	0	11	1	298	149	0.498644243244
7507	0	16	5	68	251	149	0.103261269525
7508	6	68	25	59	298	149	0.000479989450744
7509	0	2	1	1	181	149	0.146195569091
7511	7	2	1194	8	190	149	0.0459992966505
7512	12	896	46	4538	160	149	0.767477339701
7513	267	107	121	37	173	149	0.279970617808
7516	0	3	22	207	193	149	0.0372537981715
7524	2	0	11	3	287	149	0.00649654645265
7525	32	2	71	1	233	149	0.20923942532
7534	2	0	8	44	229	149	0.000492323333525
7537	516	1	95	0	239	149	1
7540	5	0	17	2	196	149	0.0888790233826
7541	2	112	0	32	163	149	0.549098886998
7542	2	82	0	28	153	149	0.530576406452
7544	0	4	1	84	298	149	1
7545	19	1307	9	572	153	149	0.905869717073
7549	6	14	1	0	201	149	0.00283592985756
7550	125	31	922	80	202	149	0.000243299085095
7551	11	2153	7	2964	159	149	1
7553	1218	2	2251	0	298	149	1
7563	9	62	4	43	291	149	0.399092184715
7577	24	2	81	0	229	149	0.119974539345
7579	49	57	10	19	158	149	0.243805094003
7581	0	1	3	0	168	149	2.08221149555e-05
7593	6	2	0	2	160	149	0.000296531537849
7594	13	138	10	66	160	149	0.355832549235
7597	0	2	2	31	298	149	0.504922559083
