ID
3
5
8
9
10
12
14
15
16
18
23
25
26
27
29
30
31
42
43
44
47
48
49
51
53
62
63
64
65
67
68
69
70
73
74
75
76
77
78
81
84
85
86
87
88
90
99
101
111
112
113
114
115
116
118
121
122
125
135
136
137
138
139
140
142
145
156
166
167
171
177
179
180
183
184
186
199
208
209
210
211
218
219
227
238
239
240
241
242
249
252
253
257
266
269
270
271
272
273
276
277
279
280
281
282
295
305
306
310
321
322
324
325
326
331
332
333
334
337
338
339
342
344
345
350
351
352
355
356
358
359
361
366
367
369
370
374
375
376
377
378
381
382
383
384
386
387
388
389
390
394
395
396
397
398
399
400
402
403
404
405
406
407
411
412
415
416
420
423
425
426
427
428
437
439
440
441
442
443
444
445
446
448
449
450
451
452
453
454
455
460
461
464
465
467
468
472
473
476
477
478
479
483
485
486
487
488
489
490
491
492
494
495
496
498
499
501
504
505
506
514
515
516
521
522
525
527
529
530
532
534
535
537
538
544
545
552
553
554
556
557
558
559
564
570
571
573
581
583
584
585
586
587
588
594
600
603
604
606
607
611
612
615
616
617
618
624
626
628
629
630
639
646
647
648
649
650
654
655
657
658
663
664
665
668
669
670
671
673
675
676
678
679
680
681
682
683
684
685
686
688
689
702
705
706
709
710
712
714
715
717
718
719
720
723
724
725
726
727
728
729
730
731
732
734
735
740
741
744
745
746
747
748
749
751
753
759
762
763
765
769
770
771
776
777
778
781
782
783
784
789
790
791
792
793
794
797
798
801
802
803
804
807
808
810
811
812
813
817
818
819
820
821
823
824
825
827
830
832
833
836
837
838
842
843
847
848
854
855
858
861
863
864
866
867
868
869
870
871
872
873
876
877
881
882
883
884
885
886
888
893
899
903
904
905
906
907
908
909
910
911
912
913
914
915
916
918
923
925
926
927
928
948
949
951
952
956
957
958
960
964
965
967
968
969
972
976
984
985
986
1004
1006
1007
1008
1009
1010
1041
1043
1045
1047
1051
1052
1056
1057
1058
1061
1062
1063
1065
1066
1067
1068
1069
1070
1072
1073
1074
1076
1077
1078
1080
1081
1083
1088
1089
1090
1091
1092
1094
1096
1097
1098
1099
1100
1102
1103
1111
1112
1118
1119
1120
1121
1122
1128
1133
1139
1141
1142
1145
1146
1147
1149
1150
1153
1154
1156
1157
1158
1159
1160
1161
1162
1165
1166
1170
1174
1176
1181
1182
1183
1184
1185
1187
1188
1189
1198
1199
1201
1202
1204
1208
1209
1211
1212
1213
1216
1217
1218
1220
1221
1224
1225
1229
1230
1232
1233
1234
1236
1237
1239
1241
1242
1245
1247
1248
1249
1251
1252
1253
1255
1256
1257
1258
1265
1266
1268
1276
1277
1278
1279
1280
1281
1282
1284
1285
1286
1288
1295
1297
1299
1300
1301
1302
1306
1310
1317
1319
1320
1321
1322
1323
1328
1338
1339
1341
1343
1344
1345
1346
1347
1351
1352
1353
1355
1356
1357
1358
1361
1362
1363
1365
1366
1367
1371
1372
1376
1377
1378
1381
1383
1384
1385
1387
1388
1389
1390
1391
1392
1395
1396
1398
1399
1401
1403
1404
1405
1406
1407
1413
1414
1415
1417
1418
1419
1420
1421
1422
1423
1424
1425
1431
1432
1434
1435
1439
1447
1452
1453
1454
1457
1458
1459
1460
1461
1462
1463
1464
1465
1466
1468
1469
1470
1474
1475
1476
1480
1486
1487
1488
1489
1490
1491
1492
1493
1494
1500
1507
1508
1510
1511
1512
1513
1518
1519
1520
1522
1523
1524
1527
1530
1532
1536
1539
1540
1541
1542
1543
1544
1545
1546
1547
1559
1566
1567
1568
1574
1575
1577
1578
1579
1580
1581
1582
1583
1584
1587
1588
1589
1590
1591
1592
1620
1622
1625
1626
1627
1629
1630
1631
1632
1633
1634
1635
1636
1639
1641
1642
1650
1654
1655
1661
1662
1664
1665
1666
1667
1668
1669
1670
1674
1675
1676
1678
1679
1680
1681
1682
1683
1684
1686
1687
1689
1692
1693
1694
1695
1697
1699
1700
1701
1715
1716
1720
1726
1727
1728
1729
1730
1735
1738
1739
1740
1741
1747
1748
1751
1752
1753
1755
1756
1757
1758
1759
1760
1761
1762
1763
1767
1768
1769
1770
1773
1774
1775
1777
1779
1781
1782
1783
1784
1786
1790
1792
1793
1794
1795
1797
1798
1800
1801
1802
1804
1805
1811
1812
1813
1814
1815
1816
1817
1818
1821
1822
1826
1827
1828
1829
1830
1831
1835
1836
1839
1840
1841
1842
1843
1844
1846
1847
1848
1849
1850
1851
1852
1860
1861
1865
1870
1871
1873
1874
1875
1881
1882
1883
1884
1886
1887
1888
1889
1897
1899
1900
1903
1904
1905
1911
1914
1915
1916
1923
1936
1937
1938
2023
2024
2025
2026
2027
2028
2029
2030
2032
2033
2035
2036
2037
2040
2041
2044
2045
2048
2050
2051
2053
2054
2055
2056
2057
2058
2059
2062
2063
2066
2068
2069
2070
2072
2074
2077
2078
2080
2082
2083
2086
2087
2094
2095
2097
2098
2099
2102
2103
2104
2105
2106
2107
2108
2111
2114
2117
2119
2120
2128
2129
2130
2131
2132
2133
2134
2136
2139
2140
2141
2146
2147
2151
2168
2171
2172
2173
2174
2175
2176
2177
2179
2180
2182
2185
2193
2194
2195
2196
2199
2202
2203
2204
2205
2206
2210
2212
2214
2215
2216
2217
2218
2219
2224
2225
2226
2227
2228
2229
2251
2254
2256
2257
2258
2261
2263
2264
2265
2267
2269
2275
2276
2277
2279
2280
2281
2282
2286
2287
2290
2291
2293
2294
2297
2298
2299
2300
2303
2304
2305
2307
2311
2312
2313
2314
2316
2317
2318
2319
2320
2321
2322
2323
2324
2326
2329
2330
2331
2333
2335
2336
2338
2339
2343
2344
2345
2349
2350
2351
2354
2357
2359
2360
2365
2367
2371
2373
2375
2376
2377
2378
2379
2382
2383
2384
2386
2398
2400
2403
2405
2412
2413
2414
2415
2416
2417
2418
2420
2421
2422
2423
2424
2425
2426
2427
2428
2430
2431
2433
2437
2438
2439
2440
2441
2442
2443
2444
2445
2447
2449
2450
2451
2452
2453
2454
2455
2459
2460
2461
2462
2463
2469
2470
2475
2480
2482
2483
2485
2486
2487
2491
2499
2500
2501
2502
2503
2506
2508
2509
2510
2511
2512
2521
2522
2523
2524
2525
2526
2527
2528
2529
2530
2531
2532
2534
2535
2536
2537
2538
2539
2540
2541
2542
2545
2546
2548
2549
2551
2552
2554
2555
2556
2558
2559
2562
2563
2564
2572
2573
2574
2575
2576
2577
2578
2579
2580
2581
2582
2584
2589
2590
2592
2593
2595
2596
2597
2598
2599
2600
2612
2614
2622
2623
2624
2625
2626
2627
2628
2637
2638
2641
2643
2649
2655
2656
2659
2660
2661
2662
2664
2678
2679
2682
2683
2684
2685
2688
2689
2690
2692
2695
2698
2699
2700
2701
2702
2703
2705
2706
2707
2708
2715
2716
2718
2719
2720
2721
2722
2723
2727
2728
2729
2733
2734
2735
2738
2744
2745
2746
2747
2748
2749
2754
2755
2756
2757
2758
2759
2760
2761
2762
2763
2765
2766
2769
2770
2771
2774
2775
2777
2779
2780
2784
2785
2810
2812
2813
2814
2815
2816
2817
2819
2820
2821
2822
2825
2826
2827
2828
2830
2831
2832
2833
2834
2835
2836
2837
2838
2839
2847
2848
2849
2850
2851
2853
2854
2855
2859
2860
2861
2871
2874
2882
2884
2885
2887
2888
2893
2894
2895
2898
2899
2901
2902
2904
2905
2908
2910
2911
2916
2917
2920
2921
2923
2924
2925
2926
2927
2932
2933
2934
2935
2941
2942
2943
2944
2950
2952
2954
2961
2962
2963
2964
2965
2966
2967
2968
2969
2972
2974
2976
2988
2989
2994
2995
2996
2997
2998
3003
3007
3008
3009
3010
3014
3015
3016
3017
3018
3021
3022
3025
3026
3028
3032
3044
3045
3046
3051
3054
3055
3056
3057
3058
3059
3060
3061
3062
3063
3064
3065
3066
3067
3070
3075
3080
3094
3095
3096
3097
3098
3100
3101
3102
3103
3110
3112
3113
3114
3116
3117
3118
3119
3120
3121
3124
3125
3127
3128
3129
3131
3132
3133
3134
3136
3137
3139
3143
3144
3145
3146
3150
3178
3179
3180
3181
3182
3183
3184
3185
3186
3187
3188
3189
3190
3191
3192
3194
3195
3210
3212
3213
3214
3215
3216
3217
3218
3219
3221
3222
3224
3225
3229
3230
3232
3233
3234
3235
3236
3237
3238
3239
3240
3241
3242
3243
3244
3245
3246
3247
3252
3253
3254
3255
3258
3259
3262
3263
3264
3265
3266
3267
3268
3270
3271
3277
3278
3279
3280
3281
3282
3283
3284
3287
3288
3289
3290
3291
3292
3294
3295
3296
3298
3305
3306
3307
3314
3315
3319
3320
3321
3324
3329
3330
3331
3332
3334
3335
3339
3340
3341
3342
3343
3344
3348
3351
3352
3353
3354
3355
3356
3357
3359
3360
3362
3363
3364
3366
3370
3371
3372
3378
3379
3380
3382
3383
3384
3385
3386
3387
3388
3389
3390
3391
3392
3393
3394
3395
3396
3400
3401
3402
3403
3404
3405
3408
3411
3419
3423
3424
3425
3427
3428
3442
3443
3444
3445
3448
3449
3450
3454
3458
3460
3461
3462
3467
3474
3475
3476
3477
3478
3479
3482
3484
3486
3490
3491
3492
3493
3494
3496
3498
3500
3501
3502
3503
3504
3506
3507
3508
3509
3510
3511
3512
3513
3514
3515
3516
3517
3520
3521
3524
3526
3527
3528
3529
3530
3531
3532
3533
3534
3535
3536
3537
3538
3543
3546
3547
3548
3555
3556
3564
3565
3566
3567
3568
3569
3570
3571
3572
3574
3577
3582
3585
3593
3595
3596
3597
3598
3599
3601
3602
3603
3604
3605
3606
3607
3649
3654
3655
3656
3657
3670
3671
3672
3673
3674
3675
3676
3677
3679
3680
3681
3682
3683
3685
3686
3688
3691
3695
3696
3697
3701
3703
3704
3705
3706
3707
3711
3712
3713
3714
3715
3716
3717
3718
3724
3725
3726
3729
3730
3759
3761
3762
3766
3767
3769
3770
3771
3772
3773
3777
3778
3779
3781
3782
3784
3785
3786
3794
3797
3798
3799
3800
3801
3804
3811
3812
3813
3818
3820
3821
3822
3823
3824
3825
3826
3827
3833
3834
3835
3858
3859
3862
3863
3865
3867
3868
3869
3872
3873
3877
3881
3888
3889
3890
3891
3901
3902
3903
3904
3905
3906
3907
3912
3913
3915
3916
3917
3922
3923
3924
3932
3933
3934
3937
3938
3939
3940
3941
3942
3944
3945
3950
3955
3957
3958
3962
3963
3964
3965
3966
3967
3969
3970
3971
3972
3973
3974
3975
3976
3978
3979
3980
3981
3982
3983
3984
3985
3986
3987
3988
3989
3990
3991
3992
3993
3994
3995
3996
3997
3999
4000
4001
4002
4005
4012
4013
4014
4015
4018
4021
4022
4023
4024
4025
4026
4051
4054
4060
4074
4075
4076
4078
4080
4081
4082
4083
4084
4085
4088
4089
4090
4091
4093
4099
4102
4103
4104
4111
4112
4113
4114
4122
4126
4133
4134
4135
4136
4137
4139
4142
4143
4145
4147
4148
4150
4151
4152
4154
4155
4158
4159
4164
4165
4166
4167
4168
4175
4176
4178
4179
4180
4181
4182
4183
4184
4185
4186
4187
4188
4190
4193
4194
4196
4197
4198
4199
4200
4201
4202
4204
4205
4207
4208
4210
4211
4215
4218
4221
4224
4226
4229
4230
4231
4232
4233
4234
4235
4236
4237
4238
4239
4240
4241
4246
4248
4249
4250
4251
4255
4256
4257
4261
4264
4265
4266
4268
4269
4270
4272
4273
4278
4279
4280
4285
4291
4298
4302
4303
4304
4305
4306
4307
4308
4309
4310
4311
4312
4313
4316
4317
4318
4319
4321
4322
4326
4332
4333
4334
4335
4343
4344
4348
4349
4351
4352
4353
4354
4355
4360
4365
4380
4381
4382
4384
4390
4392
4396
4397
4399
4402
4403
4405
4406
4409
4410
4411
4412
4413
4414
4415
4416
4417
4434
4435
4436
4437
4438
4439
4440
4441
4442
4443
4444
4445
4452
4453
4455
4456
4457
4458
4460
4461
4463
4464
4466
4467
4468
4469
4472
4474
4475
4476
4477
4478
4480
4481
4484
4490
4491
4492
4493
4498
4503
4504
4505
4506
4507
4508
4509
4511
4512
4513
4514
4515
4516
4519
4520
4521
4523
4524
4527
4529
4530
4531
4532
4537
4538
4539
4540
4545
4546
4547
4554
4556
4557
4559
4561
4562
4563
4564
4565
4566
4567
4568
4569
4570
4572
4573
4578
4579
4580
4584
4586
4588
4589
4592
4593
4609
4610
4611
4631
4632
4637
4647
4650
4651
4652
4653
4654
4655
4656
4657
4658
4666
4667
4668
4669
4670
4672
4673
4674
4677
4678
4680
4682
4683
4684
4685
4686
4687
4690
4691
4694
4695
4697
4698
4699
4702
4703
4704
4707
4708
4709
4710
4711
4713
4714
4715
4717
4718
4729
4730
4733
4734
4735
4736
4751
4752
4753
4755
4756
4758
4761
4763
4765
4767
4771
4772
4773
4774
4776
4777
4778
4780
4781
4787
4788
4789
4790
4791
4792
4793
4794
4795
4796
4797
4798
4799
4800
4801
4802
4803
4804
4805
4806
4807
4808
4812
4814
4825
4826
4827
4828
4829
4830
4831
4832
4833
4836
4838
4839
4840
4841
4842
4844
4845
4846
4847
4848
4855
4859
4860
4861
4862
4864
4865
4866
4867
4877
4881
4892
4893
4895
4899
4903
4904
4905
4906
4907
4911
4913
4914
4915
4916
4918
4923
4925
4929
4931
4933
4934
4935
4936
4941
4942
4943
4944
4945
4946
4947
4948
4950
4951
4953
4954
4956
4958
4960
4963
4964
4965
4967
4968
4969
4970
4971
4972
4973
4975
4976
4977
4978
4979
4981
4982
4983
4984
4985
4986
4987
4988
4989
4995
4999
5000
5001
5002
5004
5005
5008
5009
5010
5011
5016
5018
5031
5032
5033
5034
5036
5038
5039
5041
5042
5043
5044
5045
5046
5052
5053
5056
5057
5058
5063
5064
5065
5069
5070
5071
5073
5074
5076
5077
5078
5081
5082
5083
5084
5085
5091
5092
5093
5094
5095
5098
5099
5100
5103
5104
5105
5108
5112
5113
5116
5117
5118
5119
5120
5121
5125
5126
5127
5130
5132
5135
5142
5143
5144
5145
5146
5147
5148
5149
5150
5151
5152
5153
5154
5155
5156
5157
5158
5159
5160
5161
5162
5163
5164
5165
5166
5167
5172
5173
5174
5175
5176
5177
5178
5179
5180
5181
5184
5185
5186
5188
5189
5195
5197
5201
5202
5204
5207
5208
5211
5239
5240
5241
5243
5244
5245
5246
5247
5248
5250
5252
5255
5256
5259
5260
5261
5267
5269
5270
5272
5273
5275
5279
5280
5281
5289
5290
5291
5292
5293
5294
5295
5300
5301
5302
5303
5306
5307
5309
5310
5311
5312
5315
5317
5319
5320
5321
5322
5323
5324
5325
5326
5327
5328
5329
5330
5331
5332
5334
5335
5336
5337
5338
5339
5340
5341
5342
5343
5345
5346
5348
5349
5350
5351
5353
5354
5355
5356
5357
5358
5359
5360
5361
5362
5363
5364
5365
5366
5367
5368
5369
5370
5371
5372
5373
5374
5379
5388
5389
5391
5393
5394
5395
5397
5398
5399
5400
5402
5405
5406
5411
5412
5413
5414
5417
5418
5419
5420
5421
5422
5423
5424
5426
5430
5432
5433
5434
5435
5436
5437
5438
5445
5446
5447
5448
5449
5451
5452
5453
5455
5456
5457
5458
5459
5460
5463
5464
5468
5469
5470
5473
5474
5475
5476
5477
5478
5479
5480
5481
5482
5485
5486
5488
5489
5490
5492
5498
5499
5501
5502
5503
5504
