IJC_SAMPLE_1	SJC_SAMPLE_1	IJC_SAMPLE_2	SJC_SAMPLE_2	IncFormLen	SkipFormLen
1	4	0	4	193	204
0	6	2	9	298	204
27	12	3	6	203	222
6	7	3	2	298	295
6	7	2	2	271	295
39	10	20	0	245	294
19	5	33	9	298	217
435	1993	926	526	246	219
5	48	14	7	254	231
119	98	10	15	294	234
4	56	0	5	209	221
3	6	0	2	211	294
2	118	0	13	211	221
3	6	0	2	294	294
113	4	4	0	210	210
113	4	4	0	210	298
89	23	4	2	210	264
38	2	12	4	275	298
0	21	23	39	233	245
0	9	15	5	298	220
4	142	55	127	228	220
5	374	54	148	228	235
108	373	78	150	220	235
5	177	9	33	216	298
443	386	289	203	229	211
0	11	8	7	298	298
5	0	14	10	298	298
3	0	8	8	275	298
7	0	19	2	219	186
2	2	27	5	247	273
2	2	0	5	223	273
2	2	0	27	223	247
0	2	3	20	258	247
0	147	3	77	203	298
53	73	21	25	294	197
12	2	22	1	297	298
5	2	16	0	297	187
12	2	22	0	297	187
7	0	2	7	298	298
21	56	5	6	201	241
20	5	18	15	277	298
9	3	27	11	298	298
2	1	1	3	269	298
108	221	87	122	264	281
0	2	19	95	219	298
6	1	2	2	270	260
20	3	2236	1484	272	298
0	2	370	198	298	212
22	6	23	0	260	254
9030	13945	9	30	244	298
8467	13901	6	30	276	298
8512	9508	6	14	276	244
7547	9500	11	14	298	244
7562	12581	11	15	298	276
2	81	4	139	298	294
31	5	1	1	241	191
30	5	1	0	241	281
49	2	34	0	298	242
10	1	4	2	298	298
14	1	4	2	275	298
180	4	20	0	275	258
0	7	9	23	181	208
50	20	6	17	199	232
34	14	4	10	199	199
1	2	5	0	242	270
1	0	9	2	265	288
95	43	43	40	272	298
0	4	6	5	298	298
13	4	8	3	298	253
8	130	62	87	202	240
4	2	25	9	266	232
22	7	95	11	288	288
9	14	1	0	241	276
0	4	4	44	266	298
0	3	4	62	266	298
0	9	5	52	200	232
9	11	192	164	298	298
301	258	110	107	245	218
652	12	237	4	245	230
34	308	12	105	175	245
32	13	11	9	175	245
125	192	100	103	253	247
98	2	63	57	249	258
0	2	1	4	263	298
91	0	565	773	245	298
460	21	1196	15	279	197
184	179	12	12	242	254
16	570	70	1101	260	279
16	279	70	486	260	298
9	2	28	24	292	278
69	675	40	188	240	291
285	2	83	0	222	221
32	0	361	5	235	298
127	301	158	288	285	295
38	8	66	5	287	279
29	870	68	294	287	279
788	538	209	222	279	235
2	6	0	6	192	203
26	0	20	2	180	298
212	326	45	80	263	278
238	236	65	146	278	298
11	33	145	141	298	298
32	90	7	10	195	230
105	38	16	7	273	195
54	13	16	4	232	232
68	26	20	31	252	298
44	28	7	11	284	255
17	56	7	12	248	246
21	4	36	104	225	289
15	3	3	2	298	152
2	3	0	2	298	152
44	53	59	33	257	222
39	53	53	33	249	222
0	86	58	92	245	257
279	304	43	79	298	257
99	91	17	13	219	246
144	122	25	24	246	291
1	4	75	112	298	277
8	0	87	72	277	298
8	0	87	72	277	267
8	0	87	69	277	250
29	46	9	6	298	276
97	109	17	30	248	284
0	15	4	3	298	244
554	113	46	5	297	218
1881	546	354	238	259	226
1889	546	363	238	272	226
47	2	12	14	235	264
32	48	9	12	204	241
8	32	3	20	182	254
984	83	1467	1623	254	271
143	103	34	24	298	298
1	0	58	31	298	298
1	0	58	10	298	298
0	819	4	1123	298	257
572	80	751	745	298	298
150	136	58	62	244	269
99	109	23	29	238	298
18	7	0	3	297	298
599	1001	19	38	227	241
780	598	25	30	269	227
45727	72011	10178	11927	246	298
22203	121682	13909	18869	298	298
57199	121654	14957	18858	298	298
57204	28180	14973	9223	298	246
40	14	26	10	206	172
75	41	32	30	212	206
2	105	0	60	193	186
178	191	65	84	260	298
143	181	83	57	298	260
82	122	19	30	226	250
19	24	8	7	290	298
30	21	4	7	298	298
31	14	4	9	298	290
330	225	213	136	285	240
308	19	194	83	266	211
34	33	24	24	298	230
25	14	19	23	278	298
51	12	24	10	274	200
19	44	13	28	217	274
12	10	12	9	216	210
132	666	42	96	298	250
1	7	7	13	247	278
53	12	3	0	263	221
163	472	45	140	228	298
10	4	15	0	298	208
0	4	5	6	287	211
6	3	2	6	201	200
0	2	4	0	273	221
36	106	43	214	203	278
6	10	2	0	293	293
7	20	2	3	293	221
41	26	6	9	221	293
1	0	13	14	296	262
2	48	56	38	266	280
89	59	102	40	262	218
16	11	85	123	288	291
25	19	17	20	269	270
27	19	20	17	278	270
51	28	20	61	180	276
97	77	68	67	247	278
31	113	26	57	239	298
0	6	1	37	193	254
0	6	1	37	201	254
1	13	0	8	176	298
2	13	0	8	176	298
0	14	1	8	176	298
0	4	2	3	188	176
27	4	1	3	234	176
25	2	8	2	298	176
11	25	6	11	238	222
65	67	57	53	287	264
44	45	13	9	245	272
4	0	11	1	298	214
16	55	20	52	199	297
1	4	0	10	225	266
154	110	155	352	266	272
0	2	96	7	264	295
44	3	45	14	298	274
2	2	22	17	298	212
23	366	1	39	252	298
53	151	9	23	227	298
2	13	8	33	197	227
2	2	0	10	231	212
5	294	7	117	191	298
41	42	30	26	261	213
49	110	39	58	298	290
8	110	12	58	213	290
60	110	25	59	213	290
136	148	90	63	297	248
139	181	72	34	298	269
209	161	67	49	298	273
82	258	27	87	247	298
8	160	27	42	252	247
6	341	0	120	203	234
3	2	192	14	235	235
0	12	2	8	157	224
5	3	10	3	251	244
19	30	3	6	228	293
7	3	5	12	236	265
0	5	2	5	298	298
0	5	2	5	298	298
0	5	2	17	298	298
36	0	47	17	298	266
1	5	13	15	263	298
1	13	13	22	263	263
8	8	0	6	256	263
9	11	3	4	266	196
0	3	19	16	298	266
38	42	30	14	298	272
17	459	73	180	229	213
22	29	18	18	195	209
10	167	3	44	298	221
70	4	7	0	298	206
39	4	107	26	298	298
1	40	0	110	263	298
12	381	407	165	251	251
2	0	0	2	294	295
4	0	0	2	275	295
66	24	75	45	285	242
40	0	12	18	266	291
144	17	150	195	298	294
4	0	5	11	186	298
4	0	5	1	247	254
18	4	50	28	298	245
34	61	57	97	298	245
12	0	6	24	224	203
6	15	58	48	223	265
75	36	59	70	298	293
0	36	1	16	298	273
102	1388	48	296	272	298
1527	975	354	271	298	244
610	663	330	301	298	298
1	166	0	163	240	240
0	3	2	9	247	270
64	0	41	2	298	270
0	1	118	29	251	210
16	0	13	6	247	298
2	4	222	188	298	298
0	16	14	180	211	281
2	9	8	13	220	179
0	2	12	19	220	298
3	2	0	3	271	230
19	3	9	15	218	182
13	25	27	36	252	233
11	80	3	45	241	249
16	82	11	29	298	260
33	16	21	17	279	246
0	19	75	30	188	298
57	0	95	50	209	176
18	2	32	2	176	209
11	79	53	19	298	206
153	66	60	32	281	287
0	2	6	273	199	298
5	2	2	0	298	271
7	2	3	0	298	271
1	0	0	2	253	298
0	11	4	10	185	235
10	0	11	1	298	249
183	76	114	53	261	221
11	56	2	2	185	268
94	23	168	51	203	215
133	308	131	248	204	282
1	33	1	1	276	224
21	33	17	44	233	264
13	126	30	25	298	298
970	1146	462	529	218	232
25	596	6	345	251	218
35	29	7	10	245	216
49	46	63	144	222	298
2	0	0	2	285	298
328	196	41	17	298	219
178	310	20	30	298	298
7	328	5	42	228	298
217	235	79	76	242	256
392	171	130	48	298	191
205	459	85	114	230	295
9	10	3	4	272	277
294	89	98	39	298	212
2	224	2	636	208	244
4	4	7	0	298	254
0	4	5	0	297	254
4	0	2	1	298	298
27	0	50	1	230	298
27	4	50	2	230	298
42	30	16	14	252	292
1119	12	69	35	298	298
5	106	1	49	250	298
84	24	27	2	268	186
671	204	195	22	271	298
48	6	40	5	202	206
21	42	0	3	232	298
128	2	2	0	211	237
13	3	14	0	294	264
23	38	7	18	205	246
40	28	31	7	298	247
0	93	1	16	249	278
87	94	19	17	249	278
81	78	32	14	298	249
80	11	37	2	219	238
47	75	10	42	219	282
61	68	23	108	221	218
169	103	71	61	267	211
11	10	17	18	298	266
4	22	21	12	298	277
29	38	22	15	292	234
116	193	31	45	203	290
168	127	22	25	222	250
69	137	54	128	233	260
143	52	84	33	251	200
0	120	4	183	266	298
176	20	21	10	214	220
176	87	21	26	214	298
1	25	0	8	246	282
0	1	4	3	224	280
23	206	222	173	298	295
111	16	16	1	298	279
4	2	6	1	243	200
7	5	2	3	190	219
2	0	13	11	298	251
6	3	4	1	270	237
57	44	32	18	203	198
53	57	30	18	203	215
6	2	2	0	298	243
2	1	1	0	298	243
2	202	1	64	298	198
1	202	0	64	243	198
72	61	25	20	198	215
3	54	2	28	215	220
76	54	22	28	215	220
8	19	2	7	176	194
6	0	103	53	298	225
2	2	1	4	263	251
4	40	1	105	193	298
19	40	10	105	279	298
9	40	3	98	279	298
8	25	7	9	205	237
20	25	14	9	219	237
8	334	11	23	298	298
27	70521	842	23158	298	298
2	83035	0	22290	253	298
25	50	15	30	238	276
62	84	139	185	266	298
32	48	85	98	225	250
136	65	84	36	264	190
405	88	141	27	298	224
417	39	140	19	298	224
125	115	51	84	224	298
141	0	29	49	230	275
4	31	0	3	189	204
4	56	2	10	189	204
19	14	37	17	290	217
10	4	1	2	254	221
2	2	4	11	200	244
63	233	241	97	290	206
115	45	25	27	298	298
90	0	8	2	216	191
67	1	11	0	216	185
153	24	98	27	298	218
0	15	1	7	233	298
29	48	0	4	207	242
156	2	19	0	242	188
44	12	3	14	248	284
226	720	198	166	234	209
158	68	156	111	257	298
80	53	19	15	233	233
63	141	30	32	298	233
39	24	12	12	220	205
87	49	11	8	298	266
1	16	0	7	273	215
588	278	214	205	298	236
779	803	489	313	298	298
27	133	98	65	298	216
5	190	1	55	273	298
4	280	10	74	220	238
104	180	36	40	238	240
256	301	65	55	240	272
256	206	65	42	240	213
256	205	65	41	240	237
251	205	67	41	272	237
224	258	21	88	237	239
0	21	2	340	229	298
168	1	79	5	262	197
2	3	5	0	288	247
2	3	5	3	288	271
1	0	2	3	260	268
21	0	12	1	237	212
7	0	18	1	298	212
7	21	18	12	298	237
72	182	341	120	279	182
13	32	0	3	207	281
108	7	10	0	298	176
30	5	9	4	198	191
21	10	7	0	281	232
159	50	64	17	298	221
131	106	29	37	298	298
48	144	16	41	267	298
112	125	14	17	220	298
3	105	0	22	219	228
173	132	89	63	287	298
1	129	0	60	287	298
91	125	72	62	230	287
82	875	9	130	236	239
16	6	32	5	251	283
157	4421	788	3321	245	298
155	91	60	80	253	298
97	71	47	31	297	240
53	1	35	2	243	289
3	304	5	131	298	298
80	291	37	119	298	298
6	2	10	14	298	298
15	45	9	10	197	261
1	66	155	273	201	282
38	1	14	4	248	213
5607	7360	366	485	255	240
6	8	7	12	224	206
24	18	10	4	224	188
60	36	0	1	298	298
111	36	1	1	298	298
15	0	51	14	232	199
304	41	123	28	229	229
142	80	37	6	298	298
5	1063	270	550	248	288
0	781	9	558	288	290
1065	646	572	360	290	239
66	83	23	15	298	298
35	86	73	75	298	224
157	59	109	104	237	238
1	59	0	104	182	238
196	203	294	131	298	243
6	92	23	38	251	287
25	42	11	35	275	277
4	70	5	16	264	275
19	38	5	18	298	298
0	303	3	178	226	240
71	150	124	149	226	251
6	42	35	92	268	297
79	109	92	63	257	298
2	0	11	4	233	298
0	2	8	5	251	298
63	36	48	40	231	232
4	4	2	1	246	261
59	34	8	6	212	298
252	195	67	49	298	263
85	62	247	172	293	298
137	281	48	80	228	263
42	368	15	96	248	248
20	19	4	1	264	266
13	290	225	773	282	298
557	195	523	760	241	298
318	16	620	12	298	297
318	290	620	773	298	298
314	197	621	759	298	298
16	290	12	773	297	298
595	512	26	8	283	245
417	863	11	28	240	283
759	551	14	23	257	240
1	16	3	4	238	298
5	11	5	4	289	298
8	4	5	0	289	238
0	1	4	5	227	215
1	1	10	5	281	215
2	1	13	12	298	298
28	69	57	32	260	230
30	70	57	34	260	259
30	4	48	56	227	278
0	18	2	89	198	298
0	19	1	88	198	298
2	162	3	61	158	257
257	200	73	93	238	228
236	179	100	79	242	236
580	529	367	313	288	298
587	348	407	407	289	288
13	0	56	30	245	212
0	49	307	122	298	245
59	9	161	63	249	240
1	3	4	2	215	237
11	0	7	2	215	266
8	0	20	23	207	230
32	23	16	16	233	219
13	91	5	14	271	255
1	76	0	23	232	232
2	142	4	39	232	232
1	4	0	2	298	232
20	20	2	12	202	236
159	263	65	70	255	238
117	112	40	46	203	264
115	4	40	0	203	264
8	35	9	17	218	185
29	170	21	56	195	298
5	15	0	5	256	298
2	85	4	32	225	286
49	21	14	4	233	178
40	57	22	24	196	221
68	99	28	47	236	298
0	39	2	18	227	182
53	350	88	119	191	206
168	586	98	236	206	263
641	483	228	179	263	230
496	585	192	169	230	218
1	10	2	1	298	248
2	26	0	6	226	232
73	17	50	18	298	298
1	10	3	3	229	214
861	1109	555	660	201	221
76	200	38	71	233	283
18	6	5	0	215	267
15	4	5	0	267	262
15	2	5	0	267	286
15	13	5	24	267	219
4	13	0	24	262	219
2	13	0	24	286	219
21	2103	203	853	298	298
3	836	88	1251	289	286
1	0	6	2	207	191
160	103	41	43	282	298
5	788	4	676	213	222
6	107	1	72	253	298
65	79	39	32	298	298
12	10	1	0	248	230
3	30	6	11	293	272
3	0	8	1	189	192
210327	207535	18995	18915	298	263
190386	136382	17088	14246	263	275
8	32	18	4	298	298
1	12	0	9	188	254
1	12	0	9	197	254
195	1	60	0	226	166
34	24	19	19	279	267
42	33	25	9	267	228
3	31	20	913	298	298
359	587	233	278	262	261
84	57	25	34	294	298
441	336	163	118	298	256
2134	5543	174	274	294	291
4944	5540	234	276	298	291
18	0	76	21	274	213
39	28	20	8	298	256
114	26	54	23	279	225
6	0	6	20	202	298
6	30	7	11	193	199
836	792	2	3	276	234
115	23	30	3	269	274
203	217	92	124	298	269
19	24	9	20	294	298
80	6	5	13	273	246
18	34	19	32	298	298
63	57	33	15	298	263
0	1	21	2	242	298
16	34	3	9	243	276
35	25	19	6	276	213
294	259	76	80	235	194
498	472	107	105	224	235
2706	431	336	35	298	176
47	2	11	0	298	298
56	45	11	13	298	281
0	2	126	104	263	203
120	0	25	1	264	294
6	3	0	1	260	205
124	249	77	100	210	257
197	126	69	100	211	252
97	119	72	56	200	211
73	96	89	34	203	200
1	131	5	371	298	284
102	131	310	371	298	284
13	0	25	25	251	220
38	124	13	19	248	298
13	3	9	8	239	206
15	12	18	12	298	272
0	1	2	5	203	170
16	3	2	7	247	296
73	76	37	23	272	298
79	3	17	0	221	276
5	1	2	0	212	298
11	2	13	9	233	295
80	178	22	28	223	253
5	2	18	25	246	237
6	2	10	10	265	298
2	2	3	9	265	298
7	2	26	9	246	298
7	2	26	3	246	265
2	3	4	5	252	183
55	65	23	13	234	236
4	780	4	153	194	266
23	0	12	1	188	242
4	0	929	817	227	227
4	5	700	1084	227	298
4	3	700	1017	227	212
0	4	841	938	227	202
0	9	6	14	253	253
417	560	65	106	262	298
80	326	58	60	298	246
1	431	10	523	298	298
2	9	0	2	233	298
12	17	10	7	254	298
78	53	45	41	193	287
83	121	49	70	193	287
48	3539	30	965	173	170
717	601	514	435	287	245
663	1133	216	391	216	255
2	17	2	0	242	272
356	216	82	36	298	298
2	0	4	16	227	254
120	7	87	2	272	275
170	131	106	85	275	293
223	8	148	3	228	234
223	519	148	556	228	230
613	445	126	115	273	275
3	36	8	17	282	194
962	1522	462	463	287	266
1273	1925	426	616	256	287
1282	911	417	411	281	256
10	11	19	15	237	298
1	26	29	25	298	239
3	81	662	1388	224	298
3	6	662	6	224	176
1450	85	311	121	200	188
1450	163	311	225	200	203
22	21	2	14	273	298
4	20	3	13	273	298
0	7	8	9	227	200
0	12	8	12	227	288
1	12	0	12	277	288
877	684	301	400	269	298
769	680	299	312	241	269
219	167	116	128	288	230
0	240	2	126	272	231
86	29	1	3	224	183
96	59	95	76	298	298
101	35	71	74	298	298
0	2	1	2	194	182
110	74	74	49	298	298
2	1	1	0	298	265
139	3	129	3	298	247
66	2	81	2	298	247
73	80	34	31	242	263
1300	2541	46	111	237	298
3949	2713	136	140	281	237
4	185	6	269	291	224
149	185	373	269	298	224
100	120	39	47	246	298
100	80	39	34	246	233
85	182	45	46	298	298
3	182	4	46	233	298
6	0	27	2	298	298
187	1	89	5	246	203
3	190	25	285	290	253
185	427	142	424	217	271
4	4	23	29	298	298
1	0	2	1	206	298
58	56	65	86	257	256
65	68	143	95	298	257
50	62	60	89	209	257
67	53	114	132	296	282
53	14	84	21	262	298
36	0	66	3	262	247
4	1	16	4	197	262
458	441	48	103	251	298
63	359	40	45	298	251
0	51	2	500	298	241
0	3	2	132	298	226
2	0	227	122	298	223
2	42	1	14	190	247
114	110	74	53	298	298
3	2	4	0	243	241
4	0	3	4	247	273
22	22	15	4	217	240
19	35	13	16	217	284
398	18	324	316	298	298
226	45	359	233	276	298
1	6	1	2	271	258
27	50	8	14	280	268
37	23	8	10	244	204
2	24	1	1	222	244
44	6	16	4	279	253
0	4	2	4	298	298
1	68	2	28	254	298
47	68	15	28	257	298
143	44	9	13	206	297
246	18	48	0	216	298
108	12	24	0	298	216
52	64	9	21	270	298
59	3	5	0	249	183
90	16	13	5	246	183
123	16	14	5	249	183
97	36	35	1	298	216
77	1	24	0	264	298
77	94	24	19	264	298
3	16	19	61	249	298
121	72	23	24	249	298
5	0	0	2	265	298
286	0	129	159	224	287
214	5	70	0	223	211
112	66	42	25	294	203
112	79	42	33	294	205
18	76	5	27	294	205
70	76	28	27	263	205
70	18	28	5	263	294
72	206	34	41	263	294
109	99	43	35	298	263
32	76	4	33	193	298
13	21	14	6	298	298
0	93	1	54	245	271
33	97	82	71	286	241
33	102	82	72	286	245
6	12	1	11	217	193
11	12	10	11	286	193
787	61	1823	52	298	284
787	3	1823	4	298	242
9661	7432	2187	2469	298	298
37	7	20	2	247	179
8	74	11	19	288	225
222	64	40	16	298	208
258	82	64	74	232	298
5	47	34	63	235	238
203	179	30	32	239	242
196	233	30	41	239	276
205	242	28	41	242	276
2	62	0	40	232	256
2	139	0	94	232	282
47	76	26	47	238	296
9	116	2	48	195	209
1	0	2	3	233	289
12	4	3	0	298	233
29	66	5	14	199	242
125	66	25	14	199	242
26	64	5	14	199	242
15	89	1	32	205	199
1	47	0	3	233	289
38	34	80	28	298	186
117	197	57	133	267	298
162	199	58	90	298	267
9	195	1	91	298	267
4	129	0	66	298	298
47	0	22	2	296	254
390	621	99	138	240	255
565	456	149	131	255	243
145	82	24	14	240	192
50	202	27	36	247	259
35	28	2	27	243	281
133	432	49	204	192	298
664	528	393	294	298	227
90	91	39	27	244	282
84	0	39	1	244	282
114	79	34	28	282	236
43	54	9	19	249	298
32	13	17	3	280	200
35	4	2	16	255	298
5	192	0	30	287	202
16	71	1	10	174	232
10	6	10	4	208	228
11	6	15	4	234	228
9	8	6	14	203	298
22	89	29	56	293	275
351	135	47	21	279	224
152	286	21	37	224	239
78	69	41	36	260	254
0	2	8	1	260	240
31	76	17	36	200	236
2	6	0	2	290	284
2	2	0	1	290	298
7923	766	247	33	227	227
98	248	4	12	284	206
317	138	366	289	267	203
140	289	268	306	298	298
8	137	30	88	295	298
3	83	0	21	232	298
200	192	132	82	243	250
0	2	27	18	298	249
17	180	28	63	199	220
145	96	118	170	298	298
243	150	36	8	297	221
172	299	43	104	231	298
74	979	85	282	268	270
74	4	85	2	268	289
9	15	2	0	285	246
332	73	63	44	256	289
26	27	20	27	234	298
2	1	0	8	239	220
23	59	11	12	285	298
17	6	7	6	276	298
11	1518	110	1048	209	298
11	995	109	770	209	273
203	143	85	80	298	298
23	3	5	2	298	298
89	4	159	139	298	298
2	17	12	149	298	298
14	21	125	147	298	298
223	8	64	0	255	278
105	8	24	0	265	278
101	107	37	33	255	291
101	36	37	12	255	202
369	126	38	11	298	226
15	12	9	4	263	298
14	10	4	5	298	263
49	157	32	27	298	298
45	5	25	38	194	219
38	8	7	0	200	200
46	10	13	0	200	212
30	61	5	22	200	209
6	21	1	2	200	212
542	567	227	200	259	221
4	567	3	200	284	221
20	1	62	84	202	220
32	35	12	16	271	281
65	94	24	6	266	218
0	75	104	347	214	254
0	58	104	199	214	214
2	4	261	294	254	244
7	2	241	265	223	294
0	3	18	136	298	298
57	162	82	94	189	182
125	136	20	10	298	298
4	100	20	31	257	298
107	93	34	28	235	232
12	40	63	107	235	236
12	28	5	10	200	251
16	68	11	19	245	298
563	85	223	244	254	298
53	681	175	268	261	254
3	9	2	0	242	203
392	443	96	137	232	229
4	82	43	50	298	218
13	8	25	4	260	256
125	173	47	71	233	298
118	47	34	7	271	197
26	166	5	67	184	253
249	63	71	72	287	298
222	111	85	46	298	208
133	189	41	91	208	298
269	197	78	77	277	298
11	25	13	28	258	298
65	215	211	152	224	227
0	1	9	12	260	248
6	17	14	53	198	227
0	8	34	28	256	236
22	17	13	27	271	295
27240	1872	206	193	298	298
187	153	6	0	250	289
4	9	2	2	298	279
0	29	5	5	204	252
61	136	66	163	245	298
244	88	140	56	298	192
0	88	1	56	188	192
171	40	82	9	254	195
273	282	124	163	298	272
0	18	4	8	197	298
199	708	193	927	194	191
177	455	191	466	194	188
2	356	1	342	188	185
0	356	1	342	188	185
312	386	428	453	185	213
17	10	1	2	298	298
17	4	1	1	298	298
58	41	41	69	194	229
32	3	49	102	241	298
0	2	1	2	229	188
197	209	1	1	298	232
233	177	2	4	252	220
0	12	10	7	214	257
1	1	30	6	298	226
8	3	12	2	221	298
467	29	37	6	272	269
467	528	37	81	272	298
29	528	6	81	269	298
15	3	67	3	237	251
1	1348	0	379	280	258
1220	987	236	297	258	290
1687	1287	505	382	290	245
347	428	97	103	188	206
2	7	0	1	237	252
168	564	32	24	259	298
0	43	36	109	273	298
8	7	30	17	266	204
8	1	30	42	266	259
8	1	30	59	266	298
0	6	1	0	287	293
10	8	49	19	266	251
12	4	0	1	298	262
0	38	3	68	221	221
5	332	128	215	251	237
5	4	2	1	298	298
38	60	10	15	232	246
8	36	9	9	178	232
306	205	40	16	292	298
14	178	11	133	258	298
452	340	116	111	290	293
458	17	117	11	290	293
412	302	132	80	293	298
209	69	73	33	298	256
270	6	64	9	273	185
5	73	3	33	298	256
57	22	12	3	298	223
105	587	20	124	209	267
72	73	41	25	234	215
55	72	10	24	192	215
58	45	18	19	197	218
24	66	6	20	225	226
1111	978	147	124	298	245
1	5	5	18	198	191
112	1736	434	597	298	246
0	8	26	8	272	199
0	4465	17	1242	298	298
0	9	11	15	191	223
15	213	8	88	210	267
3	122	3	52	210	267
85	122	15	52	223	267
12	10	0	8	273	262
85	3	15	3	223	210
12	29	0	25	273	210
176	7	43	9	223	210
61	24	24	31	242	251
95	1039	273	580	244	263
638	587	69	93	298	298
45	27	14	28	293	283
2	26	5	16	256	251
0	26	2	16	298	251
0	21	9	1	235	269
0	186	1	57	190	253
151	7	3	0	298	245
114	160	8	1	258	298
103	45	2	6	258	258
32	2	185	1	291	197
8	4	41	24	209	215
1	7	0	5	239	229
0	5	2	8	265	235
78	42	28	8	201	199
164	13	97	3	298	232
75	103	43	71	272	298
2	0	6	14	291	298
3	9	13	3	233	291
22	0	205	205	262	298
1	0	28	2	298	294
12	27	17	25	298	298
3	27	4	25	262	298
94	59	30	13	267	233
19	196	16	63	175	239
171	401	48	126	239	238
4	3	0	1	204	245
7	1	4	2	245	298
0	2	2	0	270	225
6	2	9	1	298	298
18	7	18	4	298	298
1	2	2	5	243	298
1	2	4	4	261	298
0	2	2	5	261	298
1	2	4	4	261	298
0	2	2	4	261	298
1	2	2	4	243	298
1	0	2	2	243	261
2	0	4	1	243	298
13	56	9	20	207	270
17	2	26	0	254	221
17	71	25	99	254	255
464	288	74	150	233	298
659	794	135	187	294	292
5	15	4	17	222	222
3	185	0	80	298	298
5	0	5	2	249	211
56	68	59	34	298	287
66	38	26	27	287	267
58	64	27	30	267	298
0	4	4	26	236	234
3	64	28	64	234	280
0	19	4	35	208	243
52	26	23	22	298	233
58	29	28	22	296	298
4	46	0	4	204	260
15	42	0	9	241	215
132	93	64	93	298	279
120	17	110	76	279	298
46	5	4	1	223	223
1	0	0	262	185	298
2	12	12	30	234	296
2	0	0	2	298	212
962	1014	332	228	285	298
221	517	60	142	245	245
0	2	99	446	211	298
0	13	10	18	298	298
0	117	92	564	277	239
10	18	5	3	294	220
54	1	3	0	161	225
330	14	83	12	227	298
183	320	44	72	216	290
259	298	46	76	250	281
233	323	93	85	281	298
188	214	64	41	245	222
46	55	24	20	258	227
46	74	24	34	258	270
41	112	41	32	263	221
99	69	50	26	238	228
99	9	50	0	238	228
49	133	24	47	228	287
130	1	47	0	204	240
8	117	0	5	207	298
124	2	23	7	216	291
8	8	3	1	263	298
10	1	3	1	239	281
221	246	431	356	298	298
36	60	16	24	282	293
60	60	28	23	268	293
62	274	45	46	275	298
23	13	0	6	235	298
211	161	101	102	256	218
154	104	276	249	298	240
31	109	119	278	298	237
8	106	2	94	298	256
8	91	4	31	271	298
88	104	50	39	255	298
476	2929	877	892	275	298
42	103	864	667	298	275
24453	12611	1019	829	298	298
19538	2994	973	205	298	298
61	21	17	11	298	290
196	1476	188	253	298	298
315	365	2875	5118	227	298
445	256	5171	4665	298	271
8	26	23	46	216	251
42	23	66	39	257	212
42	7	63	0	257	212
20	28	51	51	212	298
83	4	51	2	273	227
61	49	38	22	298	273
124	161	60	67	293	298
8	49	18	56	209	298
1	49	9	47	191	298
18	49	16	47	196	298
1	42	9	47	191	298
18	42	16	47	196	298
126	234	29	56	261	298
118	92	27	17	261	238
7	77	3	9	238	265
1	291	20	683	253	257
1	0	13	6	280	216
90	101	16	21	298	298
135	1	96	3	280	298
0	17	66	81	278	298
2	7	0	2	298	298
29	26	5	4	298	298
6637	3	5007	6	298	238
6637	929	5011	2687	298	238
1491	2646	3732	3694	257	298
1	3	11	0	295	238
106	200	46	124	233	207
18	166	66	168	192	248
62	184	4	8	213	298
6	2	0	2	224	245
190	4	110	0	298	243
186	364	55	85	242	280
275	117	110	36	280	209
5	9	2	1	243	298
100	24	103	213	233	262
94	34	17	7	272	298
2	1	2	0	235	298
53	14	9	2	298	264
33	14	11	2	298	264
33	53	11	9	298	298
85	17	46	46	264	229
53	9	28	23	263	245
35	11	18	2	200	286
8	90	3	69	284	284
15	1265	80	150	207	221
545	3133	136	391	221	281
490	4	132	1	221	281
1781	2642	276	205	281	214
2821	2704	520	747	252	279
0	169	2	154	298	237
46	1	70	8	237	203
96	8	31	47	203	273
0	94	2	53	242	254
124	207	185	160	244	276
203	249	197	54	236	298
33	89	34	38	225	251
0	1	2	11	197	239
58	20	18	18	283	298
61	28	37	19	243	298
131	52	54	13	298	218
1	3	0	5	276	298
4	3	0	5	279	298
147	72	54	24	298	254
35	50	25	19	206	212
19	30	8	25	298	278
29	63	7	37	278	251
13	44	12	5	240	280
118	1	33	36	224	232
67	52	15	32	211	257
153	123	37	33	298	298
2	4	0	30	233	191
94	98	62	63	253	225
6	0	34	5	298	298
262	289	35	34	213	245
183	2	29	0	224	265
504	145	351	317	239	290
110	130	41	83	247	294
194	116	89	35	294	254
29	21	13	23	242	289
53	24	17	7	298	242
22	7	10	3	228	247
24	55	11	23	228	298
4	0	1	1	265	228
8	1	4	1	265	228
8	33	0	19	265	228
4	3	3	2	298	170
11	11	66	48	257	215
0	4	5	3	232	298
12	27	34	45	298	266
12	0	34	2	298	298
4	2	45	51	266	298
90	521	64	271	194	263
400	379	162	127	248	245
3	154	61	160	262	256
60	65	34	79	181	231
134	160	91	185	231	298
103	334	110	236	298	298
5	334	7	236	298	298
2	3	0	1	240	272
49	72	10	9	298	298
17	1	10	0	217	239
85	230	208	154	251	209
109	200	61	143	179	200
260	95	174	93	200	188
9	213	4	102	241	295
183	2	104	0	271	241
259	20	30	15	188	227
143	4	70	13	239	298
4	60	14	21	267	196
52	31	3	2	279	297
82	153	26	33	298	278
101	126	19	20	251	298
0	158	2	43	274	246
0	1	2	135	186	298
37	70	6	17	239	293
109	82	15	10	281	239
72	48	7	18	264	281
39	72	8	16	210	264
5	45	91	143	215	254
3263	2932	386	380	290	246
3921	3698	509	471	296	290
2785	3411	395	398	251	296
30	3400	4	398	251	296
3718	3272	410	398	298	251
4694	2924	610	360	270	298
4749	4653	612	527	270	298
4348	3592	589	414	298	270
1544	4915	249	646	228	298
4	11	0	6	193	298
51	26	31	25	227	259
58	19	27	22	262	227
1	22	0	14	221	258
17	22	21	14	227	258
37	1	22	0	262	227
40	9	24	5	262	227
28	18	24	25	291	262
17	40	37	28	280	291
0	40	12	30	202	291
37	10	534	155	230	191
9	5	1	1	239	209
790	1227	489	741	298	274
97	80	10	42	212	298
36	11	15	8	228	271
5	0	25	4	298	220
5	0	25	2	298	247
7	0	25	1	298	220
7	0	25	2	298	247
7	15	25	21	298	271
7	11	25	7	298	247
5	6	25	14	298	271
5	0	25	1	298	226
0	15	1	21	220	271
0	11	1	7	220	247
2	11	1	8	220	271
0	15	2	21	247	271
0	11	2	7	247	247
4	0	13	2	271	226
6	0	14	1	271	226
31	223	45	92	290	284
20	37	5	17	283	298
65	149	54	139	244	282
95	106	83	115	230	244
76	205	10	65	215	298
186	76	70	11	298	197
80	143	138	109	298	244
12	6	9	8	298	263
4	0	3	10	242	298
0	1	2	0	298	298
114	130	109	97	246	260
62	42	40	15	222	241
0	15	1	16	197	298
326	478	4	2	252	278
829	20	251	14	223	242
832	11	246	7	223	242
28	0	226	4	298	236
17	43	6	7	282	270
10	19	9	31	293	263
82	16	26	36	247	245
2	0	0	2	298	298
51	38	37	3	182	268
8	0	11	2	298	205
636	419	108	96	298	298
817	363	112	105	298	298
480	473	107	58	232	237
211	392	120	63	260	232
14	117	22	10	241	271
103	1	25	1	255	194
4	0	8	16	210	252
82	191	4	24	225	298
287	153	50	16	298	218
246	9	141	8	294	294
142	9	61	8	298	294
3	32	1	26	239	298
15	6	4	5	273	243
64	6	8	5	267	243
64	15	8	4	267	273
6	38	0	14	230	278
12	8	26	34	230	281
2	32	29	33	298	230
23	2	72	1	298	217
23	2	48	1	298	217
19	30	37	20	269	298
6	13	1	22	284	269
78	23	34	56	243	298
48	74	26	39	213	298
64	85	60	61	298	242
5	10	3	1	298	195
439	330	63	53	298	298
99	86	38	21	234	250
2	15	0	11	268	298
6	15	12	3	295	263
2	6	2	2	298	261
4	12	1	3	261	263
36	41	5	6	293	298
104	0	29	2	187	274
8	114	5	24	187	238
0	5	1	0	274	207
64	2	17	0	238	298
143	91	44	28	270	261
19	44	40	44	251	247
18	18	17	11	200	213
143	151	48	66	298	298
109	0	165	14	222	228
93	100	71	81	269	298
85	63	4	10	230	224
150	105	90	56	224	205
0	4	4	1	169	298
0	2	4	1	169	224
288	493	88	189	247	298
288	296	87	96	247	217
3	2	7	0	221	249
5	1	5	3	289	238
20	0	13	8	263	182
94	43	53	58	298	260
97	187	40	80	287	298
29	55	8	19	181	246
12	57	3	19	184	246
14	45	1	2	184	181
21	17	26	17	234	212
2	11	4	6	169	203
44	63	8	8	200	204
50	86	0	8	216	237
34	86	6	8	194	237
98	78	11	12	235	216
4	72	0	10	194	216
6	81	0	7	191	235
42	81	6	7	194	235
4	77	0	7	191	235
5	77	2	7	194	235
0	87	23	68	205	283
58	44	34	27	283	216
180	122	60	65	279	218
15	40	7	7	283	218
16	8	2	4	298	220
0	40	11	41	265	236
9	0	65	3	270	254
4	8	95	66	298	230
4	3	5	1	298	256
9	4	1	0	256	195
7699	8	259	0	277	298
39	258	0	6	244	298
25	97	39	38	298	298
47	90	24	36	298	298
39	34	33	6	298	209
95	76	23	20	242	237
1	45	1	18	205	227
73	51	22	32	227	268
175	139	81	108	298	298
4	9	0	14	233	236
9	4	2	0	198	296
439	6276	279	271	297	298
35	27	27	13	251	294
25	54	49	99	241	298
52	389	29	83	248	221
16	6	0	16	298	298
39	63	17	18	287	298
1	84	2	8	298	298
23	84	20	8	298	298
1	82	2	8	298	298
0	4	16	339	275	275
178	39	446	47	225	225
228	121	101	67	298	252
3	97	2	110	298	226
0	40	1	15	220	257
2	155	131	295	242	191
0	7	1	0	298	298
6464	4592	942	771	260	264
6152	5723	1050	894	264	263
6152	4877	1049	700	264	245
4745	4876	818	701	263	245
4418	5149	695	976	245	298
15	14	5	11	253	296
234	98	211	130	231	205
309	99	269	132	241	205
4	226	0	64	212	250
98	67	52	9	250	192
67	106	29	42	215	298
501	9	504	11	199	253
224	139	65	51	287	280
168	153	35	57	226	212
19	67	8	10	243	285
83	22	15	4	285	256
8	21	4	19	186	258
18	22	4	15	241	258
21	25	6	8	275	265
59	36	11	9	271	298
128	24	20	5	298	271
1	395	127	241	187	232
531	1750	785	959	255	244
77	48	17	20	268	280
22	0	1	2	234	298
16	28	23	18	234	298
13	2	2	0	194	287
0	80	10	340	298	269
29	59	25	60	235	231
82	11	79	30	231	185
16	23	0	6	298	298
8	32	4	6	233	274
11	0	6	9	242	244
2	0	0	1	298	298
21	55	78	70	298	288
0	4	2	72	242	218
10	51	33	45	298	293
408	24	121	12	257	203
198	12	112	2	260	257
82	68	20	32	298	298
172	252	256	172	263	263
679	357	132	64	298	264
78	149	248	261	298	298
0	2	3	45	298	230
0	2	3	106	298	265
0	2	3	51	298	298
66	126	20	26	298	298
16	3	40	28	298	298
289	473	8	2	238	298
27	82	16	24	289	287
13	63	17	44	183	217
75	68	37	51	260	268
276	153	64	30	296	245
230	141	58	28	298	245
241	247	60	47	298	296
193	237	42	47	290	296
202	280	42	67	290	298
46	225	6	57	284	290
51	221	2	60	182	284
2	7	14	26	298	295
42	31	7	2	294	243
101	112	38	31	223	279
3809	2266	348	236	298	278
3819	3411	284	276	298	298
1	27	1	0	245	298
114	13	33	0	197	298
78	21	12	11	223	197
70	12	10	0	223	197
29	123	4	21	188	223
153	299	30	77	236	298
10	15	12	9	268	228
2	0	6	5	220	298
0	2	7	2	298	298
0	2	5	5	298	298
18	5	6	0	210	241
8	15	15	41	298	257
1	125	1	56	298	298
5	1237	0	284	219	219
358	555	98	111	219	247
2	0	1	3	234	298
1	3	4	2	278	234
0	1	2	0	184	298
1	34	9	17	238	219
4	7	0	1	226	215
2	245	4	148	216	298
13	1	12	5	242	291
4	3	3	0	298	279
2	3	3	0	298	279
517	478	344	298	298	269
1768	2072	647	772	298	298
8	25	6	83	245	298
79	27	37	24	298	216
49	153	39	70	298	278
107	94	1	1	273	268
6	31	3	10	248	298
38	31	9	10	273	298
36	60	8	88	224	298
36	75	8	32	224	209
60	75	88	32	298	209
65	53	12	14	276	265
2	67	0	20	220	298
2	10	3	2	198	195
10	12	8	4	227	231
2	0	0	3	298	270
0	2	2	0	298	298
29	15	8	7	236	243
5314	6968	5967	5077	298	264
46	66	21	34	291	288
20	66	14	28	255	291
131	125	62	24	292	226
169	19	60	9	258	248
0	70	6	18	204	288
16	22	9	14	192	268
3	52	2	6	230	237
110	125	68	17	298	198
38	7	8	5	254	164
135	0	107	1	298	298
0	103	6	7898	230	298
32	103	147	7898	215	298
34	93	12	27	245	298
438	228	127	79	298	227
265	423	65	93	227	263
5	1	8	4	284	298
2	3	10	8	298	284
29	4	14	4	298	179
108	167	139	83	298	293
209	374	47	111	248	298
44	203	31	197	209	298
214	73	115	49	263	209
206	138	134	79	242	263
21	0	21	36	298	281
1	28	0	26	239	281
30	28	15	26	241	281
30	1	15	0	241	239
78	4557	589	1320	294	278
5	4557	10	1320	289	278
39	36	14	11	241	232
773	1221	502	535	298	298
182	109	61	39	298	298
107	210	44	32	219	275
40	146	5	15	203	298
0	22	1	17	272	254
7466	6374	336	474	237	298
6748	20910	623	535	291	237
3536	150	161	10	289	177
348	328	46	59	298	272
408	454	48	54	272	298
19	12	34	48	234	256
13	21	39	49	270	234
6	24	25	43	218	270
0	11	17	7	298	224
62	153	19	20	298	298
73	8	25	2	298	233
36	34	19	16	298	231
55	38	10	19	290	298
211	108	85	55	298	251
0	20	4	238	298	211
105	86	37	50	290	293
76	96	36	35	297	298
79	60	37	27	298	230
1	273	0	66	184	224
155	223	50	53	230	264
155	8	50	4	230	260
278	274	76	126	234	298
18	271	11	124	234	298
201	206	107	72	237	234
75	243	34	62	193	237
0	4	21	20	298	298
4	90	14	56	298	265
175	321	149	188	215	203
68	82	145	141	272	251
115	100	126	150	239	267
22	5	6	3	298	196
7	3	8	0	298	196
253	17	62	17	281	186
254	449	62	77	281	252
102	114	35	32	186	228
72	450	35	77	186	252
72	489	33	80	228	252
425	329	79	80	260	252
512	114	135	82	252	252
133	13	76	62	248	290
42	133	11	356	235	298
169	353	156	268	202	235
785	2518	813	1853	207	236
2	8	2	8	298	298
6	95	207	211	262	277
8	95	251	211	298	277
201	362	192	279	224	268
505	19	281	16	298	263
379	17	156	1	268	298
212	19	90	1	283	298
4	324	85	88	298	254
601	387	93	42	247	214
202	0	75	1	233	207
428	562	359	245	276	248
2	53	19	32	271	298
2	6	19	0	271	298
2	6	19	0	271	195
37	6	21	0	298	195
53	6	32	0	298	298
53	6	32	0	298	195
47	6	31	2	298	195
16	5	9	2	189	233
336	317	95	73	295	282
12	172	6	1	264	226
69	120	1	7	226	215
193	241	53	35	290	298
20	237	45	122	298	252
201	9	125	9	298	252
201	208	125	149	298	270
201	237	124	121	298	298
9	208	9	149	252	270
84	213	121	147	241	221
456	295	230	189	261	257
244	218	336	364	277	298
183	3	300	2	294	277
183	417	300	336	294	277
292	410	82	78	245	298
565	699	230	285	278	279
446	597	262	292	295	278
319	587	193	280	241	257
20	2	34	0	293	275
0	2	3	3	251	240
0	10	1	2	248	221
266	1	131	0	298	273
0	1	10	20	298	230
196	19	96	52	218	206
22	42	5	8	298	255
64	8	53	0	285	219
19	30	32	21	238	244
4	14	0	9	239	279
98	29	13	3	298	196
102	4	14	1	298	196
33	31	7	15	196	234
1473	989	696	768	258	268
135	0	57	63	284	298
35	286	64	93	230	260
58	53	12	9	237	238
57	30	37	12	265	212
58	7	35	4	265	281
16	11	1	4	247	298
13	2	21	4	237	298
10	9	2	1	226	298
43	19	4	13	258	298
43	104	32	15	298	288
1	188	0	66	271	288
5	6	2	4	298	298
13	7	0	8	222	298
0	4	5	6	210	245
0	19	4	14	245	298
2	12	10	4	260	264
0	3	6	2	298	298
19	25	8	13	262	298
15	5	44	19	298	215
6	14	24	21	269	296
1	3	0	1	298	209
165	120	48	37	194	191
137	5	52	2	298	184
141	155	94	65	298	298
2	36	0	22	265	298
1	0	0	2	207	256
4	0	6	3	298	243
0	117	6	131	222	298
416	332	81	104	203	298
311	108	117	36	298	198
68	398	26	99	198	298
324	306	107	88	298	271
2	0	0	2	298	232
22	49	35	32	298	240
1	3	1	1	246	238
58	44	13	15	210	212
219	126	91	79	243	204
201	211	122	90	277	252
116	75	60	38	218	209
6	69	19	26	209	218
68	73	20	15	298	298
12	28	65	124	266	296
10	50	49	69	269	257
31	3	10	11	298	186
48	1	17	0	298	258
0	2	53	62	242	242
2	4	0	9	242	242
1	4	78	11	242	242
2	0	4	5	242	242
5	5	165	154	254	254
89	72	33	51	279	298
19	0	95	4	298	227
1	9	0	2	191	235
378	411	104	110	298	298
12	15	14	25	233	298
29	123	7	62	245	230
13	123	2	62	298	230
53	11	19	8	284	298
74	92	16	6	260	298
47	64	2	0	241	241
0	136	1	2	278	268
70	70	11	15	192	228
34	2	18	1	298	239
3	202	31	64	224	253
71	108	31	36	225	270
2	164	4	66	221	221
1	20	6	24	217	222
327	371	8	3	275	275
0	3	1	4	298	227
14	34	14	21	214	288
224	181	75	34	298	298
285	335	58	72	298	298
9	35	14	19	298	218
0	1380	3	830	222	272
4363	5164	1265	970	290	230
4363	5236	1265	991	290	233
28	25	4	22	248	220
98	24	29	10	297	298
1	130	4	45	208	217
4	213	2	8	298	235
35	44	0	4	298	267
79	224	3	8	265	282
16	19	0	8	238	272
104	384	21	19	236	236
2	0	4	5	250	298
5	20	2	5	292	298
18	255	25	56	210	258
3	12	4	11	231	190
5	12	18	11	255	190
3	137	4	48	231	243
5	137	18	48	255	243
336	2451	193	411	239	293
2105	1120	299	250	298	239
1516	2119	317	391	248	298
1	0	2	39	248	298
0	418	2	137	267	204
17	67	13	50	298	255
1	67	4	50	298	255
12	95	9	54	194	214
56	30	9	6	254	195
18	89	4	10	298	254
384	364	112	86	242	224
266	248	129	174	227	298
1	22	0	5	268	270
1	17	0	5	268	298
1	38	0	8	208	270
22	17	5	5	270	298
30	10	16	8	234	298
310	459	206	323	273	289
7	55	2	14	209	231
90	44	25	16	227	257
344	8353	110	1751	243	298
7252	6067	1282	1122	254	260
5661	6124	891	1002	251	254
4192	6594	1175	1086	258	251
2598	6773	645	1155	225	258
7044	6756	8167	7549	259	268
6262	6756	8421	7550	298	268
2229	3675	4771	4541	257	239
0	12	29	53	298	272
31	15	77	73	203	200
12	4	28	89	214	203
9	111	2	35	282	298
0	2	3	191	261	214
0	2	2	191	247	214
1693	756	3378	5484	233	248
1327	1530	5141	4155	278	233
4322	1585	6127	5551	298	278
7	242	10	1511	274	257
36	242	44	1511	185	257
10	19	1	3	194	218
1047	5256	35	136	174	263
6693	4764	171	133	263	278
2	6	491	314	293	298
491	239	117	85	297	298
3084	2983	1472	1128	298	298
4	7	4	80	240	252
1	0	0	1	298	186
853	3760	4	18	298	298
2	93	0	73	248	179
56	58	34	34	215	217
50	119	27	42	217	220
80	66	56	32	220	207
5	7	8	9	278	285
0	128	1	56	250	175
0	72	1	16	250	175
0	71	4	15	250	175
2	473	1	153	175	270
81	252	26	85	194	246
444	27	253	41	246	199
161	403	131	337	239	258
1	7	0	4	166	257
766	642	139	146	292	298
13	70	41	25	275	208
40	38	19	11	257	245
188	855	144	205	298	298
82	72	31	20	298	252
70	75	24	35	266	272
51	74	28	33	298	280
78	29	441	8	230	277
79	423	446	665	230	277
644	2	1379	16	277	220
215	93	682	306	277	211
5	4	2	0	217	264
0	12	2	26	251	216
0	23	2	42	251	298
946	2162	3025	4122	238	298
22	84	5	12	226	294
2	0	0	2	298	283
1	106	64	84	201	223
24	123	64	58	223	226
85	80	23	50	233	267
46	6	19	3	298	194
2	2	33	2	276	230
11	13	1	9	298	298
4	17	5	17	298	285
133	0	59	2	236	194
2	193	2	130	195	209
293	676	73	133	246	298
2	9	0	4	182	254
0	79	43	34	298	253
8	9	3	3	298	272
1242	424	1096	2808	222	298
1242	622	1096	2881	222	298
1	6789	2	3538	298	298
3463	6789	2356	3538	298	298
424	7006	2810	2366	298	244
4480	5640	2385	2757	244	254
313	426	78	62	222	258
24	426	0	62	196	258
32	35	47	33	270	253
51	47	26	26	253	298
37	38	14	11	212	233
897	652	234	154	251	265
49	17	5	0	242	200
18	4	3	3	298	298
2	4	3	0	290	225
2	4	3	3	290	225
4	31	19	13	237	191
0	16	13	17	298	284
4	45	5	60	298	283
6	45	14	60	298	283
2024	1828	1053	814	298	243
22	178	4	48	245	260
193	135	61	57	260	238
276	69	66	18	293	198
20	200	30	58	298	253
1	0	9	127	298	298
9	2	2	4	298	298
9	0	2	1	298	298
2719	5349	147	370	233	288
3428	4250	195	294	239	298
7	3	0	1	247	222
2	26	10	20	283	298
120	106	20	15	286	291
184	30	63	60	257	293
150	35	130	80	298	219
60	37	62	73	219	293
3	58	1	8	231	247
5	2	3	3	186	199
259	495	70	92	213	298
440	516	117	165	298	290
11	3	7	7	292	298
95	97	14	33	246	298
16	79	7	25	298	297
4	7	2	5	297	298
48	128	36	36	232	298
7	7	7	4	187	298
17	16	24	4	245	173
44	55	31	19	212	227
482	509	331	376	298	291
613	236	62	23	271	180
5	6	2	2	248	298
3	6	2	2	221	298
15	3	4	0	221	176
42	74	12	20	221	209
66	89	13	18	209	292
1320	2203	43	77	248	298
2036	1775	47	51	298	298
65	23	41	47	237	236
10	72	13	53	270	235
47	117	39	22	235	221
41	77	21	23	221	239
6	5	1	0	298	266
6	0	1	2	298	266
68	61	118	141	235	239
220	207	46	54	219	247
385	224	134	77	298	290
385	271	134	84	298	298
362	676	124	146	298	296
3	2	0	24	298	233
10	1	18	41	236	298
49	63	297	124	287	225
80	75	210	209	225	226
0	49	2	13	244	220
193	0	243	89	264	205
77	9	81	230	194	298
77	1	80	90	194	205
472	788	4	4	225	298
25	74	11	35	215	298
4	13	4	13	225	257
2053	1751	766	972	248	256
2	2	0	4	234	280
0	4	18	44	227	298
53	325	0	4	298	298
4	17	4	5	239	208
53	52	17	19	260	290
440	1810	348	494	228	245
4	0	2	3	259	233
1	3	0	14	238	225
1	3	19	12	238	225
0	11	3	40	229	238
1	0	3	2	229	244
1	0	3	2	229	298
36	0	18	22	246	298
2	8	71	49	246	246
21	18	1	2	203	244
80	109	13	22	203	278
28	4	21	48	232	228
0	2	2	12	253	180
70	16	0	1	298	235
34	59	23	20	266	272
39	54	9	38	298	298
471	349	138	76	250	290
247	35	95	13	298	250
246	350	95	86	298	250
183	460	55	134	207	298
103	119	30	44	241	294
101	3	28	0	241	294
101	156	28	46	241	223
3	156	0	46	294	223
6	78	2	22	223	202
62	73	17	19	223	202
105	223	39	73	202	257
2	102	0	28	181	298
68	54	20	12	244	229
22844	17297	1604	1264	298	255
22844	12362	1604	919	298	298
22	280	67	89	291	278
346	244	43	41	298	254
164	431	39	61	254	298
283	180	42	18	298	235
283	261	42	38	298	279
210	232	32	38	279	289
412	42	67	73	230	290
461	629	88	92	292	265
1031	634	77	49	298	298
460	1319	46	39	238	298
745	1319	26	39	247	298
745	460	26	46	247	238
1192	1033	55	93	247	238
18	35	58	38	298	233
1	35	1	38	298	233
21	90	138	176	298	298
148	138	5	2	243	277
62	81	0	4	249	298
30	228	1	2	270	277
80	14	54	12	298	172
1551	654	1614	2100	298	298
37	0	49	46	241	244
8974	3	232	0	269	298
8974	8688	232	486	269	290
61	11067	2	282	298	269
12132	11067	449	282	298	269
4	125	1	24	210	298
37	24	3	10	210	243
0	1	8	5	236	270
20	6	16	16	298	298
15	0	16	4	284	298
13	6	15	15	298	298
16	19	14	10	201	206
23	6	6	9	272	298
25	2	6	0	272	298
2	0	0	1	298	252
0	4	4	1	187	298
1	0	0	3	187	298
1	0	0	3	187	298
1	0	5	4	187	298
1	0	1	3	187	298
11	0	13	3	298	298
11	0	13	3	298	298
0	2	4	1	187	298
0	2	1	0	187	298
11	2	12	0	298	298
11	1	13	1	298	187
11	1	13	1	298	187
11	0	12	1	298	187
11	0	13	1	298	187
11	0	12	1	298	187
25	11	3	0	298	298
9	779	2	311	248	298
6	79	0	11	164	224
53	71	18	21	230	298
2	72	4	47	172	250
16	4	21	21	256	215
285	192	160	56	298	298
81	88	23	21	219	247
202	72	103	46	278	224
9	9	0	4	219	273
122	2	36	3	298	298
122	26	36	13	298	250
2	26	3	13	298	250
263	296	47	56	247	237
1281	50	2	0	266	227
8	6	8	12	298	278
139	476	77	183	260	271
0	71	2	113	247	298
13	432	1065	2353	298	298
1	35	1	3	208	242
8	6	1	0	268	264
29	6	2	0	298	264
15	6	3	0	273	264
17	6	1	0	298	285
29	8	2	1	298	268
15	8	3	1	273	268
15	29	3	2	273	298
6	16	1	1	273	298
139	231	42	50	233	251
100	156	17	55	255	233
27	90	18	8	222	227
0	97	25	18	230	222
112	42	74	39	298	221
21	59	4	5	188	245
12	2	48	56	276	298
41	33	85	139	172	197
90	31	140	136	298	197
77	23	121	79	179	172
46	29	122	99	203	298
44	28	126	72	203	179
55	29	65	71	203	179
2	128	11	63	223	254
30	8	20	41	224	236
352	15215	3850	7700	298	298
57	82	23	52	218	251
0	4	19	25	291	298
8	20	0	3	224	298
13	54	0	1	224	298
8	11	0	2	224	298
2	54	0	1	238	298
45	19	0	3	298	298
2	17	0	2	298	298
2	9	0	3	298	298
47	19	0	1	298	298
54	19	1	3	298	298
26	11	1	1	298	268
31	39	1	2	298	268
13	33	2	0	298	298
2	20	0	1	202	298
2	9	0	1	202	298
2	20	0	1	199	298
2	9	0	1	199	298
3	1	6	14	298	298
8	66	26	24	260	298
2	1	3	0	203	227
413	253	68	51	298	256
239	5	183	11	227	284
1	15	2	8	271	252
1	13	0	9	197	271
198	448	71	102	274	238
2	444	2	100	274	238
61	446	48	100	244	238
19	446	13	100	274	238
95	446	73	100	298	238
27	7	14	4	216	171
4	0	58	74	226	226
18	42	18	53	221	246
99	62	33	51	298	298
32	32	29	42	230	248
17	0	13	6	188	223
880	3	185	104	251	233
8	188	0	73	274	222
160	92	57	41	275	226
1	92	0	41	206	226
254	244	493	492	256	227
0	2	84	96	254	244
0	10	84	89	254	255
0	10	84	84	254	258
29	36	14	16	298	298
48	58	12	23	284	298
68	21	48	25	272	298
134	239	162	300	217	257
13	109	23	59	253	289
423	598	114	185	243	294
99	170	56	68	298	263
3	7	3	2	212	188
5	1	3	4	246	298
382	350	294	406	205	298
373	6	293	10	205	298
246	599	313	361	298	298
38	97	39	58	298	298
0	4	8	40	298	298
6876	17045	1034	962	285	288
18	25	4	54	258	266
86	93	76	60	248	251
0	25	41	107	269	293
0	4	14	10	298	272
0	1	33	7	272	226
10	0	24	1	263	257
181	80	395	254	271	245
84	115	1544	2781	298	274
0	84	750	919	189	241
94	257	67	118	286	298
98	522	119	704	176	298
668	544	353	240	290	239
3	2	147	81	298	287
17	6	4	10	298	222
865	455	321	212	284	233
0	17	1	6	265	298
173	15	76	5	250	194
65	1091	50	381	198	271
2	173	12	35	249	272
12	70	13	41	253	208
588	810	909	607	298	251
41	809	51	606	298	251
64	841	58	665	201	298
1171	264	189	123	285	235
287	447	52	130	235	248
231	343	67	76	236	234
245	343	68	76	241	234
64	29	9	8	229	239
22	0	14	5	298	239
16	0	1	5	298	239
43	0	29	9	254	298
50	0	36	26	298	298
2	9	59	18	281	250
0	8	1	32	156	291
86	132	22	37	298	281
1227	452	146	63	298	200
20	28	17	47	227	298
102	131	20	30	244	260
17	12	50	16	232	239
5	0	61	66	260	210
0	2	2	3	298	218
72	157	62	144	199	242
1	0	4	1	186	172
342	4	92	4	289	177
1	15	1	5	195	278
2	18	0	8	249	278
2	18	1	8	254	278
32	65	7	40	295	213
42	8	8	4	247	240
75	8	16	4	295	240
24	8	12	4	286	240
24	42	12	8	286	247
24	75	12	16	286	295
177	306	92	109	278	298
3	179	1	55	298	298
182	179	104	55	298	298
36	255764	0	25872	282	282
927831	255764	25684	25872	282	282
1325225	255764	33753	25872	298	282
1325216	452047	33753	20658	298	247
2	627692	0	28535	282	279
893337	626965	22601	28517	282	279
229903	562638	18696	21979	247	298
729	756344	18	23992	279	282
492463	756348	28236	23992	279	282
1142727	31	32217	0	288	298
1142727	400850	32217	20488	288	282
31	400850	0	20488	298	282
0	20	12	22	221	221
0	20	2	18	221	221
96	117	12	27	270	282
30419	15334	5985	6010	238	298
62	472	116	96	240	230
62	492	116	105	240	236
29	47	15	15	213	244
4	11	25	48	298	251
23	1144	230	299	298	272
771	178	229	218	298	298
0	2	25	37	224	296
106	4	77	5	236	298
5	74	0	2	298	298
5	74	0	2	298	298
5	29	17	22	249	288
3119	5729	476	2424	182	298
9901	762	1750	1168	298	254
1055	10492	1607	1881	278	266
163	131	41	32	298	243
38	128	79	118	236	298
148	149	43	60	272	272
9	96	2	85	185	244
2	2	5	11	250	259
2	0	9	2	298	227
132	402	121	225	224	283
9	15	4	2	236	242
665	1	371	0	283	194
42	78	7	21	200	282
26	3	78	19	198	228
8	139	18	319	198	254
7	3	49	30	222	228
7	32	49	48	222	285
7	11	49	17	222	298
3	32	30	48	228	285
3	11	30	17	228	298
310	100	134	148	223	251
160	110	95	111	220	223
3	109	1	111	220	223
28	263	23	153	197	220
16	227	61	81	215	197
113	107	40	27	298	233
98	1163	32	141	298	260
157	1104	36	172	298	298
9	0	3	1	295	180
129	1	47	0	234	218
118	122	58	26	298	266
3	0	0	2	207	196
0	2	2	0	196	298
31	30	18	8	256	230
26	42	8	18	230	238
43	76	70	66	298	278
11	64	5	24	228	298
21	21	10	0	298	183
7	196	4	60	268	252
0	30	4	18	226	268
426	324	144	106	230	247
144	9	147	9	298	230
59	356	107	152	298	298
4	5	2	1	229	287
2411	1682	435	347	297	249
2152	4	339	0	249	222
2	56	0	15	229	155
95	110	19	20	274	240
133	178	37	31	284	281
119	112	27	26	281	248
32	44	15	14	290	221
47	101	23	40	257	298
77	77	18	24	298	250
3	77	4	24	274	250
80	96	29	33	250	291
146	76	19	30	287	275
57	6	4	0	270	247
94	349	37	93	298	298
3	3	2	0	205	269
142	163	33	32	235	298
85	76	21	38	235	285
358	1202	306	329	298	298
3	0	2	2	271	230
0	3	1	0	298	298
37	236	5	44	252	298
533	477	269	215	269	215
1	152	74	338	240	298
128	103	56	41	298	253
0	1	2	0	271	298
3	2	4	1	278	262
3	2	4	2	278	298
90	159	17	40	227	237
0	2	448	354	221	249
2	3	16	1	280	277
7	144	0	80	203	255
1	31	9	40	298	298
155	281	37	42	236	240
3734	909	169	169	298	284
157	1	72	6	217	228
154	78	89	57	242	217
163	176	124	113	252	242
76	152	74	126	244	256
172	234	81	161	230	273
51	275	54	95	215	230
0	2	4	3	263	290
34	26	7	7	215	219
15	39	4	26	239	298
2	8	0	9	298	273
1	0	6	6	267	273
19	8	7	14	298	298
5	3	26	5	298	298
3	7	0	4	298	279
1	2	44	17	298	298
5	2	26	3	225	225
15	1	4	0	298	245
7	32	2	10	272	201
6	1	3	0	272	298
6	1	3	0	272	233
10	2	7	0	237	294
10	2	7	0	237	289
16	46	8	22	182	298
2	2	2	2	260	263
0	6	3	10	225	238
48	1618	10	703	298	298
63	2	3	2	298	298
508	7909	730	1172	298	298
507	4864	728	881	298	298
1634	4803	705	880	298	298
148	174	75	64	282	276
91	57	34	24	219	182
142	1	45	0	259	298
2	0	47	28	260	239
72	84	8	15	298	298
9	4	65	84	269	298
23	160	29	147	177	257
2408	3420	1270	3492	211	278
470	182	240	202	298	298
372	303	192	178	298	298
106	24	1529	1496	298	298
1938	2401	734	919	267	298
1661	1703	898	631	298	223
3054	5747	112	169	251	298
8340	5355	237	180	298	274
33	4	9	0	282	298
114	5	10	3	298	218
4	0	8	49	240	240
655	134	396	561	242	290
47	62	30	30	298	298
357	1264	149	410	298	248
40	1263	16	406	296	248
53	1	165	1	254	298
53	159	165	222	254	232
13	29	1	0	297	294
12	19	3	4	240	226
7	1947	19	5663	171	274
948	1150	1782	2406	249	274
1210	2791	2440	3105	238	255
0	2	5	26	298	298
89	51	12	14	236	223
73	81	35	29	275	298
373	933	66	150	221	296
2	3	8	5	216	196
2	3	7	9	182	196
2	2	7	10	182	216
11	79	36	109	257	290
3	9	7	2	206	194
1	0	17	6	298	278
22	10	49	54	236	275
31	23	59	67	298	298
20	34	79	66	235	298
9	6	8	6	298	164
13	6	9	6	298	164
117	8	56	4	263	298
0	164	1928	8197	259	218
95	0	10726	11	218	298
95	25	10748	14254	218	298
398	142	20697	8788	298	206
287	448	19450	19781	281	298
527	752	152	245	263	298
527	16	152	1	263	298
0	2	17	40	298	298
0	6	13	11	298	256
1	7	10	18	296	261
0	2	30	0	298	237
12	2	61	0	298	237
12	2	31	0	298	237
2	12	24	31	248	298
3	7	5	27	253	298
0	2	24	711	257	251
404	501	63	39	258	257
473	845	157	79	298	298
1524	875	167	109	298	298
33	2	15	0	236	272
273	225	53	55	298	259
90	262	47	77	298	298
2635	1354	450	510	215	298
2635	1141	450	451	215	272
6480	4964	990	977	298	298
33	4964	0	977	272	298
7	1	2	0	268	298
268	5203	1453	2140	221	280
18597	318	2345	2931	298	281
13906	320	2860	2932	271	281
18595	83	2349	3439	298	298
13908	82	2859	3440	271	298
28	45	7	9	229	242
27	28	5	14	242	267
322	183	59	28	295	239
4	250	0	36	298	297
184	250	34	36	298	297
40	26	89	138	233	298
199	121	149	144	263	298
162	201	177	176	298	298
0	4	3	4	271	233
5	0	9	1	298	271
107	262	34	44	227	298
168	135	82	66	298	298
353	185	144	60	293	212
35	32	30	20	249	228
52	4	43	10	271	281
207	41	323	285	276	298
0	43	4	44	265	205
0	43	2	44	247	205
4	23	48	58	286	264
4	241	7	142	212	207
483	622	34	65	298	297
35	237	202	127	225	212
429	8	463	5	225	225
0	27	3	3	241	229
2	24	1	7	207	252
32	37	34	7	275	226
149	3	7	0	278	206
187	237	58	102	298	298
0	1	407	532	283	298
1	9	253	485	242	283
96	81	30	39	298	298
8	0	6	7	220	254
3129	1505	2083	1559	287	281
1	0	3	3	281	298
1	0	13	24	230	251
2	10	0	14	203	223
2	85	2	212	298	298
5	9	21	16	222	188
12	52	19	18	257	229
96	122	23	36	298	298
52	158	19	35	216	298
26831	25957	934	903	289	278
15424	27902	1039	933	298	289
854	27907	20	934	298	289
20338	28032	840	977	298	298
29279	29378	1007	957	298	298
31844	33255	1033	951	298	298
2	2	20	50	298	260
51	58	10	18	264	293
38	76	28	33	238	276
58	1	3	1	257	298
0	52	6	18	197	241
0	2	5	10	184	298
6	2	0	1	236	298
0	8	1	18	298	298
0	8	2	18	277	298
213	230	241	327	298	296
5	20	3	23	203	263
27	341	13	50	298	298
3	195	0	59	287	279
57	107	42	14	235	236
36	12	29	2	235	236
97	36	30	18	295	255
481	272	164	85	298	263
230	4	238	1088	177	298
398	4	711	1088	244	298
297	206	10	24	228	289
49	2	21	2	202	273
0	2	1	1	220	217
105	154	122	73	289	247
1	154	0	72	289	247
123	129	104	98	289	255
123	140	104	105	289	289
113	140	144	105	270	289
113	3	143	0	270	289
115	2	142	6	270	289
164	0	80	7	276	289
113	106	141	119	270	289
196	125	45	36	221	241
0	154	2	57	221	298
13	154	11	57	280	298
6	257	8	70	280	271
413	741	81	115	225	252
15	88	10	21	183	215
0	4	2	1	281	269
77	91	28	21	236	245
294	498	25	60	203	228
1013	233	94	42	298	185
341	826	29	126	185	264
5	0	5	2	222	272
2	0	3	1	222	272
1	3529	188	827	197	267
1195	2283	553	468	267	245
2101	2685	471	607	225	250
2865	2685	634	607	245	250
119	66	21	29	298	282
29	49	44	20	285	237
185	0	131	3	187	210
4	0	11	2	298	298
4	0	11	2	298	267
4	0	11	46	298	235
323	76	216	112	227	269
216	236	29	44	298	298
1	0	2	2	239	298
64	21	50	2	210	157
0	2	7	117	298	228
209	7	107	7	269	261
29	52	11	12	242	298
21	23	16	22	298	298
17	26	36	39	298	259
21	6	127	72	282	235
161	0	86	66	296	268
1059	379	5154	3073	298	298
1059	26	5154	30	298	266
15	3	16	18	272	259
3	44	5	39	244	298
3	26	5	24	244	298
473	238	105	67	298	218
5	238	2	67	294	218
2	328	28	73	298	251
231	199	335	261	298	298
46	274	179	209	298	232
173	360	168	230	232	298
146	94	14	25	220	230
22	9	0	7	221	218
468	244	49	20	298	229
8	562	9	92	210	297
391	375	97	72	297	233
28	20	170	98	294	271
5	27	118	159	298	274
14	7	16	0	298	201
0	12	2	0	243	285
16	1	4	3	182	197
18	12	27	14	298	236
18	12	76	14	298	236
85	496	62	118	211	268
116	98	104	49	298	230
2	0	1	6	233	298
2	0	1	2	233	223
7	2	1	3	292	298
12	2	13	9	292	298
15	7	18	0	298	185
28	212	13	55	184	250
25	56	12	23	184	185
179	58	29	25	250	185
30	36	17	8	250	185
8	22	4	5	185	201
36	22	11	5	185	201
62	87	80	30	283	298
8	61	5	4	251	225
34	14	2	3	258	290
23	99	4	6	199	298
58	102	13	19	233	236
29	1	13	6	280	242
1	3	2	6	251	242
1689	1975	276	322	298	298
1616	755	279	333	280	298
220	1580	246	236	284	280
101	1689	10	273	293	284
166	1697	34	274	293	284
501	1771	174	279	293	284
327	106	268	6	293	292
392	112	292	6	293	292
72	112	0	6	242	292
727	113	432	10	293	292
18	113	1	10	197	292
72	392	0	292	242	293
18	727	1	432	197	293
75	166	0	38	242	293
19	501	0	178	197	293
171	54	34	5	197	242
0	3	3	7	261	298
387	172	50	17	211	236
98	105	45	35	216	232
417	157	105	95	298	298
13	144	0	56	298	298
0	5	10	9	298	260
168	144	116	112	268	298
63	12	73	6	236	268
64	122	80	113	236	268
51	147	14	97	233	298
0	432	3	299	298	288
20	509	0	33	249	203
761	709	63	90	220	220
38	31	8	8	248	236
14	63	2	8	177	248
58	31	14	3	258	177
25	6	16	5	298	243
28	225	13	96	253	282
533	4	1418	1	152	167
15	20	14	18	223	233
121	204	65	42	298	261
87	179	32	29	212	232
120	66	36	12	298	218
6	3	1	0	215	251
36	0	15	1	233	251
2	0	2	1	224	278
58	54	103	102	277	258
2	5	3	0	214	274
260	201	179	177	254	293
6	1	3	0	268	298
0	8	22	35	298	298
0	22	35	47	298	298
8	65	4	7	193	199
95	263	31	72	278	298
11	0	12	4	264	298
3	283	1	61	295	298
153	4	25	0	280	284
63	4	13	0	295	284
2	615	87	338	208	297
13	132	3	22	298	229
78	149	103	53	278	278
108	160	26	65	253	298
2166	2315	332	628	250	298
752	2059	236	396	287	249
211	222	6089	3312	272	278
10	0	257	10	294	294
511	993	217	267	196	208
1193	873	457	273	219	196
160	39	76	111	298	298
158	131	71	132	298	298
105	232	24	81	206	298
6426	2997	8331	4425	298	234
15	20	0	3	298	289
11	84	3	5	236	268
136	122	76	40	293	280
138	7	74	3	293	280
99	129	27	50	280	298
6586	4322	1396	944	296	248
4171	5791	803	1116	248	298
5396	5834	1166	1246	298	298
5863	2486	1346	629	298	214
16	54	26	45	234	298
1	32	10	23	298	249
51	65	61	37	298	238
4	0	27	8	298	298
34	16	6	6	254	296
1	26	0	10	288	282
133	185	30	22	298	298
517	538	54	43	298	288
307	263	32	40	275	290
24	11	5	1	278	188
172	318	66	65	261	258
14	90	6	28	188	218
75	34	55	38	265	232
75	20	55	17	265	198
76	54	57	51	265	298
76	5	57	4	265	232
76	4	57	12	265	184
79	4	75	7	265	232
79	1	75	3	265	198
79	9	75	49	265	251
5	54	4	51	232	298
5	4	4	12	232	184
4	9	7	49	232	251
27	10	27	49	232	251
1	9	3	49	198	251
9	7	2	4	241	241
11	10	7	6	229	253
258	339	83	144	284	298
428	1	444	4	252	247
736	1	626	6	298	271
299	0	169	6	206	187
299	1	169	12	206	271
690	0	680	6	181	187
690	1	680	12	181	271
690	1	680	3	181	247
66	56	20	25	298	285
218	96	63	60	257	227
33	80	56	83	298	272
15	167	0	76	212	174
456	346	173	124	239	212
579	466	248	151	248	239
202	364	69	160	219	210
2196	3308	3189	4406	298	290
3	3308	6	4406	298	290
10	123	12	39	213	277
0	15	7	9	298	271
298	140	190	155	251	257
18	16	7	9	298	284
16	0	5	1	298	269
4	247	0	69	298	225
16	0	6	1	298	265
4	289	0	109	298	232
149	774	36	146	206	290
715	767	174	155	290	293
54	101	27	45	233	256
55	1	34	0	260	298
620	597	227	265	269	236
286	751	116	299	203	269
13	41	20	7	298	298
13	69	20	7	298	207
13	25	20	2	298	298
41	25	7	2	298	298
69	25	7	2	207	298
75	85	39	37	298	229
154	216	34	43	288	298
2	0	74	190	227	298
8	114	47	89	266	298
56	111	11	10	298	298
69	110	28	31	298	289
6	18	0	4	298	264
0	2	3	11	215	240
52	130	19	29	222	239
52	49	19	13	222	235
152	163	28	21	298	250
102	240	63	112	215	252
1388	2	188	0	216	180
0	889	1	1761	274	271
4	889	3	1761	298	271
108	77	19	13	285	206
47	96	46	78	221	298
16	1	15	3	209	228
9	161	7	162	209	298
82	53	20	7	298	202
40	21	17	9	298	244
0	23	18	6	298	236
8	2	19	16	294	298
2	149	0	43	298	216
0	4	1	0	279	224
1	4	7	0	282	224
0	2	1	0	282	224
8	21	20	14	275	298
9	16	34	27	298	295
4	46	8	18	223	225
44	24	14	23	225	247
43	4	14	3	225	247
60	37	24	11	247	239
65	10	19	10	233	298
65	67	18	14	233	288
65	1	18	0	233	238
130	127	103	84	298	262
0	132	17	73	280	298
0	2	19	0	280	298
1	15	0	54	265	298
1	27	0	116	265	298
25	1437	4974	4192	296	298
96	29	111	83	248	250
88	1	105	14	248	250
559	16	25102	21311	272	266
62	823	19304	21655	239	253
0	4	227	133	298	251
21	61	10	18	224	255
402	223	84	64	255	255
9	5	4	0	284	227
2	0	3	2	298	242
3	95	5	28	220	191
1	33	0	18	218	280
5	50	16	17	298	276
1113	1260	446	751	254	293
35	135	23	30	174	215
7	5	14	4	298	298
331	376	199	198	223	230
53	47	44	66	298	250
369	253	1	1	226	218
180	113	2	1	226	218
1143	756	1303	1274	223	208
1897	1213	2614	2066	298	269
5	2269	1814	3041	269	276
0	2269	1	3041	265	276
17	29	15	10	206	221
135	263	49	100	223	293
4	1	26	1	293	287
166	43	72	36	298	207
54	63	27	15	214	216
48	50	37	45	257	226
35	84	15	38	187	298
10	204	0	71	298	179
34	88	21	39	298	263
107	70	6	4	257	199
50	58	8	5	239	257
35	27	11	8	298	239
