ID
1
2
11
14
15
16
17
23
24
25
36
55
58
62
64
71
81
87
88
89
90
91
99
100
103
141
148
154
155
191
196
199
200
203
206
207
208
209
210
217
218
221
238
240
246
247
250
251
252
255
257
261
269
270
278
282
287
293
295
311
320
324
331
342
343
357
361
365
367
368
369
374
397
399
400
409
418
420
423
425
440
453
463
466
468
470
477
483
491
492
499
517
523
526
527
528
529
530
535
536
537
539
540
542
543
546
550
556
557
565
566
568
569
570
571
572
579
581
582
590
592
594
611
612
615
623
624
627
632
633
634
637
638
643
649
654
655
656
658
660
665
666
667
670
675
676
677
685
688
689
690
693
695
697
699
700
717
718
719
724
726
727
728
732
733
735
737
738
739
741
743
752
764
766
771
772
773
777
782
783
784
788
790
805
812
813
823
845
849
850
852
859
860
880
882
883
884
886
896
897
899
901
903
909
910
913
915
916
918
919
927
928
929
947
957
960
961
964
966
970
979
982
987
988
989
991
1003
1006
1010
1014
1016
1018
1019
1044
1046
1047
1050
1055
1056
1057
1058
1059
1060
1061
1065
1069
1073
1086
1089
1102
1103
1104
1106
1121
1129
1136
1140
1145
1154
1156
1164
1167
1170
1171
1173
1176
1184
1185
1186
1187
1189
1199
1206
1217
1219
1220
1221
1222
1223
1229
1239
1245
1248
1258
1276
1277
1279
1291
1299
1300
1323
1324
1325
1326
1327
1328
1329
1332
1334
1374
1421
1422
1426
1434
1438
1442
1452
1458
1460
1462
1465
1467
1468
1484
1487
1488
1493
1495
1500
1507
1508
1518
1522
1523
1524
1526
1528
1529
1532
1535
1536
1539
1547
1549
1552
1553
1555
1556
1561
1576
1586
1590
1594
1595
1596
1601
1605
1606
1607
1642
1648
1649
1652
1658
1669
1678
1679
1681
1682
1684
1687
1688
1689
1691
1696
1697
1698
1700
1701
1703
1706
1707
1709
1710
1711
1712
1715
1723
1724
1726
1737
1738
1749
1752
1753
1754
1756
1757
1759
1760
1774
1784
1785
1786
1787
1789
1790
1792
1797
1804
1807
1809
1813
1814
1817
1818
1819
1821
1825
1831
1832
1833
1834
1847
1860
1861
1868
1874
1875
1876
1879
1880
1881
1882
1883
1884
1885
1889
1890
1894
1896
1898
1899
1901
1904
1905
1909
1919
1921
1924
1925
1926
1927
1932
1934
1935
1938
1940
1941
1946
1951
1954
1958
1959
1966
1968
1969
1970
1972
1973
1974
1977
1978
1979
1984
1985
1989
1990
1993
1996
1998
1999
2000
2004
2005
2007
2008
2012
2013
2015
2017
2020
2023
2024
2027
2030
2034
2035
2036
2038
2039
2041
2042
2045
2046
2047
2050
2068
2069
2071
2081
2084
2091
2092
2094
2095
2097
2098
2099
2113
2121
2123
2136
2140
2143
2146
2148
2151
2152
2153
2169
2170
2172
2192
2193
2195
2196
2198
2199
2200
2201
2203
2204
2210
2216
2218
2219
2224
2225
2226
2227
2228
2232
2233
2234
2237
2239
2240
2241
2244
2253
2254
2255
2257
2258
2259
2260
2261
2262
2263
2265
2268
2272
2275
2276
2281
2283
2284
2287
2288
2292
2293
2294
2295
2296
2297
2298
2299
2310
2316
2317
2319
2324
2330
2335
2344
2353
2356
2357
2358
2363
2368
2370
2371
2372
2373
2374
2375
2377
2379
2382
2383
2384
2387
2388
2396
2404
2406
2407
2409
2410
2412
2413
2414
2416
2419
2421
2422
2423
2424
2425
2426
2427
2428
2429
2430
2435
2440
2443
2444
2449
2450
2451
2454
2456
2457
2458
2459
2460
2461
2462
2463
2464
2465
2468
2469
2477
2482
2483
2484
2485
2489
2490
2494
2495
2496
2497
2498
2501
2502
2503
2505
2507
2508
2509
2512
2513
2514
2517
2518
2523
2525
2531
2535
2538
2542
2543
2545
2549
2550
2551
2559
2560
2561
2570
2572
2584
2587
2598
2606
2609
2611
2612
2619
2630
2633
2638
2640
2645
2646
2647
2651
2652
2653
2654
2655
2657
2659
2661
2671
2672
2673
2680
2683
2684
2693
2696
2697
2698
2699
2700
2701
2711
2712
2716
2723
2724
2726
2727
2729
2732
2736
2743
2753
2754
2755
2757
2760
2762
2764
2765
2766
2767
2768
2769
2774
2775
2776
2780
2781
2782
2783
2784
2785
2786
2787
2791
2792
2795
2796
2797
2798
2800
2802
2806
2818
2819
2820
2822
2823
2825
2829
2831
2833
2836
2837
2839
2840
2841
2842
2843
2844
2847
2850
2851
2852
2853
2854
2857
2864
2869
2870
2875
2881
2882
2889
2890
2891
2892
2893
2894
2895
2896
2898
2900
2902
2905
2906
2913
2914
2915
2917
2918
2919
2927
2936
2942
2945
2948
2949
2953
2954
2955
2956
2957
2958
2974
2975
2978
2980
2981
2982
2988
2989
2990
2991
2993
2994
2995
2996
2998
2999
3000
3002
3003
3004
3005
3010
3011
3019
3023
3024
3029
3030
3031
3033
3034
3035
3045
3049
3056
3061
3063
3064
3065
3067
3070
3071
3074
3075
3077
3078
3081
3083
3084
3087
3090
3094
3095
3096
3104
3114
3119
3122
3123
3124
3126
3127
3128
3129
3131
3132
3134
3135
3136
3141
3144
3146
3151
3152
3155
3156
3157
3158
3168
3169
3175
3176
3179
3180
3181
3182
3184
3192
3193
3194
3195
3196
3197
3200
3202
3205
3213
3217
3222
3224
3230
3231
3241
3242
3243
3244
3246
3248
3252
3253
3254
3261
3267
3269
3273
3277
3282
3284
3287
3291
3293
3294
3295
3296
3297
3298
3299
3300
3301
3302
3305
3309
3310
3311
3312
3318
3321
3324
3326
3332
3333
3335
3344
3349
3353
3365
3366
3367
3374
3376
3377
3378
3380
3386
3387
3390
3393
3397
3399
3401
3402
3403
3405
3407
3408
3409
3410
3411
3412
3415
3417
3421
3423
3424
3425
3428
3430
3432
3436
3439
3440
3443
3449
3450
3453
3454
3458
3464
3465
3468
3471
3474
3483
3485
3489
3491
3492
3493
3494
3495
3497
3498
3507
3512
3513
3514
3515
3516
3517
3524
3525
3527
3528
3531
3532
3533
3534
3535
3538
3540
3541
3542
3543
3545
3546
3547
3548
3549
3551
3553
3554
3556
3557
3564
3567
3569
3571
3574
3575
3576
3578
3579
3586
3591
3598
3607
3609
3610
3626
3627
3636
3639
3640
3641
3642
3646
3648
3649
3650
3653
3667
3669
3671
3675
3676
3696
3702
3708
3710
3711
3716
3718
3720
3721
3724
3725
3727
3733
3734
3736
3737
3738
3740
3745
3748
3751
3753
3756
3761
3762
3763
3764
3765
3776
3778
3779
3780
3782
3784
3785
3793
3794
3798
3801
3805
3807
3810
3812
3815
3817
3818
3819
3820
3826
3831
3833
3840
3841
3849
3850
3851
3852
3858
3859
3861
3873
3879
3882
3892
3898
3902
3904
3917
3918
3919
3921
3922
3925
3927
3928
3930
3932
3935
3939
3942
3944
3945
3946
3964
3967
3968
3984
3985
3991
3993
3994
3996
3998
3999
4006
4008
4009
4010
4011
4013
4018
4019
4022
4026
4027
4028
4029
4030
4031
4032
4033
4035
4036
4038
4039
4040
4041
4042
4043
4044
4045
4047
4048
4049
4052
4055
4056
4068
4071
4075
4079
4086
4088
4089
4100
4109
4112
4114
4115
4116
4117
4118
4120
4128
4132
4133
4134
4140
4146
4147
4149
4152
4153
4166
4168
4169
4172
4174
4180
4181
4182
4183
4184
4188
4190
4193
4194
4214
4215
4219
4220
4223
4227
4232
4233
4234
4235
4236
4237
4238
4239
4240
4241
4246
4247
4250
4254
4255
4260
4264
4268
4271
4274
4275
4276
4277
4278
4279
4283
4285
4293
4294
4295
4302
4303
4307
4316
4324
4325
4328
4330
4331
4334
4336
4339
4340
4348
4355
4357
4361
4363
4364
4366
4367
4368
4369
4370
4372
4375
4378
4379
4381
4387
4392
4397
4398
4399
4400
4402
4403
4404
4409
4410
4411
4417
4418
4419
4420
4426
4427
4428
4432
4450
4454
4458
4459
4460
4465
4471
4474
4477
4478
4479
4480
4482
4486
4487
4489
4491
4494
4498
4499
4500
4501
4502
4504
4508
4517
4518
4519
4538
4542
4543
4544
4559
4566
4568
4572
4573
4575
4587
4594
4596
4597
4598
4599
4600
4603
4606
4607
4608
4610
4612
4615
4620
4621
4622
4623
4624
4626
4629
4630
4633
4636
4637
4638
4645
4647
4648
4650
4651
4652
4659
4660
4661
4662
4666
4670
4671
4673
4682
4683
4685
4688
4693
4694
4695
4697
4698
4699
4702
4703
4726
4728
4732
4735
4739
4742
4745
4746
4750
4752
4754
4760
4761
4762
4765
4766
4768
4772
4774
4775
4776
4778
4779
4781
4784
4785
4788
4791
4793
4795
4804
4805
4808
4818
4819
4823
4824
4826
4828
4831
4832
4833
4839
4843
4845
4857
4861
4863
4866
4867
4869
4875
4876
4877
4878
4879
4880
4881
4882
4886
4887
4891
4893
4897
4898
4899
4903
4905
4907
4908
4909
4911
4912
4913
4914
4915
4916
4917
4918
4919
4924
4925
4926
4927
4928
4929
4932
4936
4949
4951
4952
4953
4955
4957
4970
4980
4982
4984
4987
4988
4990
4991
4993
4995
5001
5003
5006
5010
5011
5016
5017
5018
5019
5027
5030
5031
5032
5034
5035
5036
5037
5039
5041
5043
5044
5047
5049
5054
5060
5063
5064
5065
5067
5069
5070
5071
5073
5076
5078
5079
5081
5082
5084
5085
5086
5087
5088
5089
5091
5092
5093
5095
5096
5097
5098
5099
5102
5103
5110
5113
5116
5118
5119
5120
5125
5126
5129
5130
5137
5140
5147
5148
5149
5151
5152
5153
5160
5162
5163
5165
5166
5167
5168
5170
5172
5176
5179
5182
5183
5186
5187
5188
5190
5191
5192
5193
5201
5206
5211
5212
5215
5228
5231
5232
5235
5238
5241
5242
5243
5251
5256
5263
5268
5270
5271
5272
5273
5277
5280
5284
5304
5308
5310
5311
5320
5328
5329
5330
5331
5336
5337
5339
5345
5346
5349
5352
5353
5354
5355
5363
5369
5370
5371
5372
5373
5376
5379
5382
5383
5385
5397
5398
5399
5400
5401
5403
5404
5411
5415
5416
5418
5419
5420
5422
5423
5431
5436
5443
5449
5450
5451
5452
5453
5454
5455
5459
5460
5461
5462
5464
5465
5478
5479
5481
5486
5487
5493
5499
5503
5505
5507
5511
5512
5514
5517
5521
5523
5525
5528
5534
5535
5536
5537
5541
5542
5543
5544
5547
5549
5550
5551
5552
5556
5557
5558
5559
5560
5561
5564
5570
5572
5573
5575
5576
5578
5582
5585
5587
5588
5590
5591
5599
5600
5602
5605
5606
5609
5619
5620
5623
5625
5630
5632
5649
5653
5662
5668
5669
5670
5671
5672
5674
5678
5682
5683
5684
5686
5688
5690
5691
5694
5699
5700
5703
5708
5712
5714
5720
5721
5722
5725
5729
5732
5733
5736
5740
5741
5742
5745
5747
5748
5749
5753
5756
5758
5760
5765
5766
5767
5768
5770
5771
5772
5775
5788
5796
5800
5801
5802
5808
5809
5811
5840
5841
5842
5843
5846
5847
5848
5851
5852
5854
5857
5858
5859
5860
5861
5862
5863
5864
5865
5868
5869
5872
5874
5876
5885
5889
5891
5893
5894
5899
5900
5901
5914
5916
5929
5941
5942
5944
5951
5952
5958
5967
5971
5972
5973
5975
5977
5978
5980
5981
5983
5984
5987
5990
5991
5994
5995
5996
5997
5998
5999
6002
6004
6005
6006
6007
6008
6009
6010
6014
6015
6017
6022
6026
6033
6035
6038
6039
6050
6051
6056
6061
6062
6063
6064
6065
6066
6068
6072
6073
6074
6075
6076
6077
6078
6079
6080
6081
6082
6083
6084
6085
6091
6092
6098
6103
6104
6107
6109
6111
6113
6116
6118
6119
6124
6126
6127
6130
6139
6140
6141
6143
6157
6159
6161
6163
6165
6167
6172
6174
6183
6189
6190
6192
6193
6195
6196
6214
6215
6216
6218
6225
6228
6229
6230
6235
6236
6239
6240
6241
6242
6243
6244
6245
6246
6247
6248
6250
6251
6252
6256
6263
6265
6267
6269
6270
6272
6276
6277
6278
6279
6280
6283
6286
6287
6288
6296
6301
6302
6303
6304
6305
6306
6308
6309
6310
6312
6313
6314
6315
6316
6318
6319
6320
6321
6335
6338
6341
6342
6345
6347
6348
6350
6351
6353
6355
6356
6358
6359
6367
6374
6375
6377
6382
6386
6387
6388
6393
6394
6395
6398
6399
6400
6401
6405
6411
6414
6417
6419
6421
6424
6428
6429
6430
6431
6442
6445
6447
6458
6459
6464
6465
6467
6468
6479
6482
6487
6490
6491
6492
6493
6494
6495
6496
6497
6498
6502
6508
6510
6511
6512
6513
6514
6515
6516
6518
6519
6520
6521
6522
6533
6535
6539
6541
6547
6548
6549
6563
6564
6565
6570
6572
6575
6593
6595
6597
6598
6611
6612
6613
6614
6615
6616
6617
6618
6619
6636
6637
6638
6639
6642
6644
6646
6647
6648
6653
6657
6658
6659
6664
6665
6666
6684
6688
6689
6694
6696
6697
6698
6708
6709
6710
6717
6718
6719
6727
6728
6730
6731
6732
6735
6736
6740
6741
6744
6745
6746
6747
6749
6750
6751
6754
6758
6759
6760
6762
6763
6764
6766
6767
6770
6776
6777
6778
6780
6781
6783
6790
6793
6794
6795
6802
6804
6807
6808
6809
6810
6811
6812
6818
6822
6824
6825
6826
6831
6844
6845
6846
6852
6855
6856
6864
6866
6868
6874
6875
6876
6878
6880
6882
6895
6897
6899
6902
6904
6905
6906
6907
6908
6912
6923
6924
6926
6928
6929
6930
6931
6932
6933
6934
6935
6937
6948
6949
6950
6951
6952
6954
6955
6956
6958
6959
6961
6962
6963
6964
6969
6971
6979
6981
6982
6993
6999
7003
7005
7010
7011
7012
7013
7015
7016
7017
7020
7022
7025
7027
7028
7029
7034
7035
7039
7041
7068
7075
7077
7082
7088
7089
7101
7130
7134
7135
7137
7140
7142
7143
7148
7150
7151
7159
7163
7164
7171
7172
7180
7182
7184
7185
7186
7187
7190
7191
7208
7216
7227
7252
7256
7257
7259
7260
7261
7262
7263
7265
7269
7272
7273
7281
7287
7288
7290
7296
7297
7298
7300
7301
7302
7303
7304
7311
7312
7313
7314
7316
7318
7320
7321
7322
7324
7325
7326
7327
7328
7329
7330
7332
7334
7336
7338
7339
7345
7359
7387
7388
7391
7392
7393
7394
7401
7415
7416
7422
7424
7425
7427
7428
7429
7430
7431
7439
7442
7443
7445
7447
7448
7451
7455
7456
7457
7460
7462
7463
7467
7468
7472
7475
7476
7486
7487
7489
7499
7500
7504
7505
7508
7510
7511
7515
7517
7520
7522
7524
7535
7536
7538
7539
7540
7546
7547
7548
7549
7550
7551
7552
7553
7559
7562
7563
7564
7565
7566
7567
7570
7572
7573
7575
7578
7581
7584
7585
7586
7587
7588
7589
7591
7593
7603
7605
7607
7608
7609
7617
7618
7619
7625
7628
7629
7637
7638
7640
7642
7643
7647
7648
7657
7660
7661
7669
7674
7675
7683
7695
7703
7709
7711
7715
7717
7718
7722
7724
7725
7726
7727
7728
7734
7738
7739
7740
7743
7747
7748
7750
7752
7754
7762
7763
7764
7772
7773
7774
7775
7777
7779
7781
7787
7794
7797
7806
7811
7812
7813
7815
7819
7820
7821
7823
7824
7825
7826
7828
7829
7830
7835
7845
7847
7848
7851
7852
7854
7855
7863
7872
7875
7877
7880
7885
7887
7899
7903
7904
7909
7911
7916
7920
7921
7922
7923
7924
7925
7927
7928
7929
7930
7931
7934
7937
7938
7939
7942
7943
7945
7946
7948
7950
7958
7960
7962
7963
7964
7965
7972
7975
7976
7984
7985
7986
7988
7991
7996
7997
7998
8000
8009
8013
8014
8015
8018
8021
8022
8025
8026
8037
8038
8039
8040
8044
8045
8046
8047
8048
8049
8053
8061
8065
