ID	IJC_SAMPLE_1	SJC_SAMPLE_1	IJC_SAMPLE_2	SJC_SAMPLE_2	IncFormLen	SkipFormLen	PValue	FDR	IncLevel1	IncLevel2	IncLevelDifference
45	0	2	0,2	0,0	270	149	1	1.0	0.0	NA,1.0	-1.0
351	0	2	2,0	0,0	271	149	1	1.0	0.0	1.0,NA	-1.0
1037	17	0	16,5	0,2	298	149	0.563156218572	1.0	1.0	1.0,0.556	0.222
1038	13	0	14,5	0,2	298	149	0.562045855303	1.0	1.0	1.0,0.556	0.222
1299	0	4	2,0	0,0	298	149	1	1.0	0.0	1.0,NA	-1.0
1320	176	6	6,32	0,0	285	149	0.0100321355908	0.08732619185094737	0.939	1.0,1.0	-0.061
1321	48	6	2,4	0,0	298	149	0.000368434745976	0.008631899762866286	0.8	1.0,1.0	-0.2
1322	48	6	2,4	0,0	298	149	0.000368434745976	0.008631899762866286	0.8	1.0,1.0	-0.2
1590	2	0	0,0	0,2	224	149	1	1.0	1.0	NA,0.0	1.0
1900	9	0	0,0	4,0	240	149	1	1.0	1.0	0.0,NA	1.0
2216	0	4	2,0	0,0	230	149	1	1.0	0.0	1.0,NA	-1.0
2494	2	0	0,0	0,2	194	149	1	1.0	1.0	NA,0.0	1.0
2495	0	1	9,0	0,2	194	149	0.004874350415	0.04702314518	0.0	1.0,0.0	-0.5
3851	0	2	0,4	0,0	298	149	1	1.0	0.0	NA,1.0	-1.0
4695	2	0	0,2	0,2	239	149	1	1.0	1.0	NA,0.384	0.616
5315	4	2	2,2	0,0	266	149	0.00197926966067	0.024969248026913846	0.528	1.0,1.0	-0.472
5738	0	2	0,2	0,0	259	149	1	1.0	0.0	NA,1.0	-1.0
5859	2	399	2,0	31,120	257	149	1	1.0	0.003	0.036,0.0	-0.015
6973	4	2	0,0	0,2	216	149	1	1.0	0.58	NA,0.0	0.58
6974	4	2	0,0	0,2	195	149	1	1.0	0.604	NA,0.0	0.604
6977	4	4	0,4	0,0	209	149	1	1.0	0.416	NA,1.0	-0.584
7109	2	0	2,0	0,2	167	149	0.101339939141	0.5539916673041333	1.0	1.0,0.0	0.5
7164	2	0	2,0	0,2	206	149	0.0590670525573	0.3340343661861104	1.0	1.0,0.0	0.5
7538	0	4	4,0	0,0	298	149	1	1.0	0.0	1.0,NA	-1.0
7554	2	0	0,2	0,2	298	149	1	1.0	1.0	NA,0.333	0.667
8822	1	18	0,0	4,12	246	149	0.313378295518	1.0	0.033	0.0,0.0	0.033
8823	18	0	4,12	2,0	250	149	0.492726893579	1.0	1.0	0.544,1.0	0.228
8825	18	0	4,12	2,0	253	149	0.490297228951	1.0	1.0	0.541,1.0	0.23
8960	1	0	0,0	2,0	275	149	1	1.0	1.0	0.0,NA	1.0
9769	4	2	0,0	0,2	298	149	1	1.0	0.5	NA,0.0	0.5
10075	2	0	0,0	0,2	298	149	1	1.0	1.0	NA,0.0	1.0
10477	0	2	4,0	0,0	232	149	1	1.0	0.0	1.0,NA	-1.0
10562	2	0	0,0	0,2	264	149	1	1.0	1.0	NA,0.0	1.0
10882	2	14	0,2	0,4	298	149	1	1.0	0.067	NA,0.2	-0.133
10981	0	2	0,2	0,0	203	149	1	1.0	0.0	NA,1.0	-1.0
11488	0	23	0,2	6,12	293	149	0.364056209996	1.0	0.0	0.0,0.078	-0.039
12244	0	2	2,0	6,14	210	149	0.82435902927	1.0	0.0	0.191,0.0	-0.096
12294	2	0	0,2	0,2	195	149	1	1.0	1.0	NA,0.433	0.567
12523	143	0	72,67	0,2	255	149	0.517592402182	1.0	1.0	1.0,0.951	0.024
13899	0	2	2,0	0,0	212	149	1	1.0	0.0	1.0,NA	-1.0
13945	2	0	0,2	0,2	271	149	1	1.0	1.0	NA,0.355	0.645
14034	6	2	4,2	0,2	170	149	0.248779476846	1.0	0.724	1.0,0.467	-0.01
14035	0	6	0,4	4,0	173	149	0.0158991325735	0.1133677279153913	0.0	0.0,1.0	-0.5
14304	6	4	2,4	0,8	203	149	0.843644024198	1.0	0.524	1.0,0.268	-0.11
14305	8	4	4,4	0,8	298	149	0.7848399268	1.0	0.5	1.0,0.2	-0.1
14306	4	0	2,6	0,2	200	149	0.671662788587	1.0	1.0	1.0,0.691	0.155
14308	2	0	0,0	0,2	200	149	1	1.0	1.0	NA,0.0	1.0
14678	2	0	0,2	0,2	298	149	1	1.0	1.0	NA,0.333	0.667
14688	4	0	0,0	0,2	285	149	1	1.0	1.0	NA,0.0	1.0
15358	4	2	2,4	0,0	298	149	0.001474365237	0.020409746527936666	0.5	1.0,1.0	-0.5
15359	4	2	2,4	0,0	298	149	0.001474365237	0.020409746527936666	0.5	1.0,1.0	-0.5
15431	0	4	4,0	0,0	298	149	1	1.0	0.0	1.0,NA	-1.0
15726	4	2	4,5	0,0	289	149	0.00149339608741	0.020409746527936666	0.508	1.0,1.0	-0.492
16147	0	2	0,2	0,0	238	149	1	1.0	0.0	NA,1.0	-1.0
16148	0	2	0,2	0,0	242	149	1	1.0	0.0	NA,1.0	-1.0
16765	2	0	0,4	0,2	203	149	1	1.0	1.0	NA,0.595	0.405
16767	2	2	0,6	0,0	251	149	1	1.0	0.372	NA,1.0	-0.628
16770	0	2	2,0	6,0	281	149	1	1.0	0.0	0.15,NA	-0.15
17332	1	0	6,2	2,0	242	149	0.645709886104	1.0	1.0	0.649,1.0	0.175
17525	0	2	0,2	2,6	298	149	0.603687011468	1.0	0.0	0.0,0.143	-0.071
17613	8	6	0,0	0,2	236	149	1	1.0	0.457	NA,0.0	0.457
17688	2	20	0,0	5,0	298	149	1	1.0	0.048	0.0,NA	0.048
18015	2	2	2,2	0,0	298	149	0.000365113531971	0.008631899762866286	0.333	1.0,1.0	-0.667
18235	3	0	0,0	2,0	290	149	1	1.0	1.0	0.0,NA	1.0
18606	0	2	2,2	0,4	242	149	0.00300536760308	0.030805017931570002	0.0	1.0,0.235	-0.617
18713	2	2	2,0	0,0	298	149	1	1.0	0.333	1.0,NA	-0.667
19298	4	2	0,4	0,0	298	149	1	1.0	0.5	NA,1.0	-0.5
19902	2	0	0,2	2,0	213	149	0.0362458282418	0.24767982631896665	1.0	0.0,1.0	0.5
19903	4	0	0,4	2,0	240	149	0.0487883013231	0.29634375618475556	1.0	0.0,1.0	0.5
20184	0	4	0,2	0,0	298	149	1	1.0	0.0	NA,1.0	-1.0
20185	0	4	0,2	0,0	285	149	1	1.0	0.0	NA,1.0	-1.0
20885	2	0	0,0	2,0	218	149	1	1.0	1.0	0.0,NA	1.0
20955	2	0	0,0	0,2	298	149	1	1.0	1.0	NA,0.0	1.0
21047	2	6	6,8	32,6	298	149	0.703074209358	1.0	0.143	0.086,0.4	-0.1
21331	2	0	0,0	4,0	298	149	1	1.0	1.0	0.0,NA	1.0
21389	0	4	0,6	0,0	298	149	1	1.0	0.0	NA,1.0	-1.0
21457	0	5	0,2	16,10	242	149	0.786702875107	1.0	0.0	0.0,0.11	-0.055
21683	66	2	10,38	0,2	282	149	0.4896027312	1.0	0.946	1.0,0.909	-0.009
21973	4	0	0,2	0,2	257	149	1	1.0	1.0	NA,0.367	0.633
22490	2	6	0,0	0,2	276	149	1	1.0	0.153	NA,0.0	0.153
22949	0	2	2,0	0,6	298	149	0.227227872542	1.0	0.0	1.0,0.0	-0.5
23565	2	0	4,0	2,0	167	149	1	1.0	1.0	0.641,NA	0.359
23592	4	2	0,2	0,0	275	149	1	1.0	0.52	NA,1.0	-0.48
23789	2	0	0,0	2,0	195	149	1	1.0	1.0	0.0,NA	1.0
23862	0	2	6,0	4,4	298	149	0.0144899312884	0.11315946339512381	0.0	0.429,0.0	-0.214
23889	2	0	0,2	2,0	273	149	0.0158923572848	0.1133677279153913	1.0	0.0,1.0	0.5
24829	0	2	0,4	0,4	283	149	1	1.0	0.0	NA,0.345	-0.345
25109	2	0	10,13	0,2	230	149	0.788699558798	1.0	1.0	1.0,0.808	0.096
27106	0	4	6,6	0,0	227	149	2.40242781224e-09	3.9399816120736e-07	0.0	1.0,1.0	-1.0
27479	0	19	0,2	12,26	158	149	0.297959900193	1.0	0.0	0.0,0.068	-0.034
29391	2	0	0,0	2,0	197	149	1	1.0	1.0	0.0,NA	1.0
29392	0	2	2,0	0,0	298	149	1	1.0	0.0	1.0,NA	-1.0
30889	2	5	0,0	6,0	261	149	1	1.0	0.186	0.0,NA	0.186
31093	2	4	0,0	0,8	289	149	1	1.0	0.205	NA,0.0	0.205
31349	8	0	13,24	1,0	298	149	1	1.0	1.0	0.867,1.0	0.067
31686	0	2	2,0	0,0	250	149	1	1.0	0.0	1.0,NA	-1.0
32316	2	0	0,8	2,0	245	149	0.0526569394685	0.3084192168869286	1.0	0.0,1.0	0.5
32738	2	0	0,0	2,0	194	149	1	1.0	1.0	0.0,NA	1.0
32869	2	6	0,0	0,8	255	149	1	1.0	0.163	NA,0.0	0.163
33162	2	0	0,0	0,2	278	149	1	1.0	1.0	NA,0.0	1.0
33590	0	2	0,2	0,0	242	149	1	1.0	0.0	NA,1.0	-1.0
33673	2	0	0,0	2,0	253	149	1	1.0	1.0	0.0,NA	1.0
34339	2	0	0,0	0,2	212	149	1	1.0	1.0	NA,0.0	1.0
34418	0	2	2,0	0,6	267	149	0.209411562897	0.9812427518602286	0.0	1.0,0.0	-0.5
34669	2	2	0,0	2,2	173	149	0.00272594159069	0.030805017931570002	0.463	0.0,0.0	0.463
34867	57	0	24,10	0,2	293	149	0.692954864886	1.0	1.0	1.0,0.718	0.141
34869	4	4	4,2	2,4	194	149	0.89567580202	1.0	0.434	0.606,0.277	-0.008
35032	0	2	2,0	6,0	243	149	1	1.0	0.0	0.17,NA	-0.17
35549	2	0	2,0	0,2	282	149	0.0142381944183	0.11315946339512381	1.0	1.0,0.0	0.5
35561	2	0	0,0	2,0	195	149	1	1.0	1.0	0.0,NA	1.0
35659	2	0	2,4	0,2	277	149	0.496585975603	1.0	1.0	1.0,0.518	0.241
36103	0	4	2,0	0,0	267	149	1	1.0	0.0	1.0,NA	-1.0
36563	4	2	0,2	0,0	233	149	1	1.0	0.561	NA,1.0	-0.439
37027	4	10	0,2	0,6	180	149	1	1.0	0.249	NA,0.216	0.033
37029	0	4	0,4	0,0	221	149	1	1.0	0.0	NA,1.0	-1.0
37576	0	2	2,4	0,0	252	149	3.23091599141e-07	1.7662340753041335e-05	0.0	1.0,1.0	-1.0
37584	0	2	2,0	0,0	203	149	1	1.0	0.0	1.0,NA	-1.0
37586	0	2	8,2	0,0	298	149	1.78570699338e-07	1.4642797345716001e-05	0.0	1.0,1.0	-1.0
37760	4	0	0,0	6,0	234	149	1	1.0	1.0	0.0,NA	1.0
37870	8	0	0,0	0,2	155	149	1	1.0	1.0	NA,0.0	1.0
37896	0	2	2,0	4,0	183	149	1	1.0	0.0	0.289,NA	-0.289
38150	0	2	4,0	0,0	275	149	1	1.0	0.0	1.0,NA	-1.0
38208	32	4	6,25	0,0	298	149	0.000997755453647	0.01818132159978978	0.8	1.0,1.0	-0.2
38301	4	0	4,12	0,4	266	149	0.010117058812	0.08732619185094737	1.0	1.0,0.627	0.186
39925	2	0	0,0	2,0	182	149	1	1.0	1.0	0.0,NA	1.0
40081	44	2	4,4	0,0	251	149	0.36836137916	1.0	0.929	1.0,1.0	-0.071
40117	2	2	0,0	0,6	236	149	1	1.0	0.387	NA,0.0	0.387
40483	2	0	4,3	0,2	298	149	0.39893053471	1.0	1.0	1.0,0.429	0.285
40703	0	6	0,2	7,10	239	149	0.548615673916	1.0	0.0	0.0,0.111	-0.056
40841	4	0	0,2	0,6	297	149	1	1.0	1.0	NA,0.143	0.857
41696	2	0	0,10	0,2	173	149	1	1.0	1.0	NA,0.812	0.188
42000	0	4	0,2	6,6	283	149	0.796462965961	1.0	0.0	0.0,0.149	-0.074
42006	2	4	4,0	6,6	237	149	0.78819420771	1.0	0.239	0.295,0.0	0.091
42012	0	4	4,0	6,6	257	149	0.0403591282269	0.2545729626619846	0.0	0.279,0.0	-0.14
42152	68	2	6,22	0,0	229	149	0.740554164548	1.0	0.957	1.0,1.0	-0.043
42153	2	0	0,4	0,2	276	149	1	1.0	1.0	NA,0.519	0.481
42154	4	36	0,6	0,8	276	149	1	1.0	0.057	NA,0.288	-0.231
42155	2	0	0,4	0,2	298	149	1	1.0	1.0	NA,0.5	0.5
43098	2	0	0,12	1,0	236	149	1	1.0	1.0	0.0,1.0	0.5
43162	2	2	4,0	0,0	298	149	1	1.0	0.333	1.0,NA	-0.667
43163	2	2	4,0	0,0	273	149	1	1.0	0.353	1.0,NA	-0.647
43436	2	0	0,0	2,0	225	149	1	1.0	1.0	0.0,NA	1.0
44248	0	2	0,2	0,0	260	149	1	1.0	0.0	NA,1.0	-1.0
44347	0	6	0,2	2,6	298	149	0.603686937829	1.0	0.0	0.0,0.143	-0.071
44846	0	2	2,0	0,2	254	149	0.201659924268	0.9812427518602286	0.0	1.0,0.0	-0.5
45025	0	2	4,0	0,2	298	149	0.0398118600756	0.2545729626619846	0.0	1.0,0.0	-0.5
45191	0	2	0,2	0,5	298	149	1	1.0	0.0	NA,0.167	-0.167
45578	2	0	0,0	2,0	271	149	1	1.0	1.0	0.0,NA	1.0
45580	2	2	0,0	2,0	265	149	1	1.0	0.36	0.0,NA	0.36
45964	2	0	0,2	0,2	253	149	1	1.0	1.0	NA,0.371	0.629
45966	2	4	0,0	0,2	286	149	1	1.0	0.207	NA,0.0	0.207
46054	6	0	2,4	2,0	263	149	0.338112220217	1.0	1.0	0.362,1.0	0.319
46833	24	2	2,22	0,0	298	149	0.129199133421	0.662145558782625	0.857	1.0,1.0	-0.143
46834	37	2	6,20	0,0	298	149	0.231410957772	1.0	0.902	1.0,1.0	-0.098
46835	0	16	8,2	2,8	298	149	0.000515279359015	0.0105632268598075	0.0	0.667,0.111	-0.389
48090	6	2	8,4	0,0	298	149	0.00298350563163	0.030805017931570002	0.6	1.0,1.0	-0.4
48091	0	4	0,2	2,2	185	149	0.574653600863	1.0	0.0	0.0,0.446	-0.223
48252	2	0	0,6	0,2	186	149	1	1.0	1.0	NA,0.706	0.294
48758	2	4	0,2	0,0	197	149	1	1.0	0.274	NA,1.0	-0.726
48958	8	18	0,8	6,4	152	149	0.818320935617	1.0	0.303	0.0,0.662	-0.028
48959	2	6	0,2	4,5	298	149	0.207286564711	0.9812427518602286	0.143	0.0,0.167	0.059
48964	18	6	6,4	4,5	171	149	0.128775073386	0.662145558782625	0.723	0.567,0.411	0.234
49878	0	4	0,2	0,5	293	149	1	1.0	0.0	NA,0.169	-0.169
51814	2	0	0,0	2,8	298	149	2.26251592983e-06	9.276315312303e-05	1.0	0.0,0.0	1.0
