ID	IJC_SAMPLE_1	SJC_SAMPLE_1	IJC_SAMPLE_2	SJC_SAMPLE_2	IncFormLen	SkipFormLen
0	69	360	41	160	176	203
11	1419	1463	2489	1900	279	262
12	29	1	145	0	293	230
14	135	26	372	0	245	294
16	95	52	415	129	317	217
17	9449	7917	3051	1360	246	219
31	38	2	58	0	210	264
39	2	0	7	9	216	216
41	329	290	333	356	233	245
42	60	28	141	76	326	220
43	4	149	0	294	262	259
44	34	44	0	23	230	198
46	268	557	769	965	228	220
47	279	686	759	1339	228	235
48	340	676	1202	1349	220	235
50	63	1	167	0	301	241
51	6	33	0	130	216	301
52	15	17	41	50	337	289
54	2	53	80	240	197	301
55	2	86	78	296	303	220
62	16	22	41	14	428	296
64	13	10	0	21	305	313
65	26	4	12	0	275	305
66	0	77	7	39	328	377
67	31	77	42	39	258	377
68	79	147	220	369	319	302
69	8	147	0	369	307	302
70	87	9	125	0	228	220
71	5	40	12	97	223	247
74	50	5	208	77	234	240
75	4	18	3	142	203	374
76	82	81	231	25	239	294
77	95	81	216	25	244	294
86	12	2	61	20	270	314
87	2	14	9	108	269	494
88	8	51	243	273	264	281
89	101	496	90	411	219	360
92	25	2	136	98	320	284
93	22	6	92	169	272	320
100	23936	18639	28600	16079	272	336
102	2670	1150	813	252	308	212
105	7	0	4	6	321	251
106	80	226	135	648	210	349
107	6	24295	9	32717	222	215
108	17	88	20	64	234	328
109	356	250	594	235	329	211
112	6	2	116	114	324	313
113	5	26	73	20	402	274
114	9	181	20	2536	242	252
115	1	5	8	10	456	254
121	88	163	16	30	271	287
122	88	13	16	0	271	303
123	55	76	15	21	287	237
128	470	8	302	0	437	242
135	145	183	310	595	237	236
136	2	0	31	158	223	452
137	244	210	672	420	1037	353
138	249	210	632	420	275	353
139	680	4	1507	0	275	258
140	1654	2328	3413	2070	521	278
141	41	71	108	39	181	208
142	201	212	743	713	199	232
143	400	248	1331	877	199	199
144	130	256	280	872	246	199
150	46	74	61	93	210	301
151	83	46	155	18	238	210
152	83	46	142	18	218	210
154	447	2496	85	408	334	528
155	51	2483	244	393	354	528
156	12	31	12	105	237	262
157	233	636	469	727	209	507
158	1	10	306	301	200	197
159	1	0	306	145	200	260
161	0	1	28	117	203	209
162	0	1	148	117	185	209
163	0	2	23	66	185	209
164	1	2	586	66	200	209
170	1	0	586	23	200	185
171	2	0	364	7	200	185
172	1	0	329	55	200	185
174	237	37621	20	107	323	209
175	77	1006	15	38	371	182
176	1322	1019	49	38	214	182
177	426	1006	77	38	214	182
179	8	135	23	114	210	499
180	88	57	356	366	272	326
181	19	35	6	0	253	246
191	9	1611	0	1168	385	221
192	3048	1611	3157	1168	228	221
193	3048	6	3157	6	228	241
194	34	41	126	57	321	253
195	8	2474	0	2064	238	322
196	31	56	82	129	311	343
197	0	19	18	162	239	263
198	33	60	27	92	202	315
199	33	4	27	64	202	291
200	12	0	0	6	247	280
201	4	45	13	146	191	202
202	29	49	27	69	202	315
203	29	4	27	13	202	291
204	191	441	371	472	202	240
205	4	262	7	320	191	202
207	11	3	67	81	373	323
210	20	24	5	56	274	185
212	24	137	131	542	272	530
213	131	15	890	390	288	288
215	0	1	4	24	248	212
216	0	2	4	55	248	371
217	344	438	209	409	377	345
218	2	1434	0	1312	199	299
219	12	412	13	290	266	355
220	12	522	13	354	266	323
221	12	351	13	228	266	289
222	380	767	187	163	256	306
223	1575	1633	26	46	298	265
225	16	34	83	125	200	232
231	5	11	34	16	236	304
232	26	13	35	27	280	261
233	8	13	0	27	276	261
235	326	311	138	69	242	224
237	1664	1153	1	1	450	268
238	1665	1153	0	1	447	268
240	1088	1834	0	1	256	218
241	107	473	294	358	240	327
244	71	279	82	142	265	368
246	0	3	8	27	259	247
247	0	3	12	23	191	317
251	261	3	366	20	245	230
252	20	20	49	14	175	245
259	17	0	223	17	236	300
260	17	26	223	553	236	354
261	0	26	17	553	300	354
262	0	49	26	1079	300	354
266	6	86	0	75	263	304
267	6	86	0	75	267	304
270	6	79	0	72	263	299
271	6	79	0	72	267	299
273	6	62	0	26	263	295
274	6	62	0	26	267	295
277	418	461	3123	2975	329	392
278	149	219	983	1080	245	325
279	636	707	1721	1283	245	225
280	31	1035	67	2414	260	279
281	31	316	67	815	260	307
286	30	87	185	364	292	278
289	11	8	55	67	240	291
293	2819	166	1363	59	235	352
302	8	58	90	89	397	446
303	172	426	601	760	285	295
306	115	103	248	81	279	235
308	9	0	53	8	180	300
310	165	175	664	674	263	272
311	61	82	137	66	262	234
312	46	165	42	120	312	316
313	313	366	944	784	312	350
314	0	2	36	27	195	230
315	2	10	147	24	273	195
316	14	14	103	43	232	232
328	59	117	211	239	218	317
338	10	22	4	56	248	246
342	42	85	139	218	225	289
350	0	7	12	31	203	203
358	46	16	206	31	332	257
361	69	200	102	123	219	246
362	106	264	157	220	246	291
363	37	70	315	168	327	277
366	55	54	263	188	277	402
367	55	54	263	188	277	267
368	55	56	263	203	277	250
370	0	12	20	0	239	218
378	1	7	59	202	182	254
379	1983	3981	2093	3351	254	271
381	4	15	0	10	314	255
382	4	26	0	102	314	189
385	2	0	119	52	288	253
386	218	800	294	476	362	273
387	815	800	1222	476	412	273
388	43	800	82	476	323	273
389	28	16	80	73	310	310
390	51	108	121	111	271	284
391	3448	4	4682	4	221	319
392	0	5	4	69	310	271
393	2	90	59	278	303	244
394	21	86	139	544	244	694
395	21	15	139	14	244	187
398	44	137	138	139	213	268
399	19508	47590	37	31	338	329
400	27	1	201	279	419	434
401	0	1	67	76	218	230
402	54	100	755	515	206	172
403	88	115	825	862	212	206
404	66	107	551	1205	203	212
409	31	37	18	108	290	333
410	19	45	44	29	314	290
411	45	31	414	91	285	240
413	34	22	53	27	216	210
414	0	12	31	37	247	278
418	29	42	100	174	228	299
419	938	167	994	51	249	254
420	10	291	0	350	193	292
425	2	0	62	9	201	200
430	96	113	536	447	275	238
431	371	762	41	108	215	215
432	448	710	91	133	227	215
433	19	30	73	119	257	317
434	4	89	0	52	205	227
435	65	89	64	52	241	227
436	65	4	64	0	241	205
437	30	122	5	148	203	278
438	56	230	235	776	237	467
439	30	227	92	776	237	467
446	2	2	55	0	224	289
447	15	68	57	100	296	262
449	60	82	130	115	266	280
450	37	23	252	149	262	218
451	203	691	626	939	288	291
452	3	9	137	93	269	270
453	9	9	161	85	278	270
454	0	12	8	27	180	276
456	59	44	310	285	263	224
457	74	172	152	299	239	312
459	10	45	47	329	193	254
461	11	35	134	236	282	806
462	1	141	10	21	188	176
463	105	122	18	0	234	176
464	285	58	164	0	318	176
469	84	80	229	143	287	264
472	0	20	159	33	245	272
473	447	2483	85	387	334	526
475	124	294	235	174	191	278
476	0	5	18	27	228	241
477	28	5	322	27	362	241
478	53	5	386	27	584	241
480	76	213	212	311	222	197
481	274	216	715	311	222	197
484	783	1617	73	95	266	272
485	184	662	37	29	310	231
486	258	829	85	124	295	310
487	310	515	105	131	295	265
488	152	57	69	20	264	295
489	151	457	69	145	264	295
491	37	153	143	294	290	323
492	166	78	607	304	309	269
495	49	1	121	124	471	274
496	48	11	60	47	302	212
497	8	8	52	53	252	324
498	11	7	110	72	324	303
499	8	72	22	89	202	313
500	5	13	70	37	333	337
501	6	93	62	257	197	227
502	21	3	726	271	228	197
503	21	3	726	254	228	192
505	19	29	63	99	239	241
506	23	525	13	677	191	345
507	72	121	88	93	261	213
508	143	138	219	223	478	290
509	31	138	23	223	213	290
510	81	138	160	205	213	290
511	284	1374	2	33	214	316
513	2939	5102	11	50	353	292
514	3781	8333	20	128	292	354
515	214	1	1162	73	235	235
516	911	9	1995	0	230	215
517	1	36	47	228	157	224
520	2	9	20	38	251	244
521	5	3	21	48	228	293
528	42	137	4	271	376	222
529	57	27	181	0	289	539
530	28	16	17	135	333	552
531	28	16	17	151	333	590
532	28	100	17	189	333	1485
533	16	6	47	0	506	363
534	11	6	26	0	405	363
535	6	11	71	42	335	247
536	7	12	70	77	374	335
539	82	37	170	82	220	444
540	82	279	170	231	220	264
541	1	0	19	62	263	323
544	1	0	19	70	263	263
552	277	205	220	115	229	213
553	10	0	7	14	251	213
561	3	53	5	19	263	308
562	59	45	125	86	227	272
564	15	51	208	68	216	227
568	38329	9529	1417	173	251	251
569	18	35	3	41	294	295
570	18	35	3	41	275	295
571	91	55	200	129	372	224
573	45	27	188	115	285	242
574	6	55	21	206	207	267
575	1	13	67	138	305	294
576	0	6	17	18	186	299
579	96	48	7	18	450	293
580	5	20	15	5	200	319
581	30	173	37	153	274	273
582	5	0	77	2	233	193
590	152	102	620	283	308	245
591	152	294	620	714	308	245
593	10	18	61	96	224	203
600	22	64	81	222	203	255
602	74	58	58	91	223	265
604	80	22	147	171	278	263
605	4	15	13	19	233	233
606	12	19	115	141	207	240
609	8	13	250	252	362	280
610	0	13	304	252	359	280
611	26	23	21	74	225	263
615	25	18	142	186	247	270
616	0	1	12	0	247	274
617	6	1	60	0	271	274
618	63	84	130	175	235	262
619	107	2	197	12	229	235
621	72	0	196	10	246	229
622	71	75	142	255	221	229
623	72	75	196	265	246	229
624	162	217	177	218	237	266
625	151	244	104	188	236	237
626	320	146	402	138	310	289
629	17	96	63	217	308	242
630	21	81	87	163	308	242
631	5	0	93	14	247	202
632	5	10	93	108	247	414
633	0	13	55	118	227	234
635	0	6	33	18	287	275
636	5	5	56	13	326	317
638	37	182	109	694	301	2959
639	37	170	109	629	301	2875
640	1	41	0	280	220	514
644	46	33	123	18	218	182
645	177	146	153	201	252	233
646	23	84	4	103	241	249
647	13	126	0	99	241	225
648	13	110	0	85	241	221
653	4	31	0	41	231	285
654	18	15	75	40	348	271
656	58	56	223	115	279	246
658	795	794	121	90	188	320
659	1994	716	347	28	209	176
660	417	1057	66	76	176	209
663	13	128	55	247	204	362
665	5	5	0	10	267	236
668	452	443	201	272	209	217
669	58	158	134	89	230	264
670	605	109	2808	370	317	206
672	474	249	28	16	218	201
673	25	18	0	7	228	165
674	25	702	0	63	228	201
675	1	354	0	54	246	218
676	30	39	82	45	279	224
677	16	6	11	8	286	188
678	120	99	79	195	204	201
679	41	22	82	57	281	287
680	2	25	2	10	266	230
686	4	5	0	85	185	235
689	1	24	0	73	268	221
690	16	87	14	189	268	221
696	0	2	61	6	203	215
697	93	350	255	607	198	328
699	175	81	335	147	306	249
701	45	23	163	381	233	264
702	683	879	632	401	218	232
703	7	4	5	0	272	245
704	254	106	710	159	339	256
706	177	1205	313	2166	222	333
710	66	131	340	480	230	295
711	2	31	86	78	272	277
712	4	744	9	11083	208	244
715	1	0	189	33	426	254
716	3	0	171	33	297	254
720	2	0	39	82	297	254
722	99	0	2396	82	230	254
724	1	0	189	113	426	577
725	3	0	171	113	297	577
727	2	0	39	171	297	577
729	99	0	2396	171	230	577
731	2	0	39	199	297	552
733	99	0	2396	199	230	552
734	1	0	189	4	426	271
735	3	0	171	4	297	271
736	99	0	2396	57	230	426
737	99	2	2396	39	230	297
739	243	228	4	0	334	332
743	2	72	36	327	250	354
748	2	3	30	0	294	264
749	625	1056	855	758	205	201
753	10	3	119	6	219	238
754	0	20	59	152	219	282
755	2	47	108	199	221	218
756	11	17	63	106	375	277
757	0	14	2	229	176	275
759	111	47	147	78	262	208
764	12	21	178	160	233	260
765	21	5	112	56	251	200
766	0	34	5	472	266	359
775	463	616	1367	1407	279	251
776	16	16	32	57	215	178
777	30	31	54	220	246	247
778	25	19	66	33	305	248
779	6	20	27	9	243	200
781	11	9	454	92	312	251
782	52	82	136	205	291	899
783	52	43	136	143	291	304
784	20	48	178	117	250	220
785	277	510	6	9	233	262
786	270	508	0	9	276	262
787	232	62	562	119	347	213
788	3	0	64	8	270	237
789	23	1	178	34	341	198
790	7	1	75	20	203	198
791	7	7	75	65	203	215
792	0	4	26	2	330	458
795	2	8	0	171	462	198
798	4	8	0	171	458	198
802	3	7	61	65	198	215
804	3	8	93	102	215	220
805	24	109	3	542	478	2204
806	24	0	3	35	478	305
807	24	0	3	19	478	279
809	32	15	17	12	176	194
810	100	67	371	348	324	225
812	0	145	8	1351	193	321
813	3	145	147	1351	279	321
814	0	97	47	931	279	321
815	46	0	362	6	270	234
817	9	14	29	22	205	237
818	4	14	45	22	219	237
821	171	233	56	222	395	295
822	163510	263650	33969	15794	799	297
823	161728	263643	33723	15768	799	297
824	15	242686	7	45905	253	799
825	8	22	12	118	238	276
828	19	21	183	441	266	341
829	23	2472	9	1740	231	305
830	441	1053	774	1341	250	302
833	58	23	86	120	264	190
834	209	42	160	93	305	224
835	248	27	160	34	305	224
836	111	72	186	161	224	367
837	111	155	186	275	224	382
840	12	3	71	91	353	308
842	85	131	56	58	217	230
843	93	359	96	187	230	275
846	5	7	39	56	290	217
847	3	49	30	112	222	261
848	11	12	0	20	254	221
850	18	68	25	28	200	244
851	11	13	15	54	277	580
852	27	50	82	77	268	289
859	29	5	190	34	347	218
865	8	0	0	21	376	272
866	734	1477	232	367	257	302
870	163	177	339	172	341	233
871	43	50	38	45	281	217
872	27	31	141	68	284	249
873	15	22	41	69	245	284
877	15	4	82	68	220	205
881	0	31	43	113	216	871
882	14	21	22	48	254	344
885	707	858	2260	1577	305	328
886	300	161	646	300	323	216
887	148	305	211	377	216	247
888	46	19	8	15	267	215
889	32	62	220	184	267	260
891	11	119	28	589	273	307
892	2	15	30	142	220	238
893	22	19	282	97	238	240
894	16	36	196	43	240	272
895	16	28	196	34	240	213
896	16	30	196	87	240	237
897	15	30	86	87	272	237
898	17	29	43	105	237	239
899	6	519	0	604	247	225
901	583	462	978	392	217	204
902	10	554	0	409	229	395
903	58	5	329	0	262	197
912	69	0	138	56	317	237
914	80	151	0	12	216	200
915	2	151	0	12	289	200
927	76	9	393	138	361	176
931	21	59	48	60	369	282
932	88	30	68	16	287	274
933	4	13	0	111	272	302
934	10	4	154	98	230	287
935	95	55	62	0	251	283
936	302	8969	439	10787	245	333
942	2	0	24	12	243	289
943	1019	0	1379	4	259	271
944	3	40	43	106	363	317
945	36	40	153	106	285	317
946	16	13	7	103	343	343
947	13	21	28	243	233	286
948	0	21	3	243	190	286
968	28	33	135	208	201	282
972	59	62	153	100	252	333
973	10	32	228	256	422	374
974	19	9	94	33	465	422
980	204	674	64	91	342	440
981	215	674	110	91	388	440
982	72	234	227	376	215	317
983	11	27	3	24	184	199
984	112	27	162	24	232	199
986	39	6	40	44	247	247
988	106	4	231	113	229	229
989	35	0	220	10	308	307
990	187	235	122	113	328	218
992	406	510	256	367	248	288
994	150	13	324	123	227	257
996	8	15	154	143	260	299
1000	97	55	1165	916	341	224
1001	3016	798	7070	1811	266	182
1010	633	4	2201	24	206	502
1027	41	85	31	176	210	319
1029	3	138	0	290	226	240
1030	359	99	870	454	226	251
1058	9	5	17	80	268	297
1059	18	7	6	15	255	175
1062	8	0	0	4	251	199
1063	8	15	0	50	251	555
1064	8	7	0	7	251	232
1065	16	15	35	50	396	555
1066	0	15	4	50	199	555
1067	0	7	4	7	199	232
1071	23	154	120	2262	212	803
1074	0	4	14	25	248	248
1075	22	76	89	94	206	227
1077	18	67	0	5	264	266
1078	2	0	72	35	695	869
1079	207	410	27	17	341	297
1082	3	214	3	428	182	281
1084	27	27	121	183	242	313
1085	82	125	368	429	282	257
1087	94	62	127	79	343	304
1092	0	4	30	38	229	222
1093	58	39	124	208	260	230
1094	323	395	497	449	227	278
1095	225	199	1486	501	239	245
1096	403	177	1517	357	236	230
1099	202	334	376	458	242	236
1100	2	134	19	301	161	278
1102	22	42	121	234	194	263
1103	0	166	10	2755	272	1238
1104	30	76	500	453	288	340
1105	42	55	541	520	289	288
1106	65	28	629	473	325	289
1107	28701	75948	4831	4459	432	357
1108	21	33	0	1	245	212
1109	187	77	1176	787	249	240
1110	27	87	450	338	260	249
1111	1	87	50	338	433	249
1126	22	89	107	180	207	230
1127	14	20	60	582	271	255
1137	0	1	6	141	195	236
1142	8	321	32	664	380	321
1143	201	30	351	69	322	380
1144	147	94	712	391	255	238
1146	0	569	26	5178	330	374
1148	0	21	11	28	218	185
1149	7	22	16	95	195	334
1151	10	4	126	3	233	178
1152	26	3	74	18	199	210
1154	3	6	69	121	196	221
1155	14	6	110	121	236	312
1156	10	0	38	158	227	182
1157	40	52	388	421	230	218
1165	25	397	43	508	283	217
1166	15	397	29	508	259	217
1170	36	66	31	280	249	271
1171	19	5	31	103	249	271
1173	282	294	7	1	244	319
1174	282	207282	7	516	244	288
1178	1	2	4	4	215	267
1185	6	6	4	21	267	219
1189	26	92	119	372	247	288
1190	4	78	75	2	289	286
1203	1	8	41	68	333	407
1204	51	56	280	316	230	266
1210	97	2	165	2	189	192
1212	0	6	48	26478	220	344
1213	3	5	12902	15569	344	269
1214	2	4	7181	15425	344	269
1215	3	2	12699	7002	269	227
1216	61	73	314	229	431	350
1221	12	1	23	11	279	267
1222	0	2	10	0	267	241
1223	5	0	4	13	267	228
1224	5	2	24	0	267	241
1225	70	128	152	311	224	220
1228	4	86	739	18406	3110	5411
1230	0	2	5	3	216	216
1232	27	89	49	223	294	832
1234	38	10	228	82	274	213
1237	9	9	48	187	238	327
1238	29	64	160	209	255	322
1239	153	47	316	83	337	188
1240	5	6	67	0	340	172
1241	0	4	11	61	202	317
1242	9	0	36	6	261	202
1245	43	10	41	7	269	274
1247	5	1160	0	6582	198	282
1249	1033	1130	7356	4722	282	289
1250	5	4	32	82	294	442
1251	6	30	34	58	205	226
1255	1	13	43	74	243	276
1256	14	7	55	14	276	213
1263	20	70	51	23	288	292
1264	13	70	21	23	261	292
1265	18	29	100	46	296	247
1266	123	9	895	19	337	930
1276	5	23	20	48	260	205
1278	261	263	75	173	251	220
1287	14	10	120	69	314	272
1290	760	2106	8089	18164	242	302
1292	2382	6241	0	2	332	468
1293	74	91	435	701	337	308
1301	0	4	66	36	233	295
1302	175	506	223	346	200	232
1309	8	9	32	7	265	333
1310	6	9	0	7	246	333
1311	6	8	0	32	246	265
1320	254	8	442	15	284	246
1326	14	46	45	86	234	236
1327	5	458	0	890	194	266
1329	826	667	207	44	247	227
1330	695	807	172	218	227	227
1331	730	1016	131	155	227	202
1336	6	32	8	33	251	266
1337	18	32	123	33	258	266
1341	21	2	111	10	193	287
1342	24	9	118	173	193	287
1345	485	502	3619	2722	287	245
1346	30	268	33	401	279	239
1347	334	464	533	467	294	279
1348	11	0	107	37	260	226
1350	2	9	34	0	248	248
1351	3	14	0	17	227	254
1355	17	0	108	17	272	275
1356	2625	3	3121	12	248	293
1359	32	47	12	160	223	218
1360	1529	47	3689	160	230	218
1362	3	0	42	6	339	296
1363	4	2	16	51	282	194
1366	55	31	663	218	298	239
1367	40011	28364	191	38	304	246
1368	7993	27134	136	213	224	381
1369	7993	254	136	0	224	176
1370	1935	2434	14	34	200	188
1371	1935	3121	14	34	200	203
1372	110	0	400	6	214	252
1374	12	6	0	29	227	200
1375	2	22	3	20	227	288
1376	2	14	0	47	227	186
1378	12271	10648	1120	547	303	226
1379	28	40	42	19	354	267
1380	68	106	407	721	241	269
1381	6	14	0	287	272	231
1382	63	10	13	27	224	183
1385	0	60	8	516	306	240
1386	0	22	8	129	306	196
1390	13	0	108	39	332	307
1393	176	701	3	22	237	369
1399	3	9	44	65	246	321
1406	77	76	313	130	221	248
1407	0	23	28	30	240	212
1412	530	66	436	5	246	203
1417	2	29	0	38	290	253
1418	0	23	26	125	217	271
1422	4	8	91	42	344	257
1423	2	4	66	46	296	282
1426	80	118	76	425	615	241
1427	80	43	76	123	615	226
1428	100	73	366	185	302	223
1430	58	80	401	320	269	354
1431	124	22	654	25	289	233
1433	69	87	326	168	343	311
1445	5	5	36	8	217	240
1446	109	4	373	0	228	250
1447	109	373	373	860	228	243
1448	0	8	15	37	222	244
1454	2	3	89	101	461	401
1457	35	85	95	144	218	276
1462	7	116	29	80	221	233
1463	16	116	40	80	185	233
1466	0	6	6	65	270	466
1467	3	8778	6	14700	192	302
1468	3	250	6	482	192	319
1473	13	2	66	0	249	183
1474	24	8	203	21	246	183
1475	35	8	255	21	249	183
1476	17	0	58	7	216	249
1479	0	110	7	135	288	325
1480	15	4	22	0	271	264
1481	17	18	24	17	249	378
1483	9	53	0	103	265	451
1490	2	0	0	17	294	203
1491	2	7	0	24	294	205
1493	7	0	26	24	263	205
1495	14	2	15	0	263	294
1496	19	2	17	0	390	263
1497	7	10	16	15	193	390
1508	0	13	138	114	239	372
1509	1908	1	23	0	257	234
1511	68	11	68	15	328	328
1518	61	41	127	20	236	199
1519	123	50	270	87	366	236
1520	0	30	22	60	245	271
1521	41	10	40	0	336	391
1523	0	3	55	42	217	193
1524	13	3	163	42	286	193
1526	6	7	8	112	209	277
1527	11	3	125	89	277	285
1528	10	33	99	178	235	238
1531	5	12	0	59	232	256
1532	5	44	0	230	232	282
1566	0	2	7	64	199	242
1567	0	2	11	64	199	242
1570	2	0	0	34	205	199
1573	441	273	325	305	375	236
1581	316	581	1135	850	370	307
1582	316	618	1135	935	370	311
1583	23	815	129	1421	192	659
1584	10	607	73	1826	192	370
1585	1492	1333	443	420	216	226
1586	41	34	236	284	226	276
1593	57	30	463	154	285	226
1596	88	244	379	626	192	312
1597	431	260	1543	523	312	227
1598	18	17	44	116	282	236
1600	21	129	115	158	202	186
1601	0	179	10	276	242	202
1602	5	59	53	115	240	202
1603	1	0	45	18	208	228
1604	1	0	53	18	234	228
1606	12	18	21	76	203	311
1607	59	53	170	172	293	275
1608	7	1	83	0	260	240
1613	581	25	783	22	227	227
1615	97	422	418	1209	206	356
1616	314	59	982	157	267	316
1617	364	202	1292	614	267	203
1618	9	44	19	167	259	259
1619	70	130	703	2065	316	305
1620	1	121	0	313	232	547
1623	4166	1907	23356	8464	641	249
1624	656	95	316	78	257	175
1626	6	17	6	5	222	211
1637	71	119	174	255	207	255
1638	98	105	154	79	297	221
1639	25	68	150	129	213	240
1643	8	10	155	193	231	323
1649	114	439	180	409	268	270
1650	114	10	180	21	268	289
1651	21	5	251	155	285	246
1652	102	143	96	16	256	289
1660	1	20	57	113	276	314
1666	72	65	685	472	244	274
1667	5	16	79	119	250	252
1668	111	14	286	60	828	311
1669	105	65	607	485	304	240
1670	37	109	291	542	230	304
1672	6	20	14	40	264	276
1673	235	156	112	113	307	302
1674	125	299	165	141	302	311
1675	37	418	30	137	311	299
1676	180	401	137	137	311	299
1678	146	6	1371	1	255	278
1679	75	6	589	1	265	278
1680	22	86	630	981	255	291
1681	22	37	630	527	255	202
1682	53	28	274	330	308	226
1685	1345	2711	35	19	239	262
1692	325	577	769	1145	259	221
1693	7	577	25	1145	284	221
1694	70	187	29	39	202	220
1696	3	7	58	12	271	281
1697	14	4	49	118	314	305
1698	1786	4069	1272	2435	254	296
1699	8	42	0	49	247	267
1700	97	215	95	17	214	254
1701	97	98	95	0	214	214
1702	325	313	138	79	254	244
1703	264	949	31	162	223	294
1704	8	6	16	9	241	201
1705	322	856	416	631	441	371
1706	119	8	1057	134	1311	306
1711	16	16	66	96	413	419
1712	2	10	92	29	235	232
1713	87	88	248	247	235	236
1715	10	10	0	26	200	251
1719	521	864	323	669	232	229
1720	937	395	1463	334	316	244
1721	0	2321	8	4452	205	237
1722	229	274	118	60	271	209
1728	21	13422	54	20901	289	236
1729	12	13422	22	20901	248	236
1730	4	11	60	42	260	256
1731	40	60	100	119	246	248
1732	119	234	486	623	233	302
1733	11	78	20	171	322	295
1735	127	126	314	428	246	272
1736	262	268	349	271	224	227
1738	205	417	378	420	227	235
1739	9	4	1	0	212	245
1740	9	4	1	0	212	242
1742	41	61	148	234	271	295
1743	31263	53906	3058	2501	423	300
1744	2158	230	72	0	318	280
1751	359	696	878	1258	240	293
1752	347	239	937	591	225	240
1756	15	0	28	9	254	195
1757	1140	805	2240	799	280	375
1758	751	823	1256	841	259	224
1759	62	823	121	841	224	224
1760	8	16	66	56	304	272
1763	36	64	273	1020	194	191
1767	16	5	68	10	470	422
1768	16	5	68	10	470	422
1769	1	0	21	13	269	253
1771	33	24	270	137	194	229
1772	272	985	285	787	259	335
1773	1092	607	84	0	328	213
1774	469	1316	32	105	241	328
1776	2	13	0	19	198	266
1782	4	389	0	945	269	212
1783	61	389	119	945	182	212
1785	170	506	0	1	282	240
1788	12	47	113	1033	247	334
1789	1	4	31	11	214	257
1791	25	36	31	117	221	323
1794	0	1	3	49	242	265
1795	0	4	3	67	242	365
1797	19	0	63	18	237	251
1799	3	171	0	279	280	258
1800	95	210	156	338	258	290
1801	240	230	321	253	290	245
1802	61	112	466	412	188	206
1808	177	362	500	883	280	312
1811	90	153	110	164	257	254
1813	69	482	134	792	273	311
1816	93	80	290	23	266	204
1817	94	118	290	157	266	259
1818	94	183	290	227	266	317
1827	36	22	137	82	266	251
1829	19	32	62	66	213	221
1830	21	3	62	3	213	221
1843	33	95	9	74	188	269
1853	10	0	46	45	301	205
1854	0	2	4	11	159	226
1855	264	901	1652	4174	243	276
1939	5	15	62	17	273	256
1941	6	8	22	0	307	223
1942	17	16	13	32	216	235
1943	22	182	6	294	209	267
1944	8	6	11	129	197	218
1946	0	9	18	0	296	301
1947	2483	2460	7474	5546	425	266
1948	2483	0	7474	4	425	284
1950	43	73	128	68	247	198
1954	566	439	2903	1577	315	246
1955	14	189	34	97	293	398
1957	381	369	316	228	263	251
1959	180	155	149	185	272	199
1961	105	132	135	251	191	223
1962	24	111	83	151	272	223
1963	0	7	4	36	205	199
1966	15	17	234	0	223	210
1968	9	3	75	61	225	210
1970	505	437	3253	3392	234	244
1971	109	311	869	2314	193	234
1975	27	21	90	97	293	283
1976	55	73	23	65	256	251
1977	40	73	19	65	358	251
1978	254	136	584	112	819	284
1980	389	536	0	56	256	269
1983	4	28	13	16	294	240
1987	0	2	17	45	252	176
1988	85	25	453	97	209	215
1993	0	15	18	15	317	317
1994	8	0	16	12	284	207
1995	0	4	32	2	233	284
1998	80	40	35	5	201	199
1999	282	27	358	0	331	232
2000	42	28	41	0	331	232
2001	139	212	262	235	301	264
2003	295	74	248	52	323	176
2004	9	18	16	166	272	341
2005	47	101	21	114	291	401
2006	42	23	63	58	233	291
2007	319	224	332	281	371	242
2008	63	24	258	11	220	329
2011	2942	540	1	0	319	164
2012	317	550	730	756	262	335
2013	35	9	78	28	300	294
2014	0	16	46	57	352	308
2016	21	17	169	25	267	233
2017	125	313	318	465	175	239
2018	114	2	326	3	175	239
2019	211	628	618	671	239	211
2020	211	834	618	854	239	238
2023	24	102	118	260	237	308
2024	69	27	394	44	308	192
2026	23	57	122	152	281	264
2032	17	19	23	21	322	322
2033	33	14	84	41	373	303
2034	9	46	217	119	258	277
2038	8	6	13	0	215	223
2039	8	12	13	0	215	226
2041	2	388	0	287	258	223
2042	0	12	27	56	243	330
2043	0	12	14	36	261	330
2044	0	12	21	56	261	330
2045	0	12	14	37	261	371
2046	0	12	21	37	261	371
2047	0	12	27	37	243	371
2050	0	3	25	45	243	344
2053	85	174	145	252	234	254
2058	6	0	11	21	1021	329
2069	10	290	0	52	263	293
2070	6	102	0	42	279	329
2071	6	290	0	52	279	293
2072	6	290	0	52	279	290
2073	102	290	42	52	329	293
2074	102	290	42	52	329	290
2077	0	47	20	53	248	303
2078	1481	1315	1790	930	477	216
2082	36	56	55	48	334	287
2083	27	73	50	67	287	267
2084	33	99	34	178	267	309
2085	4	21	9	49	236	234
2086	4	38	48	131	234	280
2088	18	14	47	104	296	302
2090	37	175	189	559	204	260
2092	4905	2442	50	40	318	280
2106	261	833	933	1766	245	281
2107	130	5	741	0	245	245
2108	125	315	715	868	245	245
2109	12	7	158	11	350	254
2110	2	4	32	14	254	210
2111	5	23	8	37	210	354
2112	170	141	423	415	325	321
2114	190	571	503	1585	211	267
2117	7	17	84	151	259	294
2118	10	17	146	107	503	259
2121	16	0	161	2	227	344
2124	0	52	139	725	228	304
2127	28	46	75	74	258	227
2128	28	75	75	106	258	270
2129	6	5	41	11	228	287
2151	42	88	37	64	288	328
2154	645	1405	1133	1715	250	263
2155	410	350	198	124	301	242
2157	5	3	20	2	263	312
2158	0	2	5	10	239	281
2159	4	107	40	715	346	314
2160	80	107	484	715	278	314
2163	19	11	628	270	351	345
2165	22	53	97	227	233	380
2166	6	5	50	88	282	293
2167	11	50	208	198	275	344
2168	117	3	81	6	239	203
2170	12	4	87	21	237	256
2172	71	262	108	181	278	239
2173	2	12	0	6	257	257
2174	2	12	0	6	257	257
2175	103	12	149	6	278	257
2176	103	2	149	0	278	257
2177	69	1	108	0	278	257
2178	10	0	130	31	668	486
2180	152	239	111	309	214	264
2181	216	121	227	91	264	227
2182	6	102	11	105	213	256
2183	36	90	74	89	266	209
2184	82	157	97	185	421	266
2185	108	157	115	185	427	266
2187	19	325	89	1241	206	311
2188	5	6	58	24	262	221
2189	594	1421	0	20	275	314
2191	37	26	35	66	260	260
2194	0	28	26	208	352	1055
2197	206	86	72	19	281	207
2198	5	3	10	0	287	203
2200	5	10	23	32	212	302
2201	724	45	1853	179	230	215
2203	29	31	81	185	293	376
2205	57	211	38	260	209	376
2209	56	49	76	54	261	301
2210	56	40	76	22	261	238
2211	2	53	0	40	238	265
2212	21	67	105	157	355	323
2214	7337	11824	15748	15808	256	281
2215	0	6	72	117	216	275
2217	49	50	215	193	314	305
2219	10357	19026	1	4	219	245
2223	221	149	193	102	244	215
2224	62	248	425	377	233	207
2225	220	983	178	615	192	248
2226	217	74	150	122	207	229
2229	116	184	10	0	279	212
2233	19	64	313	331	242	280
2235	13	1	83	29	278	176
2237	100	58	127	9	197	230
2238	102	80	143	39	197	230
2239	325	457	85	166	233	233
2240	321	1199	85	234	233	438
2241	307	1122	90	178	233	262
2242	25	40	140	337	272	315
2255	20	38	116	126	264	229
2256	0	2	14	6	253	299
2257	35	48	182	144	263	245
2258	166	159	308	301	308	257
2259	3	159	0	301	206	257
2263	2	0	81	12	200	286
2266	14	37	65	131	245	243
2267	124	53	41	38	207	221
2268	70	146	35	136	221	281
2269	96	72	78	47	281	214
2270	718	3025	1117	1722	252	279
2273	3	186	0	90	290	283
2275	75	26	76	13	237	203
2276	61	142	36	118	203	273
2278	8	201	12	327	242	254
2291	2	5	15	20	243	264
2292	1512	919	5250	2286	352	248
2293	1225	1375	5110	4229	373	352
2294	677	1375	2581	4229	408	352
2295	814	1375	3009	4229	385	352
2296	13	94	0	54	260	319
2301	6	9	0	110	197	239
2308	0	13	24	82	243	512
2309	4	0	15410	5107	230	231
2310	10	0	23686	10159	239	333
2311	10	3	23705	22058	239	333
2312	3	3	7483	11787	221	239
2314	3	16	0	7	206	212
2316	58	154	238	686	193	291
2317	8	1	31	166	211	257
2319	24	39	189	105	253	225
2320	445	81	1	15	301	323
2322	365	420	33	52	337	288
2324	4	59	19	28	213	245
2325	30	9	93	0	224	265
2326	61	51	171	64	268	260
2327	383	882	236	216	239	290
2333	9	13	213	147	257	215
2335	11	56	124	278	298	266
2336	11	33	124	33	298	412
2337	32	169	297	601	266	385
2338	1267	5789	0	10	202	283
2342	20	8	124	43	262	256
2343	2	1	21	16	181	231
2344	5	13	28	159	231	312
2345	12	6	34	89	246	260
2346	12	7	34	41	246	609
2347	62	156	209	331	315	298
2348	0	54	45	184	300	294
2351	0	418	350	6825	316	316
2352	19	4	37	9	235	243
2354	14	47	1607	2580	258	276
2355	66	14	2275	590	291	176
2364	922	1035	2147	1695	251	209
2365	646	1142	1212	1823	209	219
2366	609	1251	1305	1451	219	236
2368	36	140	118	504	256	286
2369	13	2	73	0	179	236
2370	7	178	0	272	241	295
2372	315	235	675	664	491	208
2373	14	0	24	91	188	227
2375	8	6	42	50	287	275
2377	8	22	63	150	255	300
2382	103	116	134	318	385	373
2383	103	174	134	356	385	376
2391	37	11	154	0	236	194
2393	19	6	97	0	194	206
2403	15	9	33	52	227	259
2404	11	13	27	43	262	227
2405	6	24	29	71	214	297
2407	15	36	53	76	262	258
2408	15	0	53	35	262	258
2409	15	13	53	24	262	227
2410	15	0	21	9	291	262
2411	29	22	123	47	291	262
2412	24	30	96	63	280	291
2413	170	33	3957	886	230	191
2414	13	20	74	106	239	209
2418	68	32	136	47	228	271
2419	140	4	137	0	525	220
2422	133	3	137	0	525	220
2425	133	71	137	98	525	271
2426	133	32	137	42	525	247
2428	133	35	137	51	525	271
2432	3	71	0	98	220	271
2433	3	32	0	42	220	247
2444	35	21	66	6	271	226
2446	35	81	58	175	290	284
2447	11	13	72	103	283	334
2448	139	1320	0	3	192	304
2450	3	0	82	1	319	263
2453	19	72	34	126	198	284
2459	2	1	1	0	342	197
2472	23	22	146	107	247	245
2488	13911	27690	28	690	1085	217
2490	2	39	28	114	241	271
2492	0	7	47	80	226	302
2494	33	327	61	122	210	252
2496	123	142	155	66	260	210
2498	10	8	81	161	329	295
2499	9	58	63	539	225	311
2500	43	58	212	278	263	264
2506	9	0	0	31	331	255
2514	9	4	80	8	288	196
2516	5	1	0	146	239	1364
2517	8	0	16	39	273	243
2519	0	8	22	16	267	273
2521	368	4005	2011	15482	239	452
2522	3	31	13	59	230	278
2535	21	48	35	18	230	281
2536	97	69	14	129	317	230
2537	100	1	40	0	303	239
2538	166	1	54	0	317	239
2539	166	2	54	0	317	217
2540	100	2	40	0	303	217
2543	37	51	30	197	243	303
2544	73	160	141	167	213	314
2545	107	163	280	274	314	242
2550	344	140	231	116	266	209
2551	27	18	13	34	302	242
2552	13	1	44	23	234	250
2553	10	2	99	87	316	237
2554	4	0	2	47	268	471
2556	86	92	322	161	322	272
2557	80	92	173	419	252	322
2559	7	33	0	57	216	346
2560	52	73	52	97	187	238
2562	49	48	117	0	238	319
2567	66	70	219	227	298	241
2568	61	56	127	185	301	298
2569	7	7	32	31	251	247
2571	5	11	141	85	279	208
2573	96	63	570	348	224	205
2582	22	9	105	63	247	217
2585	18	0	23	6	291	221
2593	30	2630	78	1321	225	320
2595	17	28	29	105	234	212
2596	36	275	0	14	269	325
2599	4	0	3	10	270	208
2600	11	15	28	63	216	237
2601	0	15	43	63	194	237
2602	0	26	57	82	235	216
2605	6	6	56	64	194	235
2608	349	1097	256	748	213	302
2610	0	3	37	27	283	216
2613	78	75	609	1773	212	221
2614	0	6	25	15	358	220
2616	0	2	5	0	250	212
2617	102	64	114	65	265	236
2619	318	116	1280	425	340	230
2621	2	0	23	2	317	256
2624	50	96	1241	1431	263	562
2625	62	327	126	330	373	833
2654	35	114	96	110	239	277
2655	68	68	129	135	261	239
2656	2	8	116	224	335	347
2658	0	7	22	7	198	296
2659	591	2547	2595	4630	266	303
2660	753	2053	70	20	275	307
2662	0	3	19	0	278	202
2663	27	198	53	505	248	221
2664	0	2	64	169	332	332
2665	15	15	35	39	287	378
2667	28	164	426	450	275	275
2668	372	48	742	768	225	225
2669	16	90	32	190	340	226
2671	562	1079	1268	2225	242	191
2679	357	4618	1	0	245	416
2681	160	203	1005	427	241	205
2682	1	9	34	45	317	184
2683	27	18	169	106	335	335
2696	2	17	51	121	287	280
2704	18	71	12	95	230	209
2705	0	23	13	132	186	258
2706	19	8	135	43	250	547
2709	0	2	3	0	304	288
2711	56	333	63	396	212	304
2713	51	185	212	827	218	269
2714	357	757	569	1015	226	278
2715	795	1240	906	771	232	229
2716	600	1231	569	762	470	229
2717	497	984	494	777	187	232
2718	356	471	2035	1885	255	244
2720	0	13	43	65	268	280
2723	1	1	63	131	234	329
2724	0	243	14	795	185	170
2725	2433	2487	4671	3793	266	276
2726	2466	2808	3816	5724	259	266
2727	5	0	135	74	432	325
2728	0	4	88	183	325	388
2729	5	4	17	206	256	386
2730	0	6	134	40	277	319
2731	4	28	10	58	235	231
2734	1	186	7	901	230	237
2735	8	186	23	901	204	237
2738	8	35	112	125	323	318
2739	12	6	113	61	233	274
2742	21	17	14	1	242	244
2743	12	3	21	0	323	322
2744	4	1	55	10	264	194
2745	3	17	22	43	242	218
2746	1	4	64	51	323	293
2748	4	0	45	9	260	257
2753	845	2821	218	505	356	719
2754	10	9	66	184	317	326
2755	470	208	1862	501	263	263
2761	65	116	234	125	182	202
2762	261	39	579	77	245	182
2763	3	259	24	547	306	230
2764	3	447	24	1581	306	265
2765	17	307	58	800	224	265
2766	3	325	24	803	306	310
2767	9	0	126	6	311	380
2771	24	146	55	291	214	231
2772	0	9	33	67	389	189
2775	41	100	54	110	287	255
2776	5	95	26	87	272	255
2777	5	100	26	110	272	255
2778	18	94	48	81	289	287
2781	0	5	58	0	246	570
2783	0	5	4	0	237	570
2785	4	10	113	54	183	217
2786	10	36	95	221	260	268
2788	40	151	645	1132	230	233
2790	32	52	76	131	341	295
2792	858	470	1742	504	380	254
2794	4	30	15	8	176	225
2795	70	89	163	317	278	274
2800	13	2	0	22	268	231
2802	0	5	24	9	546	213
2804	2295	2350	106	8	390	278
2813	11	74	133	385	236	342
2817	2437	205	1	0	327	281
2818	0	18	18	86	220	326
2820	18	0	85	84	309	364
2825	2	41	0	148	225	227
2826	5	5	7	5	227	207
2827	39	8	149	68	433	257
2828	22	22	0	26	406	236
2829	40	22	2	26	2266	236
2834	4	0	22	37	234	322
2835	11	8	126	14	278	234
2840	3928	13674	10080	21303	268	395
2841	7	0	13	18	221	215
2842	5	0	17	18	226	215
2843	5	7	17	13	226	221
2857	10	4	3	1	242	291
2858	10	2	3	0	242	291
2859	14	3	14	44	294	335
2867	442	449	1401	1416	299	269
2870	200	167	219	227	326	299
2871	0	94	25	268	245	321
2872	2	0	78	65	248	306
2874	23	133	28	222	224	308
2875	23	94	28	246	224	209
2876	133	94	222	246	308	209
2878	8	0	5	2	231	227
2881	42	113	71	60	232	232
2882	781	772	524	782	290	229
2903	113	26	269	25	219	224
2904	259	6	707	40	219	224
2905	259	6	707	62	219	221
2906	29	86	123	162	224	221
2907	29	85	123	43	224	363
2908	0	116	3	180	220	221
2909	164	80	500	461	326	352
2910	138	232	345	397	287	312
2913	19	0	12	66	230	237
2914	2	0	783	1716	286	239
2916	2	0	783	2215	286	271
2920	0	3	7	10	254	164
2922	106	48	363	229	322	224
2923	1	95055	0	25497	230	342
2924	65	95055	16	25497	215	342
2925	349	95052	247	25497	215	342
2927	0	10	5	196	245	337
2928	210	146	289	180	321	227
2929	1	3	9	23	284	308
2932	5	0	32	38	257	188
2933	39	100	32	32	313	258
2934	44	100	150	32	318	258
2935	149	68	958	1022	305	293
2937	55	352	121	242	209	301
2938	158	68	152	73	263	209
2939	142	99	228	214	242	263
2940	98	159	83	231	272	421
2942	5	24	91	119	241	281
2944	41	158	59	136	199	255
2945	3351	1314	4373	1108	294	278
2946	81	1314	144	1108	289	278
2948	145	138	957	985	303	281
2952	27	106	95	219	305	312
2957	6	53	19	128	272	254
2982	182	2	201	0	399	382
2985	2	398	0	16	278	304
2986	7	17	0	16	270	278
2987	43	1137	0	4	237	410
2988	135	188	1617	1310	436	272
2989	23	35	103	44	212	173
2990	8	0	194	41	364	233
2991	0	4	6	47	322	231
2992	2	6	20	74	290	322
2993	4	0	53	60	309	251
2994	24	36	164	234	308	319
3007	0	130	10	543	239	450
3009	0	14	49	32	237	234
3010	4	12	36	19	193	237
3011	11	27	58	40	413	425
3012	74	129	1457	1452	260	365
3013	336	46	150	30	216	187
3014	117	75	336	26	637	265
3015	770	26	839	22	227	287
3016	63	3	269	33	222	304
3017	1	90	31	513	201	272
3018	1	17	20	65	201	272
3019	109	56	805	410	272	251
3020	22	29	105	44	179	177
3022	180	161	389	279	280	230
3023	228	318	388	504	239	267
3024	70	95	163	252	235	298
3026	11	28	90	75	267	207
3027	0	1	32	0	322	297
3031	231	197	57	53	248	203
3032	175	589	19	286	203	290
3033	353	131	395	52	194	194
3034	255	130	184	52	194	194
3035	256	100	184	48	194	194
3036	0	145	161	529	309	470
3037	320	638	1174	1441	262	277
3038	400	638	1550	1441	299	277
3039	43	71	446	554	224	268
3040	17	489	0	887	263	278
3041	21	98	170	171	236	274
3045	0	117	160	1429	293	959
3046	14	237	40	266	281	265
3047	17	237	40	266	255	265
3048	8	25	0	97	280	240
3052	74	50	643	603	276	248
3055	22	241	90	531	271	501
3056	22	13	90	49	271	349
3057	22	13	90	49	271	195
3058	231	13	462	49	501	195
3059	241	13	531	49	501	349
3060	241	13	531	49	501	195
3061	238	13	485	49	501	195
3062	356	787	595	1102	257	362
3063	0	11	14	6	239	329
3072	23	3	361	29	423	252
3075	71	246	308	469	277	300
3076	54	3	315	0	294	277
3077	54	114	315	275	294	277
3078	3	6	14	5	232	251
3079	20	24	126	91	322	252
3081	20	17	176	97	241	257
3092	325	141	2114	671	466	260
3093	162	142	1223	655	466	260
3094	35	494	80	2917	280	466
3095	21	51	828	722	269	269
3096	0	8	34	36	285	314
3098	2	0	16	14	282	476
3103	29	10	153	129	335	230
3104	12	23	41	32	218	206
3107	0	6	41	23	399	255
3108	2	0	54	23	399	255
3109	15	63	125	409	252	248
3113	123	232	240	252	363	287
3114	26	1	174	0	221	221
3115	3	8	258	116	266	248
3116	4	35	155	298	248	301
3120	852	1315	429	431	258	268
3121	41	41	17	17	317	306
3122	377	115	2123	472	216	191
3130	3	25	60	0	258	326
3131	0	14	24	31	257	281
3132	0	21	73	31	290	281
3134	30	21	130	123	343	288
3136	8	1	97	32	400	305
3137	54	204	69	253	210	245
3138	91	381	162	353	245	339
3139	2	0	614	89	890	285
3140	1	5	58	75	497	431
3143	5	16	63	46	236	292
3144	8	1	86	29	194	191
3146	77	48	1954	1180	292	269
3148	143	153	185	91	259	237
3149	136	112	219	181	242	246
3157	10	0	3	14	367	243
3158	0	107	16	392	222	324
3159	0	3	18	20	295	261
3160	5	7	41	20	341	232
3161	306	677	465	469	244	222
3162	1	4	8	0	246	238
3164	47	99	607	208	277	252
3165	30	36	291	71	534	420
3166	5	31	49	107	218	226
3167	8	22	121	36	218	209
3168	39	50	79	60	214	177
3170	41	79	212	99	269	257
3173	413	427	739	614	313	231
3176	8	5	0	21	254	254
3186	7	29	14	23	234	323
3188	152	231	581	358	673	533
3189	4	8	7	170	223	625
3192	0	5	10	0	191	235
3193	9	2	145	25	316	342
3194	43	1	733	200	431	237
3196	0	5	28	19	254	257
3216	69	116	345	560	224	253
3219	140	48	422	302	267	240
3220	29	57	239	293	225	270
3224	0	15	5	81	221	221
3225	4792	8153	13252	12068	211	262
3227	78	89	395	274	275	275
3228	12	12	110	56	438	227
3229	12	2	124	0	438	227
3237	25	25	17	40	371	285
3239	42	128	280	697	316	218
3244	0	6	56	23	297	302
3247	244	0	631	1	612	190
3248	31	0	192	1	206	190
3249	33	17	117	89	345	235
3250	43	97	63	128	236	236
3253	3	0	0	70	292	380
3254	3	1	0	20	292	300
3255	0	1	70	20	380	300
3256	5	5	45	46	231	190
3257	15	5	59	46	255	190
3258	5	55	45	248	231	243
3259	15	55	59	248	255	243
3261	616	1453	317	420	239	293
3262	384	659	331	219	1137	239
3263	0	12	14	183	194	214
3264	12	11	12	0	299	254
3265	83	56	649	247	484	229
3275	2	0	29	12	339	270
3276	362	958	66	12	260	243
3277	12	35	102	105	261	209
3282	0	66	19	225	234	360
3285	72	48	234	235	200	189
3286	43	6	38	40	257	288
3293	1	214	0	111	261	214
3294	1	214	0	111	247	214
3302	32	6837	115	26067	274	257
3303	148	6837	417	26067	185	257
3304	22	9	16	27	194	218
3309	203	962	57	205	278	313
3311	5	0	9	16	246	214
3316	8	3	2	0	298	186
3322	9	5	7	0	452	319
3325	17	113	66	387	179	217
3326	60	110	209	397	215	217
3327	62	168	199	350	215	220
3328	55	168	229	354	217	220
3329	81	120	212	265	220	207
3331	0	78	28	1194	175	270
3332	98	21	1265	31	175	403
3333	39	176	0	5	194	246
3334	429	63	5	24	246	199
3335	268	140	1044	682	289	246
3337	374	736	1007	1617	245	320
3377	5	0	0	45	260	259
3379	2	0	0	17	166	257
3380	36	60	129	114	313	367
3382	5	1	11	77	204	267
3385	19	9	340	83	275	208
3386	94	164	23	73	310	326
3399	13	0	60	12	301	252
3400	9	0	28	6	332	252
3401	41	25	110	62	381	280
3402	48	3	524	148	277	211
3403	37	88	93	90	204	245
3405	0	36	24	345	251	216
3406	0	87	24	667	251	306
3407	8	13	15	55	226	294
3412	1	0	0	10	326	218
3413	14	21	44	47	201	239
3419	23	5	60	0	194	206
3425	173	116	498	148	289	225
3426	38	66	111	320	464	272
3427	4	222	0	996	203	713
3436	6	144	0	658	267	285
3437	83	98	310	392	253	285
3438	46	11	44	12	370	415
3469	15	6	0	26	267	252
3470	6	5	26	0	291	290
3472	19	8	23	52	290	225
3476	89	70	239	53	300	229
3478	8	25	72	90	228	274
3479	16	89	101	383	206	307
3480	729	1727	424	1202	211	231
3481	529	1256	529	814	200	211
3482	98	36	348	152	231	179
3483	31	283	7	35	378	365
3485	28	30	76	93	1358	230
3487	0	6	94	114	357	274
3488	40	351	0	576	344	388
3489	6	241	5	414	223	388
3490	7	244	30	428	223	388
3492	198	226	500	187	305	258
3493	4	25	0	5	364	330
3497	15	5	371	185	218	218
3503	19	24	13	64	321	408
3504	0	2	50	28	317	275
3505	45	21	18	57	257	293
3506	74	25	163	29	306	219
3507	29	42	57	86	219	293
3509	18	93	56	454	212	371
3510	20	193	84	221	248	419
3511	18	37	101	186	186	199
3518	180	6497	546	9389	190	284
3523	6	14	144	173	246	329
3526	923	6128	2496	12246	232	1495
3527	489	166	1526	381	187	378
3528	888	148	3104	590	245	173
3529	1075	846	3885	2751	212	227
3530	94	12	280	54	271	180
3531	6	6	50	12	221	221
3561	11	9	101	67	245	188
3562	9	15	47	74	188	221
3563	17	7	126	52	292	216
3564	11	194	90	1070	180	257
3576	31	17	78	0	241	211
3577	3	13	2	37	180	241
3578	0	4	8	0	377	184
3581	2	56	8	32	195	351
3585	388	890	0	1	266	289
3588	1	58	38	436	346	209
3589	59	255	28	168	323	233
3590	79	542	68	382	333	286
3591	346	444	197	168	286	285
3592	573	234	384	52	285	207
3595	50	9	892	30	268	166
3596	22	9	333	30	319	166
3602	14	16	60	95	284	295
3603	148	93	644	250	264	205
3604	26	352	162	609	194	300
3605	26	98	149	243	194	205
3606	4	4	32	11	205	276
3607	8	84	11	175	225	220
3608	44	0	173	6	329	242
3609	29	0	191	6	365	242
3610	7	0	88	30	215	313
3612	10	56	5	20	225	257
3613	2465	3356	3399	2002	248	256
3615	2	0	4	21	296	284
3620	45	127	125	300	227	337
3621	1044	1312	794	517	1095	348
3622	1042	402	794	170	1095	348
3623	1042	362	794	87	1095	200
3624	402	362	170	87	348	200
3625	993	361	411	87	348	200
3626	964	308	392	35	348	196
3634	2	2	43	0	260	290
3635	2	5	0	58	259	233
3638	63	25	73	8	307	237
3639	26	95	86	124	225	307
3640	4	94	0	102	225	307
3641	41	39	108	45	238	225
3642	7	0	0	12	229	244
3643	7	0	0	12	229	331
3644	69	323	85	214	246	320
3646	149	122	437	180	246	246
3647	12	8	225	84	242	179
3648	0	8	24	84	191	179
3649	0	15	99	258	203	194
3652	58	88	105	187	251	249
3653	8	1	131	27	368	278
3658	79	171	200	290	232	228
3659	18	69	32	466	195	279
3660	0	22	18	36	253	180
3661	1594	1292	14606	8286	363	263
3662	845	530	8075	4091	262	363
3663	845	1993	8077	16195	262	363
3666	9	13	67	106	266	272
3667	0	6	16	92	411	610
3671	27	23	44	4	241	294
3673	24	13	44	17	241	223
3678	275	277	194	182	382	279
3679	1316	3418	57	72	310	376
3680	360	408	0	29	247	238
3683	2887	9077	1639	3392	760	289
3684	8179	9077	4983	3392	353	289
3685	105	163	83	297	260	267
3686	0	46	23	123	186	213
3687	108	46	250	123	240	213
3690	104	4	74	0	259	247
3691	35	4	22	0	234	247
3692	25	62	21	33	221	290
3693	2	156	21	500	218	326
3694	187	75	62	14	270	236
3695	0	6	163	147	247	298
3696	1248	45	1562	142	269	537
3697	1248	6759	1562	5286	269	290
3698	694	2495	975	2607	364	269
3699	2543	2495	4225	2607	375	269
3703	1	12	14	9	236	270
3704	8	16	0	8	344	332
3707	28	14	10	0	201	186
3732	43	3	21	23	272	352
3741	27	4	79	0	346	252
3743	88	58	185	33	299	252
3744	28	17	79	0	404	211
3745	28	17	80	0	346	211
3746	1	21	1	0	346	211
3749	15	16	17	0	346	211
3752	15	16	17	0	346	234
3757	95	1	230	0	330	404
3758	119	1	204	0	299	404
3759	3	26	0	16	187	404
3760	3	1	0	1	187	346
3761	3	1	0	1	187	346
3763	9	15	0	17	187	346
3765	4	1	0	1	187	346
3766	95	1	230	1	330	346
3767	119	1	204	1	299	346
3768	3	14	0	16	187	346
3774	95	4	230	0	330	187
3775	119	4	204	0	299	187
3776	91	1	185	0	330	187
3777	86	1	185	0	299	187
3778	100	5	201	37	299	187
3780	86	5	185	37	330	187
3788	4	31	4	78	164	224
3795	67	179	124	369	267	263
3796	0	34	43	98	172	250
3797	3	0	30	16	221	245
3798	1	3	12	31	242	260
3799	174	42	1304	298	343	343
3803	33	0	36	24	203	247
3805	44	73	156	60	371	310
3818	2	4	14	0	363	358
3819	13	12	179	88	313	400
3820	13	2	179	90	313	250
3821	12	2	88	90	400	250
3822	6	19	170	335	345	400
3826	8	12	5	50	217	272
3827	7	7	40	67	272	245
3830	2	0	116	115	248	286
3832	209	412	56	286	237	323
3835	18332	22057	1224	511	417	294
3836	18332	12	1224	0	417	285
3837	67	186	176	727	215	386
3854	19	14	27	19	227	244
3856	7	12	0	10	222	227
3857	5	14	19	35	230	222
3858	27	15	168	0	300	221
3864	1252	747	469	201	285	264
3866	10	34	81	213	276	337
3870	248	390	276	381	172	197
3871	456	383	1218	346	370	197
3872	298	160	786	300	203	172
3873	341	156	809	285	179	172
3874	254	269	657	587	203	370
3875	256	215	657	312	203	179
3876	294	208	786	340	203	179
3879	120	534	595	1347	418	499
3880	120	353	595	924	418	179
3881	4	1	120	198	223	254
3882	50	92	225	290	248	281
3883	3305	5689	8	25	299	310
3884	44	196	49	154	218	251
3887	4	14	0	1	224	312
3891	4	27	0	1	224	383
3894	28	41	0	1	383	414
3897	7	23	0	1	383	414
3898	15	41	0	1	312	414
3903	25	105	2	0	414	345
3909	72	99	101	227	260	307
3912	74	40	55	23	234	194
3916	30	15	150	23	353	256
3918	211	15	692	37	227	284
3921	4	18	17	108	271	252
3922	8	1	38	0	216	171
3923	86	268	182	298	226	226
3924	27	98	6	95	221	246
3925	5	6	23	32	188	223
3935	145	121	384	124	275	226
3936	2	121	0	124	206	226
3940	196	405	129	307	254	244
3941	196	418	129	373	254	255
3942	196	421	129	400	254	258
3946	8	8	78	155	326	301
3949	27	5	162	37	327	236
3951	225	692	60	91	365	281
3952	421	1179	428	671	217	257
3954	33	88	143	241	253	289
3961	35	87	388	607	319	338
3962	62	420	39	81	204	344
3963	62	141	39	26	204	195
3964	55	241	39	109	204	253
3965	372	246	64	109	344	253
3966	11	14	130	42	1000	337
3969	0	95	2	236	267	282
3970	0	95	2	236	272	282
3971	85	7	61	9	324	277
3972	52	104	41	100	324	402
3977	9	18	24	5	217	208
3978	1622	2058	13	1	285	288
3982	4741	35	5262	15	425	268
3983	8	67	6	171	258	266
3985	122	61	312	107	353	272
3986	72	55	79	58	272	226
3988	126	137	535	354	271	245
3990	87	1087	257	3753	176	311
3993	96	48	259	217	313	287
3997	7	1	5694	12230	344	269
3998	2	1	2760	12049	344	269
4000	21	508	263	1480	198	271
4004	8	2	5	0	247	268
4008	1	6	49	613	202	386
4010	26	73	127	121	253	208
4011	31	19	22	33	306	270
4012	1	0	0	1	188	244
4019	53	23	675	319	285	235
4020	45	51	87	404	235	248
4023	2	1	61	0	228	192
4025	826	1144	348	225	286	298
4026	9	563	0	452	251	331
4027	17	35	106	129	236	234
4028	17	35	106	129	241	234
4030	237	233	403	547	269	254
4031	18	4	135	117	254	398
4033	0	126	17	396	564	240
4040	3	121	0	156	156	291
4055	236	522	1981	1052	306	299
4061	3	7	0	29	1448	326
4063	33	80	75	234	183	200
4064	54	0	261	41	224	238
4065	57	92	662	480	260	210
4068	35	38	118	57	331	326
4070	6	3	44	14	313	218
4071	22	24	26	63	242	264
4072	10	9	66	15	254	242
4077	18	45	87	259	217	289
4078	0	3	2	54	195	278
4079	0	6	2	71	195	278
4080	2	6	9	71	249	278
4081	2	6	39	71	254	278
4082	2	0	9	2	249	195
4083	2	0	39	2	254	195
4084	2	7	47	9	295	213
4088	6	3	11	26	232	384
4089	9	3	34	26	329	384
4090	9	3	38	26	223	384
4091	0	3	1	26	283	384
4095	9	6	34	11	329	232
4096	9	6	38	11	223	232
4097	0	6	1	11	283	232
4098	8	13	21	72	223	232
4099	8	13	31	72	356	232
4100	0	9	1	34	283	329
4101	0	9	1	38	283	223
4102	8	8	31	21	356	223
4104	40525	40709	405	183	361	282
4111	521	305	61	9	221	221
4112	62	256	14	0	221	221
4114	10020	52266	305	428	238	337
4115	65	5235	12	344	276	229
4116	394	150	3168	941	240	230
4117	394	153	3168	983	240	236
4118	2	3	51	10	533	267
4120	10	1	27081	11863	260	318
4121	10	6	27081	14749	260	308
4122	187	87	0	176	319	319
4123	48	49	249	286	262	224
4124	49	124	247	359	224	296
4125	55	0	190	9	236	318
4130	105	319	9	29	245	228
4131	3	9	14	49	249	288
4133	10	112	1	3	182	319
4134	42	111	39	450	236	308
4136	2	23	24	210	185	244
4139	5	0	0	4	250	259
4144	3	0	27	47	236	227
4145	12	4	127	59	324	227
4151	1	0	31	8	246	310
4152	2	12	43	27	272	244
4157	135	228	328	372	240	254
4158	43	518	32	445	198	254
4159	55	16	67	13	222	228
4160	55	159	67	97	222	285
4161	55	66	67	33	222	300
4162	16	159	13	97	228	285
4163	16	66	13	33	228	300
4165	5	2	38	28	355	246
4166	9	29	111	203	223	251
4167	19	22	163	114	220	223
4168	6	18	53	95	197	220
4169	26	7	123	113	215	197
4170	13	22	146	209	281	313
4171	25	25	177	77	300	233
4177	15	29	114	74	339	266
4182	70	75	99	168	342	278
4184	3	230	7	903	288	203
4185	0	65	21	198	205	288
4186	9	1	11	0	318	244
4190	4	0	13	23	321	183
4191	2	0	9	112	268	252
4205	0	19	6	88	204	275
4209	69	21	48	0	270	247
4215	0	9	50	42	235	310
4223	468	525	975	693	226	220
4224	0	13	8	89	252	406
4225	522	1305	221	419	258	253
4242	6	11	0	18	278	262
4243	6	14	0	46	278	351
4246	6	0	0	1	278	256
4248	0	3	4	62	463	351
4251	11	0	18	1	262	256
4254	14	0	46	1	351	256
4263	47	342	195	667	274	528
4267	81	68	95	96	272	280
4268	81	0	95	15	272	277
4269	68	0	96	15	280	277
4277	12	0	18	12	850	346
4279	3	53	8	312	203	255
4282	21	17	113	185	232	314
4283	4	8	8	19	251	197
4284	87	254	67	226	244	256
4285	39	118	147	269	230	273
4286	17	89	119	119	215	230
4294	71	55	897	731	284	257
4295	3	0	0	14	263	290
4296	27	64	7	24	300	273
4297	18	49	0	24	267	273
4303	209	18	2133	155	225	225
4304	0	64	8	28	270	219
4305	5	7	13	67	239	221
4306	15	0	169	7	302	245
4311	9	0	7	7	237	289
4312	15	28	80	60	225	238
4313	49	115	53	140	217	271
4315	23	2008	0	266	346	481
4316	41	1178	11	147	346	481
4317	2068	2334	362	367	481	408
4318	2058	2548	362	310	481	313
4319	1524	2533	256	299	408	313
4324	247	743	360	754	362	479
4325	186	198	328	664	203	257
4327	639	978	3846	4212	267	323
4341	12	0	25	10	282	387
4342	25	298	31	688	240	240
4343	0	110	4	288	240	240
4344	213	2755	93	677	203	366
4359	54	77	257	165	301	248
4361	44	8	162	54	408	189
4362	40	12	30	35	340	352
4363	16	16	74	0	297	294
4366	2	3	96	36	240	226
4367	192248	333075	218	157	220	257
4369	146	75	111	83	267	234
4370	10	1412	0	324	171	274
4371	386	827	95	200	249	274
4376	4	17	93	107	275	298
4379	126	297	181	330	257	290
4380	6	0	47	20	206	194
4381	3	32	55	32	480	244
4382	3	91	55	62	480	248
4383	48	89	301	588	335	562
4384	14	21	95	60	265	221
4385	26	24	84	47	297	299
4386	103	46	52	0	212	171
4387	48	60	20	12	171	278
4388	102	2	503	24	236	254
4389	38	62	182	253	236	275
4391	6893	17165	688	1153	281	306
4392	9978	10721	813	456	306	215
4393	37	173	190	804	298	378
4394	11	1	82	21	301	256
4395	7	0	36	25	296	261
4396	22	3	146	3	364	237
4397	62	3	246	3	338	237
4398	42	3	136	3	396	237
4399	16	42	70	132	248	338
4400	0	2	69	0	253	302
4402	266	53	163	14	224	209
4403	1	10	33	81	263	263
4406	69	86	382	121	348	283
4407	0	130	16	663	357	348
4409	366	502	323	422	242	251
4415	597	714	3901	3315	377	315
4416	322	629	3003	3356	299	377
4417	1	8	34	0	236	272
4418	280	787	27	74	250	251
4420	2	7	0	6	206	206
4421	36	30	119	121	280	264
4422	40	130	109	155	238	258
4425	14961	13644	275	87	362	281
4426	4146	13638	41	114	271	281
4427	5544	23999	149	261	303	362
4428	4181	491	41	22	271	307
4429	4181	9329	41	223	271	303
4433	0	1	11	15	282	238
4437	0	3	22	17	307	253
4441	14	2	48	0	313	390
4442	14	90	10	227	227	727
4443	22	28	197	80	342	315
4448	10	0	0	10	246	218
4457	0	14	13	97	241	290
4467	0	70	11	246	172	313
4468	6	0	60	7	212	224
4469	0	7	30	14	265	205
4475	27	249	26	272	212	207
4477	0	5	8	61	439	306
4479	308	7	2870	31	225	225
4480	8	12	40	44	241	229
4481	0	13	41	116	207	252
4486	21	4	409	56	295	343
4487	85	213	35	79	242	283
4488	52	29	206	59	243	211
4489	62	196	125	106	233	246
4491	24	16	25	0	264	220
4492	24	35	25	205	264	303
4493	16	35	0	205	220	303
4494	14	48	26	115	220	254
4495	118	191	226	264	321	307
4499	7	12	33	26	245	272
4502	52	23	92	12	230	251
4503	4	5	6	36	272	347
4505	191	242	966	952	259	309
4506	18	435	147	1913	474	309
4507	38	55	36	34	191	279
4508	18	17	44	32	222	188
4510	0	18	28	70	272	265
4512	48	35	65	36	231	325
4513	48	442	65	324	231	319
4514	237	442	111	169	248	247
4515	15	56	202	302	327	309
4516	26	52	42	94	216	326
4517	668	1034	572	675	362	357
4518	143	196	106	91	243	334
4519	205	127	196	137	375	299
4521	17	29	22	14	221	335
4523	325	159	386	82	376	240
4524	2	0	7	21	197	241
4525	151	123	136	87	234	263
4526	612	682	1206	637	365	258
4527	8	3	38	70	184	422
4528	6	6	102	21	422	196
4530	7	18	0	38	406	188
4531	15	2	3	21	406	337
4532	11	2	0	21	277	337
4533	68	98	250	585	312	296
4535	1	48	0	126	203	263
4537	385	554	543	387	234	208
4538	2359	15450	3592	21530	177	337
4539	7307	15450	12016	21530	244	337
4543	12	3	20	18	383	332
4544	147	14	216	0	289	247
4545	147	81	216	133	289	247
4546	153	198	119	206	289	255
4547	153	217	119	223	289	289
4548	63	217	125	223	270	289
4549	30	122	62	216	253	289
4553	41	12	195	0	317	251
4554	0	12	13	0	293	251
4555	1	0	3	17	247	321
4556	1	0	0	17	260	321
4558	3	237	0	593	221	321
4559	11	237	9	593	280	321
4560	6	0	9	111	272	353
4561	0	4	28	9	281	269
4564	41	32	159	104	224	203
4569	8	0	14	8	222	272
4582	0	2	21	0	304	278
4586	0	6	44	15	285	237
4587	1163	862	0	1	281	211
4588	12	130893	0	24	294	273
4589	107	130893	0	24	217	273
4590	439	43	996	49	187	210
4592	71	10	67	69	461	440
4593	2	75	15	123	288	352
4594	26	75	58	123	286	352
4595	26	2	58	15	286	288
4597	19	0	244	2	210	153
4598	19	21	244	78	210	157
4601	4	232	24	335	261	261
4602	25	52	125	254	242	402
4603	35	28	315	256	402	377
4608	10	48	38	80	319	259
4609	223	398	369	332	282	235
4610	340	544	458	354	296	268
4613	178	82	168	78	344	248
4615	4	97	5	284	244	403
4616	4	29	5	106	244	301
4618	54	23	320	259	303	251
4621	5	6	0	118	221	218
4622	7	9	106	20	230	221
4628	125	141	449	310	361	291
4629	32	74	141	151	189	255
4636	39	37	193	38	323	236
4637	40	37	368	38	326	236
4638	66	122	445	307	211	268
4647	89	10	97	17	3156	235
4649	18	48	108	367	212	265
4650	26	33	17	23	338	185
4651	20	164	23	275	184	269
4655	25	14	51	1	184	250
4656	18	8	71	43	250	185
4657	1	3	16	3	185	201
4658	8	0	0	18	209	389
4660	15	12	88	11	272	212
4669	24	48	87	262	199	485
4670	28	42	17	32	233	236
4671	3	4	0	26	251	242
4673	6	97	0	5	197	293
4674	6	3	93	27	219	237
4675	8	27	0	4	261	342
4676	8	22	0	4	261	304
4677	29	81	53	161	216	232
4678	11	22	59	184	306	314
4679	0	10	107	63	347	260
4683	0	55	33	60	299	317
4685	24	85	81	538	220	220
4688	3	129	190	321	253	282
4689	2295	4	1912	1	152	167
4690	2295	0	1912	1	152	178
4691	36	58	30	108	223	233
4697	1	2	89	65	212	232
4704	2	9	37	39	866	311
4705	2	39	37	72	866	518
4706	18	25	188	101	277	258
4708	75	134	213	90	347	336
4739	12	9	107	64	315	361
4740	8	12	99	67	361	344
4742	12	0	32	57	306	247
4743	0	6	103	189	264	325
4748	21	18	92	42	366	229
4751	0	8	80	49	278	278
4761	115	93	1056	635	219	196
4762	460	742	4045	4839	270	280
4764	133	48	380	362	789	247
4766	671	646	3879	4022	269	245
4767	682	114	4009	598	269	245
4768	153	315	949	2211	246	337
4769	51	315	241	2211	249	337
4771	12	6	97	90	299	305
4772	262	167	7107	4259	318	234
4773	6	0	21	15	299	289
4774	2	4	198	292	236	268
4778	125	36	69	14	220	205
4783	4	0	33	12	232	254
4784	42	56	25	195	293	280
4788	8	9	90	0	234	186
4789	8	25	90	72	234	335
4790	16	8	9	20	335	249
4791	22	9	134	21	335	238
4792	50	0	429	14	2498	308
4793	14	18	188	194	202	292
4794	41	30	276	291	292	237
4795	19	53	0	47	254	296
4797	1	14	31	292	302	657
4798	9	14	94	279	333	657
4800	0	3	3	21	263	241
4801	21	8	195	98	211	361
4803	74	10	314	13	446	210
4804	74	93	635	279	242	172
4806	7	2	58	81	188	218
4808	17	10	63	44	265	232
4809	17	10	63	37	265	198
4810	28	3	99	18	265	232
4812	28	42	99	119	265	251
4813	3	0	7	63	232	184
4814	3	42	18	119	232	251
4819	0	12	55	75	229	253
4820	2174	23	4811	55	252	247
4821	3520	39	7475	33	586	271
4822	594	3	1089	19	206	187
4823	594	43	1089	40	206	271
4824	3718	3	6673	19	181	187
4825	3718	43	6673	40	181	271
4826	3718	33	6673	32	181	247
4827	9	5	91	39	330	285
4829	41	75	369	376	301	272
4830	17	0	382	30	307	247
4831	12	95	14	444	212	174
4832	161	154	960	587	239	212
4833	194	195	1676	632	248	239
4834	85	201	1048	1038	219	210
4835	40	5	113	130	247	216
4836	27	133	182	642	203	284
4837	57	13	178	56	340	210
4838	57	34	313	307	251	257
4839	5	0	108	13	514	284
4840	8	0	116	19	352	269
4841	7	0	61	23	348	265
4842	59	230	288	1018	206	290
4843	231	249	1329	878	290	293
4844	2	10	86	0	260	319
4845	1	2	0	6	336	373
4850	22	33	16	0	300	273
4852	6	0	11	11	280	241
4854	21	38	239	156	288	360
4862	13	0	175	58	402	266
4864	14	38	254	360	266	380
4869	6	18	40	134	222	239
4870	6	17	40	99	222	235
4871	91	106	431	426	215	252
4874	3	665	0	2125	225	1705
4877	16	1613	40	3387	274	271
4878	60	1613	62	3387	378	271
4883	0	9	7	65	221	334
4886	101	299	411	577	231	261
4887	127	165	842	453	287	231
4889	5	0	72	30	317	202
4890	24	7	152	26	319	236
4891	62	161	43	111	294	305
4892	1	10	16	165	343	216
4893	0	43	13	223	217	259
4894	14	85	64	247	275	312
4895	95	0	283	16	399	456
4896	12	0	36	16	413	456
4897	85	0	248	16	306	456
4898	6	137	0	55	287	308
4900	7	10	25	40	223	225
4901	9	18	53	80	225	247
4904	20	60	173	375	281	275
4906	26	19	61	31	253	230
4908	59	28	164	43	439	262
4909	11	87	72	44	280	321
4910	0	92	24	230	265	365
4911	0	127	24	273	265	354
4912	38	132	122	80	365	268
4913	36	83	76	44	365	321
4914	73	132	165	80	354	268
4915	16161	21570	25668	23353	296	335
4916	0	13	19	9	222	246
4917	6953	8989	1172	853	272	266
4918	1928	2987	728	906	239	253
4919	35	117	185	223	282	281
4920	34	119	88	295	209	340
4921	46	44	496	177	255	255
4922	6	0	54	8	206	202
4923	0	8	7	36	242	249
4924	10	8	87	36	495	249
4925	10	0	87	7	495	242
4929	1585	2	5187	0	281	244
4930	6	5	52	18	350	276
4933	0	5	46	18	174	215
4934	3	0	0	64	325	316
4935	183	58	4988	2052	249	220
4936	108	59	2799	2370	220	231
4937	66	37	0	15	226	218
4938	71	99	780	864	223	208
4939	89	190	1207	2008	231	342
4940	416	317	3474	1741	365	269
4943	0	3	4	161	230	239
4944	9	31	39	86	232	376
4946	317	512	1229	964	278	253
4948	34	33	141	58	257	226
4954	13	163	50	258	187	328
4955	60	28	322	48	375	227
