ID	IJC_SAMPLE_1	SJC_SAMPLE_1	IJC_SAMPLE_2	SJC_SAMPLE_2	IncFormLen	SkipFormLen
1	0	12	5	13	298	149
2	1	0	30	1	298	149
11	64	0	33	1	298	149
14	0	4	6	54	298	149
15	0	3	2	59	298	149
16	2	129	2	14	298	149
17	4	1	3	2	273	149
23	11	531	8	169	262	149
24	9	48	2	15	298	149
25	16	15	5	15	298	149
36	0	7	1	16	298	149
55	2	0	3	7	235	149
58	1	0	2	34	298	149
62	2	2	26	67	298	149
64	85	321	174	336	298	149
71	0	2	3	1	298	149
81	2	0	0	14	298	149
87	5	1	24	7	298	149
88	7	4	26	11	298	149
89	2	0	10	5	298	149
90	1	0	41	4	298	149
91	7	3	5	3	298	149
99	9	0	309	8	226	149
100	7	0	400	7	267	149
103	58	2	39	2	230	149
141	0	4	66	123	298	149
148	51	11	26	2	298	149
154	0	23	2	234	278	149
155	10	4	5	0	298	149
191	0	4	3	15	298	149
196	1	2	1	21	298	149
199	2	0	80	25	298	149
200	2	130	66	3469	298	149
203	0	475	21	3308	298	149
206	0	2	69	2712	298	149
207	1	10	180	2996	298	149
208	2	0	78	2	298	149
209	0	27	70	3984	298	149
210	1	0	9	112	241	149
217	0	2	10	1774	298	149
218	47	25	18	8	298	149
221	2	22	0	31	298	149
238	12	2	2	0	298	149
240	0	3	2	158	255	149
246	3	30	8	141	288	149
247	0	113	5	157	298	149
250	4	211	1	216	252	149
251	4	147	6	143	244	149
252	1	2	19	147	298	149
255	1	0	2	40	247	149
257	4	28	1	28	298	149
261	0	2	10	75	260	149
269	0	4	2	58	224	149
270	0	4	4	40	225	149
278	0	4	2	22	298	149
282	0	2	29	66	236	149
287	4	0	12	10	298	149
293	0	5	7	118	285	149
295	0	32	11	118	238	149
311	4	19	1	45	298	149
320	2	0	7	10	298	149
324	1	0	0	18	232	149
331	6	3	36	4	298	149
342	0	2	4	70	298	149
343	0	31	18	1343	233	149
357	0	2	4	25	289	149
361	90	0	241	8	298	149
365	5	94	18	363	298	149
367	0	1	14	52	243	149
368	0	44	11	57	298	149
369	2	4	47	29	298	149
374	1	10	1	61	298	149
397	4	0	91	11	298	149
399	2	5	6	12	298	149
400	4	5	7	13	298	149
409	9	19	34	201	240	149
418	1	0	1	6	298	149
420	1	6	0	3	298	149
423	0	2	2	0	298	149
425	0	4	2	0	270	149
440	1	11	0	23	298	149
453	0	2	2	21	298	149
463	5	0	1	45	298	149
466	1	10	0	33	232	149
468	3	473	19	780	298	149
470	0	3	10	89	252	149
477	0	5	27	1739	244	149
483	4	20	12	9	298	149
491	0	2	2	93	232	149
492	1	0	0	64	242	149
499	0	2	2	32	298	149
517	0	5	5	552	246	149
523	20	241	14	193	265	149
526	13	2	12	0	298	149
527	5	67	16	56	285	149
528	13	15	4	19	298	149
529	5	33	0	6	298	149
530	2	0	25	32	298	149
535	2	69	3	223	223	149
536	1	10	20	185	298	149
537	1	0	16	2	298	149
539	1	81	5	194	298	149
540	2	27	0	214	298	149
542	0	54	20	149	298	149
543	10	111	21	166	298	149
546	2	19	23	160	298	149
550	0	10	4	8	298	149
556	2	0	0	2	298	149
557	2	0	0	1	298	149
565	1	3	0	7	298	149
566	1	0	1	2	298	149
568	2	8	2	11	298	149
569	0	3	4	24	234	149
570	4	6	3	5	254	149
571	2	2	5	2	298	149
572	2	0	5	3	298	149
579	29	272	1	26	298	149
581	29	0	57	1	298	149
582	1	7	5	14	298	149
590	9	32	2	24	225	149
592	2	36	0	67	261	149
594	2	32	12	30	298	149
611	8	0	279	2	264	149
612	34	6	305	51	298	149
615	1	123	21	217	255	149
623	480	4823	86	947	298	149
624	9	26	2	5	298	149
627	3	31	0	10	298	149
632	4	8	5	26	298	149
633	0	7	1	14	298	149
634	0	2	5	25	298	149
637	1	0	5	2	247	149
638	3	2	2	2	298	149
643	3	2	7	65	298	149
649	59	103	12	71	241	149
654	0	8	4	91	298	149
655	0	4	7	116	298	149
656	1	6	6	33	298	149
658	2	25	1	6	298	149
660	5	4	6	12	240	149
665	6	4	65	35	298	149
666	112	2	65	3	298	149
667	130	5	21	1	298	149
670	47	0	10	1	298	149
675	31	150	14	44	298	149
676	0	1	12	18	298	149
677	0	11	11	127	298	149
685	0	19	43	2009	224	149
688	0	9	49	1576	244	149
689	0	12	88	1285	226	149
690	0	14	34	1309	244	149
693	2	100	14	1311	298	149
695	0	35	77	1466	298	149
697	17	0	614	13	298	149
699	2	580	5	1198	277	149
700	0	100	41	1782	298	149
717	0	2	6	9	298	149
718	2	2	7	13	298	149
719	2	0	2	24	298	149
724	5	6	15	540	228	149
726	0	19	29	593	298	149
727	17	2	26	0	248	149
728	1	0	488	2	298	149
732	10	24	11	32	298	149
733	2	16	4	85	298	149
735	11	0	10	9	298	149
737	16	4	28	1	298	149
738	0	2	4	10	298	149
739	16	244	9	116	226	149
741	36	0	1	2	243	149
743	27	4	4	0	298	149
752	2	4	2	5	298	149
764	1	0	6	3	298	149
766	1	0	2	2	298	149
771	1	6	3	10	247	149
772	0	1	4	11	298	149
773	5	43	10	49	298	149
777	0	3	4	42	298	149
782	1	0	0	2	298	149
783	15	0	27	3	298	149
784	1	117	3	67	298	149
788	0	12	3	46	240	149
790	5	0	1	26	298	149
805	1	0	6	17	298	149
812	3	0	1	2	298	149
813	3	1	1	7	298	149
823	0	1	4	7	298	149
845	0	17	15	90	298	149
849	208	10	320	4	298	149
850	0	79	3	211	298	149
852	5	2	1	0	298	149
859	0	37	2	88	298	149
860	5	52	10	114	298	149
880	17	4	20	6	265	149
882	1	24	6	99	255	149
883	4	14	8	69	298	149
884	0	10	1	30	298	149
886	2	4	0	19	298	149
896	0	75	5	137	298	149
897	0	79	5	151	298	149
899	2	56	0	28	250	149
901	33	209	13	136	298	149
903	78	752	39	418	295	149
909	4	96	2	62	298	149
910	15	93	12	65	298	149
913	8	73	3	41	298	149
915	2	37	0	22	298	149
916	9	23	8	4	298	149
918	18	97	176	5638	298	149
919	48	0	228	2	298	149
927	10	5	7	0	298	149
928	1	34	1	26	298	149
929	5	14	2	35	298	149
947	6	26	6	27	298	149
957	4	3	2	9	298	149
960	1	4	3	50	298	149
961	6	41	11	50	298	149
964	0	15	5	14	229	149
966	2	7	1	9	298	149
970	3	4	2	36	298	149
979	7	2	5	5	298	149
982	1	7	0	5	298	149
987	0	4	1	39	230	149
988	0	12	2	58	284	149
989	0	14	10	60	232	149
991	1	6	8	45	232	149
1003	2	175	5	119	237	149
1006	74	11	39	5	298	149
1010	20	0	24	1	298	149
1014	1	0	2	3	254	149
1016	2	0	9	2	244	149
1018	4	3	1	3	298	149
1019	6	2	6	0	247	149
1044	4	0	20	62	298	149
1046	12	12	12	43	298	149
1047	0	44	12	626	245	149
1050	3	10	24	167	298	149
1055	8	0	6	1	298	149
1056	35	0	9	2	298	149
1057	8	95	11	46	298	149
1058	18	0	12	1	298	149
1059	14	85	5	55	298	149
1060	43	146	20	100	287	149
1061	2	0	1	6	298	149
1065	0	2	4	46	265	149
1069	2	2	0	8	298	149
1073	25	1	35	0	298	149
1086	5	0	70	2	298	149
1089	2	0	1	5	298	149
1102	0	3	50	2317	298	149
1103	62	6	8889	174	290	149
1104	4	21	9	78	298	149
1106	0	3	8	67	298	149
1121	65	0	173	1	247	149
1129	1	2	15	902	298	149
1136	32	106	10	33	298	149
1140	0	2	3	21	275	149
1145	6	0	7	14	292	149
1154	20	0	22	3	298	149
1156	18	37	22	59	298	149
1164	0	4	12	103	298	149
1167	1	13	0	98	298	149
1170	0	2	1	10	242	149
1171	2	25	0	57	250	149
1173	0	10	9	67	222	149
1176	6	61	4	25	298	149
1184	5	2	12	198	298	149
1185	5	0	6	1	288	149
1186	6	0	83	1	288	149
1187	0	4	7	182	243	149
1189	0	4	22	54	287	149
1199	3	101	1	35	298	149
1206	17	50	13	41	236	149
1217	0	2	1	9	223	149
1219	2	0	111	4	298	149
1220	32	5	138	713	298	149
1221	10	50	4	65	298	149
1222	25	3	24	41	298	149
1223	27	0	36	4	298	149
1229	2	38	1	72	258	149
1239	2	0	2	2	245	149
1245	1	10	4	234	298	149
1248	1	17	6	306	298	149
1258	1	7	7	54	298	149
1276	0	3	6	74	277	149
1277	0	9	2	78	243	149
1279	0	6	8	57	229	149
1291	4	12	3	15	298	149
1299	5	169	2	41	237	149
1300	0	12	3	18	283	149
1323	3	0	17	1	298	149
1324	2	0	32	16	298	149
1325	0	1	29	67	245	149
1326	14	80	75	174	287	149
1327	35	0	172	2	298	149
1328	0	3	2	10	249	149
1329	0	2	10	8	223	149
1332	4	0	0	45	298	149
1334	33	1	28	3	298	149
1374	0	14	3	74	225	149
1421	4	0	2	3	298	149
1422	1	18	0	78	298	149
1426	5	15	17	29	225	149
1434	7	41	2	31	298	149
1438	2	0	68	2	298	149
1442	0	3	10	21	298	149
1452	4	28	0	33	298	149
1458	21	3	8	0	298	149
1460	0	4	13	26	298	149
1462	11	1	11	3	298	149
1465	2	0	11	5	285	149
1467	0	2	13	1	247	149
1468	23	15	13	44	298	149
1484	19	2	21	0	298	149
1487	18	446	12	157	298	149
1488	19	2	1	0	298	149
1493	0	1	45	25	298	149
1495	0	4	14	118	298	149
1500	0	12	8	30	233	149
1507	2	6	0	10	255	149
1508	2	76	0	4	298	149
1518	16	189	11	236	298	149
1522	110	1441	112	2754	298	149
1523	33	33	32	3712	298	149
1524	95	1741	243	4652	298	149
1526	13	289	40	2065	298	149
1528	53	1045	71	606	298	149
1529	14	513	20	364	298	149
1532	22	461	23	746	298	149
1535	1663	1	515	0	298	149
1536	21	839	3	246	298	149
1539	2	0	17	15	298	149
1547	22	3	22	244	298	149
1549	1	83	0	104	298	149
1552	13	29	1	27	298	149
1553	3	73	5	95	290	149
1555	20	88	2	29	298	149
1556	0	1	1	12	242	149
1561	2	0	2	4	298	149
1576	0	165	1	332	298	149
1586	4	241	0	46	228	149
1590	0	18	2	196	268	149
1594	4	16	0	99	298	149
1595	1	78	6	153	298	149
1596	9	87	5	117	298	149
1601	0	1	2	0	226	149
1605	32	243	14	51	298	149
1606	178	4	37	0	298	149
1607	79	8	32	3	298	149
1642	40	1174	9	327	298	149
1648	11	146	5	144	227	149
1649	0	14	3	45	298	149
1652	0	5	8	102	244	149
1658	1	6	8	118	298	149
1669	0	51	2	20	298	149
1678	27	2	18	0	298	149
1679	64	74	34	55	298	149
1681	8	42	8	84	298	149
1682	166	3	172	1	298	149
1684	28	278	5	124	298	149
1687	41	95	26	59	298	149
1688	43	80	28	49	298	149
1689	57	11	33	2	298	149
1691	9	6	4	5	298	149
1696	0	195	6	35	298	149
1697	10	30	5	39	298	149
1698	19	39	8	39	298	149
1700	14	52	4	21	298	149
1701	3	8	1	4	298	149
1703	0	2	7	13	298	149
1706	17	18	23	15	298	149
1707	2	4	10	45	298	149
1709	9	3	3	1	298	149
1710	26	77	9	20	243	149
1711	33	68	19	16	298	149
1712	29	2	7	0	298	149
1715	154	2	57	0	245	149
1723	25	72	22	217	298	149
1724	29	106	6	143	298	149
1726	2	133	2	112	298	149
1737	0	63	6	114	298	149
1738	5	189	0	28	230	149
1749	99	542	86	178	221	149
1752	93	14	43	7	298	149
1753	20	0	492	6	298	149
1754	14	5	23	400	256	149
1756	25	420	13	115	298	149
1757	55	4	18	0	298	149
1759	18	257	7	67	298	149
1760	37	331	13	117	298	149
1774	11	80	17	137	298	149
1784	7	7	16	17	298	149
1785	39	766	49	586	298	149
1786	10	267	13	365	236	149
1787	4	181	16	594	298	149
1789	28	141	39	472	298	149
1790	21	4	20	3	298	149
1792	157	13	179	10	298	149
1797	1	2	10	17	298	149
1804	2	0	15	20	263	149
1807	19	93	2	64	298	149
1809	5	107	13	43	295	149
1813	3	18	3	15	298	149
1814	2	2	0	16	298	149
1817	24	1	22	2	298	149
1818	14	17	3	21	298	149
1819	3	6	2	14	298	149
1821	10	0	23	6	298	149
1825	276	5	52	2	298	149
1831	2	0	42	5	298	149
1832	1	0	22	2	298	149
1833	0	4	8	65	298	149
1834	2	2	10	80	298	149
1847	7	478	11	405	298	149
1860	2	4	0	5	298	149
1861	1	2	0	13	298	149
1868	1	27	0	2	298	149
1874	9	166	1	28	251	149
1875	4	0	12	1	298	149
1876	2	1	10	2	298	149
1879	29	74	15	19	298	149
1880	19	89	7	69	298	149
1881	3	0	4	2	298	149
1882	11	125	6	75	298	149
1883	18	1	3	1	298	149
1884	14	127	3	105	298	149
1885	49	692	10	121	278	149
1889	6	37	4	13	298	149
1890	1	1	2	10	298	149
1894	0	6	4	83	227	149
1896	0	2	2	91	230	149
1898	2	0	5	2	298	149
1899	52	5	28	3	298	149
1901	3	8	2	79	298	149
1904	4	34	1	29	298	149
1905	2	40	3	38	298	149
1909	13	0	55	1	298	149
1919	21	2	21	0	298	149
1921	0	2	4	19	282	149
1924	1	2	21	12	298	149
1925	25	64	35	49	298	149
1926	30	3	30	0	298	149
1927	9	30	9	51	238	149
1932	1	2	5	7	298	149
1934	8	58	4	25	280	149
1935	2	23	1	35	284	149
1938	13	152	4	46	298	149
1940	100	89	0	2	298	149
1941	95	198	0	2	245	149
1946	19	13	13	38	298	149
1951	7	16	10	10	266	149
1954	2	3	7	62	271	149
1958	0	2	4	59	298	149
1959	1	0	8	2	298	149
1966	1	0	6	162	298	149
1968	3	136	12	54	298	149
1969	19	66	33	48	298	149
1970	1	6	6	0	298	149
1972	2	39	3	89	265	149
1973	18	327	8	66	298	149
1974	0	3	5	0	298	149
1977	0	4	3	24	227	149
1978	6	6	13	16	298	149
1979	1	0	11	10	298	149
1984	33	6	59	5	298	149
1985	0	8	3	171	294	149
1989	19	0	14	4	298	149
1990	10	0	7	1	298	149
1993	0	3	54	4	298	149
1996	5	8	7	18	298	149
1998	5	44	6	25	298	149
1999	2	2	1	2	262	149
2000	5	51	6	37	298	149
2004	4	0	62	124	298	149
2005	25	6	61	84	262	149
2007	43	2	203	47	298	149
2008	79	2	328	23	298	149
2012	41	104	20	660	298	149
2013	91	42	133	123	298	149
2015	54	562	41	583	298	149
2017	1	4	5	352	280	149
2020	34	1	1121	9	236	149
2023	17	4	19	5	298	149
2024	10	54	5	34	250	149
2027	0	32	4	51	298	149
2030	3	0	17	49	298	149
2034	15	24	71	3424	298	149
2035	554	1	2224	0	298	149
2036	4	0	38	3	298	149
2038	4	1	60	3915	298	149
2039	311	0	2323	1	298	149
2041	4	0	4	6	298	149
2042	8	7	4	37	298	149
2045	87	41	22	52	298	149
2046	59	2	22	0	298	149
2047	37	33	16	62	298	149
2050	0	1	13	425	298	149
2068	30	167	27	75	234	149
2069	11	345	12	144	298	149
2071	54	1	17	0	236	149
2081	0	3	4	30	298	149
2084	134	0	13292	1	152	149
2091	32	1383	11	541	298	149
2092	85	85	16	37	298	149
2094	13	10	4	8	232	149
2095	9	0	5	3	237	149
2097	21	32	8	12	242	149
2098	119	100	104	36	298	149
2099	103	0	105	2	298	149
2113	56	0	109	2	150	149
2121	4	13	15	21	298	149
2123	3	24	7	18	298	149
2136	0	1	4	14	298	149
2140	0	2	4	21	298	149
2143	0	3	4	34	298	149
2146	21	10	69	3	251	149
2148	0	26	9	43	298	149
2151	38	0	25	3	298	149
2152	54	26	19	10	243	149
2153	22	22	5	22	298	149
2169	23	1	8	3	298	149
2170	0	8	4	4	298	149
2172	0	2	1	5	298	149
2192	1	0	2	20	298	149
2193	0	10	1	67	298	149
2195	22	36	7	25	225	149
2196	57	0	53	1	270	149
2198	60	96	23	202	298	149
2199	26	4	9	1	298	149
2200	118	666	131	913	298	149
2201	0	1	8	112	227	149
2203	22	0	11	1	298	149
2204	5	0	0	1	268	149
2210	7	3	12	9	298	149
2216	3	7	2	24	298	149
2218	1	26	6	16	269	149
2219	0	7	5	38	277	149
2224	22	148	18	31	298	149
2225	26	3	14	6	298	149
2226	22	144	2	40	298	149
2227	11	34	2	24	229	149
2228	12	1	3	0	233	149
2232	2745	113	202	3	298	149
2233	7	259	2	52	298	149
2234	5	20	2	9	276	149
2237	0	14	5	15	298	149
2239	6	140	3	147	298	149
2240	1	195	5	109	246	149
2241	1	2	5	0	219	149
2244	0	4	4	28	220	149
2253	85	30	30	25	251	149
2254	82	6	25	1	244	149
2255	2	13	5	16	298	149
2257	4	2	14	2	298	149
2258	6	5	10	80	298	149
2259	0	4	6	41	298	149
2260	8	25	0	11	298	149
2261	4	27	1	8	298	149
2262	4	38	0	5	298	149
2263	5	29	2	8	298	149
2265	0	2	2	42	298	149
2268	3	5	12	44	298	149
2272	50	160	8	60	298	149
2275	105	0	145	4	298	149
2276	6	24	0	54	235	149
2281	2	2	11	39	298	149
2283	1	0	1	18	298	149
2284	1	0	3	15	298	149
2287	29	2	9	5	248	149
2288	209	26	68	18	251	149
2292	15	173	17	1390	298	149
2293	22	6	34	5	298	149
2294	29	1283	16	1622	298	149
2295	12	910	22	2045	269	149
2296	56	2	66	2	298	149
2297	73	1058	73	1798	298	149
2298	955	7	1024	5	298	149
2299	7	9	0	5	298	149
2310	0	4	20	158	235	149
2316	0	4	9	185	220	149
2317	4	19	2	5	298	149
2319	1	35	0	19	298	149
2324	0	15	3	91	254	149
2330	0	1	10	59	251	149
2335	11	0	221	2	298	149
2344	112	276	133	408	298	149
2353	4	6	3	1	227	149
2356	0	4	4	3	298	149
2357	2	10	0	1	298	149
2358	5	5	0	15	298	149
2363	1631	43048	340	4151	298	149
2368	1	8	11	331	298	149
2370	9591	178970	245	22278	298	149
2371	7919	14	118	2	298	149
2372	84996	349	7191	7	298	149
2373	6699	153310	237	18422	298	149
2374	1	121	16	324	233	149
2375	4	221	10	321	298	149
2377	3	19	0	12	298	149
2379	7	48	0	6	298	149
2382	149	463	140	256	298	149
2383	286	0	132	15	298	149
2384	422	340	206	158	298	149
2387	34	2	24	0	252	149
2388	44	19	11	9	298	149
2396	16	59	2	27	219	149
2404	6	8	9	48	298	149
2406	37	79	8	31	238	149
2407	71	2	39	0	298	149
2409	29	875	21	185	298	149
2410	21	1	4	0	298	149
2412	2	0	246	18	298	149
2413	0	5	100	1932	298	149
2414	3	2	62	1891	249	149
2416	25	0	35	3	298	149
2419	56	506	11	93	298	149
2421	71	617	81	355	298	149
2422	3	10	11	11	298	149
2423	15	113	2	55	298	149
2424	216	3	117	6	298	149
2425	3	184	1	127	298	149
2426	25	199	5	150	298	149
2427	30	439	26	230	298	149
2428	18	719	7	520	298	149
2429	86	455	24	339	298	149
2430	203	2	125	0	298	149
2435	4	7	2	15	298	149
2440	0	6	1	13	298	149
2443	126	67	104	106	298	149
2444	1	0	5	32	298	149
2449	111	4	265	5	298	149
2450	45	166	213	297	298	149
2451	2	0	8	9	298	149
2454	14	27	9	12	281	149
2456	133	926	17	753	298	149
2457	129	13	8	6	298	149
2458	129	781	8	879	298	149
2459	142	14	18	18	298	149
2460	65	799	29	716	227	149
2461	84	13	43	23	234	149
2462	47	3	20	2	203	149
2463	124	4	9	1	298	149
2464	74	0	30	1	298	149
2465	57	506	12	434	252	149
2468	123	60	76	93	298	149
2469	122	5	76	1	298	149
2477	15	5	0	10	298	149
2482	8	243	197	998	237	149
2483	399	1334	217	243	296	149
2484	367	283	196	93	281	149
2485	2	0	111	13	298	149
2489	8	14	0	27	259	149
2490	3	5	16	227	298	149
2494	3	8	5	15	298	149
2495	179	9349	136	2639	298	149
2496	284	7596	78	2511	298	149
2497	146	6724	59	3333	298	149
2498	0	4	2	5	241	149
2501	5791	6	4756	0	298	149
2502	25	3	13	0	298	149
2503	26	784	16	356	298	149
2505	38	462	24	190	298	149
2507	11	7	0	3	298	149
2508	18	0	382	5	253	149
2509	18	508	9	354	298	149
2512	10	667	12	417	298	149
2513	279	5	180	6	298	149
2514	16	195	11	381	298	149
2517	32	0	256	2	298	149
2518	311	3	272	0	298	149
2523	5	25	3	29	298	149
2525	10	27	19	29	298	149
2531	34	94	25	56	298	149
2535	4	383	23	854	298	149
2538	14	191	5	131	298	149
2542	51	133	8	39	236	149
2543	10	168	3	42	293	149
2545	7	51	6	47	298	149
2549	5	338	2	138	298	149
2550	16	363	5	156	298	149
2551	11	0	1	2	298	149
2559	74	218	253	502	298	149
2560	177	430	440	436	298	149
2561	251	17	436	21	298	149
2570	5	41	20	344	298	149
2572	0	2	13	196	298	149
2584	206	4	39	3	298	149
2587	0	2	5	22	298	149
2598	262	0	202	3	298	149
2606	22	0	5	2	257	149
2609	1	0	4	37	298	149
2611	4	0	3	54	298	149
2612	33	378	26	117	298	149
2619	3	0	4	8	298	149
2630	0	4	4	20	298	149
2633	1	73	2	59	298	149
2638	2	2	1	16	298	149
2640	0	2	31	41	298	149
2645	22	158	7	32	298	149
2646	22	0	7	1	298	149
2647	5	25	11	58	298	149
2651	7	0	24	2	298	149
2652	1	0	20	3	298	149
2653	1	0	23	2	298	149
2654	8	0	26	1	298	149
2655	7	0	25	1	298	149
2657	1	0	0	1	298	149
2659	6	0	59	2	298	149
2661	1	0	32	35	298	149
2671	186	0	61	2	298	149
2672	20	65	21	15	298	149
2673	2	95	2	26	237	149
2680	131	198	52	79	298	149
2683	2903	4930	176	971	298	149
2684	11	5807	0	18	298	149
2693	4	14	8	161	256	149
2696	0	2	1	45	290	149
2697	15	20	8	48	298	149
2698	2	5	5	29	248	149
2699	0	2	1	36	259	149
2700	0	2	2	36	259	149
2701	0	2	3	50	262	149
2711	83	136	38	121	236	149
2712	1	14	7	15	298	149
2716	22	155	10	37	290	149
2723	4	10	75	478	298	149
2724	313	2	52	0	298	149
2726	0	32	8	80	298	149
2727	54	0	76	1	257	149
2729	0	11	3	59	298	149
2732	310	31	2	0	270	149
2736	0	70	5	34	298	149
2743	2	2	1	1	298	149
2753	1	77	5	50	298	149
2754	2	0	2	1	231	149
2755	4	24	2	74	233	149
2757	2	83	3	66	298	149
2760	29	241	2	60	298	149
2762	0	14	4	110	298	149
2764	213	651	54	153	298	149
2765	183	6	56	3	298	149
2766	132	4	8	0	280	149
2767	75	689	6	35	276	149
2768	1	9	9	201	298	149
2769	1	0	7	1	298	149
2774	3	62	4	91	298	149
2775	3	556	5	916	298	149
2776	40	57	19	33	298	149
2780	15	383	12	161	298	149
2781	215	18	72	4	298	149
2782	0	23	3	28	298	149
2783	6	49	5	58	298	149
2784	21	660	19	392	298	149
2785	380	8	164	5	298	149
2786	15	19	5	18	298	149
2787	11	138	5	59	298	149
2791	66	1	23	0	298	149
2792	19	240	18	105	226	149
2795	78	187	56	299	298	149
2796	81	56	33	82	298	149
2797	82	3	33	8	298	149
2798	2	0	3	1	284	149
2800	10	120	5	116	298	149
2802	216	1	37	3	234	149
2806	6	0	0	38	298	149
2818	0	21	8	24	298	149
2819	35	19	14	5	229	149
2820	43	9	38	6	298	149
2822	4	255	6	347	298	149
2823	7	65	2	14	298	149
2825	16	137	5	39	298	149
2829	280	2	105	0	298	149
2831	29	349	6	146	298	149
2833	126	2472	155	2853	298	149
2836	3	127	7	214	298	149
2837	3	0	4	1	298	149
2839	2	40	7	174	298	149
2840	84	1	94	0	298	149
2841	3	25	3	30	298	149
2842	0	62	1	55	249	149
2843	1	61	2	57	298	149
2844	1	59	1	59	298	149
2847	3	4	1	0	298	149
2850	33	9	10	2	298	149
2851	19	251	9	83	298	149
2852	20	33	7	15	298	149
2853	29	17	25	3	298	149
2854	201	553	113	234	298	149
2857	0	3	8	98	227	149
2864	6	197	0	42	231	149
2869	0	3	5	5	298	149
2870	27	3	8	0	298	149
2875	11	14	8	11	298	149
2881	4	10	2	54	248	149
2882	2	12	6	55	279	149
2889	134	10003	108	23045	244	149
2890	203	3530	481	25670	238	149
2891	47	6379	49	21082	232	149
2892	926	30015	577	31466	257	149
2893	1638	2	1331	0	298	149
2894	254	33785	121	35244	298	149
2895	691	1	592	0	298	149
2896	2	13	0	27	298	149
2898	13	62	8	50	298	149
2900	11	85	0	21	298	149
2902	9	109	4	35	298	149
2905	8	71	1	12	298	149
2906	21	369	0	38	298	149
2913	45	280	16	251	298	149
2914	13	550	11	229	235	149
2915	38	579	12	153	298	149
2917	103	3	240	0	203	149
2918	12	431	3	136	232	149
2919	4	14	1	113	298	149
2927	14	0	42	1	268	149
2936	0	6	6	45	298	149
2942	19	0	73	2	298	149
2945	0	1	1	15	286	149
2948	0	10	2	424	298	149
2949	0	7	12	302	298	149
2953	1	2	2	2	258	149
2954	0	50	3	31	298	149
2955	100	3	30	6	298	149
2956	58	23	52	19	298	149
2957	2	43	0	45	298	149
2958	2	112	16	94	298	149
2974	191	22	86	14	268	149
2975	1	32	5	197	223	149
2978	0	45	3	173	243	149
2980	0	2	4	136	268	149
2981	1	2	12	115	298	149
2982	5	17	10	76	256	149
2988	12	21	14	25	298	149
2989	5	20	8	207	239	149
2990	0	33	11	422	229	149
2991	3	60	5	337	242	149
2993	4	47	5	323	248	149
2994	3	84	9	316	226	149
2995	2	66	13	331	222	149
2996	2	76	3	326	298	149
2998	3	37	16	344	298	149
2999	1	0	12	11	298	149
3000	2	49	7	372	257	149
3002	2	60	10	357	298	149
3003	50	3	72	27	249	149
3004	4	1	16	9	246	149
3005	3	4	9	20	220	149
3010	69	706	22	160	298	149
3011	616	50	138	1	298	149
3019	4	6	5	8	298	149
3023	16	53	82	136	297	149
3024	76	0	377	2	298	149
3029	18	1	10	0	298	149
3030	229	2665	449	8754	258	149
3031	117	51	46	16	298	149
3033	173	15	89	2	298	149
3034	196	19	74	6	298	149
3035	79	7	37	2	298	149
3045	57	320	23	188	298	149
3049	12	121	15	298	240	149
3056	3	17	6	23	252	149
3061	1	80	12	324	298	149
3063	11	167	17	239	298	149
3064	11	356	12	271	264	149
3065	1	106	12	333	298	149
3067	2	90	17	259	298	149
3070	1	241	3	202	298	149
3071	14	123	11	184	298	149
3074	4	17	7	22	291	149
3075	4	7	7	8	294	149
3077	7	48	2	43	298	149
3078	4	2	2	17	298	149
3081	1	3	2	32	298	149
3083	4	7	2	20	298	149
3084	7	1	4	0	298	149
3087	33	141	27	41	298	149
3090	0	13	8	92	298	149
3094	124	6795	26	4228	298	149
3095	1	15	7	104	298	149
3096	23	67	9	20	298	149
3104	1	0	0	2	298	149
3114	19	16	2	2	298	149
3119	9	28	7	13	298	149
3122	1	16	1	162	298	149
3123	1	86	7	157	298	149
3124	12	158	1	169	284	149
3126	8	14	2	8	298	149
3127	79	1039	69	1036	298	149
3128	169	349	212	524	298	149
3129	31	32	25	38	298	149
3131	10	109	7	133	298	149
3132	7	82	9	164	298	149
3134	0	44	3	103	298	149
3135	0	20	2	95	294	149
3136	6	42	4	81	298	149
3141	10	238	20	244	298	149
3144	0	2	6	25	292	149
3146	0	1	1	19	298	149
3151	1	34	1	48	298	149
3152	2	0	0	1	298	149
3155	1	12	5	5	258	149
3156	17	128	6	67	298	149
3157	4	13	6	7	298	149
3158	2	45	4	52	298	149
3168	4	0	2	2	298	149
3169	8	192	11	205	227	149
3175	10	0	28	4	241	149
3176	10	0	28	2	246	149
3179	9	0	12	23	298	149
3180	6	0	237	229	251	149
3181	31	835	88	8753	239	149
3182	9	4	301	5745	298	149
3184	6	7	37	1023	298	149
3192	4	35	13	977	298	149
3193	102	1826	26	442	298	149
3194	86	9	27	4	298	149
3195	17	1548	12	382	298	149
3196	296	11	78	2	298	149
3197	2	3	1	2	298	149
3200	11	1	9	0	298	149
3202	1	0	11	2	259	149
3205	5	0	2	2	298	149
3213	8	32	3	22	298	149
3217	9	128	4	49	298	149
3222	51	105	82	32	298	149
3224	6	4	6	7	298	149
3230	24	1006	24	780	298	149
3231	2	0	6	5	298	149
3241	135	991	14	66	298	149
3242	163	713	19	39	298	149
3243	486	440	27	47	298	149
3244	27	884	148	3047	298	149
3246	12	639	73	3501	298	149
3248	212	6	20	9	298	149
3252	2	0	7	93	298	149
3253	6	18	2	125	298	149
3254	1	2	4	0	298	149
3261	1	0	31	3	298	149
3267	414	14	45	0	298	149
3269	73	88	20	43	298	149
3273	0	4	1	11	243	149
3277	0	2	2	0	298	149
3282	0	2	4	64	298	149
3284	6	24	4	53	298	149
3287	2001	3	304	0	233	149
3291	5	4	9	0	298	149
3293	963	4	646	4	298	149
3294	761	0	524	2	298	149
3295	787	2068	492	617	298	149
3296	585	11	370	2	298	149
3297	510	3	428	5	298	149
3298	396	0	383	1	267	149
3299	518	1791	188	738	298	149
3300	276	3000	65	859	298	149
3301	76	452	28	736	298	149
3302	106	1008	32	766	263	149
3305	148	0	28	2	298	149
3309	2	15	4	78	298	149
3310	0	4	6	77	298	149
3311	4	0	8	1	288	149
3312	4	0	8	64	298	149
3318	0	11	2	24	298	149
3321	6	3	20	172	225	149
3324	58	90	35	38	298	149
3326	0	6	4	137	298	149
3332	65	3	78	3	298	149
3333	2	8	3	28	298	149
3335	1	0	2	4	298	149
3344	2	9	6	27	298	149
3349	2	9	4	15	298	149
3353	17	0	25	44	275	149
3365	30	4	33	18	298	149
3366	13	33	17	32	298	149
3367	0	3	5	22	262	149
3374	3	24	22	117	230	149
3376	8	0	66	4	260	149
3377	9	23	0	11	298	149
3378	0	9	3	73	298	149
3380	16	111	0	5	298	149
3386	6	18	0	18	298	149
3387	10	127	3	83	298	149
3390	4	0	0	29	298	149
3393	3	7	24	70	269	149
3397	0	10	5	29	298	149
3399	0	6	13	249	298	149
3401	6	0	86	1	298	149
3402	0	13	31	322	298	149
3403	11	4	106	188	298	149
3405	6	22	23	231	298	149
3407	12	27	4	6	298	149
3408	14	90	4	26	298	149
3409	31	592	28	770	298	149
3410	47	1009	55	783	298	149
3411	67	381	29	99	298	149
3412	19	315	6	93	240	149
3415	7	26	6	16	298	149
3417	13	163	2	49	298	149
3421	2	0	22	1	298	149
3423	9	33	3	13	298	149
3424	1	70	2	60	248	149
3425	5	0	21	2	298	149
3428	3	7	3	22	246	149
3430	16	255	3	72	298	149
3432	9	1	3	2	298	149
3436	8	25	4	103	298	149
3439	48	3	41	4	298	149
3440	22	5	10	9	298	149
3443	8	11	3	22	298	149
3449	0	14	11	58	230	149
3450	0	4	8	96	264	149
3453	41	339	69	142	298	149
3454	63	336	116	128	228	149
3458	0	9	8	205	298	149
3464	80	18	14	1	298	149
3465	19	251	2	18	298	149
3468	41	441	41	620	298	149
3471	0	2	12	26	272	149
3474	7	89	6	165	298	149
3483	92	11	50	3	262	149
3485	8	73	3	173	298	149
3489	0	46	10	380	258	149
3491	6	77	1	30	235	149
3492	6	109	1	43	298	149
3493	2	50	5	32	298	149
3494	3	64	2	28	298	149
3495	283	0	123	4	298	149
3497	579	11	274	7	298	149
3498	0	2	2	18	275	149
3507	24	8	12	0	298	149
3512	78	0	223	3	290	149
3513	69	0	226	52	298	149
3514	157	8	509	3	298	149
3515	121	567	79	475	298	149
3516	0	1	36	692	244	149
3517	1	0	14	1	298	149
3524	0	3	4	107	226	149
3525	66	157	6	13	298	149
3527	67	72	26	26	298	149
3528	2	22	4	69	227	149
3531	16	93	14	34	289	149
3532	22	31	8	22	298	149
3533	24	89	12	17	298	149
3534	24	109	4	23	298	149
3535	22	213	5	32	298	149
3538	6	13	5	11	298	149
3540	49	113	66	270	298	149
3541	6	39	0	26	298	149
3542	32	13	2	9	298	149
3543	32	16	4	4	298	149
3545	6	105	18	360	298	149
3546	1	38	16	89	267	149
3547	1	87	16	143	270	149
3548	6	75	25	216	298	149
3549	2	4	0	6	276	149
3551	0	9	3	5	298	149
3553	4	2	2	4	298	149
3554	2	91	13	174	298	149
3556	79	571	63	256	298	149
3557	13	33	2	24	228	149
3564	7	8	0	8	262	149
3567	0	2	6	6	298	149
3569	1	38	12	523	228	149
3571	0	24	36	503	298	149
3574	17	1	1	10	298	149
3575	164	145	13	24	242	149
3576	39	0	164	1	298	149
3578	20	2	13	0	298	149
3579	7	48	10	158	298	149
3586	6	0	40	1	285	149
3591	11	106	2	25	298	149
3598	0	2	9	3	298	149
3607	21	94	13	79	298	149
3609	208	1124	1500	2204	298	149
3610	1	26	0	5	298	149
3626	18	0	107	2	295	149
3627	18	0	111	1	298	149
3636	0	7	2	13	298	149
3639	61	1121	67	2896	298	149
3640	195	415	15	32	298	149
3641	187	406	8	35	298	149
3642	0	1	7	34	296	149
3646	0	2	6	35	298	149
3648	0	3	9	12	298	149
3649	0	6	2	38	298	149
3650	2	2	1	44	298	149
3653	0	4	3	12	298	149
3667	24	0	278	5	298	149
3669	1	0	43	9	298	149
3671	0	4	5	31	298	149
3675	5	4	28	1	298	149
3676	4	18	3	8	298	149
3696	29	2	18	0	151	149
3702	2	10	9	2	298	149
3708	370	0	186	2	261	149
3710	204	48	100	19	298	149
3711	169	0	82	2	298	149
3716	0	2	1	41	235	149
3718	4	43	7	13	298	149
3720	29	95	10	50	298	149
3721	2	0	135	1	236	149
3724	8	8	0	3	298	149
3725	2	23	0	83	298	149
3727	0	3	2	2	253	149
3733	3	37	2	32	298	149
3734	12828	511	722	19	298	149
3736	12	109	1	61	298	149
3737	2	51	0	49	298	149
3738	9	33	3	22	298	149
3740	44	8	30	6	298	149
3745	26	0	32	11	298	149
3748	73	1554	60	1179	298	149
3751	0	2	3	0	298	149
3753	49	170	15	61	298	149
3756	6	14	3	1	298	149
3761	5	12	10	192	236	149
3762	174	1255	46	2396	298	149
3763	1	24	11	38	298	149
3764	1	0	13	13	298	149
3765	1	0	11	5	298	149
3776	21	627	5	151	298	149
3778	32	0	21	2	298	149
3779	57	16	40	43	298	149
3780	1	2	3	19	239	149
3782	2	48	33	246	298	149
3784	0	4	53	199	298	149
3785	0	1	6	105	298	149
3793	37	326	15	125	298	149
3794	15	246	3	93	238	149
3798	11	174	3	93	298	149
3801	2	0	1	2	263	149
3805	2	158	22	181	241	149
3807	8	2	16	4	298	149
3810	7	29	3	33	298	149
3812	1	1	0	11	294	149
3815	2	0	6	14	286	149
3817	0	7	7	38	229	149
3818	13	33	9	58	298	149
3819	38	24	48	52	298	149
3820	2	6	30	56	298	149
3826	12	2	7	0	298	149
3831	22	0	54	9	298	149
3833	3	27	15	122	298	149
3840	1	8	3	45	298	149
3841	2	1	4	6	298	149
3849	84	12	29	0	298	149
3850	88	25	55	15	279	149
3851	9	73	3	115	298	149
3852	306	3	459	1	298	149
3858	0	11	2	19	235	149
3859	1	0	3	2	240	149
3861	0	20	3	25	296	149
3873	1	12	1	8	298	149
3879	1	4	5	31	291	149
3882	2	0	0	6	298	149
3892	5	5	4	4	298	149
3898	0	3	10	9	298	149
3902	0	14	5	39	245	149
3904	0	1	9	33	298	149
3917	27	0	410	8	281	149
3918	9	4064	52	4883	298	149
3919	16	0	209	1	298	149
3921	221	9	100	10	298	149
3922	111	5	75	1	298	149
3925	9	36	6	10	298	149
3927	8	30	0	13	298	149
3928	8	23	4	15	298	149
3930	3	22	0	10	298	149
3932	2	12	0	6	298	149
3935	11	22	30	57	298	149
3939	6	0	18	5	277	149
3942	20	0	38	3	298	149
3944	0	16	1	17	298	149
3945	0	11	1	12	298	149
3946	0	4	3	4	298	149
3964	0	2	2	18	233	149
3967	2	0	3	13	232	149
3968	2	0	2	1	298	149
3984	0	15	2	8	298	149
3985	2	4	3	2	298	149
3991	2	3	15	1	298	149
3993	7	3	6	3	298	149
3994	38	12	49	22	298	149
3996	10	106	10	136	298	149
3998	34	468	30	181	298	149
3999	7	463	7	229	245	149
4006	82	7	132	0	298	149
4008	8	8	2	2	298	149
4009	8	12	2	0	298	149
4010	325	2	73	0	298	149
4011	336	2	72	0	298	149
4013	0	2	2	22	298	149
4018	5	7	9	52	298	149
4019	5	0	13	4	298	149
4022	5	10	0	3	298	149
4026	0	22	2	55	258	149
4027	5	47	5	25	298	149
4028	5	2	8	15	298	149
4029	4	8	0	15	298	149
4030	8	8	3	13	298	149
4031	5	9	3	11	298	149
4032	41	6	7	4	298	149
4033	2	6	8	47	298	149
4035	0	11	4	55	298	149
4036	5	6	4	63	298	149
4038	173	1	76	0	268	149
4039	20	166	14	37	298	149
4040	197	0	90	1	298	149
4041	172	2	75	5	298	149
4042	283	1	99	0	298	149
4043	164	7	60	11	298	149
4044	34	22	66	27	236	149
4045	2	0	4	12	298	149
4047	584	0	588	2	298	149
4048	3	0	12	2	298	149
4049	6	17	6	69	298	149
4052	138	1363	155	856	229	149
4055	0	3	9	64	298	149
4056	0	13	5	89	278	149
4068	0	1	2	0	298	149
4071	7	0	9	1	298	149
4075	394	1	302	0	150	149
4079	52	52	32	117	298	149
4086	4	27	1	68	298	149
4088	4	151	5	208	298	149
4089	28	1	3	0	298	149
4100	18	62	2	40	298	149
4109	6	1	6	2	241	149
4112	28	478	2	113	298	149
4114	10	117	7	60	298	149
4115	0	1	3	31	243	149
4116	25	2	3	0	298	149
4117	3	53	1	39	267	149
4118	0	2	4	6	258	149
4120	39	0	8	1	298	149
4128	0	2	1	8	298	149
4132	0	8	5	117	298	149
4133	0	53	32	745	250	149
4134	269	7528	8	175	298	149
4140	1	0	0	2	298	149
4146	0	37	6	92	298	149
4147	17	93	93	218	298	149
4149	13	16	17	19	298	149
4152	0	304	4	279	298	149
4153	10	405	16	2300	298	149
4166	0	27	5	14	298	149
4168	87	32	34	17	298	149
4169	22	233	2	101	298	149
4172	5	5	0	24	298	149
4174	13	159	2	38	298	149
4180	332	2	8	0	298	149
4181	286	249	10	12	298	149
4182	198	356	6	4	298	149
4183	2	0	2	4	298	149
4184	4	0	16	2	298	149
4188	0	29	11	36	298	149
4190	2	18	6	32	240	149
4193	10	87	4	14	298	149
4194	11	5	4	1	298	149
4214	2	2	12	0	290	149
4215	34	9	32	75	298	149
4219	18	90	12	42	298	149
4220	64	0	373	1	298	149
4223	8	1	1	0	298	149
4227	9	172	10	135	298	149
4232	105	15	54	20	298	149
4233	54	10	4	5	298	149
4234	50	50	4	34	298	149
4235	106	4	59	0	298	149
4236	30	6	16	12	298	149
4237	27	10	20	5	298	149
4238	7	9	16	26	298	149
4239	11	0	7	3	298	149
4240	11	20	7	15	298	149
4241	4	0	7	6	298	149
4246	8	103	23	119	228	149
4247	8	105	25	118	298	149
4250	0	1	43	1000	290	149
4254	3	7	5	43	298	149
4255	0	8	18	30	298	149
4260	0	41	4	106	231	149
4264	12	36	30	55	298	149
4268	110	7	15	1	298	149
4271	2	0	60	2	298	149
4274	8	64	4	97	298	149
4275	17	5	14	0	298	149
4276	21	161	7	72	298	149
4277	24	1	10	0	298	149
4278	13	166	8	69	298	149
4279	0	46	19	100	239	149
4283	80	22	48	19	298	149
4285	0	2	92	2	291	149
4293	8	5	13	13	246	149
4294	33	14	26	11	151	149
4295	24	0	69	4	298	149
4302	2	6	0	39	298	149
4303	3	41	5	46	298	149
4307	259	219	192	207	298	149
4316	2	0	1	16	230	149
4324	565	10	456	4	298	149
4325	50	210	40	172	298	149
4328	0	4	10	64	252	149
4330	15	32	21	42	298	149
4331	10	1	14	0	298	149
4334	9	3	7	1	298	149
4336	6	4	11	1	298	149
4339	0	6	2	2	298	149
4340	0	8	9	25	298	149
4348	2	2	1	7	298	149
4355	1	0	1	4	298	149
4357	3	0	3	25	298	149
4361	1	2	9	93	298	149
4363	0	4	7	10	298	149
4364	122	1927	85	3432	298	149
4366	2	11	8	29	298	149
4367	4	24	63	16	298	149
4368	4	34	58	13	298	149
4369	0	5	15	22	298	149
4370	118	18	28	3	298	149
4372	0	6	5	585	298	149
4375	12	94	35	39	228	149
4378	20	247	12	155	298	149
4379	245	2345	338	5340	298	149
4381	3	4	5	13	298	149
4387	75	435	212	6715	278	149
4392	11	97	20	94	298	149
4397	38482	1	12188	0	203	149
4398	506	29327	98	7099	298	149
4399	44459	1598	10284	241	201	149
4400	156	0	682	2	237	149
4402	0	119	8	249	257	149
4403	92	459	20	293	298	149
4404	97	902	9	371	298	149
4409	384	14	117	4	298	149
4410	472	628	109	228	298	149
4411	508	7	130	5	298	149
4417	911	6	446	4	298	149
4418	138	15	371	0	298	149
4419	0	5	6	11	298	149
4420	2	13	0	9	298	149
4426	441	4	118	0	298	149
4427	238	5364	59	2960	298	149
4428	60	0	915	2	235	149
4432	2	4	8	90	298	149
4450	28	68	24	56	298	149
4454	50	100	52	31	298	149
4458	8674	8	395	0	242	149
4459	9837	61	447	0	260	149
4460	102	6799	4	278	298	149
4465	29	113	7	93	298	149
4471	1	0	4	274	298	149
4474	63	425	24	499	298	149
4477	282	5	134	3	298	149
4478	13	120	1	30	298	149
4479	39	174	9	50	298	149
4480	51	7	11	2	298	149
4482	2	2	5	16	298	149
4486	0	10	21	103	298	149
4487	13	1	5	0	298	149
4489	0	4	11	41	298	149
4491	71	18	27	10	298	149
4494	9	63	2	18	298	149
4498	16	37	33	230	298	149
4499	42	181	55	318	298	149
4500	6	149	10	196	298	149
4501	16	242	4	109	298	149
4502	16	147	13	79	298	149
4504	0	1	10	101	234	149
4508	2	0	34	21	298	149
4517	25	118	4	66	298	149
4518	26	62	15	80	298	149
4519	32	18	22	20	298	149
4538	10	99	17	87	298	149
4542	2	15	2	9	298	149
4543	2	8	2	16	298	149
4544	5	16	5	13	298	149
4559	27	781	14	440	237	149
4566	2	22	11	112	298	149
4568	0	11	1	11	267	149
4572	1	5	4	6	298	149
4573	0	3	1	13	298	149
4575	16	3	6	0	234	149
4587	14	94	0	26	298	149
4594	21	39	36	37	298	149
4596	102	1597	97	1540	298	149
4597	189	2618	107	1395	298	149
4598	213	5	146	1	298	149
4599	304	2518	208	1726	298	149
4600	198	1599	188	1428	298	149
4603	26	138	48	336	298	149
4606	0	5	1	32	289	149
4607	5	4	16	20	298	149
4608	2	0	2	56	259	149
4610	0	9	6	51	298	149
4612	0	5	6	35	298	149
4615	2	6	4	16	298	149
4620	8	69	0	22	298	149
4621	12	2	6	3	298	149
4622	11	32	5	32	298	149
4623	18	49	4	30	298	149
4624	3	26	4	24	298	149
4626	94	25	55	17	298	149
4629	184	49	60	63	298	149
4630	26	219	7	45	298	149
4633	4	3	3	160	298	149
4636	0	1	14	1949	222	149
4637	1	20	99	2087	298	149
4638	1	0	69	19	244	149
4645	26	105	24	79	239	149
4647	1	0	0	53	298	149
4648	0	65	3	196	298	149
4650	99	0	55	1	298	149
4651	21	1	4	0	298	149
4652	21	2	2	0	298	149
4659	1	60	5	287	298	149
4660	10	3	13	3	225	149
4661	11	215	17	355	298	149
4662	5	53	2	335	281	149
4666	2	5	0	10	298	149
4670	7	9	15	79	298	149
4671	11	0	14	36	298	149
4673	15	0	13	9	298	149
4682	61	581	21	324	298	149
4683	46	542	25	259	298	149
4685	48	296	52	178	298	149
4688	12	51	1	11	298	149
4693	1	5	0	39	298	149
4694	1	22	0	25	298	149
4695	4	4	2	26	298	149
4697	53	0	33	2	298	149
4698	0	2	3	13	298	149
4699	1	0	26	13	298	149
4702	72	37	24	16	298	149
4703	3	63	3	77	298	149
4726	0	2	2	92	298	149
4728	0	12	1	57	298	149
4732	0	77	1	170	298	149
4735	2	0	7	8	298	149
4739	462	5	239	2	239	149
4742	2	0	7	30	298	149
4745	3	41	17	576	298	149
4746	10	134	25	568	298	149
4750	2	0	7	10	298	149
4752	2	1	4	6	298	149
4754	11	218	15	234	298	149
4760	2	252	9	562	298	149
4761	8	23	3	31	298	149
4762	0	2	5	36	298	149
4765	18	175	15	392	298	149
4766	14	130	4	132	235	149
4768	6	3	1	65	283	149
4772	113	2	214	0	179	149
4774	0	93	19	132	285	149
4775	0	19	20	56	287	149
4776	0	50	30	47	298	149
4778	27	0	27	2	298	149
4779	13	7	17	23	298	149
4781	6	0	25	5	298	149
4784	5	0	12	8	298	149
4785	15	0	53	1	292	149
4788	11	372	5	79	298	149
4791	0	1	11	8	298	149
4793	23	295	11	136	276	149
4795	7	78	17	1786	298	149
4804	2	2	6	92	222	149
4805	144	13	95	2	281	149
4808	7	198	4	4	228	149
4818	2	330	9	143	298	149
4819	35	169	18	52	251	149
4823	13	13	2	3	298	149
4824	5	25	0	13	298	149
4826	7	29	0	3	298	149
4828	3	22	1	8	298	149
4831	25	133	6	53	298	149
4832	0	2	9	144	298	149
4833	9	0	24	97	298	149
4839	3	9	4	59	276	149
4843	2	0	3	13	298	149
4845	8	608	11	28	298	149
4857	10	94	6	14	247	149
4861	4	92	2	45	298	149
4863	33	2	37	1	282	149
4866	2	0	10	41	224	149
4867	0	12	5	40	298	149
4869	0	2	40	406	286	149
4875	3	315	0	99	298	149
4876	6	88	2	116	298	149
4877	23	304	12	157	298	149
4878	49	7	34	0	298	149
4879	20	338	12	201	298	149
4880	33	225	25	170	298	149
4881	38	0	29	2	298	149
4882	16	435	10	248	298	149
4886	18	37	2	10	298	149
4887	19	37	7	14	298	149
4891	24	17	26	8	298	149
4893	0	1	1	1	298	149
4897	88	3	37	4	298	149
4898	32	35	7	27	298	149
4899	0	4	9	15	298	149
4903	1	0	7	38	298	149
4905	0	6	9	34	270	149
4907	0	16	5	56	240	149
4908	0	2	2	2	298	149
4909	0	6	4	45	298	149
4911	0	4	5	4	251	149
4912	0	17	4	41	246	149
4913	3	9	1	11	298	149
4914	46	13	54	96	298	149
4915	22	0	80	7	298	149
4916	52	137	83	57	241	149
4917	63	1	97	0	250	149
4918	60	338	35	217	205	149
4919	442	406	359	175	298	149
4924	7	313	4	216	298	149
4925	7	274	5	229	298	149
4926	8	4	5	2	298	149
4927	11	259	7	221	298	149
4928	10	4	6	2	298	149
4929	0	23	13	110	298	149
4932	4	26	4	18	298	149
4936	8	35	6	91	298	149
4949	4	113	4	84	298	149
4951	4	158	8	112	298	149
4952	3	183	4	134	298	149
4953	11	144	6	118	298	149
4955	8	79	5	106	298	149
4957	16	16	15	48	298	149
4970	1	3	0	2	298	149
4980	74	1582	26	476	298	149
4982	1	0	7	58	298	149
4984	4	4	10	59	295	149
4987	1	32	0	37	298	149
4988	4	17	0	39	227	149
4990	5	77	9	61	281	149
4991	34	3	67	9	298	149
4993	6	14	31	62	298	149
4995	9	80	16	123	246	149
5001	15	33	8	10	298	149
5003	9	58	2	12	298	149
5006	3	4	0	5	298	149
5010	14	104	5	64	298	149
5011	6	97	0	75	244	149
5016	9	140	6	36	298	149
5017	0	13	6	385	268	149
5018	16	335	17	370	298	149
5019	19	1	21	2	298	149
5027	46	7	11	0	298	149
5030	19	1	6	0	298	149
5031	30	360	25	386	298	149
5032	18	676	23	470	262	149
5034	9	247	4	494	238	149
5035	65	692	48	525	298	149
5036	28	250	22	463	298	149
5037	9	201	1	93	298	149
5039	0	36	4	30	298	149
5041	6	0	52	7	298	149
5043	70	468	24	271	298	149
5044	307	169	231	128	298	149
5047	24	467	4	102	298	149
5049	1	5	5	8	298	149
5054	2	12	2	31	298	149
5060	0	2	6	0	298	149
5063	0	2	7	11	222	149
5064	71	1426	64	2003	298	149
5065	31	1528	24	2192	298	149
5067	49	1794	65	1707	246	149
5069	15	2119	13	1975	298	149
5070	232	214	132	233	298	149
5071	230	1523	147	1167	298	149
5073	1	3	5	7	298	149
5076	4	33	15	43	287	149
5078	14	40	13	24	249	149
5079	4	24	12	17	298	149
5081	4	28	3	30	298	149
5082	4	19	3	28	272	149
5084	1	0	1	201	298	149
5085	2	8	6	253	298	149
5086	4	0	5	2	298	149
5087	15	2	65	0	268	149
5088	3	104	3	221	231	149
5089	2	18	2	198	298	149
5091	7	3	3	0	298	149
5092	5	93	1	203	298	149
5093	0	74	10	251	244	149
5095	0	34	4	28	298	149
5096	1	0	8	24	298	149
5097	808	1	396	0	232	149
5098	814	3	399	2	236	149
5099	794	661	2	0	298	149
5102	0	4	4	61	298	149
5103	0	1	2	38	232	149
5110	5	0	10	18	298	149
5113	6	56	4	47	298	149
5116	11	44	27	46	298	149
5118	3	2	4	3	231	149
5119	69	531	18	111	298	149
5120	63	2	26	2	298	149
5125	48	19	6	0	298	149
5126	77	78	15	9	298	149
5129	3	14	4	13	298	149
5130	11	54	0	18	298	149
5137	148	11	453	67	298	149
5140	116	123	57	49	298	149
5147	68	2	58	4	275	149
5148	54	32	10	16	218	149
5149	28	15	18	9	298	149
5151	23	15	12	7	298	149
5152	6	1	3	0	298	149
5153	4	18	1	26	298	149
5160	6	0	15	17	298	149
5162	2	0	14	10	298	149
5163	4	0	25	2	298	149
5165	2	21	4	23	298	149
5166	8	20	14	39	298	149
5167	10	5	14	12	247	149
5168	5	15	13	23	243	149
5170	0	2	19	24	298	149
5172	2	0	9	6	298	149
5176	56	0	284	3	298	149
5179	23	95	113	3847	298	149
5182	97	13	19	5	298	149
5183	50	64	8	23	298	149
5186	48	27	35	26	298	149
5187	1	8	2	8	298	149
5188	1	8	3	27	227	149
5190	153	0	191	2	298	149
5191	4	218	8	364	298	149
5192	49	65	18	18	298	149
5193	0	3	3	16	298	149
5201	2	18	7	288	222	149
5206	1	18	0	10	220	149
5211	2	3	0	2	294	149
5212	24	50	26	57	298	149
5215	0	26	8	457	298	149
5228	39	2	33	2	298	149
5231	1	0	30	1	298	149
5232	1	11	8	28	298	149
5235	4	30	9	32	298	149
5238	12	229	4	200	298	149
5241	3	4	9	30	298	149
5242	106	371	31	114	298	149
5243	66	4	43	2	251	149
5251	4	2	1	0	298	149
5256	5	1	3	2	298	149
5263	1	54	1	14	233	149
5268	0	2	2	0	298	149
5270	6	81	7	120	298	149
5271	4	1	3	132	298	149
5272	13	112	1	130	298	149
5273	4	29	2	92	298	149
5277	254	7005	87	3938	298	149
5280	4	104	1	40	240	149
5284	2	114	11	999	298	149
5304	0	2	5	3	298	149
5308	0	2	3	81	230	149
5310	0	1	2	71	233	149
5311	0	14	3	52	237	149
5320	18	25	10	25	298	149
5328	2	0	4	64	298	149
5329	1	5	1	52	298	149
5330	1	2	1	0	298	149
5331	18	2	69	1	246	149
5336	5	4	52	20	298	149
5337	6	66	14	32	298	149
5339	279	0	194	52	298	149
5345	63	250	26	85	298	149
5346	18	174	13	84	298	149
5349	11	172	9	39	298	149
5352	8	19	15	87	298	149
5353	3	60	12	105	298	149
5354	4	0	8	2	298	149
5355	3	71	13	112	298	149
5363	216	110	55	52	298	149
5369	3	0	26	1	298	149
5370	0	43	21	355	298	149
5371	15	75	17	232	298	149
5372	8	106	13	263	298	149
5373	8	116	2	262	227	149
5376	62	53	79	26	298	149
5379	3	42	7	27	298	149
5382	0	4	4	49	298	149
5383	0	25	4	66	298	149
5385	7	2	2	5	298	149
5397	1	6	4	12	298	149
5398	5	131	28	158	298	149
5399	10	76	9	172	298	149
5400	0	7	2	107	298	149
5401	7	0	30	45	298	149
5403	171	35	295	75	296	149
5404	114	10	305	19	285	149
5411	28	8	10	6	298	149
5415	0	161	1	498	245	149
5416	72	4	18	2	298	149
5418	20	2	25	0	298	149
5419	42	9	26	0	298	149
5420	17	318	3	99	298	149
5422	13	203	13	67	261	149
5423	2	0	45	10	298	149
5431	4	38	2	90	298	149
5436	64	105	0	5	298	149
5443	46	14	8	4	298	149
5449	9	144	5	22	298	149
5450	3	391	4	130	298	149
5451	30	479	18	143	298	149
5452	38	319	15	114	269	149
5453	15	303	12	121	235	149
5454	21	4	11	0	298	149
5455	18	284	8	131	298	149
5459	8	182	0	193	240	149
5460	4	9	15	249	298	149
5461	4	2	5	10	275	149
5462	17	44	16	105	298	149
5464	1	12	23	123	298	149
5465	10	17	17	147	298	149
5478	70	1432	37	384	298	149
5479	171	1487	30	337	298	149
5481	0	2	3	6	237	149
5486	2	2	7	59	284	149
5487	0	1	2	0	298	149
5493	0	2	9	6	298	149
5499	0	2	4	7	230	149
5503	4	0	52	1	269	149
5505	4	227	0	9	298	149
5507	5	0	2	1	298	149
5511	40	0	120	9	298	149
5512	11	75	5	69	298	149
5514	3	0	0	16	298	149
5517	4	14	3	47	228	149
5521	26	79	83	1994	298	149
5523	62	1748	37	6468	298	149
5525	15	7	4	17	298	149
5528	185	2	38	0	237	149
5534	2	0	10	31	243	149
5535	11	15	29	29	298	149
5536	4	0	14	4	298	149
5537	1	0	4	33	298	149
5541	274	8	59	4	298	149
5542	290	43	66	6	298	149
5543	99	54	12	6	298	149
5544	23	0	6	1	277	149
5547	0	9	18	363	249	149
5549	0	4	15	222	234	149
5550	0	10	9	332	261	149
5551	0	2	10	266	251	149
5552	5	33	9	293	298	149
5556	2	130	41	1204	298	149
5557	17	142	41	1669	298	149
5558	22	0	485	2	298	149
5559	136	6	1807	30	298	149
5560	10	243	39	1836	298	149
5561	369	6	2355	13	298	149
5564	4	211	5	401	298	149
5570	15	172	7	162	298	149
5572	19	298	10	126	298	149
5573	72	347	21	124	298	149
5575	200	3	62	0	298	149
5576	70	353	25	160	298	149
5578	122	208	334	77	298	149
5582	0	7	7	212	222	149
5585	0	3	23	114	298	149
5587	59	15	31	2	298	149
5588	0	4	6	6	298	149
5590	0	2	4	26	298	149
5591	12	30	9	28	298	149
5599	4	33	8	120	298	149
5600	4	2	6	0	298	149
5602	30	55	96	82	298	149
5605	2	0	69	50	298	149
5606	16	1	205	3	276	149
5609	6	2	2	3	298	149
5619	9	2	4	2	298	149
5620	9	13	4	13	298	149
5623	21	208	28	141	298	149
5625	35	0	166	2	298	149
5630	46	40	30	94	298	149
5632	56	85	19	133	298	149
5649	11	0	0	2	233	149
5653	86	119	22	47	298	149
5662	4	23	0	5	273	149
5668	10	209	13	118	298	149
5669	9	1	8	50	229	149
5670	15	2	18	0	298	149
5671	3	56	27	52	298	149
5672	83	2921	75	3369	298	149
5674	40	236	3	15	298	149
5678	4	0	1	1	298	149
5682	8	1	8	2	265	149
5683	17	94	3	38	298	149
5684	8	43	10	35	298	149
5686	22	2	12	1	298	149
5688	20	82	9	54	298	149
5690	9	66	6	55	236	149
5691	0	2	2	60	298	149
5694	0	7	1	5	298	149
5699	2	2	3	18	287	149
5700	26	2751	24	1672	250	149
5703	0	6	2	25	298	149
5708	10	126	6	109	298	149
5712	38	26	15	11	298	149
5714	191	1	2	0	244	149
5720	17	146	118	297	256	149
5721	238	1220	196	730	253	149
5722	117	276	290	344	294	149
5725	1	13	0	6	281	149
5729	23	2	7	3	298	149
5732	18	83	7	22	298	149
5733	17	0	12	2	298	149
5736	51	1	14	3	298	149
5740	7	24	1	8	298	149
5741	4	2	6	1	298	149
5742	1	56	6	30	298	149
5745	57	1186	27	429	233	149
5747	1084	90	582	100	298	149
5748	1607	6	648	5	298	149
5749	1576	121	619	45	298	149
5753	12	54	0	4	298	149
5756	0	2	6	3	298	149
5758	0	4	1	0	298	149
5760	30	100	24	24	298	149
5765	39	325	7	61	298	149
5766	34	429	10	58	298	149
5767	10	257	1	55	298	149
5768	21	1	7	0	298	149
5770	20	204	2	31	298	149
5771	5	22	11	51	298	149
5772	10	200	7	825	298	149
5775	13	78	10	7	298	149
5788	59	0	329	236	175	149
5796	0	2	3	19	232	149
5800	3	2	2	1	298	149
5801	83	3	35	2	298	149
5802	3	40	5	33	298	149
5808	2	176	5	130	225	149
5809	4	111	5	146	298	149
5811	0	2	35	47	298	149
5840	16	348	2	115	298	149
5841	6	70	8	442	298	149
5842	6	0	6	2	298	149
5843	9	10	17	7	244	149
5846	536	7	304	11	298	149
5847	509	3	297	1	298	149
5848	8	11	14	7	298	149
5851	59	3	36	0	298	149
5852	9	49	3	23	298	149
5854	34	102	9	34	298	149
5857	280	131	129	38	298	149
5858	260	5	90	4	298	149
5859	526	2	204	0	298	149
5860	168	6	88	0	298	149
5861	185	18	48	4	298	149
5862	207	2	101	0	298	149
5863	149	94	60	54	298	149
5864	69	57	24	47	298	149
5865	57	66	41	31	298	149
5868	88	256	54	119	297	149
5869	130	406	40	224	298	149
5872	71	1692	5	240	298	149
5874	5	0	15	2	298	149
5876	0	1	2	0	298	149
5885	1	4	4	39	298	149
5889	34	371	10	134	298	149
5891	0	26	16	267	234	149
5893	4	7	9	56	229	149
5894	2	9	7	34	237	149
5899	30	2241	2	391	298	149
5900	28	2070	4	359	298	149
5901	39	2206	3	464	298	149
5914	20	64	5	21	298	149
5916	4	20	5	44	298	149
5929	41	2	17	0	298	149
5941	21	91	9	21	298	149
5942	3	0	6	1	259	149
5944	2	0	19	4	298	149
5951	6	85	2	41	298	149
5952	0	10	3	39	298	149
5958	0	100	1	71	279	149
5967	0	6	7	94	298	149
5971	1	0	17	3	298	149
5972	1	0	19	3	298	149
5973	1	0	19	2	298	149
5975	1	0	4	2	298	149
5977	98	108	30	17	298	149
5978	28	0	64	1	210	149
5980	3	19	6	24	298	149
5981	16	33	0	2	298	149
5983	52	639	37	483	298	149
5984	20	1	17	3	298	149
5987	34	2	69	3	298	149
5990	1523	9441	129	663	298	149
5991	6	350	1	48	298	149
5994	16	224	1	42	298	149
5995	5	224	2	35	298	149
5996	17	66	11	23	298	149
5997	9	83	2	26	298	149
5998	115	9	16	10	298	149
5999	68	100	15	21	298	149
6002	0	10	8	285	298	149
6004	2200	579	128	19	298	149
6005	966	357	111	43	253	149
6006	828	7	95	0	234	149
6007	855	130	26	15	257	149
6008	100	94	4	0	298	149
6009	91	7	4	0	298	149
6010	57	22	2	0	298	149
6014	11	2	4	0	298	149
6015	61	3159	11	1078	298	149
6017	6	0	159	10	298	149
6022	19	0	24	11	298	149
6026	1	0	1	33	298	149
6033	0	18	7	35	298	149
6035	10	2	93	4	217	149
6038	13	1401	11	2089	298	149
6039	123	1700	138	1765	298	149
6050	2	0	4	6	238	149
6051	34	6	12	5	298	149
6056	72	4	23	3	298	149
6061	0	2	3	39	220	149
6062	30	68	21	41	298	149
6063	5	2	3	0	217	149
6064	5	39	4	44	241	149
6065	9	45	5	42	298	149
6066	5	2	5	1	298	149
6068	8	22	12	31	298	149
6072	2	30	1	44	298	149
6073	0	19	2	37	298	149
6074	736	10478	45	365	298	149
6075	1109	31	49	5	298	149
6076	1449	14484	69	522	298	149
6077	2100	2	53	0	298	149
6078	1672	9	44	0	298	149
6079	1200	11793	32	383	298	149
6080	486	6	26	0	298	149
6081	4780	5	218	0	298	149
6082	4308	4	206	0	298	149
6083	0	46	1	5	298	149
6084	4	0	1	3	298	149
6085	4	0	1	3	298	149
6091	0	2	3	6	298	149
6092	0	4	3	6	298	149
6098	52	1	47	0	298	149
6103	20	1	11	0	298	149
6104	19	2	11	3	298	149
6107	0	1	2	8	298	149
6109	299	21	142	5	298	149
6111	4	35	2	2	298	149
6113	3	0	47	106	298	149
6116	4	2	42	233	298	149
6118	8	20	7	90	298	149
6119	0	2	15	2	298	149
6124	7	35	1	84	220	149
6126	9	6	17	47	298	149
6127	6	0	98	20	242	149
6130	6	12	12	158	298	149
6139	0	2	6	161	298	149
6140	0	1	2	154	235	149
6141	6	28	5	36	298	149
6143	16	30	8	28	298	149
6157	11	155	0	24	298	149
6159	12	125	2	41	298	149
6161	4	160	4	24	243	149
6163	11	0	7	2	298	149
6165	17	201	7	30	298	149
6167	18	178	9	32	298	149
6172	5	57	9	55	298	149
6174	8	43	0	16	298	149
6183	0	8	4	4	298	149
6189	5	175	103	2960	298	149
6190	0	25	124	3115	298	149
6192	46	469	58	851	298	149
6193	0	5	140	574	298	149
6195	0	1	2	7	298	149
6196	1	0	60	20	292	149
6214	3	0	574	3	298	149
6215	1	34	77	779	298	149
6216	0	1	42	541	283	149
6218	0	1	15	850	298	149
6225	1	0	5	35	247	149
6228	21	96	29	26	298	149
6229	43	0	31	2	298	149
6230	7	4	5	2	298	149
6235	2	5	0	1	298	149
6236	3	254	6	90	298	149
6239	62	104	63	387	298	149
6240	107	199	104	426	298	149
6241	121	4	153	3	298	149
6242	143	221	150	418	298	149
6243	62	2	72	0	298	149
6244	94	275	89	484	298	149
6245	100	154	79	329	298	149
6246	127	121	160	184	298	149
6247	70	177	28	440	298	149
6248	109	154	101	466	298	149
6250	2	27	5	16	240	149
6251	2	4	1	12	229	149
6252	214	164	27	10	298	149
6256	11	4	4	0	298	149
6263	2	0	54	2	298	149
6265	19	1	38	3	232	149
6267	38	6	13	0	229	149
6269	6	20	8	16	298	149
6270	6	1	8	0	298	149
6272	4	1	9	11	298	149
6276	346	4	226	0	249	149
6277	149	127	28	63	298	149
6278	6	162	10	146	298	149
6279	4	91	1	27	298	149
6280	232	8	155	10	242	149
6283	200	9	42	2	298	149
6286	13	7	3	0	298	149
6287	48	2764	46	1690	233	149
6288	0	260	15	1077	298	149
6296	0	10	2	19	298	149
6301	13	0	80	1	298	149
6302	18	0	78	4	298	149
6303	2	0	7	23	298	149
6304	1	3	1	16	298	149
6305	7	384	10	382	298	149
6306	17	2	15	0	298	149
6308	7	37	2	31	298	149
6309	33	58	15	100	298	149
6310	7	19	7	133	298	149
6312	23	35	5	7	298	149
6313	26	103	4	35	298	149
6314	18	151	2	38	223	149
6315	8	110	2	24	298	149
6316	25	2	6	2	298	149
6318	65	787	32	84	298	149
6319	0	2	2	22	298	149
6320	0	2	1	9	231	149
6321	0	2	2	16	298	149
6335	5	11	16	9	298	149
6338	16	74	12	66	298	149
6341	5	0	13	27	298	149
6342	0	8	5	33	259	149
6345	2	0	9	48	298	149
6347	3	43	11	350	298	149
6348	19	1	38	2	298	149
6350	0	4	10	264	261	149
6351	2	0	22	2	298	149
6353	2	0	9	1	298	149
6355	0	2	3	2	232	149
6356	0	39	5	44	247	149
6358	2	0	10	1	298	149
6359	1	0	4	5	223	149
6367	8	0	14	1	288	149
6374	7	0	217	3	203	149
6375	13	0	269	2	263	149
6377	25	80	83	113	298	149
6382	2	2	11	0	298	149
6386	0	17	2	53	298	149
6387	23	244	9	127	298	149
6388	0	4	1	38	283	149
6393	11	0	9	2	298	149
6394	11	0	4	1	298	149
6395	17	4	6	3	298	149
6398	17	0	21	2	236	149
6399	9	88	10	147	226	149
6400	0	1	5	171	298	149
6401	2	2	3	11	298	149
6405	2	4	1	14	298	149
6411	0	5	2	19	298	149
6414	16	112	4	243	298	149
6417	12	114	8	376	298	149
6419	2	38	10	447	298	149
6421	20	17	42	341	298	149
6424	19	17	51	320	298	149
6428	1	10	6	20	298	149
6429	8	0	6	1	298	149
6430	175	10	43	3	236	149
6431	10	52	0	20	227	149
6442	0	10	4	60	298	149
6445	4	238	1	51	271	149
6447	164	17	74	0	221	149
6458	8	30	15	143	298	149
6459	0	2	19	44	298	149
6464	19	44	16	133	298	149
6465	3	1	26	1	298	149
6467	15	38	20	140	298	149
6468	22	0	36	2	298	149
6479	1	5	1	35	247	149
6482	0	1	7	12	242	149
6487	29	137	21	167	278	149
6490	48	22	27	28	298	149
6491	66	6	35	3	298	149
6492	0	4	19	211	298	149
6493	3	0	22	2	298	149
6494	3	56	31	282	223	149
6495	2	79	31	588	242	149
6496	63	125	258	383	298	149
6497	25	0	116	1	258	149
6498	15	249	35	668	241	149
6502	24	0	0	16	298	149
6508	125	535	18	183	298	149
6510	171	8	23	7	298	149
6511	153	374	60	193	298	149
6512	110	924	32	203	232	149
6513	97	413	46	119	298	149
6514	132	2	40	0	298	149
6515	117	384	42	190	298	149
6516	73	1322	10	225	228	149
6518	32	706	16	184	243	149
6519	26	256	13	96	298	149
6520	24	101	20	34	298	149
6521	37	114	11	85	298	149
6522	36	376	32	238	298	149
6533	10	139	6	260	298	149
6535	0	2	3	114	279	149
6539	51	414	16	163	298	149
6541	2	23	0	14	285	149
6547	44	2264	30	3161	298	149
6548	0	2	142	2469	298	149
6549	6	46	4	38	298	149
6563	210	0	85	1	298	149
6564	5	23	2	31	298	149
6565	2	166	1	128	298	149
6570	1	30	9	112	298	149
6572	0	1	3	21	298	149
6575	0	19	7	46	298	149
6593	4	13	4	7	240	149
6595	3	11	12	16	225	149
6597	2	3	10	34	298	149
6598	0	2	2	9	249	149
6611	44	6	24	0	298	149
6612	16	152	20	168	298	149
6613	0	11	4	94	242	149
6614	2	6	28	25	298	149
6615	2	0	19	28	298	149
6616	31	46	41	114	298	149
6617	31	2	32	50	298	149
6618	2	14	17	258	298	149
6619	0	18	20	149	230	149
6636	31	94	19	49	298	149
6637	110	7	49	2	298	149
6638	54	166	31	93	298	149
6639	37	2	21	1	298	149
6642	391	5	92	0	298	149
6644	67	638	28	92	298	149
6646	27	1	9	4	298	149
6647	29	8	10	2	298	149
6648	1	17	4	0	298	149
6653	2	0	1	4	298	149
6657	323	4	52	0	298	149
6658	0	2	12	29	298	149
6659	0	2	5	40	298	149
6664	0	2	3	0	252	149
6665	46	677	6	79	298	149
6666	2	76	0	55	226	149
6684	0	2	2	18	298	149
6688	2	15	4	28	298	149
6689	11	0	20	2	236	149
6694	5	0	77	11	298	149
6696	2	2	0	12	252	149
6697	1	1	2	7	298	149
6698	0	1	2	7	298	149
6708	2	1	1	0	248	149
6709	69	3698	36	2869	298	149
6710	31	92	49	2552	298	149
6717	28	185	15	32	298	149
6718	27	421	40	118	298	149
6719	15	4	8	0	240	149
6727	2	5	5	12	298	149
6728	2	8	4	12	275	149
6730	10	41	47	679	298	149
6731	33	2	1034	7	251	149
6732	0	6	9	69	271	149
6735	0	2	1	60	298	149
6736	0	9	6	59	298	149
6740	10	0	25	1	298	149
6741	4	34	0	4	298	149
6744	2	8	3	6	298	149
6745	8	3	148	88	288	149
6746	8	0	138	1	265	149
6747	14	0	170	2	298	149
6749	48	93	14	29	298	149
6750	44	0	12	2	298	149
6751	14	48	8	47	298	149
6754	4	60	5	309	298	149
6758	4	0	0	1	269	149
6759	15	89	7	45	228	149
6760	90	1095	2	20	298	149
6762	0	26	4	72	298	149
6763	24	34	3	3	298	149
6764	20	3	1	2	298	149
6766	15	21	4	33	298	149
6767	1	26	3	35	298	149
6770	0	2	4	30	238	149
6776	68	1618	43	832	298	149
6777	149	1	112	1	298	149
6778	82	2109	47	1375	298	149
6780	8	264	3	120	231	149
6781	9	86	0	25	298	149
6783	11	99	2	34	298	149
6790	0	13	4	4	298	149
6793	2	2	10	8	298	149
6794	135	0	514	4	298	149
6795	17	119	8	63	298	149
6802	0	8	1	32	298	149
6804	0	2	1	39	298	149
6807	0	8	2	35	298	149
6808	476	4	185	4	289	149
6809	44	2037	6	701	231	149
6810	39	1475	29	632	298	149
6811	14	1521	11	650	298	149
6812	8	20	14	19	235	149
6818	0	1	6	92	298	149
6822	0	2	4	431	223	149
6824	0	1	2	68	298	149
6825	0	4	2	65	296	149
6826	0	1	14	54	298	149
6831	2	0	0	4	271	149
6844	0	16	18	121	298	149
6845	0	10	19	130	265	149
6846	20	0	3250	56	212	149
6852	2	3	0	2	298	149
6855	93	223	13	71	298	149
6856	7	617	10	610	298	149
6864	32	388	8	43	298	149
6866	19	0	15	1	298	149
6868	30	32	27	30	298	149
6874	3	125	18	286	298	149
6875	2	0	10	4	298	149
6876	2	14	4	302	256	149
6878	9	24	5	30	298	149
6880	4	34	3	14	298	149
6882	36	496	10	159	298	149
6895	0	2	10	54	298	149
6897	7	2	33	75	238	149
6899	5	4	25	79	275	149
6902	4	1	2	71	298	149
6904	2	6	21	92	252	149
6905	2	0	19	1	239	149
6906	27	37	8	17	298	149
6907	0	2	32	14	298	149
6908	1	15	1	181	298	149
6912	0	5	2	17	298	149
6923	34	65	9	13	298	149
6924	0	9	4	60	234	149
6926	26	0	7	2	298	149
6928	10	2	55	1	298	149
6929	6	0	16	2	245	149
6930	6	79	9	99	225	149
6931	4	0	15	135	298	149
6932	62	328	72	121	298	149
6933	1	8	39	48	298	149
6934	1	488	0	115	298	149
6935	29	1072	5	193	298	149
6937	0	6	13	15	298	149
6948	12	84	1	15	298	149
6949	13	3	2	11	298	149
6950	77	1	322	24	298	149
6951	10	55	7	227	298	149
6952	34	297	16	169	298	149
6954	6	78	19	62	298	149
6955	69	88	10	63	298	149
6956	42	1337	10	303	249	149
6958	74	1158	4	270	298	149
6959	73	1516	11	297	298	149
6961	127	1	35	0	298	149
6962	97	1186	5	237	298	149
6963	101	681	3	208	298	149
6964	67	53	199	99	298	149
6969	0	13	6	18	280	149
6971	13	57	4	68	298	149
6979	3	35	3	151	298	149
6981	146	1111	54	382	298	149
6982	0	1	1	40	298	149
6993	14	18	10	15	298	149
6999	3	13	23	17	298	149
7003	73	2	158	14	248	149
7005	17	28	14	16	298	149
7010	2	61	10	48	298	149
7011	5	153	7	66	298	149
7012	18	0	9	1	298	149
7013	24	127	12	71	298	149
7015	2	83	3	54	298	149
7016	7	81	15	65	298	149
7017	8	59	10	51	298	149
7020	11	15	12	23	298	149
7022	1	0	0	2	298	149
7025	4	5	6	20	298	149
7027	20	660	5	667	298	149
7028	13	489	8	777	298	149
7029	10	56	20	24	298	149
7034	27	1	18	0	298	149
7035	8	100	59	4227	298	149
7039	0	1	180	2178	298	149
7041	2	2	9	2	298	149
7068	1	2	0	18	243	149
7075	1	16	3	11	226	149
7077	4	2	4	26	298	149
7082	770	49	114	4	298	149
7088	10	0	7	41	298	149
7089	1	0	13	259	298	149
7101	0	3	11	84	298	149
7130	4	0	24	169	298	149
7134	3	25	1	2	236	149
7135	3	286	1	18	230	149
7137	10	297	0	31	229	149
7140	0	8	1	0	298	149
7142	67	148	50	143	298	149
7143	40	47	53	85	298	149
7148	66	143	27	30	298	149
7150	13	197	4	98	298	149
7151	11	201	2	67	298	149
7159	0	2	1	6	298	149
7163	1	18	10	83	242	149
7164	2	37	6	68	252	149
7171	2	8	3	128	298	149
7172	0	27	6	141	298	149
7180	399	3	37	4	298	149
7182	7	52	8	119	298	149
7184	126	1175	28	296	298	149
7185	25	347	14	296	298	149
7186	52	1332	6	375	298	149
7187	44	693	10	303	298	149
7190	0	10	7	23	288	149
7191	0	4	9	24	298	149
7208	1	99	7	197	298	149
7216	14	9	6	5	298	149
7227	110	7	30	0	298	149
7252	2	25	6	83	298	149
7256	4	34	11	84	298	149
7257	0	2	2	98	298	149
7259	5	129	14	136	298	149
7260	2	118	5	157	298	149
7261	3	212	7	196	284	149
7262	3	118	3	44	226	149
7263	47	1	31	0	298	149
7265	2	5	7	20	298	149
7269	0	15	2	11	262	149
7272	0	2	5	35	298	149
7273	0	6	3	29	235	149
7281	33	189	3	3	298	149
7287	2	5	1	72	298	149
7288	9	47	2	67	298	149
7290	2	9	0	32	280	149
7296	401	353	517	1104	242	149
7297	94	883	74	1160	298	149
7298	140	783	99	1172	298	149
7300	0	7	11	173	298	149
7301	2	3	20	8	254	149
7302	1	16	5	222	246	149
7303	0	2	10	159	298	149
7304	21	2	63	5	266	149
7311	2	0	3	1	298	149
7312	0	10	2	101	298	149
7313	2	5	21	2	298	149
7314	0	1	10	0	298	149
7316	10	2	22	2	298	149
7318	59	72	40	83	298	149
7320	58	57	37	74	298	149
7321	29	55	18	89	298	149
7322	74	23	47	61	298	149
7324	65	5	38	0	298	149
7325	68	25	43	65	298	149
7326	61	22	44	52	298	149
7327	60	4	43	1	298	149
7328	62	28	47	64	298	149
7329	58	23	91	43	298	149
7330	13	5	71	10	298	149
7332	4	0	56	8	296	149
7334	4	16	2	16	298	149
7336	0	4	13	68	298	149
7338	5	0	42	3	271	149
7339	0	7	8	50	223	149
7345	4	45	0	6	298	149
7359	0	2	3	3	298	149
7387	5	286	7	475	298	149
7388	0	2	2	245	298	149
7391	3	21	15	55	298	149
7392	0	2	25	57	298	149
7393	24	2	53	5	298	149
7394	13	29	43	47	298	149
7401	27	151	9	163	298	149
7415	9	401	42	1013	298	149
7416	606	0	957	10	298	149
7422	0	3	1	14	298	149
7424	7	326	0	76	235	149
7425	42	293	1	80	298	149
7427	1	0	2	4	298	149
7428	21	278	9	40	298	149
7429	253	1	114	0	298	149
7430	121	0	140	11	298	149
7431	5	30	0	24	298	149
7439	2	24	0	6	298	149
7442	9	2	8	1	298	149
7443	7	128	3	40	298	149
7445	32	301	21	130	298	149
7447	19	2	8	8	298	149
7448	4	23	0	2	298	149
7451	1	12	0	9	298	149
7455	349	12	49	4	298	149
7456	896	2	197	0	298	149
7457	2	6	4	4	237	149
7460	7	0	26	85	298	149
7462	0	1	14	6	298	149
7463	0	30	11	66	298	149
7467	126	7	61	13	298	149
7468	9	0	0	32	298	149
7472	1	1	1	9	298	149
7475	12	45	2	3	298	149
7476	1	0	4	5	298	149
7486	2	0	2	5	298	149
7487	2	9	2	4	298	149
7489	0	6	5	7	245	149
7499	162	56	82	26	266	149
7500	0	1	8	0	298	149
7504	9	2	9	4	298	149
7505	11	0	9	2	298	149
7508	4	3	0	9	298	149
7510	4	5	18	63	298	149
7511	7	22	11	123	270	149
7515	11	28	14	72	298	149
7517	4	31	5	69	298	149
7520	18	125	7	80	298	149
7522	524	1612	436	4945	298	149
7524	14	2060	6	844	298	149
7535	41	14	25	17	298	149
7536	20	231	16	99	298	149
7538	8	0	9	5	298	149
7539	7	211	8	480	298	149
7540	20	88	6	25	298	149
7546	34	6	6	1	229	149
7547	19	76	9	19	298	149
7548	56	1638	8	671	298	149
7549	56	2	8	0	298	149
7550	49	15	12	7	298	149
7551	62	5	16	1	298	149
7552	47	82	5	11	298	149
7553	193	4007	102	2132	298	149
7559	110	0	52	3	298	149
7562	14	41	9	17	298	149
7563	6	0	15	75	298	149
7564	4	0	10	59	243	149
7565	1	0	16	44	298	149
7566	4	0	15	5	298	149
7567	1	0	38	36	298	149
7570	45	175	14	68	298	149
7572	1	41	3	30	220	149
7573	12	16	2	23	298	149
7575	30	471	6	422	298	149
7578	63	243	5	29	228	149
7581	0	4	4	7	298	149
7584	0	11	5	78	278	149
7585	5	32	18	85	298	149
7586	28	9	19	2	298	149
7587	16	17	11	8	298	149
7588	10	9	5	6	298	149
7589	3	25	3	16	298	149
7591	4	83	7	25	298	149
7593	139	515	136	1388	298	149
7603	9	20	6	6	298	149
7605	2	0	12	6	298	149
7607	401	1	88	0	298	149
7608	0	3	8	103	234	149
7609	27	43	13	19	298	149
7617	6	49	0	114	298	149
7618	10	5	26	6	298	149
7619	4	95	8	101	298	149
7625	7	22	0	14	298	149
7628	110	0	21	1	298	149
7629	1	2	2	25	298	149
7637	3	28	5	32	298	149
7638	3	0	8	3	298	149
7640	3	0	9	18	298	149
7642	8	0	18	1	298	149
7643	7	4	5	44	298	149
7647	0	6	2	33	283	149
7648	2	0	4	10	298	149
7657	0	4	1	15	292	149
7660	28	7	19	6	298	149
7661	31	70	19	32	298	149
7669	4	129	1	1	298	149
7674	64	200	30	79	298	149
7675	17	270	6	60	298	149
7683	3	0	88	162	240	149
7695	0	2	5	3	298	149
7703	0	2	4	27	298	149
7709	2	15	1	5	298	149
7711	10	16	3	19	298	149
7715	14	249	20	644	298	149
7717	38	680	21	459	298	149
7718	2	2	13	1	298	149
7722	10	165	11	196	298	149
7724	16	318	11	172	298	149
7725	4	30	4	262	298	149
7726	502	670	4	4	298	149
7727	141	386	2	2	298	149
7728	20	136	0	7	248	149
7734	415	7554	284	10743	298	149
7738	39	2	1	0	298	149
7739	46	11	0	1	298	149
7740	117	3	4	1	254	149
7743	11	22	2	0	298	149
7747	1658	194	672	112	298	149
7748	134	81	86	67	298	149
7750	3	0	14	7	298	149
7752	0	22	17	256	298	149
7754	0	152	9	279	272	149
7762	4	52	11	24	298	149
7763	8	64	3	25	242	149
7764	112	83	96	64	298	149
7772	33	3	28	2	298	149
7773	19	3	20	2	298	149
7774	17	13	20	2	298	149
7775	4	7	4	10	298	149
7777	75	11	20	16	243	149
7779	8	36	11	55	298	149
7781	6	241	1	123	298	149
7787	2	0	3	8	298	149
7794	1	5	0	19	298	149
7797	0	3	4	39	298	149
7806	0	1	2	32	275	149
7811	18	304	10	146	298	149
7812	31	366	9	178	298	149
7813	15	377	12	187	298	149
7815	31	296	18	156	221	149
7819	23	0	46	2	298	149
7820	28	397	40	513	298	149
7821	13	0	24	10	298	149
7823	15	1	25	3	298	149
7824	4	679	11	650	298	149
7825	2	0	18	4	298	149
7826	3	1	8	6	298	149
7828	17	1163	15	696	269	149
7829	81	0	49	4	273	149
7830	4	0	11	20	298	149
7835	2	3	5	14	298	149
7845	26	2	18	2	298	149
7847	6	113	11	166	298	149
7848	13	110	33	169	298	149
7851	4	10	2	9	298	149
7852	2	23	2	26	298	149
7854	17	9	33	25	275	149
7855	11	2	47	18	298	149
7863	14	196	0	50	298	149
7872	2	0	2	3	298	149
7875	7	20	4	3	246	149
7877	9	63	3	29	235	149
7880	3	4	0	8	298	149
7885	15	34	0	29	235	149
7887	25	7	6	14	298	149
7899	1	28	0	4	298	149
7903	21	163	1	32	298	149
7904	21	225	14	214	298	149
7909	6	2	11	0	216	149
7911	15	188	1	91	298	149
7916	56	59	49	640	298	149
7920	56	10	21	0	236	149
7921	93	1225	29	440	298	149
7922	110	8	37	0	298	149
7923	114	10	32	5	298	149
7924	170	9	48	1	298	149
7925	128	2562	29	1166	298	149
7927	112	2929	60	1059	298	149
7928	236	1126	136	956	298	149
7929	192	2	117	0	298	149
7930	22	2124	11	976	298	149
7931	209	2237	57	844	238	149
7934	28	11	23	2	272	149
7937	10	64	69	121	298	149
7938	29	1176	10	479	298	149
7939	2	15	13	26	298	149
7942	22	0	35	2	298	149
7943	4	66	4	15	298	149
7945	45	38	7	9	298	149
7946	13	111	0	7	298	149
7948	109	11	17	0	298	149
7950	0	2	4	11	298	149
7958	4	114	4	97	229	149
7960	7	146	0	95	240	149
7962	10	0	16	7	298	149
7963	8	1	17	2	298	149
7964	2	319	2	5078	253	149
7965	176	1	50	0	227	149
7972	14	1	13	0	262	149
7975	8	13	1104	34780	298	149
7976	14	58	0	26	264	149
7984	6	32	18	41	298	149
7985	6	2	40	1	298	149
7986	0	2	1	11	288	149
7988	15	316	20	190	298	149
7991	27	243	22	104	298	149
7996	20	128	18	435	298	149
7997	13	353	6	78	298	149
7998	15	200	7	161	239	149
8000	0	4	5	84	298	149
8009	0	9	21	110	252	149
8013	19	622	85	2388	298	149
8014	90	1896	66	2614	298	149
8015	5	5	27	1983	298	149
8018	6	124	4	31	298	149
8021	12	5	3	0	298	149
8022	12	1	3	0	298	149
8025	2	96	1	51	298	149
8026	7	66	7	37	298	149
8037	25	0	58	1	298	149
8038	60	249	39	70	298	149
8039	56	4	16	2	298	149
8040	2	5	20	119	298	149
8044	7	21	6	3	298	149
8045	3	31	1	10	298	149
8046	2	1	0	4	298	149
8047	39	0	2	2	298	149
8048	14	6	4	15	298	149
8049	54	6	67	0	186	149
8053	79	196	35	65	298	149
8061	197	37	282	26	298	149
8065	4	28	3	480	298	149
