ID	IJC_SAMPLE_1	SJC_SAMPLE_1	IJC_SAMPLE_2	SJC_SAMPLE_2	IncFormLen	SkipFormLen
3	1	4	0	4	193	204
5	0	6	2	9	298	204
8	27	12	3	6	203	222
9	6	7	3	2	298	295
10	6	7	2	2	271	295
12	39	10	20	0	245	294
14	19	5	33	9	298	217
15	435	1993	926	526	246	219
16	5	48	14	7	254	231
18	119	98	10	15	294	234
23	4	56	0	5	209	221
25	3	6	0	2	211	294
26	2	118	0	13	211	221
27	3	6	0	2	294	294
29	113	4	4	0	210	210
30	113	4	4	0	210	298
31	89	23	4	2	210	264
42	38	2	12	4	275	298
43	0	21	23	39	233	245
44	0	9	15	5	298	220
47	4	142	55	127	228	220
48	5	374	54	148	228	235
49	108	373	78	150	220	235
51	5	177	9	33	216	298
53	443	386	289	203	229	211
62	0	11	8	7	298	298
63	5	0	14	10	298	298
64	3	0	8	8	275	298
65	7	0	19	2	219	186
67	2	2	27	5	247	273
68	2	2	0	5	223	273
69	2	2	0	27	223	247
70	0	2	3	20	258	247
73	0	147	3	77	203	298
74	53	73	21	25	294	197
75	12	2	22	1	297	298
76	5	2	16	0	297	187
77	12	2	22	0	297	187
78	7	0	2	7	298	298
81	21	56	5	6	201	241
84	20	5	18	15	277	298
85	9	3	27	11	298	298
86	2	1	1	3	269	298
87	108	221	87	122	264	281
88	0	2	19	95	219	298
90	6	1	2	2	270	260
99	20	3	2236	1484	272	298
101	0	2	370	198	298	212
111	22	6	23	0	260	254
112	9030	13945	9	30	244	298
113	8467	13901	6	30	276	298
114	8512	9508	6	14	276	244
115	7547	9500	11	14	298	244
116	7562	12581	11	15	298	276
118	2	81	4	139	298	294
121	31	5	1	1	241	191
122	30	5	1	0	241	281
125	49	2	34	0	298	242
135	10	1	4	2	298	298
136	14	1	4	2	275	298
137	180	4	20	0	275	258
138	0	7	9	23	181	208
139	50	20	6	17	199	232
140	34	14	4	10	199	199
142	1	2	5	0	242	270
145	1	0	9	2	265	288
156	95	43	43	40	272	298
166	0	4	6	5	298	298
167	13	4	8	3	298	253
171	8	130	62	87	202	240
177	4	2	25	9	266	232
179	22	7	95	11	288	288
180	9	14	1	0	241	276
183	0	4	4	44	266	298
184	0	3	4	62	266	298
186	0	9	5	52	200	232
199	9	11	192	164	298	298
208	301	258	110	107	245	218
209	652	12	237	4	245	230
210	34	308	12	105	175	245
211	32	13	11	9	175	245
218	125	192	100	103	253	247
219	98	2	63	57	249	258
227	0	2	1	4	263	298
238	91	0	565	773	245	298
239	460	21	1196	15	279	197
240	184	179	12	12	242	254
241	16	570	70	1101	260	279
242	16	279	70	486	260	298
249	9	2	28	24	292	278
252	69	675	40	188	240	291
253	285	2	83	0	222	221
257	32	0	361	5	235	298
266	127	301	158	288	285	295
269	38	8	66	5	287	279
270	29	870	68	294	287	279
271	788	538	209	222	279	235
272	2	6	0	6	192	203
273	26	0	20	2	180	298
276	212	326	45	80	263	278
277	238	236	65	146	278	298
279	11	33	145	141	298	298
280	32	90	7	10	195	230
281	105	38	16	7	273	195
282	54	13	16	4	232	232
295	68	26	20	31	252	298
305	44	28	7	11	284	255
306	17	56	7	12	248	246
310	21	4	36	104	225	289
321	15	3	3	2	298	152
322	2	3	0	2	298	152
324	44	53	59	33	257	222
325	39	53	53	33	249	222
326	0	86	58	92	245	257
331	279	304	43	79	298	257
332	99	91	17	13	219	246
333	144	122	25	24	246	291
334	1	4	75	112	298	277
337	8	0	87	72	277	298
338	8	0	87	72	277	267
339	8	0	87	69	277	250
342	29	46	9	6	298	276
344	97	109	17	30	248	284
345	0	15	4	3	298	244
350	554	113	46	5	297	218
351	1881	546	354	238	259	226
352	1889	546	363	238	272	226
355	47	2	12	14	235	264
356	32	48	9	12	204	241
358	8	32	3	20	182	254
359	984	83	1467	1623	254	271
361	143	103	34	24	298	298
366	1	0	58	31	298	298
367	1	0	58	10	298	298
369	0	819	4	1123	298	257
370	572	80	751	745	298	298
374	150	136	58	62	244	269
375	99	109	23	29	238	298
376	18	7	0	3	297	298
377	599	1001	19	38	227	241
378	780	598	25	30	269	227
381	45727	72011	10178	11927	246	298
382	22203	121682	13909	18869	298	298
383	57199	121654	14957	18858	298	298
384	57204	28180	14973	9223	298	246
386	40	14	26	10	206	172
387	75	41	32	30	212	206
388	2	105	0	60	193	186
389	178	191	65	84	260	298
390	143	181	83	57	298	260
394	82	122	19	30	226	250
395	19	24	8	7	290	298
396	30	21	4	7	298	298
397	31	14	4	9	298	290
398	330	225	213	136	285	240
399	308	19	194	83	266	211
400	34	33	24	24	298	230
402	25	14	19	23	278	298
403	51	12	24	10	274	200
404	19	44	13	28	217	274
405	12	10	12	9	216	210
406	132	666	42	96	298	250
407	1	7	7	13	247	278
411	53	12	3	0	263	221
412	163	472	45	140	228	298
415	10	4	15	0	298	208
416	0	4	5	6	287	211
420	6	3	2	6	201	200
423	0	2	4	0	273	221
425	36	106	43	214	203	278
426	6	10	2	0	293	293
427	7	20	2	3	293	221
428	41	26	6	9	221	293
437	1	0	13	14	296	262
439	2	48	56	38	266	280
440	89	59	102	40	262	218
441	16	11	85	123	288	291
442	25	19	17	20	269	270
443	27	19	20	17	278	270
444	51	28	20	61	180	276
445	97	77	68	67	247	278
446	31	113	26	57	239	298
448	0	6	1	37	193	254
449	0	6	1	37	201	254
450	1	13	0	8	176	298
451	2	13	0	8	176	298
452	0	14	1	8	176	298
453	0	4	2	3	188	176
454	27	4	1	3	234	176
455	25	2	8	2	298	176
460	11	25	6	11	238	222
461	65	67	57	53	287	264
464	44	45	13	9	245	272
465	4	0	11	1	298	214
467	16	55	20	52	199	297
468	1	4	0	10	225	266
472	154	110	155	352	266	272
473	0	2	96	7	264	295
476	44	3	45	14	298	274
477	2	2	22	17	298	212
478	23	366	1	39	252	298
479	53	151	9	23	227	298
483	2	13	8	33	197	227
485	2	2	0	10	231	212
486	5	294	7	117	191	298
487	41	42	30	26	261	213
488	49	110	39	58	298	290
489	8	110	12	58	213	290
490	60	110	25	59	213	290
491	136	148	90	63	297	248
492	139	181	72	34	298	269
494	209	161	67	49	298	273
495	82	258	27	87	247	298
496	8	160	27	42	252	247
498	6	341	0	120	203	234
499	3	2	192	14	235	235
501	0	12	2	8	157	224
504	5	3	10	3	251	244
505	19	30	3	6	228	293
506	7	3	5	12	236	265
514	0	5	2	5	298	298
515	0	5	2	5	298	298
516	0	5	2	17	298	298
521	36	0	47	17	298	266
522	1	5	13	15	263	298
525	1	13	13	22	263	263
527	8	8	0	6	256	263
529	9	11	3	4	266	196
530	0	3	19	16	298	266
532	38	42	30	14	298	272
534	17	459	73	180	229	213
535	22	29	18	18	195	209
537	10	167	3	44	298	221
538	70	4	7	0	298	206
544	39	4	107	26	298	298
545	1	40	0	110	263	298
552	12	381	407	165	251	251
553	2	0	0	2	294	295
554	4	0	0	2	275	295
556	66	24	75	45	285	242
557	40	0	12	18	266	291
558	144	17	150	195	298	294
559	4	0	5	11	186	298
564	4	0	5	1	247	254
570	18	4	50	28	298	245
571	34	61	57	97	298	245
573	12	0	6	24	224	203
581	6	15	58	48	223	265
583	75	36	59	70	298	293
584	0	36	1	16	298	273
585	102	1388	48	296	272	298
586	1527	975	354	271	298	244
587	610	663	330	301	298	298
588	1	166	0	163	240	240
594	0	3	2	9	247	270
600	64	0	41	2	298	270
603	0	1	118	29	251	210
604	16	0	13	6	247	298
606	2	4	222	188	298	298
607	0	16	14	180	211	281
611	2	9	8	13	220	179
612	0	2	12	19	220	298
615	3	2	0	3	271	230
616	19	3	9	15	218	182
617	13	25	27	36	252	233
618	11	80	3	45	241	249
624	16	82	11	29	298	260
626	33	16	21	17	279	246
628	0	19	75	30	188	298
629	57	0	95	50	209	176
630	18	2	32	2	176	209
639	11	79	53	19	298	206
646	153	66	60	32	281	287
647	0	2	6	273	199	298
648	5	2	2	0	298	271
649	7	2	3	0	298	271
650	1	0	0	2	253	298
654	0	11	4	10	185	235
655	10	0	11	1	298	249
657	183	76	114	53	261	221
658	11	56	2	2	185	268
663	94	23	168	51	203	215
664	133	308	131	248	204	282
665	1	33	1	1	276	224
668	21	33	17	44	233	264
669	13	126	30	25	298	298
670	970	1146	462	529	218	232
671	25	596	6	345	251	218
673	35	29	7	10	245	216
675	49	46	63	144	222	298
676	2	0	0	2	285	298
678	328	196	41	17	298	219
679	178	310	20	30	298	298
680	7	328	5	42	228	298
681	217	235	79	76	242	256
682	392	171	130	48	298	191
683	205	459	85	114	230	295
684	9	10	3	4	272	277
685	294	89	98	39	298	212
686	2	224	2	636	208	244
688	4	4	7	0	298	254
689	0	4	5	0	297	254
702	4	0	2	1	298	298
705	27	0	50	1	230	298
706	27	4	50	2	230	298
709	42	30	16	14	252	292
710	1119	12	69	35	298	298
712	5	106	1	49	250	298
714	84	24	27	2	268	186
715	671	204	195	22	271	298
717	48	6	40	5	202	206
718	21	42	0	3	232	298
719	128	2	2	0	211	237
720	13	3	14	0	294	264
723	23	38	7	18	205	246
724	40	28	31	7	298	247
725	0	93	1	16	249	278
726	87	94	19	17	249	278
727	81	78	32	14	298	249
728	80	11	37	2	219	238
729	47	75	10	42	219	282
730	61	68	23	108	221	218
731	169	103	71	61	267	211
732	11	10	17	18	298	266
734	4	22	21	12	298	277
735	29	38	22	15	292	234
740	116	193	31	45	203	290
741	168	127	22	25	222	250
744	69	137	54	128	233	260
745	143	52	84	33	251	200
746	0	120	4	183	266	298
747	176	20	21	10	214	220
748	176	87	21	26	214	298
749	1	25	0	8	246	282
751	0	1	4	3	224	280
753	23	206	222	173	298	295
759	111	16	16	1	298	279
762	4	2	6	1	243	200
763	7	5	2	3	190	219
765	2	0	13	11	298	251
769	6	3	4	1	270	237
770	57	44	32	18	203	198
771	53	57	30	18	203	215
776	6	2	2	0	298	243
777	2	1	1	0	298	243
778	2	202	1	64	298	198
781	1	202	0	64	243	198
782	72	61	25	20	198	215
783	3	54	2	28	215	220
784	76	54	22	28	215	220
789	8	19	2	7	176	194
790	6	0	103	53	298	225
791	2	2	1	4	263	251
792	4	40	1	105	193	298
793	19	40	10	105	279	298
794	9	40	3	98	279	298
797	8	25	7	9	205	237
798	20	25	14	9	219	237
801	8	334	11	23	298	298
802	27	70521	842	23158	298	298
803	2	83035	0	22290	253	298
804	25	50	15	30	238	276
807	62	84	139	185	266	298
808	32	48	85	98	225	250
810	136	65	84	36	264	190
811	405	88	141	27	298	224
812	417	39	140	19	298	224
813	125	115	51	84	224	298
817	141	0	29	49	230	275
818	4	31	0	3	189	204
819	4	56	2	10	189	204
820	19	14	37	17	290	217
821	10	4	1	2	254	221
823	2	2	4	11	200	244
824	63	233	241	97	290	206
825	115	45	25	27	298	298
827	90	0	8	2	216	191
830	67	1	11	0	216	185
832	153	24	98	27	298	218
833	0	15	1	7	233	298
836	29	48	0	4	207	242
837	156	2	19	0	242	188
838	44	12	3	14	248	284
842	226	720	198	166	234	209
843	158	68	156	111	257	298
847	80	53	19	15	233	233
848	63	141	30	32	298	233
854	39	24	12	12	220	205
855	87	49	11	8	298	266
858	1	16	0	7	273	215
861	588	278	214	205	298	236
863	779	803	489	313	298	298
864	27	133	98	65	298	216
866	5	190	1	55	273	298
867	4	280	10	74	220	238
868	104	180	36	40	238	240
869	256	301	65	55	240	272
870	256	206	65	42	240	213
871	256	205	65	41	240	237
872	251	205	67	41	272	237
873	224	258	21	88	237	239
876	0	21	2	340	229	298
877	168	1	79	5	262	197
881	2	3	5	0	288	247
882	2	3	5	3	288	271
883	1	0	2	3	260	268
884	21	0	12	1	237	212
885	7	0	18	1	298	212
886	7	21	18	12	298	237
888	72	182	341	120	279	182
893	13	32	0	3	207	281
899	108	7	10	0	298	176
903	30	5	9	4	198	191
904	21	10	7	0	281	232
905	159	50	64	17	298	221
906	131	106	29	37	298	298
907	48	144	16	41	267	298
908	112	125	14	17	220	298
909	3	105	0	22	219	228
910	173	132	89	63	287	298
911	1	129	0	60	287	298
912	91	125	72	62	230	287
913	82	875	9	130	236	239
914	16	6	32	5	251	283
915	157	4421	788	3321	245	298
916	155	91	60	80	253	298
918	97	71	47	31	297	240
923	53	1	35	2	243	289
925	3	304	5	131	298	298
926	80	291	37	119	298	298
927	6	2	10	14	298	298
928	15	45	9	10	197	261
948	1	66	155	273	201	282
949	38	1	14	4	248	213
951	5607	7360	366	485	255	240
952	6	8	7	12	224	206
956	24	18	10	4	224	188
957	60	36	0	1	298	298
958	111	36	1	1	298	298
960	15	0	51	14	232	199
964	304	41	123	28	229	229
965	142	80	37	6	298	298
967	5	1063	270	550	248	288
968	0	781	9	558	288	290
969	1065	646	572	360	290	239
972	66	83	23	15	298	298
976	35	86	73	75	298	224
984	157	59	109	104	237	238
985	1	59	0	104	182	238
986	196	203	294	131	298	243
1004	6	92	23	38	251	287
1006	25	42	11	35	275	277
1007	4	70	5	16	264	275
1008	19	38	5	18	298	298
1009	0	303	3	178	226	240
1010	71	150	124	149	226	251
1041	6	42	35	92	268	297
1043	79	109	92	63	257	298
1045	2	0	11	4	233	298
1047	0	2	8	5	251	298
1051	63	36	48	40	231	232
1052	4	4	2	1	246	261
1056	59	34	8	6	212	298
1057	252	195	67	49	298	263
1058	85	62	247	172	293	298
1061	137	281	48	80	228	263
1062	42	368	15	96	248	248
1063	20	19	4	1	264	266
1065	13	290	225	773	282	298
1066	557	195	523	760	241	298
1067	318	16	620	12	298	297
1068	318	290	620	773	298	298
1069	314	197	621	759	298	298
1070	16	290	12	773	297	298
1072	595	512	26	8	283	245
1073	417	863	11	28	240	283
1074	759	551	14	23	257	240
1076	1	16	3	4	238	298
1077	5	11	5	4	289	298
1078	8	4	5	0	289	238
1080	0	1	4	5	227	215
1081	1	1	10	5	281	215
1083	2	1	13	12	298	298
1088	28	69	57	32	260	230
1089	30	70	57	34	260	259
1090	30	4	48	56	227	278
1091	0	18	2	89	198	298
1092	0	19	1	88	198	298
1094	2	162	3	61	158	257
1096	257	200	73	93	238	228
1097	236	179	100	79	242	236
1098	580	529	367	313	288	298
1099	587	348	407	407	289	288
1100	13	0	56	30	245	212
1102	0	49	307	122	298	245
1103	59	9	161	63	249	240
1111	1	3	4	2	215	237
1112	11	0	7	2	215	266
1118	8	0	20	23	207	230
1119	32	23	16	16	233	219
1120	13	91	5	14	271	255
1121	1	76	0	23	232	232
1122	2	142	4	39	232	232
1128	1	4	0	2	298	232
1133	20	20	2	12	202	236
1139	159	263	65	70	255	238
1141	117	112	40	46	203	264
1142	115	4	40	0	203	264
1145	8	35	9	17	218	185
1146	29	170	21	56	195	298
1147	5	15	0	5	256	298
1149	2	85	4	32	225	286
1150	49	21	14	4	233	178
1153	40	57	22	24	196	221
1154	68	99	28	47	236	298
1156	0	39	2	18	227	182
1157	53	350	88	119	191	206
1158	168	586	98	236	206	263
1159	641	483	228	179	263	230
1160	496	585	192	169	230	218
1161	1	10	2	1	298	248
1162	2	26	0	6	226	232
1165	73	17	50	18	298	298
1166	1	10	3	3	229	214
1170	861	1109	555	660	201	221
1174	76	200	38	71	233	283
1176	18	6	5	0	215	267
1181	15	4	5	0	267	262
1182	15	2	5	0	267	286
1183	15	13	5	24	267	219
1184	4	13	0	24	262	219
1185	2	13	0	24	286	219
1187	21	2103	203	853	298	298
1188	3	836	88	1251	289	286
1189	1	0	6	2	207	191
1198	160	103	41	43	282	298
1199	5	788	4	676	213	222
1201	6	107	1	72	253	298
1202	65	79	39	32	298	298
1204	12	10	1	0	248	230
1208	3	30	6	11	293	272
1209	3	0	8	1	189	192
1211	210327	207535	18995	18915	298	263
1212	190386	136382	17088	14246	263	275
1213	8	32	18	4	298	298
1216	1	12	0	9	188	254
1217	1	12	0	9	197	254
1218	195	1	60	0	226	166
1220	34	24	19	19	279	267
1221	42	33	25	9	267	228
1224	3	31	20	913	298	298
1225	359	587	233	278	262	261
1229	84	57	25	34	294	298
1230	441	336	163	118	298	256
1232	2134	5543	174	274	294	291
1233	4944	5540	234	276	298	291
1234	18	0	76	21	274	213
1236	39	28	20	8	298	256
1237	114	26	54	23	279	225
1239	6	0	6	20	202	298
1241	6	30	7	11	193	199
1242	836	792	2	3	276	234
1245	115	23	30	3	269	274
1247	203	217	92	124	298	269
1248	19	24	9	20	294	298
1249	80	6	5	13	273	246
1251	18	34	19	32	298	298
1252	63	57	33	15	298	263
1253	0	1	21	2	242	298
1255	16	34	3	9	243	276
1256	35	25	19	6	276	213
1257	294	259	76	80	235	194
1258	498	472	107	105	224	235
1265	2706	431	336	35	298	176
1266	47	2	11	0	298	298
1268	56	45	11	13	298	281
1276	0	2	126	104	263	203
1277	120	0	25	1	264	294
1278	6	3	0	1	260	205
1279	124	249	77	100	210	257
1280	197	126	69	100	211	252
1281	97	119	72	56	200	211
1282	73	96	89	34	203	200
1284	1	131	5	371	298	284
1285	102	131	310	371	298	284
1286	13	0	25	25	251	220
1288	38	124	13	19	248	298
1295	13	3	9	8	239	206
1297	15	12	18	12	298	272
1299	0	1	2	5	203	170
1300	16	3	2	7	247	296
1301	73	76	37	23	272	298
1302	79	3	17	0	221	276
1306	5	1	2	0	212	298
1310	11	2	13	9	233	295
1317	80	178	22	28	223	253
1319	5	2	18	25	246	237
1320	6	2	10	10	265	298
1321	2	2	3	9	265	298
1322	7	2	26	9	246	298
1323	7	2	26	3	246	265
1328	2	3	4	5	252	183
1338	55	65	23	13	234	236
1339	4	780	4	153	194	266
1341	23	0	12	1	188	242
1343	4	0	929	817	227	227
1344	4	5	700	1084	227	298
1345	4	3	700	1017	227	212
1346	0	4	841	938	227	202
1347	0	9	6	14	253	253
1351	417	560	65	106	262	298
1352	80	326	58	60	298	246
1353	1	431	10	523	298	298
1355	2	9	0	2	233	298
1356	12	17	10	7	254	298
1357	78	53	45	41	193	287
1358	83	121	49	70	193	287
1361	48	3539	30	965	173	170
1362	717	601	514	435	287	245
1363	663	1133	216	391	216	255
1365	2	17	2	0	242	272
1366	356	216	82	36	298	298
1367	2	0	4	16	227	254
1371	120	7	87	2	272	275
1372	170	131	106	85	275	293
1376	223	8	148	3	228	234
1377	223	519	148	556	228	230
1378	613	445	126	115	273	275
1381	3	36	8	17	282	194
1383	962	1522	462	463	287	266
1384	1273	1925	426	616	256	287
1385	1282	911	417	411	281	256
1387	10	11	19	15	237	298
1388	1	26	29	25	298	239
1389	3	81	662	1388	224	298
1390	3	6	662	6	224	176
1391	1450	85	311	121	200	188
1392	1450	163	311	225	200	203
1395	22	21	2	14	273	298
1396	4	20	3	13	273	298
1398	0	7	8	9	227	200
1399	0	12	8	12	227	288
1401	1	12	0	12	277	288
1403	877	684	301	400	269	298
1404	769	680	299	312	241	269
1405	219	167	116	128	288	230
1406	0	240	2	126	272	231
1407	86	29	1	3	224	183
1413	96	59	95	76	298	298
1414	101	35	71	74	298	298
1415	0	2	1	2	194	182
1417	110	74	74	49	298	298
1418	2	1	1	0	298	265
1419	139	3	129	3	298	247
1420	66	2	81	2	298	247
1421	73	80	34	31	242	263
1422	1300	2541	46	111	237	298
1423	3949	2713	136	140	281	237
1424	4	185	6	269	291	224
1425	149	185	373	269	298	224
1431	100	120	39	47	246	298
1432	100	80	39	34	246	233
1434	85	182	45	46	298	298
1435	3	182	4	46	233	298
1439	6	0	27	2	298	298
1447	187	1	89	5	246	203
1452	3	190	25	285	290	253
1453	185	427	142	424	217	271
1454	4	4	23	29	298	298
1457	1	0	2	1	206	298
1458	58	56	65	86	257	256
1459	65	68	143	95	298	257
1460	50	62	60	89	209	257
1461	67	53	114	132	296	282
1462	53	14	84	21	262	298
1463	36	0	66	3	262	247
1464	4	1	16	4	197	262
1465	458	441	48	103	251	298
1466	63	359	40	45	298	251
1468	0	51	2	500	298	241
1469	0	3	2	132	298	226
1470	2	0	227	122	298	223
1474	2	42	1	14	190	247
1475	114	110	74	53	298	298
1476	3	2	4	0	243	241
1480	4	0	3	4	247	273
1486	22	22	15	4	217	240
1487	19	35	13	16	217	284
1488	398	18	324	316	298	298
1489	226	45	359	233	276	298
1490	1	6	1	2	271	258
1491	27	50	8	14	280	268
1492	37	23	8	10	244	204
1493	2	24	1	1	222	244
1494	44	6	16	4	279	253
1500	0	4	2	4	298	298
1507	1	68	2	28	254	298
1508	47	68	15	28	257	298
1510	143	44	9	13	206	297
1511	246	18	48	0	216	298
1512	108	12	24	0	298	216
1513	52	64	9	21	270	298
1518	59	3	5	0	249	183
1519	90	16	13	5	246	183
1520	123	16	14	5	249	183
1522	97	36	35	1	298	216
1523	77	1	24	0	264	298
1524	77	94	24	19	264	298
1527	3	16	19	61	249	298
1530	121	72	23	24	249	298
1532	5	0	0	2	265	298
1536	286	0	129	159	224	287
1539	214	5	70	0	223	211
1540	112	66	42	25	294	203
1541	112	79	42	33	294	205
1542	18	76	5	27	294	205
1543	70	76	28	27	263	205
1544	70	18	28	5	263	294
1545	72	206	34	41	263	294
1546	109	99	43	35	298	263
1547	32	76	4	33	193	298
1559	13	21	14	6	298	298
1566	0	93	1	54	245	271
1567	33	97	82	71	286	241
1568	33	102	82	72	286	245
1574	6	12	1	11	217	193
1575	11	12	10	11	286	193
1577	787	61	1823	52	298	284
1578	787	3	1823	4	298	242
1579	9661	7432	2187	2469	298	298
1580	37	7	20	2	247	179
1581	8	74	11	19	288	225
1582	222	64	40	16	298	208
1583	258	82	64	74	232	298
1584	5	47	34	63	235	238
1587	203	179	30	32	239	242
1588	196	233	30	41	239	276
1589	205	242	28	41	242	276
1590	2	62	0	40	232	256
1591	2	139	0	94	232	282
1592	47	76	26	47	238	296
1620	9	116	2	48	195	209
1622	1	0	2	3	233	289
1625	12	4	3	0	298	233
1626	29	66	5	14	199	242
1627	125	66	25	14	199	242
1629	26	64	5	14	199	242
1630	15	89	1	32	205	199
1631	1	47	0	3	233	289
1632	38	34	80	28	298	186
1633	117	197	57	133	267	298
1634	162	199	58	90	298	267
1635	9	195	1	91	298	267
1636	4	129	0	66	298	298
1639	47	0	22	2	296	254
1641	390	621	99	138	240	255
1642	565	456	149	131	255	243
1650	145	82	24	14	240	192
1654	50	202	27	36	247	259
1655	35	28	2	27	243	281
1661	133	432	49	204	192	298
1662	664	528	393	294	298	227
1664	90	91	39	27	244	282
1665	84	0	39	1	244	282
1666	114	79	34	28	282	236
1667	43	54	9	19	249	298
1668	32	13	17	3	280	200
1669	35	4	2	16	255	298
1670	5	192	0	30	287	202
1674	16	71	1	10	174	232
1675	10	6	10	4	208	228
1676	11	6	15	4	234	228
1678	9	8	6	14	203	298
1679	22	89	29	56	293	275
1680	351	135	47	21	279	224
1681	152	286	21	37	224	239
1682	78	69	41	36	260	254
1683	0	2	8	1	260	240
1684	31	76	17	36	200	236
1686	2	6	0	2	290	284
1687	2	2	0	1	290	298
1689	7923	766	247	33	227	227
1692	98	248	4	12	284	206
1693	317	138	366	289	267	203
1694	140	289	268	306	298	298
1695	8	137	30	88	295	298
1697	3	83	0	21	232	298
1699	200	192	132	82	243	250
1700	0	2	27	18	298	249
1701	17	180	28	63	199	220
1715	145	96	118	170	298	298
1716	243	150	36	8	297	221
1720	172	299	43	104	231	298
1726	74	979	85	282	268	270
1727	74	4	85	2	268	289
1728	9	15	2	0	285	246
1729	332	73	63	44	256	289
1730	26	27	20	27	234	298
1735	2	1	0	8	239	220
1738	23	59	11	12	285	298
1739	17	6	7	6	276	298
1740	11	1518	110	1048	209	298
1741	11	995	109	770	209	273
1747	203	143	85	80	298	298
1748	23	3	5	2	298	298
1751	89	4	159	139	298	298
1752	2	17	12	149	298	298
1753	14	21	125	147	298	298
1755	223	8	64	0	255	278
1756	105	8	24	0	265	278
1757	101	107	37	33	255	291
1758	101	36	37	12	255	202
1759	369	126	38	11	298	226
1760	15	12	9	4	263	298
1761	14	10	4	5	298	263
1762	49	157	32	27	298	298
1763	45	5	25	38	194	219
1767	38	8	7	0	200	200
1768	46	10	13	0	200	212
1769	30	61	5	22	200	209
1770	6	21	1	2	200	212
1773	542	567	227	200	259	221
1774	4	567	3	200	284	221
1775	20	1	62	84	202	220
1777	32	35	12	16	271	281
1779	65	94	24	6	266	218
1781	0	75	104	347	214	254
1782	0	58	104	199	214	214
1783	2	4	261	294	254	244
1784	7	2	241	265	223	294
1786	0	3	18	136	298	298
1790	57	162	82	94	189	182
1792	125	136	20	10	298	298
1793	4	100	20	31	257	298
1794	107	93	34	28	235	232
1795	12	40	63	107	235	236
1797	12	28	5	10	200	251
1798	16	68	11	19	245	298
1800	563	85	223	244	254	298
1801	53	681	175	268	261	254
1802	3	9	2	0	242	203
1804	392	443	96	137	232	229
1805	4	82	43	50	298	218
1811	13	8	25	4	260	256
1812	125	173	47	71	233	298
1813	118	47	34	7	271	197
1814	26	166	5	67	184	253
1815	249	63	71	72	287	298
1816	222	111	85	46	298	208
1817	133	189	41	91	208	298
1818	269	197	78	77	277	298
1821	11	25	13	28	258	298
1822	65	215	211	152	224	227
1826	0	1	9	12	260	248
1827	6	17	14	53	198	227
1828	0	8	34	28	256	236
1829	22	17	13	27	271	295
1830	27240	1872	206	193	298	298
1831	187	153	6	0	250	289
1835	4	9	2	2	298	279
1836	0	29	5	5	204	252
1839	61	136	66	163	245	298
1840	244	88	140	56	298	192
1841	0	88	1	56	188	192
1842	171	40	82	9	254	195
1843	273	282	124	163	298	272
1844	0	18	4	8	197	298
1846	199	708	193	927	194	191
1847	177	455	191	466	194	188
1848	2	356	1	342	188	185
1849	0	356	1	342	188	185
1850	312	386	428	453	185	213
1851	17	10	1	2	298	298
1852	17	4	1	1	298	298
1860	58	41	41	69	194	229
1861	32	3	49	102	241	298
1865	0	2	1	2	229	188
1870	197	209	1	1	298	232
1871	233	177	2	4	252	220
1873	0	12	10	7	214	257
1874	1	1	30	6	298	226
1875	8	3	12	2	221	298
1881	467	29	37	6	272	269
1882	467	528	37	81	272	298
1883	29	528	6	81	269	298
1884	15	3	67	3	237	251
1886	1	1348	0	379	280	258
1887	1220	987	236	297	258	290
1888	1687	1287	505	382	290	245
1889	347	428	97	103	188	206
1897	2	7	0	1	237	252
1899	168	564	32	24	259	298
1900	0	43	36	109	273	298
1903	8	7	30	17	266	204
1904	8	1	30	42	266	259
1905	8	1	30	59	266	298
1911	0	6	1	0	287	293
1914	10	8	49	19	266	251
1915	12	4	0	1	298	262
1916	0	38	3	68	221	221
1923	5	332	128	215	251	237
1936	5	4	2	1	298	298
1937	38	60	10	15	232	246
1938	8	36	9	9	178	232
2023	306	205	40	16	292	298
2024	14	178	11	133	258	298
2025	452	340	116	111	290	293
2026	458	17	117	11	290	293
2027	412	302	132	80	293	298
2028	209	69	73	33	298	256
2029	270	6	64	9	273	185
2030	5	73	3	33	298	256
2032	57	22	12	3	298	223
2033	105	587	20	124	209	267
2035	72	73	41	25	234	215
2036	55	72	10	24	192	215
2037	58	45	18	19	197	218
2040	24	66	6	20	225	226
2041	1111	978	147	124	298	245
2044	1	5	5	18	198	191
2045	112	1736	434	597	298	246
2048	0	8	26	8	272	199
2050	0	4465	17	1242	298	298
2051	0	9	11	15	191	223
2053	15	213	8	88	210	267
2054	3	122	3	52	210	267
2055	85	122	15	52	223	267
2056	12	10	0	8	273	262
2057	85	3	15	3	223	210
2058	12	29	0	25	273	210
2059	176	7	43	9	223	210
2062	61	24	24	31	242	251
2063	95	1039	273	580	244	263
2066	638	587	69	93	298	298
2068	45	27	14	28	293	283
2069	2	26	5	16	256	251
2070	0	26	2	16	298	251
2072	0	21	9	1	235	269
2074	0	186	1	57	190	253
2077	151	7	3	0	298	245
2078	114	160	8	1	258	298
2080	103	45	2	6	258	258
2082	32	2	185	1	291	197
2083	8	4	41	24	209	215
2086	1	7	0	5	239	229
2087	0	5	2	8	265	235
2094	78	42	28	8	201	199
2095	164	13	97	3	298	232
2097	75	103	43	71	272	298
2098	2	0	6	14	291	298
2099	3	9	13	3	233	291
2102	22	0	205	205	262	298
2103	1	0	28	2	298	294
2104	12	27	17	25	298	298
2105	3	27	4	25	262	298
2106	94	59	30	13	267	233
2107	19	196	16	63	175	239
2108	171	401	48	126	239	238
2111	4	3	0	1	204	245
2114	7	1	4	2	245	298
2117	0	2	2	0	270	225
2119	6	2	9	1	298	298
2120	18	7	18	4	298	298
2128	1	2	2	5	243	298
2129	1	2	4	4	261	298
2130	0	2	2	5	261	298
2131	1	2	4	4	261	298
2132	0	2	2	4	261	298
2133	1	2	2	4	243	298
2134	1	0	2	2	243	261
2136	2	0	4	1	243	298
2139	13	56	9	20	207	270
2140	17	2	26	0	254	221
2141	17	71	25	99	254	255
2146	464	288	74	150	233	298
2147	659	794	135	187	294	292
2151	5	15	4	17	222	222
2168	3	185	0	80	298	298
2171	5	0	5	2	249	211
2172	56	68	59	34	298	287
2173	66	38	26	27	287	267
2174	58	64	27	30	267	298
2175	0	4	4	26	236	234
2176	3	64	28	64	234	280
2177	0	19	4	35	208	243
2179	52	26	23	22	298	233
2180	58	29	28	22	296	298
2182	4	46	0	4	204	260
2185	15	42	0	9	241	215
2193	132	93	64	93	298	279
2194	120	17	110	76	279	298
2195	46	5	4	1	223	223
2196	1	0	0	262	185	298
2199	2	12	12	30	234	296
2202	2	0	0	2	298	212
2203	962	1014	332	228	285	298
2204	221	517	60	142	245	245
2205	0	2	99	446	211	298
2206	0	13	10	18	298	298
2210	0	117	92	564	277	239
2212	10	18	5	3	294	220
2214	54	1	3	0	161	225
2215	330	14	83	12	227	298
2216	183	320	44	72	216	290
2217	259	298	46	76	250	281
2218	233	323	93	85	281	298
2219	188	214	64	41	245	222
2224	46	55	24	20	258	227
2225	46	74	24	34	258	270
2226	41	112	41	32	263	221
2227	99	69	50	26	238	228
2228	99	9	50	0	238	228
2229	49	133	24	47	228	287
2251	130	1	47	0	204	240
2254	8	117	0	5	207	298
2256	124	2	23	7	216	291
2257	8	8	3	1	263	298
2258	10	1	3	1	239	281
2261	221	246	431	356	298	298
2263	36	60	16	24	282	293
2264	60	60	28	23	268	293
2265	62	274	45	46	275	298
2267	23	13	0	6	235	298
2269	211	161	101	102	256	218
2275	154	104	276	249	298	240
2276	31	109	119	278	298	237
2277	8	106	2	94	298	256
2279	8	91	4	31	271	298
2280	88	104	50	39	255	298
2281	476	2929	877	892	275	298
2282	42	103	864	667	298	275
2286	24453	12611	1019	829	298	298
2287	19538	2994	973	205	298	298
2290	61	21	17	11	298	290
2291	196	1476	188	253	298	298
2293	315	365	2875	5118	227	298
2294	445	256	5171	4665	298	271
2297	8	26	23	46	216	251
2298	42	23	66	39	257	212
2299	42	7	63	0	257	212
2300	20	28	51	51	212	298
2303	83	4	51	2	273	227
2304	61	49	38	22	298	273
2305	124	161	60	67	293	298
2307	8	49	18	56	209	298
2311	1	49	9	47	191	298
2312	18	49	16	47	196	298
2313	1	42	9	47	191	298
2314	18	42	16	47	196	298
2316	126	234	29	56	261	298
2317	118	92	27	17	261	238
2318	7	77	3	9	238	265
2319	1	291	20	683	253	257
2320	1	0	13	6	280	216
2321	90	101	16	21	298	298
2322	135	1	96	3	280	298
2323	0	17	66	81	278	298
2324	2	7	0	2	298	298
2326	29	26	5	4	298	298
2329	6637	3	5007	6	298	238
2330	6637	929	5011	2687	298	238
2331	1491	2646	3732	3694	257	298
2333	1	3	11	0	295	238
2335	106	200	46	124	233	207
2336	18	166	66	168	192	248
2338	62	184	4	8	213	298
2339	6	2	0	2	224	245
2343	190	4	110	0	298	243
2344	186	364	55	85	242	280
2345	275	117	110	36	280	209
2349	5	9	2	1	243	298
2350	100	24	103	213	233	262
2351	94	34	17	7	272	298
2354	2	1	2	0	235	298
2357	53	14	9	2	298	264
2359	33	14	11	2	298	264
2360	33	53	11	9	298	298
2365	85	17	46	46	264	229
2367	53	9	28	23	263	245
2371	35	11	18	2	200	286
2373	8	90	3	69	284	284
2375	15	1265	80	150	207	221
2376	545	3133	136	391	221	281
2377	490	4	132	1	221	281
2378	1781	2642	276	205	281	214
2379	2821	2704	520	747	252	279
2382	0	169	2	154	298	237
2383	46	1	70	8	237	203
2384	96	8	31	47	203	273
2386	0	94	2	53	242	254
2398	124	207	185	160	244	276
2400	203	249	197	54	236	298
2403	33	89	34	38	225	251
2405	0	1	2	11	197	239
2412	58	20	18	18	283	298
2413	61	28	37	19	243	298
2414	131	52	54	13	298	218
2415	1	3	0	5	276	298
2416	4	3	0	5	279	298
2417	147	72	54	24	298	254
2418	35	50	25	19	206	212
2420	19	30	8	25	298	278
2421	29	63	7	37	278	251
2422	13	44	12	5	240	280
2423	118	1	33	36	224	232
2424	67	52	15	32	211	257
2425	153	123	37	33	298	298
2426	2	4	0	30	233	191
2427	94	98	62	63	253	225
2428	6	0	34	5	298	298
2430	262	289	35	34	213	245
2431	183	2	29	0	224	265
2433	504	145	351	317	239	290
2437	110	130	41	83	247	294
2438	194	116	89	35	294	254
2439	29	21	13	23	242	289
2440	53	24	17	7	298	242
2441	22	7	10	3	228	247
2442	24	55	11	23	228	298
2443	4	0	1	1	265	228
2444	8	1	4	1	265	228
2445	8	33	0	19	265	228
2447	4	3	3	2	298	170
2449	11	11	66	48	257	215
2450	0	4	5	3	232	298
2451	12	27	34	45	298	266
2452	12	0	34	2	298	298
2453	4	2	45	51	266	298
2454	90	521	64	271	194	263
2455	400	379	162	127	248	245
2459	3	154	61	160	262	256
2460	60	65	34	79	181	231
2461	134	160	91	185	231	298
2462	103	334	110	236	298	298
2463	5	334	7	236	298	298
2469	2	3	0	1	240	272
2470	49	72	10	9	298	298
2475	17	1	10	0	217	239
2480	85	230	208	154	251	209
2482	109	200	61	143	179	200
2483	260	95	174	93	200	188
2485	9	213	4	102	241	295
2486	183	2	104	0	271	241
2487	259	20	30	15	188	227
2491	143	4	70	13	239	298
2499	4	60	14	21	267	196
2500	52	31	3	2	279	297
2501	82	153	26	33	298	278
2502	101	126	19	20	251	298
2503	0	158	2	43	274	246
2506	0	1	2	135	186	298
2508	37	70	6	17	239	293
2509	109	82	15	10	281	239
2510	72	48	7	18	264	281
2511	39	72	8	16	210	264
2512	5	45	91	143	215	254
2521	3263	2932	386	380	290	246
2522	3921	3698	509	471	296	290
2523	2785	3411	395	398	251	296
2524	30	3400	4	398	251	296
2525	3718	3272	410	398	298	251
2526	4694	2924	610	360	270	298
2527	4749	4653	612	527	270	298
2528	4348	3592	589	414	298	270
2529	1544	4915	249	646	228	298
2530	4	11	0	6	193	298
2531	51	26	31	25	227	259
2532	58	19	27	22	262	227
2534	1	22	0	14	221	258
2535	17	22	21	14	227	258
2536	37	1	22	0	262	227
2537	40	9	24	5	262	227
2538	28	18	24	25	291	262
2539	17	40	37	28	280	291
2540	0	40	12	30	202	291
2541	37	10	534	155	230	191
2542	9	5	1	1	239	209
2545	790	1227	489	741	298	274
2546	97	80	10	42	212	298
2548	36	11	15	8	228	271
2549	5	0	25	4	298	220
2551	5	0	25	2	298	247
2552	7	0	25	1	298	220
2554	7	0	25	2	298	247
2555	7	15	25	21	298	271
2556	7	11	25	7	298	247
2558	5	6	25	14	298	271
2559	5	0	25	1	298	226
2562	0	15	1	21	220	271
2563	0	11	1	7	220	247
2564	2	11	1	8	220	271
2572	0	15	2	21	247	271
2573	0	11	2	7	247	247
2574	4	0	13	2	271	226
2575	6	0	14	1	271	226
2576	31	223	45	92	290	284
2577	20	37	5	17	283	298
2578	65	149	54	139	244	282
2579	95	106	83	115	230	244
2580	76	205	10	65	215	298
2581	186	76	70	11	298	197
2582	80	143	138	109	298	244
2584	12	6	9	8	298	263
2589	4	0	3	10	242	298
2590	0	1	2	0	298	298
2592	114	130	109	97	246	260
2593	62	42	40	15	222	241
2595	0	15	1	16	197	298
2596	326	478	4	2	252	278
2597	829	20	251	14	223	242
2598	832	11	246	7	223	242
2599	28	0	226	4	298	236
2600	17	43	6	7	282	270
2612	10	19	9	31	293	263
2614	82	16	26	36	247	245
2622	2	0	0	2	298	298
2623	51	38	37	3	182	268
2624	8	0	11	2	298	205
2625	636	419	108	96	298	298
2626	817	363	112	105	298	298
2627	480	473	107	58	232	237
2628	211	392	120	63	260	232
2637	14	117	22	10	241	271
2638	103	1	25	1	255	194
2641	4	0	8	16	210	252
2643	82	191	4	24	225	298
2649	287	153	50	16	298	218
2655	246	9	141	8	294	294
2656	142	9	61	8	298	294
2659	3	32	1	26	239	298
2660	15	6	4	5	273	243
2661	64	6	8	5	267	243
2662	64	15	8	4	267	273
2664	6	38	0	14	230	278
2678	12	8	26	34	230	281
2679	2	32	29	33	298	230
2682	23	2	72	1	298	217
2683	23	2	48	1	298	217
2684	19	30	37	20	269	298
2685	6	13	1	22	284	269
2688	78	23	34	56	243	298
2689	48	74	26	39	213	298
2690	64	85	60	61	298	242
2692	5	10	3	1	298	195
2695	439	330	63	53	298	298
2698	99	86	38	21	234	250
2699	2	15	0	11	268	298
2700	6	15	12	3	295	263
2701	2	6	2	2	298	261
2702	4	12	1	3	261	263
2703	36	41	5	6	293	298
2705	104	0	29	2	187	274
2706	8	114	5	24	187	238
2707	0	5	1	0	274	207
2708	64	2	17	0	238	298
2715	143	91	44	28	270	261
2716	19	44	40	44	251	247
2718	18	18	17	11	200	213
2719	143	151	48	66	298	298
2720	109	0	165	14	222	228
2721	93	100	71	81	269	298
2722	85	63	4	10	230	224
2723	150	105	90	56	224	205
2727	0	4	4	1	169	298
2728	0	2	4	1	169	224
2729	288	493	88	189	247	298
2733	288	296	87	96	247	217
2734	3	2	7	0	221	249
2735	5	1	5	3	289	238
2738	20	0	13	8	263	182
2744	94	43	53	58	298	260
2745	97	187	40	80	287	298
2746	29	55	8	19	181	246
2747	12	57	3	19	184	246
2748	14	45	1	2	184	181
2749	21	17	26	17	234	212
2754	2	11	4	6	169	203
2755	44	63	8	8	200	204
2756	50	86	0	8	216	237
2757	34	86	6	8	194	237
2758	98	78	11	12	235	216
2759	4	72	0	10	194	216
2760	6	81	0	7	191	235
2761	42	81	6	7	194	235
2762	4	77	0	7	191	235
2763	5	77	2	7	194	235
2765	0	87	23	68	205	283
2766	58	44	34	27	283	216
2769	180	122	60	65	279	218
2770	15	40	7	7	283	218
2771	16	8	2	4	298	220
2774	0	40	11	41	265	236
2775	9	0	65	3	270	254
2777	4	8	95	66	298	230
2779	4	3	5	1	298	256
2780	9	4	1	0	256	195
2784	7699	8	259	0	277	298
2785	39	258	0	6	244	298
2810	25	97	39	38	298	298
2812	47	90	24	36	298	298
2813	39	34	33	6	298	209
2814	95	76	23	20	242	237
2815	1	45	1	18	205	227
2816	73	51	22	32	227	268
2817	175	139	81	108	298	298
2819	4	9	0	14	233	236
2820	9	4	2	0	198	296
2821	439	6276	279	271	297	298
2822	35	27	27	13	251	294
2825	25	54	49	99	241	298
2826	52	389	29	83	248	221
2827	16	6	0	16	298	298
2828	39	63	17	18	287	298
2830	1	84	2	8	298	298
2831	23	84	20	8	298	298
2832	1	82	2	8	298	298
2833	0	4	16	339	275	275
2834	178	39	446	47	225	225
2835	228	121	101	67	298	252
2836	3	97	2	110	298	226
2837	0	40	1	15	220	257
2838	2	155	131	295	242	191
2839	0	7	1	0	298	298
2847	6464	4592	942	771	260	264
2848	6152	5723	1050	894	264	263
2849	6152	4877	1049	700	264	245
2850	4745	4876	818	701	263	245
2851	4418	5149	695	976	245	298
2853	15	14	5	11	253	296
2854	234	98	211	130	231	205
2855	309	99	269	132	241	205
2859	4	226	0	64	212	250
2860	98	67	52	9	250	192
2861	67	106	29	42	215	298
2871	501	9	504	11	199	253
2874	224	139	65	51	287	280
2882	168	153	35	57	226	212
2884	19	67	8	10	243	285
2885	83	22	15	4	285	256
2887	8	21	4	19	186	258
2888	18	22	4	15	241	258
2893	21	25	6	8	275	265
2894	59	36	11	9	271	298
2895	128	24	20	5	298	271
2898	1	395	127	241	187	232
2899	531	1750	785	959	255	244
2901	77	48	17	20	268	280
2902	22	0	1	2	234	298
2904	16	28	23	18	234	298
2905	13	2	2	0	194	287
2908	0	80	10	340	298	269
2910	29	59	25	60	235	231
2911	82	11	79	30	231	185
2916	16	23	0	6	298	298
2917	8	32	4	6	233	274
2920	11	0	6	9	242	244
2921	2	0	0	1	298	298
2923	21	55	78	70	298	288
2924	0	4	2	72	242	218
2925	10	51	33	45	298	293
2926	408	24	121	12	257	203
2927	198	12	112	2	260	257
2932	82	68	20	32	298	298
2933	172	252	256	172	263	263
2934	679	357	132	64	298	264
2935	78	149	248	261	298	298
2941	0	2	3	45	298	230
2942	0	2	3	106	298	265
2943	0	2	3	51	298	298
2944	66	126	20	26	298	298
2950	16	3	40	28	298	298
2952	289	473	8	2	238	298
2954	27	82	16	24	289	287
2961	13	63	17	44	183	217
2962	75	68	37	51	260	268
2963	276	153	64	30	296	245
2964	230	141	58	28	298	245
2965	241	247	60	47	298	296
2966	193	237	42	47	290	296
2967	202	280	42	67	290	298
2968	46	225	6	57	284	290
2969	51	221	2	60	182	284
2972	2	7	14	26	298	295
2974	42	31	7	2	294	243
2976	101	112	38	31	223	279
2988	3809	2266	348	236	298	278
2989	3819	3411	284	276	298	298
2994	1	27	1	0	245	298
2995	114	13	33	0	197	298
2996	78	21	12	11	223	197
2997	70	12	10	0	223	197
2998	29	123	4	21	188	223
3003	153	299	30	77	236	298
3007	10	15	12	9	268	228
3008	2	0	6	5	220	298
3009	0	2	7	2	298	298
3010	0	2	5	5	298	298
3014	18	5	6	0	210	241
3015	8	15	15	41	298	257
3016	1	125	1	56	298	298
3017	5	1237	0	284	219	219
3018	358	555	98	111	219	247
3021	2	0	1	3	234	298
3022	1	3	4	2	278	234
3025	0	1	2	0	184	298
3026	1	34	9	17	238	219
3028	4	7	0	1	226	215
3032	2	245	4	148	216	298
3044	13	1	12	5	242	291
3045	4	3	3	0	298	279
3046	2	3	3	0	298	279
3051	517	478	344	298	298	269
3054	1768	2072	647	772	298	298
3055	8	25	6	83	245	298
3056	79	27	37	24	298	216
3057	49	153	39	70	298	278
3058	107	94	1	1	273	268
3059	6	31	3	10	248	298
3060	38	31	9	10	273	298
3061	36	60	8	88	224	298
3062	36	75	8	32	224	209
3063	60	75	88	32	298	209
3064	65	53	12	14	276	265
3065	2	67	0	20	220	298
3066	2	10	3	2	198	195
3067	10	12	8	4	227	231
3070	2	0	0	3	298	270
3075	0	2	2	0	298	298
3080	29	15	8	7	236	243
3094	5314	6968	5967	5077	298	264
3095	46	66	21	34	291	288
3096	20	66	14	28	255	291
3097	131	125	62	24	292	226
3098	169	19	60	9	258	248
3100	0	70	6	18	204	288
3101	16	22	9	14	192	268
3102	3	52	2	6	230	237
3103	110	125	68	17	298	198
3110	38	7	8	5	254	164
3112	135	0	107	1	298	298
3113	0	103	6	7898	230	298
3114	32	103	147	7898	215	298
3116	34	93	12	27	245	298
3117	438	228	127	79	298	227
3118	265	423	65	93	227	263
3119	5	1	8	4	284	298
3120	2	3	10	8	298	284
3121	29	4	14	4	298	179
3124	108	167	139	83	298	293
3125	209	374	47	111	248	298
3127	44	203	31	197	209	298
3128	214	73	115	49	263	209
3129	206	138	134	79	242	263
3131	21	0	21	36	298	281
3132	1	28	0	26	239	281
3133	30	28	15	26	241	281
3134	30	1	15	0	241	239
3136	78	4557	589	1320	294	278
3137	5	4557	10	1320	289	278
3139	39	36	14	11	241	232
3143	773	1221	502	535	298	298
3144	182	109	61	39	298	298
3145	107	210	44	32	219	275
3146	40	146	5	15	203	298
3150	0	22	1	17	272	254
3178	7466	6374	336	474	237	298
3179	6748	20910	623	535	291	237
3180	3536	150	161	10	289	177
3181	348	328	46	59	298	272
3182	408	454	48	54	272	298
3183	19	12	34	48	234	256
3184	13	21	39	49	270	234
3185	6	24	25	43	218	270
3186	0	11	17	7	298	224
3187	62	153	19	20	298	298
3188	73	8	25	2	298	233
3189	36	34	19	16	298	231
3190	55	38	10	19	290	298
3191	211	108	85	55	298	251
3192	0	20	4	238	298	211
3194	105	86	37	50	290	293
3195	76	96	36	35	297	298
3210	79	60	37	27	298	230
3212	1	273	0	66	184	224
3213	155	223	50	53	230	264
3214	155	8	50	4	230	260
3215	278	274	76	126	234	298
3216	18	271	11	124	234	298
3217	201	206	107	72	237	234
3218	75	243	34	62	193	237
3219	0	4	21	20	298	298
3221	4	90	14	56	298	265
3222	175	321	149	188	215	203
3224	68	82	145	141	272	251
3225	115	100	126	150	239	267
3229	22	5	6	3	298	196
3230	7	3	8	0	298	196
3232	253	17	62	17	281	186
3233	254	449	62	77	281	252
3234	102	114	35	32	186	228
3235	72	450	35	77	186	252
3236	72	489	33	80	228	252
3237	425	329	79	80	260	252
3238	512	114	135	82	252	252
3239	133	13	76	62	248	290
3240	42	133	11	356	235	298
3241	169	353	156	268	202	235
3242	785	2518	813	1853	207	236
3243	2	8	2	8	298	298
3244	6	95	207	211	262	277
3245	8	95	251	211	298	277
3246	201	362	192	279	224	268
3247	505	19	281	16	298	263
3252	379	17	156	1	268	298
3253	212	19	90	1	283	298
3254	4	324	85	88	298	254
3255	601	387	93	42	247	214
3258	202	0	75	1	233	207
3259	428	562	359	245	276	248
3262	2	53	19	32	271	298
3263	2	6	19	0	271	298
3264	2	6	19	0	271	195
3265	37	6	21	0	298	195
3266	53	6	32	0	298	298
3267	53	6	32	0	298	195
3268	47	6	31	2	298	195
3270	16	5	9	2	189	233
3271	336	317	95	73	295	282
3277	12	172	6	1	264	226
3278	69	120	1	7	226	215
3279	193	241	53	35	290	298
3280	20	237	45	122	298	252
3281	201	9	125	9	298	252
3282	201	208	125	149	298	270
3283	201	237	124	121	298	298
3284	9	208	9	149	252	270
3287	84	213	121	147	241	221
3288	456	295	230	189	261	257
3289	244	218	336	364	277	298
3290	183	3	300	2	294	277
3291	183	417	300	336	294	277
3292	292	410	82	78	245	298
3294	565	699	230	285	278	279
3295	446	597	262	292	295	278
3296	319	587	193	280	241	257
3298	20	2	34	0	293	275
3305	0	2	3	3	251	240
3306	0	10	1	2	248	221
3307	266	1	131	0	298	273
3314	0	1	10	20	298	230
3315	196	19	96	52	218	206
3319	22	42	5	8	298	255
3320	64	8	53	0	285	219
3321	19	30	32	21	238	244
3324	4	14	0	9	239	279
3329	98	29	13	3	298	196
3330	102	4	14	1	298	196
3331	33	31	7	15	196	234
3332	1473	989	696	768	258	268
3334	135	0	57	63	284	298
3335	35	286	64	93	230	260
3339	58	53	12	9	237	238
3340	57	30	37	12	265	212
3341	58	7	35	4	265	281
3342	16	11	1	4	247	298
3343	13	2	21	4	237	298
3344	10	9	2	1	226	298
3348	43	19	4	13	258	298
3351	43	104	32	15	298	288
3352	1	188	0	66	271	288
3353	5	6	2	4	298	298
3354	13	7	0	8	222	298
3355	0	4	5	6	210	245
3356	0	19	4	14	245	298
3357	2	12	10	4	260	264
3359	0	3	6	2	298	298
3360	19	25	8	13	262	298
3362	15	5	44	19	298	215
3363	6	14	24	21	269	296
3364	1	3	0	1	298	209
3366	165	120	48	37	194	191
3370	137	5	52	2	298	184
3371	141	155	94	65	298	298
3372	2	36	0	22	265	298
3378	1	0	0	2	207	256
3379	4	0	6	3	298	243
3380	0	117	6	131	222	298
3382	416	332	81	104	203	298
3383	311	108	117	36	298	198
3384	68	398	26	99	198	298
3385	324	306	107	88	298	271
3386	2	0	0	2	298	232
3387	22	49	35	32	298	240
3388	1	3	1	1	246	238
3389	58	44	13	15	210	212
3390	219	126	91	79	243	204
3391	201	211	122	90	277	252
3392	116	75	60	38	218	209
3393	6	69	19	26	209	218
3394	68	73	20	15	298	298
3395	12	28	65	124	266	296
3396	10	50	49	69	269	257
3400	31	3	10	11	298	186
3401	48	1	17	0	298	258
3402	0	2	53	62	242	242
3403	2	4	0	9	242	242
3404	1	4	78	11	242	242
3405	2	0	4	5	242	242
3408	5	5	165	154	254	254
3411	89	72	33	51	279	298
3419	19	0	95	4	298	227
3423	1	9	0	2	191	235
3424	378	411	104	110	298	298
3425	12	15	14	25	233	298
3427	29	123	7	62	245	230
3428	13	123	2	62	298	230
3442	53	11	19	8	284	298
3443	74	92	16	6	260	298
3444	47	64	2	0	241	241
3445	0	136	1	2	278	268
3448	70	70	11	15	192	228
3449	34	2	18	1	298	239
3450	3	202	31	64	224	253
3454	71	108	31	36	225	270
3458	2	164	4	66	221	221
3460	1	20	6	24	217	222
3461	327	371	8	3	275	275
3462	0	3	1	4	298	227
3467	14	34	14	21	214	288
3474	224	181	75	34	298	298
3475	285	335	58	72	298	298
3476	9	35	14	19	298	218
3477	0	1380	3	830	222	272
3478	4363	5164	1265	970	290	230
3479	4363	5236	1265	991	290	233
3482	28	25	4	22	248	220
3484	98	24	29	10	297	298
3486	1	130	4	45	208	217
3490	4	213	2	8	298	235
3491	35	44	0	4	298	267
3492	79	224	3	8	265	282
3493	16	19	0	8	238	272
3494	104	384	21	19	236	236
3496	2	0	4	5	250	298
3498	5	20	2	5	292	298
3500	18	255	25	56	210	258
3501	3	12	4	11	231	190
3502	5	12	18	11	255	190
3503	3	137	4	48	231	243
3504	5	137	18	48	255	243
3506	336	2451	193	411	239	293
3507	2105	1120	299	250	298	239
3508	1516	2119	317	391	248	298
3509	1	0	2	39	248	298
3510	0	418	2	137	267	204
3511	17	67	13	50	298	255
3512	1	67	4	50	298	255
3513	12	95	9	54	194	214
3514	56	30	9	6	254	195
3515	18	89	4	10	298	254
3516	384	364	112	86	242	224
3517	266	248	129	174	227	298
3520	1	22	0	5	268	270
3521	1	17	0	5	268	298
3524	1	38	0	8	208	270
3526	22	17	5	5	270	298
3527	30	10	16	8	234	298
3528	310	459	206	323	273	289
3529	7	55	2	14	209	231
3530	90	44	25	16	227	257
3531	344	8353	110	1751	243	298
3532	7252	6067	1282	1122	254	260
3533	5661	6124	891	1002	251	254
3534	4192	6594	1175	1086	258	251
3535	2598	6773	645	1155	225	258
3536	7044	6756	8167	7549	259	268
3537	6262	6756	8421	7550	298	268
3538	2229	3675	4771	4541	257	239
3543	0	12	29	53	298	272
3546	31	15	77	73	203	200
3547	12	4	28	89	214	203
3548	9	111	2	35	282	298
3555	0	2	3	191	261	214
3556	0	2	2	191	247	214
3564	1693	756	3378	5484	233	248
3565	1327	1530	5141	4155	278	233
3566	4322	1585	6127	5551	298	278
3567	7	242	10	1511	274	257
3568	36	242	44	1511	185	257
3569	10	19	1	3	194	218
3570	1047	5256	35	136	174	263
3571	6693	4764	171	133	263	278
3572	2	6	491	314	293	298
3574	491	239	117	85	297	298
3577	3084	2983	1472	1128	298	298
3582	4	7	4	80	240	252
3585	1	0	0	1	298	186
3593	853	3760	4	18	298	298
3595	2	93	0	73	248	179
3596	56	58	34	34	215	217
3597	50	119	27	42	217	220
3598	80	66	56	32	220	207
3599	5	7	8	9	278	285
3601	0	128	1	56	250	175
3602	0	72	1	16	250	175
3603	0	71	4	15	250	175
3604	2	473	1	153	175	270
3605	81	252	26	85	194	246
3606	444	27	253	41	246	199
3607	161	403	131	337	239	258
3649	1	7	0	4	166	257
3654	766	642	139	146	292	298
3655	13	70	41	25	275	208
3656	40	38	19	11	257	245
3657	188	855	144	205	298	298
3670	82	72	31	20	298	252
3671	70	75	24	35	266	272
3672	51	74	28	33	298	280
3673	78	29	441	8	230	277
3674	79	423	446	665	230	277
3675	644	2	1379	16	277	220
3676	215	93	682	306	277	211
3677	5	4	2	0	217	264
3679	0	12	2	26	251	216
3680	0	23	2	42	251	298
3681	946	2162	3025	4122	238	298
3682	22	84	5	12	226	294
3683	2	0	0	2	298	283
3685	1	106	64	84	201	223
3686	24	123	64	58	223	226
3688	85	80	23	50	233	267
3691	46	6	19	3	298	194
3695	2	2	33	2	276	230
3696	11	13	1	9	298	298
3697	4	17	5	17	298	285
3701	133	0	59	2	236	194
3703	2	193	2	130	195	209
3704	293	676	73	133	246	298
3705	2	9	0	4	182	254
3706	0	79	43	34	298	253
3707	8	9	3	3	298	272
3711	1242	424	1096	2808	222	298
3712	1242	622	1096	2881	222	298
3713	1	6789	2	3538	298	298
3714	3463	6789	2356	3538	298	298
3715	424	7006	2810	2366	298	244
3716	4480	5640	2385	2757	244	254
3717	313	426	78	62	222	258
3718	24	426	0	62	196	258
3724	32	35	47	33	270	253
3725	51	47	26	26	253	298
3726	37	38	14	11	212	233
3729	897	652	234	154	251	265
3730	49	17	5	0	242	200
3759	18	4	3	3	298	298
3761	2	4	3	0	290	225
3762	2	4	3	3	290	225
3766	4	31	19	13	237	191
3767	0	16	13	17	298	284
3769	4	45	5	60	298	283
3770	6	45	14	60	298	283
3771	2024	1828	1053	814	298	243
3772	22	178	4	48	245	260
3773	193	135	61	57	260	238
3777	276	69	66	18	293	198
3778	20	200	30	58	298	253
3779	1	0	9	127	298	298
3781	9	2	2	4	298	298
3782	9	0	2	1	298	298
3784	2719	5349	147	370	233	288
3785	3428	4250	195	294	239	298
3786	7	3	0	1	247	222
3794	2	26	10	20	283	298
3797	120	106	20	15	286	291
3798	184	30	63	60	257	293
3799	150	35	130	80	298	219
3800	60	37	62	73	219	293
3801	3	58	1	8	231	247
3804	5	2	3	3	186	199
3811	259	495	70	92	213	298
3812	440	516	117	165	298	290
3813	11	3	7	7	292	298
3818	95	97	14	33	246	298
3820	16	79	7	25	298	297
3821	4	7	2	5	297	298
3822	48	128	36	36	232	298
3823	7	7	7	4	187	298
3824	17	16	24	4	245	173
3825	44	55	31	19	212	227
3826	482	509	331	376	298	291
3827	613	236	62	23	271	180
3833	5	6	2	2	248	298
3834	3	6	2	2	221	298
3835	15	3	4	0	221	176
3858	42	74	12	20	221	209
3859	66	89	13	18	209	292
3862	1320	2203	43	77	248	298
3863	2036	1775	47	51	298	298
3865	65	23	41	47	237	236
3867	10	72	13	53	270	235
3868	47	117	39	22	235	221
3869	41	77	21	23	221	239
3872	6	5	1	0	298	266
3873	6	0	1	2	298	266
3877	68	61	118	141	235	239
3881	220	207	46	54	219	247
3888	385	224	134	77	298	290
3889	385	271	134	84	298	298
3890	362	676	124	146	298	296
3891	3	2	0	24	298	233
3901	10	1	18	41	236	298
3902	49	63	297	124	287	225
3903	80	75	210	209	225	226
3904	0	49	2	13	244	220
3905	193	0	243	89	264	205
3906	77	9	81	230	194	298
3907	77	1	80	90	194	205
3912	472	788	4	4	225	298
3913	25	74	11	35	215	298
3915	4	13	4	13	225	257
3916	2053	1751	766	972	248	256
3917	2	2	0	4	234	280
3922	0	4	18	44	227	298
3923	53	325	0	4	298	298
3924	4	17	4	5	239	208
3932	53	52	17	19	260	290
3933	440	1810	348	494	228	245
3934	4	0	2	3	259	233
3937	1	3	0	14	238	225
3938	1	3	19	12	238	225
3939	0	11	3	40	229	238
3940	1	0	3	2	229	244
3941	1	0	3	2	229	298
3942	36	0	18	22	246	298
3944	2	8	71	49	246	246
3945	21	18	1	2	203	244
3950	80	109	13	22	203	278
3955	28	4	21	48	232	228
3957	0	2	2	12	253	180
3958	70	16	0	1	298	235
3962	34	59	23	20	266	272
3963	39	54	9	38	298	298
3964	471	349	138	76	250	290
3965	247	35	95	13	298	250
3966	246	350	95	86	298	250
3967	183	460	55	134	207	298
3969	103	119	30	44	241	294
3970	101	3	28	0	241	294
3971	101	156	28	46	241	223
3972	3	156	0	46	294	223
3973	6	78	2	22	223	202
3974	62	73	17	19	223	202
3975	105	223	39	73	202	257
3976	2	102	0	28	181	298
3978	68	54	20	12	244	229
3979	22844	17297	1604	1264	298	255
3980	22844	12362	1604	919	298	298
3981	22	280	67	89	291	278
3982	346	244	43	41	298	254
3983	164	431	39	61	254	298
3984	283	180	42	18	298	235
3985	283	261	42	38	298	279
3986	210	232	32	38	279	289
3987	412	42	67	73	230	290
3988	461	629	88	92	292	265
3989	1031	634	77	49	298	298
3990	460	1319	46	39	238	298
3991	745	1319	26	39	247	298
3992	745	460	26	46	247	238
3993	1192	1033	55	93	247	238
3994	18	35	58	38	298	233
3995	1	35	1	38	298	233
3996	21	90	138	176	298	298
3997	148	138	5	2	243	277
3999	62	81	0	4	249	298
4000	30	228	1	2	270	277
4001	80	14	54	12	298	172
4002	1551	654	1614	2100	298	298
4005	37	0	49	46	241	244
4012	8974	3	232	0	269	298
4013	8974	8688	232	486	269	290
4014	61	11067	2	282	298	269
4015	12132	11067	449	282	298	269
4018	4	125	1	24	210	298
4021	37	24	3	10	210	243
4022	0	1	8	5	236	270
4023	20	6	16	16	298	298
4024	15	0	16	4	284	298
4025	13	6	15	15	298	298
4026	16	19	14	10	201	206
4051	23	6	6	9	272	298
4054	25	2	6	0	272	298
4060	2	0	0	1	298	252
4074	0	4	4	1	187	298
4075	1	0	0	3	187	298
4076	1	0	0	3	187	298
4078	1	0	5	4	187	298
4080	1	0	1	3	187	298
4081	11	0	13	3	298	298
4082	11	0	13	3	298	298
4083	0	2	4	1	187	298
4084	0	2	1	0	187	298
4085	11	2	12	0	298	298
4088	11	1	13	1	298	187
4089	11	1	13	1	298	187
4090	11	0	12	1	298	187
4091	11	0	13	1	298	187
4093	11	0	12	1	298	187
4099	25	11	3	0	298	298
4102	9	779	2	311	248	298
4103	6	79	0	11	164	224
4104	53	71	18	21	230	298
4111	2	72	4	47	172	250
4112	16	4	21	21	256	215
4113	285	192	160	56	298	298
4114	81	88	23	21	219	247
4122	202	72	103	46	278	224
4126	9	9	0	4	219	273
4133	122	2	36	3	298	298
4134	122	26	36	13	298	250
4135	2	26	3	13	298	250
4136	263	296	47	56	247	237
4137	1281	50	2	0	266	227
4139	8	6	8	12	298	278
4142	139	476	77	183	260	271
4143	0	71	2	113	247	298
4145	13	432	1065	2353	298	298
4147	1	35	1	3	208	242
4148	8	6	1	0	268	264
4150	29	6	2	0	298	264
4151	15	6	3	0	273	264
4152	17	6	1	0	298	285
4154	29	8	2	1	298	268
4155	15	8	3	1	273	268
4158	15	29	3	2	273	298
4159	6	16	1	1	273	298
4164	139	231	42	50	233	251
4165	100	156	17	55	255	233
4166	27	90	18	8	222	227
4167	0	97	25	18	230	222
4168	112	42	74	39	298	221
4175	21	59	4	5	188	245
4176	12	2	48	56	276	298
4178	41	33	85	139	172	197
4179	90	31	140	136	298	197
4180	77	23	121	79	179	172
4181	46	29	122	99	203	298
4182	44	28	126	72	203	179
4183	55	29	65	71	203	179
4184	2	128	11	63	223	254
4185	30	8	20	41	224	236
4186	352	15215	3850	7700	298	298
4187	57	82	23	52	218	251
4188	0	4	19	25	291	298
4190	8	20	0	3	224	298
4193	13	54	0	1	224	298
4194	8	11	0	2	224	298
4196	2	54	0	1	238	298
4197	45	19	0	3	298	298
4198	2	17	0	2	298	298
4199	2	9	0	3	298	298
4200	47	19	0	1	298	298
4201	54	19	1	3	298	298
4202	26	11	1	1	298	268
4204	31	39	1	2	298	268
4205	13	33	2	0	298	298
4207	2	20	0	1	202	298
4208	2	9	0	1	202	298
4210	2	20	0	1	199	298
4211	2	9	0	1	199	298
4215	3	1	6	14	298	298
4218	8	66	26	24	260	298
4221	2	1	3	0	203	227
4224	413	253	68	51	298	256
4226	239	5	183	11	227	284
4229	1	15	2	8	271	252
4230	1	13	0	9	197	271
4231	198	448	71	102	274	238
4232	2	444	2	100	274	238
4233	61	446	48	100	244	238
4234	19	446	13	100	274	238
4235	95	446	73	100	298	238
4236	27	7	14	4	216	171
4237	4	0	58	74	226	226
4238	18	42	18	53	221	246
4239	99	62	33	51	298	298
4240	32	32	29	42	230	248
4241	17	0	13	6	188	223
4246	880	3	185	104	251	233
4248	8	188	0	73	274	222
4249	160	92	57	41	275	226
4250	1	92	0	41	206	226
4251	254	244	493	492	256	227
4255	0	2	84	96	254	244
4256	0	10	84	89	254	255
4257	0	10	84	84	254	258
4261	29	36	14	16	298	298
4264	48	58	12	23	284	298
4265	68	21	48	25	272	298
4266	134	239	162	300	217	257
4268	13	109	23	59	253	289
4269	423	598	114	185	243	294
4270	99	170	56	68	298	263
4272	3	7	3	2	212	188
4273	5	1	3	4	246	298
4278	382	350	294	406	205	298
4279	373	6	293	10	205	298
4280	246	599	313	361	298	298
4285	38	97	39	58	298	298
4291	0	4	8	40	298	298
4298	6876	17045	1034	962	285	288
4302	18	25	4	54	258	266
4303	86	93	76	60	248	251
4304	0	25	41	107	269	293
4305	0	4	14	10	298	272
4306	0	1	33	7	272	226
4307	10	0	24	1	263	257
4308	181	80	395	254	271	245
4309	84	115	1544	2781	298	274
4310	0	84	750	919	189	241
4311	94	257	67	118	286	298
4312	98	522	119	704	176	298
4313	668	544	353	240	290	239
4316	3	2	147	81	298	287
4317	17	6	4	10	298	222
4318	865	455	321	212	284	233
4319	0	17	1	6	265	298
4321	173	15	76	5	250	194
4322	65	1091	50	381	198	271
4326	2	173	12	35	249	272
4332	12	70	13	41	253	208
4333	588	810	909	607	298	251
4334	41	809	51	606	298	251
4335	64	841	58	665	201	298
4343	1171	264	189	123	285	235
4344	287	447	52	130	235	248
4348	231	343	67	76	236	234
4349	245	343	68	76	241	234
4351	64	29	9	8	229	239
4352	22	0	14	5	298	239
4353	16	0	1	5	298	239
4354	43	0	29	9	254	298
4355	50	0	36	26	298	298
4360	2	9	59	18	281	250
4365	0	8	1	32	156	291
4380	86	132	22	37	298	281
4381	1227	452	146	63	298	200
4382	20	28	17	47	227	298
4384	102	131	20	30	244	260
4390	17	12	50	16	232	239
4392	5	0	61	66	260	210
4396	0	2	2	3	298	218
4397	72	157	62	144	199	242
4399	1	0	4	1	186	172
4402	342	4	92	4	289	177
4403	1	15	1	5	195	278
4405	2	18	0	8	249	278
4406	2	18	1	8	254	278
4409	32	65	7	40	295	213
4410	42	8	8	4	247	240
4411	75	8	16	4	295	240
4412	24	8	12	4	286	240
4413	24	42	12	8	286	247
4414	24	75	12	16	286	295
4415	177	306	92	109	278	298
4416	3	179	1	55	298	298
4417	182	179	104	55	298	298
4434	36	255764	0	25872	282	282
4435	927831	255764	25684	25872	282	282
4436	1325225	255764	33753	25872	298	282
4437	1325216	452047	33753	20658	298	247
4438	2	627692	0	28535	282	279
4439	893337	626965	22601	28517	282	279
4440	229903	562638	18696	21979	247	298
4441	729	756344	18	23992	279	282
4442	492463	756348	28236	23992	279	282
4443	1142727	31	32217	0	288	298
4444	1142727	400850	32217	20488	288	282
4445	31	400850	0	20488	298	282
4452	0	20	12	22	221	221
4453	0	20	2	18	221	221
4455	96	117	12	27	270	282
4456	30419	15334	5985	6010	238	298
4457	62	472	116	96	240	230
4458	62	492	116	105	240	236
4460	29	47	15	15	213	244
4461	4	11	25	48	298	251
4463	23	1144	230	299	298	272
4464	771	178	229	218	298	298
4466	0	2	25	37	224	296
4467	106	4	77	5	236	298
4468	5	74	0	2	298	298
4469	5	74	0	2	298	298
4472	5	29	17	22	249	288
4474	3119	5729	476	2424	182	298
4475	9901	762	1750	1168	298	254
4476	1055	10492	1607	1881	278	266
4477	163	131	41	32	298	243
4478	38	128	79	118	236	298
4480	148	149	43	60	272	272
4481	9	96	2	85	185	244
4484	2	2	5	11	250	259
4490	2	0	9	2	298	227
4491	132	402	121	225	224	283
4492	9	15	4	2	236	242
4493	665	1	371	0	283	194
4498	42	78	7	21	200	282
4503	26	3	78	19	198	228
4504	8	139	18	319	198	254
4505	7	3	49	30	222	228
4506	7	32	49	48	222	285
4507	7	11	49	17	222	298
4508	3	32	30	48	228	285
4509	3	11	30	17	228	298
4511	310	100	134	148	223	251
4512	160	110	95	111	220	223
4513	3	109	1	111	220	223
4514	28	263	23	153	197	220
4515	16	227	61	81	215	197
4516	113	107	40	27	298	233
4519	98	1163	32	141	298	260
4520	157	1104	36	172	298	298
4521	9	0	3	1	295	180
4523	129	1	47	0	234	218
4524	118	122	58	26	298	266
4527	3	0	0	2	207	196
4529	0	2	2	0	196	298
4530	31	30	18	8	256	230
4531	26	42	8	18	230	238
4532	43	76	70	66	298	278
4537	11	64	5	24	228	298
4538	21	21	10	0	298	183
4539	7	196	4	60	268	252
4540	0	30	4	18	226	268
4545	426	324	144	106	230	247
4546	144	9	147	9	298	230
4547	59	356	107	152	298	298
4554	4	5	2	1	229	287
4556	2411	1682	435	347	297	249
4557	2152	4	339	0	249	222
4559	2	56	0	15	229	155
4561	95	110	19	20	274	240
4562	133	178	37	31	284	281
4563	119	112	27	26	281	248
4564	32	44	15	14	290	221
4565	47	101	23	40	257	298
4566	77	77	18	24	298	250
4567	3	77	4	24	274	250
4568	80	96	29	33	250	291
4569	146	76	19	30	287	275
4570	57	6	4	0	270	247
4572	94	349	37	93	298	298
4573	3	3	2	0	205	269
4578	142	163	33	32	235	298
4579	85	76	21	38	235	285
4580	358	1202	306	329	298	298
4584	3	0	2	2	271	230
4586	0	3	1	0	298	298
4588	37	236	5	44	252	298
4589	533	477	269	215	269	215
4592	1	152	74	338	240	298
4593	128	103	56	41	298	253
4609	0	1	2	0	271	298
4610	3	2	4	1	278	262
4611	3	2	4	2	278	298
4631	90	159	17	40	227	237
4632	0	2	448	354	221	249
4637	2	3	16	1	280	277
4647	7	144	0	80	203	255
4650	1	31	9	40	298	298
4651	155	281	37	42	236	240
4652	3734	909	169	169	298	284
4653	157	1	72	6	217	228
4654	154	78	89	57	242	217
4655	163	176	124	113	252	242
4656	76	152	74	126	244	256
4657	172	234	81	161	230	273
4658	51	275	54	95	215	230
4666	0	2	4	3	263	290
4667	34	26	7	7	215	219
4668	15	39	4	26	239	298
4669	2	8	0	9	298	273
4670	1	0	6	6	267	273
4672	19	8	7	14	298	298
4673	5	3	26	5	298	298
4674	3	7	0	4	298	279
4677	1	2	44	17	298	298
4678	5	2	26	3	225	225
4680	15	1	4	0	298	245
4682	7	32	2	10	272	201
4683	6	1	3	0	272	298
4684	6	1	3	0	272	233
4685	10	2	7	0	237	294
4686	10	2	7	0	237	289
4687	16	46	8	22	182	298
4690	2	2	2	2	260	263
4691	0	6	3	10	225	238
4694	48	1618	10	703	298	298
4695	63	2	3	2	298	298
4697	508	7909	730	1172	298	298
4698	507	4864	728	881	298	298
4699	1634	4803	705	880	298	298
4702	148	174	75	64	282	276
4703	91	57	34	24	219	182
4704	142	1	45	0	259	298
4707	2	0	47	28	260	239
4708	72	84	8	15	298	298
4709	9	4	65	84	269	298
4710	23	160	29	147	177	257
4711	2408	3420	1270	3492	211	278
4713	470	182	240	202	298	298
4714	372	303	192	178	298	298
4715	106	24	1529	1496	298	298
4717	1938	2401	734	919	267	298
4718	1661	1703	898	631	298	223
4729	3054	5747	112	169	251	298
4730	8340	5355	237	180	298	274
4733	33	4	9	0	282	298
4734	114	5	10	3	298	218
4735	4	0	8	49	240	240
4736	655	134	396	561	242	290
4751	47	62	30	30	298	298
4752	357	1264	149	410	298	248
4753	40	1263	16	406	296	248
4755	53	1	165	1	254	298
4756	53	159	165	222	254	232
4758	13	29	1	0	297	294
4761	12	19	3	4	240	226
4763	7	1947	19	5663	171	274
4765	948	1150	1782	2406	249	274
4767	1210	2791	2440	3105	238	255
4771	0	2	5	26	298	298
4772	89	51	12	14	236	223
4773	73	81	35	29	275	298
4774	373	933	66	150	221	296
4776	2	3	8	5	216	196
4777	2	3	7	9	182	196
4778	2	2	7	10	182	216
4780	11	79	36	109	257	290
4781	3	9	7	2	206	194
4787	1	0	17	6	298	278
4788	22	10	49	54	236	275
4789	31	23	59	67	298	298
4790	20	34	79	66	235	298
4791	9	6	8	6	298	164
4792	13	6	9	6	298	164
4793	117	8	56	4	263	298
4794	0	164	1928	8197	259	218
4795	95	0	10726	11	218	298
4796	95	25	10748	14254	218	298
4797	398	142	20697	8788	298	206
4798	287	448	19450	19781	281	298
4799	527	752	152	245	263	298
4800	527	16	152	1	263	298
4801	0	2	17	40	298	298
4802	0	6	13	11	298	256
4803	1	7	10	18	296	261
4804	0	2	30	0	298	237
4805	12	2	61	0	298	237
4806	12	2	31	0	298	237
4807	2	12	24	31	248	298
4808	3	7	5	27	253	298
4812	0	2	24	711	257	251
4814	404	501	63	39	258	257
4825	473	845	157	79	298	298
4826	1524	875	167	109	298	298
4827	33	2	15	0	236	272
4828	273	225	53	55	298	259
4829	90	262	47	77	298	298
4830	2635	1354	450	510	215	298
4831	2635	1141	450	451	215	272
4832	6480	4964	990	977	298	298
4833	33	4964	0	977	272	298
4836	7	1	2	0	268	298
4838	268	5203	1453	2140	221	280
4839	18597	318	2345	2931	298	281
4840	13906	320	2860	2932	271	281
4841	18595	83	2349	3439	298	298
4842	13908	82	2859	3440	271	298
4844	28	45	7	9	229	242
4845	27	28	5	14	242	267
4846	322	183	59	28	295	239
4847	4	250	0	36	298	297
4848	184	250	34	36	298	297
4855	40	26	89	138	233	298
4859	199	121	149	144	263	298
4860	162	201	177	176	298	298
4861	0	4	3	4	271	233
4862	5	0	9	1	298	271
4864	107	262	34	44	227	298
4865	168	135	82	66	298	298
4866	353	185	144	60	293	212
4867	35	32	30	20	249	228
4877	52	4	43	10	271	281
4881	207	41	323	285	276	298
4892	0	43	4	44	265	205
4893	0	43	2	44	247	205
4895	4	23	48	58	286	264
4899	4	241	7	142	212	207
4903	483	622	34	65	298	297
4904	35	237	202	127	225	212
4905	429	8	463	5	225	225
4906	0	27	3	3	241	229
4907	2	24	1	7	207	252
4911	32	37	34	7	275	226
4913	149	3	7	0	278	206
4914	187	237	58	102	298	298
4915	0	1	407	532	283	298
4916	1	9	253	485	242	283
4918	96	81	30	39	298	298
4923	8	0	6	7	220	254
4925	3129	1505	2083	1559	287	281
4929	1	0	3	3	281	298
4931	1	0	13	24	230	251
4933	2	10	0	14	203	223
4934	2	85	2	212	298	298
4935	5	9	21	16	222	188
4936	12	52	19	18	257	229
4941	96	122	23	36	298	298
4942	52	158	19	35	216	298
4943	26831	25957	934	903	289	278
4944	15424	27902	1039	933	298	289
4945	854	27907	20	934	298	289
4946	20338	28032	840	977	298	298
4947	29279	29378	1007	957	298	298
4948	31844	33255	1033	951	298	298
4950	2	2	20	50	298	260
4951	51	58	10	18	264	293
4953	38	76	28	33	238	276
4954	58	1	3	1	257	298
4956	0	52	6	18	197	241
4958	0	2	5	10	184	298
4960	6	2	0	1	236	298
4963	0	8	1	18	298	298
4964	0	8	2	18	277	298
4965	213	230	241	327	298	296
4967	5	20	3	23	203	263
4968	27	341	13	50	298	298
4969	3	195	0	59	287	279
4970	57	107	42	14	235	236
4971	36	12	29	2	235	236
4972	97	36	30	18	295	255
4973	481	272	164	85	298	263
4975	230	4	238	1088	177	298
4976	398	4	711	1088	244	298
4977	297	206	10	24	228	289
4978	49	2	21	2	202	273
4979	0	2	1	1	220	217
4981	105	154	122	73	289	247
4982	1	154	0	72	289	247
4983	123	129	104	98	289	255
4984	123	140	104	105	289	289
4985	113	140	144	105	270	289
4986	113	3	143	0	270	289
4987	115	2	142	6	270	289
4988	164	0	80	7	276	289
4989	113	106	141	119	270	289
4995	196	125	45	36	221	241
4999	0	154	2	57	221	298
5000	13	154	11	57	280	298
5001	6	257	8	70	280	271
5002	413	741	81	115	225	252
5004	15	88	10	21	183	215
5005	0	4	2	1	281	269
5008	77	91	28	21	236	245
5009	294	498	25	60	203	228
5010	1013	233	94	42	298	185
5011	341	826	29	126	185	264
5016	5	0	5	2	222	272
5018	2	0	3	1	222	272
5031	1	3529	188	827	197	267
5032	1195	2283	553	468	267	245
5033	2101	2685	471	607	225	250
5034	2865	2685	634	607	245	250
5036	119	66	21	29	298	282
5038	29	49	44	20	285	237
5039	185	0	131	3	187	210
5041	4	0	11	2	298	298
5042	4	0	11	2	298	267
5043	4	0	11	46	298	235
5044	323	76	216	112	227	269
5045	216	236	29	44	298	298
5046	1	0	2	2	239	298
5052	64	21	50	2	210	157
5053	0	2	7	117	298	228
5056	209	7	107	7	269	261
5057	29	52	11	12	242	298
5058	21	23	16	22	298	298
5063	17	26	36	39	298	259
5064	21	6	127	72	282	235
5065	161	0	86	66	296	268
5069	1059	379	5154	3073	298	298
5070	1059	26	5154	30	298	266
5071	15	3	16	18	272	259
5073	3	44	5	39	244	298
5074	3	26	5	24	244	298
5076	473	238	105	67	298	218
5077	5	238	2	67	294	218
5078	2	328	28	73	298	251
5081	231	199	335	261	298	298
5082	46	274	179	209	298	232
5083	173	360	168	230	232	298
5084	146	94	14	25	220	230
5085	22	9	0	7	221	218
5091	468	244	49	20	298	229
5092	8	562	9	92	210	297
5093	391	375	97	72	297	233
5094	28	20	170	98	294	271
5095	5	27	118	159	298	274
5098	14	7	16	0	298	201
5099	0	12	2	0	243	285
5100	16	1	4	3	182	197
5103	18	12	27	14	298	236
5104	18	12	76	14	298	236
5105	85	496	62	118	211	268
5108	116	98	104	49	298	230
5112	2	0	1	6	233	298
5113	2	0	1	2	233	223
5116	7	2	1	3	292	298
5117	12	2	13	9	292	298
5118	15	7	18	0	298	185
5119	28	212	13	55	184	250
5120	25	56	12	23	184	185
5121	179	58	29	25	250	185
5125	30	36	17	8	250	185
5126	8	22	4	5	185	201
5127	36	22	11	5	185	201
5130	62	87	80	30	283	298
5132	8	61	5	4	251	225
5135	34	14	2	3	258	290
5142	23	99	4	6	199	298
5143	58	102	13	19	233	236
5144	29	1	13	6	280	242
5145	1	3	2	6	251	242
5146	1689	1975	276	322	298	298
5147	1616	755	279	333	280	298
5148	220	1580	246	236	284	280
5149	101	1689	10	273	293	284
5150	166	1697	34	274	293	284
5151	501	1771	174	279	293	284
5152	327	106	268	6	293	292
5153	392	112	292	6	293	292
5154	72	112	0	6	242	292
5155	727	113	432	10	293	292
5156	18	113	1	10	197	292
5157	72	392	0	292	242	293
5158	18	727	1	432	197	293
5159	75	166	0	38	242	293
5160	19	501	0	178	197	293
5161	171	54	34	5	197	242
5162	0	3	3	7	261	298
5163	387	172	50	17	211	236
5164	98	105	45	35	216	232
5165	417	157	105	95	298	298
5166	13	144	0	56	298	298
5167	0	5	10	9	298	260
5172	168	144	116	112	268	298
5173	63	12	73	6	236	268
5174	64	122	80	113	236	268
5175	51	147	14	97	233	298
5176	0	432	3	299	298	288
5177	20	509	0	33	249	203
5178	761	709	63	90	220	220
5179	38	31	8	8	248	236
5180	14	63	2	8	177	248
5181	58	31	14	3	258	177
5184	25	6	16	5	298	243
5185	28	225	13	96	253	282
5186	533	4	1418	1	152	167
5188	15	20	14	18	223	233
5189	121	204	65	42	298	261
5195	87	179	32	29	212	232
5197	120	66	36	12	298	218
5201	6	3	1	0	215	251
5202	36	0	15	1	233	251
5204	2	0	2	1	224	278
5207	58	54	103	102	277	258
5208	2	5	3	0	214	274
5211	260	201	179	177	254	293
5239	6	1	3	0	268	298
5240	0	8	22	35	298	298
5241	0	22	35	47	298	298
5243	8	65	4	7	193	199
5244	95	263	31	72	278	298
5245	11	0	12	4	264	298
5246	3	283	1	61	295	298
5247	153	4	25	0	280	284
5248	63	4	13	0	295	284
5250	2	615	87	338	208	297
5252	13	132	3	22	298	229
5255	78	149	103	53	278	278
5256	108	160	26	65	253	298
5259	2166	2315	332	628	250	298
5260	752	2059	236	396	287	249
5261	211	222	6089	3312	272	278
5267	10	0	257	10	294	294
5269	511	993	217	267	196	208
5270	1193	873	457	273	219	196
5272	160	39	76	111	298	298
5273	158	131	71	132	298	298
5275	105	232	24	81	206	298
5279	6426	2997	8331	4425	298	234
5280	15	20	0	3	298	289
5281	11	84	3	5	236	268
5289	136	122	76	40	293	280
5290	138	7	74	3	293	280
5291	99	129	27	50	280	298
5292	6586	4322	1396	944	296	248
5293	4171	5791	803	1116	248	298
5294	5396	5834	1166	1246	298	298
5295	5863	2486	1346	629	298	214
5300	16	54	26	45	234	298
5301	1	32	10	23	298	249
5302	51	65	61	37	298	238
5303	4	0	27	8	298	298
5306	34	16	6	6	254	296
5307	1	26	0	10	288	282
5309	133	185	30	22	298	298
5310	517	538	54	43	298	288
5311	307	263	32	40	275	290
5312	24	11	5	1	278	188
5315	172	318	66	65	261	258
5317	14	90	6	28	188	218
5319	75	34	55	38	265	232
5320	75	20	55	17	265	198
5321	76	54	57	51	265	298
5322	76	5	57	4	265	232
5323	76	4	57	12	265	184
5324	79	4	75	7	265	232
5325	79	1	75	3	265	198
5326	79	9	75	49	265	251
5327	5	54	4	51	232	298
5328	5	4	4	12	232	184
5329	4	9	7	49	232	251
5330	27	10	27	49	232	251
5331	1	9	3	49	198	251
5332	9	7	2	4	241	241
5334	11	10	7	6	229	253
5335	258	339	83	144	284	298
5336	428	1	444	4	252	247
5337	736	1	626	6	298	271
5338	299	0	169	6	206	187
5339	299	1	169	12	206	271
5340	690	0	680	6	181	187
5341	690	1	680	12	181	271
5342	690	1	680	3	181	247
5343	66	56	20	25	298	285
5345	218	96	63	60	257	227
5346	33	80	56	83	298	272
5348	15	167	0	76	212	174
5349	456	346	173	124	239	212
5350	579	466	248	151	248	239
5351	202	364	69	160	219	210
5353	2196	3308	3189	4406	298	290
5354	3	3308	6	4406	298	290
5355	10	123	12	39	213	277
5356	0	15	7	9	298	271
5357	298	140	190	155	251	257
5358	18	16	7	9	298	284
5359	16	0	5	1	298	269
5360	4	247	0	69	298	225
5361	16	0	6	1	298	265
5362	4	289	0	109	298	232
5363	149	774	36	146	206	290
5364	715	767	174	155	290	293
5365	54	101	27	45	233	256
5366	55	1	34	0	260	298
5367	620	597	227	265	269	236
5368	286	751	116	299	203	269
5369	13	41	20	7	298	298
5370	13	69	20	7	298	207
5371	13	25	20	2	298	298
5372	41	25	7	2	298	298
5373	69	25	7	2	207	298
5374	75	85	39	37	298	229
5379	154	216	34	43	288	298
5388	2	0	74	190	227	298
5389	8	114	47	89	266	298
5391	56	111	11	10	298	298
5393	69	110	28	31	298	289
5394	6	18	0	4	298	264
5395	0	2	3	11	215	240
5397	52	130	19	29	222	239
5398	52	49	19	13	222	235
5399	152	163	28	21	298	250
5400	102	240	63	112	215	252
5402	1388	2	188	0	216	180
5405	0	889	1	1761	274	271
5406	4	889	3	1761	298	271
5411	108	77	19	13	285	206
5412	47	96	46	78	221	298
5413	16	1	15	3	209	228
5414	9	161	7	162	209	298
5417	82	53	20	7	298	202
5418	40	21	17	9	298	244
5419	0	23	18	6	298	236
5420	8	2	19	16	294	298
5421	2	149	0	43	298	216
5422	0	4	1	0	279	224
5423	1	4	7	0	282	224
5424	0	2	1	0	282	224
5426	8	21	20	14	275	298
5430	9	16	34	27	298	295
5432	4	46	8	18	223	225
5433	44	24	14	23	225	247
5434	43	4	14	3	225	247
5435	60	37	24	11	247	239
5436	65	10	19	10	233	298
5437	65	67	18	14	233	288
5438	65	1	18	0	233	238
5445	130	127	103	84	298	262
5446	0	132	17	73	280	298
5447	0	2	19	0	280	298
5448	1	15	0	54	265	298
5449	1	27	0	116	265	298
5451	25	1437	4974	4192	296	298
5452	96	29	111	83	248	250
5453	88	1	105	14	248	250
5455	559	16	25102	21311	272	266
5456	62	823	19304	21655	239	253
5457	0	4	227	133	298	251
5458	21	61	10	18	224	255
5459	402	223	84	64	255	255
5460	9	5	4	0	284	227
5463	2	0	3	2	298	242
5464	3	95	5	28	220	191
5468	1	33	0	18	218	280
5469	5	50	16	17	298	276
5470	1113	1260	446	751	254	293
5473	35	135	23	30	174	215
5474	7	5	14	4	298	298
5475	331	376	199	198	223	230
5476	53	47	44	66	298	250
5477	369	253	1	1	226	218
5478	180	113	2	1	226	218
5479	1143	756	1303	1274	223	208
5480	1897	1213	2614	2066	298	269
5481	5	2269	1814	3041	269	276
5482	0	2269	1	3041	265	276
5485	17	29	15	10	206	221
5486	135	263	49	100	223	293
5488	4	1	26	1	293	287
5489	166	43	72	36	298	207
5490	54	63	27	15	214	216
5492	48	50	37	45	257	226
5498	35	84	15	38	187	298
5499	10	204	0	71	298	179
5501	34	88	21	39	298	263
5502	107	70	6	4	257	199
5503	50	58	8	5	239	257
5504	35	27	11	8	298	239
