ID	IJC_SAMPLE_1	SJC_SAMPLE_1	IJC_SAMPLE_2	SJC_SAMPLE_2	IncFormLen	SkipFormLen
3	1	4	0	4	193	204
5	0	6	2	9	329	204
8	27	12	3	6	203	222
9	16	11	7	2	1104	295
10	6	11	2	2	271	295
12	39	10	22	0	245	294
14	59	5	51	9	317	217
15	496	2005	933	526	246	219
16	8	48	14	7	254	231
18	122	98	10	15	294	234
23	4	56	0	5	209	221
25	3	8	0	2	211	294
26	2	118	0	13	211	221
27	3	8	0	2	294	294
29	113	4	4	0	210	210
30	113	17	4	1	210	337
31	89	28	4	2	210	264
33	4	20	0	1	185	337
34	4	22	0	3	185	354
42	38	2	12	4	275	298
43	0	21	23	39	233	245
44	0	9	17	5	326	220
47	4	142	55	127	228	220
48	5	376	54	148	228	235
49	108	375	78	150	220	235
51	5	204	9	37	216	301
53	445	387	289	203	229	211
62	0	11	8	19	313	428
63	9	0	16	10	305	313
64	3	4	8	10	275	305
65	7	0	19	2	219	186
67	2	2	27	5	247	273
68	2	2	0	5	223	273
69	2	2	0	27	223	247
70	0	2	3	20	258	247
73	0	258	3	136	203	374
74	69	73	27	25	294	197
75	12	2	22	1	297	508
76	5	2	16	0	297	187
77	12	2	22	0	297	187
78	7	0	2	7	301	330
81	21	56	5	6	201	241
84	20	5	19	32	277	468
85	25	3	30	28	320	468
86	2	1	1	12	269	494
87	130	229	100	129	264	281
88	0	2	19	172	219	360
90	6	3	2	2	270	260
99	22	56	2314	1873	272	336
101	0	3	439	198	308	212
110	23	5	2	4	456	254
111	22	6	23	0	260	254
112	9114	21372	11	33	244	327
113	9687	21328	7	33	276	327
114	9732	9592	7	16	276	244
115	11940	9584	22	16	358	244
116	11955	13801	22	16	358	276
118	2	87	6	140	307	294
121	31	5	1	1	241	191
122	30	7	1	0	241	281
125	100	2	49	0	437	242
135	36	143	8	15	1037	353
136	20	143	4	15	275	353
137	186	5	20	0	275	258
138	0	7	9	23	181	208
139	50	20	6	17	199	232
140	34	14	4	10	199	199
142	1	2	5	0	242	270
145	1	0	11	2	265	288
156	100	45	45	50	272	326
166	3	10	20	7	392	321
167	22	6	9	3	321	253
171	8	130	62	87	202	240
177	12	2	25	9	266	232
179	26	7	95	11	288	288
180	9	14	1	0	241	276
183	0	4	4	52	266	355
184	0	3	4	68	266	323
186	0	9	5	52	200	232
189	2	0	0	1	343	339
199	13	15	201	259	298	324
208	301	258	110	107	245	218
209	652	12	237	4	245	230
210	34	308	12	105	175	245
211	32	13	11	9	175	245
214	2	1	0	4	423	249
218	129	194	101	105	253	247
219	98	4	65	57	249	258
223	0	2	2	22	300	354
227	0	2	1	4	263	304
238	99	39	567	1015	245	325
239	466	21	1208	15	279	197
240	184	198	12	12	242	254
241	16	611	72	1111	260	279
242	16	321	72	500	260	307
249	11	4	38	24	292	278
252	72	748	40	194	240	291
253	285	2	83	0	222	221
257	32	0	361	5	235	352
266	127	336	170	316	285	295
269	145	144	91	22	287	279
270	136	1006	93	311	287	279
271	924	540	226	222	279	235
272	2	6	0	6	192	203
273	26	2	20	2	180	300
276	222	352	47	82	263	278
277	264	433	67	178	278	355
278	1	0	5	6	312	316
279	11	102	170	228	312	350
280	32	90	7	10	195	230
281	113	38	16	7	273	195
282	54	13	16	4	232	232
295	68	66	20	49	252	332
305	47	28	9	11	284	255
306	17	56	7	12	248	246
310	21	4	36	106	225	289
321	25	3	5	2	358	152
322	8	3	2	2	347	152
324	49	53	61	33	257	222
325	40	53	55	33	249	222
326	2	91	58	94	245	257
331	316	304	45	79	412	257
332	99	91	17	13	219	246
333	144	148	25	28	246	291
334	3	4	123	115	327	277
335	3	0	123	3	327	277
337	8	0	90	75	277	402
338	8	0	90	73	277	267
339	8	0	90	70	277	250
342	57	46	11	6	359	276
344	97	112	17	30	248	284
345	0	15	6	3	365	244
350	617	113	48	5	297	218
351	1957	550	354	238	259	226
352	1992	550	364	238	272	226
355	47	5	12	14	235	264
356	32	48	9	12	204	241
358	8	34	3	20	182	254
359	1011	138	1473	1675	254	271
361	253	188	57	35	370	344
366	1	60	173	1715	476	2753
367	1	60	173	1696	476	2762
369	2	829	79	1128	310	257
370	721	82	819	820	310	310
371	4	0	45	34	271	284
372	1480	5	1337	2	221	319
374	150	140	58	64	244	269
375	99	273	23	58	238	379
376	21	10	2	3	297	318
377	599	1008	19	38	227	241
378	795	598	25	30	269	227
381	47042	111307	10285	17283	246	347
382	60997	156813	20171	23553	338	329
383	71683	156785	18564	23542	326	329
384	71688	29495	18580	9330	326	246
385	45	34	1	1	419	434
386	40	14	26	10	206	172
387	75	41	32	30	212	206
388	2	105	0	60	193	186
389	183	1011	69	405	260	833
390	217	186	101	61	312	260
394	82	122	19	30	226	250
395	19	35	8	12	290	333
396	38	32	6	12	314	333
397	39	14	6	9	314	290
398	392	225	226	136	285	240
399	319	19	200	83	266	211
400	36	33	27	24	332	230
402	25	21	19	35	278	339
403	53	12	24	10	274	200
404	19	46	13	28	217	274
405	12	10	12	9	216	210
406	146	668	44	96	310	250
407	1	8	7	14	247	278
410	0	1	1	0	345	192
411	57	12	3	0	263	221
412	163	543	45	147	228	299
415	22	4	24	0	342	208
416	0	4	5	6	287	211
420	6	3	2	6	201	200
423	0	2	4	0	273	221
425	36	106	43	214	203	278
426	6	12	2	0	293	293
427	7	20	2	3	293	221
428	41	37	6	9	221	293
437	1	0	16	14	296	262
439	2	60	56	40	266	280
440	95	59	105	40	262	218
441	28	13	99	132	288	291
442	25	23	17	21	269	270
443	27	23	22	18	278	270
444	51	30	20	61	180	276
445	97	83	68	70	247	278
446	31	142	26	70	239	312
448	0	6	1	37	193	254
449	0	6	1	37	201	254
450	1	20	0	8	176	310
451	2	20	0	8	176	310
452	0	21	1	8	176	310
453	0	4	2	3	188	176
454	27	4	1	3	234	176
455	44	2	8	2	318	176
460	11	25	6	11	238	222
461	76	68	59	53	287	264
464	44	45	13	9	245	272
465	7	0	11	1	312	214
467	16	62	20	57	199	297
468	1	4	0	10	225	266
472	173	117	166	359	266	272
473	4	131	100	21	264	295
476	180	3	158	14	471	274
477	2	2	24	17	302	212
478	23	475	1	48	252	324
479	53	179	11	27	227	298
483	2	13	8	33	197	227
485	2	2	0	10	231	212
486	5	323	7	149	191	345
487	44	42	32	26	261	213
488	62	141	47	64	478	290
489	8	141	12	64	213	290
490	60	141	25	65	213	290
491	171	150	101	63	297	248
492	153	181	76	34	310	269
494	297	212	93	55	328	273
495	84	346	27	113	247	328
496	9	162	27	42	252	247
498	6	341	0	120	203	234
499	3	2	192	14	235	235
501	0	12	2	8	157	224
504	5	3	10	3	251	244
505	19	36	3	6	228	293
506	7	3	5	12	236	265
512	0	10	2	31	376	222
513	17	0	77	3	289	539
514	0	12	5	9	333	552
515	0	14	5	14	333	590
516	0	30	5	74	333	1485
521	38	0	55	17	349	266
522	1	5	13	17	263	323
523	2	0	4	2	253	323
524	10	0	4	2	256	323
525	1	13	13	22	263	263
526	2	8	4	6	253	263
527	10	8	4	6	256	263
529	9	11	5	4	266	196
530	0	3	44	16	358	266
532	38	44	32	14	307	272
534	17	459	73	180	229	213
535	22	29	18	18	195	209
536	59	3	27	0	259	323
537	28	167	7	44	353	221
538	88	4	11	0	353	206
544	73	4	124	34	303	308
545	1	40	0	118	263	308
552	15	382	408	165	251	251
553	2	0	0	2	294	295
554	4	0	0	2	275	295
556	72	24	75	45	285	242
557	40	0	12	18	266	291
558	179	40	171	203	305	294
559	4	0	5	15	186	299
564	4	0	5	1	247	254
570	62	6	58	30	308	245
571	78	63	65	99	308	245
573	12	0	6	24	224	203
581	6	15	58	48	223	265
583	213	48	297	76	777	293
584	0	38	19	16	662	273
585	207	1799	52	375	272	313
586	1938	988	433	271	313	244
587	636	979	465	465	357	340
588	1	166	0	163	240	240
594	0	3	2	9	247	270
600	66	0	48	2	308	270
603	0	1	118	29	251	210
604	17	0	13	8	247	414
606	2	4	254	257	317	324
607	0	22	14	184	211	281
609	2	0	2	2	326	317
611	2	9	8	13	220	179
612	0	4	12	35	220	514
615	3	2	0	3	271	230
616	19	3	9	15	218	182
617	13	25	27	36	252	233
618	12	80	3	45	241	249
623	0	2	4	0	348	271
624	93	90	20	29	343	260
626	38	16	24	17	279	246
628	0	22	75	44	188	320
629	57	0	95	50	209	176
630	18	2	32	4	176	209
634	2	0	229	3	266	339
639	22	79	65	19	317	206
646	161	71	60	34	281	287
647	0	2	6	291	199	299
648	46	2	34	2	778	271
649	16	2	6	2	327	271
650	1	0	0	2	253	326
654	0	11	4	10	185	235
655	10	0	25	1	974	249
657	191	76	114	53	261	221
658	11	58	2	2	185	268
663	94	23	168	51	203	215
664	133	331	131	262	204	282
665	1	33	1	1	276	224
668	21	35	17	45	233	264
669	43	150	32	36	303	318
670	972	1151	462	529	218	232
671	32	598	6	345	251	218
673	35	29	7	10	245	216
675	49	49	63	212	222	333
676	2	2	0	2	285	312
678	698	196	81	17	399	219
679	783	680	91	70	482	399
680	7	933	5	113	228	482
681	219	243	81	78	242	256
682	507	171	147	48	309	191
683	205	552	85	135	230	295
684	10	14	5	4	272	277
685	399	89	123	39	321	212
686	2	228	2	639	208	244
687	28	6	12	0	577	254
688	6	6	21	0	426	254
689	0	6	5	0	297	254
690	28	2	12	0	577	254
691	27	2	12	0	552	254
692	6	2	16	0	426	254
695	27	2	50	0	230	254
696	6	28	21	12	426	577
697	0	28	5	12	297	577
698	6	28	16	12	426	577
701	27	28	50	12	230	577
702	6	27	16	12	426	552
705	27	27	50	12	230	552
706	27	6	50	16	230	426
709	42	37	16	16	252	292
710	1414	12	88	48	334	332
712	5	110	1	74	250	354
714	93	24	27	2	268	186
715	705	7070	202	1972	271	1555
717	48	6	40	5	202	206
718	21	52	0	3	232	308
719	128	2	2	0	211	237
720	13	3	14	0	294	264
723	23	38	7	18	205	246
724	49	28	35	7	299	247
725	0	109	1	20	249	278
726	87	110	19	21	249	278
727	124	78	36	14	307	249
728	80	11	37	2	219	238
729	47	81	10	44	219	282
730	61	68	23	108	221	218
731	187	103	75	61	267	211
732	11	10	20	18	307	266
733	4	0	22	10	1044	218
734	18	24	37	12	375	277
735	37	38	22	15	292	234
740	116	235	31	53	203	290
741	168	131	22	26	222	250
744	69	137	54	128	233	260
745	143	52	84	33	251	200
746	0	120	4	221	266	359
747	176	20	21	10	214	220
748	176	206	21	35	214	345
749	1	34	0	8	246	282
751	0	1	4	3	224	280
753	33	241	239	184	300	295
759	119	16	18	1	315	279
762	4	2	6	1	243	200
763	7	5	2	3	190	219
765	7	0	23	11	312	251
769	6	3	4	1	270	237
770	57	44	32	18	203	198
771	53	57	30	18	203	215
772	9	6	3	2	330	458
773	9	2	3	0	330	243
776	6	2	2	0	458	243
777	2	1	1	0	458	243
778	2	202	1	64	458	198
781	1	202	0	64	243	198
782	72	61	25	20	198	215
783	3	54	2	28	215	220
784	76	54	22	28	215	220
785	12	79	14	33	478	2204
789	8	19	2	7	176	194
790	8	0	139	53	324	225
791	2	2	1	4	263	251
792	4	54	1	148	193	321
793	25	54	10	148	279	321
794	15	54	3	141	279	321
797	8	25	7	9	205	237
798	20	25	14	9	219	237
801	677	781	49	52	795	423
802	75798	99374	75017	45490	799	420
803	7	158806	0	96465	253	799
804	25	54	15	30	238	276
807	66	107	143	243	266	341
808	32	48	85	100	225	250
810	154	65	88	36	264	190
811	469	88	152	27	305	224
812	481	39	151	19	305	224
813	125	144	51	92	224	309
817	141	0	29	49	230	275
818	4	31	0	3	189	204
819	4	56	2	10	189	204
820	21	14	37	17	290	217
821	10	4	1	2	254	221
823	2	2	4	11	200	244
824	120	233	274	97	290	206
825	145	100	31	44	320	359
827	90	0	8	2	216	191
830	67	1	11	0	216	185
832	230	24	148	27	347	218
833	0	25	1	46	233	529
836	29	52	0	4	207	242
837	160	2	19	0	242	188
838	44	12	3	14	248	284
842	230	720	198	166	234	209
843	186	80	158	133	257	302
847	80	53	20	15	233	233
848	70	141	44	33	341	233
854	39	24	12	12	220	205
855	133	54	18	8	322	266
858	3	16	2	7	273	215
859	0	2	12	9	254	344
861	826	284	272	205	311	236
863	1023	1251	579	445	305	328
864	154	133	142	65	323	216
866	7	250	7	63	273	307
867	5	280	10	74	220	238
868	104	184	36	40	238	240
869	260	330	65	60	240	272
870	260	206	65	42	240	213
871	260	205	65	41	240	237
872	280	205	72	41	272	237
873	224	259	21	88	237	239
874	1	570	0	185	247	225
876	0	30	2	439	229	395
877	178	1	83	5	262	197
881	2	3	5	0	288	247
882	2	3	5	3	288	271
883	1	0	2	3	260	268
884	21	0	12	1	237	212
885	7	0	26	1	317	212
886	7	21	26	12	317	237
888	99	182	353	120	279	182
893	13	32	0	3	207	281
899	145	7	12	0	361	176
903	30	5	9	4	198	191
904	21	10	7	0	281	232
905	266	50	102	17	363	221
906	534	341	180	125	733	495
907	54	547	18	192	267	733
908	112	234	14	35	220	350
909	3	105	0	22	219	228
910	209	167	93	86	287	311
911	37	164	4	83	287	311
912	91	161	72	66	230	287
913	82	876	9	130	236	239
914	16	6	32	5	251	283
915	219	6364	799	4260	245	333
916	155	134	60	91	253	315
918	124	71	53	31	297	240
923	57	1	35	2	243	289
925	99	431	38	165	418	311
926	207	838	71	358	311	456
927	17	6	23	14	343	343
928	15	45	9	10	197	261
948	1	79	155	279	201	282
949	38	1	14	4	248	213
951	5838	7403	373	485	255	240
952	6	8	7	12	224	206
956	24	18	10	4	224	188
957	154	132	0	1	342	440
958	256	132	1	1	388	440
960	17	0	51	14	232	199
964	304	41	123	28	229	229
965	189	84	46	6	308	307
967	9	1146	270	586	248	288
968	83	873	45	582	288	290
969	1157	660	596	362	290	239
972	106	124	44	24	343	313
976	77	86	124	75	341	224
984	157	59	109	104	237	238
985	1	59	0	104	182	238
986	269	205	348	134	315	243
1004	7	93	23	40	251	287
1006	32	44	11	35	275	277
1007	6	77	5	16	264	275
1008	706	52	238	19	1948	325
1009	0	307	3	180	226	240
1010	71	150	124	149	226	251
1041	6	103	37	118	268	297
1043	83	192	96	133	257	368
1045	2	16	11	29	233	555
1047	0	18	8	30	251	555
1051	63	36	48	40	231	232
1052	4	4	2	1	246	261
1056	59	257	8	63	212	803
1057	324	208	74	49	305	263
1058	123	184	280	283	293	342
1061	139	296	48	80	228	263
1062	44	373	15	96	248	248
1063	21	27	4	1	264	266
1065	105	290	269	975	282	332
1066	569	222	525	1197	241	378
1067	795	222	927	78	341	297
1068	795	290	927	975	341	332
1069	791	224	928	1196	341	378
1070	222	290	78	975	297	332
1072	685	517	28	8	283	245
1073	421	953	11	30	240	283
1074	768	555	14	23	257	240
1076	1	20	3	4	238	303
1077	6	15	5	4	289	303
1078	9	4	5	0	289	238
1080	0	1	4	5	227	215
1081	1	1	10	5	281	215
1083	2	1	15	15	316	335
1088	29	69	59	32	260	230
1089	31	70	59	35	260	259
1090	30	8	48	68	227	278
1091	0	289	2	1444	198	1901
1092	0	290	1	1443	198	1901
1094	2	162	3	61	158	257
1096	261	201	75	93	238	228
1097	237	179	100	79	242	236
1098	607	756	374	454	288	340
1099	671	375	432	414	289	288
1100	14	0	57	32	245	212
1101	0	1	473	2	347	245
1102	0	50	473	123	347	245
1103	63	9	162	63	249	240
1111	1	3	4	2	215	237
1112	11	0	7	2	215	266
1118	8	0	20	23	207	230
1119	32	23	16	16	233	219
1120	20	92	5	16	271	255
1121	1	76	0	23	232	232
1122	2	142	4	39	232	232
1123	4	10	2	2	232	342
1125	1	10	2	2	332	342
1128	1	4	2	2	332	232
1133	20	20	2	12	202	236
1139	159	265	65	70	255	238
1141	117	114	40	46	203	264
1142	115	6	40	0	203	264
1145	8	35	9	17	218	185
1146	29	244	21	83	195	334
1147	9	39	0	21	256	642
1149	2	102	4	34	225	286
1150	49	21	14	4	233	178
1153	40	57	22	24	196	221
1154	69	131	28	61	236	312
1155	67	32	27	14	236	312
1156	0	39	2	18	227	182
1157	53	350	88	119	191	206
1158	168	623	98	245	206	263
1159	678	484	237	179	263	230
1160	497	585	192	169	230	218
1161	1	10	2	1	328	248
1162	2	26	0	6	226	232
1165	104	64	66	46	341	368
1166	1	10	3	3	229	214
1170	861	1114	555	660	201	221
1174	76	213	38	73	233	283
1176	18	6	5	0	215	267
1181	15	4	5	0	267	262
1182	15	2	5	0	267	286
1183	15	13	5	24	267	219
1184	4	13	0	24	262	219
1185	2	13	0	24	286	219
1187	207	3025	1267	1090	547	305
1188	20	965	96	1308	289	286
1189	1	0	6	2	207	191
1198	175	181	43	66	282	349
1199	5	788	4	676	213	222
1201	6	142	1	94	253	333
1202	100	190	61	67	333	407
1204	12	10	1	0	248	230
1208	3	32	6	11	293	272
1209	3	0	8	1	189	192
1211	378981	218297	32563	19280	377	263
1212	201148	168498	17453	15774	263	275
1213	14	35	30	8	431	350
1216	1	13	0	9	188	254
1217	1	13	0	9	197	254
1218	195	1	60	0	226	166
1220	36	32	23	19	279	267
1221	50	33	25	9	267	228
1224	272	1231	2550	21250	3110	5411
1225	359	603	235	284	262	261
1229	94	326	29	176	294	832
1230	523	354	177	123	299	256
1232	2512	6605	180	292	294	291
1233	5891	6602	254	294	306	291
1234	18	0	80	21	274	213
1236	67	28	27	8	382	256
1237	126	26	58	23	279	225
1239	6	2	6	25	202	317
1240	2	0	7	2	261	202
1241	6	30	7	11	193	199
1242	967	792	2	3	276	234
1244	101	3	19	0	219	288
1245	117	34	31	7	269	274
1247	324	238	127	124	346	269
1248	21	69	9	68	294	442
1249	97	6	7	13	273	246
1251	39	73	23	50	329	358
1252	399	59	158	15	789	263
1253	0	1	21	2	242	328
1255	16	34	3	9	243	276
1256	35	25	19	6	276	213
1257	294	259	76	80	235	194
1258	498	472	107	105	224	235
1264	1	33	0	2	265	806
1265	3367	431	408	35	323	176
1266	57	27	13	10	337	930
1268	92	54	13	13	314	281
1276	0	2	127	104	263	203
1277	129	0	25	1	264	294
1278	6	3	0	1	260	205
1279	124	266	77	104	210	257
1280	197	132	69	103	211	252
1281	97	119	72	56	200	211
1282	73	96	89	34	203	200
1284	38	139	135	387	346	284
1285	137	139	434	387	331	284
1286	22	0	25	25	251	220
1288	38	232	13	42	248	371
1295	17	3	9	8	239	206
1297	16	12	21	12	314	272
1299	0	1	2	5	203	170
1300	16	3	2	7	247	296
1301	77	131	37	33	272	343
1302	79	9	17	0	221	276
1306	5	1	2	0	212	310
1310	11	2	13	11	233	295
1317	80	178	22	28	223	253
1318	34	4	7	0	205	228
1319	6	2	18	25	246	237
1320	6	4	10	15	265	333
1321	2	4	3	14	265	333
1322	8	4	26	14	246	333
1323	8	2	26	3	246	265
1328	2	3	4	5	252	183
1338	56	65	23	13	234	236
1339	4	809	4	153	194	266
1341	23	0	12	1	188	242
1342	0	2	1551	735	247	227
1343	6	0	929	817	227	227
1344	6	23	700	2009	227	1197
1345	6	3	700	1019	227	212
1346	0	4	841	938	227	202
1347	0	9	6	14	253	253
1351	440	626	72	112	262	298
1352	1354	331	316	60	827	246
1353	3	628	19	747	322	382
1355	2	14	0	4	233	332
1356	12	264	10	203	254	2283
1357	78	76	45	45	193	287
1358	83	144	49	74	193	287
1361	48	3539	30	965	173	170
1362	898	619	565	437	287	245
1363	669	1143	216	391	216	255
1365	2	17	2	0	242	272
1366	513	306	102	48	330	320
1367	2	0	4	16	227	254
1371	128	7	91	5	272	275
1372	185	149	108	88	275	293
1376	225	8	148	3	228	234
1377	225	519	148	556	228	230
1378	631	505	128	124	273	275
1380	6	0	6	3	339	296
1381	3	36	8	17	282	194
1383	1171	1565	493	466	287	266
1384	1295	2134	430	647	256	287
1385	1458	933	441	415	281	256
1387	10	41	19	71	237	710
1388	3	26	33	25	298	239
1389	7	81	664	1503	224	381
1390	7	6	664	6	224	176
1391	1452	85	311	121	200	188
1392	1452	163	311	225	200	203
1394	7	50	2	21	292	366
1395	26	50	2	21	273	366
1396	8	49	3	20	273	366
1397	26	7	2	2	273	292
1398	0	7	8	9	227	200
1399	0	12	8	12	227	288
1401	1	12	0	12	277	288
1403	937	910	303	471	269	319
1404	771	740	301	314	241	269
1405	239	169	130	129	288	230
1406	0	240	2	126	272	231
1407	86	29	1	3	224	183
1410	4	788	2	543	306	240
1411	4	239	2	124	306	196
1413	112	86	130	148	347	398
1414	1121	51	1156	109	1783	347
1415	0	2	1	2	194	182
1417	136	96	98	55	332	307
1418	4	1	6	0	351	265
1419	175	3	140	3	325	247
1420	102	2	92	2	325	247
1421	73	88	34	31	242	263
1422	1324	3642	46	243	237	369
1423	3953	2737	136	140	281	237
1424	46	185	22	271	291	224
1425	244	185	453	271	309	224
1431	100	171	39	53	246	321
1432	100	80	39	34	246	233
1433	98	51	39	6	246	321
1434	136	1118	51	379	321	1106
1435	3	1118	4	379	233	1106
1439	26	214	35	128	347	852
1441	6	5	5	20	214	2898
1447	198	1	89	5	246	203
1452	11	192	34	285	290	253
1453	185	471	142	458	217	271
1454	42	10	42	46	356	361
1457	1	0	2	2	206	409
1458	69	56	66	90	257	256
1459	106	79	200	96	344	257
1460	50	73	60	90	209	257
1461	81	54	119	135	296	282
1462	59	18	84	25	262	305
1463	42	0	66	3	262	247
1464	4	7	16	4	197	262
1465	466	771	48	173	251	350
1466	194	367	62	45	318	251
1468	0	53	16	502	615	241
1469	0	3	16	132	615	226
1470	2	0	282	122	302	223
1474	2	42	1	14	190	247
1475	159	133	100	64	343	311
1476	5	2	4	0	243	241
1480	4	4	3	4	247	273
1486	22	22	15	4	217	240
1487	19	39	13	18	217	284
1488	490	19	380	451	311	344
1489	262	137	367	289	276	311
1490	1	6	1	2	271	258
1491	38	60	8	14	280	268
1492	37	23	8	10	244	204
1493	2	24	1	1	222	244
1494	44	7	16	4	279	253
1500	0	7	4	5	461	401
1507	2	178	4	66	254	450
1508	51	178	17	66	257	450
1510	143	96	9	15	206	297
1511	246	29	48	2	216	407
1512	247	12	43	0	338	216
1513	52	179	9	54	270	466
1518	61	3	5	0	249	183
1519	92	16	13	5	246	183
1520	125	16	14	5	249	183
1521	56	2	15	0	216	249
1522	114	36	42	1	326	216
1523	80	29	24	14	264	610
1524	80	111	24	26	264	326
1527	3	52	19	103	249	1106
1530	129	107	23	34	249	378
1532	5	0	0	10	265	451
1536	286	0	129	169	224	287
1539	214	5	70	0	223	211
1540	140	66	46	25	294	203
1541	140	79	46	33	294	205
1542	46	76	9	27	294	205
1543	76	76	28	27	263	205
1544	76	46	28	9	263	294
1545	78	234	34	45	263	294
1546	211	105	74	35	390	263
1547	32	178	4	64	193	390
1558	148	0	29	2	280	320
1559	23	34	27	8	328	328
1566	0	113	2	62	245	271
1567	48	97	86	71	286	241
1568	48	102	86	73	286	245
1574	6	12	1	11	217	193
1575	18	12	10	11	286	193
1577	1267	1645	2991	201	352	284
1578	1267	114	2991	16	352	242
1579	36569	7912	9156	3637	674	352
1580	37	7	20	2	247	179
1581	28	74	14	19	288	225
1582	315	64	104	16	431	208
1583	258	133	64	81	232	308
1584	5	47	34	63	235	238
1587	203	179	30	32	239	242
1588	196	253	30	41	239	276
1589	205	262	28	41	242	276
1590	2	63	0	40	232	256
1591	2	144	0	94	232	282
1592	52	90	26	47	238	296
1620	9	116	2	48	195	209
1622	1	0	2	3	233	289
1623	1	0	0	3	366	289
1625	12	4	3	0	308	233
1626	29	66	5	14	199	242
1627	125	66	25	14	199	242
1629	26	64	5	14	199	242
1630	15	89	1	32	205	199
1631	1	69	0	5	233	289
1632	66	34	102	28	323	186
1633	126	340	57	209	267	365
1634	274	208	94	90	334	267
1635	95	204	31	91	715	267
1636	90	241	30	102	715	334
1639	56	0	24	2	296	254
1641	394	640	100	139	240	255
1642	584	464	150	131	255	243
1650	151	82	24	14	240	192
1654	50	203	27	36	247	259
1655	35	35	2	27	243	281
1661	133	577	49	260	192	312
1662	809	529	449	294	312	227
1664	90	93	39	27	244	282
1665	84	2	39	1	244	282
1666	116	79	34	28	282	236
1667	43	65	9	28	249	328
1668	37	13	23	3	280	200
1669	35	8	2	22	255	316
1670	5	192	0	30	287	202
1674	16	71	1	10	174	232
1675	10	6	10	4	208	228
1676	11	6	15	4	234	228
1678	9	12	6	16	203	311
1679	31	107	29	60	293	275
1680	366	135	49	21	279	224
1681	152	292	21	37	224	239
1682	82	71	45	36	260	254
1683	0	2	8	1	260	240
1684	31	76	17	36	200	236
1686	2	9	0	2	290	284
1687	2	5	0	1	290	364
1689	7934	766	247	33	227	227
1692	130	248	4	12	284	206
1693	374	138	373	289	267	203
1694	161	420	308	368	316	305
1695	18	270	38	146	295	399
1697	3	213	0	67	232	547
1699	202	203	132	82	243	250
1700	8	2	69	18	641	249
1701	17	180	28	63	199	220
1715	174	264	167	237	317	359
1716	284	150	38	8	297	221
1720	180	506	43	150	231	323
1726	108	1105	96	308	268	270
1727	108	149	96	28	268	289
1728	9	15	2	0	285	246
1729	352	107	65	46	256	289
1730	26	36	20	29	234	313
1735	2	1	0	8	239	220
1738	23	119	13	19	285	352
1739	21	19	7	10	276	314
1740	13	3904	110	2370	209	479
1741	13	1116	109	808	209	273
1747	958	234	392	100	828	311
1748	37	94	7	118	311	1343
1751	107	9	165	158	302	311
1752	7	17	31	166	311	299
1753	19	21	144	164	311	299
1755	223	8	64	0	255	278
1756	105	8	24	0	265	278
1757	103	126	37	33	255	291
1758	103	36	37	12	255	202
1759	428	126	42	11	308	226
1760	15	19	9	6	263	365
1761	23	10	7	5	347	263
1762	89	204	34	33	306	312
1763	45	6	25	38	194	219
1767	38	8	7	0	200	200
1768	46	10	13	0	200	212
1769	30	61	5	22	200	209
1770	6	21	1	2	200	212
1773	557	567	227	200	259	221
1774	23	567	3	200	284	221
1775	20	1	62	84	202	220
1777	37	40	13	16	271	281
1779	70	94	24	6	266	218
1781	0	81	104	351	214	254
1782	0	58	104	201	214	214
1783	8	7	265	294	254	244
1784	7	2	241	299	223	294
1786	0	8	65	204	441	371
1789	0	2	2	6	206	300
1790	57	162	82	94	189	182
1792	288	302	34	16	419	410
1793	6	133	20	37	257	324
1794	107	95	35	28	235	232
1795	14	40	63	107	235	236
1797	12	32	5	10	200	251
1798	16	117	11	29	245	341
1799	2	58	0	19	274	301
1800	571	334	223	625	254	491
1801	76	689	179	268	261	254
1802	3	9	2	0	242	203
1804	396	443	96	137	232	229
1805	121	82	109	50	391	218
1806	6	0	19	15	271	209
1811	13	8	25	4	260	256
1812	125	241	47	82	233	302
1813	120	47	34	7	271	197
1814	26	166	5	70	184	253
1815	258	140	71	125	287	343
1816	272	112	107	46	310	208
1817	134	3054	41	962	208	1544
1818	276	796	80	317	277	712
1821	17	25	13	42	258	335
1822	65	215	211	152	224	227
1826	0	1	9	12	260	248
1827	6	17	14	53	198	227
1828	0	8	34	28	256	236
1829	22	25	13	33	271	295
1830	36106	3001	454	220	423	300
1831	197	192	6	0	250	289
1835	4	9	2	4	300	279
1836	0	31	5	5	204	252
1839	62	198	66	187	245	314
1840	615	88	267	56	394	192
1841	0	88	1	56	188	192
1842	171	40	82	9	254	195
1843	354	311	143	167	304	272
1844	0	24	4	11	197	323
1846	199	708	193	927	194	191
1847	177	455	191	466	194	188
1848	2	356	1	342	188	185
1849	0	356	1	342	188	185
1850	312	386	428	453	185	213
1851	23	16	1	5	355	429
1852	23	5	1	3	355	305
1856	5	1	2	0	470	422
1857	5	1	2	0	470	422
1860	58	41	41	69	194	229
1861	32	7	49	138	241	328
1865	0	2	1	2	229	188
1870	1825	209	39	1	905	232
1871	236	177	2	4	252	220
1873	0	12	10	9	214	257
1874	4	1	30	6	301	226
1875	8	3	12	5	221	323
1881	491	45	37	6	272	269
1882	491	3707	37	374	272	2972
1883	45	3707	6	374	269	2972
1884	25	10	67	6	237	251
1886	152	1372	11	381	280	258
1887	1244	1259	238	341	258	290
1888	1959	1296	549	384	290	245
1889	347	428	97	103	188	206
1897	2	7	0	1	237	252
1899	170	702	32	33	259	309
1900	0	45	39	120	273	311
1903	8	7	33	17	266	204
1904	8	3	33	42	266	259
1905	8	9	33	73	266	317
1911	0	6	1	0	287	293
1914	10	8	49	19	266	251
1915	16	4	2	1	335	262
1916	0	38	3	68	221	221
1923	5	332	128	215	251	237
1936	5	4	2	1	359	352
1937	38	60	10	15	232	246
1938	8	36	9	9	178	232
2023	331	448	46	29	292	349
2024	19	1611	12	839	258	1257
2025	536	356	128	119	290	293
2026	542	33	129	19	290	293
2027	428	448	140	98	293	315
2028	727	75	200	33	512	256
2029	287	6	74	9	273	185
2030	113	79	36	33	361	256
2032	67	22	14	3	307	223
2033	105	608	20	124	209	267
2035	74	73	41	25	234	215
2036	55	72	10	24	192	215
2037	58	45	18	19	197	218
2038	5	2	3	0	314	314
2040	24	66	6	20	225	226
2041	1880	978	215	124	345	245
2042	135	1	123	0	271	319
2044	1	5	5	18	198	191
2045	694	1764	539	599	315	246
2048	0	8	26	8	272	199
2050	35	7894	27	2190	341	380
2051	0	9	11	15	191	223
2053	15	219	8	90	210	267
2054	3	128	3	54	210	267
2055	85	128	15	54	223	267
2056	12	10	0	8	273	262
2057	85	3	15	3	223	210
2058	12	29	0	25	273	210
2059	176	7	43	9	223	210
2062	63	26	24	31	242	251
2063	102	1086	273	580	244	263
2066	800	829	95	125	344	345
2068	48	31	17	28	293	283
2069	2	28	5	16	256	251
2070	0	28	3	16	358	251
2072	0	21	9	3	235	269
2074	0	190	1	57	190	253
2077	201	8	6	0	322	245
2078	118	187	8	1	258	299
2080	107	49	2	6	258	258
2082	32	2	210	1	291	197
2083	8	4	41	24	209	215
2086	1	7	0	5	239	229
2087	0	5	2	8	265	235
2094	78	42	28	8	201	199
2095	271	15	151	3	331	232
2097	75	152	47	99	272	341
2098	4	0	7	29	291	401
2099	3	11	13	4	233	291
2102	33	0	207	289	262	335
2103	1	0	32	2	300	294
2104	22	43	29	30	352	308
2105	3	43	4	30	262	308
2106	115	59	31	13	267	233
2107	19	199	16	63	175	239
2108	174	401	48	126	239	238
2110	7	1	2	2	381	397
2111	4	3	0	1	204	245
2114	7	3	4	2	245	344
2117	0	2	2	0	270	225
2119	10	2	9	2	322	322
2120	49	19	30	10	373	303
2128	1	2	2	5	243	330
2129	1	2	4	4	261	330
2130	0	2	2	5	261	330
2131	1	2	4	6	261	371
2132	0	2	2	6	261	371
2133	1	2	2	6	243	371
2134	1	0	2	2	243	261
2136	2	0	4	3	243	344
2137	2	1	0	2	304	243
2139	13	56	9	22	207	270
2140	19	2	27	0	254	221
2141	19	73	26	99	254	255
2146	467	694	74	239	233	335
2147	804	871	151	195	294	292
2148	4	0	13	1	1021	329
2149	0	7	1	14	367	433
2150	0	62	3	38	359	359
2151	7	15	4	17	222	222
2168	66	859	13	320	303	821
2171	5	0	5	2	249	211
2172	101	88	86	35	334	287
2173	86	40	27	27	287	267
2174	60	69	27	37	267	309
2175	0	5	4	26	236	234
2176	4	66	28	66	234	280
2177	0	20	4	35	208	243
2179	62	26	32	22	311	233
2180	67	41	32	25	296	302
2182	4	49	0	4	204	260
2185	15	42	0	9	241	215
2193	151	109	71	97	307	279
2194	136	43	114	146	279	351
2195	46	5	4	1	223	223
2196	1	0	0	268	185	378
2199	2	16	12	34	234	296
2200	0	2	1	0	225	296
2202	2	0	12	2	419	212
2203	1111	1282	346	276	285	302
2204	227	522	61	144	245	245
2205	0	4	99	534	211	308
2206	0	14	17	24	325	321
2210	0	117	95	564	277	239
2211	14	32	0	1	389	380
2212	11	18	5	3	294	220
2214	54	1	3	0	161	225
2215	330	17	83	16	227	344
2216	183	361	44	74	216	290
2217	260	333	46	85	250	281
2218	268	429	102	95	281	299
2219	191	214	64	41	245	222
2224	48	55	24	20	258	227
2225	48	90	24	34	258	270
2226	51	114	45	32	263	221
2227	99	69	50	26	238	228
2228	99	9	50	0	238	228
2229	49	148	24	49	228	287
2251	130	4	47	0	204	240
2254	8	141	0	6	207	373
2256	124	2	23	7	216	291
2257	8	14	3	1	263	312
2258	10	1	3	1	239	281
2261	497	292	671	513	351	345
2263	43	83	16	24	282	293
2264	64	83	28	23	268	293
2265	70	490	46	94	275	344
2267	23	20	0	10	235	304
2269	215	161	102	102	256	218
2272	4	0	1	1	668	486
2275	194	104	309	249	311	240
2276	75	109	226	278	383	237
2277	20	108	4	94	326	256
2279	8	389	4	185	271	835
2280	88	117	50	39	255	299
2281	483	3887	897	999	275	314
2282	3370	110	3036	687	604	275
2286	37702	19812	1490	1067	344	326
2287	26739	3294	1211	223	326	326
2290	86	23	33	11	409	290
2291	1353	7219	322	808	349	505
2293	315	453	2879	5909	227	302
2294	533	295	5962	4907	302	271
2297	8	26	23	46	216	251
2298	42	23	66	39	257	212
2299	42	7	63	0	257	212
2300	20	47	51	57	212	302
2303	94	4	51	2	273	227
2304	61	60	46	22	320	273
2305	159	260	62	115	293	376
2307	8	71	18	96	209	376
2308	34	17	36	19	452	209
2311	1	49	9	55	191	337
2312	18	49	16	55	196	337
2313	1	76	9	83	191	452
2314	18	76	16	83	196	452
2316	159	273	33	63	261	301
2317	151	96	31	17	261	238
2318	11	79	3	9	238	265
2319	1	305	36	697	253	257
2320	1	0	13	6	280	216
2321	153	119	19	27	355	323
2322	155	96	110	32	280	321
2323	4	23	70	95	278	318
2324	2	8	1	2	323	302
2326	30	26	8	6	314	305
2329	9531	33	6943	9	333	238
2330	9531	959	6947	2690	333	238
2331	1675	5540	3789	5630	257	333
2333	1	3	11	0	295	238
2335	107	200	46	124	233	207
2336	18	174	66	170	192	248
2338	62	184	4	10	213	305
2339	6	2	0	2	224	245
2343	227	4	136	0	315	243
2344	187	379	55	85	242	280
2345	290	117	110	36	280	209
2349	5	13	2	6	243	388
2350	101	25	103	217	233	262
2351	98	47	17	10	272	315
2354	2	3	2	0	235	298
2357	70	14	15	2	314	264
2359	49	14	12	2	327	264
2360	49	70	12	15	327	314
2365	85	19	46	46	264	229
2367	57	10	28	23	263	245
2371	35	14	18	2	200	286
2373	8	90	3	69	284	284
2375	15	1269	80	150	207	221
2376	549	3341	136	397	221	281
2377	494	212	132	7	221	281
2378	1989	2642	282	205	281	214
2379	2872	3096	520	799	252	279
2382	0	169	2	154	565	237
2383	46	1	70	8	237	203
2384	96	8	31	47	203	273
2386	0	94	2	53	242	254
2398	124	237	188	171	244	276
2400	203	383	197	91	236	298
2403	33	91	34	38	225	251
2405	0	1	2	11	197	239
2412	64	20	21	23	283	317
2413	61	257	37	102	243	512
2414	171	52	74	13	314	218
2415	1	6	0	5	276	362
2416	4	6	0	5	279	362
2417	251	73	87	24	362	254
2418	35	50	25	19	206	212
2420	64	47	15	27	326	278
2421	46	63	9	37	278	251
2422	13	44	12	5	240	280
2423	118	1	33	36	224	232
2424	67	52	15	32	211	257
2425	242	182	60	42	340	338
2426	2	4	0	30	233	191
2427	94	98	62	63	253	225
2428	6	0	38	5	301	323
2430	262	304	35	34	213	245
2431	185	2	29	0	224	265
2433	518	237	353	349	239	290
2437	111	162	41	91	247	294
2438	226	122	97	35	294	254
2439	29	23	13	25	242	289
2440	60	24	17	7	300	242
2441	22	9	10	3	228	247
2442	24	60	11	26	228	304
2443	4	0	3	1	265	228
2444	8	1	6	1	265	228
2445	8	33	2	19	265	228
2447	12	3	6	2	350	170
2449	11	11	66	48	257	215
2450	0	4	5	5	232	312
2451	36	32	45	47	298	266
2452	36	8	45	6	298	412
2453	9	20	47	81	266	385
2454	90	552	64	276	194	263
2455	400	379	166	127	248	245
2459	3	161	63	160	262	256
2460	60	65	34	79	181	231
2461	134	215	91	229	231	312
2462	158	416	154	295	312	305
2463	46	416	41	295	305	305
2469	2	3	0	1	240	272
2470	56	101	12	9	303	317
2475	17	1	10	0	217	239
2480	101	230	212	154	251	209
2482	109	200	61	143	179	200
2483	260	95	174	93	200	188
2484	0	4	10	17	308	325
2485	9	233	4	110	241	295
2486	183	2	104	0	271	241
2487	259	20	30	15	188	227
2491	145	47	70	51	239	320
2499	4	60	17	21	267	196
2500	60	45	3	2	279	297
2501	92	177	30	33	298	278
2502	105	136	19	24	251	298
2503	0	163	2	43	274	246
2504	4	0	2	1	274	194
2506	0	1	2	343	186	499
2508	37	75	6	21	239	293
2509	113	82	15	10	281	239
2510	74	52	7	18	264	281
2511	39	74	8	16	210	264
2512	5	47	91	145	215	254
2521	3848	2997	405	390	290	246
2522	4558	4283	551	490	296	290
2523	2838	4048	402	440	251	296
2524	83	4037	11	440	251	296
2525	5739	3325	609	405	332	251
2526	4840	3946	623	417	270	304
2527	4895	5908	625	678	270	316
2528	12152	3738	1290	427	455	270
2529	1549	12719	249	1347	228	455
2530	4	11	0	6	193	341
2531	51	26	31	26	227	259
2532	58	19	27	22	262	227
2533	0	2	4	0	384	260
2534	1	22	0	14	221	258
2535	17	22	21	14	227	258
2536	37	1	22	0	262	227
2537	40	9	24	5	262	227
2538	39	18	28	25	291	262
2539	19	51	37	32	280	291
2540	0	51	12	34	202	291
2541	37	10	534	155	230	191
2542	9	5	1	1	239	209
2545	1728	1338	1093	766	409	274
2546	97	1709	10	769	212	1705
2548	36	11	15	8	228	271
2549	19	0	36	4	525	220
2551	19	0	36	2	525	247
2552	21	0	36	1	525	220
2554	21	0	36	2	525	247
2555	21	15	36	21	525	271
2556	21	11	36	7	525	247
2558	19	6	36	14	525	271
2559	19	0	36	1	525	226
2562	0	15	1	21	220	271
2563	0	11	1	7	220	247
2564	2	11	1	8	220	271
2572	0	15	2	21	247	271
2573	0	11	2	7	247	247
2574	4	0	13	2	271	226
2575	6	0	14	1	271	226
2576	69	279	53	107	290	284
2577	26	58	5	26	283	334
2578	65	176	56	146	244	282
2579	95	106	83	117	230	244
2580	76	594	10	230	215	464
2581	575	76	235	11	464	197
2582	101	143	153	109	321	244
2584	20	6	11	8	319	263
2589	4	0	3	11	242	308
2590	0	2	2	0	304	360
2592	119	137	109	101	246	260
2593	62	42	40	15	222	241
2595	0	15	1	16	197	317
2596	332	490	4	2	252	278
2597	831	20	251	14	223	242
2598	834	11	246	7	223	242
2599	90	0	260	4	305	236
2600	19	43	6	7	282	270
2609	195	3	106	0	267	251
2612	12	19	11	31	293	263
2614	84	20	26	36	247	245
2615	8	7	1	5	347	403
2617	8	8	1	6	347	415
2622	7	2	1	2	321	318
2623	51	46	37	3	182	268
2624	10	0	11	2	302	205
2625	1044	663	158	138	365	314
2626	1214	771	139	155	334	365
2627	488	481	107	59	232	237
2628	242	400	120	63	260	232
2637	20	120	22	10	241	271
2638	105	1	25	1	255	194
2641	4	0	8	16	210	252
2643	82	245	4	29	225	311
2649	382	153	50	16	308	218
2650	4	1	0	3	331	255
2655	264	9	150	8	294	294
2656	242	9	105	8	1789	294
2659	3	355	1	337	239	1364
2660	15	6	4	5	273	243
2661	72	6	8	5	267	243
2662	72	15	8	4	267	273
2664	6	51	0	14	230	278
2678	12	8	26	35	230	281
2679	2	32	43	33	317	230
2682	23	2	86	1	317	217
2683	23	2	59	1	303	217
2684	23	80	37	107	269	719
2685	12	17	1	22	284	269
2686	3	0	15	1	337	310
2688	78	23	34	62	243	303
2689	48	87	26	61	213	314
2690	77	85	82	61	314	242
2692	5	10	3	1	477	195
2695	607	460	84	66	339	318
2698	99	86	38	21	234	250
2699	2	34	0	23	268	471
2700	6	15	12	3	295	263
2701	8	6	4	2	374	261
2702	4	12	1	3	261	263
2703	39	167	5	34	293	816
2705	104	0	29	2	187	274
2706	8	114	5	24	187	238
2707	0	5	1	0	274	207
2708	64	50	17	13	238	319
2715	155	106	44	30	270	261
2716	19	44	40	44	251	247
2718	18	18	17	11	200	213
2719	158	198	56	70	299	298
2720	109	0	165	14	222	228
2721	102	276	73	132	269	359
2722	85	63	4	10	230	224
2723	150	105	90	56	224	205
2727	0	6	4	3	169	531
2728	0	2	4	1	169	224
2729	294	613	88	218	247	302
2733	294	296	87	96	247	217
2734	3	2	7	0	221	249
2735	6	1	5	3	289	238
2738	22	0	15	8	263	182
2744	129	45	72	58	320	260
2745	132	385	46	134	287	410
2746	29	59	8	19	181	246
2747	12	61	3	19	184	246
2748	14	45	1	2	184	181
2749	21	17	26	17	234	212
2750	0	8	15	73	269	325
2754	2	11	4	6	169	203
2755	44	63	8	8	200	204
2756	50	86	0	8	216	237
2757	34	86	6	8	194	237
2758	98	78	11	12	235	216
2759	4	72	0	10	194	216
2760	6	81	0	7	191	235
2761	42	81	6	7	194	235
2762	4	77	0	7	191	235
2763	5	77	2	7	194	235
2765	0	103	23	69	205	283
2766	74	45	35	27	283	216
2769	193	122	64	65	279	218
2770	17	40	7	7	283	218
2771	43	8	2	4	358	220
2774	0	42	11	41	265	236
2775	22	6	65	3	270	254
2777	6	8	145	66	340	230
2779	4	3	6	1	317	256
2780	9	4	1	0	256	195
2784	8218	25	270	3	277	316
2785	39	277	0	9	244	318
2810	31	153	44	63	299	357
2812	67	146	35	61	321	357
2813	40	34	49	6	314	209
2814	99	76	23	20	242	237
2815	1	45	1	18	205	227
2816	73	53	22	32	227	268
2817	192	201	89	151	335	347
2819	4	9	0	14	233	236
2820	9	5	2	0	198	296
2821	623	7676	309	335	297	339
2822	35	33	27	18	251	294
2825	25	85	49	124	241	309
2826	52	390	29	83	248	221
2827	17	8	4	18	332	332
2828	47	65	21	28	287	378
2830	13	100	18	8	916	299
2831	25	100	30	8	378	299
2832	3	98	12	8	378	299
2833	0	4	16	353	275	275
2834	178	39	446	47	225	225
2835	287	129	120	67	302	252
2836	23	97	8	110	340	226
2837	0	40	1	15	220	257
2838	2	155	133	295	242	191
2839	0	29	1	6	299	381
2847	6559	4886	946	797	260	264
2848	6446	5810	1076	896	264	263
2849	6446	4920	1075	701	264	245
2850	4832	4919	820	702	263	245
2851	4461	11525	696	1841	245	416
2853	16	16	5	13	253	296
2854	234	98	211	130	231	205
2855	309	99	269	132	241	205
2859	4	227	0	64	212	250
2860	99	67	52	9	250	192
2861	67	214	29	69	215	362
2871	501	9	504	11	199	253
2874	248	149	73	55	287	280
2882	168	153	35	57	226	212
2884	19	92	8	10	243	285
2885	108	25	15	4	285	256
2887	8	22	4	19	186	258
2888	18	23	4	15	241	258
2893	27	27	6	8	275	265
2894	61	50	11	23	271	354
2895	235	26	36	5	347	271
2898	1	395	127	241	187	232
2899	581	1766	787	959	255	244
2901	77	52	19	25	268	280
2902	22	5	1	2	234	320
2904	16	38	23	20	234	329
2905	13	10	2	2	194	287
2906	2	0	7	18	432	325
2907	0	2	15	8	325	388
2908	0	80	78	343	424	269
2910	29	59	25	60	235	231
2911	82	11	79	30	231	185
2916	26	37	2	7	323	318
2917	8	32	4	6	233	274
2920	11	0	6	9	242	244
2921	2	0	1	3	323	322
2922	1	0	10	9	264	194
2923	74	57	102	77	347	288
2924	0	4	2	72	242	218
2925	40	68	38	56	323	293
2926	416	24	124	12	257	203
2927	198	12	114	2	260	257
2932	110	87	27	42	317	326
2933	172	254	264	176	263	263
2934	778	365	139	64	308	264
2935	84	224	401	364	348	337
2941	0	2	5	45	306	230
2942	0	2	5	106	306	265
2943	0	2	5	52	306	310
2944	76	146	27	32	338	317
2945	2	0	7	1	311	380
2949	7	0	8	2	389	189
2950	37	5	65	39	371	344
2952	289	552	8	2	238	298
2954	31	83	17	24	289	287
2957	3	4	12	8	246	570
2961	13	63	17	44	183	217
2962	80	83	37	52	260	268
2963	333	159	78	30	296	245
2964	332	147	75	28	308	245
2965	343	304	77	61	308	296
2966	229	294	46	61	290	296
2967	238	382	46	84	290	308
2968	74	261	8	61	284	290
2969	51	249	2	62	182	284
2972	2	11	25	32	341	295
2974	54	31	7	2	294	243
2976	101	123	38	35	223	279
2988	6786	2573	669	245	390	278
2989	7296	6388	478	597	347	390
2994	1	48	1	0	245	302
2995	114	34	33	0	197	302
2996	78	21	12	11	223	197
2997	70	12	10	0	223	197
2998	29	123	4	21	188	223
3003	153	404	30	101	236	342
3007	16	15	12	9	268	228
3008	2	2	6	9	220	326
3009	2	3	11	6	326	309
3010	1	3	9	5	309	364
3014	18	5	6	0	210	241
3015	48	17	72	41	433	257
3016	5	160	2	77	372	333
3017	5	1237	0	284	219	219
3018	358	566	98	111	219	247
3021	2	0	1	3	234	322
3022	1	3	4	2	278	234
3025	0	7	2	3	184	315
3026	1	34	9	17	238	219
3028	4	7	0	1	226	215
3032	2	306	4	168	216	312
3044	13	1	12	5	242	291
3045	4	3	3	0	383	279
3046	2	3	3	0	349	279
3051	628	519	360	321	299	269
3054	2202	2339	828	816	326	299
3055	8	39	6	89	245	321
3056	99	27	37	24	299	216
3057	114	172	60	71	341	278
3058	117	102	1	1	273	268
3059	6	40	3	11	248	306
3060	38	40	10	11	273	306
3061	36	83	8	92	224	308
3062	36	75	8	32	224	209
3063	83	75	92	32	308	209
3064	67	61	13	14	276	265
3065	2	86	0	24	220	347
3066	2	10	3	2	198	195
3067	10	12	8	4	227	231
3070	2	0	0	3	321	270
3075	0	2	2	0	302	321
3080	29	15	8	7	236	243
3094	962198	7735	370932	5182	7721	264
3095	53	66	27	34	291	288
3096	20	73	14	34	255	291
3097	150	125	70	24	292	226
3098	173	19	60	9	258	248
3100	0	90	6	22	204	288
3101	16	28	9	15	192	268
3102	3	52	2	6	230	237
3103	641	125	130	17	412	198
3110	38	7	8	5	254	164
3112	1283	148	482	81	567	327
3113	12	111	7	10099	230	342
3114	43	111	148	10099	215	342
3116	34	122	12	37	245	337
3117	687	228	172	79	321	227
3118	265	425	65	94	227	263
3119	5	1	10	6	284	308
3120	6	3	12	10	299	284
3121	80	4	25	4	348	179
3124	244	249	204	112	305	293
3125	213	491	51	121	248	326
3127	44	247	31	229	209	301
3128	220	73	115	49	263	209
3129	207	144	134	79	242	263
3131	27	2	27	36	303	281
3132	1	28	0	32	239	281
3133	30	28	15	32	241	281
3134	30	1	15	0	241	239
3136	92	4981	685	1370	294	278
3137	19	4981	94	1370	289	278
3139	39	36	14	11	241	232
3143	1508	1678	794	755	359	342
3144	269	183	79	55	305	312
3145	107	230	44	32	219	275
3146	40	4627	5	962	203	6130
3150	0	22	1	17	272	254
3178	7506	37342	336	1269	237	381
3179	7845	20950	670	535	291	237
3180	4031	150	168	10	289	177
3181	748	370	88	59	436	272
3182	450	1407	48	198	272	583
3183	19	12	34	48	234	256
3184	16	21	41	49	270	234
3185	6	27	25	45	218	270
3186	4	11	39	7	416	224
3187	120	231	31	36	339	337
3188	102	8	46	2	364	233
3189	42	34	22	16	322	231
3190	74	44	10	22	290	322
3191	241	109	101	55	309	251
3192	0	20	48	238	560	211
3194	124	101	45	56	290	293
3195	94	550	40	252	297	784
3210	100	60	44	27	314	230
3212	1	273	0	66	184	224
3213	155	240	51	59	230	264
3214	155	13	51	4	230	260
3215	279	347	76	143	234	306
3216	19	344	11	141	234	306
3217	203	207	107	72	237	234
3218	75	245	34	62	193	237
3219	24	6	57	49	413	425
3221	233	94	223	58	637	265
3222	175	321	149	188	215	203
3223	88	3	51	28	222	304
3224	72	82	147	141	272	251
3225	115	115	126	158	239	267
3229	43	5	9	3	362	196
3230	9	3	18	0	356	196
3232	282	17	62	17	281	186
3233	283	456	62	77	281	252
3234	102	114	35	32	186	228
3235	72	457	35	77	186	252
3236	72	496	33	80	228	252
3237	434	346	87	82	260	252
3238	529	123	137	82	252	252
3239	133	18	76	69	248	290
3240	42	154	11	447	235	337
3241	169	354	156	268	202	235
3242	785	2518	813	1853	207	236
3243	4	8	2	22	309	470
3244	6	102	210	214	262	277
3245	18	102	268	214	299	277
3246	207	376	192	282	224	268
3247	2577	37	1158	18	721	263
3252	394	19	158	1	268	306
3253	224	21	92	1	283	306
3254	12	327	105	88	337	254
3255	608	387	93	42	247	214
3258	202	0	75	1	233	207
3259	484	569	376	247	276	248
3262	2	126	19	132	271	501
3263	2	10	19	2	271	349
3264	2	6	19	0	271	195
3265	110	6	121	0	501	195
3266	126	10	132	2	501	349
3267	126	6	132	0	501	195
3268	120	6	131	2	501	195
3269	0	2	6	10	239	329
3270	16	5	9	2	189	233
3271	369	341	107	75	295	282
3272	2	2	27	2	283	432
3273	14	2	53	8	403	254
3274	6	2	6	9	283	254
3275	0	12	57	8	402	248
3276	0	4	30	6	279	312
3277	13	172	6	1	264	226
3278	69	120	1	7	226	215
3279	214	980	53	184	290	648
3280	106	237	99	122	355	252
3281	442	9	265	9	423	252
3282	442	225	265	150	423	270
3283	442	284	264	185	423	347
3284	9	225	9	150	252	270
3287	92	213	121	147	241	221
3288	471	317	238	193	261	257
3289	291	262	356	390	277	300
3290	203	50	320	22	294	277
3291	203	464	320	356	294	277
3292	295	954	82	203	245	423
3294	624	779	241	310	278	279
3295	514	656	286	303	295	278
3296	322	608	193	284	241	257
3298	24	2	38	0	293	275
3305	0	2	3	3	251	240
3306	0	10	1	2	248	221
3307	339	1	175	0	333	273
3314	12	1	19	20	335	230
3315	196	19	96	52	218	206
3318	48	41	13	12	399	255
3319	70	42	18	8	399	255
3320	69	8	55	0	285	219
3321	19	30	32	21	238	244
3324	4	14	0	9	239	279
3329	111	29	15	3	298	196
3330	115	4	16	1	298	196
3331	33	31	7	15	196	234
3332	1537	1031	705	792	258	268
3334	163	0	61	149	284	579
3335	35	290	64	94	230	260
3339	64	53	12	9	237	238
3340	57	30	37	12	265	212
3341	58	13	35	6	265	281
3342	16	14	1	4	247	316
3343	13	9	21	15	237	440
3344	10	17	2	3	226	321
3348	47	22	4	13	258	326
3351	108	111	55	18	343	288
3352	1	195	0	69	271	288
3353	5	12	2	4	305	312
3354	13	13	0	8	222	312
3355	0	4	5	6	210	245
3356	0	23	4	18	245	339
3357	2	18	10	4	260	264
3359	10	9	14	16	497	431
3360	20	32	8	14	262	311
3362	17	5	52	19	316	215
3363	10	16	24	21	269	296
3364	3	3	2	1	310	209
3366	165	120	48	37	194	191
3370	415	5	153	2	454	184
3371	205	433	137	166	363	454
3372	2	69	0	30	265	332
3376	2	1	2	0	400	207
3377	2	0	2	2	400	256
3378	1	0	0	2	207	256
3379	8	0	9	3	367	243
3380	0	141	6	146	222	324
3382	416	635	81	177	203	362
3383	545	108	206	36	362	198
3384	68	490	26	112	198	311
3385	416	319	120	88	311	271
3386	2	0	0	2	341	232
3387	56	49	54	32	349	240
3388	1	3	1	1	246	238
3389	58	44	13	15	210	212
3390	221	126	91	79	243	204
3391	227	214	125	90	277	252
3392	118	75	60	38	218	209
3393	6	71	19	26	209	218
3394	93	101	33	19	347	344
3395	15	28	65	131	266	296
3396	10	52	53	72	269	257
3400	38	3	13	11	316	186
3401	55	1	20	0	316	258
3402	0	2	53	62	242	242
3403	2	5	0	11	242	242
3404	1	5	78	13	242	242
3405	2	1	4	5	242	242
3406	0	1	52	6	242	242
3408	5	5	167	155	254	254
3411	91	112	33	62	279	305
3419	86	0	148	4	323	227
3423	1	9	0	2	191	235
3424	618	500	168	125	342	317
3425	12	22	14	32	233	355
3427	29	123	7	62	245	230
3428	16	123	8	62	298	230
3442	60	29	19	8	284	309
3443	84	118	16	20	260	316
3444	47	64	2	0	241	241
3445	0	144	1	2	278	268
3448	70	70	11	15	192	228
3449	43	2	27	1	320	239
3450	3	202	31	64	224	253
3454	71	115	31	38	225	270
3458	2	164	4	66	221	221
3460	1	20	6	24	217	222
3461	367	389	8	3	275	275
3462	22	3	5	4	438	227
3467	14	34	14	23	214	288
3474	290	667	86	97	309	476
3475	376	728	73	121	302	383
3476	17	35	14	19	316	218
3477	0	1478	3	859	222	272
3478	4836	5176	1309	970	290	230
3479	4836	5249	1309	993	290	233
3482	28	25	4	22	248	220
3484	122	26	31	11	297	302
3486	1	130	4	45	208	217
3490	4	223	6	8	345	235
3491	44	44	0	4	308	267
3492	88	238	3	8	265	282
3493	16	19	0	8	238	272
3494	108	386	21	19	236	236
3496	6	2	4	23	250	345
3497	5	1	2	0	292	380
3498	5	30	2	5	292	300
3499	1	30	0	5	380	300
3500	18	259	25	56	210	258
3501	3	12	4	11	231	190
3502	5	12	18	11	255	190
3503	3	139	4	48	231	243
3504	5	139	18	48	255	243
3506	353	2661	193	435	239	293
3507	2296	1137	346	250	1137	239
3508	1522	2977	317	574	248	338
3509	2	4	2	51	248	367
3510	0	418	2	137	267	204
3511	137	69	92	50	480	255
3512	116	69	80	50	454	255
3513	12	95	9	54	194	214
3514	58	30	9	6	254	195
3515	24	91	4	10	299	254
3516	386	364	112	86	242	224
3517	266	381	129	252	227	341
3520	1	22	0	5	268	270
3521	1	36	0	10	268	377
3524	1	38	0	8	208	270
3526	22	36	5	10	270	377
3527	30	11	16	9	234	339
3528	347	480	219	342	273	289
3529	7	55	2	14	209	231
3530	91	48	25	16	227	257
3531	404	14428	113	2697	243	352
3532	7398	6324	1297	1144	254	260
3533	5830	6270	908	1017	251	254
3534	4379	6763	1185	1103	258	251
3535	2616	6960	645	1165	225	258
3536	7367	7398	8318	7799	259	268
3537	9760	7398	11300	7800	326	268
3538	2322	3712	4880	4560	257	239
3543	43	18	56	53	349	272
3546	31	15	77	73	203	200
3547	12	4	30	89	214	203
3548	42	152	8	53	282	381
3555	0	2	5	191	261	214
3556	0	2	2	191	247	214
3564	1693	807	3387	5488	233	248
3565	2044	1530	5527	4164	278	233
3566	4350	2302	6878	5937	302	278
3567	7	242	11	1530	274	257
3568	36	242	44	1530	185	257
3569	10	19	1	3	194	218
3570	1047	5570	35	140	174	263
3571	7007	5221	175	137	263	278
3572	2	33	516	4625	293	1127
3574	591	425	134	127	297	332
3575	352	4	311	0	276	226
3576	180	4	150	0	299	226
3577	5022	8546	1898	2881	349	502
3581	0	1	2	40	240	252
3582	4	8	4	80	240	252
3585	1	0	0	1	298	186
3591	2	4	2	2	452	319
3593	1094	8233	6	33	326	332
3595	2	93	0	73	248	179
3596	56	58	34	34	215	217
3597	50	119	27	42	217	220
3598	80	66	56	32	220	207
3599	6	9	8	9	278	285
3601	0	128	1	56	250	175
3602	0	72	1	16	250	175
3603	0	71	4	15	250	175
3604	2	485	1	155	175	270
3605	81	258	26	87	194	246
3606	450	27	255	41	246	199
3607	165	418	131	337	239	258
3649	1	7	0	4	166	257
3654	918	953	156	206	292	320
3655	17	70	41	25	275	208
3656	40	38	19	11	257	245
3657	330	1188	162	238	310	326
3670	150	72	50	20	332	252
3671	70	79	25	35	266	272
3672	89	82	39	33	381	280
3673	80	86	441	68	230	277
3674	81	480	446	725	230	277
3675	701	2	1439	16	277	220
3676	272	93	742	306	277	211
3677	5	4	2	0	217	264
3679	0	12	2	26	251	216
3680	0	29	2	45	251	306
3681	946	3367	3025	5170	238	322
3682	22	112	5	12	226	294
3683	6	1	0	2	335	283
3685	1	106	64	84	201	223
3686	24	123	64	58	223	226
3688	85	86	23	52	233	267
3691	72	6	35	3	414	194
3695	2	2	33	2	276	230
3696	14	185	1	47	298	1099
3697	150	23	81	19	1004	285
3700	8	0	1	2	272	366
3701	135	0	59	2	236	194
3703	2	193	2	130	195	209
3704	298	1001	75	179	246	319
3705	2	9	0	4	182	254
3706	0	79	56	34	347	253
3707	19	14	12	3	464	272
3710	11	1166	0	3826	222	324
3711	1253	1195	1096	3833	222	348
3712	1253	1366	1096	3899	222	324
3713	772	7599	1027	3814	348	309
3714	4207	7599	3374	3814	324	309
3715	1234	7046	3086	2375	309	244
3716	4520	5722	2394	2773	244	254
3717	313	435	78	65	222	258
3718	24	435	0	65	196	258
3724	34	35	49	33	270	253
3725	51	68	26	36	253	316
3726	39	38	14	11	212	233
3729	922	693	235	155	251	265
3730	49	17	5	0	242	200
3759	20	17	3	3	317	326
3761	2	4	3	0	290	225
3762	2	4	3	3	290	225
3766	4	31	19	13	237	191
3767	9	16	25	19	391	284
3769	253	56	133	66	567	283
3770	305	56	163	66	659	283
3771	2037	1891	1205	817	298	243
3772	27	189	4	48	245	260
3773	204	137	61	57	260	238
3774	45	72	0	6	378	365
3777	326	69	70	18	293	198
3778	1980	201	499	58	1279	253
3779	1	4	15	182	344	388
3781	9	2	2	7	364	330
3782	9	0	2	4	364	329
3784	2728	6008	148	382	233	288
3785	3446	7906	197	504	239	362
3786	7	3	0	1	247	222
3794	9	33	10	22	283	299
3797	130	107	22	15	286	291
3798	185	38	65	65	257	293
3799	185	35	151	80	306	219
3800	60	45	62	78	219	293
3801	3	58	1	8	231	247
3802	4	1	2	0	256	330
3804	5	2	3	3	186	199
3811	259	641	70	121	213	309
3812	586	634	146	172	309	290
3813	11	3	7	7	292	395
3815	2	8	0	1	193	555
3818	97	152	14	54	246	329
3820	100	87	48	25	419	297
3821	4	91	2	46	297	419
3822	48	3616	36	1162	232	1495
3823	7	171	7	51	187	378
3824	17	16	24	4	245	173
3825	44	55	31	19	212	227
3826	652	583	433	394	323	291
3827	625	236	65	23	271	180
3833	5	9	2	2	248	319
3834	3	9	2	2	221	319
3835	15	3	4	0	221	176
3858	42	74	12	20	221	209
3859	66	102	13	18	209	292
3862	1360	4582	43	133	248	392
3863	4415	2558	103	68	392	314
3865	65	23	41	47	237	236
3867	14	72	13	53	270	235
3868	47	119	39	22	235	221
3869	43	79	21	23	221	239
3872	6	5	1	0	317	266
3873	6	0	1	2	317	266
3877	68	63	118	141	235	239
3881	220	210	46	54	219	247
3885	0	11	196	396	266	289
3888	913	342	492	104	515	290
3889	913	429	492	122	515	302
3890	890	775	482	167	515	296
3891	9	2	9	24	323	233
3901	10	5	18	47	236	329
3902	66	63	315	124	287	225
3903	80	75	210	209	225	226
3904	0	49	2	13	244	220
3905	204	0	249	89	264	205
3906	77	9	81	242	194	300
3907	77	1	80	90	194	205
3912	472	1313	4	5	225	353
3913	25	93	11	45	215	313
3915	4	13	4	13	225	257
3916	2144	1858	776	982	248	256
3917	2	2	0	4	234	280
3922	0	8	18	56	227	337
3923	2087	590	88	10	1095	348
3924	4	17	4	5	239	208
3932	55	56	17	21	260	290
3933	441	1833	348	494	228	245
3934	4	0	2	3	259	233
3937	1	3	0	14	238	225
3938	1	3	19	12	238	225
3939	0	11	3	40	229	238
3940	1	0	3	2	229	244
3941	1	0	3	4	229	331
3942	36	0	18	24	246	320
3944	2	12	73	49	246	246
3945	21	18	1	2	203	244
3950	80	133	13	24	203	278
3955	28	4	21	48	232	228
3957	0	2	2	12	253	180
3958	100	16	0	1	302	235
3962	34	69	23	27	266	272
3963	50	194	19	97	411	610
3964	482	372	138	78	250	290
3965	484	46	150	13	353	250
3966	483	361	150	86	353	250
3967	183	656	55	181	207	341
3969	103	150	30	52	241	294
3970	101	34	28	8	241	294
3971	101	156	28	46	241	223
3972	34	156	8	46	294	223
3973	6	78	2	22	223	202
3974	62	73	17	19	223	202
3975	105	223	39	73	202	257
3976	2	248	0	39	181	395
3978	71	56	20	12	244	229
3979	31559	18172	2075	1285	335	255
3980	31559	17500	2075	1208	335	326
3981	44	307	80	91	291	278
3982	437	246	64	41	326	254
3983	166	512	39	70	254	302
3984	296	180	84	18	382	235
3985	296	275	84	39	382	279
3986	224	288	33	42	279	289
3987	412	57	67	82	230	290
3988	726	650	100	92	292	265
3989	1297	1453	85	103	310	376
3990	463	1496	46	41	238	298
3991	774	1496	26	41	247	298
3992	774	463	26	46	247	238
3993	1221	1036	55	93	247	238
3994	119	35	152	38	372	233
3995	69	35	40	38	316	233
3996	127	165	258	286	443	345
3997	158	159	5	2	243	277
3999	63	138	0	6	249	321
4000	30	249	1	2	270	277
4001	142	14	95	12	380	172
4002	7911	4685	4319	5286	410	425
4005	37	0	51	46	241	244
4012	8975	2621	232	62	269	537
4013	8975	10677	232	513	269	290
4014	7356	11068	161	282	364	269
4015	20162	11068	629	282	375	269
4016	11	144	0	4	228	311
4018	4	5057	1	1078	210	3187
4021	37	24	3	10	210	243
4022	0	1	8	7	236	270
4023	20	6	21	24	344	332
4024	21	0	16	9	284	344
4025	14	10	21	27	324	383
4026	16	19	14	10	201	206
4051	29	6	6	14	272	352
4054	31	2	6	0	272	419
4060	2	0	0	1	346	252
4074	0	4	4	1	187	404
4075	1	0	0	3	187	346
4076	1	0	0	3	187	346
4078	1	0	5	4	187	346
4080	1	0	1	3	187	346
4081	15	0	13	3	330	346
4082	15	0	13	3	299	346
4083	0	2	4	1	187	346
4084	0	2	1	0	187	346
4085	15	2	12	0	299	346
4088	15	1	13	1	330	187
4089	15	1	13	1	299	187
4090	15	0	12	1	299	187
4091	15	0	13	1	299	187
4093	15	0	12	1	330	187
4099	44	214	4	23	410	2144
4102	15	1165	4	427	248	344
4103	6	79	0	11	164	224
4104	53	161	18	37	230	386
4111	2	77	4	49	172	250
4112	16	4	21	21	256	215
4113	325	261	203	68	343	343
4114	81	90	23	21	219	247
4122	241	72	114	46	278	224
4126	9	9	0	4	219	273
4128	1	4	0	1	249	401
4129	7	4	0	1	563	401
4130	4	7	2	3	355	356
4133	135	158	40	45	313	400
4134	135	30	40	13	313	250
4135	158	30	45	13	400	250
4136	272	302	48	56	247	237
4137	1408	61	2	0	266	227
4139	8	6	28	12	401	278
4142	143	501	78	185	260	271
4143	0	89	2	126	247	310
4145	592	670	20070	6615	1008	2157
4147	1	35	1	3	208	242
4148	12	9	1	0	268	264
4150	59	9	4	0	315	264
4151	25	9	3	0	273	264
4152	47	14	3	0	315	285
4153	2	12	0	1	290	268
4154	59	12	4	1	315	268
4155	25	12	3	1	273	268
4156	59	2	4	0	315	290
4157	25	2	3	0	273	290
4158	25	59	3	4	273	315
4159	16	46	1	3	273	315
4164	141	236	42	50	233	251
4165	100	158	17	55	255	233
4166	27	90	18	8	222	227
4167	0	97	25	18	230	222
4168	135	42	81	39	300	221
4175	21	59	4	5	188	245
4176	13	40	50	74	276	337
4178	41	33	85	139	172	197
4179	143	31	176	136	370	197
4180	77	23	121	79	179	172
4181	46	82	122	135	203	370
4182	44	28	126	72	203	179
4183	55	29	65	71	203	179
4184	2	133	11	63	223	254
4185	30	8	20	41	224	236
4186	455	16880	4340	8873	299	310
4187	57	85	23	52	218	251
4188	0	10	19	35	291	324
4190	8	59	0	5	224	312
4192	13	119	0	3	224	383
4193	13	93	0	3	224	312
4194	8	85	0	5	224	383
4195	2	119	0	3	238	383
4196	2	93	0	3	238	312
4197	119	46	3	4	383	414
4198	76	50	3	5	383	345
4199	76	47	3	6	383	359
4200	121	46	3	2	383	414
4201	93	46	3	4	312	414
4202	65	11	3	1	312	268
4203	56	19	2	0	312	268
4204	70	39	3	2	312	268
4205	40	66	3	3	414	345
4206	2	61	0	3	202	345
4207	2	58	0	4	202	359
4208	2	27	0	1	202	313
4209	2	61	0	3	199	345
4210	2	58	0	4	199	359
4211	2	27	0	1	199	313
4215	3	1	7	20	356	339
4216	0	1	10	0	161	267
4218	8	76	26	28	260	307
4221	2	1	3	0	203	227
4224	559	263	89	51	353	256
4226	239	9	183	14	227	284
4229	1	19	2	8	271	252
4230	1	13	0	9	197	271
4231	228	452	73	102	274	238
4232	32	448	4	100	274	238
4233	69	450	52	100	244	238
4234	49	450	15	100	274	238
4235	3914	450	1444	100	1408	238
4236	27	7	14	4	216	171
4237	6	0	58	74	226	226
4238	18	44	18	53	221	246
4239	122	93	44	71	319	323
4240	32	32	29	42	230	248
4241	17	0	13	6	188	223
4244	2	3	0	2	280	262
4246	959	12	193	104	251	233
4248	12	189	0	73	274	222
4249	171	92	63	41	275	226
4250	1	92	0	41	206	226
4251	254	244	493	492	256	227
4255	0	2	84	96	254	244
4256	0	10	84	89	254	255
4257	0	10	84	84	254	258
4261	44	49	14	17	326	301
4264	52	77	12	27	284	305
4265	74	39	48	27	272	304
4266	134	241	162	303	217	257
4268	20	126	25	59	253	289
4269	429	667	115	196	243	294
4270	103	182	66	73	321	263
4271	25	0	80	3	360	202
4272	3	7	3	2	212	188
4273	5	2	3	4	246	325
4278	382	465	294	810	205	384
4279	373	121	293	414	205	384
4280	429	852	372	440	319	338
4283	0	2	12	16	344	253
4285	40	157	45	94	310	336
4291	0	4	16	54	324	402
4298	8382	19334	1133	1011	285	288
4302	25	38	4	54	258	266
4303	92	98	78	60	248	251
4304	7	25	44	121	269	293
4305	0	4	19	10	353	272
4306	0	1	33	7	272	226
4307	12	0	24	1	263	257
4308	181	80	409	254	271	245
4309	84	142	1674	2874	377	274
4310	0	92	750	932	189	241
4311	116	346	69	163	286	358
4312	98	593	119	834	176	311
4313	751	544	367	240	290	239
4316	3	8	181	83	313	287
4317	17	6	8	10	300	222
4318	948	455	331	212	284	233
4319	0	44	1	21	265	420
4321	177	15	76	5	250	194
4322	65	1106	50	384	198	271
4326	2	188	12	37	249	272
4327	19	1	4	0	342	371
4328	22	1	8	0	273	371
4332	12	70	13	41	253	208
4333	805	821	1000	608	299	251
4334	258	820	142	607	299	251
4335	64	1058	58	756	201	299
4343	1314	269	194	123	285	235
4344	292	450	52	130	235	248
4348	231	347	67	76	236	234
4349	247	347	68	76	241	234
4351	64	29	9	8	229	239
4352	25	0	29	5	398	239
4353	66	0	54	5	1740	239
4354	43	3	30	24	254	398
4355	52	3	42	41	299	398
4357	0	8	4	57	564	240
4360	2	9	61	18	281	250
4365	0	13	1	38	156	291
4376	3	2	2	0	287	348
4380	121	155	33	41	309	281
4381	1400	452	177	63	338	200
4382	20	71	17	60	227	305
4384	102	136	20	30	244	260
4389	27	0	15	8	1448	326
4390	17	12	50	16	232	239
4392	5	0	63	66	260	210
4396	2	2	3	3	313	218
4397	72	157	62	144	199	242
4399	1	0	4	1	186	172
4402	357	4	99	4	289	177
4403	1	19	1	7	195	278
4405	4	22	0	10	249	278
4406	4	22	1	10	254	278
4409	53	65	7	40	295	213
4410	45	8	8	4	247	240
4411	96	8	16	4	295	240
4412	29	8	12	4	286	240
4413	29	45	12	8	286	247
4414	29	96	12	16	286	295
4415	201	481	97	155	278	341
4416	180	346	52	85	365	326
4417	357	346	150	85	341	326
4421	14	0	3	1	283	384
4424	4	0	3	4	356	339
4427	14	0	3	3	283	232
4429	4	0	3	4	356	232
4430	14	0	3	5	283	329
4431	14	0	3	5	283	223
4432	4	0	3	2	356	223
4434	97989	339575	1144	27120	282	282
4435	1025784	339575	26828	27120	282	282
4436	1972396	339575	49845	27120	361	282
4437	1972387	462224	49845	20753	361	247
4438	83813	699408	1248	29670	282	279
4439	977148	698681	23849	29652	282	279
4440	240080	1592001	18791	50056	247	364
4441	72445	823663	1153	25190	279	282
4442	564179	823667	29371	25190	279	282
4443	1342314	654569	34713	20915	288	373
4444	1342314	473297	34713	23416	288	282
4445	654569	473297	20915	23416	373	282
4452	0	20	12	22	221	221
4453	0	20	2	18	221	221
4455	102	126	12	29	270	282
4456	30605	26345	5995	9262	238	337
4457	64	472	116	96	240	230
4458	64	492	116	105	240	236
4459	2	7	5	2	533	267
4460	29	47	15	15	213	244
4461	4	11	30	48	436	251
4463	29	1279	331	304	336	272
4464	838	205	294	270	319	319
4465	2	0	24	15	262	224
4466	0	2	25	43	224	296
4467	106	4	77	5	236	318
4468	14	287	0	2	323	535
4469	14	287	0	2	323	535
4472	7	29	17	22	249	288
4474	3119	7781	476	2756	182	319
4475	11953	859	2082	1199	319	254
4476	1390	10720	1809	1894	278	266
4477	219	133	63	32	332	243
4478	38	141	79	147	236	308
4480	170	177	45	66	272	272
4481	9	96	2	85	185	244
4484	4	2	5	11	250	259
4490	2	0	9	2	324	227
4491	132	441	121	234	224	283
4492	9	15	4	2	236	242
4493	704	1	380	0	283	194
4496	381	137	201	51	246	310
4498	42	88	7	23	200	282
4503	26	3	78	19	198	228
4504	8	147	18	327	198	254
4505	8	3	49	30	222	228
4506	8	32	49	50	222	285
4507	8	11	49	22	222	300
4508	3	32	30	50	228	285
4509	3	11	30	22	228	300
4511	310	106	134	150	223	251
4512	160	110	95	111	220	223
4513	3	109	1	111	220	223
4514	28	263	23	153	197	220
4515	16	227	61	81	215	197
4516	119	107	44	27	300	233
4519	177	1180	34	141	303	260
4520	236	1793	38	259	303	343
4521	9	0	3	1	295	180
4523	129	1	47	0	234	218
4524	199	130	76	26	339	266
4527	3	0	0	2	207	196
4528	3	2	0	2	207	324
4529	0	2	2	2	196	324
4530	33	30	18	8	256	230
4531	26	42	8	18	230	238
4532	43	76	88	68	342	278
4537	11	138	5	66	228	350
4538	27	21	15	0	321	183
4539	7	199	4	60	268	252
4540	0	30	4	18	226	268
4545	426	334	144	107	230	247
4546	282	9	197	9	327	230
4547	105	494	144	202	321	327
4554	4	5	2	1	229	287
4556	2981	1700	472	347	297	249
4557	2170	4	339	0	249	222
4559	2	56	0	15	229	155
4561	112	110	19	20	274	240
4562	181	183	45	31	284	281
4563	124	113	27	26	281	248
4564	38	44	21	14	290	221
4565	57	109	23	40	257	305
4566	85	79	18	26	305	250
4567	7	79	4	26	274	250
4568	82	117	31	41	250	291
4569	182	88	27	30	287	275
4570	61	6	6	0	270	247
4572	2958	475	593	134	916	358
4573	3	3	2	0	205	269
4578	142	263	33	45	235	310
4579	85	95	21	42	235	285
4580	408	1305	440	390	339	306
4584	5	0	2	2	271	230
4586	0	11	1	4	320	384
4588	40	479	6	80	252	406
4589	578	477	275	215	269	215
4592	1	695	74	1610	240	748
4593	139	107	56	41	299	253
4609	0	1	2	3	271	450
4610	3	2	4	1	278	262
4611	3	4	4	3	278	351
4616	0	2	2	2	463	351
4631	90	159	17	40	227	237
4632	0	2	448	358	221	249
4637	2	3	16	1	280	277
4647	7	147	0	80	203	255
4650	13	41	14	43	310	325
4651	159	281	37	42	236	240
4652	5515	1369	240	174	331	284
4653	157	3	72	6	217	228
4654	155	78	89	57	242	217
4655	163	177	124	113	252	242
4656	76	156	74	127	244	256
4657	172	234	81	161	230	273
4658	51	275	54	95	215	230
4666	0	2	4	9	263	290
4667	34	26	7	7	215	219
4668	17	219	4	86	239	663
4669	2	8	0	9	300	273
4670	9	0	6	6	267	273
4672	58	35	34	35	339	363
4673	5	3	34	5	473	298
4674	7	7	3	4	319	279
4675	7	0	3	1	319	388
4676	7	0	4	1	279	388
4677	1	4	50	48	329	374
4678	5	2	26	3	225	225
4680	18	1	4	0	302	245
4682	7	32	2	10	272	201
4683	6	1	3	0	272	366
4684	6	1	3	0	272	233
4685	10	2	7	0	237	294
4686	10	2	7	0	237	289
4687	16	55	8	27	182	316
4690	2	4	2	2	260	263
4691	0	6	3	10	225	238
4694	64	1717	11	1662	346	481
4695	79	101	4	961	346	481
4696	18	100	1	959	346	481
4697	607	12413	1689	1992	481	408
4698	606	8578	1687	1177	481	313
4699	6138	8517	1525	1176	408	313
4702	170	181	79	65	282	276
4703	91	57	34	24	219	182
4704	146	22	45	69	259	440
4707	2	0	49	28	260	239
4708	78	358	12	39	362	479
4709	9	4	66	113	269	345
4710	23	163	29	149	177	257
4711	2409	3734	1270	3656	211	278
4713	573	269	292	347	308	384
4714	1186	406	495	230	412	308
4715	108	25	1680	1672	308	302
4716	1	0	1575	959	302	257
4717	2077	3283	768	1236	267	323
4718	2543	1715	1215	633	323	223
4729	3166	6884	113	238	251	353
4730	15081	6157	458	191	412	274
4732	37	2	13	0	282	322
4733	37	4	13	0	282	387
4734	143	5	15	3	313	218
4735	4	0	8	49	240	240
4736	661	134	397	588	242	290
4748	0	1	1	2	289	323
4751	58	81	32	46	317	330
4752	731	1283	258	410	301	248
4753	288	1282	84	406	296	248
4755	57	10	167	15	254	340
4756	57	159	167	222	254	232
4758	15	30	1	0	297	294
4761	12	19	3	4	240	226
4763	7	2027	19	5709	171	274
4765	980	1230	1788	2452	249	274
4767	1227	2891	2449	3147	238	255
4771	2	18	37	55	608	428
4772	89	51	12	14	236	223
4773	89	102	36	31	275	298
4774	373	1100	66	157	221	296
4775	0	2	8	11	196	299
4776	2	3	8	5	216	196
4777	2	3	7	9	182	196
4778	2	2	7	10	182	216
4780	11	86	36	114	257	290
4781	3	9	7	2	206	194
4787	1	0	22	6	337	278
4788	22	16	49	54	236	275
4789	43	38	70	87	321	329
4790	20	46	79	77	235	321
4791	9	6	9	6	302	164
4792	13	6	10	6	332	164
4793	121	38	56	18	263	326
4794	0	164	2056	8197	259	218
4795	95	4	10726	6880	218	338
4796	95	29	10748	21123	218	338
4797	402	142	27566	8793	338	206
4798	384	453	20407	21630	281	306
4799	570	1176	153	383	263	362
4800	570	443	153	140	263	399
4801	0	7	26	76	298	378
4802	0	6	15	11	301	256
4803	1	7	13	18	296	261
4804	0	2	42	0	364	237
4805	12	2	73	0	338	237
4806	12	2	43	0	396	237
4807	2	12	24	43	248	338
4808	3	10	5	30	253	302
4812	0	4	28	715	257	251
4814	418	512	63	39	258	257
4825	969	1050	254	106	377	315
4826	1974	1371	199	206	299	377
4827	33	2	15	0	236	272
4828	539	225	98	55	360	259
4829	122	528	66	122	333	360
4830	2636	3395	450	733	215	338
4831	2636	1377	450	467	215	272
4832	8521	5083	1213	1184	338	317
4833	269	5083	16	1184	272	317
4836	7	11	2	2	268	531
4838	289	5273	1455	2354	221	280
4839	24478	967	2761	3076	303	281
4840	16696	969	3012	3077	271	281
4841	24476	128	2765	5470	303	362
4842	16698	127	3011	5471	271	362
4844	28	45	7	9	229	242
4845	27	32	5	14	242	267
4846	405	183	72	28	295	239
4847	50	297	10	38	330	297
4848	705	297	134	38	592	297
4855	40	90	89	182	233	318
4859	199	215	151	212	263	349
4860	256	357	245	296	349	353
4861	0	4	3	4	271	233
4862	5	0	16	1	390	271
4864	107	1430	34	249	227	727
4865	244	158	116	71	342	315
4866	457	185	161	60	293	212
4867	35	32	30	20	249	228
4874	0	1	1	2	203	294
4877	54	5	43	13	271	281
4881	229	205	330	476	276	383
4892	0	43	4	44	265	205
4893	0	43	2	44	247	205
4895	4	25	48	58	286	264
4899	4	241	7	142	212	207
4901	4	23	0	2	439	306
4903	1034	693	84	72	392	297
4904	35	237	202	127	225	212
4905	429	8	463	5	225	225
4906	2	27	3	3	241	229
4907	2	24	1	7	207	252
4911	32	37	34	7	275	226
4912	43	0	0	1	295	343
4913	168	3	7	0	278	206
4914	472	377	119	144	392	347
4915	0	1	445	673	283	328
4916	1	9	258	523	242	283
4918	143	103	48	43	315	300
4921	2	0	8	8	264	303
4923	8	0	6	7	220	254
4925	3284	1975	2162	1669	287	281
4929	1	0	3	3	281	374
4931	1	0	13	24	230	251
4933	2	10	0	14	203	223
4934	11	117	5	226	474	309
4935	5	9	21	16	222	188
4936	12	52	19	18	257	229
4941	174	150	33	39	327	309
4942	52	236	19	47	216	326
4943	32547	28592	1027	948	289	278
4944	27108	33618	1496	1026	357	289
4945	12538	33623	477	1027	357	289
4946	32675	39716	1364	1434	362	357
4947	45003	47686	1581	1329	362	323
4948	64290	48979	1938	1525	397	362
4950	31	2	64	50	371	260
4951	51	68	10	18	264	293
4953	38	86	28	35	238	276
4954	58	18	3	1	257	323
4955	2	0	7	20	375	312
4956	0	58	6	18	197	241
4958	0	4	5	26	184	422
4959	2	0	20	2	422	196
4960	6	4	0	1	236	360
4963	0	26	9	22	406	337
4964	0	26	2	22	277	337
4965	273	288	278	339	312	296
4967	5	20	3	23	203	263
4968	73	533	17	93	300	336
4969	23	224	8	63	287	279
4970	57	107	42	14	235	236
4971	36	12	29	2	235	236
4972	119	36	30	18	295	255
4973	633	286	204	87	314	263
4975	230	70	238	1412	177	337
4976	398	70	711	1412	244	337
4977	297	222	10	26	228	289
4978	49	6	21	2	202	273
4979	0	2	1	1	220	217
4981	124	156	126	73	289	247
4982	20	156	4	72	289	247
4983	132	140	113	98	289	255
4984	132	159	113	109	289	289
4985	124	159	154	109	270	289
4986	124	12	153	9	270	289
4987	126	11	152	15	270	289
4988	188	9	82	16	276	289
4989	124	115	151	128	270	289
4991	5	24	3	10	553	1469
4995	196	125	45	36	221	241
4996	5	0	10	2	247	321
4997	1	0	5	2	260	321
4998	4	0	5	2	240	321
4999	0	195	2	64	221	321
5000	13	195	11	64	280	321
5001	6	259	8	70	280	271
5002	413	769	81	117	225	252
5004	15	88	10	21	183	215
5005	0	4	2	1	281	269
5008	80	93	28	23	236	245
5009	294	498	25	60	203	228
5010	1360	233	111	42	320	185
5011	341	883	29	130	185	264
5016	5	0	5	2	222	272
5018	2	0	3	1	222	272
5031	1	3703	188	870	197	267
5032	1369	2339	596	477	267	245
5033	2105	2721	471	609	225	250
5034	2921	2721	643	609	245	250
5036	148	84	33	29	314	282
5038	29	49	44	20	285	237
5039	185	0	131	3	187	210
5041	35	0	20	5	308	332
5042	35	0	20	2	308	267
5043	35	0	20	46	308	235
5044	327	81	216	114	227	269
5045	315	479	59	80	331	406
5046	1	5	2	2	239	354
5052	64	21	50	2	210	157
5053	0	2	189	117	406	228
5056	226	22	107	9	269	261
5057	34	85	11	20	242	402
5058	54	61	24	30	402	377
5063	17	26	49	40	319	259
5064	26	10	132	72	282	235
5065	169	0	88	68	296	268
5069	1536	3224	6085	4614	317	1616
5070	1536	96	6085	99	317	266
5071	15	3	16	18	272	259
5073	3	55	5	53	244	403
5074	3	31	5	31	244	301
5076	583	238	117	67	298	218
5077	103	238	14	67	294	218
5078	4	331	32	73	303	251
5081	271	355	646	319	419	321
5082	191	274	233	209	314	232
5083	173	536	168	333	232	319
5084	146	94	14	25	220	230
5085	22	9	0	7	221	218
5091	642	246	55	20	305	229
5092	8	670	9	106	210	297
5093	499	379	111	73	297	233
5094	32	22	174	107	294	271
5095	5	27	178	161	361	274
5098	19	7	18	0	353	201
5099	0	14	2	0	243	285
5100	16	1	4	3	182	197
5103	41	12	37	14	323	236
5104	42	12	87	14	326	236
5105	85	534	62	122	211	268
5108	272	99	227	49	413	230
5112	2	0	1	9	233	331
5113	2	0	1	2	233	223
5116	19	9	10	7	292	338
5117	24	9	22	13	292	338
5118	22	7	22	0	338	185
5119	28	215	13	56	184	250
5120	25	56	12	23	184	185
5121	182	58	30	25	250	185
5125	30	36	17	8	250	185
5126	8	22	4	5	185	201
5127	36	22	11	5	185	201
5128	2	0	1	1	209	389
5130	63	130	82	35	283	314
5131	292	7	63	0	1304	204
5132	8	61	5	4	251	225
5135	35	19	2	3	258	290
5142	23	244	4	8	199	485
5143	58	103	13	19	233	236
5144	29	1	15	6	280	242
5145	1	3	2	6	251	242
5146	2678	2508	570	380	388	314
5147	1751	1744	288	627	280	388
5148	369	1715	264	245	284	280
5149	124	1838	39	291	293	284
5150	189	1846	63	292	293	284
5151	524	1920	203	297	293	284
5152	350	113	297	7	293	292
5153	415	119	321	7	293	292
5154	72	119	0	7	242	292
5155	750	120	461	11	293	292
5156	18	120	1	11	197	292
5157	72	415	0	321	242	293
5158	18	750	1	461	197	293
5159	75	189	0	67	242	293
5160	19	524	0	207	197	293
5161	171	54	34	5	197	242
5162	0	3	3	7	261	304
5163	387	172	50	17	211	236
5164	98	105	45	35	216	232
5165	493	261	113	107	299	311
5166	59	188	9	62	306	314
5167	2	5	15	9	347	260
5172	174	218	122	139	268	311
5173	63	18	73	12	236	268
5174	64	128	80	119	236	268
5175	51	184	14	126	233	322
5176	0	472	4	321	323	288
5177	32	509	0	33	249	203
5178	762	711	63	90	220	220
5179	38	31	8	8	248	236
5180	14	63	2	8	177	248
5181	58	31	14	3	258	177
5182	99	0	25	2	258	417
5184	35	6	21	5	311	243
5185	28	241	13	96	253	282
5186	533	4	1418	1	152	167
5188	15	20	14	18	223	233
5189	272	211	98	42	377	261
5195	87	180	32	29	212	232
5197	167	66	54	12	305	218
5201	6	3	1	0	215	251
5202	36	0	15	1	233	251
5204	2	0	2	3	224	278
5205	0	11	10	13	866	311
5206	0	13	10	64	866	518
5207	64	62	110	104	277	258
5208	2	11	3	0	214	274
5209	6	0	39	35	347	336
5211	264	228	179	191	254	293
5239	6	1	3	0	268	330
5240	0	10	27	58	315	361
5241	2	25	58	75	361	344
5242	0	24	4	22	290	238
5243	8	65	4	7	193	199
5244	109	2451	31	561	278	1505
5245	11	0	12	5	264	325
5246	17	348	3	79	295	309
5247	167	4	27	0	280	284
5248	77	4	15	0	295	284
5250	2	760	87	361	208	297
5252	74	132	12	22	366	229
5255	78	162	106	53	278	278
5256	117	399	26	133	253	395
5259	2214	4347	336	919	250	356
5260	960	2078	282	396	287	249
5261	224	288	6235	3513	272	278
5267	12	0	269	12	294	294
5269	511	993	217	267	196	208
5270	1196	873	459	273	219	196
5272	192	481	90	428	301	677
5273	190	133	85	178	301	378
5275	105	357	24	98	206	320
5279	7329	3021	9988	4428	318	234
5280	21	20	0	3	299	289
5281	11	84	3	5	236	268
5286	5	2	2	0	209	255
5289	168	140	84	41	293	280
5290	170	25	82	4	293	280
5291	117	189	28	75	280	336
5292	7503	4377	1484	946	296	248
5293	4226	12801	805	2360	248	392
5294	12406	6528	2410	1379	392	314
5295	8202	2487	1801	629	334	214
5300	18	84	26	61	234	335
5301	31	36	26	25	335	249
5302	81	65	77	37	335	238
5303	429	0	568	10	2498	308
5306	35	23	6	12	254	296
5307	3	30	0	10	288	282
5308	2	0	264	1	301	289
5309	304	710	50	110	333	657
5310	663	589	58	47	306	288
5311	327	350	32	42	275	290
5312	24	11	5	1	278	188
5315	176	338	68	65	261	258
5317	14	90	6	28	188	218
5319	80	34	55	38	265	232
5320	80	20	55	17	265	198
5321	81	93	57	79	265	336
5322	81	5	57	4	265	232
5323	81	4	57	12	265	184
5324	84	4	75	7	265	232
5325	84	1	75	3	265	198
5326	84	15	75	49	265	251
5327	5	93	4	79	232	336
5328	5	4	4	12	232	184
5329	4	15	7	49	232	251
5330	27	16	27	49	232	251
5331	1	15	3	49	198	251
5332	9	7	2	4	241	241
5334	12	10	7	6	229	253
5335	303	497	99	205	284	333
5336	450	1	460	4	252	247
5337	816	1	691	6	586	271
5338	299	0	169	6	206	187
5339	299	1	169	12	206	271
5340	690	0	680	6	181	187
5341	690	1	680	12	181	271
5342	690	1	680	3	181	247
5343	89	68	29	25	330	285
5345	238	98	63	60	257	227
5346	42	80	73	85	301	272
5348	17	167	0	76	212	174
5349	456	348	175	124	239	212
5350	579	466	248	153	248	239
5351	202	364	69	160	219	210
5353	3782	3321	4248	4406	322	290
5354	1829	3321	1229	4406	345	290
5355	10	125	12	39	213	277
5356	11	15	7	9	304	271
5357	298	146	191	159	251	257
5358	64	16	55	9	514	284
5359	16	0	9	1	352	269
5360	4	247	4	69	352	225
5361	16	0	10	1	348	265
5362	4	289	4	109	348	232
5363	149	987	36	156	206	290
5364	928	775	184	155	290	293
5365	54	104	27	45	233	256
5366	56	1	34	0	260	319
5367	664	597	236	265	269	236
5368	286	795	116	308	203	269
5369	13	43	24	16	336	373
5370	13	69	24	7	336	207
5371	13	37	24	3	336	310
5372	43	37	16	3	373	310
5373	69	37	7	3	207	310
5374	122	85	54	37	332	229
5377	2	2	2	0	280	241
5379	206	320	37	59	288	360
5388	2	0	74	243	227	341
5389	14	209	49	160	266	380
5391	81	145	23	13	309	319
5393	89	137	31	37	305	289
5394	8	19	0	4	325	264
5395	0	2	3	11	215	240
5397	52	130	19	29	222	239
5398	52	49	19	13	222	235
5399	257	173	53	21	343	250
5400	102	247	63	114	215	252
5402	1389	2	188	0	216	180
5405	20	914	5	1789	274	271
5406	89	914	41	1789	378	271
5411	114	77	19	13	285	206
5412	47	125	46	103	221	334
5413	16	1	15	3	209	228
5414	9	190	7	187	209	334
5417	113	53	23	7	317	202
5418	218	21	60	9	758	244
5419	0	23	20	6	319	236
5420	8	2	20	19	294	305
5421	9	149	4	43	343	216
5422	0	4	1	0	279	224
5423	1	4	7	0	282	224
5424	0	2	1	0	282	224
5426	8	21	20	18	275	312
5430	9	16	39	31	331	295
5432	4	46	8	18	223	225
5433	44	24	14	23	225	247
5434	43	4	14	3	225	247
5435	60	39	24	11	247	239
5436	65	57	19	32	233	3094
5437	65	80	18	16	233	288
5438	65	2	18	0	233	238
5445	290	130	197	86	439	262
5446	6	174	21	75	280	321
5447	6	44	23	2	280	321
5448	1	33	2	84	265	365
5449	1	45	2	146	265	354
5450	18	174	30	75	365	321
5451	26	1561	4977	5323	296	335
5452	96	33	111	85	248	250
5453	88	5	105	16	248	250
5455	787	22	26081	22038	272	266
5456	64	874	19334	21894	239	253
5457	0	6	309	133	361	251
5458	21	62	10	18	224	255
5459	407	228	84	64	255	255
5460	9	5	4	0	284	227
5463	2	0	9	2	495	242
5464	3	95	5	28	220	191
5468	1	33	0	22	218	280
5469	20	52	26	19	350	276
5470	1141	1568	448	804	254	293
5473	35	135	23	30	174	215
5474	9	7	16	4	325	316
5475	331	377	199	199	223	230
5476	84	47	82	66	336	250
5477	369	253	1	1	226	218
5478	180	113	2	1	226	218
5479	1146	756	1304	1274	223	208
5480	3217	1229	4131	2104	365	269
5481	21	2382	1852	3189	269	276
5482	16	2382	33	3189	265	276
5485	17	29	15	10	206	221
5486	135	317	49	110	223	293
5488	6	1	28	1	293	287
5489	235	43	88	36	320	207
5490	54	63	27	15	214	216
5492	49	50	37	45	257	226
5498	35	146	15	47	187	328
5499	54	204	17	71	431	179
5501	47	93	31	39	303	263
5502	112	70	6	4	257	199
5503	56	62	8	5	239	257
5504	47	33	22	8	359	239
